30 	
34	61
0	94	1	380	2	
0	25	7	804	9	
0	57	5	2258	6	
1	34	1	388	7	
0	99	8	924	1	
1	17	9	1388	1	
0	79	1	2697	3	
1	25	3	2050	8	
1	98	8	1561	3	
0	57	2	1337	9	
1	52	5	2734	2	
1	78	6	50	6	
0	34	6	437	9	
0	13	6	1755	8	
0	62	3	2453	5	
1	49	6	1368	5	
0	66	9	1834	6	
1	58	2	1995	4	
1	55	6	1760	8	
0	8	9	2284	8	
0	83	3	2254	5	
0	90	7	376	1	
0	3	5	963	4	
0	15	8	123	6	
1	52	4	2023	4	
1	22	8	250	4	
1	8	9	1883	1	
1	10	6	1011	4	
1	37	9	1604	1	
0	35	1	296	9	
65 24 185 34 7 151 1 37 128 179 120 132 95 142 76 13 21 180 171 43 117 174 95 13 95 182 41 80 134 12
8 11 158 121 21 23 180 158 187 93 64 104 97 162 98 24 173 108 72 41 175 158 17 11 20 56 37 135 185 146
2 142 113 121 178 24 199 199 2 74 147 145 178 18 68 84 91 172 149 20 180 35 135 127 57 42 42 78 16 192
171 147 99 42 9 48 41 199 102 126 109 134 140 161 79 131 182 127 69 51 47 76 54 113 50 148 78 39 195 173
73 32 64 5 34 54 119 38 139 49 12 74 5 170 135 97 70 56 117 139 50 64 7 41 154 116 141 42 60 97
179 88 99 169 128 161 192 118 43 91 77 17 169 183 191 27 37 138 12 167 198 62 78 3 5 196 144 44 55 25
110 34 158 25 80 76 58 51 182 81 53 46 41 118 20 146 20 24 64 59 190 49 116 167 150 47 104 168 197 123
155 164 131 172 155 42 113 114 7 144 67 159 100 78 148 186 148 87 193 69 27 46 37 31 194 52 88 115 32 150
141 179 192 199 68 152 114 199 13 148 17 96 101 197 96 48 38 93 79 155 3 27 68 130 34 81 195 148 3 105
70 41 188 59 26 43 129 101 52 115 183 138 14 72 122 93 132 9 185 31 76 159 176 99 16 49 186 153 77 150
170 176 16 110 39 58 95 13 24 72 4 78 11 163 158 4 165 47 155 88 5 15 35 96 119 8 19 199 128 32
171 123 4 84 106 102 47 108 111 163 108 1 153 127 80 34 18 125 80 63 89 102 86 133 170 17 95 51 165 156
64 74 129 123 33 59 155 195 123 8 119 76 23 72 9 9 146 149 159 121 194 170 97 145 131 186 68 5 199 136
188 103 68 87 102 52 42 151 31 34 142 4 55 157 78 59 28 33 153 44 181 35 79 78 102 115 198 37 45 126
132 95 26 193 113 96 178 107 44 75 72 73 139 78 106 140 134 195 182 120 113 126 194 54 48 193 184 129 68 72
200 197 87 103 172 57 19 156 93 137 167 47 48 89 161 181 109 93 125 119 129 198 93 67 79 150 176 103 90 23
176 198 35 180 50 66 156 76 46 65 176 183 151 195 200 40 119 146 151 167 118 101 178 54 171 164 3 77 37 168
157 95 33 7 93 13 192 132 37 87 153 13 76 125 139 192 110 200 116 28 72 6 107 89 41 102 176 185 28 15
145 59 64 121 155 139 86 44 167 151 71 107 78 14 102 166 196 143 196 86 182 186 148 30 45 57 142 90 101 114
6 82 122 188 35 164 188 93 74 43 194 165 19 130 27 9 188 188 172 114 87 159 25 79 153 59 118 5 179 71
78 65 64 184 152 50 93 60 144 117 45 180 173 80 29 130 17 21 107 93 65 70 136 138 160 147 57 50 126 151
57 14 110 161 147 95 43 132 103 181 93 121 41 25 87 87 160 182 150 62 98 186 121 110 53 184 87 25 102 174
175 198 8 7 185 75 132 57 42 56 196 199 114 170 139 179 65 170 37 181 182 51 154 117 52 91 72 47 35 146
57 42 124 29 7 127 159 199 54 78 88 51 98 118 29 19 2 22 152 35 176 199 42 140 118 198 144 49 177 68
102 115 69 55 138 27 1 200 171 83 77 129 127 86 192 136 55 8 75 177 71 29 198 181 103 157 72 35 22 77
150 102 163 114 198 48 88 142 96 17 193 19 151 38 35 176 56 145 63 115 159 57 112 55 178 193 6 60 61 63
7 181 44 140 35 151 136 144 89 172 50 152 16 22 106 155 40 160 131 56 36 96 195 144 36 137 98 144 33 183
33 5 101 31 65 20 119 194 93 153 90 171 53 41 71 23 51 12 27 29 142 182 154 15 76 149 21 45 12 49
126 95 191 173 176 174 64 13 67 87 95 162 97 33 105 10 30 79 194 101 198 66 13 118 162 71 146 128 102 138
105 100 49 118 176 42 134 197 178 164 149 135 161 84 177 160 17 196 20 32 16 128 45 10 170 114 50 38 90 85
37 190 138 160 193 95 119 122 168 70 76 140 186 64 188 11 17 24 144 58 102 59 134 135 5 192 6 9 197 112
