100 	
16	84
1	36	3	5283	7	
0	19	2	5969	8	
1	77	8	7621	5	
1	94	6	3806	5	
1	59	5	2689	1	
1	68	1	4203	4	
1	17	5	3183	4	
1	46	8	4870	4	
0	4	8	441	4	
0	57	9	2009	4	
0	72	9	1595	5	
1	84	8	561	5	
0	63	3	2700	2	
1	71	4	200	9	
0	99	8	5433	8	
1	47	8	7255	1	
0	84	4	6381	6	
0	51	4	4099	1	
0	1	6	4126	6	
1	13	6	1519	8	
0	14	9	1897	9	
0	70	4	3914	1	
1	59	9	6546	8	
1	57	2	5351	9	
0	8	7	1589	1	
1	49	4	1717	4	
1	5	8	2126	5	
1	77	8	4675	9	
1	64	2	4689	6	
0	93	4	2935	7	
1	72	5	1034	5	
0	60	8	868	8	
0	81	9	1564	4	
1	52	8	5649	4	
0	21	6	3622	6	
1	69	5	7683	5	
1	13	8	7352	8	
0	6	8	4460	1	
1	51	2	1935	6	
0	20	2	6855	2	
1	8	8	1743	7	
1	61	1	3180	6	
0	10	6	4333	9	
1	9	6	3658	7	
0	22	5	4357	2	
1	77	9	5113	8	
0	11	1	4171	3	
1	82	2	1275	7	
1	85	3	696	3	
0	81	7	6135	7	
0	61	9	5750	9	
0	6	5	6447	2	
1	5	1	3470	1	
0	12	2	5336	5	
0	21	4	1153	6	
1	10	1	4457	1	
0	94	1	7230	3	
0	55	5	808	2	
1	92	8	5312	4	
1	77	1	6653	9	
1	10	4	7290	5	
1	91	6	2714	7	
1	53	6	716	4	
1	59	5	391	1	
0	76	8	4283	7	
1	33	7	4090	6	
0	38	1	1311	9	
1	78	4	4889	8	
0	93	9	2029	3	
1	65	7	1202	7	
0	2	9	5640	1	
1	92	5	5004	2	
0	96	9	6540	3	
1	77	4	6176	9	
1	20	5	2969	5	
0	93	6	1167	2	
1	72	2	6927	3	
0	81	6	2880	4	
0	8	7	2951	2	
0	22	7	1510	1	
0	94	2	1812	9	
0	20	8	2230	7	
0	4	7	1218	7	
1	46	1	7373	9	
0	75	9	1885	4	
0	53	6	2263	9	
1	63	4	917	6	
0	4	2	5165	9	
1	24	7	7082	5	
1	35	8	4809	4	
0	58	4	5968	2	
0	60	3	469	4	
1	69	5	375	1	
0	57	8	7616	1	
0	98	6	5381	9	
1	61	8	5061	4	
0	76	8	2767	7	
0	68	6	2874	7	
0	77	1	223	8	
1	53	1	1207	4	
5 162 28 3 10 111 5 197 11 20 18 194 108 78 81 49 147 27 128 178 194 49 14 9 7 18 71 173 62 128 68 61 99 10 184 183 109 65 44 7 71 149 111 187 198 62 76 181 85 117 169 133 92 130 61 116 20 36 115 193 174 196 96 148 170 136 88 193 12 158 172 134 119 169 93 24 69 198 130 22 14 195 159 89 94 197 135 184 154 175 77 109 60 154 95 31 160 98 120 53
93 31 20 58 153 88 103 67 165 50 182 151 137 78 146 122 56 3 147 56 115 120 43 116 129 77 144 166 113 14 177 21 145 172 177 47 189 56 4 199 63 116 5 153 138 50 158 19 63 186 119 21 17 37 127 133 70 125 97 134 129 14 65 37 133 88 24 8 35 109 76 166 138 25 77 101 150 71 60 116 62 26 63 17 61 41 156 122 150 117 3 182 81 114 121 83 193 123 104 159
122 85 106 67 79 36 176 187 93 98 103 83 160 176 102 63 57 89 110 130 142 109 200 163 180 160 62 54 55 117 7 92 36 139 73 58 91 77 150 175 73 134 102 141 106 22 163 24 164 125 20 162 6 103 62 143 80 112 43 160 55 131 76 157 18 28 9 21 120 16 104 175 91 111 63 107 166 18 44 79 52 138 66 27 199 9 110 149 12 63 138 187 83 133 17 88 182 28 26 54
110 24 8 45 27 25 20 65 44 169 153 27 121 13 18 101 12 60 167 108 103 104 135 139 10 114 101 20 30 43 174 121 135 92 184 52 158 46 92 18 20 52 57 42 121 185 25 60 73 171 132 109 118 173 132 193 32 109 115 112 36 150 194 38 89 157 115 140 151 58 121 96 159 34 62 96 52 107 47 126 199 150 60 177 52 101 84 192 138 106 150 74 111 92 166 118 168 182 194 78
24 99 4 4 178 20 177 144 4 14 181 59 85 160 37 150 120 181 101 113 13 20 171 46 56 191 45 132 190 49 49 133 196 95 108 170 167 99 110 106 44 169 133 115 127 117 151 132 113 69 104 4 9 105 172 52 1 21 76 7 86 130 138 182 110 196 29 3 66 133 83 6 176 167 133 53 169 89 77 48 8 128 140 36 8 156 143 192 179 149 114 16 157 142 13 119 9 142 196 165
78 25 42 61 8 171 55 124 108 2 106 101 1 162 50 36 79 34 196 157 181 165 71 186 47 140 121 192 61 183 137 127 157 63 190 191 81 50 30 123 146 157 124 54 133 166 186 171 6 163 130 168 176 89 196 171 78 72 167 35 74 168 23 132 44 49 143 78 149 67 94 113 80 40 31 1 199 80 35 158 117 9 183 143 73 80 18 74 194 80 189 57 196 165 199 177 20 136 3 151
58 114 162 183 13 111 24 129 56 33 7 17 67 4 64 1 117 51 28 171 140 76 15 17 16 73 167 139 53 39 97 33 17 159 146 51 82 52 128 185 92 141 155 2 186 184 22 121 125 8 168 91 96 59 167 64 142 3 172 138 173 183 123 101 82 32 12 181 25 167 8 161 125 39 165 18 126 176 105 139 21 28 81 104 145 178 71 139 76 192 85 108 87 24 6 85 199 32 60 151
87 40 87 56 106 152 185 122 97 86 39 166 86 159 127 85 153 30 83 55 124 26 198 97 56 193 84 69 25 168 78 5 82 77 129 133 32 81 32 132 37 149 88 108 89 147 18 94 177 177 183 46 47 20 81 121 87 36 144 9 160 58 150 124 188 149 129 81 123 199 37 47 19 200 129 19 174 65 176 39 54 4 124 158 68 71 120 97 7 110 97 35 182 94 195 143 63 46 141 92
5 2 52 31 154 192 89 63 61 154 64 51 17 31 10 73 52 74 44 198 132 18 192 49 57 66 82 199 167 131 53 87 182 13 182 61 200 125 172 103 121 121 44 181 57 150 122 94 195 162 161 12 117 35 78 1 132 94 30 97 192 13 180 31 76 191 91 106 88 83 86 188 144 73 47 71 141 177 131 141 86 54 171 35 93 160 109 80 11 178 177 91 25 141 67 126 194 25 146 160
195 76 117 31 72 98 132 104 124 74 93 140 174 65 74 28 118 121 150 94 1 197 62 167 159 76 13 59 95 71 11 85 89 92 119 128 4 195 194 103 109 51 69 80 192 36 70 170 57 92 18 136 114 102 30 73 118 155 82 179 168 63 102 83 21 120 64 176 27 60 115 191 94 18 39 49 146 178 60 37 35 89 124 108 168 7 156 64 25 174 87 71 118 185 146 114 131 100 28 50
8 38 35 97 32 186 134 95 150 92 186 99 39 115 17 200 45 111 7 122 113 46 96 92 18 106 160 60 9 146 120 15 163 23 80 54 117 93 76 163 61 61 155 176 59 109 181 125 29 139 171 157 54 96 174 158 155 146 97 198 74 1 190 67 59 10 83 145 198 132 194 155 161 12 187 28 146 142 170 149 66 23 17 96 111 88 92 17 79 56 10 38 113 176 53 121 29 154 64 23
141 59 174 18 67 181 62 185 80 187 73 32 145 93 68 49 31 49 117 23 171 16 11 188 200 74 145 105 165 171 6 148 189 86 158 43 165 71 184 104 152 25 173 37 43 132 157 138 9 4 102 156 71 155 68 116 149 171 42 1 64 45 108 173 190 159 20 139 92 178 188 144 133 108 39 131 113 16 43 59 1 39 41 115 90 16 73 84 144 188 21 183 200 23 30 29 5 51 23 54
7 120 107 109 30 96 57 129 38 152 42 187 155 141 29 181 30 57 135 191 91 179 92 170 51 54 72 59 146 78 55 53 119 54 130 72 27 8 113 135 91 160 198 35 157 200 38 111 153 134 195 63 154 3 114 91 134 149 89 123 152 156 48 34 92 32 79 43 50 16 30 66 81 66 58 93 144 151 90 21 61 72 31 9 75 104 183 118 197 58 19 44 124 4 147 161 104 47 157 109
28 27 167 75 116 126 38 24 178 83 92 125 24 40 150 139 129 136 26 147 114 78 123 114 151 173 62 67 14 69 40 103 152 133 180 126 112 187 44 61 129 135 3 36 57 116 125 93 47 182 175 106 134 64 76 87 189 81 105 149 169 43 95 81 15 106 193 20 75 5 73 168 181 69 18 185 128 68 9 45 166 32 47 92 78 41 9 101 58 57 69 29 178 200 131 67 90 34 8 183
179 35 110 165 2 164 6 33 156 27 163 3 96 30 129 54 87 14 94 18 2 114 15 163 53 149 112 62 27 43 81 55 131 144 118 62 11 135 138 35 32 25 148 180 69 132 11 89 40 77 133 183 13 186 14 89 12 181 19 120 58 52 125 74 197 65 189 145 46 143 19 142 123 116 130 92 6 5 93 23 14 51 140 81 101 79 143 168 111 65 34 124 161 13 39 121 16 44 184 89
3 107 80 70 165 81 30 161 138 97 29 151 82 160 132 148 149 187 33 55 45 167 78 156 82 130 97 153 7 98 81 186 173 123 112 57 177 185 140 89 72 90 14 10 56 47 21 128 1 173 119 134 103 56 75 104 185 18 73 10 44 121 134 134 2 196 28 53 172 6 3 29 47 39 45 128 18 38 14 144 177 139 84 41 63 39 15 64 20 84 19 23 99 64 194 148 5 34 197 180
61 149 160 18 26 57 40 150 77 61 159 79 128 164 48 36 160 100 95 91 76 198 195 139 79 38 85 88 56 24 2 52 18 133 38 28 170 9 110 182 43 169 34 185 65 171 71 172 9 61 84 117 36 97 118 67 86 171 141 55 135 156 130 161 178 63 117 110 69 196 173 62 150 102 155 26 53 192 174 143 135 14 54 71 197 43 79 52 15 168 33 127 79 144 62 155 135 166 91 131
120 57 65 58 121 1 103 55 62 13 110 91 139 200 141 191 6 143 105 45 181 1 93 55 12 4 145 82 22 192 186 119 164 29 93 14 1 41 34 149 61 61 6 178 146 63 133 191 200 96 48 175 34 7 112 170 41 138 61 168 83 147 57 146 55 96 98 162 119 137 49 12 186 166 136 104 154 142 110 135 190 49 49 159 165 31 32 43 134 121 15 191 192 167 90 71 167 100 169 134
169 4 84 13 2 40 124 76 57 92 25 100 25 10 50 114 191 95 170 70 28 71 197 59 167 12 168 173 154 143 159 61 44 40 32 140 26 170 200 146 72 115 87 37 53 23 3 175 185 6 95 55 186 94 180 141 86 188 41 32 6 48 186 176 4 188 112 107 185 85 114 76 92 53 91 132 71 158 10 103 2 60 98 56 60 133 26 100 155 52 87 187 61 182 135 68 48 140 92 149
113 111 198 122 150 175 192 112 172 142 29 114 24 1 175 172 108 161 168 191 98 194 31 30 125 28 33 43 184 124 47 142 163 70 95 57 167 126 82 59 38 72 160 41 99 84 39 60 121 113 48 55 163 90 160 114 176 101 151 65 118 117 166 122 177 51 108 149 174 25 10 55 16 196 91 114 69 128 107 80 193 89 66 25 75 49 14 98 21 152 166 43 69 117 30 65 45 139 108 53
55 25 137 174 69 61 6 76 163 108 110 156 1 63 85 31 20 92 65 110 100 146 168 137 76 16 119 82 129 161 11 69 49 33 160 172 154 48 172 26 141 128 20 146 185 9 92 141 72 90 142 178 94 30 125 187 29 137 166 73 102 6 89 171 86 41 171 27 42 143 53 125 23 8 191 41 54 44 131 173 126 182 36 123 104 194 155 95 29 139 200 141 87 149 147 123 12 118 135 85
117 160 77 123 100 157 95 5 13 51 155 159 153 164 35 41 62 81 125 26 89 198 81 54 133 184 149 195 7 23 184 20 119 34 71 168 19 198 79 167 178 124 36 124 117 183 178 1 40 68 42 45 118 196 60 157 107 101 178 161 57 157 94 92 92 11 35 35 178 195 9 30 186 139 78 180 169 140 140 78 127 89 85 143 196 91 105 16 46 161 174 132 78 145 36 143 120 190 184 114
64 135 135 121 131 183 105 74 100 142 49 143 174 24 105 120 37 160 115 155 125 143 65 35 65 101 198 74 71 94 137 158 29 23 69 82 18 75 186 140 66 69 200 21 157 159 87 120 169 28 197 152 3 167 38 31 172 144 25 189 6 121 45 110 56 195 76 21 44 133 114 157 190 53 128 124 54 14 131 7 197 62 182 159 29 173 125 1 184 168 180 13 195 41 35 72 70 145 143 53
110 112 181 39 25 9 81 128 181 125 56 128 51 54 84 198 190 16 95 64 39 65 31 68 144 39 186 104 6 175 26 44 16 133 25 31 43 190 118 74 35 198 118 124 46 140 177 140 178 14 30 192 197 151 109 87 119 58 142 19 121 114 109 179 5 176 176 22 155 194 150 98 174 72 47 127 164 171 9 183 28 40 70 154 170 131 98 90 143 118 83 151 185 195 171 86 175 120 61 5
85 199 50 149 139 160 57 8 28 131 31 128 74 137 122 103 51 151 72 59 41 101 101 183 163 45 132 42 14 117 93 132 200 83 193 142 65 102 156 103 42 22 82 167 49 150 19 165 90 18 137 86 133 1 145 150 6 64 152 27 1 104 63 55 106 14 61 151 116 120 6 97 85 85 20 132 124 20 102 97 38 72 44 15 173 16 134 179 56 63 196 186 176 99 198 47 27 52 117 136
75 161 118 166 151 69 190 154 197 34 67 149 48 71 175 96 88 29 133 157 117 132 113 191 9 181 87 114 131 188 14 166 121 106 144 127 109 11 93 87 146 180 92 19 114 167 69 37 35 123 18 139 47 118 135 132 194 8 131 23 127 37 194 91 37 9 6 60 155 23 197 120 186 130 57 3 62 105 122 191 175 69 101 131 163 140 17 97 11 105 187 41 153 191 31 73 151 90 135 82
152 151 5 135 140 171 104 36 158 18 84 155 110 30 163 75 37 193 101 70 88 5 154 157 182 183 48 3 109 200 94 140 87 183 63 174 120 9 179 106 107 103 39 6 51 65 198 59 46 66 151 188 161 4 28 51 73 199 86 96 52 68 103 198 172 176 121 96 65 71 68 24 71 51 113 156 106 39 129 112 139 173 5 129 157 103 105 137 38 19 137 70 172 172 74 35 192 34 72 137
57 33 19 172 173 108 147 37 102 70 116 14 63 36 70 90 42 42 44 68 146 32 18 120 186 146 41 183 47 156 102 48 31 123 73 77 72 53 123 44 44 44 198 40 112 1 155 183 40 44 166 139 149 183 125 162 145 66 6 66 177 108 131 198 148 1 37 102 97 148 69 139 2 197 50 68 171 194 37 154 117 22 73 26 116 49 71 115 89 37 77 140 81 185 64 104 24 158 127 3
82 2 174 137 189 176 37 146 37 60 172 173 125 2 72 26 48 118 64 110 28 97 114 40 46 163 119 54 11 58 18 72 67 158 127 63 64 191 129 198 56 139 26 121 166 15 101 167 98 84 115 83 173 200 59 197 124 81 1 172 68 128 199 126 94 107 78 102 64 1 158 187 40 187 33 87 66 177 44 75 42 145 53 70 140 156 127 1 19 101 192 141 118 71 26 129 70 48 73 107
106 175 179 76 88 9 92 170 79 166 18 108 105 94 104 44 49 162 50 55 95 178 113 54 57 82 6 189 147 160 129 167 152 182 56 69 125 82 187 7 26 107 164 150 90 173 94 53 169 12 144 131 44 148 162 53 78 147 119 38 139 185 108 106 77 200 45 200 157 121 18 163 42 39 199 62 61 18 73 115 147 115 159 195 82 145 191 23 61 102 160 73 30 16 114 106 151 113 30 75
121 46 154 111 29 183 141 145 116 156 32 149 179 164 196 173 139 50 14 144 126 10 196 182 23 198 164 94 111 14 142 90 92 101 158 122 105 140 185 59 113 25 26 130 198 119 70 169 83 66 145 153 43 23 130 19 153 196 105 105 124 111 63 128 85 53 44 143 75 38 58 103 94 190 59 77 154 58 134 177 152 79 128 1 162 16 76 88 149 72 194 161 100 198 157 164 127 55 72 133
200 122 106 118 141 68 169 113 112 197 95 47 135 140 113 120 67 43 110 145 176 55 109 28 35 133 191 61 129 52 190 103 24 198 1 122 182 126 169 139 83 169 122 13 65 120 197 139 113 105 84 198 142 99 122 106 43 164 144 97 179 38 67 185 191 83 130 199 93 84 79 61 46 15 124 72 63 66 78 66 180 12 125 21 154 137 147 141 1 49 158 151 130 107 152 69 159 118 155 48
130 129 150 150 16 164 168 68 199 30 148 115 98 28 166 24 51 83 21 177 140 80 199 8 179 71 67 17 126 146 1 6 38 110 46 118 180 188 52 128 48 117 137 8 23 130 45 94 60 20 152 60 175 119 187 183 40 183 5 48 59 162 79 70 64 137 29 49 171 8 196 90 92 163 88 91 40 89 27 63 35 30 30 85 165 66 1 61 169 143 99 70 148 171 47 185 32 51 191 55
23 186 36 52 14 123 46 29 11 65 100 92 20 135 192 131 16 35 99 50 137 124 5 112 15 154 111 66 70 151 117 191 183 93 153 3 191 72 126 89 93 49 53 117 70 57 149 94 73 140 200 185 200 6 109 179 23 87 173 84 127 131 141 32 41 17 49 133 46 56 181 137 88 147 159 17 186 74 41 15 173 7 163 3 185 56 165 135 193 134 71 148 117 198 5 84 144 64 64 50
41 164 89 114 190 119 71 84 170 190 187 48 190 56 118 158 105 180 46 154 190 35 10 174 195 82 77 158 29 148 107 120 9 37 137 54 49 89 87 27 99 87 144 160 111 26 96 155 25 45 134 145 178 77 197 95 8 160 178 1 120 49 50 47 197 8 29 91 38 82 58 33 139 72 98 189 116 191 110 161 23 24 46 54 4 73 195 67 109 77 82 93 38 177 121 186 155 46 59 25
186 37 140 11 59 133 12 110 173 185 15 30 197 191 140 4 88 95 88 114 93 78 135 159 136 129 135 196 62 28 158 157 145 54 82 41 135 59 58 73 119 101 178 107 172 108 126 192 111 70 47 41 40 45 127 35 28 196 82 167 175 179 184 128 50 141 136 68 88 116 166 71 132 99 67 76 188 99 2 76 42 141 31 186 22 14 174 53 3 187 4 35 167 145 77 25 188 182 131 180
26 67 101 47 185 27 89 19 107 8 94 69 93 193 98 61 70 153 79 66 145 153 31 90 182 72 111 156 20 64 8 150 132 73 117 168 157 93 61 80 141 140 189 132 33 110 27 152 63 148 123 61 176 55 31 14 88 35 138 99 102 36 200 152 165 115 88 182 31 128 33 20 34 181 156 109 29 54 140 27 159 132 186 93 67 86 104 28 48 32 170 97 127 108 98 140 31 18 139 42
106 47 103 101 29 93 169 38 39 119 158 138 37 163 68 153 114 79 113 67 81 182 49 75 34 137 117 89 9 53 12 140 16 195 164 41 47 143 21 87 163 70 186 20 112 47 196 55 51 150 71 149 184 1 178 6 125 97 159 93 166 27 172 157 195 81 76 174 146 9 143 1 126 42 142 13 138 191 145 174 108 34 22 140 159 60 57 115 136 149 52 127 87 129 184 162 169 84 69 69
27 159 30 127 90 150 12 111 122 11 13 129 58 2 101 66 103 101 99 170 134 18 104 142 131 167 1 88 128 162 164 75 177 120 42 12 61 176 200 1 112 57 30 152 175 126 23 63 29 117 195 130 65 174 83 190 99 33 91 100 177 165 5 2 90 134 171 62 185 139 148 170 118 157 32 168 168 18 54 15 14 12 5 113 95 129 137 192 116 84 65 106 48 24 166 194 112 107 169 86
151 104 153 159 28 58 151 198 110 21 117 149 195 107 5 7 21 159 33 124 170 112 157 32 116 19 150 156 140 152 189 174 10 35 127 133 115 61 173 168 129 4 64 59 47 73 158 156 69 82 69 97 37 143 196 76 65 12 168 190 23 193 136 193 153 79 72 78 16 48 187 122 85 161 56 35 106 172 123 184 20 15 63 133 99 106 154 99 17 155 165 191 177 28 10 16 41 187 144 176
83 101 54 128 65 133 30 198 106 194 7 196 10 179 12 163 12 146 120 54 89 154 198 200 172 180 112 144 83 127 151 196 187 141 58 107 29 198 51 34 128 151 84 39 189 16 120 99 195 14 122 48 96 167 7 199 31 112 103 99 171 131 87 112 39 38 134 23 180 32 91 162 138 122 114 55 30 86 52 185 90 122 192 11 121 142 68 109 186 76 180 40 53 62 164 78 122 3 141 92
86 14 154 111 158 158 160 113 198 131 29 43 104 79 73 59 30 182 200 180 52 18 103 109 48 58 163 192 86 73 92 58 130 189 1 162 97 5 146 96 178 11 125 44 119 110 180 46 165 25 108 59 33 199 134 54 161 189 62 124 119 184 11 68 64 124 163 7 7 153 59 56 85 86 158 7 71 8 187 141 6 196 190 11 145 104 124 153 83 176 170 75 67 39 141 30 59 92 190 152
156 79 29 138 170 68 122 177 192 27 187 188 159 64 103 190 84 157 5 84 18 128 193 78 85 148 169 59 6 152 48 154 181 193 63 169 20 165 57 161 155 65 147 197 16 68 15 167 22 12 16 79 134 76 176 133 110 111 143 98 48 75 116 99 126 189 147 91 90 35 199 183 49 194 98 59 66 193 196 42 110 131 192 145 11 181 161 174 15 130 176 23 16 63 38 24 101 161 87 125
25 56 5 99 58 91 133 150 187 178 169 38 138 106 183 120 99 111 118 159 9 34 98 59 146 19 7 146 53 163 154 38 80 124 62 116 57 114 53 69 58 13 178 199 110 92 182 54 119 6 106 14 85 154 168 65 73 119 129 124 53 97 108 118 107 68 85 18 69 131 23 5 8 130 57 168 158 93 172 105 126 94 99 127 9 116 143 47 72 88 10 107 76 103 112 112 55 79 193 101
115 119 173 87 18 52 29 28 194 5 19 199 87 6 26 47 148 82 114 120 93 123 67 167 2 93 93 135 134 59 116 182 15 16 186 35 142 195 104 47 55 192 126 92 71 144 154 114 55 155 197 174 109 129 67 24 125 196 26 164 103 17 40 183 102 126 113 190 138 158 159 85 142 17 190 114 197 67 14 5 36 168 147 171 183 166 160 175 91 50 106 79 24 144 27 16 174 39 74 99
135 35 132 181 74 26 64 81 24 155 21 39 162 50 24 142 194 57 18 109 48 126 187 119 139 164 37 107 143 36 24 41 78 133 77 156 57 36 44 38 20 99 7 81 107 128 23 146 15 84 40 45 84 35 105 71 51 27 14 2 160 151 152 15 29 163 55 132 185 1 148 38 75 27 166 132 78 6 116 105 116 84 44 177 13 133 151 91 103 160 63 62 126 58 198 163 158 58 50 117
96 156 132 189 200 120 83 195 146 120 186 131 29 124 25 181 178 104 75 11 90 19 153 195 115 150 165 17 196 97 2 42 146 183 1 87 147 20 150 68 172 131 55 71 74 132 16 122 151 48 7 188 167 69 44 65 133 8 184 152 161 169 50 68 132 123 153 19 162 197 87 11 86 26 72 123 167 32 83 77 145 127 54 23 94 2 42 129 184 94 125 193 12 94 182 136 162 85 131 28
143 56 175 72 74 46 41 4 23 135 43 169 163 57 83 40 15 57 64 31 194 58 71 170 139 3 168 20 6 115 69 171 172 126 125 145 36 124 70 37 195 19 41 100 119 1 92 68 195 151 114 127 27 158 119 121 128 45 25 164 31 70 82 125 62 5 186 118 45 44 8 158 46 163 48 41 25 175 19 158 73 136 114 131 102 159 92 101 196 122 9 109 194 36 3 192 67 96 79 62
76 108 169 35 25 55 126 148 4 156 132 171 50 168 137 156 31 24 166 197 116 168 48 133 48 146 194 83 17 180 76 131 125 94 69 19 144 169 125 126 90 55 41 184 23 158 92 106 54 54 93 110 51 152 189 50 65 131 139 125 2 13 67 39 184 168 182 158 39 26 73 84 127 99 195 112 93 41 47 23 58 27 160 193 75 147 16 93 80 181 178 11 116 35 74 190 139 130 69 72
120 138 43 11 11 72 134 72 124 126 49 105 178 90 189 41 145 66 15 89 172 149 14 197 125 102 148 128 195 40 189 194 20 135 144 46 140 87 198 156 72 83 169 152 39 23 60 84 134 177 60 27 191 159 181 187 197 73 192 180 10 20 145 107 56 92 87 166 65 52 96 157 147 135 136 153 113 7 134 119 8 165 72 15 87 200 160 84 44 99 109 60 10 70 60 180 50 4 174 77
188 115 65 106 150 32 76 61 126 42 114 153 175 118 83 13 163 131 174 60 86 109 118 66 105 92 88 96 74 69 162 31 147 41 80 91 79 115 173 69 176 43 103 165 1 77 15 196 119 98 70 67 150 196 127 67 85 121 101 66 160 174 18 129 47 146 81 29 151 54 101 68 21 156 12 52 22 138 193 51 149 29 18 167 84 113 129 86 153 190 40 32 18 89 161 41 133 23 16 112
180 157 93 121 11 107 87 81 182 33 9 170 174 88 14 22 138 39 112 19 117 32 139 174 9 98 172 129 121 135 141 11 180 144 120 135 128 83 42 71 189 39 183 173 9 71 132 15 135 51 114 167 95 179 1 74 113 144 18 67 28 189 134 140 41 144 57 117 21 73 63 99 183 178 192 118 168 64 132 90 121 17 4 185 36 135 63 170 11 138 100 66 194 107 170 73 199 71 133 34
18 165 153 149 64 190 86 168 29 9 194 175 194 43 17 2 174 103 188 20 134 49 127 19 184 153 127 152 106 160 16 97 26 159 22 123 42 182 189 35 50 131 146 69 8 104 133 13 65 136 46 184 135 5 72 81 166 89 140 110 47 160 54 100 150 16 168 114 187 64 39 77 2 6 152 77 77 106 152 43 147 80 59 59 30 25 115 20 40 18 133 143 188 155 153 122 129 111 117 27
155 153 52 81 66 125 68 165 91 196 97 172 139 200 4 151 86 140 90 155 53 142 150 29 37 144 88 9 31 68 96 143 153 136 178 48 89 10 79 69 35 63 70 49 99 93 26 169 172 188 76 109 104 172 67 64 147 22 120 9 119 52 13 134 8 145 65 76 122 101 145 101 119 190 15 165 182 55 23 188 76 10 184 159 145 133 183 151 13 131 129 27 172 41 50 137 126 64 166 38
188 188 175 167 35 148 62 128 90 61 64 86 160 16 134 97 72 129 21 125 164 149 1 116 4 177 141 188 73 170 32 104 97 114 156 191 134 34 190 94 88 177 115 190 135 54 158 164 197 166 177 166 40 116 129 60 100 136 6 118 107 132 130 13 10 75 90 196 58 56 19 171 153 93 163 98 160 137 20 101 31 156 158 167 3 189 57 144 185 19 108 164 180 37 19 162 170 167 160 85
110 30 23 117 163 144 7 175 13 71 89 178 156 43 2 61 51 181 6 7 94 40 190 63 186 7 179 117 169 35 25 52 187 154 148 116 86 96 76 81 102 151 146 120 197 1 40 36 181 72 134 114 4 26 144 51 33 2 26 133 64 88 54 73 58 12 54 53 126 63 194 23 189 50 129 182 190 125 117 183 79 173 157 50 95 151 29 32 137 17 120 14 91 175 117 82 75 60 88 150
192 95 136 139 61 112 169 100 163 86 88 91 103 94 125 191 98 70 60 177 136 34 50 101 140 183 53 79 126 114 93 91 160 63 136 182 62 173 139 174 161 7 67 29 136 178 34 31 190 75 105 82 83 90 142 159 4 132 68 141 194 69 127 43 25 78 185 8 70 196 32 116 198 102 158 83 149 139 55 143 191 74 138 32 28 71 130 149 91 27 162 200 82 196 60 56 128 189 119 90
63 66 190 99 31 132 133 90 123 139 33 95 24 177 67 53 41 177 154 110 12 68 36 150 47 56 12 109 52 95 116 56 183 191 46 160 25 104 118 96 48 144 159 9 20 129 19 17 123 90 135 71 180 33 152 182 132 187 175 35 41 82 9 110 104 179 54 55 46 181 133 195 27 108 145 195 188 101 86 158 133 55 127 45 117 137 54 1 15 115 168 71 196 67 178 80 99 183 8 179
198 155 25 169 101 177 72 67 159 108 64 81 106 18 26 127 194 87 61 169 120 119 140 68 44 39 186 147 189 125 36 42 13 102 46 93 97 15 101 21 135 13 100 142 170 147 61 147 17 23 147 184 96 164 86 40 185 70 31 18 91 148 128 87 120 163 149 56 81 168 159 42 119 127 51 91 65 13 22 45 112 117 98 188 54 43 110 101 55 138 89 199 97 166 179 102 166 60 185 138
85 194 104 68 5 116 115 37 93 191 153 147 10 50 48 43 67 91 50 22 46 162 108 27 136 4 13 110 84 114 22 141 197 55 161 61 182 27 127 188 164 190 67 60 11 52 181 189 23 176 108 111 164 184 3 50 94 191 39 97 105 44 135 8 107 27 120 53 81 120 63 180 70 24 96 125 21 108 162 140 182 98 163 38 83 52 180 73 42 178 97 34 192 15 59 185 18 130 84 153
186 70 136 96 6 161 83 184 60 120 194 68 196 85 123 179 147 87 109 126 98 34 22 123 190 38 135 154 11 28 124 87 15 16 107 2 191 58 47 7 16 91 34 53 38 177 86 185 1 187 130 9 115 148 64 30 196 151 126 94 94 155 27 106 199 21 177 187 4 167 58 85 106 63 127 98 65 120 132 172 156 195 139 142 110 151 39 190 33 113 184 100 172 84 49 151 197 188 53 86
47 146 31 74 39 100 128 31 189 58 86 69 183 71 152 7 143 152 82 57 39 200 86 34 125 124 25 39 155 6 199 179 136 42 199 170 38 197 178 30 80 55 58 190 132 101 22 136 91 66 113 137 126 196 185 74 130 178 59 168 189 108 99 119 59 92 200 96 37 145 8 179 110 16 3 157 67 156 58 14 77 153 19 195 80 135 63 33 192 66 37 88 38 126 75 151 29 114 7 199
9 97 183 90 97 46 72 138 83 52 67 85 123 126 149 70 78 39 25 124 151 131 195 184 184 167 15 132 91 176 22 99 191 57 69 110 138 166 99 154 8 157 95 157 11 67 7 50 92 31 14 96 46 116 57 13 178 108 153 22 198 168 119 178 157 72 177 159 20 83 2 129 17 99 146 176 143 94 142 181 173 7 80 83 135 134 148 159 97 162 122 20 23 69 183 72 78 127 198 95
106 87 85 51 156 60 178 104 150 27 4 161 98 42 25 145 122 76 158 123 156 28 68 55 107 180 34 49 143 164 137 71 5 81 101 144 112 200 127 160 195 58 93 51 96 134 94 25 126 64 49 173 44 69 117 177 48 175 52 53 170 95 58 42 142 181 4 119 194 157 14 70 90 125 180 156 41 171 76 81 84 137 30 132 167 97 90 85 47 10 69 66 183 125 148 64 15 141 158 38
35 129 169 47 143 194 139 36 56 160 157 62 182 162 198 75 74 184 61 53 78 22 23 27 146 136 70 126 52 152 43 15 182 185 118 72 145 17 37 96 43 53 74 56 49 78 18 158 49 67 136 111 150 26 80 4 199 46 6 140 164 122 94 116 168 44 160 157 178 80 73 113 127 174 64 36 102 164 161 197 109 19 187 194 40 89 96 70 7 69 40 53 143 155 169 182 195 198 97 82
4 179 9 27 144 64 129 87 113 97 38 145 83 68 109 102 82 110 75 68 10 56 78 187 113 161 111 58 34 189 152 43 11 130 191 9 153 8 155 196 105 130 90 196 138 145 159 103 2 165 12 106 83 142 67 99 65 7 182 113 152 167 78 126 14 134 175 138 132 11 4 38 66 39 40 24 24 182 164 190 115 27 1 176 89 122 135 89 100 108 131 173 150 47 29 189 50 146 65 61
104 49 22 163 69 105 90 2 144 26 61 61 85 142 165 133 96 42 7 105 110 102 41 177 78 92 87 129 33 107 175 194 87 102 50 26 21 165 194 173 93 150 102 5 106 81 2 11 27 40 9 64 96 134 130 7 167 159 199 84 169 81 12 170 60 63 56 188 199 53 157 27 123 28 35 49 98 64 104 92 79 14 116 120 12 35 10 13 71 76 47 190 77 103 184 127 153 169 122 175
153 141 4 142 122 56 97 73 128 83 200 114 68 144 91 155 123 130 177 144 13 184 59 84 166 63 81 139 116 100 16 62 167 38 32 182 97 78 14 6 25 89 147 150 134 18 119 129 176 199 118 132 111 39 26 47 174 83 55 135 37 185 178 168 159 75 174 2 18 152 65 130 165 186 129 184 43 17 129 4 3 51 192 138 1 183 150 48 163 28 158 191 34 63 91 180 123 56 162 104
34 29 83 102 194 52 175 57 168 103 12 129 97 70 31 102 182 117 75 95 158 9 77 65 158 162 62 55 166 34 6 145 75 150 196 79 7 85 167 25 187 96 189 60 171 122 77 20 154 68 1 155 43 80 24 58 108 180 48 52 123 158 117 88 168 104 7 7 81 114 116 118 172 94 24 123 62 12 166 127 97 50 26 45 159 66 14 171 115 98 30 138 172 184 193 69 197 196 83 193
74 18 161 78 195 196 60 103 11 84 4 107 156 65 100 63 69 17 27 52 13 67 57 71 156 48 54 164 39 83 4 70 129 172 79 106 123 114 110 90 88 22 49 171 188 52 191 169 109 60 190 56 149 166 23 111 79 121 68 89 141 132 193 86 152 73 165 157 10 174 97 158 83 66 46 45 153 94 165 154 164 119 24 2 43 173 19 31 64 54 160 106 57 66 69 118 140 94 5 131
197 150 50 133 41 181 103 193 102 94 142 187 89 136 116 97 146 186 52 185 87 123 120 97 92 194 195 184 88 172 54 45 53 182 172 11 65 33 60 75 27 121 184 37 121 55 115 63 174 25 165 96 6 177 172 61 171 25 133 185 155 194 199 197 161 100 134 114 187 113 23 22 78 111 38 30 105 187 90 134 158 172 50 11 66 128 137 134 53 99 121 161 6 118 137 198 180 144 81 9
22 10 97 193 8 200 88 132 166 39 40 146 175 74 160 24 23 155 93 187 17 173 119 38 143 4 71 80 26 6 180 171 109 103 133 2 136 15 149 93 125 17 199 79 92 78 10 164 53 142 145 34 112 13 14 22 30 87 168 45 127 16 58 52 31 67 97 31 47 142 72 1 99 48 177 62 19 137 169 197 174 61 115 65 72 53 105 120 131 197 196 65 67 70 191 189 163 15 10 46
56 23 157 165 147 43 116 25 54 101 53 137 191 96 45 144 15 18 171 190 1 159 79 78 21 28 90 172 38 92 156 49 84 183 31 17 85 146 114 35 85 145 194 132 109 182 16 197 119 61 58 92 177 190 174 115 64 6 111 163 70 126 189 20 31 171 130 49 91 174 82 15 51 17 164 20 45 39 8 12 68 103 68 185 14 77 6 138 3 182 74 81 100 79 140 117 29 74 186 172
5 75 142 97 56 5 13 149 21 193 96 180 174 59 190 130 125 55 156 9 69 190 68 42 193 170 186 151 116 74 107 12 36 64 111 133 167 62 132 87 191 154 84 120 25 181 50 36 7 15 187 83 146 30 181 22 88 90 175 86 113 14 139 73 133 23 158 94 188 139 36 114 188 183 90 118 72 107 23 54 5 55 81 115 74 99 177 12 141 81 141 101 87 192 74 45 144 125 127 21
184 171 183 143 93 57 96 1 200 80 164 135 195 52 114 124 74 161 199 100 26 105 17 200 94 135 49 99 128 89 69 104 75 199 64 157 178 181 141 15 36 158 110 144 62 117 4 199 73 163 156 140 58 191 171 103 190 37 109 88 57 6 197 127 45 33 22 168 77 50 68 100 104 93 165 137 10 182 95 68 43 91 178 149 101 145 143 172 98 146 31 25 143 109 163 182 10 78 28 174
95 155 162 194 159 149 186 4 115 38 199 196 8 164 150 170 123 15 104 121 47 40 87 138 165 53 167 184 185 22 51 18 189 3 35 140 153 7 169 120 57 128 103 9 73 69 16 139 200 154 145 149 153 188 12 100 155 76 170 84 199 60 6 17 194 198 91 77 188 46 186 86 180 40 162 156 103 9 163 106 185 86 26 141 106 164 160 53 184 8 6 32 186 162 108 173 110 35 177 155
62 147 100 191 26 73 199 112 15 96 84 193 103 2 5 117 29 12 8 143 53 138 23 108 91 77 21 17 200 189 51 128 197 143 4 13 143 165 93 119 58 1 30 47 67 135 95 84 150 4 187 89 60 174 35 49 91 62 88 188 77 98 161 87 98 54 188 117 140 21 19 67 96 48 141 49 168 195 115 128 161 9 128 169 16 59 168 167 128 30 51 111 187 59 35 172 17 140 167 143
193 115 181 127 126 51 39 60 103 98 6 177 162 47 124 113 21 115 199 34 116 31 5 197 107 11 19 176 57 169 197 155 195 167 58 63 161 26 148 166 24 35 43 178 182 81 123 118 168 177 143 37 55 195 73 57 182 50 183 32 80 117 44 110 19 21 1 54 95 190 91 70 60 195 4 122 22 147 110 133 133 47 77 134 6 89 193 48 177 155 98 99 55 186 14 99 21 133 79 49
177 56 166 177 200 6 120 7 196 192 197 51 122 72 68 150 16 172 187 62 153 184 42 31 116 66 71 48 24 173 70 139 167 127 143 129 3 52 74 134 74 26 138 26 24 191 25 64 29 153 182 189 109 68 112 93 90 179 12 51 163 80 60 24 55 26 186 45 118 91 181 145 163 47 41 57 71 26 59 197 9 34 192 122 186 73 130 141 77 111 61 153 121 63 94 121 7 88 90 12
142 161 93 43 55 57 43 58 69 8 77 84 73 167 155 165 189 40 200 120 40 15 147 25 175 189 8 145 169 4 79 189 154 50 22 140 183 70 51 31 195 143 57 59 15 137 102 79 61 105 47 135 12 15 91 85 112 141 192 123 106 93 130 174 26 140 183 141 38 104 31 177 132 134 14 156 139 186 122 46 148 103 73 41 139 158 195 121 130 161 7 6 33 167 31 152 193 161 173 120
72 59 17 110 17 49 167 17 10 148 200 196 14 108 154 197 19 170 72 54 182 24 54 20 96 130 34 84 157 132 185 134 44 161 65 94 27 83 188 11 50 191 96 29 30 184 8 10 162 118 122 22 126 29 191 162 26 172 130 26 110 23 129 14 168 88 188 42 3 56 34 132 137 85 49 128 156 83 100 73 13 61 102 151 27 145 36 62 54 32 52 189 133 95 1 30 157 47 65 11
170 38 36 147 132 128 46 23 119 48 187 93 121 138 78 176 198 108 185 60 198 106 116 112 197 62 126 54 12 58 45 131 117 149 78 190 106 16 183 188 174 51 106 114 54 67 172 100 66 117 87 111 110 143 128 179 37 158 100 46 29 149 175 122 168 58 66 107 161 38 183 199 29 21 73 115 60 164 94 32 51 24 137 79 99 151 79 110 197 137 104 26 45 179 25 135 18 25 7 141
138 119 25 185 178 166 42 167 32 2 107 22 35 147 79 18 91 57 199 26 159 135 146 166 197 4 159 43 105 88 89 52 73 160 4 61 164 84 56 71 176 90 85 133 98 122 158 110 53 22 186 146 54 75 7 26 9 196 128 122 110 111 161 36 42 170 153 55 59 56 179 138 196 30 144 60 55 40 33 182 54 122 181 66 51 33 124 123 146 58 199 10 13 170 67 144 4 76 13 40
87 12 152 41 9 56 117 74 77 81 168 137 105 190 30 52 21 6 153 4 43 190 149 196 98 171 123 2 182 74 148 194 40 183 156 63 96 29 7 182 12 179 74 32 188 49 64 108 68 103 13 21 84 56 172 45 81 112 185 84 90 185 24 129 116 193 173 54 114 167 49 199 93 24 83 154 101 180 27 28 123 128 24 107 15 110 47 151 61 78 31 94 3 96 81 172 152 63 58 67
89 146 185 197 72 135 139 30 19 33 76 58 138 123 27 33 133 9 80 93 129 70 199 57 64 141 31 4 36 98 56 71 49 106 149 22 194 91 124 158 44 32 26 162 135 195 72 68 39 161 50 107 162 44 111 93 96 191 135 128 124 116 78 123 9 156 200 129 6 161 119 38 189 70 135 112 17 116 97 122 102 8 169 86 23 194 187 119 125 153 176 62 33 59 103 70 5 77 196 76
7 58 95 172 128 122 113 49 167 150 148 31 88 141 64 39 169 171 27 36 101 173 173 59 15 96 171 179 114 47 151 47 193 139 191 175 199 182 131 46 176 150 100 164 36 163 193 2 85 173 23 12 59 22 109 159 104 48 7 162 114 131 97 66 3 36 147 171 81 14 76 57 149 22 158 186 4 131 125 86 65 80 73 197 195 111 104 184 182 22 191 141 136 82 190 113 199 15 77 175
88 66 180 7 161 32 43 18 168 31 99 124 110 172 59 127 33 22 159 49 148 173 104 38 121 91 135 169 112 79 153 184 51 17 11 173 124 90 26 52 176 172 42 197 88 22 93 155 142 73 143 171 26 158 51 189 51 6 73 47 136 18 5 20 161 49 8 150 171 20 83 94 169 168 44 77 15 176 28 47 35 34 111 23 108 118 33 125 70 18 111 116 23 134 104 113 193 86 35 65
87 158 53 15 6 1 81 193 19 29 103 154 95 100 128 102 25 89 133 96 167 4 139 120 167 134 61 150 182 77 34 50 182 118 104 53 80 143 166 131 77 160 131 1 42 136 71 195 189 106 136 57 53 75 42 133 137 82 86 54 83 130 135 12 21 38 187 194 191 42 19 173 136 124 116 142 21 198 60 175 83 62 181 127 32 33 150 36 146 73 123 165 142 61 155 176 195 153 112 70
96 97 50 85 54 80 165 32 27 70 53 137 157 193 81 64 38 101 90 91 116 113 19 7 22 31 145 170 63 18 41 31 177 77 100 68 20 22 148 178 191 87 100 68 125 39 84 192 189 58 51 161 51 152 171 15 40 169 69 79 153 88 132 110 141 11 142 99 38 20 35 144 140 53 91 82 121 39 169 160 143 57 184 100 52 76 187 52 86 117 130 137 26 85 2 71 172 26 24 194
125 164 136 196 150 123 1 24 134 14 136 109 90 171 142 174 197 42 88 100 157 26 85 152 155 190 71 154 8 54 85 100 20 14 78 181 88 109 173 36 91 15 129 78 183 81 62 172 125 37 72 166 15 173 139 72 50 98 173 22 166 190 106 78 54 110 166 147 16 149 137 134 122 19 157 173 118 176 171 103 64 160 87 155 9 45 15 26 189 53 49 121 40 161 99 149 92 170 139 200
150 195 167 122 69 5 43 2 53 199 25 40 85 93 156 23 91 130 72 18 27 82 116 195 125 196 74 62 103 138 88 142 4 47 76 134 122 20 140 137 147 192 132 43 56 90 59 59 1 138 118 11 46 144 21 107 194 13 33 136 128 191 57 59 43 183 58 137 174 66 169 69 56 65 17 191 87 74 183 139 56 54 131 69 44 47 80 96 4 184 73 34 98 184 129 149 81 90 83 177
41 154 136 178 24 116 139 15 150 25 189 82 166 149 122 54 125 6 165 1 136 197 51 52 63 47 121 60 90 158 63 154 111 58 16 153 131 81 120 160 22 28 193 100 21 153 75 67 158 24 148 21 94 148 66 198 156 189 35 85 86 100 179 167 128 57 180 92 127 63 78 110 114 71 64 105 42 160 114 152 132 113 35 173 20 54 88 40 195 134 22 20 45 17 95 55 97 143 97 183
162 169 21 178 103 161 166 71 140 61 162 87 126 139 73 134 37 119 88 167 183 123 166 126 197 160 18 107 46 178 195 85 119 135 127 4 133 185 84 155 168 89 178 14 106 38 28 9 1 36 31 139 166 45 37 172 145 162 186 64 55 138 130 3 197 171 63 103 171 167 175 83 88 84 1 57 134 87 106 167 89 138 165 61 57 161 77 114 8 159 100 103 182 174 9 150 176 18 25 18
165 95 93 174 140 125 149 99 86 66 74 151 115 166 76 83 104 112 69 7 104 19 194 193 28 124 139 190 166 47 116 45 25 89 31 72 133 21 98 137 7 7 80 86 89 72 162 10 188 176 76 58 74 176 174 98 43 151 109 143 89 121 67 92 140 43 114 118 155 177 63 195 31 30 147 56 94 174 171 78 173 1 145 102 38 104 72 196 181 105 47 29 105 142 75 134 176 69 29 56
81 62 22 5 57 186 25 1 146 182 5 93 169 87 10 68 130 29 161 146 132 104 38 22 107 166 55 59 9 108 29 169 132 136 104 122 27 36 17 16 86 80 13 113 42 72 149 53 121 59 142 100 121 125 14 97 187 30 168 178 31 59 151 101 94 148 67 135 93 49 75 175 165 110 111 48 156 97 194 170 75 60 172 3 188 64 162 136 83 172 126 9 15 35 12 31 127 156 93 103
96 44 12 125 10 9 132 135 120 73 40 39 19 9 181 156 52 77 122 51 44 132 19 182 50 78 47 21 17 82 68 108 79 40 134 95 35 24 131 140 179 101 73 170 15 189 155 38 196 165 138 109 119 164 141 119 14 110 186 119 197 171 156 23 20 69 146 161 30 95 121 180 178 188 4 94 122 93 185 174 46 23 125 73 152 130 99 93 145 145 5 191 106 178 87 1 10 9 35 151
173 149 102 131 44 179 197 148 63 132 81 1 166 94 64 169 148 157 164 132 184 2 62 18 39 51 137 161 141 153 17 77 133 184 72 147 143 156 84 83 6 163 114 77 164 126 12 199 142 22 61 75 54 174 70 128 53 7 47 29 124 53 160 79 52 161 179 177 175 152 61 97 106 44 186 166 36 27 89 151 118 172 128 79 105 102 24 7 5 47 74 49 139 165 27 76 78 59 89 14
133 118 182 45 54 44 23 190 62 64 164 187 155 163 10 164 71 20 9 47 84 134 125 123 155 198 182 56 125 141 59 147 146 134 139 110 76 77 100 67 114 140 194 161 91 90 128 85 4 46 156 11 82 155 87 19 141 139 81 47 115 12 177 17 124 99 81 190 122 30 50 120 126 132 38 65 132 122 73 96 8 154 199 20 86 179 147 6 27 153 26 63 18 169 83 169 105 121 88 68
168 162 110 176 47 1 67 160 136 15 140 43 122 72 58 34 197 179 96 117 42 114 126 42 187 199 86 34 51 3 4 87 4 67 157 49 175 37 14 57 177 101 34 54 9 59 44 192 129 119 108 34 3 121 109 41 104 147 59 118 174 80 14 64 76 35 49 79 79 79 37 147 181 99 26 88 6 185 134 40 159 100 24 115 6 1 98 79 68 53 162 188 111 172 154 147 12 157 90 182
111 109 180 108 189 20 153 59 193 142 105 159 130 186 187 174 74 24 102 32 27 102 149 186 50 28 194 144 57 7 190 26 122 75 53 35 198 193 194 27 96 162 141 17 73 23 148 179 36 113 9 16 135 30 144 155 178 68 30 21 75 193 125 31 191 178 45 77 22 120 85 11 173 5 113 147 62 69 179 125 119 156 92 105 62 37 51 7 173 155 158 8 149 108 114 129 134 174 22 114
97 101 186 25 200 167 174 18 148 49 15 125 87 53 17 173 186 151 55 20 184 149 99 97 65 196 149 41 158 166 171 150 38 83 4 31 28 168 69 6 196 147 131 13 80 157 160 190 21 123 176 74 20 195 85 143 43 194 27 170 15 135 17 123 116 175 187 69 41 126 112 179 153 147 127 104 77 7 143 49 35 66 78 154 74 21 56 28 118 75 3 160 173 61 45 176 96 137 16 63
