20 	
0	14
0	60	1	439	4	
1	98	7	979	8	
1	89	4	232	9	
1	78	1	975	9	
0	37	5	1625	9	
0	91	9	1260	8	
0	78	1	162	6	
0	7	2	434	4	
1	4	3	455	7	
0	51	7	748	8	
1	71	3	1497	6	
1	26	4	1654	7	
0	75	6	1492	2	
0	69	4	578	3	
1	44	5	950	9	
1	27	3	10	9	
0	76	4	193	4	
1	35	5	314	9	
0	5	4	767	5	
0	30	1	1563	8	
184 74 138 148 1 70 41 69 155 55 149 57 62 178 8 172 192 61 67 34
100 39 143 143 75 31 17 76 114 152 149 191 128 172 135 132 71 34 49 62
94 46 184 39 133 105 123 2 13 98 93 144 61 111 196 122 195 6 78 20
170 192 76 194 28 17 122 200 68 79 91 12 107 158 35 50 137 56 109 157
122 91 37 144 142 140 192 192 127 97 20 20 196 52 99 55 11 145 114 182
117 185 5 52 122 86 86 75 131 3 27 39 106 25 125 2 6 164 123 164
147 70 133 54 32 23 29 189 147 36 63 35 5 56 135 26 178 119 43 166
11 189 117 31 138 28 105 137 28 133 144 147 132 116 173 123 94 37 41 85
65 9 166 88 200 36 53 69 99 22 32 95 16 169 68 44 18 135 96 171
24 57 113 90 52 163 72 112 113 178 52 164 28 178 97 124 179 45 199 153
125 170 102 65 167 102 138 123 42 119 88 129 119 124 164 67 63 154 45 2
175 44 161 132 92 119 153 158 75 184 186 193 75 68 155 185 76 50 89 105
124 183 157 165 188 139 112 120 154 69 66 158 11 17 163 7 69 51 112 64
102 11 75 196 13 28 92 8 135 11 116 72 93 156 143 120 155 45 101 10
111 101 115 99 21 16 181 176 104 135 146 168 66 170 88 151 88 21 174 83
107 34 48 166 199 46 20 16 62 26 99 194 110 146 124 192 124 22 94 146
90 66 41 150 11 164 120 38 140 149 25 166 136 97 147 18 113 92 48 81
17 112 123 166 56 143 127 198 114 66 146 64 111 40 131 45 76 116 145 167
34 32 146 173 111 169 45 87 175 25 30 183 181 153 188 176 124 153 10 105
78 166 185 138 91 2 45 53 70 28 110 130 144 46 49 198 174 157 164 37
3 192 13 2 156 129 178 13 97 163 106 134 24 35 25 55 63 75 174 55
