100 	
23	48
0	66	4	226	2	
1	4	3	1002	1	
1	6	3	1445	4	
1	18	5	980	4	
1	18	6	2016	6	
0	7	6	64	4	
0	21	2	1899	6	
1	30	3	1492	9	
1	5	6	1974	4	
1	48	1	701	5	
0	52	2	1255	8	
1	88	6	638	6	
1	21	8	864	5	
0	53	7	32	6	
1	55	9	1031	2	
0	67	2	134	3	
0	69	8	1736	2	
1	5	5	312	4	
0	63	7	1104	6	
1	94	7	1187	8	
0	39	8	1332	4	
0	53	5	759	3	
1	22	1	903	5	
0	68	1	581	1	
1	58	4	1384	3	
1	89	6	2037	4	
1	83	4	172	4	
0	35	1	1919	5	
1	48	1	1470	9	
0	28	7	1921	6	
0	14	7	1555	7	
1	84	4	1942	9	
1	17	6	1451	4	
0	55	3	1054	4	
0	72	8	2150	1	
1	59	1	1371	1	
1	27	4	1324	3	
1	74	6	387	4	
1	35	8	317	7	
0	21	4	1086	4	
1	71	1	1840	6	
0	3	8	1130	8	
0	96	9	520	7	
0	81	8	1979	8	
0	86	7	1248	2	
1	82	4	1302	6	
1	40	4	686	4	
1	27	8	1210	6	
1	49	6	684	8	
0	15	7	735	5	
1	7	5	1046	7	
0	50	4	65	9	
0	80	8	456	9	
0	5	5	1144	8	
0	50	4	1847	4	
0	29	3	332	9	
0	89	9	527	9	
0	35	3	2235	2	
0	6	6	1691	3	
1	44	6	152	7	
0	8	6	207	8	
0	38	8	1355	5	
1	69	2	97	7	
1	97	8	1597	8	
0	31	8	2021	1	
0	85	7	1810	7	
1	5	4	315	8	
1	9	7	2067	5	
1	2	8	738	7	
1	71	4	212	3	
0	81	3	1381	8	
0	54	7	2014	2	
0	97	2	2231	3	
0	17	3	579	7	
0	61	8	752	6	
1	34	3	908	5	
0	6	8	1564	8	
1	49	7	1301	5	
0	33	9	213	7	
1	16	8	525	4	
1	73	4	63	1	
0	99	4	211	9	
0	12	5	725	4	
1	61	9	85	9	
1	34	1	1187	1	
1	81	1	3	6	
1	9	3	1449	1	
1	69	7	1407	1	
0	53	3	2143	6	
1	55	3	328	4	
1	86	2	1950	7	
1	40	5	1538	3	
0	31	9	793	8	
1	92	7	384	5	
1	92	1	1363	8	
1	1	6	1720	6	
1	90	1	1170	3	
1	14	7	2087	5	
0	14	3	1222	1	
1	7	4	660	1	
76 18 199 92 76 95 53 144 63 197 70 93 91 198 151 111 119 186 154 159 6 176 148 82 85 107 60 84 19 78 190 47 89 194 14 188 159 40 68 13 128 187 22 56 117 60 23 46 45 151 147 200 3 81 29 44 185 177 3 8 25 52 191 169 101 124 129 124 109 172 178 37 143 23 103 194 45 134 90 19 113 156 74 185 48 106 77 25 173 12 107 35 145 8 104 179 118 143 125 4
77 129 107 197 145 67 199 82 87 51 8 161 163 94 183 75 188 108 136 10 138 170 17 16 55 191 170 102 31 101 179 120 200 42 12 69 43 109 45 108 75 134 118 190 196 130 78 123 119 187 156 96 9 183 73 51 171 155 39 118 129 115 196 109 41 98 86 141 41 21 132 4 11 157 51 143 54 192 47 166 38 50 48 3 186 193 93 141 78 147 88 70 44 104 78 152 29 107 95 104
143 21 199 44 95 58 50 182 74 39 21 30 115 74 98 86 122 149 122 137 34 26 160 112 154 25 115 60 110 41 154 123 141 66 81 72 57 105 4 144 35 136 126 177 58 102 159 10 114 156 143 109 76 59 171 97 196 23 144 99 29 82 185 191 55 51 123 55 136 4 117 74 90 33 70 128 101 176 68 103 188 10 34 126 93 114 97 142 29 104 173 115 152 90 94 117 116 154 156 7
15 140 175 194 60 28 169 45 198 182 168 113 34 43 106 178 61 60 89 100 57 95 77 184 102 145 165 77 199 58 160 30 97 113 73 135 102 158 156 106 34 117 100 41 12 8 5 97 8 105 180 197 102 179 111 141 145 79 190 167 3 188 167 7 165 24 33 180 83 83 114 129 104 42 151 91 175 200 121 139 122 64 166 174 181 101 41 51 126 64 86 125 22 180 110 196 60 104 136 156
198 136 29 13 13 179 49 39 128 23 100 124 63 11 111 16 198 1 183 143 43 95 48 65 51 21 16 28 10 97 78 63 8 107 184 130 183 148 116 150 27 75 13 35 105 145 133 86 150 187 125 104 59 186 48 174 15 52 106 17 83 51 102 23 172 97 69 181 133 188 57 60 84 40 31 149 120 61 75 172 8 171 199 87 26 13 116 34 30 77 125 39 129 147 42 16 160 12 158 89
174 86 97 29 1 136 42 50 132 161 162 8 40 21 113 99 76 152 156 40 151 50 112 132 174 118 99 11 99 60 55 112 110 89 53 139 127 55 89 169 92 85 156 19 108 113 47 141 9 132 177 4 21 63 104 3 64 181 13 42 51 185 2 55 143 28 166 92 107 143 72 40 167 168 196 59 15 149 118 80 168 94 73 152 85 155 41 174 162 156 68 186 156 87 168 50 175 159 144 140
79 59 13 82 34 23 186 168 70 18 20 125 47 168 86 37 66 81 87 164 169 94 168 140 9 93 71 155 78 132 160 32 194 70 177 191 60 20 13 124 23 12 175 149 58 85 68 88 97 22 117 116 95 37 190 85 57 145 1 159 168 26 45 195 119 94 100 164 184 151 65 135 141 185 14 21 188 124 148 8 17 21 72 80 179 177 100 29 40 172 170 77 172 49 72 126 196 199 23 132
177 147 131 161 156 31 35 13 125 97 197 190 118 192 181 141 90 192 142 173 63 49 174 78 117 106 154 171 128 148 16 155 115 177 107 47 136 69 27 196 75 93 69 36 67 126 59 87 42 66 139 30 177 97 106 108 186 39 112 107 101 103 110 175 187 39 8 88 36 59 181 21 128 90 111 118 113 86 74 109 76 151 85 86 32 186 176 70 126 190 118 21 121 148 50 176 7 66 58 134
196 53 89 84 135 136 13 169 133 95 155 40 25 163 159 65 124 19 96 53 159 197 66 192 136 181 179 32 143 36 153 91 20 161 171 182 182 12 47 101 127 53 83 163 195 23 133 148 111 74 48 21 193 96 139 89 186 47 181 103 169 123 108 177 127 157 134 176 80 130 189 52 151 194 18 160 116 18 100 145 2 164 109 45 70 70 33 103 110 99 29 152 60 109 196 54 119 161 117 180
85 91 3 150 171 99 20 84 37 60 177 134 9 98 196 52 65 181 6 175 147 10 39 109 65 130 140 89 8 70 91 100 101 125 158 182 75 99 164 100 198 95 167 149 167 23 94 118 198 194 173 175 70 118 175 125 113 1 64 21 131 46 121 18 140 167 161 112 69 135 23 178 34 2 24 108 41 149 146 77 73 78 193 106 162 136 19 22 174 180 7 81 168 185 71 120 54 162 92 190
168 80 83 172 167 11 190 126 30 35 146 60 192 156 119 78 54 110 28 121 117 82 66 141 80 153 12 184 193 77 3 11 3 11 124 41 63 128 152 130 170 135 103 122 164 146 33 167 133 22 77 94 96 1 187 47 18 188 167 181 195 129 139 164 98 55 178 169 147 198 126 89 146 47 92 91 101 76 19 165 116 160 194 141 103 175 2 11 63 5 143 174 170 68 156 139 62 126 126 150
121 192 68 25 72 58 63 39 37 68 8 194 18 142 122 157 147 21 184 34 70 168 192 79 26 172 49 71 74 192 65 8 15 132 49 28 64 113 148 115 88 181 120 200 109 112 195 106 96 187 54 157 169 106 164 104 115 87 21 127 123 122 117 92 40 176 199 193 12 40 120 124 117 174 78 176 173 151 142 73 28 39 32 79 8 60 142 132 57 160 63 82 163 198 167 78 45 92 136 109
183 29 22 186 137 54 164 53 3 148 124 168 166 39 189 106 173 148 5 191 81 185 55 145 20 191 70 141 9 173 137 100 165 150 63 56 38 156 163 67 187 173 121 120 134 91 167 98 49 91 87 84 192 59 31 9 36 191 30 86 49 129 91 58 20 161 194 133 10 124 33 60 168 100 28 100 117 132 122 39 149 61 126 166 80 32 85 10 194 129 54 140 68 46 124 40 107 75 91 147
81 154 138 152 45 22 154 62 187 12 21 16 117 160 142 106 189 151 126 136 168 15 65 34 141 25 75 139 62 16 100 23 77 108 58 95 92 134 78 53 135 181 171 38 128 26 47 75 12 32 155 60 29 105 142 161 80 90 106 195 81 94 65 33 143 98 185 67 143 9 200 56 31 37 40 3 37 186 37 124 75 25 173 67 180 166 129 57 198 54 14 78 57 107 123 115 117 20 20 194
139 14 99 133 83 7 151 14 174 178 141 32 156 97 46 103 28 99 24 153 14 14 63 44 50 192 181 185 169 190 102 14 1 90 5 81 178 179 158 10 82 45 46 121 196 193 41 138 134 137 177 190 26 76 194 192 151 105 189 32 184 39 175 30 32 187 149 191 80 6 57 183 175 157 113 194 43 77 102 95 63 25 36 197 30 188 100 159 173 66 5 193 125 116 7 12 54 119 187 10
109 109 129 177 175 30 187 123 31 47 166 68 156 58 146 154 51 84 42 39 11 20 58 57 103 59 119 161 42 151 46 166 184 28 107 162 187 120 128 120 110 155 115 86 158 49 140 57 158 142 103 25 170 40 77 58 98 188 159 50 39 126 44 36 18 185 91 121 101 22 32 177 107 30 194 86 26 170 141 11 42 73 137 119 6 11 148 89 46 81 72 95 136 193 148 165 105 144 165 102
153 42 79 99 137 88 192 13 145 78 45 18 169 29 97 72 94 185 85 50 23 13 7 88 109 87 76 188 122 46 102 54 63 146 154 91 64 103 148 25 189 21 97 58 138 153 12 8 13 85 28 162 70 36 102 66 32 158 47 96 69 117 22 166 94 116 192 70 109 161 24 141 156 167 5 48 160 76 56 155 171 189 136 72 98 32 140 179 10 127 192 89 60 174 187 144 141 128 146 70
122 20 129 100 97 57 18 22 49 8 58 131 73 189 181 127 22 189 195 21 161 174 94 124 6 124 141 104 114 176 42 54 8 29 62 45 21 68 151 7 197 60 78 11 49 191 79 45 152 18 31 141 150 73 105 87 144 172 156 183 107 50 79 179 198 6 177 84 6 115 22 172 178 117 45 123 71 141 73 127 141 121 101 110 159 182 158 98 112 165 47 82 81 117 187 65 172 103 106 144
103 30 142 34 64 41 105 64 185 28 106 42 143 108 192 31 129 68 125 13 126 193 175 76 121 107 106 19 181 175 13 197 117 112 193 194 181 61 41 146 161 95 37 133 2 45 177 119 41 30 192 140 3 149 173 83 161 48 8 199 1 78 178 89 40 19 118 18 60 61 2 151 182 171 122 20 67 162 85 48 74 32 123 32 7 84 118 143 12 59 110 69 17 40 129 104 43 184 144 13
10 136 54 14 158 66 108 77 34 190 167 122 189 174 108 35 29 169 11 121 145 75 34 184 188 157 198 179 46 156 90 75 174 72 40 119 17 187 2 135 23 46 54 128 189 13 76 126 80 153 85 15 58 65 80 131 68 33 74 130 4 45 30 132 103 193 129 127 74 23 196 42 164 118 65 181 58 152 10 10 23 151 164 156 140 177 31 30 184 81 182 71 9 3 182 74 77 96 89 22
195 93 197 126 64 172 30 173 104 20 178 190 196 130 26 112 111 99 171 38 49 65 46 40 190 81 72 149 2 148 87 99 43 97 190 20 187 94 137 58 167 19 181 149 103 44 57 31 189 187 21 49 59 36 187 116 31 172 91 92 1 131 142 48 185 34 22 100 155 129 158 37 8 70 97 92 14 188 135 146 181 150 45 60 119 9 50 55 100 100 145 108 153 133 36 181 113 158 147 73
82 118 21 172 11 173 111 72 146 13 157 45 195 154 69 187 157 14 79 115 24 114 31 90 85 116 77 41 187 124 90 4 3 171 87 55 128 64 195 84 151 189 22 70 112 113 57 149 5 168 30 4 182 22 191 117 165 131 42 193 23 18 46 66 189 173 116 150 199 1 147 13 182 81 112 137 188 149 165 115 61 191 80 78 61 185 31 76 112 3 8 50 171 7 161 136 71 87 172 182
181 163 68 157 116 100 82 81 193 72 162 113 111 14 23 101 21 25 51 162 156 53 11 125 95 72 22 145 177 87 146 96 92 134 19 173 105 54 60 125 52 172 65 189 3 94 146 92 194 82 104 13 74 56 45 8 135 114 136 168 61 131 28 145 157 155 27 186 73 99 113 165 169 163 14 141 96 69 175 144 47 133 91 78 67 84 71 62 131 95 106 101 40 71 30 141 166 80 104 102
120 182 138 23 77 139 163 164 44 106 115 15 148 159 134 140 9 184 2 166 106 184 27 129 114 109 55 187 72 40 154 30 188 168 12 10 94 107 16 53 12 83 95 136 131 137 161 140 115 77 21 102 194 133 147 155 122 59 42 76 196 118 182 158 77 131 113 120 152 163 128 16 12 96 129 14 49 36 126 41 150 151 162 172 8 20 156 38 41 104 103 16 126 169 61 145 69 131 5 95
18 42 159 173 197 53 71 120 179 27 54 55 103 168 180 34 123 1 126 68 141 49 39 127 21 45 50 104 78 107 41 78 155 178 37 7 101 57 65 76 105 193 73 121 16 98 197 194 176 84 26 41 55 16 187 114 120 43 76 2 154 63 124 179 195 72 72 30 182 189 156 55 61 165 177 112 191 163 111 160 11 180 117 146 86 120 200 2 76 71 20 29 31 186 55 131 131 180 120 26
89 162 150 30 162 80 61 42 65 92 174 135 162 27 135 35 10 15 114 144 165 164 79 21 60 132 133 19 103 44 186 97 5 82 79 193 127 17 47 33 117 82 69 2 58 178 182 54 29 82 162 110 96 200 13 158 90 175 162 144 90 107 51 6 7 137 7 29 62 35 86 30 200 124 141 102 128 5 26 174 56 100 180 190 148 77 3 132 77 70 118 85 175 132 3 164 63 72 109 48
156 91 38 162 136 123 192 25 169 185 170 127 26 144 55 36 167 175 190 61 113 65 90 5 48 200 130 49 32 61 157 189 184 150 29 65 133 74 16 104 6 115 58 86 91 24 157 67 162 49 82 144 87 118 120 195 101 23 44 162 143 149 34 74 30 117 72 149 27 115 131 66 100 44 40 156 2 84 184 144 105 132 73 82 166 88 193 181 53 45 198 89 43 23 111 49 68 20 185 107
95 71 129 65 131 127 132 50 97 16 156 88 35 61 42 23 13 35 45 135 60 14 51 157 9 107 200 136 149 126 179 123 188 117 58 116 168 94 160 110 68 41 178 82 195 189 64 196 155 91 33 86 22 80 27 124 139 135 50 103 58 155 159 154 101 111 64 86 152 131 152 138 195 187 119 34 180 133 146 146 9 132 118 42 14 13 87 135 60 111 154 186 1 69 147 168 143 98 176 76
39 87 21 194 140 6 161 163 194 80 139 197 125 11 122 51 77 81 168 46 19 97 106 89 27 173 9 158 86 58 53 146 131 181 71 175 72 85 16 78 78 30 126 18 172 13 142 175 4 35 147 142 122 62 167 96 147 77 116 118 25 47 59 169 115 96 98 36 170 104 121 186 195 111 172 142 36 120 69 81 52 176 177 10 164 78 111 31 8 44 81 38 83 135 95 140 103 73 159 110
61 126 42 90 125 81 158 200 98 179 188 70 9 76 121 8 87 159 139 143 150 65 26 197 179 192 20 100 174 115 88 146 43 158 121 193 186 139 167 28 69 109 171 7 175 149 159 165 108 127 87 28 95 142 184 135 35 69 142 148 107 4 23 127 137 171 78 177 74 116 38 69 15 107 124 54 88 93 31 200 110 17 22 78 14 27 132 148 77 66 124 176 109 155 7 140 130 194 31 51
45 180 141 22 51 138 172 19 18 53 127 15 92 95 89 157 35 51 17 62 108 47 90 171 28 140 85 1 79 111 180 130 188 153 36 134 41 18 98 35 115 16 72 44 68 174 8 12 18 13 20 32 171 194 58 47 200 38 56 131 182 78 92 168 80 177 161 140 158 124 187 196 109 177 31 132 137 171 169 142 197 69 191 127 200 183 149 129 66 53 144 70 122 172 57 108 196 171 147 135
59 129 150 149 68 83 69 77 25 87 196 83 183 63 142 39 185 166 49 20 122 119 37 105 162 123 173 140 189 92 193 123 148 20 179 98 68 12 71 88 174 159 152 46 160 35 180 182 12 116 13 112 132 116 75 66 67 14 181 114 118 156 175 67 43 24 39 171 101 123 71 121 57 26 44 92 5 146 38 152 12 194 108 24 66 29 20 186 75 78 174 63 116 138 98 56 141 174 70 67
188 108 132 73 153 83 17 99 96 183 187 181 172 72 50 41 79 97 130 73 87 92 16 103 44 78 154 65 17 33 106 112 94 88 124 64 68 165 31 60 76 75 39 9 34 56 39 27 165 46 15 180 7 71 184 148 31 26 85 46 188 163 90 27 157 75 199 169 107 198 118 119 69 65 195 176 108 180 71 182 132 33 42 184 18 78 53 163 51 185 153 110 187 15 55 147 1 100 31 24
122 24 40 134 68 140 113 121 70 25 126 53 97 62 165 112 136 13 18 16 77 112 90 140 168 93 40 142 153 159 104 6 14 33 77 122 71 39 183 138 136 60 171 42 147 181 7 123 58 8 173 184 86 18 154 138 6 191 126 153 3 144 159 159 54 154 17 155 88 35 95 152 44 120 120 169 149 39 43 32 185 12 106 110 98 190 67 68 47 55 140 156 103 72 16 138 172 64 180 158
122 26 76 169 104 65 67 92 106 188 55 48 62 95 56 118 11 75 125 145 74 188 79 141 116 112 85 16 42 64 92 193 31 85 18 44 64 172 93 46 4 166 98 140 62 70 2 181 135 132 137 61 129 5 57 198 54 61 52 143 141 41 131 66 72 101 107 94 68 195 36 111 179 188 154 10 166 155 73 41 181 129 40 9 173 67 176 162 56 118 36 62 75 105 108 73 136 13 151 49
87 29 7 139 113 31 5 185 85 178 9 128 31 8 60 84 109 159 33 200 164 90 172 101 74 90 41 83 186 195 155 45 8 87 22 72 132 90 56 11 155 129 80 190 29 87 89 111 3 184 156 116 57 64 121 82 32 63 110 192 67 11 151 25 151 192 181 2 77 103 175 59 90 57 45 193 36 51 79 125 46 163 61 146 180 178 168 194 22 130 28 73 167 103 54 102 63 87 84 137
115 151 114 12 29 28 189 3 10 103 79 126 130 24 81 180 24 30 23 93 35 8 108 90 158 127 100 173 143 39 104 127 116 70 22 109 9 118 113 69 109 125 36 115 28 78 197 145 117 51 120 163 125 67 102 45 192 181 86 128 185 189 153 184 21 195 44 8 126 150 54 47 49 191 175 29 151 128 152 131 54 176 154 157 115 151 53 189 71 164 21 115 22 61 126 114 39 53 104 11
179 32 56 158 182 49 114 50 144 133 94 7 22 137 28 101 100 76 129 7 58 25 112 84 40 66 174 128 152 134 164 117 18 143 79 128 109 140 107 161 124 8 194 5 41 146 94 116 102 20 158 81 172 137 98 154 100 183 20 110 185 149 69 45 172 182 131 157 81 22 99 76 172 115 145 9 26 97 125 127 21 188 61 124 186 37 17 71 77 115 165 65 139 156 110 92 159 172 166 134
190 160 161 194 86 63 71 146 94 45 126 129 54 157 170 57 195 114 180 115 79 33 149 63 196 16 99 123 167 184 108 80 20 90 49 101 11 152 10 115 11 137 57 167 186 35 172 191 17 141 46 146 110 106 97 32 83 189 154 129 79 2 106 94 110 150 42 117 113 198 162 177 29 104 159 134 183 173 133 150 154 126 151 80 110 46 167 191 183 95 92 188 63 144 198 193 110 41 80 177
92 35 31 49 30 76 54 88 75 97 25 116 82 40 23 143 113 28 48 196 133 86 118 20 158 61 124 69 66 192 106 138 156 184 67 96 123 16 27 178 120 155 85 106 117 18 52 69 131 8 3 69 25 106 36 27 2 99 145 3 158 127 124 157 190 57 29 162 187 38 115 32 163 129 81 56 199 81 155 57 177 61 39 101 143 134 184 22 148 10 20 156 15 49 62 76 200 178 70 18
179 4 9 183 43 92 40 38 133 23 3 69 76 84 101 59 26 118 120 121 71 101 105 154 145 99 68 106 71 49 103 169 195 33 190 92 53 140 151 116 23 31 6 15 135 158 46 17 3 133 139 25 63 3 136 146 155 150 91 25 134 126 13 126 46 67 166 198 200 170 177 188 1 139 133 102 20 72 195 72 171 168 24 188 189 60 53 82 15 89 172 110 27 191 148 58 35 52 95 148
10 94 21 12 165 38 29 174 26 26 169 21 21 151 200 84 13 176 192 86 25 119 51 189 30 145 164 167 5 9 18 82 104 194 144 108 78 52 194 140 62 170 130 86 196 147 89 162 180 158 147 90 52 10 61 171 116 184 163 99 131 115 69 60 33 42 89 66 67 178 111 99 19 86 72 3 200 13 34 109 26 5 189 137 55 120 34 10 172 24 53 164 49 3 27 39 167 94 178 143
20 60 12 68 150 185 69 137 37 184 68 102 186 85 158 153 41 141 66 187 49 187 137 149 153 41 97 44 60 39 81 168 177 76 65 8 65 161 140 177 114 49 136 107 152 31 32 10 112 122 194 150 163 189 44 133 113 69 87 152 30 42 136 129 158 84 59 200 48 49 43 76 28 70 96 106 45 185 179 174 22 65 9 109 166 66 129 181 51 20 133 154 156 20 108 107 123 141 180 31
116 132 139 29 65 79 83 177 39 103 27 79 188 143 102 67 92 182 78 159 136 196 114 89 148 25 73 149 178 55 153 2 60 2 101 127 173 161 129 28 102 21 19 84 25 14 116 18 196 43 54 93 162 143 122 37 79 103 169 73 138 154 38 47 182 60 17 86 15 36 200 23 181 196 21 57 20 80 25 177 175 50 58 98 22 73 15 176 151 40 92 133 129 92 196 134 152 17 110 182
195 97 177 103 174 169 165 29 111 56 78 179 74 69 188 100 157 189 172 25 46 63 4 182 155 111 174 115 142 160 82 200 44 101 24 122 20 107 169 146 101 167 86 73 46 1 162 91 115 80 180 76 167 161 174 114 158 89 82 155 124 97 29 198 126 138 131 56 18 6 84 165 67 158 133 149 103 60 60 118 186 86 30 102 65 157 23 168 78 23 72 84 200 186 154 61 139 195 134 16
129 94 166 119 127 81 135 85 183 58 134 158 123 194 71 24 13 46 161 67 59 113 18 104 48 102 186 94 93 106 130 141 199 27 59 156 198 67 147 24 16 26 175 2 157 89 176 193 172 66 28 99 43 80 77 132 2 124 152 41 57 51 153 162 174 105 148 142 51 67 192 77 185 109 99 103 46 163 156 136 83 69 55 27 5 17 80 93 12 26 189 63 62 123 182 69 143 186 107 105
57 90 193 171 47 197 94 45 166 142 59 116 17 14 171 129 7 85 23 125 74 189 3 197 62 39 33 32 124 122 82 178 75 114 157 115 43 116 164 141 24 68 191 152 18 145 6 77 60 171 49 188 64 43 132 53 200 16 67 148 3 158 137 39 123 38 134 185 149 198 51 169 123 138 49 79 191 110 12 159 3 9 180 134 176 139 95 130 59 115 93 117 25 108 80 171 184 9 109 41
26 50 78 84 22 30 35 51 39 173 10 16 39 81 41 182 171 158 44 21 89 74 193 200 62 197 133 103 107 168 36 168 182 155 88 63 34 133 162 142 146 120 130 116 68 162 55 103 121 58 153 195 65 39 72 174 15 119 162 182 126 56 63 7 134 181 78 61 77 100 45 182 52 114 83 55 34 151 140 44 75 190 156 136 145 38 147 33 17 149 9 161 168 76 139 53 30 113 140 60
30 82 178 129 98 3 156 123 167 180 27 20 171 135 8 169 120 144 151 145 181 34 16 150 68 167 100 116 43 80 4 125 78 145 118 39 196 46 189 118 49 55 10 199 173 56 194 197 119 30 20 180 14 117 175 167 86 16 174 97 80 98 67 9 132 118 105 63 2 188 50 88 182 131 143 148 60 138 128 62 76 98 94 35 5 15 179 71 27 133 1 192 110 84 83 140 184 150 171 35
189 97 37 146 59 100 62 22 199 116 52 5 64 184 6 97 160 135 134 136 115 183 126 64 62 107 193 57 81 6 67 88 130 179 200 28 35 193 47 14 119 166 145 92 28 188 172 112 149 109 170 140 102 27 176 3 57 152 100 27 154 37 49 35 109 36 182 192 23 170 135 88 185 54 99 119 139 158 102 170 115 183 127 93 145 181 11 64 166 84 12 76 69 52 92 45 197 151 60 105
71 175 197 71 146 34 7 142 195 88 177 118 94 134 32 172 187 66 90 80 112 194 143 56 21 54 163 150 36 173 118 110 85 79 57 159 26 180 53 169 11 70 146 192 160 169 54 105 84 96 171 45 109 147 75 33 80 17 21 197 45 198 110 46 155 195 125 139 48 62 140 82 136 161 1 200 134 146 23 116 155 34 49 10 114 167 72 33 173 13 137 186 170 43 33 196 15 174 28 39
148 3 44 90 12 5 73 136 131 146 61 95 168 106 57 198 152 44 113 47 104 164 195 115 138 148 63 140 166 28 186 38 37 117 164 100 162 28 19 114 168 108 191 117 91 13 181 64 180 197 102 103 104 100 174 88 127 5 81 184 57 150 113 9 162 47 185 64 86 138 119 51 31 118 106 154 39 94 128 52 13 184 153 118 151 160 198 127 181 184 93 51 179 176 179 188 66 124 68 99
13 18 200 37 82 56 125 132 35 163 22 139 2 156 46 193 94 158 98 24 127 132 123 144 93 78 62 16 134 31 183 73 119 120 68 168 89 67 60 23 139 194 197 16 152 164 139 121 110 113 58 130 149 50 32 190 168 100 78 139 159 95 74 80 176 112 148 163 95 179 98 22 38 55 94 21 102 20 189 112 159 47 98 142 185 42 144 11 148 187 99 8 186 20 4 72 33 93 41 168
120 14 199 112 101 11 181 116 28 97 58 1 15 58 9 55 24 63 81 178 144 150 152 1 70 137 167 155 121 163 36 133 144 73 119 128 189 88 95 115 34 99 50 172 163 101 197 144 199 77 176 72 112 108 170 7 194 193 83 176 105 71 59 14 121 167 110 94 128 174 128 146 36 9 72 152 150 62 132 146 152 57 171 128 61 58 143 179 21 116 83 5 64 4 153 75 132 111 64 26
172 75 84 93 33 96 73 43 15 75 162 162 62 8 154 18 131 89 181 52 109 125 23 25 54 105 140 7 72 92 185 155 44 18 162 1 95 178 7 174 17 12 51 38 121 164 116 124 122 182 176 116 135 59 17 74 59 23 128 187 64 153 169 94 107 77 163 26 19 98 27 96 61 1 127 140 10 9 190 171 172 177 158 93 178 66 75 115 45 9 41 34 75 20 32 138 13 88 66 48
38 24 117 65 61 75 15 194 76 145 1 6 66 5 147 41 185 77 127 160 76 188 57 119 140 52 42 91 152 156 16 191 36 167 26 6 68 95 105 28 17 33 11 116 195 198 1 20 166 128 41 162 92 148 185 85 15 10 72 94 90 90 141 151 197 179 77 139 117 119 133 164 121 188 154 11 88 159 86 94 45 119 7 196 93 156 66 180 145 46 29 54 162 53 177 70 36 143 132 12
134 99 108 77 123 111 64 107 173 94 193 29 175 57 59 104 56 77 70 87 97 125 58 107 81 142 125 140 78 38 114 113 100 3 146 68 130 175 6 95 123 77 70 148 6 82 109 19 66 25 179 169 162 110 22 67 1 99 14 164 20 63 120 167 72 133 174 123 148 53 25 141 55 145 77 166 52 22 78 198 79 166 105 171 136 157 15 192 180 117 136 91 19 24 73 153 54 194 36 89
27 61 85 139 5 192 169 145 40 192 52 105 9 66 166 197 99 188 20 99 55 155 181 123 160 35 10 8 51 68 193 110 89 44 137 158 54 195 127 131 44 45 165 190 130 15 31 32 22 44 132 121 1 4 123 145 73 180 165 197 38 22 14 77 149 173 34 52 40 27 49 66 176 107 66 149 183 104 45 179 57 38 149 155 89 60 138 182 56 66 75 162 134 101 70 28 76 53 106 96
39 194 155 155 129 7 38 157 183 22 99 180 24 81 174 118 171 51 158 178 98 165 49 24 194 162 53 37 38 108 139 58 18 64 145 5 175 145 156 175 181 154 36 141 65 130 148 26 15 14 168 199 64 68 161 37 99 114 43 38 69 62 156 153 108 182 174 135 40 158 142 173 170 17 153 170 45 14 175 185 131 83 152 136 61 53 163 177 26 40 101 73 184 111 79 128 35 91 91 170
51 65 17 194 146 37 60 149 83 16 188 147 60 98 108 103 187 81 54 154 43 97 144 51 190 167 59 24 174 61 131 88 101 157 125 102 182 10 147 63 43 110 77 199 191 154 186 18 80 180 101 165 156 12 80 43 14 43 194 40 55 119 92 106 25 87 77 71 72 63 142 61 71 172 76 145 151 9 119 188 144 16 198 112 45 167 101 149 30 33 91 6 38 17 166 59 115 76 71 8
35 39 84 189 78 7 74 92 129 37 68 166 192 110 177 91 177 97 46 117 155 30 176 187 106 85 146 132 161 137 150 51 142 121 7 23 42 84 192 178 34 135 7 11 2 26 107 22 53 160 110 79 81 32 53 187 136 199 101 76 154 159 125 117 59 40 166 52 69 10 152 63 175 132 78 62 171 31 54 47 30 26 188 73 151 193 88 68 94 175 167 94 121 114 45 108 101 11 42 42
89 111 198 106 191 6 29 84 143 141 8 40 129 33 49 31 152 6 74 123 197 118 45 34 21 182 93 113 13 133 158 183 175 190 53 67 136 58 93 34 104 13 176 52 181 117 90 11 185 20 164 157 80 134 119 180 44 81 140 102 77 191 97 62 13 142 144 137 13 94 113 3 187 174 163 189 167 55 160 35 97 26 87 50 165 15 76 80 151 185 91 55 6 157 103 52 27 52 68 101
40 159 42 165 89 47 129 105 54 37 86 21 91 57 151 160 175 127 58 153 185 133 123 112 122 97 34 104 170 92 193 71 177 62 85 57 53 100 188 196 43 28 169 4 20 17 51 161 110 24 27 9 8 130 180 68 48 74 183 194 188 27 58 13 132 113 153 191 172 188 175 164 121 174 159 170 67 86 27 196 136 154 175 136 187 176 184 29 17 97 91 79 166 143 97 136 107 52 170 15
169 87 106 40 144 93 14 3 178 38 56 8 200 34 183 101 74 52 131 150 141 147 140 84 109 14 177 45 41 15 181 1 52 132 34 66 190 99 109 98 10 7 161 152 162 85 170 191 96 128 33 8 167 110 33 119 75 118 198 182 65 100 123 145 94 194 12 167 14 145 92 19 77 118 180 59 149 70 157 114 182 88 12 1 65 60 147 193 59 144 200 103 2 38 104 26 172 138 160 92
178 66 27 174 14 57 4 106 57 20 117 168 69 20 102 16 135 185 194 162 83 68 195 168 95 109 50 186 51 166 126 112 25 71 73 182 156 139 35 78 140 8 88 90 163 181 41 4 197 12 112 92 38 172 83 100 163 10 62 36 144 43 167 4 97 76 115 192 150 83 112 119 150 117 57 94 196 137 152 158 140 119 96 129 7 75 141 146 130 4 83 198 119 57 148 192 67 145 95 143
178 82 147 123 123 97 142 162 129 141 44 101 74 3 60 83 116 65 107 193 137 19 164 191 196 40 49 79 116 33 200 55 56 91 95 11 140 79 101 20 169 198 115 158 194 99 28 95 4 20 21 158 7 167 103 180 183 60 89 44 29 64 146 15 72 197 49 62 134 48 192 102 91 20 30 111 13 49 173 124 177 44 96 126 185 41 86 182 165 32 161 139 94 153 51 82 156 170 47 142
125 86 154 56 117 180 102 30 78 30 32 57 196 117 168 3 170 89 113 50 19 115 81 68 83 152 112 180 102 189 97 171 147 94 81 50 21 191 197 131 123 66 169 12 42 118 88 183 167 61 56 36 9 162 174 187 130 28 170 46 159 93 138 175 43 128 39 188 110 116 47 154 22 145 30 125 84 87 57 106 58 54 188 96 165 101 146 156 128 98 111 19 11 175 109 87 14 193 49 154
154 191 51 182 182 32 58 63 71 190 32 8 164 97 8 121 83 65 149 49 42 77 25 18 19 13 34 74 98 49 96 123 12 154 139 36 189 149 132 119 200 96 146 34 20 37 28 77 92 107 175 107 21 24 85 199 79 72 139 178 16 76 126 37 13 61 135 140 77 196 67 79 68 182 54 180 142 30 20 114 5 9 183 159 115 19 11 136 28 53 169 57 122 75 200 82 121 121 182 173
43 68 170 14 119 138 16 198 78 182 128 80 100 46 103 125 136 199 98 82 199 95 74 58 175 135 153 85 1 32 106 81 187 168 34 161 178 199 17 125 170 45 51 108 3 109 15 68 50 133 74 58 137 39 123 196 8 113 132 152 189 5 160 191 22 181 50 181 184 52 32 37 27 164 18 115 129 25 131 62 66 143 172 122 89 110 79 162 38 196 95 103 160 23 124 119 188 121 185 111
100 58 18 89 166 18 128 167 174 63 137 150 45 46 134 133 32 147 74 59 116 176 167 117 198 7 26 3 122 58 181 63 167 93 160 70 8 79 90 112 174 107 68 146 175 30 55 112 120 96 167 70 130 80 156 10 117 102 91 43 112 174 164 135 173 63 85 56 174 72 19 42 128 140 99 193 61 65 15 183 25 107 18 11 116 9 83 5 37 107 200 4 94 61 187 134 95 144 99 111
105 34 146 90 80 70 114 56 63 130 126 194 153 194 83 132 91 155 144 25 185 71 138 17 26 37 90 30 150 9 132 183 29 147 83 121 30 167 112 41 155 164 10 54 107 102 177 132 6 174 55 20 177 139 93 199 156 100 148 81 68 90 86 86 30 41 87 17 62 135 143 3 34 139 72 195 74 52 44 27 91 65 68 139 200 60 19 80 192 98 136 110 113 30 90 93 11 193 16 120
177 82 52 6 12 16 192 155 120 81 156 59 170 152 35 63 5 79 166 171 65 113 33 4 51 71 10 23 127 149 51 24 183 198 58 174 8 16 26 152 45 45 57 18 69 61 56 33 123 19 127 93 100 177 179 42 123 141 182 11 121 129 21 80 59 90 104 84 166 154 194 147 186 12 170 156 55 53 44 186 80 110 151 64 110 53 34 83 192 73 120 62 85 166 135 157 136 12 174 79
66 193 6 163 172 94 170 110 180 114 26 75 24 71 167 192 163 68 98 73 7 13 97 59 27 126 45 174 81 126 149 150 163 133 127 169 139 128 20 139 90 75 117 15 86 24 171 119 53 88 59 15 53 189 196 88 33 118 21 26 2 62 45 105 103 184 167 62 147 101 6 158 121 179 45 138 34 71 102 139 154 77 51 37 12 152 21 65 154 3 182 175 186 139 147 52 122 166 85 19
112 71 123 86 79 15 30 56 186 10 145 113 133 167 20 106 54 28 35 96 30 9 195 192 192 17 102 78 126 139 45 65 191 4 95 159 41 142 153 169 91 129 101 104 103 36 127 6 26 154 175 184 153 17 85 1 8 104 29 73 159 83 91 148 95 191 49 146 190 175 41 50 39 56 57 165 60 38 114 47 163 174 102 111 130 157 29 91 2 200 13 63 156 200 170 18 65 127 151 94
161 174 172 122 107 126 36 7 96 45 33 39 24 135 159 36 40 119 80 147 56 79 33 48 65 46 114 56 46 75 27 12 11 129 189 189 145 6 41 77 188 106 20 171 159 27 175 120 128 144 60 38 115 63 4 93 65 73 126 56 53 151 151 117 68 98 117 116 63 140 137 164 170 133 14 88 83 96 139 18 82 162 74 97 162 119 131 136 160 180 102 130 25 96 106 96 123 83 113 67
68 144 152 195 64 131 69 9 44 71 41 75 78 48 200 57 81 150 28 146 173 169 168 39 196 187 194 7 15 96 96 174 123 67 37 120 81 37 61 43 156 106 72 8 126 196 159 172 70 58 133 52 139 199 71 39 160 16 105 107 189 163 52 93 84 135 146 135 112 141 65 98 193 70 114 150 73 72 20 189 173 180 153 180 123 36 187 66 74 100 163 68 119 189 54 31 98 110 36 163
123 168 66 85 161 34 175 104 173 74 126 114 31 49 55 72 85 77 159 111 26 196 69 154 75 166 23 48 100 116 158 171 18 118 65 34 134 160 112 43 151 38 51 119 39 163 70 71 57 7 83 61 175 73 108 156 41 168 139 83 187 11 59 105 187 179 76 59 72 21 87 32 95 127 158 126 43 165 108 90 103 33 85 30 86 103 110 99 169 56 27 153 48 115 88 85 122 39 5 92
188 72 158 7 60 191 99 121 18 78 10 73 176 64 195 9 34 106 135 19 186 167 184 136 88 165 192 109 138 190 91 194 74 123 3 170 89 91 128 79 178 49 62 147 3 181 30 5 26 64 148 103 70 95 199 123 55 78 57 70 56 34 144 39 180 63 93 14 195 165 74 17 65 5 158 162 20 141 114 155 37 64 149 14 128 128 50 42 176 200 174 91 43 75 42 38 69 167 167 74
194 193 16 122 186 123 94 66 72 142 122 190 170 88 117 64 57 30 80 38 49 18 147 31 133 137 63 43 48 77 51 30 183 35 158 93 135 153 135 123 40 47 84 47 20 119 75 82 129 192 75 79 134 183 88 103 3 156 21 45 182 117 83 176 17 78 18 112 80 95 13 200 89 64 154 113 77 167 32 17 93 104 41 49 89 15 82 51 53 137 16 67 2 43 142 103 48 68 116 107
94 33 80 126 42 72 86 95 50 151 168 175 95 124 131 48 148 110 137 147 64 49 19 126 175 154 46 123 196 107 35 14 152 57 81 148 127 129 190 165 17 68 124 90 39 97 156 142 61 73 118 96 77 189 131 146 75 26 90 65 5 70 58 167 97 154 106 27 49 190 5 80 54 88 53 17 91 172 98 48 178 114 110 66 12 39 191 47 72 117 117 100 108 167 113 24 108 191 108 6
19 27 2 99 61 148 151 120 47 42 97 62 47 125 18 12 67 46 101 136 122 93 149 30 9 120 37 195 66 194 183 93 108 143 106 94 27 71 48 108 146 163 198 24 196 126 46 74 181 170 132 124 58 155 110 123 40 100 62 169 94 48 54 35 163 12 40 91 176 68 53 8 100 2 146 167 38 175 176 92 179 154 54 107 169 168 162 177 57 114 138 148 111 155 117 37 115 55 118 168
32 87 140 148 19 140 2 33 102 197 157 2 95 7 36 65 122 72 30 94 197 165 179 70 192 23 48 68 69 53 154 170 108 58 59 143 160 3 103 24 30 96 85 108 121 116 22 7 6 140 127 54 186 16 132 182 62 35 93 157 55 108 142 97 19 13 171 48 125 190 76 15 8 80 166 160 161 192 140 189 99 37 91 140 186 54 170 80 188 44 87 39 26 8 70 67 53 96 167 137
83 117 83 122 152 159 160 115 31 129 157 84 126 11 195 104 186 150 149 161 153 78 32 156 77 26 114 153 164 42 77 89 150 164 31 191 117 149 142 106 115 47 137 45 177 111 106 35 72 58 23 161 35 174 185 20 157 66 89 140 169 39 162 141 9 73 78 26 88 14 158 84 104 84 139 143 159 200 73 21 37 65 160 65 5 165 134 139 45 149 199 176 113 43 177 114 3 189 83 11
53 37 122 68 42 138 171 179 80 2 69 120 22 47 141 197 44 40 72 65 127 58 13 128 136 47 117 188 140 79 103 187 124 35 12 67 142 90 111 106 32 30 51 39 168 93 192 111 131 52 16 186 4 178 81 63 152 158 161 54 89 61 131 46 70 153 7 5 17 169 43 180 150 166 36 62 194 164 111 127 104 136 138 192 163 141 135 67 194 33 135 117 148 169 123 73 153 127 149 127
7 2 39 174 181 89 199 200 96 189 190 195 97 148 134 47 80 7 41 162 175 109 173 39 190 89 35 53 174 165 160 144 137 86 132 50 61 63 102 24 13 28 170 199 166 39 121 132 143 50 75 185 189 163 101 193 39 200 121 54 149 76 60 17 95 157 159 67 32 72 66 21 14 43 156 42 31 29 55 36 83 195 63 76 157 48 177 16 145 117 94 36 115 154 101 171 62 81 192 178
86 178 180 174 140 47 91 151 194 29 86 86 170 138 50 193 83 93 56 30 60 108 25 143 105 177 174 157 69 132 156 62 162 113 73 145 72 139 185 153 30 1 27 193 77 66 1 73 144 41 155 9 82 76 74 118 55 175 62 136 143 130 182 75 80 131 18 55 46 42 90 97 63 24 28 126 114 177 27 197 85 25 166 81 31 180 93 57 124 77 21 92 47 64 113 86 200 12 66 15
122 115 92 85 91 121 193 110 106 149 196 21 25 149 186 168 88 141 41 144 19 184 172 113 93 8 145 107 17 74 19 155 73 63 67 96 144 58 68 68 100 124 73 39 177 71 189 73 9 32 132 185 83 188 200 40 156 66 172 149 8 145 76 105 75 65 55 5 38 196 180 179 200 86 186 66 83 101 199 37 152 196 127 3 131 149 11 122 138 126 169 94 121 118 32 46 30 58 96 110
59 65 165 42 187 54 171 159 129 116 32 95 3 85 148 72 63 122 175 193 178 37 92 158 51 151 152 162 162 79 167 37 51 56 126 36 134 67 43 2 24 167 185 10 101 112 165 176 48 37 178 75 3 47 64 79 197 81 109 6 154 194 73 169 83 198 39 35 37 171 162 131 40 83 157 131 22 103 177 137 142 139 124 171 82 190 173 59 109 171 8 102 23 80 166 129 123 54 155 191
108 92 167 148 127 114 64 4 112 99 36 39 117 52 77 173 163 182 158 140 156 82 196 26 141 135 31 142 80 81 139 49 175 111 195 189 80 196 128 140 152 39 29 177 87 135 193 97 130 165 47 166 134 98 148 144 24 71 168 13 196 111 121 169 196 87 157 110 107 20 77 168 181 81 154 177 89 149 151 163 48 86 65 134 113 103 163 162 189 144 5 108 130 46 45 45 180 88 12 145
132 190 31 75 169 105 107 42 194 93 73 45 25 55 99 127 103 101 39 166 195 85 195 31 95 175 198 36 80 100 32 176 200 51 180 73 25 54 189 106 26 185 154 90 100 48 126 161 115 74 97 55 95 107 150 173 65 128 84 184 190 80 75 78 84 87 127 75 99 183 146 5 73 40 11 71 141 8 29 36 101 16 198 81 20 99 67 186 153 73 34 108 200 158 86 199 10 136 160 131
67 200 142 14 81 71 80 155 19 17 11 122 98 24 44 16 166 21 2 171 20 142 178 19 139 140 77 98 136 29 33 72 108 122 27 84 118 179 39 150 162 147 124 157 122 127 147 25 151 152 180 91 22 112 193 16 46 153 81 22 44 42 86 178 80 69 70 65 52 131 23 79 6 148 109 97 52 44 113 106 71 37 11 23 131 159 39 11 186 37 137 20 94 46 89 26 5 5 89 56
130 179 104 40 175 84 136 100 151 73 184 38 144 113 63 148 171 109 116 9 121 129 51 163 29 25 59 40 9 170 63 144 199 156 141 106 171 3 197 187 15 5 30 107 131 139 121 156 109 69 72 111 130 119 19 166 183 80 127 13 88 122 93 75 39 143 64 115 88 38 82 186 80 85 71 116 167 30 170 75 83 67 193 88 67 159 108 165 116 191 76 28 135 1 61 171 56 82 24 161
95 13 135 76 67 4 166 183 82 75 158 107 24 53 90 161 184 78 76 25 140 130 182 151 192 170 40 153 155 139 50 61 57 92 86 48 24 196 93 151 73 36 73 116 69 35 5 153 137 163 173 155 8 31 86 102 104 185 179 17 42 106 198 163 88 179 137 126 165 12 110 190 141 113 21 70 30 200 62 55 26 169 88 87 24 88 159 187 100 192 130 84 184 25 125 62 162 4 88 121
151 172 59 183 57 19 105 128 62 58 69 13 104 195 179 144 159 6 9 193 23 77 104 82 56 103 26 198 96 112 61 179 128 23 2 7 152 89 48 36 156 171 93 125 29 118 131 7 145 99 129 95 129 27 73 59 176 20 88 16 169 186 146 126 22 132 193 160 97 93 56 102 53 193 73 195 86 169 137 105 6 15 133 56 47 199 93 28 32 98 84 67 140 32 36 151 110 11 69 114
154 43 48 40 161 77 84 78 108 138 15 138 44 66 50 158 109 125 118 97 90 128 76 142 21 170 124 82 67 152 180 156 56 152 24 131 117 51 37 164 107 199 90 147 149 26 148 24 55 137 188 177 35 115 170 64 44 117 167 168 151 115 16 74 34 159 7 170 159 126 30 146 97 128 88 83 51 102 186 113 78 128 73 1 8 114 16 132 25 74 13 188 178 49 31 74 46 141 153 4
103 66 48 73 19 146 105 193 129 200 56 199 150 161 79 199 37 56 171 164 170 151 61 63 117 182 9 113 196 120 114 46 171 103 185 147 49 91 27 155 105 29 14 155 2 67 135 25 13 127 198 47 142 193 112 180 128 119 131 62 81 141 186 22 9 106 154 80 189 27 89 185 133 156 134 15 65 26 4 18 103 8 123 112 3 14 138 82 44 58 51 180 56 135 188 119 13 121 115 178
121 41 27 77 141 140 65 138 160 16 37 139 38 154 188 172 119 160 72 35 60 2 32 99 136 82 190 137 128 89 42 156 32 152 193 71 120 159 199 88 182 102 185 130 97 133 158 33 174 45 182 59 145 121 132 69 91 21 105 177 108 130 23 84 86 153 93 91 117 61 90 148 183 105 101 31 179 54 38 170 196 138 15 138 37 107 72 121 198 46 4 46 100 28 139 131 83 28 62 131
125 151 77 70 186 114 105 22 194 93 199 113 91 115 6 14 20 29 117 166 193 124 101 37 44 171 102 11 189 85 34 42 188 52 85 63 197 173 121 87 133 188 40 33 125 8 92 21 116 52 90 104 42 149 56 131 123 63 148 56 57 158 195 38 106 39 58 25 160 36 138 33 174 28 27 41 145 133 168 131 23 79 128 96 82 83 144 100 172 155 117 95 15 62 175 155 181 124 42 126
49 116 130 3 105 123 133 92 166 157 114 41 75 179 49 109 63 30 8 101 44 137 120 152 132 114 39 103 98 29 172 181 39 83 129 106 14 195 58 33 128 149 40 154 178 10 129 105 62 36 44 5 6 74 95 29 176 102 15 92 189 82 59 178 67 21 42 50 178 34 152 31 198 106 132 199 169 59 72 27 68 159 12 190 157 142 12 9 55 190 160 20 184 74 64 32 60 177 91 131
4 102 127 102 124 96 17 171 135 168 200 149 23 79 109 54 123 117 152 100 180 61 152 195 150 80 24 189 84 184 102 190 122 56 158 175 109 59 140 139 11 30 177 197 144 59 175 103 130 126 3 48 5 174 161 18 165 152 25 1 197 128 128 78 183 31 34 121 50 136 27 184 17 86 187 60 68 153 158 143 160 197 123 103 146 141 107 79 84 169 148 168 178 46 124 31 36 48 200 31
170 184 32 87 55 47 176 195 66 148 160 159 139 108 150 118 185 78 11 196 38 120 160 139 78 59 101 68 17 62 194 166 50 191 133 163 192 102 103 160 96 154 146 200 134 140 126 42 195 1 108 38 189 187 76 153 93 163 176 175 101 82 153 79 161 48 109 13 4 55 114 39 79 166 1 86 191 23 83 37 15 176 182 11 126 12 54 130 186 90 153 42 175 143 106 193 191 196 197 64
