60 	
40	51
1	63	8	3420	9	
1	84	6	1307	3	
1	46	3	58	2	
1	57	4	4049	7	
0	85	9	4531	9	
1	30	8	5875	3	
1	82	1	1471	6	
1	78	9	2397	2	
1	65	2	4118	2	
1	22	2	612	1	
0	36	1	2987	2	
0	87	7	3791	8	
1	54	2	2710	3	
0	60	3	4395	2	
0	67	8	4836	2	
0	73	1	2026	5	
0	83	4	4748	5	
0	87	6	1940	7	
0	98	2	5219	9	
0	76	9	5997	1	
0	8	5	3772	7	
1	77	3	3331	1	
1	45	6	3545	7	
1	80	4	2684	8	
1	1	2	6800	1	
1	87	5	3357	2	
0	40	7	285	7	
1	16	1	1063	5	
1	26	1	470	1	
0	96	6	432	9	
0	12	8	3632	3	
0	58	4	1366	7	
0	54	9	411	4	
1	63	1	4588	8	
0	97	7	122	9	
1	6	4	6057	2	
1	94	5	5737	8	
0	99	4	5155	5	
1	8	3	6263	9	
1	47	5	6751	5	
0	85	4	3705	1	
0	16	4	5213	1	
1	76	6	1906	3	
1	21	5	5330	9	
0	11	4	2577	4	
0	25	2	4771	2	
1	43	6	369	4	
0	43	3	2921	5	
1	98	9	618	8	
1	57	9	4224	4	
0	83	9	425	8	
0	17	6	1515	7	
1	72	7	2005	1	
1	85	8	3413	3	
1	34	3	815	2	
0	23	8	66	8	
1	90	1	535	8	
1	99	7	4763	4	
0	51	7	4411	6	
1	66	2	2049	2	
52 113 81 131 52 89 195 176 149 60 157 37 101 50 148 20 14 168 36 200 129 24 144 79 164 137 147 79 130 159 168 126 2 185 139 69 100 1 81 8 20 162 73 66 58 21 96 128 132 95 19 153 150 130 25 196 180 34 153 26
167 105 57 108 59 72 107 174 155 188 34 167 11 186 195 113 171 7 138 142 197 142 29 28 54 98 142 47 13 70 13 81 82 94 51 29 81 106 138 138 23 119 60 81 41 116 192 58 106 43 62 56 96 52 188 152 172 29 7 57
19 112 38 189 149 26 143 94 186 56 85 8 29 90 198 51 2 145 50 88 189 81 147 6 41 51 102 58 124 97 102 116 92 199 35 198 198 33 116 61 96 23 122 80 62 27 98 99 56 29 160 176 96 165 59 17 16 1 37 28
45 106 151 49 115 100 44 192 38 50 35 71 152 74 67 94 43 151 57 114 3 88 53 137 100 196 53 194 159 160 111 22 141 145 12 123 124 96 112 29 97 111 52 107 104 96 160 38 100 142 95 34 51 39 9 80 106 109 143 92
112 134 147 113 36 67 187 144 143 163 196 128 25 197 3 200 24 93 113 6 92 65 96 117 53 182 71 57 11 129 114 84 126 146 164 65 151 179 66 43 138 181 57 125 156 49 146 4 121 112 192 188 127 56 69 58 138 78 87 55
82 64 123 134 110 81 21 194 139 176 165 3 165 171 53 84 121 171 69 140 138 153 117 91 162 100 193 183 8 64 176 114 110 141 179 103 17 31 171 152 23 123 122 173 51 31 145 84 104 85 195 119 162 64 152 47 51 109 93 83
84 33 4 98 42 133 160 66 158 12 36 106 196 187 139 188 31 60 9 74 105 93 67 16 20 15 107 90 93 114 95 119 15 46 140 107 61 100 42 77 36 153 102 147 24 65 112 43 5 139 31 64 27 174 59 187 51 145 59 85
69 130 22 71 180 95 187 20 32 35 167 18 32 48 166 111 157 2 135 138 131 6 149 104 196 164 13 47 5 198 45 87 22 50 146 95 9 198 26 169 6 127 6 44 45 58 69 1 104 81 47 136 196 194 171 167 197 192 169 16
40 133 50 96 181 89 88 80 82 127 92 141 124 23 23 16 157 191 7 168 40 82 52 97 30 136 145 102 115 76 69 101 160 133 170 22 71 75 190 163 127 149 74 121 187 54 196 106 20 129 119 140 26 105 31 116 42 16 167 26
130 109 14 115 102 2 194 10 166 183 126 161 111 26 81 7 132 125 192 119 127 28 146 165 80 133 78 81 75 17 16 60 156 64 38 184 169 112 136 4 144 45 52 23 105 163 172 84 48 102 73 174 31 172 10 81 165 29 62 108
28 5 59 161 61 48 111 135 69 73 13 22 5 23 15 55 32 36 47 54 169 165 135 130 12 156 152 133 113 44 198 96 155 32 141 168 179 122 164 13 170 140 91 41 77 35 81 188 20 11 130 35 168 32 21 191 12 129 21 15
142 105 13 81 157 136 84 189 154 51 40 126 86 70 43 187 9 174 113 126 83 128 184 44 36 114 161 189 20 187 191 144 196 56 69 158 153 121 36 46 141 104 108 68 79 176 57 131 60 61 100 133 96 142 200 4 28 42 164 1
98 27 35 25 15 108 1 136 153 163 130 39 46 134 198 171 48 38 4 157 132 120 70 163 156 97 126 176 101 75 138 152 69 82 199 11 188 103 164 61 93 178 187 163 23 159 32 12 184 102 39 22 4 53 154 90 61 131 132 28
155 126 26 88 12 164 100 111 87 130 106 181 31 198 145 174 49 11 35 123 150 87 121 121 73 56 102 162 35 15 180 91 196 109 47 90 27 164 146 46 66 95 86 74 52 165 48 79 185 124 22 116 22 111 114 143 113 112 177 54
29 33 110 43 67 41 38 27 149 132 119 166 192 200 178 148 24 192 179 88 199 40 190 12 169 65 14 66 53 164 192 86 10 122 192 69 64 128 64 70 160 66 164 153 96 81 165 70 46 103 35 170 96 101 158 67 199 41 10 100
112 60 152 192 163 165 68 81 88 15 167 54 100 119 169 62 152 113 80 77 82 186 57 29 41 151 97 13 33 139 194 41 53 42 81 116 117 7 126 76 133 182 159 25 43 150 126 171 103 154 145 100 185 49 140 52 181 131 130 179
177 192 50 101 116 95 133 32 119 26 105 161 103 70 77 139 126 95 90 77 184 139 69 171 186 10 51 53 143 102 145 104 56 112 14 81 26 161 165 10 38 33 105 74 158 181 155 123 28 100 104 94 51 140 136 77 127 98 30 179
188 164 3 169 5 177 140 182 182 14 175 52 156 109 118 46 166 195 154 52 1 80 159 160 83 108 133 113 16 48 186 123 77 98 51 117 18 131 182 67 136 45 179 172 184 153 186 90 60 123 10 171 193 198 198 49 197 122 131 150
100 8 62 171 105 161 76 50 159 102 106 92 102 68 43 71 161 22 195 133 155 40 138 104 23 84 12 6 186 159 169 40 106 156 46 1 177 46 83 125 197 172 124 69 75 43 75 191 196 44 116 154 111 104 66 137 9 146 18 102
24 161 41 161 43 194 101 29 104 143 59 114 166 139 155 45 14 28 147 112 83 184 150 14 149 67 93 193 99 121 36 189 157 42 151 132 72 2 194 87 158 191 86 139 69 149 33 92 19 195 33 193 196 164 49 75 40 61 69 91
49 35 152 7 98 70 18 56 120 153 91 171 88 128 171 178 186 188 43 11 54 96 23 135 127 69 99 184 154 166 183 148 88 59 131 40 113 7 17 32 82 91 115 25 132 126 10 165 125 60 187 64 82 162 22 162 147 98 67 28
13 168 79 169 5 157 32 181 129 104 121 127 44 111 16 112 180 16 178 115 157 153 99 181 132 109 101 148 197 99 46 86 157 106 179 176 24 79 199 111 150 52 68 105 52 150 6 87 35 53 151 8 110 195 11 51 171 88 172 7
92 48 47 199 103 118 116 134 142 156 151 118 13 32 54 21 173 100 180 92 152 4 188 165 116 161 110 17 133 66 23 14 63 38 178 95 38 11 9 71 178 190 93 129 154 30 89 1 76 64 104 120 21 166 172 10 58 110 137 177
8 103 117 200 74 175 41 71 22 24 1 77 63 84 191 19 195 46 69 70 159 87 140 191 13 63 92 59 136 189 52 119 54 83 12 145 152 152 125 151 134 173 189 125 6 59 143 21 90 171 80 110 148 97 9 52 54 55 88 43
61 175 42 83 167 118 21 100 115 117 6 169 27 35 162 5 190 101 158 61 171 145 69 116 58 153 93 43 21 168 61 183 1 150 61 185 41 29 114 197 179 63 126 175 52 109 15 158 97 84 21 92 31 111 97 101 6 17 177 198
85 137 119 119 158 132 155 111 94 196 104 163 117 8 60 44 133 83 163 122 100 23 48 104 109 119 9 84 37 54 27 150 192 115 104 80 18 110 159 43 185 171 16 94 125 45 186 7 155 176 191 167 136 136 141 22 28 166 131 180
135 78 17 133 59 1 72 36 127 134 93 182 48 50 193 191 29 38 135 156 76 96 159 80 72 146 168 147 136 42 198 123 93 154 77 157 147 131 66 70 180 26 156 200 10 112 65 25 161 197 89 108 156 108 75 53 90 2 102 159
188 57 71 45 167 170 69 108 81 81 55 142 59 59 88 22 111 89 40 39 189 175 43 158 64 97 83 194 31 155 119 115 51 33 39 182 41 113 16 65 10 135 142 61 138 20 49 51 176 142 159 110 146 117 60 96 3 118 147 15
144 128 90 60 179 89 195 13 168 141 23 70 197 38 27 135 47 78 155 158 68 139 4 86 102 108 181 22 29 62 188 175 176 145 150 144 93 167 145 23 25 19 152 181 88 65 136 85 164 100 17 37 18 144 99 139 9 25 137 51
62 15 105 68 149 58 74 178 112 83 102 82 53 46 31 6 143 124 159 88 76 144 69 14 41 44 120 63 136 154 82 93 135 156 105 62 100 181 9 111 122 93 75 91 115 131 90 136 47 58 52 112 51 41 171 115 109 4 92 33
117 134 67 54 19 174 88 144 51 119 175 124 73 116 100 103 85 118 134 142 58 38 60 14 187 41 185 33 21 133 27 55 125 54 80 41 44 176 107 46 14 55 93 189 38 62 11 113 12 93 159 140 89 45 35 130 89 93 88 53
154 40 7 193 70 18 189 138 193 14 13 144 58 173 28 15 88 179 191 33 16 178 21 94 108 91 164 130 26 128 75 118 113 123 114 83 113 88 106 7 182 125 147 48 11 21 118 105 192 44 117 72 105 161 48 2 28 42 106 56
42 122 119 126 25 190 21 82 52 162 178 93 135 175 131 20 137 87 73 140 191 51 97 126 18 118 199 142 162 112 93 162 123 4 184 111 40 58 125 157 175 37 166 118 175 97 97 92 84 194 198 15 56 107 127 101 68 19 57 116
84 130 187 184 18 100 4 13 106 80 6 144 79 86 80 3 111 184 35 146 33 60 106 66 142 180 187 145 108 151 155 184 103 92 64 120 84 39 21 96 61 131 4 176 23 76 40 47 50 124 88 121 161 183 99 14 61 168 191 130
13 120 87 70 125 28 187 21 141 5 45 46 99 198 123 174 18 200 103 193 141 144 81 41 180 112 127 142 36 85 43 33 109 125 108 150 171 24 18 140 172 165 76 68 8 107 141 29 74 77 79 77 48 102 164 168 34 24 10 54
175 101 13 120 131 176 55 149 130 177 172 11 22 72 154 74 33 139 42 167 159 86 134 188 181 189 17 49 129 68 172 83 51 138 100 190 114 176 99 43 188 159 160 99 119 186 141 150 161 162 83 93 144 145 8 190 2 175 63 153
175 123 55 43 175 81 111 134 51 95 128 172 97 20 18 41 165 19 118 170 16 184 182 97 29 35 196 136 32 99 151 134 193 140 73 198 71 119 99 6 4 76 112 76 132 13 2 161 15 96 135 132 138 199 85 13 189 104 100 144
69 83 143 16 76 169 138 118 57 95 63 65 61 26 129 7 184 44 7 145 166 46 189 186 61 5 94 145 85 180 9 142 37 138 22 94 58 125 85 80 40 9 160 131 36 153 177 109 91 136 101 107 5 170 86 125 10 165 134 127
81 61 154 23 105 77 142 175 1 75 9 189 159 85 147 64 168 68 119 127 71 157 58 55 137 98 104 5 48 128 54 1 77 13 106 93 15 146 70 70 117 73 24 81 176 163 186 57 58 11 173 91 192 21 32 25 183 116 93 7
57 38 193 45 104 16 53 93 99 95 85 29 131 199 6 58 119 56 146 46 157 85 36 173 146 56 102 185 97 176 99 140 102 170 177 112 1 120 134 81 130 45 70 110 136 180 1 145 155 176 23 123 12 157 21 118 120 5 190 93
20 145 149 118 161 35 126 101 135 8 79 99 58 183 117 53 153 63 132 66 84 61 180 191 62 45 124 148 24 131 36 81 87 92 178 51 171 172 86 171 57 138 41 174 161 154 46 25 21 195 47 174 142 27 75 87 18 25 179 179
16 88 75 89 69 149 14 11 144 2 150 64 103 187 37 5 93 84 160 154 20 113 33 124 74 181 182 141 101 193 130 52 182 99 176 43 161 127 157 176 19 98 81 174 97 70 164 25 94 90 106 165 184 47 128 111 40 100 104 157
116 78 174 154 74 190 56 131 92 127 154 116 145 81 44 40 115 157 144 11 49 171 119 105 49 13 152 12 81 110 79 154 163 26 25 3 175 102 156 134 50 34 12 86 3 111 40 197 45 181 74 60 97 121 84 91 77 70 197 10
51 164 151 31 69 56 189 41 85 96 117 3 115 180 133 62 112 186 62 77 4 104 188 185 113 117 16 96 28 156 63 90 71 133 97 161 155 199 91 118 61 11 113 82 17 73 141 168 16 47 67 3 68 169 52 198 19 27 154 34
158 159 28 126 145 180 76 98 94 189 60 108 195 3 166 45 182 29 14 89 9 40 181 131 115 91 17 42 122 116 60 44 31 101 64 50 35 87 136 24 40 75 119 157 166 177 167 17 80 67 94 1 21 90 62 132 77 98 184 62
22 108 41 113 108 55 191 174 164 91 154 54 196 195 97 118 104 69 150 15 135 6 78 105 174 2 157 176 70 139 75 138 143 195 142 161 21 170 154 81 113 35 135 169 103 39 119 152 119 19 163 57 67 62 31 139 69 43 117 173
5 135 195 48 57 16 4 34 101 91 60 119 149 143 49 185 137 6 101 11 121 137 60 123 198 5 18 129 68 103 135 149 41 148 91 159 100 120 62 76 160 13 44 48 195 157 2 29 42 14 70 49 20 34 8 20 65 68 149 170
98 11 28 22 55 11 47 153 190 92 131 127 35 6 185 139 3 8 69 10 126 19 13 21 93 82 106 7 178 160 54 186 87 145 170 4 159 48 89 85 188 197 199 85 34 30 32 189 191 69 128 81 14 144 159 40 200 40 37 99
36 142 128 26 111 123 185 187 15 13 108 161 82 82 56 169 44 157 139 116 179 43 96 154 142 151 188 15 53 114 10 117 180 169 149 142 91 168 59 200 183 193 27 6 175 115 86 146 58 13 94 29 33 107 113 110 46 25 23 118
133 78 194 163 199 81 188 175 32 182 78 153 116 184 16 125 143 50 109 173 23 152 184 151 46 192 55 169 15 196 51 194 3 15 163 63 136 41 101 79 93 198 42 159 122 107 49 112 171 168 27 179 85 121 180 39 147 44 70 80
128 46 70 24 25 177 132 143 35 129 27 130 79 73 150 155 10 197 83 199 156 194 179 171 35 92 168 72 163 143 185 73 177 6 33 46 86 12 91 108 44 105 45 192 67 109 142 179 85 131 135 115 39 132 112 25 139 110 45 140
187 39 186 97 9 1 129 78 180 176 66 76 9 167 111 69 151 40 57 177 19 152 113 77 160 36 4 40 185 21 5 170 46 60 143 182 159 38 104 70 140 190 11 62 77 68 73 165 10 28 181 63 41 151 118 83 58 70 128 92
68 47 58 26 55 198 60 89 25 188 154 189 75 169 120 66 99 22 3 130 120 11 3 134 32 79 113 197 118 16 31 134 146 29 20 178 97 67 100 65 77 103 30 147 4 135 16 196 152 146 42 83 181 141 191 153 122 17 62 43
15 82 121 3 136 44 22 2 158 50 93 71 15 168 97 131 25 157 65 125 50 5 15 113 158 127 56 70 81 123 50 110 187 72 126 110 128 38 19 28 154 200 72 118 71 46 4 70 43 113 34 96 197 127 79 157 199 101 93 139
63 138 2 129 98 191 33 10 185 12 70 111 157 103 174 80 118 157 116 173 35 41 59 156 172 52 61 143 114 107 78 188 147 163 35 31 111 176 188 109 88 81 35 154 197 159 134 33 19 77 129 15 77 60 198 119 185 153 147 116
195 23 185 26 123 138 93 160 3 165 92 187 72 79 109 79 170 13 152 126 38 34 60 31 87 25 87 34 73 163 143 190 179 34 83 68 182 58 87 134 32 196 149 23 158 168 143 35 5 111 51 104 153 101 74 135 51 46 186 69
120 72 157 38 180 129 51 149 3 78 26 77 165 52 159 155 28 79 71 194 60 42 42 163 14 154 93 93 180 52 128 151 128 92 56 113 123 182 114 48 16 28 198 14 24 13 153 9 62 149 134 118 135 130 48 128 197 67 128 162
169 194 194 162 40 117 15 107 32 50 3 187 79 196 188 159 127 183 18 140 165 162 118 9 39 72 75 92 180 198 171 198 44 35 84 191 154 75 120 31 137 63 37 140 27 126 26 40 100 59 59 143 29 22 130 34 6 13 44 160
197 74 172 159 194 79 125 64 100 71 44 198 30 139 15 89 105 14 144 132 121 57 11 130 170 183 74 14 13 72 25 146 172 106 141 134 104 134 146 78 3 196 40 145 125 37 53 28 137 81 82 111 33 198 118 192 159 20 98 180
96 68 171 56 114 58 41 59 169 128 149 12 34 198 39 140 157 174 85 47 147 41 154 109 116 46 105 89 58 69 55 51 198 197 1 59 85 28 3 36 18 92 137 80 19 51 196 2 113 21 100 25 129 11 133 135 7 66 136 124
152 195 8 168 126 158 70 68 123 82 173 180 97 107 49 105 174 109 8 104 87 42 152 21 140 58 197 112 122 99 121 161 130 92 157 66 77 124 174 18 160 44 175 188 22 165 96 166 40 13 165 29 39 83 28 78 168 112 173 126
