70 	
8	10
0	45	5	5057	4	
1	31	4	3376	9	
0	41	8	4691	7	
0	33	6	6236	8	
1	70	6	3264	8	
1	28	1	5660	6	
1	67	7	519	5	
0	87	1	2856	7	
0	50	2	6163	2	
1	30	8	2935	4	
0	27	4	1998	3	
0	62	4	5627	3	
0	28	2	2140	3	
0	92	7	4905	6	
0	30	8	4560	2	
1	29	7	5789	8	
1	43	5	4313	3	
0	94	4	6113	3	
0	16	2	5883	3	
0	12	9	4246	1	
1	25	3	697	2	
1	80	7	3395	8	
1	84	3	708	1	
0	53	3	804	2	
0	90	1	1701	4	
0	24	6	4984	2	
0	10	1	4136	4	
1	86	9	5265	4	
1	15	2	2189	9	
1	29	8	5260	2	
1	29	3	1449	5	
1	24	3	4157	7	
0	38	5	824	7	
1	72	2	1108	3	
1	82	5	1664	7	
1	67	8	5407	3	
0	54	6	4538	6	
0	47	9	1266	5	
0	88	1	1649	1	
1	9	9	4416	6	
0	61	7	5374	8	
0	86	6	3605	9	
1	60	4	2136	6	
1	50	8	3173	8	
0	6	2	4427	9	
1	22	4	1016	2	
0	99	9	3568	2	
0	26	5	1515	7	
0	11	4	3109	5	
0	80	2	2269	2	
0	12	4	753	3	
1	11	1	2816	2	
0	20	4	3811	5	
1	55	6	5443	4	
1	78	5	3813	6	
0	43	1	3064	1	
0	38	8	989	4	
1	49	8	4605	1	
0	1	2	2867	9	
1	18	6	2982	2	
1	11	6	3768	3	
0	50	7	2096	5	
1	81	2	127	3	
1	96	3	5686	9	
0	15	3	1536	9	
1	15	1	79	6	
1	41	2	2523	2	
1	77	8	527	5	
1	16	7	504	3	
0	28	8	3637	8	
194 97 80 138 91 183 41 92 91 2 64 136 49 45 161 109 170 8 98 42 177 115 172 100 33 112 183 46 4 32 63 188 135 174 54 93 144 15 47 71 133 78 7 91 177 108 151 131 199 122 186 82 13 71 167 105 141 6 128 104 189 103 191 3 41 141 88 22 43 36
107 149 4 33 85 77 97 134 176 16 117 24 47 126 1 97 72 190 170 20 117 129 132 101 34 94 188 36 147 55 79 191 57 120 82 107 116 41 38 179 126 159 39 29 113 110 21 62 163 93 113 171 23 196 109 182 113 173 116 24 75 91 74 80 63 47 92 178 137 70
101 191 154 45 114 20 166 65 161 129 88 86 11 29 12 112 195 171 65 166 14 6 29 18 75 65 104 138 163 30 130 134 117 17 111 56 126 193 57 6 133 143 196 78 14 114 167 32 198 112 182 151 86 104 96 71 165 29 57 119 29 78 1 11 107 187 180 130 185 58
93 126 138 66 30 34 124 175 4 25 134 193 60 52 168 82 130 10 180 120 49 58 162 15 22 130 177 90 31 48 60 155 18 171 82 99 29 160 68 122 150 2 73 46 132 11 100 145 125 162 90 111 54 93 94 188 83 22 134 109 13 72 75 156 45 79 97 99 92 139
35 62 142 87 66 93 187 3 23 107 10 184 15 185 195 169 134 2 143 91 102 132 38 102 136 136 198 168 90 118 171 146 119 177 163 53 11 75 127 40 99 83 14 19 27 160 112 144 153 60 126 73 50 93 88 160 39 43 80 18 133 59 160 112 164 19 18 21 47 185
140 87 190 89 97 78 88 9 171 198 114 132 54 171 4 95 119 71 132 161 53 184 200 119 199 64 130 36 86 18 60 17 181 90 198 182 142 44 113 74 63 51 68 167 156 172 37 152 56 58 100 97 74 65 176 92 195 76 62 172 49 45 80 67 31 45 146 49 183 174
142 157 46 7 65 150 193 168 10 37 39 83 22 103 140 199 184 129 22 52 38 137 170 75 24 54 23 97 67 184 47 139 26 173 94 90 124 200 110 99 5 7 103 158 140 156 130 110 127 33 109 15 106 169 127 93 102 140 144 184 103 95 168 19 6 135 16 139 7 144
183 8 93 61 77 32 185 126 115 132 45 35 14 80 48 46 200 129 14 132 185 121 83 45 119 147 200 102 173 51 130 86 138 167 124 176 151 43 184 135 136 6 155 173 97 200 137 91 76 136 111 146 114 62 54 32 20 196 170 155 188 43 27 139 116 142 116 193 40 22
46 44 190 142 72 17 177 34 82 108 53 106 105 48 194 152 99 76 114 89 24 105 178 105 2 118 25 4 4 127 131 72 36 160 178 106 130 82 69 29 32 78 83 34 23 23 190 22 124 27 106 6 141 171 70 7 47 147 112 177 159 60 137 64 68 75 130 21 133 191
20 37 37 43 200 171 72 54 130 148 54 50 173 20 25 170 12 195 14 74 33 138 76 26 106 70 60 81 144 183 91 9 123 26 192 5 58 169 147 72 50 37 143 5 91 71 50 10 74 101 110 196 11 123 131 129 124 135 146 195 104 36 15 120 198 67 33 163 143 51
127 45 134 89 16 9 169 126 72 6 44 54 176 172 24 198 159 138 196 126 37 126 131 178 29 41 165 197 6 25 100 21 45 127 193 56 186 44 80 7 93 126 160 183 80 141 51 108 120 112 172 195 55 185 166 160 89 93 47 89 177 98 142 91 196 82 79 59 71 95
177 39 133 163 146 122 73 143 102 110 136 197 16 37 124 131 107 37 188 4 92 124 117 25 54 41 17 193 155 9 82 30 16 31 43 24 174 109 101 121 20 57 67 59 182 90 98 86 71 46 107 145 149 165 151 173 191 3 168 83 83 113 65 140 44 37 43 64 131 50
89 139 133 145 3 75 85 26 174 110 172 73 64 11 158 162 20 18 37 124 162 28 55 74 157 134 93 199 57 40 27 28 179 196 200 79 95 149 188 5 125 120 46 2 35 183 138 90 30 17 60 107 140 6 121 66 197 154 174 136 47 132 65 182 161 175 123 153 122 142
199 36 2 76 20 93 88 72 189 99 145 48 29 61 176 132 118 76 163 154 65 199 16 87 143 181 130 94 121 153 58 154 193 175 113 176 187 71 127 51 182 60 83 45 84 179 114 4 94 104 9 167 20 104 16 140 128 124 127 54 42 62 34 48 152 28 119 199 69 153
98 92 46 39 168 110 50 44 28 129 40 64 3 156 84 98 138 75 43 185 32 39 58 152 115 4 130 165 66 113 199 190 136 19 32 177 173 118 100 47 24 116 137 182 84 118 65 73 198 86 162 184 25 55 31 40 4 87 56 107 47 149 119 17 7 175 10 120 28 199
81 41 187 155 196 33 151 83 9 48 48 137 14 114 80 48 147 26 16 113 21 103 170 41 157 117 161 87 89 90 21 92 155 116 51 61 8 31 40 150 141 37 44 191 133 84 158 130 137 146 120 73 194 133 31 4 14 152 194 139 131 86 128 119 93 189 142 88 29 29
87 187 188 155 31 92 171 182 182 126 62 83 77 15 102 23 6 18 11 5 51 83 13 182 180 179 41 108 43 173 183 187 77 13 7 136 126 197 69 145 51 175 73 112 125 163 40 17 174 115 84 128 4 122 129 49 160 173 114 83 68 176 47 126 121 104 55 125 120 17
86 73 54 161 86 11 128 144 8 80 194 48 192 116 130 42 132 142 83 125 24 135 60 168 118 5 166 12 117 41 106 63 193 101 111 75 154 17 154 197 152 12 2 60 164 120 53 71 122 75 123 96 46 172 42 28 37 35 54 111 160 97 116 96 148 100 92 10 125 100
64 122 167 28 15 144 104 134 151 137 125 103 29 169 2 154 74 190 19 40 67 44 66 22 113 6 93 13 44 148 140 71 34 150 3 93 75 111 25 8 111 169 5 120 89 132 182 187 140 157 32 111 19 94 107 85 13 175 117 143 189 31 103 95 89 114 50 98 200 140
117 84 45 42 51 166 75 153 179 106 105 118 105 135 2 19 125 159 183 67 157 31 175 198 63 39 99 26 61 12 45 116 176 147 167 88 167 30 59 110 50 185 53 13 162 86 76 179 17 144 189 92 1 46 21 166 95 59 54 139 42 155 29 106 120 145 92 120 163 19
152 82 161 16 162 149 99 52 142 35 44 155 23 137 21 3 134 28 178 90 178 198 161 134 17 109 17 48 167 162 60 76 174 15 87 59 46 16 141 170 80 95 27 77 75 59 156 159 153 21 177 31 155 117 125 118 106 147 67 77 124 172 116 146 54 31 129 190 103 61
90 2 52 79 63 188 177 7 85 136 36 119 140 18 132 142 157 101 43 150 54 62 168 11 31 16 76 187 62 134 123 89 60 184 191 172 133 29 61 52 20 66 7 69 64 178 113 43 135 174 127 36 20 113 98 51 61 91 166 135 73 151 172 200 31 73 153 18 155 78
111 83 171 43 7 42 113 65 119 13 54 186 182 65 16 79 65 150 104 166 188 158 1 2 81 121 146 6 95 71 153 189 196 43 137 193 81 49 41 56 85 70 79 69 43 68 121 174 194 141 177 79 112 101 46 13 75 62 94 147 174 31 129 1 157 14 49 69 13 132
18 120 13 198 47 4 49 165 32 164 44 82 186 151 184 104 99 5 111 108 168 79 74 77 108 97 106 126 114 189 41 63 32 23 188 121 169 147 70 144 77 155 190 61 114 33 62 100 123 172 45 46 21 194 195 168 175 156 117 133 39 64 166 131 77 103 126 93 138 107
91 28 170 167 128 76 55 158 52 147 161 9 90 155 115 88 37 16 168 1 192 42 75 199 37 101 36 15 125 26 130 171 113 138 129 163 166 41 176 4 12 68 106 177 74 173 125 80 32 155 35 47 170 43 30 170 52 63 192 35 72 185 72 115 37 161 75 191 121 169
108 31 151 49 169 82 72 96 79 68 9 33 16 68 8 86 194 168 40 104 115 35 97 94 169 114 122 4 161 90 108 25 131 61 67 50 107 48 186 162 135 135 199 39 161 101 15 188 5 103 196 175 183 43 71 199 47 99 167 7 36 148 200 30 96 120 55 33 195 84
191 126 16 125 187 12 137 87 57 18 187 29 103 22 150 102 113 160 94 137 92 114 55 163 179 188 6 167 170 171 130 49 81 171 33 159 57 86 130 66 122 195 113 1 129 151 43 43 85 121 93 20 8 187 7 77 138 27 178 143 166 187 40 54 52 7 118 135 98 139
22 81 176 148 95 64 198 122 193 31 179 28 151 120 77 149 88 23 146 32 162 29 174 180 130 94 196 4 4 101 115 24 168 127 61 37 14 5 38 23 57 145 73 31 13 126 27 130 197 158 38 12 25 16 93 50 132 136 97 34 40 175 156 19 128 25 123 100 58 161
60 47 159 144 200 145 123 130 125 46 21 163 151 25 32 190 138 161 91 18 171 192 166 8 115 200 136 110 117 41 19 9 114 72 80 193 60 1 142 185 65 40 7 189 99 33 138 140 199 53 166 183 110 123 178 74 68 192 43 132 62 154 15 195 124 180 114 65 90 78
25 110 92 179 44 21 130 41 81 126 15 178 85 135 77 32 1 147 15 197 71 140 58 35 119 42 17 129 108 116 135 55 49 71 11 163 184 94 25 155 167 176 127 123 49 197 73 139 35 139 68 76 46 200 4 35 129 70 82 90 178 36 109 168 12 20 30 34 49 155
119 90 199 176 182 92 14 147 47 136 9 153 140 159 45 71 116 93 89 44 161 11 182 199 21 36 128 19 38 74 68 99 46 49 4 51 98 165 130 188 162 27 156 30 14 189 3 127 159 85 87 61 92 112 163 139 75 47 149 138 102 73 166 86 130 19 199 29 98 180
182 97 98 4 72 64 49 8 93 101 5 113 98 85 70 189 106 164 38 150 124 45 170 105 169 91 171 121 49 130 37 64 104 151 34 6 160 180 117 197 113 181 92 27 114 48 154 96 91 88 31 67 181 83 133 21 16 168 26 170 78 111 49 29 121 159 30 23 31 35
68 68 180 149 148 101 71 3 38 157 144 73 49 110 60 14 123 135 136 151 138 47 160 8 73 172 79 72 74 70 193 118 106 35 64 120 40 168 197 135 161 200 124 81 117 26 156 145 164 128 19 122 44 32 45 198 154 67 155 19 19 187 34 45 25 193 167 103 20 137
12 167 26 20 25 29 125 145 6 22 171 124 49 68 185 57 99 85 19 127 141 110 62 84 133 168 119 68 45 21 178 177 108 19 62 1 112 71 5 53 138 164 16 2 92 89 185 3 32 37 174 37 93 94 157 115 36 191 19 177 135 18 112 199 166 85 161 37 91 43
176 116 69 63 6 150 111 50 27 194 79 179 87 77 39 31 143 112 9 135 96 132 14 127 55 14 181 130 45 72 186 145 117 192 82 13 196 94 131 20 155 100 87 149 125 119 122 6 28 146 116 76 50 169 101 60 40 52 158 174 61 56 116 128 192 110 51 130 139 197
123 130 135 31 56 67 108 1 13 96 115 176 115 112 151 133 114 40 195 63 25 115 58 27 101 76 177 149 145 80 68 110 46 66 179 165 159 189 3 120 134 94 178 20 114 115 18 180 50 149 74 179 178 34 109 140 154 112 112 40 165 35 162 198 126 32 140 17 100 140
1 58 84 126 1 147 113 86 149 152 138 27 61 6 148 68 196 180 18 166 133 139 184 200 106 143 65 180 164 176 151 110 54 77 111 62 149 123 96 2 146 87 34 7 200 42 178 113 137 93 48 112 166 195 169 10 43 96 125 159 76 65 77 166 9 195 164 85 192 196
62 58 133 14 51 167 115 147 38 2 113 75 137 52 11 120 101 59 78 46 64 7 23 187 92 154 79 49 91 143 59 148 146 3 130 180 176 126 43 165 82 149 198 189 25 79 24 161 41 1 91 131 20 57 8 197 34 55 67 94 199 25 176 10 77 154 168 193 135 195
177 31 155 187 58 156 136 195 167 30 73 73 39 175 173 197 47 76 100 75 63 193 191 163 170 40 50 105 125 30 166 182 42 23 165 47 124 102 142 74 98 117 16 198 143 104 43 155 103 11 41 25 35 139 79 131 164 164 160 121 63 133 105 125 141 27 12 65 93 150
172 39 177 145 165 151 158 157 165 63 67 89 155 127 8 32 132 143 46 63 200 170 166 166 57 34 113 37 15 46 117 95 174 117 62 40 103 12 187 74 152 92 23 37 17 100 196 168 77 100 179 133 21 84 183 125 62 132 68 106 194 169 96 21 68 11 80 60 105 12
78 88 7 49 98 64 119 7 181 78 89 175 157 119 185 73 56 30 6 81 107 57 39 54 96 117 115 134 52 149 151 2 27 164 196 40 79 75 105 70 3 63 66 34 112 173 134 194 112 50 124 173 46 105 98 153 92 169 34 129 191 134 13 51 157 168 195 164 24 128
90 144 24 100 126 38 50 49 65 38 156 38 56 61 116 59 105 157 79 168 180 123 5 105 136 20 101 42 181 136 30 53 99 170 158 143 38 158 46 72 193 71 152 23 50 19 129 86 128 41 149 3 107 40 146 25 55 173 175 76 184 170 128 175 184 191 133 105 28 10
133 144 70 58 29 31 193 126 98 39 16 184 32 170 196 92 186 68 84 19 99 198 142 56 65 185 167 91 139 70 102 155 137 89 186 189 8 38 158 161 140 189 112 80 49 146 187 20 101 65 149 93 11 190 174 103 193 95 193 76 56 166 33 27 189 91 121 147 180 7
49 167 11 10 67 139 135 119 63 120 132 64 198 21 128 79 181 113 17 132 150 185 145 99 169 194 33 11 64 27 139 92 32 123 73 146 60 137 98 194 58 92 139 195 125 198 193 17 69 63 177 182 18 77 65 109 87 38 152 187 50 1 79 121 118 111 83 25 47 193
199 121 21 133 182 193 159 33 48 167 101 123 117 198 176 161 97 27 11 106 104 180 104 180 56 167 124 91 27 180 66 71 47 85 200 10 10 35 144 143 63 48 167 198 8 94 33 193 139 133 135 45 161 54 89 103 65 76 156 39 63 96 145 52 60 70 60 62 62 16
24 22 185 90 191 21 76 18 71 186 64 95 16 146 120 191 188 72 58 83 174 19 191 52 136 24 117 14 167 179 167 49 143 35 143 61 22 198 79 153 155 54 85 191 200 57 190 119 161 110 115 105 122 50 82 173 39 98 62 171 109 190 17 82 116 144 50 112 137 34
177 135 8 150 183 187 127 113 136 102 49 140 14 55 152 148 151 200 67 150 63 174 181 140 111 167 92 163 43 40 113 121 150 63 175 120 20 187 80 152 147 96 147 197 105 188 58 120 158 60 158 171 123 54 192 151 136 48 122 117 164 54 74 70 89 88 95 21 146 176
50 106 30 31 98 169 76 68 90 170 79 190 95 70 4 106 135 26 73 178 188 40 85 178 132 16 87 115 135 66 48 39 130 7 162 41 149 84 92 50 32 83 123 148 57 195 197 196 11 152 151 129 68 108 102 119 155 82 68 11 65 94 126 128 51 68 197 42 58 161
164 77 88 137 71 194 14 62 155 58 155 56 114 139 138 133 138 192 55 49 183 177 197 148 94 152 146 124 22 56 148 167 86 125 32 158 166 165 193 95 145 150 129 50 120 132 36 136 149 89 72 176 3 64 193 60 167 24 123 97 90 111 92 99 95 62 13 187 150 125
191 53 2 19 107 23 170 86 108 180 165 136 28 160 184 141 26 73 187 78 1 112 161 153 74 49 127 191 104 128 109 115 161 69 76 165 117 124 64 80 49 53 138 9 83 27 175 130 163 136 74 107 143 177 92 139 90 108 108 50 130 151 47 83 91 136 84 175 127 91
78 81 54 80 52 163 138 34 99 18 107 189 167 199 57 20 70 129 31 193 59 92 140 107 12 152 86 156 86 151 52 80 61 155 103 168 161 77 149 167 47 135 130 18 175 30 190 43 102 60 143 54 56 170 161 22 122 110 151 103 160 194 166 180 31 110 63 33 21 118
16 59 194 161 195 86 169 119 8 39 23 135 154 91 115 22 36 129 31 30 144 30 106 168 168 156 64 14 172 6 169 186 135 1 108 20 100 174 68 39 151 21 107 89 74 37 200 22 195 180 64 144 88 28 111 95 38 62 96 5 186 115 189 58 19 11 78 140 172 154
162 66 182 43 111 4 121 147 81 71 97 169 55 66 58 73 147 9 167 45 166 181 9 170 76 134 181 161 123 148 150 84 112 8 145 31 186 25 121 115 100 133 175 192 92 2 159 73 71 169 81 34 53 152 198 86 174 88 116 194 167 16 159 195 151 61 187 85 148 46
81 63 49 21 44 31 42 52 16 12 109 86 160 120 83 106 25 105 96 89 187 196 21 82 149 185 160 63 172 166 184 3 172 192 86 31 68 121 171 192 98 67 99 188 83 195 26 50 124 172 39 112 185 200 35 198 103 18 87 4 16 198 140 121 189 145 22 149 22 32
66 156 44 130 5 180 114 81 160 198 195 57 105 9 33 93 96 150 120 83 171 66 53 51 195 173 143 165 160 36 182 130 111 37 185 83 133 191 1 13 38 154 89 131 49 129 184 177 102 62 101 193 193 161 62 199 75 104 98 100 99 96 118 29 101 49 200 8 31 136
29 9 132 177 74 160 84 66 45 101 148 192 146 106 103 50 66 83 20 6 29 21 155 86 96 134 99 19 154 73 78 5 11 19 33 187 161 184 54 185 110 128 162 99 119 41 166 103 194 58 45 185 42 19 75 8 94 26 147 17 154 54 115 49 180 12 196 39 172 109
107 47 81 100 191 119 111 140 29 72 80 88 104 83 42 103 29 37 48 133 193 157 185 139 198 137 71 120 136 76 133 109 34 38 91 194 90 88 32 58 49 180 81 169 172 70 71 16 29 108 148 61 95 141 165 41 48 29 22 196 186 38 79 83 83 42 1 131 4 125
125 2 199 84 161 135 174 153 71 112 133 34 188 152 11 13 36 11 198 145 72 173 191 78 2 81 3 39 171 172 62 157 109 74 20 71 96 147 199 61 156 137 89 172 74 88 51 122 19 41 159 87 181 1 118 69 142 28 113 199 195 93 63 109 176 7 97 7 72 104
100 151 118 66 156 19 81 156 73 185 159 46 113 49 32 39 200 85 81 91 156 181 15 155 97 63 78 121 92 22 34 49 35 168 132 95 146 41 67 22 44 185 118 105 151 53 86 86 98 104 98 84 83 61 96 48 48 110 186 75 117 127 119 26 94 167 195 5 128 54
13 135 151 114 108 60 64 166 58 58 35 42 104 186 67 198 170 10 117 91 113 108 36 31 196 115 46 50 186 14 153 46 150 160 141 9 155 37 133 91 153 64 100 173 193 178 63 104 31 15 21 9 182 8 102 154 79 28 27 36 58 163 11 63 55 120 26 92 185 69
156 65 19 173 5 120 130 87 85 59 19 64 52 92 24 14 56 166 170 150 92 144 29 127 183 183 42 130 136 65 63 196 66 98 97 187 14 62 194 134 98 155 167 200 157 148 64 22 39 14 32 85 69 160 140 177 115 68 104 159 164 30 163 75 160 139 64 196 115 175
121 197 5 57 51 11 31 183 191 141 187 173 141 79 121 106 134 125 162 148 119 71 83 157 108 15 168 161 39 187 76 196 151 180 177 100 132 119 36 194 15 123 140 183 68 33 3 77 39 41 44 164 41 45 35 67 187 22 176 141 78 22 78 9 62 114 44 194 118 145
66 112 36 43 99 25 96 166 196 118 135 16 199 122 128 166 169 191 124 59 106 39 19 20 135 14 174 151 145 123 91 126 45 31 187 9 60 141 22 44 91 71 108 143 4 75 187 64 153 103 131 152 166 63 114 57 41 40 38 120 168 187 143 121 21 7 175 151 78 151
6 198 41 72 91 2 160 194 57 134 82 5 190 125 183 90 149 199 64 131 92 49 64 106 103 196 166 13 3 7 108 157 135 25 57 95 193 138 165 76 71 97 58 197 123 43 178 144 105 50 195 167 193 117 180 3 198 106 45 146 187 124 149 175 189 43 85 196 1 76
181 84 57 23 101 184 69 187 14 1 161 179 75 37 142 136 63 144 127 195 6 138 1 14 87 58 184 43 173 16 141 26 146 200 97 166 65 150 119 171 61 94 146 115 36 155 55 5 96 35 83 187 31 86 125 194 33 179 13 149 118 135 34 17 132 37 164 72 155 50
103 117 124 44 48 176 69 137 105 99 70 113 184 61 24 152 101 140 35 83 76 77 36 98 4 183 164 6 103 123 65 89 135 184 138 189 1 57 159 62 26 112 190 132 69 129 57 190 60 173 166 131 15 130 137 182 91 40 196 165 96 77 175 99 123 122 1 199 78 162
53 88 108 36 113 23 136 37 93 106 22 188 82 166 61 16 146 22 145 141 192 52 193 96 64 4 146 143 173 62 182 143 6 16 38 78 95 190 173 5 98 169 5 182 86 22 159 85 43 141 81 172 149 33 170 74 162 131 46 157 66 113 167 60 1 170 18 54 99 125
91 11 184 96 164 139 24 21 94 114 19 92 27 171 22 97 135 84 87 20 185 82 54 162 46 135 27 29 136 140 172 21 69 56 59 161 102 66 147 45 26 39 153 184 29 15 194 91 82 164 157 13 131 28 146 184 116 183 166 96 103 152 158 166 50 81 139 62 56 175
136 172 94 180 104 124 64 134 93 166 66 180 114 76 187 103 135 65 27 32 191 161 70 16 40 51 8 158 12 26 45 28 54 156 186 96 141 65 186 33 75 48 187 148 192 95 118 23 155 186 63 199 155 38 117 129 176 167 83 22 101 120 144 84 82 198 158 105 88 82
50 200 2 14 143 165 22 21 154 95 91 187 3 29 33 152 55 138 116 158 24 167 42 53 161 44 14 110 71 125 138 5 47 110 40 167 2 73 32 166 82 137 36 117 59 126 56 52 27 118 79 64 58 70 141 58 109 131 15 73 99 63 40 176 99 29 116 69 138 29
81 170 47 42 47 83 193 68 103 79 13 47 11 67 24 88 21 1 116 61 146 38 115 24 119 69 52 62 44 38 63 197 18 189 191 176 154 126 61 53 32 72 55 122 5 129 158 152 78 119 167 182 90 26 105 118 78 167 157 95 18 80 31 113 19 64 42 51 184 131
