40 	
11	12
1	8	9	305	9	
1	7	1	173	6	
0	6	3	294	8	
0	6	2	176	9	
0	2	2	279	4	
1	6	4	164	7	
0	8	2	127	5	
0	9	4	157	5	
1	7	9	188	8	
0	6	9	33	3	
1	8	3	241	9	
0	5	5	210	7	
1	5	4	11	3	
0	4	3	271	5	
0	1	9	198	6	
1	7	2	292	4	
0	8	7	248	6	
1	8	9	7	2	
1	6	5	72	8	
1	8	8	117	8	
0	8	1	132	3	
1	7	9	46	3	
0	1	1	253	5	
0	5	8	260	1	
0	1	1	244	7	
1	6	8	99	2	
1	8	5	215	1	
1	3	7	222	6	
1	1	4	46	6	
0	5	9	174	9	
1	2	9	294	7	
0	2	7	172	9	
0	1	9	173	4	
0	1	7	86	1	
0	8	5	179	3	
1	6	1	274	2	
1	7	8	64	7	
0	4	8	174	5	
1	7	4	78	5	
0	8	1	290	8	
88 121 83 110 109 78 181 171 73 195 190 97 50 83 98 161 123 82 72 37 131 133 35 150 108 174 164 10 144 45 104 172 27 50 28 192 120 8 108 154
92 163 66 29 118 190 165 188 115 137 18 136 75 47 86 136 138 35 128 104 28 33 54 87 122 126 143 42 61 162 119 56 52 112 45 4 66 35 90 167
67 196 168 98 13 67 38 81 81 23 176 131 199 40 17 193 119 174 40 90 56 17 73 98 122 66 102 107 180 43 80 105 19 116 31 116 124 89 170 9
8 101 175 35 65 64 161 119 144 190 156 127 88 26 173 166 11 4 159 142 42 197 10 10 55 186 7 92 119 73 140 33 107 16 121 66 72 168 161 75
80 189 17 107 137 171 11 146 2 18 181 26 172 36 1 50 143 32 24 155 56 98 133 164 35 38 145 98 173 14 156 78 97 129 101 51 61 45 93 152
30 178 95 141 77 193 137 70 73 97 131 86 184 23 190 154 182 172 79 94 161 133 62 57 41 124 76 16 112 121 138 156 54 153 125 160 164 80 56 163
111 82 89 15 39 113 92 192 121 110 23 6 165 53 24 35 120 87 61 45 98 187 70 39 10 18 118 200 132 123 131 23 197 21 149 33 54 95 14 140
43 133 73 28 26 60 113 67 84 14 45 80 133 51 41 73 124 172 48 178 2 3 18 81 182 192 42 40 192 146 59 181 113 14 91 118 147 133 139 102
48 194 116 184 198 69 4 155 78 147 71 146 137 128 21 156 111 90 152 191 37 102 99 167 16 4 197 66 6 153 18 119 172 101 23 200 135 124 175 151
163 183 133 9 49 30 39 31 110 12 149 114 36 67 95 6 174 188 148 150 189 169 41 126 41 168 168 49 129 132 88 116 103 159 21 137 138 3 84 94
105 33 31 102 130 155 188 164 54 172 118 39 148 24 191 102 46 47 69 99 37 18 3 169 128 132 65 196 104 6 131 78 95 125 96 41 125 34 154 10
124 166 26 67 72 198 19 149 136 175 48 85 78 9 46 182 85 66 121 45 138 1 74 19 171 171 27 50 56 121 173 177 28 191 78 68 92 55 153 20
167 185 141 157 41 108 88 9 20 77 142 151 37 24 18 24 25 182 183 125 8 146 173 81 65 84 196 128 176 180 76 169 113 42 196 10 88 150 38 167
116 11 152 191 166 156 55 91 127 2 67 143 150 113 28 9 27 47 4 152 31 121 151 197 80 125 134 73 26 46 193 123 103 151 124 86 111 72 54 114
72 50 199 42 153 80 68 110 94 47 46 26 108 32 172 56 90 32 192 3 12 15 106 91 9 17 179 162 96 92 78 2 75 136 59 88 171 40 145 191
7 195 161 90 176 141 26 31 5 127 45 25 162 144 193 26 106 187 53 145 136 180 3 96 143 182 42 33 198 183 83 31 45 195 149 178 41 88 192 136
174 11 170 48 98 18 171 174 31 108 53 79 23 82 107 187 5 165 147 145 187 135 17 59 112 110 68 65 196 62 11 169 135 153 130 63 111 117 70 71
53 200 58 75 77 41 158 72 55 78 136 161 110 90 36 64 151 76 100 134 133 16 75 116 111 178 67 136 122 15 52 149 6 31 104 7 75 33 41 179
12 44 116 35 57 14 23 118 16 193 152 165 174 84 99 109 168 89 32 57 84 25 195 92 151 127 80 46 147 66 9 154 95 129 137 169 147 139 90 188
172 63 38 106 57 196 199 53 18 151 23 134 188 5 95 58 54 1 127 8 135 177 82 49 73 29 143 132 111 188 12 23 98 98 105 146 114 22 179 185
27 173 74 175 50 68 162 99 184 84 58 177 54 67 27 98 69 48 151 106 190 143 184 80 199 40 147 97 63 193 4 32 161 197 5 135 73 89 89 176
63 157 92 105 25 56 35 184 192 74 47 69 145 98 77 172 70 38 116 39 45 129 40 34 183 104 86 102 154 1 174 166 132 94 188 103 43 113 52 80
111 97 44 200 69 1 16 103 178 11 56 2 127 29 165 61 193 57 171 41 111 17 176 101 87 120 35 139 142 59 107 132 145 194 156 102 147 84 145 149
164 114 142 118 192 48 18 125 74 45 184 191 14 185 165 22 32 72 167 31 104 95 47 75 84 4 58 14 76 99 104 174 19 106 54 113 37 187 9 111
30 8 123 164 122 197 141 89 67 119 174 190 56 176 25 136 166 146 192 16 30 5 185 93 88 135 57 116 158 47 96 181 17 180 10 132 45 27 64 62
115 145 156 87 3 57 112 70 135 149 8 128 84 105 97 5 40 144 39 181 118 25 105 112 133 79 155 144 64 126 194 47 195 171 24 72 40 33 12 118
22 26 105 49 143 110 167 87 53 31 133 46 60 149 21 27 55 53 142 157 176 22 197 195 156 10 43 139 131 174 192 136 12 28 168 36 176 192 89 83
81 188 177 31 174 96 197 184 130 181 142 194 17 39 193 146 89 146 56 167 108 49 152 146 163 136 164 75 109 135 132 199 156 169 99 170 28 171 68 94
189 17 22 76 25 26 13 27 121 134 96 41 14 192 46 185 144 192 29 99 174 19 50 147 153 28 176 7 140 184 21 141 140 28 10 93 13 161 165 20
106 106 72 180 179 187 59 186 200 128 77 96 160 71 59 57 102 105 185 140 52 145 155 196 103 136 181 146 73 75 23 170 180 52 25 9 187 50 70 122
56 174 140 21 103 40 115 85 130 161 32 192 194 195 16 171 8 139 22 157 8 33 72 179 140 102 68 50 17 38 83 184 45 65 81 59 39 48 13 32
118 58 144 10 165 102 33 24 42 111 101 177 93 6 123 34 185 113 33 67 178 81 121 22 181 64 46 68 164 145 130 9 138 108 155 171 118 98 174 68
135 23 105 81 187 173 14 103 142 87 184 94 129 28 83 153 73 83 166 19 17 189 57 61 45 51 31 43 184 199 174 53 124 185 54 18 89 120 174 149
132 101 52 42 95 89 29 26 56 170 193 83 92 94 67 122 73 43 119 113 188 190 100 122 22 56 125 8 132 139 147 166 96 145 77 58 166 138 176 52
77 68 29 42 60 179 109 199 22 17 27 84 154 93 22 54 24 36 44 10 72 174 128 62 91 66 102 9 77 83 158 71 194 58 188 25 58 28 156 61
32 189 39 190 62 154 48 53 26 116 44 129 132 90 49 184 102 53 148 159 197 150 162 112 15 57 18 102 197 22 164 48 161 25 94 96 125 195 176 47
193 93 135 111 139 85 143 143 152 165 27 55 198 83 13 18 191 188 121 170 107 35 140 95 107 198 67 132 186 164 126 44 61 186 184 117 147 58 25 108
149 197 85 191 86 19 67 181 81 179 196 158 72 182 8 184 79 109 45 50 107 61 176 34 138 169 20 15 3 97 184 118 74 77 73 179 45 132 64 153
16 191 84 2 173 102 178 150 23 116 35 167 73 133 164 167 127 3 106 2 106 11 54 48 62 89 189 102 120 23 52 70 146 178 184 159 68 107 192 104
89 90 158 81 199 27 107 193 53 135 195 64 179 22 38 49 23 128 61 132 173 116 78 124 61 166 58 96 82 140 95 11 61 169 53 3 23 6 162 152
59 138 66 61 4 19 152 45 107 166 2 167 143 167 6 39 105 80 114 92 57 118 125 129 31 27 59 86 105 120 9 9 139 141 120 180 163 149 164 90
