30 	
42	52
0	41	2	1106	8	
1	97	5	924	2	
0	35	5	713	2	
1	75	3	395	6	
0	17	1	1054	6	
0	17	4	1320	7	
0	70	1	475	1	
1	13	6	1255	9	
0	42	1	272	7	
0	51	2	1319	7	
1	64	3	1336	1	
0	60	2	709	1	
0	30	3	1242	2	
1	5	4	225	3	
0	27	8	1040	9	
1	85	8	1042	4	
0	76	4	1033	6	
0	46	8	706	7	
0	22	2	480	7	
1	36	2	284	7	
1	44	9	1060	6	
1	9	3	1058	1	
1	52	4	1160	6	
1	49	3	137	5	
1	40	9	791	4	
0	83	4	786	8	
0	63	3	318	4	
0	69	4	1038	6	
0	30	7	969	9	
1	5	5	457	1	
76 38 192 121 193 86 151 167 26 185 181 91 73 172 176 93 17 17 17 171 119 197 32 142 195 34 111 60 150 121
8 159 189 98 41 111 56 94 73 78 55 128 27 125 133 34 17 89 139 26 146 10 19 58 19 50 18 126 31 115
137 157 65 163 176 4 102 139 158 200 25 43 15 157 194 171 27 35 60 28 108 47 185 11 11 73 144 78 18 39
4 141 182 101 97 74 50 178 179 103 104 130 116 194 122 100 38 49 56 74 159 147 135 48 83 56 1 137 107 5
186 167 177 170 139 174 89 98 144 178 149 112 197 141 124 3 100 185 189 20 28 47 165 78 113 6 143 40 76 199
81 10 49 126 126 71 22 147 32 88 153 124 155 191 137 105 67 54 1 148 133 20 131 147 62 22 87 147 103 126
18 29 37 50 131 110 23 132 102 189 114 157 104 37 99 48 36 124 157 13 191 172 24 187 119 66 114 75 6 114
115 80 31 46 200 28 24 86 164 106 66 110 198 196 2 73 43 9 191 31 13 6 145 30 50 141 82 172 59 99
195 3 196 75 161 187 38 12 75 70 41 115 50 197 122 99 27 120 68 37 107 23 101 64 112 99 125 3 96 168
62 133 189 9 28 55 162 42 52 182 99 104 87 87 148 168 115 100 135 168 91 143 177 27 186 50 7 50 27 54
64 48 87 85 86 133 96 69 92 113 132 150 103 71 171 7 158 180 195 57 177 149 121 9 65 26 67 95 147 17
101 111 193 32 107 142 28 103 6 106 79 39 178 112 40 148 168 72 158 127 78 21 117 129 82 126 64 52 137 190
171 165 65 68 147 151 104 85 162 57 168 54 77 148 119 19 129 84 178 173 137 140 80 149 63 125 54 94 2 28
86 164 30 23 20 123 188 199 11 67 71 144 88 125 85 61 23 117 164 181 132 150 189 20 23 95 6 1 178 175
24 162 4 4 46 134 190 58 95 38 88 191 106 126 185 124 130 149 47 176 117 194 120 148 180 64 100 70 92 49
195 40 112 107 100 119 146 72 155 195 6 87 164 9 92 125 135 172 36 45 89 31 12 116 65 79 42 66 110 102
162 13 177 85 68 64 195 25 50 38 15 45 105 61 100 10 159 54 36 23 111 53 75 32 177 114 92 90 165 200
67 6 99 12 52 91 40 170 102 131 83 174 60 198 193 122 112 44 138 141 44 82 111 198 59 173 199 55 49 193
95 49 14 132 112 99 171 158 46 168 197 164 58 164 127 19 174 199 90 158 114 170 83 92 12 126 135 183 84 102
12 177 7 74 61 52 189 131 37 59 13 23 36 192 176 171 162 44 156 139 42 5 162 157 27 160 117 123 33 107
4 128 73 92 132 181 142 42 180 4 80 159 73 177 53 5 177 191 78 187 50 63 188 87 188 151 74 186 73 148
10 139 185 108 160 106 9 142 99 139 113 48 67 154 190 170 76 151 160 109 160 52 191 23 198 177 178 52 146 50
121 179 154 173 37 184 199 111 149 112 153 74 12 174 127 14 51 51 179 178 182 117 79 76 31 126 75 133 158 168
71 103 173 189 42 25 46 195 27 26 63 99 151 134 146 115 72 105 138 16 168 3 155 192 14 17 25 13 1 169
110 15 104 149 130 157 133 133 20 197 22 197 190 163 64 75 131 115 190 26 94 155 120 64 129 110 103 47 2 40
77 148 78 125 197 186 105 79 137 67 83 182 145 128 61 38 177 164 168 162 105 141 119 64 51 16 42 152 174 55
118 170 9 97 137 57 196 158 38 183 158 55 144 83 194 158 62 34 76 61 94 49 144 64 94 188 13 181 127 188
190 102 187 26 53 55 58 43 56 117 96 72 103 70 113 180 26 190 67 57 10 151 171 8 148 4 16 64 6 86
47 57 200 150 168 127 70 185 15 20 114 180 145 190 85 61 43 14 3 50 91 51 161 148 125 150 118 34 188 176
13 135 161 189 81 39 11 2 86 20 129 107 179 160 72 177 144 180 119 10 150 35 94 66 153 197 15 48 9 117
13 130 110 97 58 52 192 123 28 104 8 82 57 106 58 56 78 197 143 177 6 37 125 130 141 100 197 83 50 116
