80 	
7	12
0	96	5	6585	4	
1	43	6	7386	6	
1	45	9	6600	3	
1	89	3	7191	6	
1	21	6	6938	8	
1	32	5	6619	2	
0	50	1	2100	7	
0	78	4	1777	6	
1	82	2	3676	8	
0	37	4	5097	6	
1	24	1	4946	2	
0	27	9	3524	9	
0	49	6	2035	3	
1	66	3	214	7	
1	47	7	2320	3	
1	99	2	6516	5	
0	22	7	5433	8	
0	75	2	5888	1	
1	43	2	5730	4	
0	46	9	4036	4	
0	94	4	3363	7	
1	17	9	5441	1	
0	90	8	6410	4	
0	49	7	3941	2	
0	76	4	6369	3	
0	18	5	6221	9	
0	93	6	3152	5	
1	90	2	1382	6	
1	4	1	406	3	
0	77	6	975	7	
0	77	2	7544	1	
0	78	8	2441	4	
0	36	9	5480	3	
1	23	7	2308	6	
1	97	3	4753	1	
1	77	1	2635	4	
1	56	8	7819	3	
1	41	1	3931	5	
0	50	5	2955	7	
0	99	6	4164	9	
1	70	5	1433	7	
0	6	8	868	1	
0	53	1	348	6	
0	94	9	1191	4	
1	49	6	6532	8	
1	25	7	7440	3	
0	21	4	7644	5	
0	93	4	6304	8	
0	62	4	4622	3	
1	29	7	1223	8	
1	51	6	6006	5	
0	41	8	2477	9	
1	84	1	2428	4	
1	26	2	1216	2	
0	87	9	4904	3	
1	77	6	6432	6	
1	27	4	5358	7	
0	35	2	6999	3	
1	76	9	4776	6	
0	7	9	4092	3	
0	31	4	1159	3	
0	29	9	5881	2	
0	36	5	3404	4	
0	99	4	7072	8	
1	30	5	1365	3	
0	13	8	592	3	
0	15	3	6158	8	
1	85	6	7852	1	
1	78	2	8239	7	
0	39	2	7085	4	
1	24	1	3191	1	
1	70	1	1327	9	
1	78	1	4520	4	
1	9	3	1913	6	
0	23	8	5921	2	
0	31	5	3243	4	
1	81	2	6009	8	
1	55	5	2859	8	
0	57	7	7587	3	
1	38	4	5082	9	
15 115 144 135 127 32 154 29 58 27 72 174 188 165 153 84 7 72 100 144 15 4 90 146 192 54 84 162 166 62 116 37 153 22 138 157 25 192 65 129 182 49 10 76 93 14 25 6 81 11 134 55 33 185 20 113 39 116 12 69 92 88 127 152 87 164 117 73 166 53 194 125 113 162 148 196 44 92 26 150
98 126 12 48 117 197 162 100 146 198 77 166 135 107 117 21 89 43 87 176 147 1 95 110 44 105 19 109 148 171 76 166 171 194 196 107 157 93 141 179 122 180 175 10 129 66 144 126 15 104 5 36 192 72 44 139 37 63 117 30 99 3 50 111 37 93 134 174 199 149 17 176 64 193 142 72 198 171 150 192
79 5 150 52 76 80 42 101 158 36 7 97 131 102 173 192 98 101 25 104 14 1 35 61 166 136 31 194 37 17 61 166 12 84 18 67 79 83 3 120 52 35 189 35 72 87 13 9 162 19 148 28 72 143 114 182 27 168 53 34 200 167 135 116 63 138 188 6 117 168 175 159 97 146 26 103 113 181 133 167
103 54 88 71 133 89 178 44 127 67 94 199 143 40 124 2 73 183 92 200 58 80 150 22 123 106 169 142 32 149 183 183 101 199 77 196 137 44 145 130 154 103 160 40 119 65 145 105 166 9 17 189 135 110 105 189 171 69 182 112 130 26 121 91 103 11 71 73 145 191 142 76 14 153 109 111 74 44 108 15
46 157 63 101 166 45 91 147 144 174 147 149 170 180 173 107 107 47 20 116 44 156 193 175 120 154 96 42 131 166 10 153 194 164 78 5 30 91 90 86 85 37 197 56 130 168 193 197 139 39 59 93 149 108 131 93 122 167 61 50 9 169 82 133 153 195 194 196 157 132 64 155 198 155 103 148 153 170 101 72
109 102 186 70 79 132 128 137 84 24 41 190 128 26 34 17 24 29 61 186 186 176 100 109 16 119 119 36 66 171 67 52 158 11 27 153 32 91 177 103 49 192 36 50 111 116 34 176 67 26 42 132 8 63 103 2 90 196 183 146 165 97 162 46 78 55 164 84 25 165 92 110 51 32 47 148 77 64 44 41
40 198 94 89 34 87 142 155 56 154 82 7 108 107 144 195 111 78 95 158 40 42 86 31 151 113 83 199 102 78 20 40 48 165 149 196 113 47 5 15 68 93 174 73 101 72 168 102 156 84 69 60 2 166 115 188 12 65 127 166 190 140 157 68 7 2 106 180 189 25 150 70 87 143 55 166 67 181 79 91
176 118 55 200 39 73 97 44 155 13 126 63 173 44 34 192 114 53 64 185 67 35 66 21 123 56 150 132 190 90 57 107 11 36 75 23 67 118 125 180 83 184 169 97 129 200 158 60 158 109 123 152 178 107 139 79 5 188 113 67 108 126 10 2 71 22 147 110 194 22 13 135 146 3 182 112 88 4 189 95
124 54 41 63 36 126 25 56 173 34 101 41 198 52 133 39 57 128 26 10 146 7 30 13 103 197 89 54 122 80 20 188 99 181 74 56 56 198 195 144 89 88 127 138 108 49 56 2 59 23 67 125 107 58 71 45 128 92 194 128 34 19 44 17 69 143 104 165 161 140 171 14 164 29 172 135 94 96 89 162
118 181 117 3 55 144 134 72 61 180 153 79 183 53 74 4 12 17 151 68 190 74 66 24 1 147 47 29 2 149 94 168 1 124 44 171 172 153 169 72 4 64 111 186 156 85 192 157 126 185 126 31 29 112 150 120 139 148 159 31 32 156 159 157 62 38 100 30 27 8 195 94 102 167 54 107 115 83 69 194
91 55 92 144 45 186 133 80 95 89 73 10 161 178 153 53 137 38 126 175 5 146 27 170 170 193 80 87 130 49 169 76 10 194 70 60 144 111 103 175 100 113 36 21 79 176 125 14 187 136 158 173 23 155 136 186 79 114 156 14 23 103 128 185 104 107 39 187 73 171 31 59 57 131 166 60 143 56 105 9
22 50 156 2 171 168 38 118 78 25 163 156 9 82 161 83 55 188 171 150 144 164 150 63 170 119 7 72 187 106 163 115 120 9 185 37 48 99 29 21 171 18 80 53 178 174 83 154 142 166 35 92 90 3 188 87 58 29 23 156 101 107 84 85 149 175 189 127 11 88 45 38 149 130 172 149 70 182 130 116
43 70 111 183 30 138 156 53 133 71 133 130 186 149 98 78 53 89 101 195 129 56 119 69 62 22 21 44 56 37 89 130 168 1 105 188 98 58 160 83 133 179 2 59 43 144 64 137 136 41 47 141 82 129 54 104 37 108 80 17 69 70 7 88 74 137 140 118 33 5 183 145 74 42 15 3 156 68 69 39
153 171 104 125 118 125 37 7 144 28 151 147 198 81 21 22 153 100 146 121 186 89 133 193 75 199 149 137 32 94 158 112 127 197 20 16 128 87 194 39 31 182 72 184 8 110 88 148 175 156 124 70 75 38 38 136 48 92 187 104 122 196 38 94 105 120 39 32 152 101 189 120 154 166 160 49 128 120 198 95
84 148 165 36 42 172 199 12 52 97 48 99 47 102 122 3 188 2 178 20 136 76 120 21 108 187 2 197 63 40 191 3 11 122 45 75 124 127 150 55 134 120 136 53 94 196 81 181 87 108 123 95 197 41 127 37 29 94 169 75 43 155 143 77 23 145 15 128 72 23 42 144 156 137 86 21 112 27 8 133
104 151 12 150 54 182 168 14 85 176 42 96 84 22 168 174 32 146 40 190 36 112 119 62 137 171 184 81 139 135 148 31 128 25 137 151 152 80 181 128 94 198 24 85 92 127 93 100 106 77 80 19 9 189 13 131 75 74 69 40 30 151 5 94 132 115 71 3 175 73 27 48 152 112 7 2 139 73 126 73
197 159 140 197 104 143 145 10 11 147 36 66 91 22 133 160 31 108 87 187 185 177 74 109 44 138 14 186 17 113 54 163 37 129 152 144 188 41 164 43 199 173 86 90 151 189 130 77 118 120 5 41 134 78 179 13 199 153 140 95 72 83 110 63 107 119 171 36 200 59 67 67 101 99 140 40 68 189 199 28
43 80 84 40 10 104 182 65 27 68 77 183 77 11 146 177 59 171 191 158 171 122 44 39 138 93 56 149 42 43 89 10 60 167 145 91 28 133 199 78 73 65 47 4 93 122 81 91 139 87 155 185 40 115 125 107 90 104 162 77 115 86 135 84 75 114 142 182 84 135 2 32 39 1 85 116 102 164 23 34
168 194 29 112 56 101 32 136 19 133 49 6 165 136 117 68 122 117 32 142 85 2 83 164 38 130 189 68 187 174 119 193 73 24 125 192 82 78 44 98 101 128 25 25 105 165 117 59 64 13 62 43 5 148 153 187 183 62 23 113 76 127 114 182 33 87 54 64 171 2 23 105 54 116 75 60 183 175 120 178
20 195 166 120 93 73 19 131 151 134 15 87 135 173 126 96 31 17 156 85 118 145 43 3 150 31 167 158 66 174 73 177 62 129 110 165 21 39 1 120 146 169 44 185 163 155 62 8 107 94 70 151 115 138 41 66 86 187 180 127 97 164 179 125 132 163 63 38 191 139 24 22 185 183 184 59 44 14 143 124
39 164 159 38 81 21 130 149 47 106 190 79 5 31 175 56 102 184 30 195 86 183 32 15 156 101 169 148 198 30 145 102 183 177 59 72 147 128 164 193 101 81 153 18 87 164 105 126 83 149 172 1 80 81 157 170 120 7 24 148 129 5 67 129 72 34 187 74 106 113 169 72 185 61 141 47 193 129 37 25
129 153 153 169 97 171 132 172 101 43 140 159 92 64 15 37 116 169 167 67 62 152 138 107 178 197 111 31 85 107 137 144 21 176 92 92 169 182 52 157 45 155 62 115 164 192 92 179 184 13 117 7 38 100 199 60 48 194 189 99 70 30 44 13 12 36 1 46 65 160 3 129 178 5 192 18 155 13 42 182
85 41 125 47 89 125 91 62 171 168 62 95 130 25 62 173 99 92 24 189 165 11 155 47 79 146 102 18 157 48 85 20 183 125 51 57 62 168 54 174 49 41 166 27 189 85 64 193 8 96 57 131 77 1 181 66 154 14 20 135 159 132 175 135 3 3 93 25 9 196 69 151 100 174 4 177 12 156 44 129
168 122 180 68 161 42 35 18 162 83 108 65 35 4 170 196 174 151 65 13 163 101 93 137 192 32 113 155 90 117 102 98 27 195 152 73 101 17 153 97 176 169 178 48 78 65 160 154 72 14 76 43 31 108 198 5 114 79 181 97 192 188 50 88 195 47 184 173 55 87 148 112 41 82 106 119 140 73 61 28
33 119 92 64 91 16 71 174 29 64 98 142 153 50 121 45 108 43 120 101 79 178 91 2 46 154 77 151 159 23 32 148 46 172 33 91 195 124 35 48 141 41 68 41 108 195 134 154 157 31 119 56 110 30 49 71 11 136 87 115 33 63 120 44 4 120 110 176 63 169 73 111 48 168 180 137 7 107 162 77
123 20 29 95 2 97 189 93 48 139 139 121 152 116 10 117 140 72 43 45 83 90 27 71 12 31 186 84 30 72 69 43 133 39 135 192 131 178 36 123 46 81 35 37 172 110 146 17 154 175 166 8 61 44 50 104 142 157 43 41 151 54 198 38 17 141 31 190 154 58 55 106 112 74 111 193 132 123 97 133
190 140 116 192 179 134 115 146 112 14 68 51 153 127 164 35 28 105 179 47 179 77 95 27 159 119 31 78 179 38 161 36 109 105 120 166 105 28 146 75 100 176 148 106 48 126 139 22 108 3 102 156 131 131 24 20 48 48 200 84 173 182 187 128 176 126 64 109 63 171 138 44 13 60 191 190 137 42 154 19
121 196 50 112 34 168 6 169 45 177 37 10 110 175 164 142 51 167 85 169 104 198 117 55 109 13 159 57 119 55 73 139 26 98 28 177 80 197 23 177 99 100 19 90 150 101 172 57 108 36 35 194 190 65 137 148 123 104 194 2 173 136 177 63 175 165 57 34 142 169 3 147 47 136 46 197 50 72 68 38
6 76 4 17 25 43 38 103 103 94 156 199 3 154 93 25 194 20 44 133 123 163 125 76 103 139 75 122 115 161 128 175 185 175 147 98 20 157 73 107 65 149 192 73 56 117 176 73 78 111 102 29 145 98 52 116 76 97 12 64 49 108 148 103 102 107 95 17 100 180 30 144 85 100 89 32 62 53 54 180
126 171 115 83 56 54 64 80 162 31 198 56 47 95 149 136 42 90 96 30 81 105 87 103 192 101 145 56 35 38 24 197 157 189 70 25 15 75 89 11 116 159 120 187 108 77 112 60 95 183 176 92 102 16 129 154 163 44 64 184 41 200 130 24 17 135 84 155 179 149 156 108 187 172 57 172 143 92 32 148
101 50 13 126 99 152 117 181 111 179 84 169 77 142 200 197 63 173 177 171 102 20 92 76 188 123 67 25 151 185 28 53 119 137 38 113 40 80 13 125 77 104 65 168 81 4 178 51 38 136 68 29 196 51 121 22 53 133 171 91 60 118 94 91 9 57 35 155 26 86 90 59 34 48 16 12 146 160 88 83
193 48 2 10 100 100 183 34 117 121 141 104 192 33 155 79 61 110 189 9 76 127 153 159 120 200 118 96 86 47 39 35 70 132 71 188 63 115 8 153 85 103 52 6 167 190 128 96 154 115 171 114 120 2 48 186 16 182 31 24 74 119 53 60 88 169 170 110 183 97 145 30 99 5 88 53 118 67 185 15
29 90 110 30 19 196 51 179 8 157 75 81 99 1 59 128 45 5 136 34 186 118 13 149 200 101 34 186 37 120 46 176 50 20 19 148 114 23 185 6 74 23 99 86 128 130 127 35 91 157 189 10 163 93 127 193 48 56 117 82 160 103 26 157 155 120 25 174 92 141 169 194 81 61 198 112 142 165 116 99
5 76 136 190 133 190 93 107 190 156 37 29 167 151 114 116 51 32 66 38 81 172 130 178 200 26 42 187 137 95 63 140 93 115 154 90 22 67 51 12 98 148 163 77 156 11 88 177 158 33 80 182 132 12 179 190 117 92 183 86 131 91 172 114 126 181 26 62 125 174 170 18 28 182 174 98 37 28 65 89
104 153 190 167 156 57 161 64 187 2 183 138 186 125 98 169 65 3 116 76 104 15 185 48 193 45 141 150 149 38 49 96 175 54 11 102 9 87 198 56 188 121 143 63 37 165 102 139 6 190 61 109 177 59 16 108 42 122 42 39 116 86 17 167 71 186 135 12 148 34 55 127 131 193 107 13 72 146 42 135
81 39 154 145 131 80 108 103 25 67 115 116 44 178 74 190 77 39 190 9 51 11 138 198 188 193 158 43 139 16 105 11 180 172 99 67 149 186 145 169 166 180 188 71 165 82 3 55 136 34 26 11 76 194 58 198 154 9 176 14 9 170 80 85 152 20 67 183 190 111 15 72 58 80 141 25 148 55 165 35
10 194 152 92 125 196 105 104 159 68 71 196 200 23 167 163 88 82 133 160 35 75 68 147 32 85 57 37 110 165 115 25 128 176 75 186 157 163 103 9 47 66 161 114 123 46 24 100 96 98 162 17 3 165 30 144 80 189 93 34 138 80 48 47 118 57 163 7 182 165 173 3 113 169 148 17 70 19 194 74
90 108 25 178 4 171 172 77 185 174 20 26 44 127 56 112 187 198 60 47 95 93 64 57 1 151 63 138 77 66 80 150 195 190 117 173 185 75 175 62 194 2 95 89 136 78 86 163 152 112 131 156 28 26 77 119 126 89 186 115 178 85 159 177 58 154 104 59 165 181 188 100 10 46 128 16 44 115 149 167
169 45 116 60 5 10 154 197 47 136 59 112 195 120 125 151 167 147 67 152 75 2 85 75 75 130 130 75 52 79 8 152 138 133 9 76 159 31 8 3 100 90 183 171 110 128 21 70 175 68 111 78 127 157 30 121 103 4 75 184 180 62 138 17 56 36 66 147 63 36 152 174 165 85 154 9 200 80 160 40
106 179 143 16 120 63 152 22 194 114 107 38 66 114 106 188 192 18 12 113 67 123 24 129 84 10 99 190 47 179 78 133 119 137 95 91 37 85 181 171 120 8 191 179 69 155 179 124 80 163 2 59 65 180 197 55 185 13 20 14 11 145 87 87 77 191 113 72 83 18 89 22 55 125 32 69 19 76 182 30
13 174 133 18 109 86 121 49 181 33 138 60 75 21 158 103 174 56 94 143 64 128 48 78 155 82 173 142 2 53 184 30 88 193 86 41 111 189 119 112 178 112 82 92 179 17 119 173 15 90 154 185 180 137 10 151 67 110 74 108 1 161 130 65 35 14 113 72 163 87 54 23 56 3 21 197 55 2 134 24
152 42 91 151 162 26 25 162 117 26 108 173 194 170 142 124 22 154 60 148 112 48 196 41 23 40 1 161 175 105 46 151 27 46 166 75 2 91 73 103 190 150 4 167 79 145 151 198 123 79 53 135 196 91 168 155 114 82 145 109 135 132 136 55 63 14 15 38 11 133 117 194 198 85 106 78 82 34 152 56
160 50 99 51 195 133 179 52 94 25 102 159 177 42 114 125 75 79 8 80 95 39 139 47 120 188 104 151 99 46 133 151 29 194 150 151 130 37 101 143 171 3 54 40 198 69 76 116 98 163 132 70 167 136 28 122 124 24 114 192 153 168 113 136 128 12 184 168 84 131 58 108 136 83 193 109 111 108 156 153
107 100 102 107 169 172 123 130 127 32 25 185 71 87 97 190 150 168 106 197 141 100 10 102 60 94 119 157 77 190 168 73 38 198 33 53 160 97 84 30 43 171 62 7 41 169 43 82 92 31 77 25 132 76 148 65 40 121 127 152 143 98 181 81 54 103 83 81 10 4 151 69 150 1 78 136 9 86 63 34
55 200 30 46 105 127 43 166 82 151 11 66 69 97 106 48 31 109 62 11 88 188 137 33 165 39 174 4 96 72 170 36 107 194 134 155 33 199 33 172 181 29 93 178 176 131 127 199 197 168 146 139 180 168 14 72 149 112 21 196 187 171 136 111 59 128 102 166 158 110 20 124 166 122 56 43 136 89 179 174
63 51 80 126 127 126 38 63 116 190 129 60 26 153 120 64 159 151 20 61 175 53 128 79 184 44 11 89 33 144 125 126 85 46 188 112 64 133 124 9 157 146 125 159 27 97 62 65 155 46 188 32 199 122 102 111 126 97 20 192 124 1 161 174 82 161 15 141 10 188 194 184 10 10 38 147 198 67 156 38
88 79 90 6 18 135 135 199 21 103 72 103 93 75 126 46 176 134 140 42 44 44 81 112 135 120 137 116 19 176 68 181 53 1 193 16 84 137 13 171 187 169 109 16 47 83 100 148 50 48 107 44 93 108 105 191 54 6 103 195 188 36 156 172 166 180 25 16 77 109 183 175 164 95 106 100 158 158 111 172
182 65 183 99 46 23 95 165 189 87 127 7 172 133 125 53 183 89 191 140 49 22 160 61 53 141 149 199 137 50 37 68 54 18 198 126 106 186 58 160 157 89 119 192 154 177 194 62 176 49 128 114 96 197 74 59 67 13 110 124 15 166 128 78 176 74 145 156 72 177 11 55 81 141 153 80 15 42 186 131
31 152 161 104 95 15 181 107 61 97 118 142 152 138 1 64 26 90 181 173 154 22 97 175 105 79 150 2 169 4 158 187 77 85 97 140 90 81 7 167 51 132 171 19 48 130 17 120 150 109 106 94 122 170 150 70 130 122 185 179 17 112 72 179 192 75 68 186 183 169 143 136 36 26 13 52 46 187 195 167
134 129 8 200 87 8 140 194 138 28 49 24 122 141 117 179 140 154 121 75 197 35 104 44 148 176 187 177 84 49 84 17 165 156 67 185 79 172 140 57 2 22 118 86 21 83 139 142 44 125 42 3 114 106 157 89 37 88 20 137 120 150 101 24 87 58 92 114 20 88 100 28 149 17 149 151 119 34 142 36
161 137 110 191 1 193 4 72 164 118 46 117 33 124 84 114 114 127 74 19 132 199 148 154 34 108 36 114 97 57 29 129 182 92 196 29 73 162 118 11 164 44 81 103 35 179 4 50 110 34 17 197 136 13 94 149 96 76 1 18 68 51 195 140 79 155 169 198 92 99 180 122 195 36 181 175 11 137 149 69
78 176 121 168 77 67 159 125 167 99 74 101 61 10 55 24 33 18 169 154 130 64 101 117 89 100 199 21 74 134 34 18 94 159 11 38 130 131 117 5 9 130 4 178 173 118 153 50 96 174 97 45 118 197 12 134 156 68 160 84 200 115 190 5 64 46 14 108 198 19 123 72 18 191 149 149 1 82 50 138
156 192 47 45 121 83 193 177 90 95 156 100 181 190 98 134 150 81 89 28 23 40 80 15 162 28 101 90 29 180 171 49 151 140 156 121 163 66 85 38 23 188 97 25 190 37 46 167 41 143 78 29 91 182 149 102 190 44 29 24 103 164 72 98 183 147 174 41 27 4 103 190 188 192 101 44 72 25 173 83
24 118 94 123 159 163 98 45 58 115 109 86 104 162 155 75 48 199 5 147 34 52 18 31 162 8 169 61 53 150 70 91 135 148 99 175 30 104 199 38 38 181 109 182 101 90 62 93 133 151 184 60 115 129 95 94 159 109 27 34 48 105 157 166 177 196 19 182 121 20 25 31 14 70 172 106 59 38 186 122
169 136 191 67 172 187 28 190 23 76 8 17 173 182 160 200 155 19 1 65 49 38 42 39 186 173 91 104 112 153 52 132 36 47 13 96 149 195 94 100 27 125 119 11 108 30 200 123 189 183 27 12 134 152 114 31 59 35 5 60 20 96 116 126 75 9 102 56 11 10 199 148 88 131 104 56 66 102 142 181
2 174 84 173 103 14 169 26 122 159 98 156 9 20 67 143 158 135 126 50 34 145 78 165 65 14 40 172 87 24 180 128 107 149 20 148 112 130 195 27 175 52 15 117 121 117 133 167 127 172 15 172 122 91 171 185 160 62 114 3 100 91 33 172 13 168 19 50 172 54 79 114 172 25 79 106 120 58 170 191
155 168 81 28 150 20 177 43 23 57 23 68 195 109 142 145 183 151 35 95 193 106 132 113 167 138 127 19 33 89 188 53 129 90 5 194 177 27 141 4 155 69 111 96 62 28 94 97 16 28 107 62 56 166 27 17 77 2 188 197 95 127 116 117 115 164 28 33 152 29 169 72 54 155 148 196 177 187 183 188
166 79 92 182 192 114 20 153 21 1 165 95 144 2 53 50 127 115 49 50 88 18 18 120 5 98 130 45 30 49 117 91 12 51 191 137 27 175 58 53 197 129 103 146 88 47 107 29 173 189 58 112 78 17 150 89 2 38 180 75 58 68 188 98 123 5 196 49 95 96 99 133 8 114 14 64 123 196 113 188
79 18 39 182 185 200 63 11 51 62 189 144 16 153 100 22 168 156 1 164 41 185 61 64 149 94 116 161 75 91 36 93 106 64 36 11 55 132 149 39 139 72 114 71 81 122 2 174 77 113 33 39 151 133 29 49 41 142 140 106 137 84 63 39 48 51 95 66 89 198 161 20 119 103 69 73 65 44 102 96
199 197 16 182 189 132 131 131 69 129 86 100 115 178 18 49 148 148 70 11 16 190 110 188 68 176 157 19 168 72 108 91 108 122 154 104 79 41 118 86 9 157 186 107 168 132 94 22 187 69 110 126 4 149 65 2 65 171 112 44 165 131 117 186 2 160 24 176 70 28 104 80 190 75 12 125 50 184 51 154
191 177 148 119 175 21 112 117 179 22 132 65 151 116 17 186 98 192 118 123 93 61 67 40 163 198 35 36 70 31 11 143 85 72 133 35 161 159 80 2 90 75 166 124 76 6 6 92 171 22 16 142 4 156 153 37 169 165 45 86 98 97 176 65 53 160 77 53 135 176 150 15 146 80 160 111 30 177 126 134
83 93 185 6 153 103 9 197 20 28 114 56 31 134 187 142 123 170 39 166 133 199 63 62 173 3 77 142 94 81 55 140 74 197 101 82 91 7 143 181 43 151 41 167 54 6 127 117 140 195 198 200 22 145 69 184 94 191 28 137 23 83 55 66 50 28 138 190 18 7 118 150 186 59 19 175 108 85 133 61
20 13 159 167 27 83 173 33 30 158 13 4 100 115 29 88 116 166 123 46 74 33 46 120 80 137 18 199 11 63 43 63 163 172 159 183 48 30 77 166 161 179 74 59 154 139 66 107 20 159 138 92 33 91 19 28 124 112 178 123 184 14 173 160 131 37 109 165 26 151 154 126 176 51 83 195 150 33 189 138
63 51 31 51 57 176 162 157 168 191 173 152 164 141 152 62 150 150 191 131 99 11 41 12 98 19 163 164 84 78 48 118 10 172 21 129 20 33 150 25 5 82 141 129 131 61 85 30 92 187 168 85 119 49 200 2 174 107 42 80 69 195 69 160 140 115 133 88 30 150 1 58 38 37 39 165 155 72 191 10
143 112 3 142 77 26 127 100 76 103 160 121 96 3 50 199 181 32 116 159 98 67 15 196 195 118 84 92 45 38 177 165 97 71 39 38 107 40 189 123 21 80 81 132 164 19 74 10 47 45 80 194 119 70 66 149 63 126 105 17 39 64 147 83 158 164 143 181 50 54 74 130 61 42 165 73 116 128 10 68
14 82 157 178 116 94 99 32 184 120 181 89 30 75 152 157 70 26 17 7 194 187 194 198 103 2 113 67 158 64 181 107 62 76 119 86 55 130 123 179 174 93 83 178 166 25 32 141 123 93 199 154 50 198 188 131 88 110 187 85 91 120 1 35 123 86 104 37 11 137 131 11 135 1 2 40 142 165 167 28
21 70 28 134 153 42 25 76 7 160 98 33 30 172 111 60 75 2 123 61 96 167 49 187 167 12 9 117 117 64 48 147 34 94 26 131 27 178 33 60 99 95 199 125 178 33 77 170 165 120 42 131 171 63 75 155 35 110 45 150 8 124 89 89 128 143 69 82 37 70 6 42 44 23 9 104 142 161 119 71
45 102 125 53 133 199 20 68 133 181 185 183 162 138 56 134 146 9 172 164 68 20 84 83 192 52 119 95 17 186 176 152 47 199 133 67 101 164 135 80 44 169 107 38 47 8 2 88 90 132 42 182 196 132 6 154 199 30 11 114 115 194 86 93 32 14 48 64 155 138 6 80 157 37 80 144 155 50 110 177
175 159 81 160 62 40 4 89 69 89 123 89 116 139 136 138 25 79 113 79 54 67 169 12 125 139 134 77 169 69 146 71 134 196 160 19 29 18 107 91 79 155 3 195 73 116 16 7 157 4 56 14 123 190 44 109 41 14 195 22 97 70 78 88 167 183 104 134 156 18 106 167 21 142 157 178 47 67 112 160
103 188 117 15 137 169 102 118 65 156 109 28 141 62 50 177 196 170 185 29 11 44 185 40 4 163 17 190 37 4 18 164 46 191 78 132 155 34 72 92 128 27 68 54 95 103 41 38 101 161 72 49 144 117 3 164 134 41 184 38 24 168 166 160 63 66 191 50 198 150 81 156 6 157 138 200 34 182 47 120
163 118 66 166 186 45 115 177 174 3 5 153 19 23 151 38 5 129 14 85 112 61 27 182 155 195 114 145 196 137 172 152 15 182 128 135 3 111 38 121 33 69 103 1 89 136 111 40 83 126 92 6 106 189 31 136 193 65 183 61 26 84 65 122 8 119 152 11 127 186 77 43 100 25 193 12 55 3 21 108
87 60 100 138 112 131 49 171 2 75 79 162 189 6 94 59 101 94 2 118 5 95 88 181 81 76 88 105 107 94 179 19 131 31 112 139 110 95 110 30 102 7 63 48 77 125 139 133 198 196 113 162 176 72 151 36 54 96 59 164 37 26 31 57 179 105 151 48 33 61 120 191 196 61 161 60 142 51 163 27
71 126 163 27 80 47 80 20 140 52 64 26 153 27 17 135 99 161 106 176 27 78 150 23 170 27 167 28 119 188 170 43 116 85 158 180 11 104 164 58 60 51 117 35 129 13 50 21 10 83 99 18 166 111 62 159 188 113 185 170 115 45 8 133 199 18 146 111 74 54 93 34 170 30 79 59 98 132 26 52
146 59 181 48 4 24 18 85 132 53 135 69 124 162 59 167 174 154 170 117 58 62 161 151 104 75 27 193 26 108 176 30 171 70 35 192 48 84 67 18 71 186 61 140 43 98 13 93 130 105 112 46 100 10 65 75 192 53 43 178 195 148 157 64 198 98 34 73 59 55 191 181 170 23 179 153 51 62 32 15
145 89 173 21 23 36 17 40 3 169 63 170 108 152 99 112 50 162 130 27 200 188 140 57 92 40 120 101 42 117 161 186 16 150 127 140 131 167 113 193 112 106 29 52 48 84 22 194 49 130 122 124 31 159 82 118 105 149 59 19 60 158 142 11 105 2 144 161 189 88 51 81 6 17 58 150 35 113 44 144
63 112 178 94 144 196 17 144 199 104 61 173 121 149 193 179 90 80 63 83 103 200 173 3 78 38 139 113 19 40 139 73 4 112 129 168 52 15 151 99 65 5 174 80 196 107 126 33 29 52 128 157 130 70 3 127 2 26 89 112 17 138 195 149 83 196 113 5 137 50 193 99 79 191 23 95 126 67 5 132
168 95 103 161 83 125 189 75 82 56 70 84 7 192 79 11 76 13 193 17 152 192 1 128 172 185 168 141 64 171 64 145 155 81 111 52 53 2 118 143 98 38 145 131 136 43 26 154 20 180 14 6 68 101 133 189 133 24 31 160 54 26 160 21 1 108 84 175 37 53 10 42 194 72 75 18 81 148 188 78
125 174 96 85 111 176 105 122 108 167 110 12 200 95 18 164 110 118 196 86 35 159 2 161 177 21 1 142 101 21 116 171 72 161 113 68 92 123 166 195 59 12 196 98 118 102 75 46 166 102 192 37 125 74 8 129 51 77 66 164 157 100 137 25 156 29 177 59 38 197 131 18 36 81 144 186 144 94 156 165
61 7 132 166 150 14 16 69 123 32 105 34 57 43 125 39 107 88 6 5 179 49 31 52 80 161 33 170 143 23 55 16 78 105 119 12 19 50 152 161 193 161 188 184 145 55 126 88 172 78 123 137 14 49 134 96 118 71 120 176 192 106 152 191 120 77 65 58 102 103 173 70 139 156 174 95 148 2 98 50
93 111 73 124 161 47 141 119 151 42 9 130 87 159 137 102 130 65 82 85 132 181 37 96 72 187 116 10 111 152 105 14 108 149 24 101 3 129 175 54 94 130 161 155 79 121 100 81 159 135 89 41 159 143 83 197 163 92 89 12 164 45 75 164 170 102 172 17 139 32 60 160 141 102 188 62 44 54 71 83
153 166 3 181 14 183 128 50 130 102 63 53 145 89 42 84 196 59 31 128 79 88 102 165 40 4 23 163 79 174 100 54 56 14 1 163 140 9 149 119 53 10 40 2 136 86 23 93 130 43 44 65 154 5 46 82 133 112 30 134 170 198 50 77 63 43 127 78 42 48 97 27 116 57 80 130 56 1 64 118
