50 	
5	56
0	53	3	39	7	
1	49	9	2064	8	
1	66	5	116	4	
0	87	7	554	8	
1	94	1	1247	3	
0	70	2	1231	4	
0	73	9	1674	9	
1	57	2	2193	8	
0	34	9	892	4	
0	43	6	1496	3	
0	55	2	1972	6	
1	87	9	1927	9	
1	78	2	727	9	
1	5	6	777	4	
0	79	8	1456	3	
1	2	3	1684	1	
0	42	7	506	7	
0	10	5	1367	3	
0	44	6	507	7	
1	52	2	2375	3	
1	61	8	869	1	
1	16	7	2387	2	
1	29	3	260	3	
0	25	1	613	6	
0	63	1	1943	1	
0	22	8	343	3	
0	38	1	1326	8	
0	37	7	2157	3	
1	80	5	2256	5	
0	59	5	1397	2	
0	39	6	690	8	
0	41	4	8	6	
0	85	8	2255	3	
1	27	2	900	8	
1	36	8	1520	7	
1	85	8	1972	3	
0	47	3	508	9	
1	67	7	973	8	
0	32	9	254	3	
1	21	6	477	7	
1	61	5	1625	1	
1	82	4	367	6	
0	56	8	1169	3	
0	85	3	472	9	
1	90	8	1332	8	
1	91	4	1042	1	
0	3	2	593	2	
1	15	8	420	5	
1	43	3	1703	5	
1	16	8	232	8	
57 100 22 185 146 2 153 32 167 71 34 114 105 16 75 165 21 42 29 85 141 92 59 63 42 34 110 135 54 157 113 124 158 58 27 108 5 89 173 65 23 74 88 1 114 158 166 12 66 70
76 168 168 130 157 164 4 115 103 41 24 189 198 29 117 50 158 57 68 143 123 37 49 149 80 67 79 125 62 159 45 15 111 85 32 171 43 183 96 188 117 49 183 193 87 186 67 77 107 109
159 42 28 82 151 88 148 166 77 162 121 114 23 39 146 191 37 103 108 193 192 12 22 43 196 137 104 145 94 190 102 43 46 13 158 99 51 190 184 166 40 100 146 37 55 180 162 171 45 17
191 81 66 29 25 168 8 2 133 154 193 58 15 20 29 156 144 167 22 139 188 10 3 129 123 195 148 64 200 100 184 189 77 55 123 17 3 25 172 169 159 63 121 168 51 91 175 77 184 40
197 199 143 76 145 4 86 7 131 149 85 113 34 134 104 133 148 16 65 144 91 69 116 84 115 81 81 107 156 50 156 167 167 164 131 149 180 137 59 5 125 168 128 149 21 99 97 140 176 36
93 174 157 12 138 136 26 99 111 196 15 55 162 150 6 44 72 4 18 69 54 68 26 185 68 9 134 200 93 29 120 163 111 171 53 57 153 127 196 57 43 15 170 183 57 27 89 160 130 107
108 112 114 121 190 12 109 164 48 78 175 137 49 88 59 159 162 32 159 189 133 196 99 173 105 81 165 17 88 100 155 88 163 105 72 137 34 100 138 164 88 92 192 7 103 111 189 71 90 160
14 167 179 130 160 14 187 155 134 86 124 39 89 131 126 20 34 1 147 25 55 164 122 78 59 105 52 150 162 17 93 153 131 44 125 161 155 119 12 71 42 134 16 100 18 35 179 55 197 175
104 134 27 46 24 76 176 119 36 146 194 21 5 55 127 53 57 30 65 132 66 14 67 38 125 104 188 112 17 197 128 158 172 3 15 108 155 7 99 73 109 7 58 194 53 44 47 167 11 80
133 100 129 142 95 178 149 133 193 144 79 188 43 55 56 33 166 167 173 188 77 113 116 116 20 147 112 195 81 76 21 2 125 117 68 43 133 181 118 113 64 60 73 73 90 143 75 55 44 73
136 187 188 112 149 130 59 189 128 102 94 105 12 182 117 169 123 185 166 4 125 184 78 156 12 98 2 128 102 100 135 184 86 151 131 29 191 69 51 119 90 64 60 129 185 40 144 181 143 92
161 75 73 45 166 181 10 39 20 117 192 150 111 188 106 192 127 117 139 109 175 22 39 85 51 83 94 66 111 160 80 45 45 71 190 88 5 198 134 119 185 116 103 30 126 52 96 41 45 86
11 30 41 71 2 78 51 127 15 56 22 188 46 192 64 146 5 187 141 174 82 101 94 154 80 107 120 99 73 153 64 31 67 1 162 53 46 154 181 90 161 1 191 169 51 73 164 5 199 19
168 108 148 69 101 103 161 117 187 82 131 34 192 127 132 113 187 159 65 126 9 146 187 137 7 158 162 119 133 100 26 146 71 111 8 103 11 105 116 24 20 10 129 18 33 11 65 180 129 174
6 145 63 70 31 32 34 108 158 37 105 165 52 145 140 174 144 37 181 57 52 36 103 19 104 197 164 109 75 134 93 102 127 63 3 12 41 6 137 31 156 79 83 86 135 111 110 36 83 189
187 77 123 30 148 6 163 12 157 81 85 118 166 74 83 59 157 138 184 73 52 85 139 57 73 74 135 140 57 70 130 92 131 122 108 191 22 141 149 31 152 107 81 90 187 117 161 158 152 160
108 167 87 10 125 6 61 86 171 77 51 41 12 131 131 199 114 194 192 154 129 171 86 156 130 42 77 34 6 162 17 118 36 40 38 144 138 151 99 182 98 87 199 12 193 10 172 139 108 54
136 123 16 31 90 125 80 181 75 112 105 72 78 18 175 85 67 196 147 185 108 173 180 124 37 109 15 107 161 120 44 190 151 125 158 61 157 62 1 58 112 16 140 195 174 20 116 125 96 183
12 151 133 49 113 99 40 70 1 52 60 166 41 98 171 70 39 93 76 53 93 94 143 78 101 107 160 153 105 86 72 47 101 171 194 78 11 174 97 167 144 25 183 95 52 159 27 193 51 23
117 115 198 101 29 87 171 125 57 138 83 42 3 200 154 182 140 8 49 180 150 149 121 43 129 165 19 133 182 144 29 76 82 194 27 74 194 120 16 185 15 28 37 20 104 60 116 121 14 91
184 12 124 157 162 10 140 23 131 75 85 82 131 120 80 20 11 184 133 95 107 148 122 62 11 125 96 129 196 29 96 65 176 31 122 74 141 72 160 186 4 199 53 167 158 39 192 175 177 175
96 115 173 98 196 126 62 46 6 186 152 63 165 79 135 43 85 108 182 53 171 118 197 65 138 100 86 120 197 90 9 45 5 92 65 117 127 106 147 34 40 182 1 152 118 19 176 19 53 182
116 85 76 187 185 59 127 88 80 174 185 183 28 200 134 8 156 163 193 168 26 137 147 131 177 83 121 130 27 67 118 48 38 14 43 40 155 74 101 130 79 65 144 179 140 87 30 152 23 6
70 141 153 144 26 83 118 13 40 183 89 188 31 40 116 114 88 197 181 132 68 196 82 161 7 87 111 69 39 19 73 53 142 150 5 118 169 163 17 83 54 98 118 38 185 190 55 111 160 102
124 117 192 26 30 170 23 75 124 83 133 88 59 49 72 156 165 57 196 162 88 107 173 127 130 175 63 80 54 149 147 114 169 26 138 139 154 153 133 69 91 167 126 79 25 65 2 198 76 199
194 124 72 22 142 122 34 62 118 180 86 37 105 198 21 127 67 83 6 102 193 80 18 87 114 79 106 189 177 98 106 166 149 181 104 117 92 125 98 42 142 129 139 67 9 86 162 18 148 123
116 64 122 191 62 153 173 29 76 12 59 134 191 115 68 125 154 41 1 48 152 92 183 146 183 157 136 30 183 90 45 53 40 63 120 69 190 174 173 118 156 56 10 53 179 139 37 76 16 169
177 19 120 107 2 1 180 90 36 112 127 174 102 125 151 186 136 31 168 107 27 26 92 119 77 130 188 14 59 100 144 84 109 41 75 30 140 147 58 66 96 185 83 53 172 176 134 15 24 190
51 28 83 48 169 122 69 25 158 89 65 104 42 9 115 200 175 62 75 45 168 187 136 123 100 19 65 185 29 183 14 100 151 105 154 38 33 90 108 80 1 50 85 118 7 103 121 53 165 95
100 44 191 8 150 9 148 133 18 121 114 75 31 70 166 87 148 113 147 134 108 147 140 87 114 177 100 179 58 173 189 59 25 66 142 116 2 82 164 114 97 112 198 188 21 198 178 145 59 42
163 180 13 76 19 20 100 103 80 26 93 160 181 40 30 197 5 194 184 10 18 159 130 93 8 24 111 196 66 175 107 84 23 130 79 189 193 12 115 83 71 132 22 173 8 49 111 28 48 127
86 53 75 148 199 4 53 4 17 128 2 88 20 166 50 200 160 90 110 154 125 8 198 175 55 192 103 39 161 113 181 52 26 144 143 64 7 98 111 163 146 54 116 183 52 17 111 7 54 48
111 117 33 165 77 162 161 155 9 161 163 159 187 183 152 177 187 122 152 114 107 109 112 99 183 37 44 111 188 166 85 177 71 4 62 49 32 188 85 15 100 100 54 116 68 60 177 166 61 171
22 11 135 123 4 95 159 70 178 166 150 195 98 74 21 122 23 168 97 107 159 10 82 23 187 186 152 2 153 112 88 13 83 16 29 51 79 93 187 124 154 89 125 91 62 153 50 44 35 195
174 115 79 58 61 171 138 181 174 183 120 40 2 189 30 7 1 196 78 140 97 150 192 106 130 144 125 22 42 99 31 81 124 192 192 126 34 132 62 11 137 34 79 84 90 77 4 92 1 112
11 98 94 139 123 70 172 164 129 45 148 27 72 64 7 74 101 151 40 191 193 134 128 155 3 120 37 146 56 165 46 13 99 153 19 62 136 118 18 184 119 52 100 49 157 26 91 108 86 17
63 127 176 61 19 99 13 123 20 29 142 184 128 27 10 88 103 57 172 19 18 86 161 55 59 194 178 118 115 115 121 74 94 62 183 4 72 71 16 195 117 156 186 69 120 38 165 15 185 182
23 197 197 5 22 176 104 51 47 144 48 109 120 184 100 111 35 161 106 135 124 73 74 97 66 180 22 176 167 164 44 49 106 71 76 18 162 108 136 108 167 172 17 171 130 121 34 94 117 90
199 71 180 89 70 187 16 193 10 162 98 176 35 61 128 3 74 160 187 122 189 72 88 17 167 3 139 46 190 181 177 16 3 53 167 82 191 192 124 4 91 70 188 148 105 177 16 187 90 96
177 103 84 67 62 30 74 180 123 179 50 147 168 98 163 13 43 15 106 63 196 71 135 158 76 121 128 22 104 9 78 123 159 4 15 5 20 141 52 59 66 43 126 51 17 192 79 19 104 140
8 188 139 126 11 46 33 175 10 140 145 165 96 11 117 186 29 29 182 107 87 116 35 73 154 119 110 198 146 76 59 180 130 40 23 2 100 84 143 148 45 47 127 46 150 15 69 20 157 66
25 98 62 37 124 174 114 5 131 52 146 81 166 190 91 181 157 55 112 98 171 111 28 135 7 107 60 53 105 17 23 84 172 3 188 51 178 170 46 72 39 191 63 163 104 18 73 106 157 116
89 144 11 23 85 102 172 84 13 65 34 125 140 13 59 63 24 137 93 157 54 99 88 194 115 148 163 67 154 144 59 99 140 58 27 81 94 117 194 121 110 152 81 182 131 45 89 161 82 80
99 198 45 47 160 65 55 45 57 7 135 101 88 77 182 177 63 130 80 185 154 88 156 170 164 192 58 2 5 142 38 51 32 98 111 32 1 153 124 41 80 69 168 172 25 121 82 72 150 8
60 198 149 61 65 62 83 194 178 34 157 52 28 196 182 2 153 133 86 91 61 188 161 70 9 192 79 37 176 104 15 176 112 185 6 150 91 164 82 169 33 66 191 195 185 63 50 15 182 162
165 83 61 39 61 176 134 197 164 41 99 111 25 80 157 6 102 165 5 150 116 22 26 62 145 44 97 48 113 163 5 115 7 2 4 101 155 82 141 48 20 172 181 184 6 90 65 28 135 189
126 15 124 77 26 139 54 114 129 184 182 22 113 100 23 17 41 105 48 185 140 166 196 13 4 132 75 29 90 74 160 11 154 125 121 87 115 198 46 80 135 84 4 183 58 44 116 15 8 118
95 24 5 66 62 91 33 11 87 4 163 176 5 194 82 137 9 123 4 59 34 172 147 64 67 138 11 28 189 7 119 122 27 124 107 41 140 116 74 127 7 152 90 156 169 82 107 20 15 160
54 62 101 9 89 124 27 55 85 97 169 118 107 3 51 136 181 11 20 62 46 197 187 94 132 141 174 198 20 3 181 25 155 42 135 147 200 166 130 156 59 44 109 181 127 25 144 156 73 101
98 168 76 140 106 130 186 87 149 169 10 46 41 8 12 13 114 18 181 178 49 7 38 153 191 72 173 80 116 156 42 83 48 13 65 87 62 187 60 196 154 173 26 109 180 168 69 51 21 195
133 195 95 146 161 29 101 136 84 82 38 172 52 97 75 22 105 163 145 190 187 138 133 16 73 193 173 131 113 53 21 133 170 16 18 25 104 178 1 141 88 30 104 170 190 171 17 121 25 182
