40 	
33	58
0	4	7	173	5	
0	7	3	94	6	
1	2	2	112	7	
1	7	2	159	6	
1	3	9	26	4	
0	7	7	108	5	
0	3	5	118	8	
1	6	2	126	6	
0	2	7	32	7	
0	8	4	39	6	
0	7	5	137	4	
1	9	3	51	4	
0	7	7	4	8	
1	8	1	108	5	
1	1	8	34	1	
1	3	9	8	6	
1	3	7	66	4	
0	5	6	125	2	
1	1	5	83	6	
0	9	3	10	1	
1	1	8	63	2	
1	7	8	74	7	
0	9	7	135	1	
1	4	3	66	1	
0	3	7	123	3	
0	8	8	83	6	
1	1	1	94	4	
1	5	3	65	3	
1	3	1	33	2	
0	3	3	54	8	
1	2	2	38	3	
0	3	9	30	8	
0	6	3	45	8	
0	2	6	180	2	
1	2	2	69	3	
0	7	5	4	3	
1	3	1	101	1	
0	7	1	77	9	
1	1	1	130	1	
0	4	4	54	2	
99 149 101 5 99 19 54 151 42 102 30 108 34 108 152 99 42 170 199 94 93 152 159 122 11 184 147 155 65 70 75 110 163 59 87 46 56 147 118 178
53 35 140 41 68 196 82 73 62 83 50 104 39 49 151 35 63 126 98 121 149 183 9 155 109 144 161 14 24 125 12 52 125 109 61 199 52 117 98 2
162 84 105 41 144 33 110 70 18 184 119 19 44 62 29 11 96 125 54 13 62 18 146 24 135 52 119 72 182 183 5 160 59 127 43 120 19 157 51 85
115 78 69 8 171 40 199 116 27 136 86 14 107 121 130 95 179 59 116 185 132 162 159 69 198 153 116 124 8 155 126 70 57 162 89 153 144 58 104 193
109 184 184 186 155 194 107 104 94 24 57 41 87 112 30 115 96 189 68 151 62 65 171 137 91 166 89 93 148 15 104 49 130 131 171 149 56 104 191 55
197 158 113 189 57 86 185 178 127 14 45 66 98 184 159 106 89 16 8 64 174 140 99 23 6 179 77 42 104 127 18 22 148 50 19 122 6 158 72 102
160 66 184 112 59 73 149 33 57 144 152 35 126 183 198 177 40 85 121 58 182 88 127 87 48 157 111 59 168 75 32 108 48 59 97 131 54 61 17 21
93 71 163 25 169 134 76 130 112 1 90 182 159 73 145 136 36 15 39 122 59 30 53 121 139 128 46 8 195 1 97 6 38 153 15 124 133 63 93 46
189 167 107 128 77 56 5 26 200 170 41 120 95 68 91 115 80 130 35 133 181 13 171 191 163 30 142 109 133 140 195 159 149 38 164 107 199 123 119 147
184 163 39 89 147 56 30 70 117 2 112 180 170 8 162 169 42 71 70 73 157 28 179 126 24 41 122 68 157 106 181 8 193 70 93 99 150 41 168 119
6 194 58 9 70 107 21 169 70 106 48 152 24 166 112 132 131 54 21 196 182 34 179 19 61 49 48 136 4 181 84 28 186 96 191 183 22 39 161 5
94 170 74 29 82 141 22 157 57 46 4 161 75 72 90 38 139 63 175 152 104 109 136 140 61 59 107 92 106 2 177 133 182 121 170 27 17 163 149 41
79 120 182 183 74 26 30 39 175 49 98 175 167 132 118 71 154 118 50 143 102 88 85 172 45 40 24 87 55 42 154 110 155 119 104 8 70 67 116 95
58 105 100 159 29 109 175 83 111 85 16 187 174 74 22 33 158 158 10 145 175 51 48 7 60 174 130 6 115 4 173 95 177 71 7 196 143 98 148 105
179 3 75 157 45 118 186 43 152 145 44 133 44 77 103 130 54 154 105 39 138 35 144 118 102 81 189 143 25 78 62 192 125 151 31 199 145 21 86 160
123 52 116 90 100 169 95 151 127 37 33 197 129 21 4 63 60 31 30 67 27 159 23 92 11 102 38 57 99 69 15 164 200 76 89 119 14 97 68 162
20 183 67 80 83 63 48 179 30 50 47 24 174 67 165 21 80 88 168 181 161 64 129 200 115 81 191 198 163 21 180 72 11 48 82 189 135 46 170 33
137 9 171 144 65 93 46 48 169 106 198 112 58 168 28 73 130 180 180 85 192 83 182 184 23 66 85 129 85 191 23 87 16 9 115 111 42 44 122 60
178 174 148 4 99 34 28 63 41 22 189 177 13 54 176 90 66 22 5 52 133 177 99 47 36 38 164 68 103 98 17 162 15 109 45 52 107 8 164 77
153 94 122 34 157 60 125 164 88 102 48 64 192 87 128 40 150 146 120 197 5 172 187 54 34 142 71 22 36 42 69 165 19 187 97 10 125 112 103 142
18 49 74 118 136 14 90 41 115 95 73 137 8 69 134 162 34 162 181 184 65 124 76 39 74 125 81 184 164 194 52 171 80 4 182 128 46 10 152 2
73 83 187 191 55 25 131 69 43 134 126 183 63 157 87 13 109 49 37 145 136 97 115 120 187 109 198 151 163 70 197 35 142 140 195 118 4 124 196 15
119 42 103 102 135 140 79 15 16 179 194 69 35 167 191 164 161 80 104 72 114 100 116 90 131 150 50 23 155 14 88 187 135 179 143 128 73 136 183 173
189 62 168 154 181 126 77 106 174 44 100 60 180 106 140 134 185 143 32 163 173 193 65 123 131 143 169 106 60 165 169 182 111 31 178 54 156 169 170 118
41 97 63 33 46 83 82 34 190 56 154 67 21 32 188 145 137 70 34 121 143 47 4 139 156 194 149 184 128 89 93 53 54 119 38 46 20 37 39 107
168 97 18 26 15 117 145 173 13 13 3 146 98 41 92 156 26 54 194 97 2 184 109 98 30 17 106 160 50 167 19 19 54 148 75 196 22 7 8 3
24 81 164 128 105 51 105 4 178 120 104 191 137 82 56 176 188 123 67 17 166 97 121 29 70 184 192 138 105 172 121 7 110 32 197 192 185 51 66 24
99 15 118 55 90 4 62 132 182 120 52 49 112 124 16 94 66 107 64 133 97 88 122 66 33 153 101 189 74 93 180 103 94 36 185 150 58 48 173 163
44 166 166 144 121 171 199 90 18 135 97 128 165 5 193 73 34 57 77 193 115 152 9 185 103 113 136 90 123 19 118 35 191 191 163 85 125 48 67 6
21 190 164 42 41 15 112 27 10 23 195 60 131 125 114 10 187 82 169 57 66 174 74 26 81 55 187 94 14 110 64 1 15 149 89 20 178 45 24 47
70 10 96 23 126 191 26 145 42 63 158 84 140 54 157 169 25 85 50 198 119 170 121 200 144 174 97 124 136 193 145 27 126 13 12 138 108 133 64 125
100 161 90 85 185 130 105 136 106 45 43 70 157 115 159 66 52 143 97 107 135 38 101 87 114 198 195 57 62 134 169 72 42 119 180 10 87 45 38 108
151 46 179 23 140 72 141 67 128 172 110 126 8 196 99 132 67 141 78 145 73 94 45 191 133 110 154 51 184 197 152 63 110 95 166 34 88 110 191 177
4 18 85 196 173 168 91 112 128 74 18 30 99 122 54 194 108 153 194 132 52 3 96 75 155 70 90 31 114 58 12 84 131 15 152 166 127 87 193 197
181 110 4 15 116 3 28 4 138 8 71 83 140 196 3 122 105 147 26 136 27 150 109 34 59 80 179 45 184 45 153 3 110 135 99 187 185 161 159 84
132 41 141 96 138 58 200 3 164 101 53 62 24 141 39 130 142 120 95 177 105 163 4 6 170 38 117 173 192 103 16 15 162 175 197 132 183 193 18 35
103 170 40 123 92 24 158 147 69 40 26 198 126 172 157 29 172 140 73 188 68 111 94 183 195 68 66 30 125 22 28 4 175 83 139 40 30 182 170 28
159 62 64 145 158 127 123 70 81 198 188 186 194 70 100 78 103 157 72 1 192 84 46 113 100 117 142 97 17 65 150 27 188 80 142 142 133 75 12 95
4 130 82 70 47 24 175 121 78 9 16 172 80 85 66 25 122 24 30 94 6 30 29 82 84 47 144 97 81 25 139 99 83 65 75 171 105 131 30 120
48 183 21 101 193 7 134 134 54 91 18 23 170 189 173 56 130 154 175 162 47 37 170 127 53 68 168 177 155 129 105 107 123 30 44 69 195 131 117 43
20 50 148 154 140 135 95 17 123 102 96 103 113 9 52 175 193 83 40 30 112 174 180 33 133 157 18 100 35 31 56 68 28 32 196 135 12 42 42 52
