70 	
87	95
0	62	6	2306	2	
0	66	5	3421	4	
0	91	3	107	1	
1	75	9	3763	4	
0	76	9	2834	3	
0	77	9	3486	5	
0	38	6	3342	2	
0	80	3	1334	2	
1	69	8	1510	2	
1	45	5	3564	6	
0	78	3	2219	7	
0	77	4	135	8	
0	86	8	1754	6	
0	76	5	702	3	
0	22	7	2800	9	
0	91	3	750	6	
1	54	6	3107	3	
1	33	8	1187	8	
1	1	5	474	7	
0	18	4	961	5	
0	41	4	403	1	
1	95	2	1338	6	
1	63	6	3070	9	
0	98	2	277	4	
1	16	6	377	2	
1	30	9	422	8	
0	57	4	1160	8	
1	6	1	3764	7	
1	81	9	1159	5	
1	7	2	636	6	
1	68	2	98	4	
1	50	5	79	1	
0	45	1	3448	7	
0	53	3	319	7	
0	33	8	280	9	
0	90	7	1494	5	
1	70	2	593	4	
1	13	9	3886	7	
1	75	6	281	1	
1	61	6	69	6	
1	78	9	3879	9	
0	75	9	1435	6	
1	80	6	2176	6	
1	93	8	289	9	
0	78	9	354	7	
0	55	6	768	2	
1	54	5	1203	8	
0	59	6	36	8	
0	35	9	257	3	
1	96	5	1070	7	
1	2	3	3020	1	
1	83	3	789	9	
1	88	2	3198	5	
0	56	9	870	1	
1	62	4	535	4	
0	84	4	1308	6	
0	51	6	3731	9	
0	64	8	1643	3	
0	12	8	1883	3	
0	80	5	3124	5	
0	51	1	1661	4	
1	3	4	1847	4	
0	11	7	892	7	
0	9	3	3362	9	
1	91	6	2335	4	
0	12	8	3693	9	
0	83	7	1472	5	
0	9	7	1637	5	
1	58	9	586	7	
1	57	1	559	5	
176 108 126 47 191 149 115 199 53 42 131 147 18 102 123 96 158 51 59 147 68 56 98 137 116 40 183 63 15 101 14 103 67 134 133 149 10 118 46 174 10 104 163 48 121 162 191 40 146 25 199 162 189 32 172 107 126 74 145 200 52 21 12 103 128 4 18 98 18 53
156 138 24 169 156 33 7 13 172 151 26 50 139 150 187 63 153 61 144 99 128 177 199 75 47 106 131 158 76 75 120 94 114 114 31 37 54 60 59 64 180 24 148 110 32 4 191 27 43 157 189 68 17 101 58 152 34 53 80 13 92 87 124 48 146 146 80 200 60 90
29 118 61 9 111 182 12 35 108 37 87 28 181 110 109 59 150 73 85 189 181 77 122 123 193 133 63 31 56 103 64 57 3 162 11 44 148 60 136 76 85 22 44 63 138 187 62 131 98 176 14 183 117 136 55 184 99 106 198 133 189 113 30 141 158 77 60 198 72 120
26 133 12 64 101 4 44 158 97 74 128 106 6 143 136 47 95 116 131 63 200 108 200 130 77 184 170 161 28 60 181 149 114 112 26 126 90 73 110 58 159 191 66 178 158 170 10 52 147 61 68 81 121 161 98 158 3 80 92 143 186 45 144 20 84 111 101 194 85 140
157 85 192 168 39 123 92 47 54 37 63 110 3 179 198 63 84 86 26 134 75 59 23 118 48 2 192 174 56 165 142 99 75 190 50 113 81 83 13 49 3 40 66 116 95 60 86 115 167 26 147 64 190 190 55 71 51 162 99 114 16 3 24 29 46 193 63 199 43 159
190 116 138 172 63 38 161 68 167 37 198 70 136 190 137 32 145 129 15 96 171 101 200 22 90 145 15 33 130 41 69 32 26 148 50 81 81 51 43 80 190 47 188 10 25 174 114 45 175 41 130 86 19 142 180 94 31 88 98 38 9 13 95 184 166 38 191 180 4 33
22 90 153 112 193 35 5 81 187 172 173 53 29 40 103 183 1 162 88 140 22 187 178 52 140 69 141 43 178 184 161 99 13 49 10 182 146 173 166 172 17 174 73 121 112 174 27 51 19 146 163 198 58 115 167 11 120 75 166 133 199 119 62 166 82 183 166 15 106 138
185 12 23 107 174 153 177 20 81 32 32 126 23 72 159 42 101 166 43 151 94 38 12 160 169 84 97 84 97 80 49 174 156 98 51 94 108 142 19 81 70 162 72 26 78 166 200 60 97 170 124 47 12 154 14 109 77 124 62 79 109 124 178 106 24 31 56 196 150 55
72 136 148 163 97 131 165 157 112 1 115 121 61 62 106 9 10 88 128 73 32 88 72 134 129 121 124 89 81 16 31 47 23 153 67 64 28 71 173 108 44 60 29 137 57 168 112 118 30 161 129 134 91 200 171 127 41 104 46 42 18 102 174 14 32 93 41 154 162 172
123 32 177 170 36 118 169 158 182 123 25 63 15 43 36 82 93 81 26 100 32 171 106 155 87 71 148 90 63 111 156 3 30 104 151 29 103 100 9 129 186 53 141 123 104 115 40 141 145 117 58 95 44 193 8 87 6 61 23 5 9 32 51 53 65 106 118 147 145 18
142 113 16 54 129 181 187 120 43 42 69 149 179 70 52 192 189 114 43 153 89 117 62 79 157 96 15 116 137 158 8 145 44 95 91 24 73 198 196 37 73 22 61 142 103 48 16 140 190 56 44 86 153 162 139 147 190 134 179 24 194 123 125 46 148 40 5 31 29 32
199 124 151 164 106 147 152 97 118 188 137 87 21 167 96 122 142 131 185 142 37 136 128 82 179 7 47 15 42 112 174 84 192 174 27 2 189 22 154 48 97 32 169 159 24 80 81 3 96 178 164 167 129 87 174 160 17 109 53 174 166 32 3 98 28 123 129 169 149 195
71 63 99 7 21 114 44 83 51 190 88 11 186 69 197 197 21 194 119 9 109 177 45 162 173 124 97 162 35 52 131 62 112 191 5 4 70 94 64 131 96 163 188 50 26 39 129 128 131 54 103 188 194 137 141 65 128 52 160 87 165 39 135 33 91 28 30 103 136 190
109 60 189 78 71 176 72 43 38 98 30 39 133 105 162 176 138 68 187 192 156 82 105 11 112 62 142 185 92 163 9 126 61 179 58 48 190 87 190 88 117 39 97 190 54 109 40 25 153 93 164 56 130 78 133 67 159 77 1 107 180 44 6 87 133 105 53 106 90 97
15 87 61 59 143 97 29 120 86 12 62 96 69 142 14 7 13 199 10 105 124 74 23 64 81 14 52 199 186 13 47 27 13 116 90 36 93 5 67 199 66 123 139 155 135 135 120 135 32 12 55 15 112 188 5 85 4 89 90 16 98 167 144 82 158 75 8 185 185 85
64 171 22 189 72 73 83 175 194 132 41 78 176 156 57 63 39 73 13 14 49 136 155 47 71 25 196 117 64 27 159 87 116 53 18 12 65 139 128 107 121 180 126 168 2 80 171 169 171 46 79 103 150 114 103 108 162 21 185 157 77 78 142 9 96 192 96 104 103 4
88 77 187 8 96 131 167 6 80 131 37 94 139 118 172 173 71 46 114 88 57 197 51 82 66 189 67 102 63 146 140 56 161 33 62 41 167 25 138 101 190 152 146 142 37 1 21 43 24 162 41 46 132 124 9 200 58 105 193 192 60 113 84 83 171 44 51 193 175 9
4 55 19 2 84 47 159 144 171 163 16 195 105 74 93 79 35 12 161 61 85 34 161 102 92 82 150 116 178 125 174 168 157 2 157 58 163 38 51 156 180 66 118 96 159 118 71 98 10 41 158 81 9 180 30 191 110 148 53 198 17 91 154 72 95 163 131 85 199 90
3 82 72 188 51 59 101 89 104 140 152 76 120 187 139 84 15 71 145 188 166 45 14 61 138 31 157 95 138 185 138 188 56 16 182 71 121 184 43 46 155 69 198 119 198 55 48 70 60 48 58 120 142 118 123 156 57 14 93 135 122 196 91 101 49 164 115 157 130 14
191 99 156 82 88 16 190 96 164 185 59 59 29 6 122 117 62 30 191 51 87 53 91 90 13 137 106 173 198 2 106 178 158 183 182 195 171 153 138 43 173 120 111 80 106 37 57 131 167 57 155 159 34 125 70 69 109 17 30 120 191 189 3 177 3 178 158 109 122 185
8 161 60 23 28 139 185 7 145 98 142 162 27 114 183 154 20 92 134 129 128 43 128 113 139 176 6 57 160 53 143 3 43 10 129 66 46 36 45 9 114 33 175 48 1 190 150 184 152 38 144 15 178 106 90 47 108 175 16 99 140 59 189 37 2 179 147 25 137 48
161 20 149 56 1 164 21 100 113 161 6 67 40 3 109 112 113 194 200 45 107 52 79 63 11 1 177 14 38 50 101 107 163 36 75 187 75 163 21 21 161 60 72 35 114 177 155 15 120 186 72 55 139 11 94 53 87 11 139 133 140 169 24 197 9 54 138 29 158 20
40 157 5 149 67 35 165 153 137 3 31 150 112 99 182 81 158 123 62 53 153 54 158 52 130 6 114 175 100 128 182 7 121 188 96 26 40 186 142 61 187 121 37 90 182 131 101 144 58 90 37 188 84 170 140 105 18 84 135 106 3 107 145 22 66 149 165 73 188 123
97 115 141 129 127 37 104 145 127 179 13 16 197 94 136 6 190 139 5 27 61 132 39 7 82 53 196 26 171 1 83 46 125 17 152 112 125 40 97 34 195 87 170 112 42 9 163 68 64 158 122 156 12 175 78 170 103 192 176 114 111 166 19 22 190 191 173 103 162 153
124 12 5 2 192 154 90 82 122 178 187 98 92 133 52 76 115 199 175 142 154 45 74 88 195 38 2 3 158 152 145 141 133 90 73 153 15 50 4 131 173 190 91 62 126 18 165 77 5 176 90 65 83 188 120 169 55 87 58 144 22 133 124 78 121 20 33 1 196 60
158 12 69 105 14 115 152 34 41 173 55 22 142 175 132 180 81 68 90 116 38 64 87 11 46 89 155 39 56 199 67 173 8 95 188 151 172 175 50 193 198 89 62 87 52 81 177 196 52 150 23 57 93 159 144 47 15 32 89 54 52 1 72 13 116 4 64 169 72 198
40 36 17 125 127 45 27 98 39 83 55 29 177 152 170 50 58 20 115 168 122 72 132 80 111 139 195 163 32 155 168 145 124 75 188 72 24 47 177 200 146 68 33 120 63 40 41 165 134 146 94 23 161 107 23 123 56 75 173 40 72 51 47 197 51 116 57 199 32 131
185 74 3 148 146 113 24 110 167 174 61 159 167 30 75 160 5 91 158 35 195 94 73 6 92 157 4 60 143 22 58 110 79 82 91 107 10 35 165 192 19 10 63 86 180 4 138 13 175 152 69 42 187 156 158 78 140 69 91 66 149 28 125 187 53 54 130 109 24 35
5 197 170 36 164 30 41 62 200 73 182 24 165 85 39 148 122 118 178 136 85 129 44 47 96 64 182 155 192 124 34 50 189 144 143 66 181 81 184 55 132 91 42 3 34 73 16 98 110 73 85 76 30 51 92 69 197 65 117 45 21 194 31 177 52 119 197 145 173 78
81 98 17 191 47 27 33 45 63 68 191 70 57 79 164 186 114 159 159 44 60 24 167 96 92 148 132 91 94 136 182 81 197 95 40 117 59 57 48 196 71 180 176 100 98 190 133 182 181 139 191 95 85 3 4 168 12 121 80 171 169 4 193 120 177 136 173 114 187 53
61 145 107 26 44 41 143 64 72 166 22 190 120 127 140 97 25 71 12 198 175 75 63 76 190 199 84 82 2 127 84 64 2 3 140 93 100 139 128 148 53 194 146 13 33 147 63 129 103 102 147 115 50 22 84 106 33 135 169 112 174 81 198 91 109 58 118 159 128 166
142 50 131 133 85 84 185 23 176 178 173 159 75 69 126 99 165 4 83 124 181 128 57 176 149 23 118 199 63 103 51 61 39 150 180 141 197 151 167 156 100 179 38 29 178 68 74 200 155 102 62 189 172 106 165 126 146 58 96 90 49 73 17 75 133 91 13 171 81 70
195 107 170 32 55 66 177 126 187 157 151 93 153 185 196 146 101 36 153 195 193 72 96 38 131 26 66 35 58 125 38 84 7 114 7 33 169 127 102 89 167 79 145 191 174 45 41 153 18 90 48 185 140 139 180 3 44 199 10 61 167 44 67 125 163 3 144 92 34 109
168 32 165 60 62 183 116 187 55 14 140 126 23 114 143 128 100 98 187 72 171 155 190 92 137 4 21 36 94 199 150 37 157 46 17 113 168 13 162 64 145 9 163 61 60 49 185 14 178 155 65 164 76 42 50 113 66 123 7 36 75 149 120 191 142 172 73 10 38 52
158 164 119 79 10 190 143 177 42 39 158 159 172 170 159 81 86 30 116 34 102 104 199 141 4 91 160 61 6 96 41 181 186 1 93 126 58 12 155 26 10 84 159 93 148 20 34 52 131 118 150 70 145 194 125 160 31 62 88 123 51 67 184 14 25 169 103 39 106 92
137 141 116 29 63 75 22 112 45 163 102 32 32 185 101 119 106 58 106 182 107 22 71 116 164 175 66 30 179 74 147 60 76 122 164 170 175 146 40 11 15 74 200 66 119 33 137 112 118 95 26 99 114 53 99 153 159 20 65 51 86 90 143 173 90 159 20 11 77 3
101 73 99 198 195 138 181 140 87 92 24 137 80 15 45 71 190 74 154 38 68 171 85 15 170 45 15 127 37 196 92 116 20 147 121 93 34 73 193 178 124 124 12 138 111 151 59 191 3 193 28 71 13 42 169 191 12 31 86 40 135 117 73 127 145 85 39 60 32 145
196 25 139 174 154 179 118 138 60 18 164 176 196 170 76 162 190 168 155 42 107 37 27 108 131 48 149 200 169 196 41 182 149 115 119 55 15 172 173 52 110 163 132 69 187 159 193 56 133 74 25 120 37 135 67 78 93 160 116 12 198 178 45 181 77 141 50 136 116 62
197 46 30 135 147 52 188 184 120 153 67 69 198 46 69 55 127 158 43 39 94 63 41 153 16 153 180 191 129 160 96 9 131 53 140 9 120 74 171 160 151 132 170 55 55 126 98 87 189 34 41 150 54 43 180 65 50 130 106 174 7 90 128 140 183 70 47 63 97 197
24 94 126 49 57 56 104 191 172 86 66 55 45 55 32 64 23 160 60 49 101 96 60 137 154 100 44 157 104 92 133 90 64 85 93 5 65 176 49 37 39 143 197 35 17 184 155 188 77 86 135 60 183 162 56 130 187 165 140 83 8 79 163 31 149 44 152 38 57 51
9 158 93 96 36 30 35 15 51 174 135 84 61 8 32 73 194 135 121 150 124 15 149 93 82 102 31 196 69 166 20 21 189 139 61 191 148 50 9 190 8 41 38 54 136 123 197 81 107 148 48 162 121 20 157 131 145 106 49 175 20 3 111 124 43 181 175 188 109 187
69 64 62 10 12 153 19 12 33 129 64 17 86 113 187 132 79 114 126 113 173 13 115 117 146 136 86 92 36 96 104 77 173 193 149 68 54 84 142 20 89 174 2 185 102 129 157 12 159 72 74 13 61 20 79 183 173 59 124 172 9 99 78 10 131 22 182 132 193 146
184 25 23 65 141 5 130 137 162 39 118 136 118 33 153 87 11 39 187 89 138 2 138 104 60 46 19 60 83 145 52 51 69 107 159 117 49 76 189 80 183 16 27 69 128 99 4 198 75 193 200 74 158 101 166 14 65 102 68 75 27 125 131 95 30 21 24 29 87 79
150 112 23 154 36 84 136 5 128 117 73 145 164 77 11 52 100 32 15 117 124 68 156 165 33 61 128 97 197 122 113 113 161 57 179 149 3 76 67 81 170 118 60 52 46 130 185 68 27 150 93 72 9 75 193 14 13 122 44 13 82 136 106 90 157 2 170 10 23 184
107 5 102 60 199 38 111 98 78 34 37 12 101 106 163 114 160 27 13 99 106 149 92 199 15 29 60 170 79 75 182 184 170 59 131 9 31 79 187 66 21 18 9 30 45 59 89 98 115 199 5 22 149 175 8 184 66 22 13 5 190 18 87 87 169 78 147 160 107 104
155 153 87 15 146 25 2 13 39 14 156 189 176 83 150 110 49 50 25 132 151 39 110 178 45 118 120 106 39 141 139 121 151 141 6 90 139 58 164 12 92 160 141 80 77 83 66 148 129 61 108 171 176 193 24 86 100 55 35 67 58 46 166 47 32 187 22 175 132 67
56 64 100 51 8 8 58 120 91 93 101 15 104 68 80 193 193 199 134 187 16 54 56 90 104 101 189 183 141 71 109 177 62 72 28 161 118 88 64 138 32 63 2 101 17 134 32 145 106 139 142 181 51 66 64 84 43 10 100 28 103 155 172 173 18 48 140 93 110 150
116 18 186 89 94 28 191 161 118 141 72 56 184 103 87 106 187 153 61 92 99 97 74 197 91 167 83 92 62 112 54 25 94 135 195 61 7 163 182 99 51 68 15 98 114 160 170 127 188 125 9 197 60 78 15 184 182 36 18 131 81 41 171 8 71 115 45 106 19 200
16 107 128 191 111 190 62 95 16 198 197 134 68 188 184 150 158 60 64 90 40 39 174 108 84 181 115 39 5 144 98 166 179 66 107 79 189 130 181 59 41 81 23 143 51 130 27 46 92 60 12 84 65 12 77 99 45 129 106 49 104 155 169 52 128 70 1 58 90 147
126 196 147 158 156 106 43 103 4 162 24 180 132 59 24 30 73 157 87 199 163 183 92 160 31 149 136 150 177 79 110 166 155 90 169 17 57 44 101 156 149 111 103 129 18 3 27 136 69 27 94 184 165 5 22 110 27 1 171 132 48 121 191 8 116 12 169 42 70 61
172 131 12 86 62 171 97 79 143 179 198 1 164 171 134 192 137 141 168 65 179 54 192 21 108 85 53 102 168 156 37 194 29 93 106 67 123 77 170 56 33 137 174 191 171 69 3 158 4 114 83 75 30 179 170 135 56 122 9 61 92 133 80 164 114 176 18 23 46 27
113 85 193 163 196 49 97 164 113 65 172 65 128 14 175 130 2 3 36 110 159 85 122 2 116 84 163 10 2 176 71 158 129 172 190 142 60 22 134 104 153 61 173 164 162 85 31 11 115 102 28 127 107 17 77 139 126 19 4 127 95 153 115 142 91 55 93 198 94 16
27 22 5 39 163 78 163 159 20 111 61 200 187 2 67 123 158 39 176 163 72 75 162 158 33 103 59 145 73 176 17 47 183 42 101 30 4 10 159 151 143 29 13 28 13 189 168 145 166 17 123 36 163 128 16 165 154 63 125 188 47 89 25 53 135 186 79 78 55 87
140 166 70 170 79 136 95 160 86 17 165 182 68 114 185 49 161 146 111 37 139 128 34 175 17 95 67 55 167 27 56 168 144 175 92 82 148 127 3 104 68 154 72 44 172 138 159 87 82 74 90 199 10 117 110 73 81 35 58 188 155 24 53 129 143 95 90 32 119 146
168 181 98 122 13 107 33 177 40 198 103 36 166 22 122 170 115 105 166 158 39 176 137 149 53 187 189 91 48 100 180 138 100 17 90 113 114 4 4 84 130 48 126 142 148 133 49 4 65 22 102 183 187 79 145 151 135 68 56 172 200 149 95 85 54 110 94 178 170 140
83 187 147 142 139 20 59 37 147 44 7 193 142 192 49 190 150 23 176 164 183 69 73 75 60 175 189 42 161 25 28 169 74 184 38 110 112 61 93 65 190 174 144 112 186 40 29 55 150 153 161 8 139 151 38 109 26 99 200 117 6 184 129 138 119 128 162 36 163 144
109 190 157 25 137 179 155 52 39 163 74 147 11 78 116 18 156 24 139 48 44 74 154 8 127 108 172 140 174 102 25 76 81 162 69 100 22 12 18 136 85 32 91 182 193 3 14 97 54 21 19 191 86 94 158 105 93 2 98 126 191 169 133 122 151 150 179 195 67 72
188 24 170 56 39 162 195 70 6 155 169 64 70 37 162 127 75 96 137 16 151 146 95 79 168 74 120 87 165 38 10 29 104 105 64 171 122 124 4 3 3 136 172 81 53 190 72 47 188 98 57 26 30 141 40 55 180 177 43 40 65 70 160 44 114 97 135 135 23 12
46 98 2 75 108 138 101 8 135 153 79 91 116 74 61 51 131 145 122 149 75 131 119 172 148 97 81 70 5 185 103 170 86 134 200 134 43 167 59 28 189 28 105 36 84 85 195 63 129 93 101 127 9 21 25 161 194 73 83 193 50 122 59 157 137 105 116 200 183 172
148 14 66 149 75 89 200 90 87 171 138 168 140 185 148 194 120 105 133 132 111 11 28 24 33 111 140 153 47 22 22 141 85 163 37 6 65 198 63 55 124 174 161 167 171 93 112 45 91 43 50 187 142 163 19 186 14 104 112 196 140 51 138 141 57 131 5 193 64 101
154 137 2 199 198 99 156 19 153 11 180 65 120 28 74 52 167 182 81 146 177 56 165 185 78 87 142 101 183 187 41 103 79 63 154 136 89 168 81 148 49 92 74 116 39 179 153 86 164 166 42 58 194 174 6 87 126 178 111 16 81 46 77 16 120 22 53 184 14 58
72 40 70 87 56 30 63 148 137 108 61 22 189 31 124 193 121 9 168 21 33 156 82 38 127 108 56 53 43 84 14 25 61 177 176 145 90 108 126 140 50 95 162 98 43 173 131 94 61 130 176 13 100 151 193 44 81 61 120 160 107 158 192 127 134 69 24 190 11 192
100 150 128 109 99 39 68 152 100 112 9 60 56 41 10 60 41 65 80 133 100 158 54 56 126 78 25 198 199 70 188 123 190 27 2 5 77 178 25 142 199 116 39 148 191 107 199 175 104 115 93 102 84 181 65 46 188 56 80 9 160 24 105 39 121 64 155 40 155 46
61 122 61 102 16 199 100 189 89 95 157 38 127 73 171 79 119 50 165 49 195 161 69 68 152 177 43 130 168 15 57 1 84 60 113 197 134 18 168 84 49 111 95 118 83 7 128 1 116 91 47 178 73 12 111 58 161 127 51 51 74 12 122 99 2 141 32 58 19 29
160 193 77 66 182 22 110 154 146 51 148 133 42 71 165 105 68 33 126 69 178 29 39 146 7 31 70 141 41 6 76 2 85 156 132 100 54 59 24 82 124 113 113 154 52 107 190 171 55 92 30 36 9 86 110 165 38 20 68 31 21 131 73 45 60 62 157 27 98 156
125 93 7 20 117 135 172 142 178 198 113 123 4 110 17 117 196 89 81 127 98 115 194 9 144 195 38 136 25 108 182 82 196 109 154 100 197 156 15 73 84 67 167 184 167 63 126 123 131 132 11 24 152 24 79 144 136 144 161 130 106 55 175 160 186 141 24 66 138 97
103 84 167 60 35 33 166 93 63 27 150 29 16 136 166 144 164 97 10 105 81 105 89 9 13 110 123 144 80 93 198 155 127 29 8 76 120 195 6 71 87 119 110 22 53 196 116 95 91 131 9 118 106 135 118 1 115 142 138 148 153 40 42 96 31 83 142 145 170 56
55 8 31 68 167 174 147 190 127 93 122 45 143 72 158 79 87 168 14 27 64 122 167 55 22 20 129 200 138 14 127 127 119 42 186 197 28 20 97 153 81 96 165 105 64 99 56 196 190 99 112 148 106 46 12 13 30 89 118 105 111 19 142 126 142 20 39 175 188 168
107 114 108 199 10 159 128 133 181 85 129 178 66 54 1 71 143 171 12 14 25 72 148 188 123 184 171 185 115 192 57 187 163 10 151 48 113 168 69 115 56 153 118 102 180 92 119 143 3 4 154 91 125 66 28 86 16 77 79 167 104 182 144 190 66 69 2 94 54 28
132 171 130 50 83 160 3 164 129 175 114 67 170 21 141 17 149 160 126 61 161 49 155 151 153 200 148 81 127 198 125 128 80 11 47 44 51 77 99 36 142 153 115 13 133 134 189 71 85 69 164 78 192 64 32 177 118 173 45 7 75 11 104 187 55 190 133 198 155 45
100 95 159 40 148 73 130 93 120 94 129 120 63 17 22 83 170 19 36 103 106 180 47 47 52 55 106 105 18 132 90 196 199 153 194 136 193 66 185 196 69 176 120 28 57 147 47 181 35 78 197 129 36 103 160 139 119 163 161 103 151 109 194 24 131 62 134 61 187 106
