70 	
2	14
0	73	2	1568	8	
1	22	5	3262	4	
0	63	1	2711	5	
1	16	4	2505	4	
0	76	7	725	1	
1	43	6	2395	8	
0	41	2	932	4	
0	72	7	1753	5	
0	76	8	1334	7	
0	97	2	484	8	
1	9	1	1089	8	
1	85	3	639	2	
0	89	4	1882	2	
1	34	5	429	5	
0	98	4	2232	3	
0	52	2	1121	9	
0	60	7	629	1	
0	38	3	968	1	
0	28	2	365	8	
1	60	8	1906	4	
0	83	9	2568	2	
0	26	5	2599	5	
0	96	5	1283	4	
0	13	6	3803	5	
1	86	7	871	1	
1	33	6	1070	1	
1	14	1	303	3	
0	81	8	1115	8	
1	89	7	468	3	
0	57	6	1264	3	
1	56	5	2863	8	
1	94	9	881	3	
0	12	2	2854	7	
0	86	8	1699	4	
1	56	7	3673	9	
1	81	3	1425	2	
1	20	9	532	5	
1	94	7	2039	5	
0	37	7	53	4	
1	18	8	1336	3	
0	88	7	3783	3	
1	91	8	817	9	
1	13	3	3490	6	
0	66	8	3437	8	
0	73	7	315	1	
1	42	6	3410	9	
0	43	8	678	8	
0	50	3	868	4	
0	65	4	2262	8	
1	45	8	1220	7	
0	66	1	863	5	
0	72	9	2567	2	
1	24	2	1677	1	
1	61	3	2683	4	
0	23	5	1336	8	
1	16	6	165	2	
0	66	2	704	5	
1	3	2	1820	4	
0	62	8	2172	3	
1	27	9	3407	5	
1	96	9	1508	2	
1	55	7	1532	8	
1	58	1	1127	1	
1	32	5	2108	6	
1	63	9	2818	9	
1	68	6	1406	4	
0	39	5	2926	6	
1	67	2	910	9	
1	29	8	831	4	
0	67	5	2397	3	
143 96 122 193 40 55 112 57 59 146 37 118 26 96 115 102 24 158 71 196 115 12 33 177 173 104 8 125 15 105 120 176 142 7 71 126 193 179 42 102 198 63 139 121 48 153 192 102 166 103 59 186 152 10 77 125 107 98 42 184 109 126 46 2 163 49 90 83 71 141
123 191 47 165 28 121 28 176 145 1 30 114 152 125 85 139 38 144 68 116 147 65 154 43 170 146 17 137 91 94 56 198 94 144 189 131 108 6 36 158 94 170 33 108 95 155 104 152 63 194 48 106 110 42 160 182 30 63 91 61 173 131 31 74 110 15 164 188 41 133
89 36 172 114 10 151 185 183 165 168 2 26 198 88 199 152 146 112 195 47 37 142 89 19 71 45 65 61 200 170 28 15 178 28 144 28 80 7 136 173 76 62 159 62 136 3 187 36 27 117 110 24 184 193 165 31 65 99 49 90 174 164 21 12 99 153 134 137 110 33
82 12 135 121 28 179 194 47 104 146 28 70 38 116 71 198 38 41 129 76 117 110 169 81 33 125 55 98 142 32 181 4 100 188 114 14 119 65 172 63 70 9 195 36 148 12 149 108 9 43 20 74 144 1 55 11 14 80 50 59 154 150 143 19 97 152 166 35 8 140
143 190 57 166 112 132 174 99 145 141 127 124 68 36 155 132 16 158 77 94 69 145 75 183 168 10 200 123 71 55 49 26 87 61 115 68 49 92 174 31 14 23 146 71 93 162 70 17 173 128 18 109 90 142 51 158 169 125 193 185 68 16 178 179 189 86 104 52 191 189
129 95 138 189 68 94 15 16 11 118 100 125 28 58 70 134 5 181 79 176 193 63 10 56 183 138 94 56 37 47 6 60 13 42 9 187 18 16 71 120 82 50 39 40 123 161 131 162 116 24 5 48 164 49 52 129 181 158 62 184 117 126 17 30 99 25 54 69 12 109
155 125 86 173 163 32 88 27 41 113 152 93 51 187 187 160 176 38 152 122 134 75 59 55 47 11 65 133 174 10 18 115 40 193 178 159 170 88 151 25 122 137 119 12 28 151 118 174 3 159 43 191 7 145 87 179 35 107 45 176 39 29 58 163 4 80 31 193 134 197
64 42 56 80 154 113 15 99 181 31 150 130 33 122 193 139 141 52 22 98 91 178 20 107 78 73 135 128 15 151 76 198 120 82 26 180 88 78 95 97 104 72 112 63 1 58 116 184 79 125 102 136 52 8 181 161 192 130 134 62 66 185 156 43 126 74 82 11 124 22
82 153 93 140 82 77 65 129 86 175 170 20 102 80 22 121 157 176 178 124 16 109 6 23 164 82 159 53 183 177 46 88 93 115 135 182 72 12 152 135 159 9 60 103 172 127 114 85 165 14 136 29 93 19 163 178 150 137 103 137 100 43 58 49 187 196 100 172 122 147
193 54 7 46 95 114 13 73 193 65 158 19 131 17 88 175 152 59 102 180 184 3 148 81 119 86 163 60 25 9 101 81 141 179 186 184 195 123 149 150 198 125 40 31 146 155 20 200 52 179 121 184 21 126 182 153 171 137 50 121 19 158 5 189 97 134 10 190 15 52
164 2 83 178 33 191 82 183 141 118 192 120 196 32 37 87 173 59 12 6 38 1 135 69 95 170 157 157 161 181 194 163 105 36 159 84 57 181 104 77 131 73 109 184 168 140 77 51 21 52 116 30 126 46 23 81 105 186 187 187 184 27 124 134 177 57 28 103 36 85
172 19 27 17 33 102 85 121 185 75 25 125 24 5 27 139 135 86 21 78 64 72 70 17 46 136 193 190 87 145 35 200 10 19 168 39 148 147 151 11 142 123 149 54 75 25 143 143 38 166 131 72 84 145 48 1 175 104 4 116 147 33 32 69 92 44 182 27 192 71
171 129 74 71 54 91 30 54 67 53 162 51 51 115 135 194 143 28 106 67 114 81 118 181 11 27 172 101 147 36 51 49 38 29 73 90 108 180 178 193 92 32 86 116 169 101 71 129 200 150 128 168 138 125 163 58 190 78 91 112 44 19 52 44 194 18 194 172 77 113
7 174 76 170 47 159 120 94 34 114 178 40 10 33 196 176 183 171 24 15 81 81 140 5 70 104 146 13 85 76 133 168 43 151 195 160 65 18 15 24 102 163 17 102 93 122 149 189 198 61 124 90 41 151 88 4 117 45 118 132 122 24 83 121 63 16 116 147 117 93
145 157 111 187 10 149 99 98 128 4 120 2 86 24 81 154 97 71 138 75 82 72 62 198 38 180 84 35 139 80 75 124 109 160 58 144 136 45 80 33 85 83 155 200 61 39 96 125 88 73 163 94 94 46 117 120 5 17 32 119 15 184 147 22 124 110 9 94 127 101
161 5 106 42 133 128 84 178 173 65 41 70 107 10 80 196 76 115 118 160 49 97 104 175 97 113 110 189 35 29 87 28 129 44 84 82 108 10 5 124 86 162 52 57 126 95 162 110 170 57 50 107 109 119 4 49 159 9 153 147 79 104 58 102 65 31 81 86 149 195
104 146 25 33 22 149 22 133 87 195 37 121 47 30 28 153 173 171 40 145 99 178 152 170 108 71 132 79 199 49 11 40 29 117 26 197 53 166 90 112 136 154 83 92 5 6 11 200 39 171 93 91 75 157 35 193 200 197 51 147 38 67 198 9 47 38 104 164 103 106
41 90 25 67 107 168 104 140 49 93 31 27 36 74 68 58 182 90 164 107 60 6 102 31 164 73 154 29 89 43 130 124 172 51 20 67 174 166 188 125 181 139 51 116 12 97 91 124 102 28 118 103 62 135 183 113 197 91 184 196 123 13 46 96 12 20 47 98 181 124
117 158 43 15 160 136 146 163 2 85 136 125 30 7 160 42 18 177 130 154 41 22 42 80 129 89 186 117 92 55 147 187 48 180 162 91 173 123 144 137 173 181 136 171 143 186 90 53 15 93 137 157 149 30 34 60 37 15 197 66 134 124 46 24 194 17 25 30 188 127
85 178 10 165 98 79 146 80 181 90 130 38 108 45 186 29 146 181 20 142 28 156 33 178 111 174 30 126 89 127 8 174 50 79 190 72 126 149 4 60 114 194 73 42 48 141 197 150 78 29 173 53 37 29 59 104 14 134 179 118 171 132 12 87 35 29 118 26 100 148
154 59 161 66 46 108 198 195 161 116 87 12 186 181 61 167 27 1 41 36 199 69 39 182 20 7 152 31 169 20 52 137 13 177 145 47 79 51 191 5 36 4 85 9 82 95 159 86 159 167 94 87 15 15 191 8 145 86 158 159 128 52 89 38 129 199 179 62 173 176
26 66 53 100 199 135 198 190 32 46 62 50 192 117 155 97 60 89 112 87 69 63 143 158 79 123 190 32 18 50 29 36 126 8 179 42 172 85 83 22 182 116 46 17 16 13 174 183 16 50 40 42 72 159 174 89 39 83 123 46 112 169 114 127 25 122 64 142 174 38
107 63 116 51 194 119 176 159 75 31 39 14 17 170 96 48 53 132 119 152 136 46 106 93 195 12 165 189 36 50 27 149 83 135 109 59 135 143 182 115 154 63 19 112 101 170 163 112 171 50 23 93 90 188 13 97 123 74 109 58 157 177 78 182 40 150 34 57 173 101
196 138 79 69 49 193 126 188 158 54 150 79 20 118 132 146 147 128 75 164 136 114 189 177 120 18 17 102 70 163 94 131 84 164 140 135 19 53 41 174 85 48 103 27 104 163 171 14 24 28 12 8 41 1 68 101 192 7 134 19 161 50 44 93 83 57 120 187 197 78
44 126 10 83 192 173 55 105 107 156 184 136 70 29 193 14 27 99 147 102 2 104 91 140 139 148 61 126 34 77 28 80 1 181 115 9 133 89 56 93 96 51 141 186 29 50 123 73 6 145 18 26 148 168 12 110 63 70 109 95 7 62 172 200 156 62 11 176 147 123
118 153 63 107 7 99 173 48 156 15 20 40 60 82 172 78 157 30 194 98 140 97 157 194 170 173 88 16 77 23 120 6 151 134 147 32 172 187 36 97 139 73 97 102 141 7 105 162 5 116 185 8 70 3 17 186 85 141 148 74 50 112 104 101 117 22 197 62 112 100
136 19 54 171 48 14 110 109 68 40 13 39 131 78 78 3 1 3 33 18 64 82 179 100 41 126 83 3 36 166 111 180 163 57 16 191 119 35 126 168 86 174 37 107 118 165 172 158 105 70 185 109 134 71 163 78 174 36 186 44 71 158 60 15 156 152 87 66 3 59
146 121 166 23 2 145 49 114 32 119 51 36 44 115 144 169 58 145 120 147 123 36 154 14 159 88 132 6 135 139 152 149 50 77 49 58 1 90 135 130 58 181 93 31 24 125 90 189 20 142 145 81 15 117 164 68 156 42 86 60 122 118 186 93 79 65 153 58 13 195
166 61 111 77 124 114 173 17 16 46 195 190 104 28 46 100 64 137 169 178 67 187 86 100 159 79 50 90 58 39 8 181 109 3 30 120 62 145 125 160 60 154 74 78 145 175 103 69 199 134 169 15 16 179 167 188 192 42 70 192 138 134 173 50 175 41 67 176 121 197
88 186 70 151 75 73 104 171 46 77 65 16 80 84 67 93 111 82 14 21 127 156 8 7 20 152 96 84 56 13 33 123 10 154 176 166 118 134 37 132 64 177 183 89 41 49 157 30 73 37 87 61 186 52 88 139 178 139 156 38 85 199 45 111 23 147 170 150 98 166
47 66 155 154 95 150 98 80 78 191 53 30 112 198 18 41 64 180 61 159 137 130 24 115 73 179 136 64 65 177 64 197 32 159 14 183 173 91 47 142 101 157 119 174 147 1 124 59 158 168 81 193 17 164 37 30 80 29 89 165 87 117 67 103 10 93 6 195 168 80
60 100 68 31 37 94 15 13 56 61 171 86 83 19 125 86 134 143 140 154 178 55 157 70 32 150 44 192 36 168 157 5 53 25 24 181 81 186 65 135 78 102 160 83 20 104 193 40 102 23 103 82 198 145 153 94 88 168 190 79 77 147 135 31 167 22 63 107 197 180
93 81 2 173 45 122 192 146 91 66 162 186 66 83 53 55 88 109 118 170 102 106 138 52 136 127 30 45 199 190 41 139 185 200 185 88 182 181 170 115 177 91 117 117 58 14 27 162 146 188 53 193 157 156 96 148 199 197 157 107 132 96 43 18 104 100 152 140 13 100
107 103 107 10 80 187 144 50 196 113 117 141 132 97 170 23 39 156 148 139 107 81 52 38 198 59 113 27 95 143 48 79 179 191 165 124 142 74 194 125 39 76 171 186 6 146 191 180 49 170 129 153 93 177 89 187 48 145 10 91 151 102 143 126 88 32 159 200 132 81
51 41 123 32 30 192 137 148 30 137 96 187 79 188 79 181 112 3 96 105 111 67 114 12 59 84 29 82 174 66 46 115 143 131 44 122 10 140 52 30 116 14 105 197 3 90 181 19 108 2 6 152 160 100 171 139 125 145 30 106 48 109 71 148 113 63 138 75 2 8
181 146 198 10 170 64 97 44 100 97 107 151 115 105 78 193 112 144 34 14 139 82 73 23 174 164 11 147 129 10 162 19 49 200 104 144 73 155 90 29 109 131 62 104 64 169 1 157 4 182 72 93 28 116 192 21 139 125 193 102 159 113 34 91 18 196 44 137 49 174
149 165 128 26 126 53 17 158 151 22 153 166 96 27 66 7 186 165 4 97 195 53 66 30 87 8 149 9 190 168 119 129 102 79 194 116 6 118 187 186 164 181 174 193 58 175 171 95 77 107 31 65 86 47 74 197 140 157 184 130 152 116 155 103 17 126 43 142 16 144
19 87 164 45 161 181 149 188 88 192 150 28 112 160 150 59 163 73 183 193 191 11 130 114 151 164 117 124 105 5 152 181 155 186 16 122 93 137 198 32 5 139 102 106 198 150 189 77 59 154 190 60 22 27 192 111 168 135 98 120 28 115 20 2 111 197 62 21 162 123
93 93 170 148 17 95 78 6 92 116 182 161 22 10 29 173 49 35 29 163 127 93 193 181 163 63 68 120 156 154 9 106 62 85 4 76 116 98 83 112 39 87 115 191 51 83 185 181 63 1 92 76 88 197 39 149 154 140 83 90 100 12 125 90 141 18 52 48 143 175
175 134 69 157 157 74 4 36 175 190 153 118 17 95 133 19 167 138 138 105 30 89 94 19 154 84 147 117 28 192 17 170 14 157 167 120 101 64 108 127 105 14 37 160 57 1 190 137 177 119 182 189 179 120 182 10 57 47 109 134 82 120 161 19 183 135 18 120 158 171
70 38 20 186 101 105 6 21 105 45 119 195 154 43 61 52 187 103 54 2 179 5 13 94 194 114 187 51 76 79 10 43 130 75 3 54 108 96 133 195 168 51 17 9 151 128 168 41 190 17 194 184 110 170 33 126 72 107 191 61 89 11 139 161 5 14 84 147 27 173
197 56 85 53 183 164 116 82 133 153 2 96 1 184 173 190 188 20 75 59 199 145 169 142 67 161 13 121 183 55 194 169 116 168 123 93 26 98 136 29 76 172 163 65 54 89 84 117 197 136 37 171 87 117 99 163 92 181 5 186 102 158 2 23 101 134 26 38 35 157
157 53 58 32 179 139 170 55 35 87 177 98 66 22 64 69 73 191 44 72 117 168 70 30 79 169 103 71 63 37 68 140 65 172 62 64 78 193 119 87 127 2 182 176 59 200 90 71 191 142 183 100 199 125 177 92 151 55 127 64 136 81 15 186 139 124 94 180 97 75
21 155 63 69 109 197 145 66 99 105 43 146 189 60 92 39 165 124 181 197 5 101 194 161 94 108 110 35 35 199 98 31 178 144 141 186 66 22 197 54 181 57 70 112 140 47 3 50 110 124 189 21 161 165 188 13 11 81 91 151 81 148 26 184 102 27 135 68 25 78
40 74 59 83 45 82 60 174 168 122 123 114 160 195 196 26 158 141 127 96 51 118 75 195 168 24 29 110 124 171 133 90 174 149 197 199 186 46 79 143 137 138 108 20 126 55 119 26 20 93 135 4 122 197 148 132 51 103 56 157 16 94 1 104 21 128 16 182 186 31
125 139 93 196 200 75 200 20 78 58 138 38 102 169 172 82 124 167 124 84 27 196 200 29 22 35 93 18 87 40 57 1 180 154 77 4 77 200 180 157 35 180 186 11 139 156 132 137 170 137 58 161 154 111 100 63 184 76 90 14 56 200 159 145 58 16 52 32 105 126
80 139 175 190 189 59 175 184 38 79 28 166 193 1 28 11 99 17 194 35 117 156 70 181 190 99 76 141 15 61 52 170 149 34 36 64 10 80 168 166 117 87 107 2 161 195 130 98 83 143 122 71 124 50 179 89 15 55 126 75 66 97 191 31 121 179 182 145 129 37
179 123 48 172 84 18 118 74 145 112 24 138 139 68 197 183 126 76 150 69 97 142 128 152 33 71 186 82 144 129 146 138 200 117 40 13 66 46 165 61 59 176 193 29 176 194 54 84 53 44 11 27 73 25 79 189 93 25 163 2 133 166 131 176 28 55 23 18 54 4
17 98 181 78 99 109 51 197 36 108 119 197 35 96 114 150 130 3 19 128 100 96 28 184 162 153 149 146 100 3 36 45 98 16 98 187 91 1 8 15 191 102 73 142 164 25 34 59 187 68 104 128 23 93 17 36 145 35 195 198 114 105 81 164 60 65 28 105 51 164
63 24 103 126 56 83 73 134 20 164 54 168 120 195 19 159 95 188 149 5 22 173 74 199 187 101 17 78 183 12 65 68 39 65 174 35 198 195 176 182 190 153 72 46 117 52 66 108 64 56 81 5 114 62 188 10 150 87 187 184 80 12 107 194 186 77 65 129 93 3
62 56 103 56 159 171 75 81 20 172 147 197 175 158 80 107 69 174 73 68 59 195 155 140 185 88 45 2 57 171 3 198 82 171 64 67 86 24 172 29 84 50 168 60 59 25 31 163 141 129 64 60 60 81 7 37 71 74 133 167 148 67 155 127 111 13 9 20 91 107
129 138 10 84 95 49 120 143 153 156 110 72 62 133 124 144 185 48 170 64 18 59 64 166 154 71 19 14 79 155 9 148 18 90 154 164 184 36 190 86 44 132 3 83 70 138 162 158 8 88 80 179 13 62 58 192 159 107 19 133 183 100 118 54 129 150 7 143 128 165
183 139 109 182 197 87 122 108 5 36 137 50 74 150 72 59 154 175 155 23 169 104 32 63 151 107 124 146 143 135 15 18 101 66 17 50 132 47 158 200 27 43 125 6 82 173 33 115 46 63 88 23 85 141 194 176 62 128 59 172 167 101 157 143 35 157 124 138 8 30
77 25 79 111 106 7 52 162 162 173 191 154 168 129 59 86 199 106 25 13 61 136 24 176 27 72 134 120 46 90 24 42 3 185 32 4 76 44 29 173 189 9 26 162 112 25 41 129 129 62 66 109 63 104 55 169 146 29 145 33 19 144 32 193 115 152 129 180 11 171
166 125 19 28 187 63 41 44 137 75 38 144 57 169 146 193 46 55 109 31 164 92 139 48 17 97 90 147 66 60 31 123 177 49 5 99 143 6 195 17 141 49 71 139 125 69 138 157 80 82 113 31 137 58 39 180 16 86 95 93 198 37 93 139 51 129 108 164 95 9
148 113 44 6 75 197 22 183 25 14 187 32 41 33 9 94 170 73 162 108 155 144 144 7 176 153 76 66 132 109 103 141 77 82 131 137 45 182 26 166 130 191 76 45 5 162 32 12 136 184 119 33 38 143 190 20 144 175 72 15 125 55 162 64 151 52 155 148 170 82
85 89 89 110 119 17 72 115 144 161 137 199 156 110 29 130 40 17 145 130 156 133 64 32 126 198 132 91 175 11 136 34 193 170 21 80 150 125 49 178 147 109 5 144 8 169 190 137 184 3 81 30 111 110 9 57 34 137 86 175 18 15 92 181 34 177 86 124 97 50
67 16 72 41 128 47 152 22 200 128 11 62 158 76 56 119 35 91 139 161 63 51 29 2 92 196 162 146 147 37 183 66 101 19 150 18 199 15 96 140 166 27 75 181 101 86 40 112 103 79 68 68 183 63 60 82 186 65 138 4 193 194 94 138 75 130 34 107 89 96
3 112 60 176 106 55 163 29 112 18 200 85 55 5 1 75 199 190 110 15 140 81 60 16 102 73 31 168 128 101 17 50 43 14 183 180 130 171 32 96 12 30 143 125 23 186 4 140 74 126 46 81 184 55 23 151 55 23 98 25 38 53 55 128 190 6 99 93 63 42
43 164 145 186 6 10 120 51 84 15 117 136 135 112 197 78 166 191 56 132 193 71 48 29 67 72 87 116 109 90 106 142 114 76 178 95 46 64 193 71 66 120 128 55 69 49 146 8 156 132 189 68 33 2 9 33 100 117 79 77 151 38 97 188 33 101 49 172 116 53
141 154 191 190 187 96 176 106 145 193 106 21 105 38 167 13 193 124 108 99 197 100 84 168 180 111 66 59 40 35 101 20 174 88 88 194 129 192 144 60 14 122 168 112 149 138 11 165 98 113 145 147 145 104 72 109 75 160 178 193 54 110 35 135 98 48 126 177 169 28
20 126 100 136 105 144 72 125 155 57 36 161 48 24 122 151 89 30 174 17 118 39 29 58 129 200 92 134 37 88 125 163 61 145 29 120 50 57 127 38 118 22 159 107 140 15 28 2 14 14 100 199 42 39 27 38 60 173 175 164 76 87 26 84 174 117 57 66 186 107
166 28 6 47 28 101 162 24 79 124 120 87 144 182 112 198 191 88 132 109 20 71 155 162 132 105 68 56 198 62 54 157 160 81 110 76 192 47 189 10 37 110 133 178 119 103 107 40 21 24 105 151 196 102 164 163 61 123 111 76 193 73 112 63 51 69 20 17 129 160
39 149 124 127 60 120 149 82 15 181 183 134 49 168 137 17 134 72 64 192 189 16 41 59 28 75 132 82 104 186 141 90 115 125 183 55 114 194 183 176 162 106 5 3 108 155 177 196 24 102 149 153 142 127 77 70 46 151 30 94 17 189 59 104 107 61 190 197 93 68
186 82 16 126 20 127 30 87 154 133 128 112 87 121 182 112 15 138 64 152 141 117 135 137 197 12 150 100 170 63 128 39 190 30 92 197 131 101 185 142 130 6 195 27 147 72 97 107 115 28 42 117 88 129 51 128 17 32 174 160 186 67 54 13 106 148 118 114 178 9
33 175 195 138 122 45 133 178 44 194 70 77 172 15 2 70 50 17 133 23 75 33 23 145 155 44 21 182 135 127 131 165 78 5 94 128 192 25 142 88 140 160 179 168 74 12 188 69 27 133 132 127 121 54 174 7 136 1 159 178 128 170 131 64 133 82 6 188 9 69
175 50 53 36 105 56 8 10 137 185 95 91 94 157 72 170 1 139 45 171 88 92 56 165 26 100 139 168 29 142 185 182 103 99 194 64 94 96 87 10 149 42 160 195 24 23 109 142 89 192 42 123 146 150 188 125 138 83 86 156 166 7 73 154 120 186 90 26 112 160
144 65 200 196 75 119 27 8 149 74 140 193 167 132 76 112 189 55 147 44 69 7 154 138 16 51 62 141 100 35 182 139 71 174 172 11 165 118 175 169 97 67 194 146 200 77 90 3 123 41 145 196 172 116 172 133 189 9 87 9 178 178 149 7 32 70 12 150 153 5
192 22 48 6 33 61 114 13 35 146 48 97 148 150 21 183 93 11 117 162 74 180 126 35 34 109 181 3 23 110 82 189 199 177 152 199 171 23 65 44 83 70 182 4 6 48 1 114 174 40 50 193 86 105 79 53 193 95 16 65 86 20 22 31 95 46 99 86 167 162
87 108 176 186 153 158 33 188 89 116 140 20 11 182 76 49 11 97 57 166 130 17 112 120 180 136 13 155 73 88 166 139 167 130 86 42 159 40 156 125 200 183 193 99 165 109 198 183 52 13 200 13 17 152 190 169 115 73 188 53 12 115 23 116 75 113 88 39 23 59
38 89 116 81 40 30 138 51 73 162 197 93 146 77 57 37 27 20 120 88 34 84 21 115 91 36 18 22 1 161 105 21 179 35 101 155 159 147 141 63 130 164 23 141 87 177 145 8 196 177 165 183 93 146 195 44 35 171 136 173 23 181 45 162 165 89 81 78 53 109
