90 	
29	47
1	8	7	283	6	
1	2	5	25	8	
0	4	3	609	7	
0	7	6	205	4	
0	3	6	87	5	
0	9	4	437	6	
0	7	2	42	7	
0	6	6	18	7	
0	4	8	280	6	
0	3	1	474	6	
0	7	9	545	6	
1	7	7	479	5	
1	3	6	439	8	
1	9	1	454	7	
0	1	8	388	8	
1	8	3	673	5	
0	6	7	255	3	
1	7	5	324	2	
1	5	2	629	8	
1	9	3	530	6	
1	5	7	111	8	
0	2	3	430	7	
0	2	9	576	1	
1	5	5	523	3	
1	6	2	229	3	
0	2	6	68	4	
1	6	7	335	7	
0	7	1	645	4	
1	1	2	412	3	
0	4	6	416	2	
1	9	5	57	9	
0	5	2	490	3	
0	7	4	385	1	
0	8	9	185	3	
1	7	6	574	5	
0	2	3	300	2	
1	7	5	613	4	
0	2	3	140	7	
1	6	4	552	7	
0	3	9	225	3	
0	6	4	609	7	
0	8	3	675	2	
1	7	5	365	7	
0	7	4	508	2	
1	9	1	265	3	
0	2	9	24	4	
1	2	6	631	3	
1	4	2	137	1	
0	8	7	150	6	
0	5	6	153	7	
1	5	6	238	8	
0	8	8	211	5	
0	7	3	127	4	
0	5	1	455	4	
0	8	5	185	8	
0	3	3	364	2	
0	2	2	464	2	
0	6	1	183	6	
0	1	3	273	7	
1	9	8	617	9	
0	5	9	538	4	
0	6	9	421	4	
1	5	3	488	3	
1	3	1	250	6	
1	7	1	134	5	
0	2	5	407	1	
0	4	1	348	3	
0	5	9	612	9	
1	9	9	323	4	
0	2	4	83	6	
1	2	7	616	1	
1	1	3	698	3	
0	8	1	221	3	
1	5	8	587	5	
1	6	5	412	8	
1	2	5	539	8	
1	3	4	629	8	
1	9	8	427	5	
1	2	5	278	2	
1	6	6	574	6	
0	5	9	464	3	
1	4	7	433	1	
0	2	8	371	3	
0	6	9	571	8	
0	9	5	502	9	
0	2	8	402	9	
1	9	3	233	7	
0	3	8	598	3	
1	3	7	429	6	
0	8	3	494	6	
105 57 155 88 158 48 89 65 115 181 63 87 37 170 183 50 166 200 44 189 45 167 43 28 191 53 41 2 140 153 43 134 2 102 29 155 5 74 17 168 195 152 59 46 99 111 121 12 197 56 2 18 95 81 63 34 101 145 139 181 124 151 168 145 197 35 12 87 189 75 91 114 149 161 34 63 18 130 103 83 32 130 136 134 195 60 27 64 62 197
148 155 41 46 37 17 139 105 130 78 138 31 4 120 19 81 91 113 93 61 114 121 147 156 33 75 77 71 17 19 109 189 130 94 80 140 42 194 106 152 112 146 131 148 20 20 133 72 83 10 90 8 109 17 157 20 120 112 35 150 96 13 69 83 43 163 176 185 152 39 43 77 13 133 141 75 14 57 58 195 92 183 161 170 101 151 22 194 189 76
93 86 179 88 50 77 123 55 142 112 22 23 70 113 157 29 132 14 133 124 149 110 175 74 40 81 158 176 168 127 134 59 47 132 145 162 34 83 24 153 20 26 191 77 126 196 77 32 131 182 1 165 21 125 195 116 156 13 143 101 90 39 164 45 150 146 107 62 91 87 41 110 154 195 30 88 159 64 179 103 158 7 47 88 98 41 136 139 183 107
28 163 124 24 114 51 135 42 22 187 179 194 172 127 96 165 158 75 128 80 60 63 77 182 193 128 39 145 104 178 160 31 137 129 18 150 174 15 58 178 58 26 185 60 93 148 157 23 184 154 124 79 1 98 14 200 112 160 7 62 52 196 113 166 75 112 154 143 134 174 177 37 182 70 90 110 29 122 186 154 148 106 147 177 131 183 132 182 28 86
109 184 90 33 194 31 67 65 74 58 154 74 6 154 40 67 76 77 136 91 42 62 162 152 97 158 155 178 47 100 21 166 57 161 50 102 25 146 75 43 4 85 69 44 104 188 105 91 44 164 157 174 104 75 47 55 149 164 133 116 111 116 64 2 139 26 90 12 142 128 191 123 31 14 24 35 40 81 53 75 165 89 164 172 143 198 45 27 31 167
169 162 170 153 60 50 36 194 112 130 89 185 153 95 112 189 105 49 172 65 23 5 122 165 13 95 159 83 39 44 155 72 75 77 159 193 185 120 17 12 18 94 76 70 80 121 166 46 17 142 137 133 13 136 51 74 154 132 15 35 16 146 62 182 3 10 192 83 76 52 60 170 171 85 187 53 124 189 106 25 38 190 168 146 2 166 97 172 198 192
91 98 152 199 135 70 81 129 172 20 130 74 194 144 22 79 145 176 129 47 28 155 182 47 17 149 34 99 27 12 24 168 159 120 87 23 197 192 190 199 130 47 82 31 34 148 25 84 83 172 149 109 130 184 45 176 92 2 109 36 108 78 27 83 51 123 60 40 6 157 86 146 78 2 75 48 70 40 180 130 42 108 184 109 96 82 129 15 40 193
190 143 37 90 34 164 198 84 29 164 7 167 198 92 31 64 139 65 165 85 50 45 51 183 42 197 133 121 144 122 69 19 158 63 16 157 87 112 146 116 51 15 165 133 148 150 145 137 92 121 52 148 74 146 9 74 62 18 77 131 118 87 98 158 5 130 187 52 137 94 156 17 74 10 57 52 54 157 171 51 198 20 152 41 161 62 3 136 22 91
86 177 89 119 96 36 177 101 174 31 17 9 71 156 10 190 153 124 69 4 128 35 80 17 160 164 45 89 165 149 182 15 2 6 109 117 99 145 135 25 170 136 58 59 37 105 112 2 128 56 81 91 78 122 111 36 144 37 109 57 108 142 108 159 90 29 129 44 184 182 43 78 83 100 102 157 104 123 182 162 145 64 96 72 49 98 32 92 195 146
140 121 150 170 101 158 17 200 9 111 67 62 186 141 45 144 46 95 177 122 12 149 160 168 164 96 38 120 33 31 17 86 155 93 170 149 19 95 173 139 19 59 85 18 26 6 161 164 111 177 157 96 56 88 164 42 71 19 162 138 41 70 151 135 197 98 30 30 35 140 35 73 16 28 173 194 193 7 66 148 19 3 158 31 173 96 50 97 188 129
131 169 109 37 1 144 169 29 85 176 89 121 13 148 39 96 79 76 23 123 180 171 33 127 53 91 133 105 177 152 47 32 33 10 97 10 184 1 113 133 19 82 69 112 194 149 139 165 107 179 117 17 75 1 150 63 5 108 73 120 120 68 107 94 79 18 120 42 172 44 63 104 19 88 140 67 3 67 113 59 197 172 25 29 45 74 17 36 49 89
191 62 186 54 137 20 37 188 41 175 151 9 200 166 120 31 185 113 150 159 196 167 57 186 46 4 22 40 123 180 102 70 121 44 4 139 141 122 183 118 145 195 47 80 105 52 96 125 61 74 193 163 152 58 64 45 110 24 37 17 77 91 84 170 178 131 7 137 28 139 176 177 146 147 140 146 195 170 124 98 61 13 160 94 10 29 79 11 154 69
180 62 43 99 116 7 186 56 175 9 109 168 199 33 183 5 71 159 174 88 182 35 189 45 106 34 138 197 175 142 192 164 121 94 106 143 138 143 132 27 146 12 23 102 135 11 127 153 117 16 171 70 167 105 198 18 169 150 174 99 179 83 94 23 94 100 153 5 48 136 33 144 192 14 117 133 22 40 179 150 14 83 61 30 172 62 107 147 14 105
145 48 199 71 68 44 192 182 56 28 84 171 58 198 151 87 9 79 167 144 105 73 188 170 183 158 2 133 155 64 183 37 158 156 181 141 143 194 33 149 49 192 199 163 99 90 53 49 169 6 79 190 49 159 32 44 50 127 160 76 133 105 131 100 103 109 144 22 77 57 101 170 189 93 102 156 138 12 169 179 73 58 140 125 107 30 60 16 143 49
171 146 25 118 123 38 12 180 51 33 52 38 86 118 60 58 5 144 95 154 143 91 85 197 70 6 184 183 93 53 11 158 35 145 143 18 35 58 163 21 141 56 138 171 42 198 95 200 51 32 82 37 103 165 131 79 27 71 79 98 25 182 158 197 46 42 54 77 169 179 181 197 85 155 31 95 46 190 77 200 72 26 162 78 3 82 195 175 7 106
47 162 8 105 107 6 70 155 21 155 36 40 197 77 58 78 109 83 185 177 89 69 179 70 81 35 29 134 200 146 194 98 140 77 36 192 26 169 198 86 196 85 67 73 183 51 67 182 71 159 95 105 103 99 198 176 102 44 191 161 82 56 117 177 70 170 141 38 35 121 180 174 182 199 17 41 187 165 88 18 145 58 64 157 96 174 51 105 14 166
90 125 158 75 154 36 70 197 166 160 13 109 199 98 57 21 178 65 128 37 3 20 88 97 188 186 158 158 52 26 12 6 35 17 91 28 53 147 36 176 154 52 26 43 30 3 138 97 157 180 115 136 109 156 76 136 25 96 84 181 34 147 6 136 28 156 108 41 74 127 75 116 161 162 102 81 175 45 62 21 73 146 46 124 107 150 22 41 164 70
168 153 173 55 23 98 123 69 169 68 153 51 195 161 118 5 112 175 43 67 193 22 48 125 195 90 120 118 200 53 78 38 171 85 100 183 191 155 109 21 130 35 162 97 54 77 156 149 60 156 17 173 182 103 163 17 59 102 99 86 74 158 120 3 57 52 67 181 118 141 46 89 11 50 28 120 99 196 147 52 169 39 56 161 143 49 146 16 150 18
58 6 183 130 171 159 41 175 185 14 145 150 37 111 10 194 61 122 85 128 84 147 52 152 36 108 177 57 191 185 174 68 66 154 94 112 60 161 31 83 44 180 67 101 152 38 9 86 138 94 69 125 103 198 98 127 146 162 69 105 127 133 19 50 174 183 116 37 142 182 4 88 60 4 43 153 18 6 113 90 157 34 136 163 18 111 113 174 25 84
134 129 23 153 183 76 186 188 99 191 36 106 35 199 35 172 33 191 37 84 93 167 5 118 174 116 184 79 1 76 121 185 50 94 138 141 106 63 59 79 125 132 123 34 122 129 22 93 190 168 170 86 25 194 49 2 17 188 119 28 169 136 62 101 81 115 28 164 168 173 85 197 124 131 68 31 149 80 49 98 116 95 57 166 155 185 27 37 185 78
123 132 62 114 104 133 200 145 45 175 187 122 142 32 140 45 89 32 191 59 119 51 131 135 167 148 133 11 196 199 1 103 4 125 155 120 35 90 59 165 25 190 163 183 108 196 82 200 103 99 51 54 97 22 22 47 184 85 46 142 171 7 80 112 98 7 78 137 138 78 123 120 20 90 66 26 92 141 55 74 33 39 9 14 98 92 108 9 93 48
166 39 84 152 73 191 124 199 137 103 35 135 179 106 13 134 117 4 103 14 120 174 198 5 199 188 163 180 31 91 35 2 141 107 111 182 79 105 174 191 18 96 163 23 181 40 66 137 97 125 66 173 183 128 128 142 110 33 137 178 39 77 88 134 153 200 73 38 180 191 118 8 81 76 135 87 88 194 142 197 74 134 175 118 118 118 103 102 56 33
73 38 169 1 179 132 152 72 198 14 194 115 88 198 73 2 26 105 76 35 61 43 29 94 158 134 190 170 138 126 44 43 189 135 1 93 160 84 197 146 175 32 101 25 67 47 44 26 183 3 103 149 135 181 126 197 191 63 195 140 5 123 179 166 165 7 10 73 111 68 91 151 94 135 19 191 33 70 27 52 53 63 9 3 200 197 103 45 181 76
37 120 178 182 84 193 194 110 44 195 176 140 185 119 150 134 21 76 23 25 196 153 43 18 140 41 49 12 126 159 119 195 103 184 29 105 143 81 23 185 164 131 152 131 130 179 29 22 34 112 157 111 174 146 107 135 103 145 123 193 63 66 95 200 143 199 25 123 94 6 90 35 79 27 109 130 105 21 184 65 40 28 159 154 75 124 40 50 161 62
125 145 195 17 149 197 92 174 139 57 90 127 112 33 131 66 40 94 177 130 67 127 128 19 9 155 32 47 119 176 179 48 14 150 15 103 20 139 96 108 95 187 6 128 175 48 104 32 59 100 21 39 111 168 15 1 15 194 11 190 43 37 173 49 81 160 161 104 176 2 104 98 17 49 95 81 196 42 89 33 142 44 117 152 76 58 81 102 115 137
47 108 76 93 153 109 23 42 119 168 55 167 74 85 31 176 82 46 198 164 49 168 106 13 167 26 154 91 69 183 2 92 142 18 88 18 138 19 148 159 182 105 109 88 144 10 120 176 55 161 49 52 120 199 91 57 63 57 6 9 163 48 24 90 117 149 54 123 181 24 128 81 83 130 35 154 125 60 68 62 55 149 107 53 198 149 153 199 125 90
152 17 19 84 141 137 155 144 46 28 39 109 155 37 30 147 75 198 51 64 54 131 37 158 116 161 54 130 136 196 4 162 168 131 38 97 13 29 108 164 137 25 119 70 107 198 149 31 19 150 13 81 44 86 190 196 153 138 119 43 60 165 119 22 89 75 149 1 17 20 97 103 159 166 198 49 182 129 173 26 101 155 60 67 137 187 34 85 174 179
41 46 134 195 42 80 47 52 116 113 171 45 105 21 63 85 7 71 114 76 84 119 102 59 69 182 84 161 108 85 140 173 144 81 66 68 10 182 122 114 112 36 85 194 130 137 50 161 48 87 197 122 14 176 123 3 20 1 176 23 164 42 133 163 131 47 191 109 83 147 188 123 104 39 59 110 37 91 3 100 9 92 89 144 52 160 58 46 85 58
35 198 154 169 193 93 90 35 166 69 98 39 158 101 87 138 70 105 104 156 3 138 70 23 70 12 36 6 161 142 119 19 154 173 62 113 178 152 124 44 38 104 34 144 37 187 10 25 116 127 9 78 78 25 172 32 11 28 97 76 85 117 168 190 92 192 188 179 193 58 191 63 187 129 71 198 144 55 14 177 107 74 188 173 60 180 170 41 73 122
159 86 179 178 200 28 121 81 163 86 154 52 146 51 118 179 146 120 63 122 51 35 141 158 64 56 64 51 81 33 191 109 181 30 126 53 3 43 156 19 34 12 121 40 66 73 79 21 51 151 30 107 45 168 8 150 176 80 75 2 180 187 88 155 146 182 123 86 15 32 70 193 21 85 139 129 28 105 84 18 89 87 116 52 161 82 160 85 105 30
101 161 103 147 174 48 25 31 174 171 35 194 3 138 7 173 48 95 198 8 94 21 103 43 122 48 116 194 94 88 149 172 149 139 177 92 92 113 114 46 12 26 20 9 52 162 26 136 115 189 25 149 19 61 36 111 108 149 84 115 124 62 190 10 128 198 175 171 47 145 20 34 63 91 124 125 165 7 6 1 66 107 33 67 78 91 171 50 84 96
75 70 78 49 190 161 130 112 54 62 178 174 77 139 50 88 31 173 99 151 67 179 147 51 21 20 164 95 3 91 24 168 194 142 31 56 117 54 57 111 119 44 68 86 157 16 52 102 17 120 65 3 132 167 29 171 41 95 143 151 132 146 41 151 174 81 91 159 89 171 172 174 56 32 139 154 162 2 142 198 18 127 120 140 56 41 23 22 108 4
155 135 192 149 193 49 191 195 124 107 138 171 95 67 41 194 98 60 90 109 13 142 131 65 186 170 167 78 197 70 107 1 4 2 81 164 144 116 175 25 50 49 157 39 55 180 48 98 174 56 120 157 37 26 180 87 4 115 119 139 47 68 171 120 19 162 194 84 108 158 140 140 154 70 62 65 100 7 139 50 166 118 177 131 77 57 13 83 131 184
43 9 24 91 180 170 35 48 70 15 160 141 49 113 85 127 162 55 49 61 192 100 184 24 59 108 104 147 164 153 16 94 84 53 161 33 164 114 182 146 83 83 42 192 6 80 158 158 134 67 3 19 168 134 163 106 118 169 70 126 184 71 44 95 56 168 102 80 144 36 89 107 1 150 18 159 28 128 175 83 196 185 157 139 160 161 83 114 18 58
177 134 11 158 190 3 153 49 192 16 16 119 86 160 123 122 114 181 197 63 12 130 140 111 15 4 80 90 40 3 35 27 147 179 16 154 51 151 82 200 93 5 41 118 93 127 43 54 23 193 121 30 9 65 30 37 77 132 122 143 65 107 141 145 57 101 9 67 68 98 37 4 92 135 42 21 15 184 159 51 158 77 62 57 196 84 97 155 163 55
32 83 115 49 63 49 61 27 141 106 183 100 8 70 53 24 92 76 198 35 172 46 158 154 134 90 75 165 71 196 24 144 141 185 182 114 150 18 61 34 96 64 48 29 120 197 163 99 190 163 181 117 172 158 131 198 27 191 64 173 190 111 116 176 83 23 45 108 179 95 27 196 143 26 126 42 169 199 30 182 151 194 112 90 144 187 147 77 30 116
122 146 103 155 43 19 192 20 41 84 95 200 135 7 184 38 149 176 61 169 28 162 116 122 131 32 175 99 114 198 22 183 149 164 142 41 29 168 167 124 11 71 30 3 56 199 196 117 108 152 88 148 110 157 140 73 74 12 107 156 158 108 153 152 67 132 4 22 10 38 11 121 76 26 22 11 189 88 134 73 60 144 9 86 51 21 52 178 159 27
80 151 187 53 159 140 49 190 61 143 72 129 65 66 77 85 4 47 97 2 126 191 101 107 35 34 89 159 59 80 43 193 7 46 19 98 108 50 191 102 188 125 73 101 168 47 170 176 73 127 59 79 184 83 193 165 171 22 24 43 188 23 144 192 42 45 67 194 155 182 91 134 58 4 69 148 18 107 36 154 162 197 103 43 22 125 144 189 26 158
171 149 13 173 71 150 179 187 41 166 9 46 141 188 37 52 26 38 87 189 170 46 102 152 75 115 15 50 85 1 17 165 61 191 47 161 110 180 40 100 128 187 163 39 183 137 24 163 39 79 193 21 8 49 5 151 174 184 99 130 107 100 190 62 55 161 190 139 34 51 112 117 92 8 111 89 73 154 16 59 143 87 143 135 179 1 45 180 142 195
170 20 186 181 166 138 101 182 113 1 171 1 105 100 26 48 4 31 171 104 171 102 41 23 10 178 32 173 124 92 156 6 103 56 55 136 85 7 79 177 108 159 185 5 1 86 46 80 45 192 44 81 77 114 41 103 41 111 65 165 100 184 180 6 123 55 177 185 199 40 98 76 135 13 116 145 164 56 127 195 136 10 148 179 70 162 32 103 74 173
182 52 3 46 67 84 4 140 122 123 128 112 10 70 194 57 172 47 141 144 62 3 97 71 107 80 40 118 22 79 193 142 84 144 50 180 149 95 143 26 133 53 2 86 46 53 37 64 15 84 57 147 41 72 149 39 187 70 102 179 124 33 5 58 82 198 118 84 152 144 104 131 160 72 138 119 111 102 175 163 77 178 178 100 177 142 89 48 156 170
35 117 157 198 180 99 187 125 4 96 88 124 85 174 18 158 102 88 197 122 110 191 60 186 145 187 114 63 92 117 69 184 140 117 20 152 18 16 87 87 126 1 110 6 196 61 81 17 83 40 113 76 82 57 63 113 120 2 36 39 183 87 172 110 120 89 172 158 90 200 149 3 80 142 1 179 71 148 193 140 143 27 11 9 81 98 164 53 166 115
79 38 56 15 50 117 29 55 199 51 107 177 39 92 64 29 9 33 162 196 172 175 21 169 103 196 28 188 78 107 95 10 20 109 42 12 193 84 75 14 115 92 197 33 18 57 111 61 1 83 72 154 174 197 72 48 95 135 74 196 189 184 6 85 146 189 169 168 175 157 185 135 66 159 44 197 80 28 62 38 27 75 29 110 186 64 166 96 151 11
56 139 147 67 23 126 172 12 187 30 15 103 200 188 163 179 101 91 130 62 57 40 160 123 134 103 34 98 50 58 179 1 161 183 1 119 78 168 169 49 161 125 197 154 70 64 80 100 153 193 77 180 99 192 51 195 131 83 49 65 175 199 34 92 170 107 104 118 179 9 124 70 136 2 107 47 67 154 14 190 93 135 185 128 32 18 65 114 91 72
139 200 89 142 163 60 122 60 193 81 43 72 165 151 109 142 124 42 4 171 183 75 169 118 82 88 29 20 51 15 163 87 94 48 8 10 118 145 95 23 26 183 139 123 112 104 193 33 173 98 31 147 165 60 157 10 163 99 105 65 48 52 35 131 156 37 63 154 105 8 58 23 100 43 194 177 176 170 127 165 73 179 18 165 12 121 40 135 107 175
22 103 190 104 61 26 116 181 169 109 78 126 114 167 110 19 41 147 187 188 185 130 95 101 91 13 131 90 90 53 140 89 171 29 180 165 14 113 97 74 134 82 184 8 30 133 142 27 171 188 185 19 130 91 99 164 43 33 25 31 85 33 87 78 29 77 64 109 134 163 73 36 176 41 94 136 107 93 60 33 73 136 91 159 124 9 104 91 74 179
175 40 191 177 113 84 98 43 13 162 66 188 116 13 74 163 174 30 60 144 60 112 144 117 4 124 146 27 40 59 150 38 82 66 43 52 186 72 106 84 179 118 145 173 101 197 16 72 27 199 93 83 193 13 176 26 163 195 62 72 8 28 49 199 179 55 139 119 195 14 94 81 27 74 137 108 4 192 30 96 81 199 148 166 164 47 1 195 193 90
166 25 113 174 119 30 81 35 166 25 103 28 24 198 50 106 120 1 48 59 155 184 97 188 117 120 70 115 73 88 23 130 145 49 93 45 125 84 70 11 174 4 140 145 33 148 127 98 142 174 165 137 114 13 64 12 135 176 92 87 10 133 110 96 102 31 189 47 109 66 142 159 39 112 175 159 104 53 42 18 116 46 135 76 168 185 104 4 140 190
180 170 143 118 96 42 194 156 141 12 19 130 19 130 198 129 79 52 71 67 52 51 195 198 130 113 153 173 126 99 30 171 75 165 92 158 191 8 9 102 102 129 176 147 41 116 16 199 82 23 195 35 174 114 80 87 168 167 45 50 25 100 200 158 173 191 135 136 5 188 173 28 12 195 100 90 165 149 157 119 157 42 102 13 51 196 185 188 131 81
6 42 49 129 56 49 198 113 70 138 23 149 158 115 126 110 139 145 163 13 124 159 194 69 138 102 28 198 23 155 70 51 117 173 149 123 196 102 48 24 132 167 96 142 159 138 38 9 82 94 34 29 125 31 67 109 175 113 169 96 91 162 103 43 58 104 156 167 77 138 149 100 198 138 8 170 36 84 194 7 111 78 57 23 118 67 182 22 2 14
49 157 181 161 45 88 159 199 65 198 20 165 41 134 195 149 133 67 124 98 25 151 170 159 39 24 125 92 138 120 162 26 18 128 64 136 80 95 105 164 118 89 94 66 40 176 104 88 98 127 90 110 80 195 118 161 36 11 109 147 170 83 63 132 11 38 89 4 13 96 149 193 135 91 177 139 67 36 199 61 133 130 189 159 139 22 30 96 113 29
183 154 75 55 40 34 85 3 4 99 151 115 43 131 59 21 46 165 160 115 194 80 139 89 170 108 89 143 147 7 48 12 20 122 188 35 68 154 125 151 159 13 118 29 140 79 95 89 84 48 146 119 36 148 155 150 195 32 84 65 126 54 21 105 26 124 184 63 157 17 158 91 140 148 92 184 83 79 21 27 112 118 173 141 149 38 22 161 15 90
81 156 93 157 13 142 189 54 27 147 173 19 164 180 152 33 186 107 144 155 44 120 19 50 93 162 138 2 104 16 79 21 23 14 113 21 55 166 150 39 126 196 53 164 97 171 134 152 146 100 23 57 106 32 150 122 170 110 134 166 149 67 165 122 90 143 173 134 159 38 23 150 60 172 195 196 167 122 37 90 20 105 138 120 51 149 66 162 107 42
24 152 166 42 23 112 28 68 158 155 148 48 120 96 41 139 121 123 9 34 147 91 148 1 74 142 5 101 181 92 111 137 84 136 109 168 150 134 20 188 137 58 68 18 10 22 53 98 119 5 36 172 153 120 27 112 153 76 197 71 148 126 150 188 114 71 86 173 45 12 81 75 145 108 178 70 47 126 163 106 42 110 184 158 176 157 33 27 79 186
21 103 64 133 102 104 73 5 58 196 105 6 19 185 105 49 108 35 192 72 108 54 133 77 1 20 73 192 50 196 21 57 29 51 198 26 25 120 42 102 119 177 62 180 198 15 51 144 44 185 180 145 177 181 66 171 181 43 166 197 153 53 64 78 39 72 7 95 37 64 172 94 200 126 8 102 161 117 137 137 66 189 157 42 106 71 161 183 139 30
84 34 70 109 30 140 57 156 11 114 80 131 110 61 34 122 165 97 170 184 119 149 139 14 48 6 178 78 78 177 55 104 62 55 154 25 49 28 68 156 133 122 65 62 172 101 103 151 199 100 72 46 80 183 71 4 199 63 143 57 99 16 183 62 81 138 43 143 28 98 167 121 99 44 63 165 117 22 136 179 95 153 87 178 139 190 132 81 129 46
9 19 130 45 186 156 3 44 128 128 155 120 120 23 101 170 188 76 151 87 163 132 32 132 51 182 72 46 178 193 158 53 111 187 80 140 104 116 62 164 133 25 35 11 134 21 57 6 36 116 58 74 39 116 151 172 171 19 79 142 66 113 73 41 76 58 28 118 124 148 196 194 42 46 55 88 156 176 156 23 144 40 98 67 44 15 11 61 118 12
151 6 54 186 155 136 107 149 2 145 113 103 93 99 165 27 195 158 101 187 173 118 168 165 120 174 7 155 74 23 39 46 43 28 144 88 21 102 25 162 53 69 93 51 154 121 133 20 25 90 78 49 98 18 187 98 55 186 53 136 12 32 75 22 148 78 192 48 62 86 87 67 168 200 64 174 99 190 108 79 200 155 42 48 77 116 143 142 31 42
16 73 67 140 114 11 93 139 58 164 78 7 73 5 23 110 92 122 147 49 187 3 75 88 125 85 172 68 57 115 101 171 4 148 23 105 87 146 57 62 155 102 64 137 172 74 162 21 131 28 67 142 182 195 186 16 183 31 112 13 23 185 48 62 12 45 21 155 172 62 26 62 84 188 131 55 157 1 127 126 170 19 167 59 72 96 142 37 7 45
104 58 32 11 83 127 173 200 179 27 76 88 53 174 37 198 42 138 36 198 22 103 72 109 176 156 162 195 133 189 190 96 71 133 78 139 128 60 99 84 156 121 44 18 88 70 166 128 83 81 168 135 168 163 82 101 145 5 35 62 22 121 82 41 102 190 175 198 113 81 64 6 51 125 101 108 194 94 73 157 93 80 123 34 118 133 176 80 196 83
78 100 33 70 115 192 14 168 105 116 186 172 23 92 162 90 111 21 188 131 137 158 65 169 83 24 199 24 146 147 158 54 36 183 157 53 174 81 171 106 102 10 200 171 8 94 61 115 80 171 183 184 16 90 44 106 60 28 7 113 38 100 171 135 122 80 153 100 141 168 169 143 168 94 10 66 136 32 177 26 5 26 177 175 127 180 47 84 124 166
169 172 88 113 134 46 134 16 169 134 159 43 117 199 98 185 21 86 79 61 94 24 183 97 114 78 199 66 182 5 68 55 62 168 2 157 113 35 192 12 168 138 123 176 92 107 167 34 83 186 121 22 169 109 25 155 190 136 34 44 95 85 187 46 163 200 55 46 145 56 103 64 104 36 103 116 137 102 146 198 52 33 126 165 53 89 2 145 99 85
16 77 167 119 188 154 41 144 34 151 22 46 144 31 153 60 113 44 41 25 131 149 116 104 10 45 133 152 42 64 143 170 8 19 134 46 65 56 92 31 145 141 12 82 50 107 127 136 63 170 145 74 179 58 179 152 98 71 20 17 160 107 28 15 168 33 135 135 103 120 152 163 16 20 153 180 90 199 127 29 122 114 50 163 18 162 77 182 110 155
170 184 1 68 71 49 137 36 40 159 39 18 182 90 186 177 72 88 115 36 12 105 185 127 48 135 197 32 112 162 82 14 47 44 188 65 101 27 100 86 144 44 46 150 144 142 194 85 110 72 92 53 168 101 186 48 87 31 146 64 158 179 143 111 45 100 110 119 26 25 115 144 125 126 71 20 91 198 58 85 95 161 132 126 125 161 149 68 11 76
74 46 167 72 108 109 111 187 48 166 175 142 25 19 60 147 168 4 21 151 131 111 17 78 166 155 66 141 155 12 53 128 57 162 123 141 87 46 16 46 79 106 25 28 95 81 125 174 79 48 164 145 67 34 2 127 180 94 80 88 52 17 112 16 161 68 30 71 86 164 81 184 42 121 111 132 149 12 159 10 121 8 125 115 147 19 56 181 154 156
9 15 19 20 30 91 180 121 35 122 159 25 65 76 119 79 147 36 56 4 100 38 137 123 90 37 101 74 52 140 193 166 166 48 26 149 155 169 91 122 76 88 59 167 43 60 84 63 141 41 31 44 83 12 16 20 120 1 73 116 162 86 122 153 110 51 126 177 32 2 40 11 3 187 161 63 31 170 22 149 194 62 6 149 106 174 11 97 103 19
78 172 132 80 173 166 196 94 8 84 173 51 164 198 11 87 186 38 139 135 58 143 63 78 53 88 104 96 163 78 196 12 139 120 17 83 130 88 52 10 179 75 194 173 60 140 155 93 36 87 171 131 154 165 173 92 78 76 45 4 39 135 27 180 146 57 195 162 151 48 87 164 151 186 122 75 45 87 59 103 96 197 74 133 137 169 191 123 105 97
99 62 155 124 34 71 14 58 64 113 115 186 13 118 22 165 65 124 198 189 95 194 193 26 145 184 88 62 130 37 166 78 165 7 5 170 121 57 130 182 96 171 15 86 84 121 2 149 140 61 183 61 130 58 175 120 21 152 118 45 50 22 155 117 37 59 200 96 57 156 133 11 113 94 56 97 51 180 64 139 88 66 137 68 30 88 13 171 6 64
135 32 119 81 94 147 8 56 131 196 36 2 41 3 194 199 110 11 82 49 198 28 141 77 81 72 112 39 154 49 9 182 80 158 121 118 64 154 27 115 122 35 76 35 194 83 42 86 37 166 156 136 200 124 46 152 18 78 127 11 86 14 71 147 177 115 164 82 167 126 15 199 51 157 108 57 63 86 161 136 156 49 64 22 198 139 145 123 104 66
120 10 182 137 55 13 66 52 56 79 37 103 110 55 182 138 86 68 85 180 133 186 176 66 30 84 184 97 195 59 4 103 59 116 156 69 41 88 110 161 38 107 178 184 161 78 76 157 62 19 165 105 144 174 112 20 52 170 53 195 186 29 19 86 185 165 12 194 195 52 151 8 130 197 198 175 190 8 48 146 16 192 162 88 56 122 4 30 114 68
102 68 160 178 18 180 114 124 78 64 96 68 21 85 136 68 59 121 69 111 170 103 80 141 49 178 67 20 103 10 79 4 23 161 127 131 147 61 75 181 72 165 49 139 45 30 200 5 176 138 8 166 167 56 24 19 72 43 185 179 175 156 195 135 111 86 161 62 39 125 169 5 85 29 171 83 154 16 163 59 157 20 59 35 156 156 10 152 16 128
111 83 138 141 32 85 138 170 66 40 156 48 88 5 64 43 158 137 111 6 200 98 66 101 158 133 122 160 114 73 71 27 146 94 15 125 71 171 197 129 5 191 91 88 195 107 61 43 122 1 52 139 33 108 31 4 117 101 163 108 116 187 144 118 117 41 175 140 57 65 196 2 97 109 72 179 6 193 152 168 74 42 44 76 53 178 19 90 100 86
117 58 152 100 119 77 108 8 192 10 66 173 75 47 138 105 67 77 116 103 138 87 139 166 52 134 20 132 47 188 82 184 3 184 111 100 67 172 98 41 96 45 183 50 1 70 94 142 81 145 72 123 98 129 86 6 194 180 5 148 60 194 37 51 43 114 199 141 38 98 92 54 43 4 82 56 30 76 57 43 176 91 139 152 101 125 191 104 32 157
159 29 50 93 162 19 153 20 189 188 151 87 30 28 64 137 67 8 143 33 18 153 49 80 191 48 112 61 177 148 65 197 137 176 29 42 153 2 68 127 64 136 167 1 24 60 183 56 67 56 29 64 83 130 167 130 21 77 28 21 42 167 78 38 110 186 63 112 191 180 102 77 185 200 110 153 41 151 82 130 120 162 64 125 75 28 44 10 11 154
135 163 191 127 119 3 149 108 20 141 93 71 19 17 98 46 90 68 136 151 79 86 172 156 47 66 157 14 74 83 93 116 142 132 72 13 84 132 159 200 5 166 126 62 136 109 16 123 151 129 164 120 153 68 101 17 150 13 49 119 112 77 157 200 163 161 144 70 168 115 98 104 151 61 126 112 118 139 3 19 198 57 55 176 186 62 10 154 51 5
106 155 54 46 170 103 137 63 11 182 52 20 87 129 6 158 120 105 61 49 54 33 84 189 43 34 18 195 160 189 60 100 168 43 182 20 113 148 86 13 30 114 160 61 125 143 181 59 85 108 56 158 112 103 64 70 155 172 185 81 38 110 101 70 58 147 124 68 161 90 2 65 25 101 79 28 11 184 147 30 60 106 176 151 182 30 88 152 140 37
35 16 121 127 20 166 177 85 196 33 127 6 49 60 6 180 50 105 97 121 23 168 110 44 29 82 66 5 66 101 196 166 57 70 49 137 93 77 155 32 79 122 36 197 31 84 199 112 34 9 102 124 161 92 185 145 143 149 15 6 33 14 7 32 189 103 200 155 25 34 121 124 186 198 163 149 109 27 66 144 197 84 59 4 69 180 86 162 35 143
179 114 21 122 163 11 5 52 16 190 150 114 174 19 183 172 25 82 90 34 175 42 178 162 119 111 171 90 174 99 102 26 33 91 93 148 43 104 146 17 6 91 125 88 135 69 56 107 181 78 181 196 14 40 80 92 142 156 101 150 64 137 38 31 151 199 189 72 22 45 65 68 145 198 196 50 120 195 97 38 52 163 26 170 133 172 141 153 4 168
146 8 36 126 161 124 26 7 89 41 17 172 141 99 198 20 28 200 101 138 153 149 97 178 190 63 67 9 145 181 58 65 162 98 97 124 162 7 4 89 171 79 20 159 3 71 20 150 97 112 22 197 177 43 46 127 60 182 183 187 186 174 163 15 190 1 192 131 84 87 84 163 4 17 122 168 122 91 46 78 10 192 35 108 145 43 125 173 40 46
158 64 166 160 197 22 74 37 27 49 31 44 82 73 118 157 10 146 46 83 159 159 105 75 33 181 86 168 33 92 40 184 40 84 95 86 60 39 123 52 188 72 113 101 126 103 66 22 54 22 142 51 69 101 199 50 176 55 60 139 114 84 163 41 45 172 39 145 19 70 58 15 50 13 163 86 154 107 105 24 165 174 106 58 65 110 64 33 164 197
55 106 17 197 151 123 119 92 144 69 75 58 116 94 31 30 39 29 156 35 42 138 168 143 17 53 18 192 147 75 135 166 92 174 132 195 198 56 199 157 166 138 163 59 194 154 8 78 138 119 81 86 171 23 30 18 15 73 178 96 89 166 124 116 23 27 169 76 157 2 162 129 14 152 193 87 18 59 110 126 119 131 53 138 122 45 193 76 181 109
7 67 69 175 130 3 153 99 6 48 32 3 44 103 53 149 109 51 155 60 155 162 169 157 95 86 70 17 37 40 64 174 62 38 174 96 191 63 140 12 163 91 86 112 85 140 186 54 109 106 21 164 13 48 113 34 175 51 84 90 144 163 183 145 94 113 48 115 35 146 29 155 114 59 183 198 20 125 48 166 195 52 38 144 164 140 15 194 65 61
54 9 142 31 116 36 175 165 13 168 56 139 131 44 45 60 166 150 26 3 123 147 48 91 68 183 138 118 95 161 191 43 44 192 52 17 32 12 2 16 31 90 145 43 42 120 198 117 28 189 134 22 196 154 200 35 102 155 94 153 189 92 84 196 22 178 14 5 186 199 15 13 123 188 52 27 125 140 93 187 200 39 192 197 19 64 178 158 7 17
173 27 42 161 158 114 156 122 49 4 21 111 23 109 32 190 165 162 24 91 197 98 83 59 161 82 153 16 61 138 35 68 67 6 190 135 44 137 74 63 67 18 80 21 92 122 29 187 155 146 23 13 96 159 125 165 22 66 149 81 112 122 111 184 38 178 77 170 153 185 77 86 105 161 24 164 53 99 75 20 168 40 89 177 82 189 175 94 65 9
131 66 107 55 153 121 20 33 1 194 94 192 157 191 65 62 139 162 67 42 117 4 42 145 193 115 154 93 59 138 130 192 90 179 49 97 197 67 170 104 25 104 35 129 87 58 52 161 46 26 135 140 159 66 24 21 114 162 28 132 179 107 133 145 145 5 104 20 123 29 158 72 56 128 138 72 135 127 72 38 21 24 190 7 43 127 139 132 99 148
140 54 164 65 26 29 10 119 47 29 97 47 101 163 74 183 108 69 139 111 15 150 29 126 167 62 22 75 115 76 97 148 144 32 194 140 48 8 160 128 51 107 132 78 116 149 72 6 162 117 2 25 177 83 40 176 11 23 120 34 88 58 113 93 1 15 135 19 93 105 89 39 95 182 151 7 93 71 139 106 22 199 122 11 180 61 131 12 51 114
174 92 194 162 148 95 26 75 61 77 122 98 93 67 120 120 176 91 71 12 134 174 8 128 6 69 50 128 164 60 46 50 66 99 183 141 97 120 194 57 48 84 133 154 170 48 194 21 13 43 91 36 176 189 69 124 170 160 71 114 143 35 94 29 9 157 60 142 179 55 172 94 93 126 158 192 101 171 5 107 144 118 200 170 103 53 69 166 65 172
41 74 133 55 67 52 109 54 124 192 58 99 61 107 101 7 140 61 154 9 23 52 185 135 105 84 1 11 77 137 28 112 28 109 190 85 75 134 50 119 193 71 141 56 137 7 89 141 112 82 178 114 94 37 10 73 132 38 164 29 191 99 99 73 163 46 46 50 152 141 161 30 139 35 175 95 24 114 67 112 52 153 77 70 49 164 9 40 90 30
150 15 12 84 113 198 169 2 128 34 22 184 158 128 143 22 175 23 30 96 141 180 82 85 116 155 95 19 83 86 182 192 95 54 113 25 62 36 109 9 20 92 185 55 141 150 194 35 57 22 163 111 161 152 22 114 141 123 169 19 132 11 140 126 13 127 100 140 6 34 125 107 66 52 29 5 100 92 59 52 2 166 140 160 188 96 127 91 91 10
5 77 113 167 169 159 172 50 173 52 160 111 93 152 72 78 2 127 96 39 166 36 11 29 145 62 103 39 63 154 1 81 81 26 188 136 133 187 22 158 48 105 13 40 138 46 191 160 146 99 135 179 1 119 96 198 87 101 114 39 169 29 154 190 80 198 131 177 92 73 42 7 118 137 128 70 191 35 58 76 27 33 175 64 11 65 26 134 192 112
51 56 38 165 71 43 136 26 191 119 74 189 200 178 51 152 155 172 96 68 72 36 61 56 56 65 26 18 25 76 57 164 194 200 165 101 150 183 143 83 80 112 70 82 186 64 105 163 68 197 72 3 84 132 36 10 97 70 101 125 8 55 22 182 115 179 74 60 175 143 17 54 106 14 36 176 121 3 79 196 154 188 30 123 64 8 135 14 106 67
