80 	
38	45
1	3	6	716	5	
1	4	4	575	4	
1	5	6	29	6	
0	1	5	118	2	
0	5	5	662	7	
0	3	2	497	9	
1	3	8	315	2	
1	5	2	490	2	
0	7	2	589	5	
0	5	6	428	9	
1	5	1	185	5	
0	9	7	532	7	
0	7	4	739	8	
1	8	5	107	8	
0	5	1	651	2	
0	7	4	568	2	
1	6	5	596	4	
0	6	2	169	9	
1	2	6	405	9	
0	3	6	290	1	
1	1	6	490	3	
0	4	8	483	7	
0	8	5	208	7	
1	8	5	576	7	
0	7	3	59	7	
0	2	3	178	8	
1	3	8	256	7	
1	6	7	41	1	
0	6	1	173	6	
1	7	5	593	9	
1	1	2	517	6	
0	1	4	293	1	
0	1	3	429	6	
1	5	1	607	7	
0	3	6	385	7	
0	6	9	53	4	
1	1	8	378	3	
0	8	1	47	8	
0	7	4	70	9	
1	7	3	446	3	
1	2	3	330	9	
1	4	2	125	8	
1	3	9	13	8	
0	3	1	308	6	
0	1	4	176	9	
0	1	9	644	8	
1	2	9	628	3	
0	1	5	623	6	
0	2	7	117	9	
1	1	1	563	6	
1	4	4	210	9	
0	4	6	386	4	
0	4	7	547	3	
1	6	2	308	7	
1	2	7	707	6	
0	7	4	562	4	
1	8	8	181	5	
1	6	5	745	6	
0	9	8	604	9	
1	1	4	681	2	
1	7	2	518	6	
0	2	5	218	9	
0	6	8	400	6	
1	7	7	568	2	
1	7	1	191	1	
0	9	9	342	2	
1	6	8	537	5	
1	6	2	423	4	
1	9	9	384	3	
1	5	3	559	7	
0	8	4	107	4	
0	6	8	442	1	
0	5	8	720	3	
1	6	7	325	6	
1	9	3	634	7	
1	4	6	550	8	
0	4	7	108	4	
0	1	9	699	1	
0	4	9	193	3	
0	4	3	137	4	
179 127 133 144 66 174 100 165 24 161 100 197 124 90 170 105 42 113 63 72 185 195 198 16 82 15 7 65 147 90 175 29 120 159 71 69 22 194 149 193 178 9 128 117 37 19 127 25 136 134 167 72 11 59 38 104 157 21 136 62 109 145 147 61 196 26 168 165 116 81 65 93 196 110 84 124 86 197 54 61
106 40 117 183 52 84 43 5 81 116 139 40 52 138 103 11 65 176 61 1 93 141 42 84 33 84 188 194 195 16 153 151 116 135 32 8 32 44 18 134 176 122 62 98 1 127 124 20 23 125 129 36 126 183 92 100 28 4 167 175 158 128 115 57 120 52 5 178 11 142 30 62 86 55 59 79 133 162 174 19
106 99 97 62 10 61 25 124 108 53 70 72 57 136 185 76 160 136 170 43 188 79 189 98 8 180 190 5 200 126 73 122 3 181 174 122 189 30 57 95 125 58 194 55 122 31 24 116 109 170 1 175 145 67 80 154 108 43 122 100 143 74 1 111 197 195 75 134 145 115 75 126 61 152 102 73 42 164 114 75
171 135 199 189 137 118 108 134 4 11 73 186 28 13 160 27 128 26 62 16 156 101 56 88 67 188 84 126 67 192 155 109 142 154 17 197 96 87 156 149 75 75 114 190 193 161 68 41 28 96 52 79 119 122 24 159 190 29 71 34 86 45 143 122 20 199 78 71 148 170 94 82 90 87 14 31 130 40 188 63
132 135 107 181 116 177 36 1 38 123 114 27 119 107 81 126 122 57 78 138 23 190 109 61 42 99 186 127 108 10 154 138 49 146 60 77 109 188 189 83 16 175 191 26 56 16 61 144 17 181 178 52 200 32 94 124 165 147 156 56 61 84 158 20 70 20 81 198 89 187 170 66 97 147 94 76 67 142 98 59
79 140 167 192 40 100 38 31 89 99 23 98 186 189 52 33 92 194 83 69 45 56 91 91 91 156 108 112 162 111 158 161 192 8 18 175 107 52 92 106 51 39 133 162 166 26 130 121 18 30 22 152 151 25 192 177 41 200 93 169 149 10 18 71 116 121 174 93 12 198 15 92 63 87 194 36 97 85 60 53
103 77 181 12 63 27 27 37 73 97 56 180 95 106 146 146 95 1 3 91 197 138 126 113 7 109 51 173 183 62 165 164 173 162 81 145 63 166 109 16 167 145 161 137 150 40 128 173 95 119 80 20 132 104 62 84 112 99 157 143 123 98 48 34 24 26 16 196 22 187 171 171 112 154 25 142 179 191 16 9
116 194 89 58 23 166 75 1 72 119 117 42 25 24 70 8 50 161 11 40 168 188 114 74 13 17 37 35 198 146 19 133 102 151 6 185 135 140 183 78 175 194 116 153 152 40 196 139 24 191 33 196 23 182 77 73 189 29 121 162 129 106 113 170 196 35 22 21 134 138 119 46 147 134 77 157 178 128 130 11
40 79 118 196 169 197 184 160 97 65 121 1 187 105 113 47 2 170 29 6 51 50 92 174 187 131 99 52 108 193 129 191 147 168 116 117 152 121 141 142 16 116 126 25 139 8 29 3 102 197 150 59 103 105 6 73 123 137 163 141 112 189 192 181 190 8 27 161 142 95 164 169 38 14 3 134 39 31 184 29
56 129 150 149 41 121 186 37 164 124 100 125 32 95 11 129 72 2 11 114 94 44 155 77 49 110 41 122 101 169 127 172 6 160 10 84 167 86 175 79 38 57 37 6 38 28 194 100 45 177 20 98 183 107 193 51 68 49 179 33 195 175 95 45 43 183 92 49 7 7 8 146 39 59 159 164 89 177 141 180
95 4 85 158 38 67 108 118 132 174 57 119 27 163 184 152 174 171 192 119 33 88 180 188 41 70 58 5 13 95 157 18 187 142 49 135 43 145 60 119 176 169 121 33 118 24 116 177 136 59 158 189 141 141 166 70 76 17 34 65 174 51 90 35 79 8 81 19 14 181 119 118 142 27 14 184 161 181 89 137
189 13 118 44 123 149 78 47 96 104 180 162 51 64 14 152 54 23 18 101 74 47 3 156 199 44 53 130 78 103 35 40 33 22 151 166 87 84 43 60 91 100 109 44 69 42 102 16 198 188 121 181 106 181 30 43 109 55 69 68 143 64 8 171 75 25 144 199 24 154 101 200 111 40 191 122 19 150 124 186
53 124 35 130 119 174 24 171 167 65 143 28 142 19 39 190 118 166 119 109 18 4 198 49 32 118 150 199 121 27 176 26 19 181 33 140 115 190 93 161 99 2 108 18 109 137 139 130 131 135 85 49 9 117 186 110 150 111 76 139 140 44 150 65 81 27 114 172 7 16 14 194 178 79 170 18 96 99 112 173
117 7 120 46 150 153 35 164 148 91 200 79 32 2 160 196 135 69 68 90 53 43 168 133 52 155 131 16 65 196 195 55 150 47 80 124 94 188 135 7 39 174 65 75 177 74 6 64 82 109 15 119 144 26 146 154 86 154 195 34 51 170 127 67 61 123 87 38 82 8 63 93 61 70 35 49 150 56 147 102
15 52 140 169 170 125 78 57 60 107 171 87 131 40 23 104 103 126 33 35 131 76 88 74 188 105 161 123 71 88 187 69 144 48 140 39 59 79 104 189 79 87 37 9 194 166 136 65 103 143 168 26 163 173 47 110 43 118 139 21 143 196 24 174 116 14 121 49 106 157 172 85 198 47 189 8 165 18 85 178
61 14 174 31 45 30 24 181 155 162 129 24 39 39 73 156 44 141 23 124 139 36 68 121 88 171 127 39 85 75 135 126 85 72 116 170 77 147 132 186 122 44 164 110 48 182 5 100 29 187 97 10 62 53 164 94 96 162 75 35 160 78 120 76 34 13 31 132 130 68 48 79 173 87 75 71 185 12 171 1
133 116 83 90 138 4 186 77 80 8 163 144 184 41 10 24 19 119 157 176 119 24 120 75 30 75 17 97 170 152 73 17 14 189 179 45 67 173 88 79 133 10 117 27 19 87 10 151 94 105 116 92 183 144 173 138 31 129 30 127 141 80 93 93 169 157 169 84 162 196 22 174 100 19 170 94 74 185 115 57
65 81 72 101 158 82 196 95 13 143 62 61 193 11 89 66 194 174 97 44 127 101 57 83 171 103 24 154 74 191 103 160 23 90 163 92 3 70 104 153 45 105 163 138 55 88 105 80 88 65 25 142 130 129 53 130 22 149 175 56 79 2 38 72 121 30 15 53 142 19 139 173 153 39 25 84 160 104 65 163
111 172 141 144 45 133 94 94 89 63 49 9 34 87 29 129 96 33 71 170 26 106 119 189 111 31 107 182 112 142 112 126 110 52 161 196 140 178 97 134 73 192 160 85 177 111 191 165 158 51 105 98 104 69 36 122 61 172 175 32 45 198 41 46 191 156 139 49 191 53 131 147 154 71 58 170 71 29 192 148
168 191 116 169 116 86 61 79 166 168 8 159 147 41 96 6 66 154 166 59 175 116 121 115 87 145 145 36 46 40 110 162 99 186 15 62 196 14 188 183 130 81 31 109 31 43 12 140 194 184 162 131 101 105 28 11 29 92 177 131 191 129 184 118 20 79 87 104 26 17 200 56 33 5 133 196 143 61 52 97
31 152 76 35 29 72 67 195 15 39 193 101 101 102 14 91 188 146 52 5 96 54 148 45 59 178 180 157 184 169 135 98 61 197 122 12 151 87 190 76 81 67 146 140 157 2 35 12 66 142 193 91 24 169 183 26 60 199 195 111 30 38 94 137 44 44 197 152 60 10 138 55 20 93 60 50 156 7 17 11
55 60 13 153 96 66 178 55 124 123 198 200 74 179 27 181 113 109 120 43 12 36 3 125 64 33 53 5 84 29 81 162 187 99 178 29 25 197 45 79 183 41 35 192 146 46 164 82 46 59 169 15 165 116 193 170 164 199 53 108 15 126 145 187 121 97 200 8 158 110 47 14 191 97 20 82 79 45 108 70
105 41 154 174 5 128 142 93 77 15 18 53 199 158 190 12 156 20 94 117 186 105 96 106 92 68 10 71 4 185 181 191 38 45 185 172 142 184 14 125 69 180 53 131 191 133 47 14 66 148 110 76 31 51 26 162 66 169 60 8 102 81 7 19 40 129 134 164 88 122 193 172 91 199 113 116 85 61 51 172
147 102 164 5 165 181 188 166 9 60 157 3 56 69 47 163 15 57 46 19 97 10 31 5 98 142 127 126 198 110 94 175 147 92 162 174 80 128 44 148 44 200 117 176 181 162 181 139 101 176 4 84 195 4 141 150 142 171 70 91 78 141 75 55 155 116 199 74 152 117 170 177 194 36 136 156 56 130 127 174
189 1 148 79 122 163 154 101 4 157 187 95 104 178 26 158 50 62 168 126 89 24 124 159 22 172 119 118 89 90 172 5 60 179 85 152 131 153 96 7 24 52 119 36 26 87 54 161 27 155 84 187 5 113 59 43 23 181 187 169 41 38 165 92 154 137 192 56 197 186 96 98 78 73 184 75 9 107 12 143
182 91 195 193 161 33 184 118 33 91 167 158 146 179 146 77 40 85 46 160 9 21 27 118 171 73 183 186 73 190 7 101 193 176 200 8 142 160 194 35 148 116 30 21 88 47 175 158 41 145 131 48 143 111 167 122 62 3 152 2 122 142 87 156 137 107 87 92 150 134 25 112 135 53 88 112 89 6 151 77
103 60 43 2 176 177 176 57 14 12 170 95 34 24 21 68 14 136 44 47 31 9 183 87 171 58 3 174 50 103 142 116 7 19 177 60 165 74 149 190 199 192 186 84 2 81 10 90 41 101 145 157 108 157 107 5 15 74 14 186 82 147 121 21 36 80 89 49 93 70 125 147 71 123 172 21 158 45 118 84
106 60 125 49 48 81 135 45 129 172 31 181 146 146 79 196 147 116 41 81 17 122 42 137 151 112 84 47 50 110 65 129 190 33 143 82 120 7 111 124 46 100 132 98 32 84 121 81 161 75 72 98 167 90 129 119 18 171 124 3 33 79 50 14 21 10 92 5 105 197 193 60 15 108 49 14 96 56 74 65
160 116 192 9 144 80 105 25 161 151 128 67 70 12 116 129 125 110 189 32 197 63 163 97 22 70 6 165 105 67 105 174 98 73 139 100 128 159 39 82 55 57 30 177 49 155 141 111 198 13 164 169 108 187 92 35 8 112 29 7 20 100 173 20 30 6 99 171 49 133 109 4 188 76 135 167 35 129 86 200
57 70 43 96 116 93 16 62 145 164 23 39 181 39 155 75 25 49 182 149 175 139 160 42 172 184 25 2 116 40 193 121 169 98 175 142 21 77 43 37 118 4 169 11 14 145 144 73 145 79 171 154 151 65 194 22 87 65 79 94 172 28 127 165 48 127 139 57 93 81 7 190 146 157 167 154 48 188 106 7
158 29 158 114 143 95 107 67 194 188 106 80 115 52 130 70 42 51 20 61 35 63 19 110 67 36 167 200 130 184 192 81 157 17 173 122 50 164 37 121 153 18 200 53 19 51 16 9 76 200 177 106 193 61 76 91 111 161 44 183 66 129 131 72 49 51 158 82 111 20 184 107 95 79 185 32 135 61 37 74
67 166 144 66 15 149 73 192 85 93 30 128 31 49 35 146 184 69 38 29 110 143 41 64 55 49 196 106 82 50 59 77 176 11 136 115 113 1 86 159 68 89 71 160 71 71 43 54 77 145 17 42 80 179 167 108 68 9 116 25 88 6 69 152 32 49 193 71 34 30 93 188 172 85 98 99 71 145 107 96
177 194 35 95 20 48 91 176 52 5 56 53 122 10 180 41 160 123 134 57 176 132 36 20 47 116 11 4 23 19 74 199 51 47 175 163 161 25 60 80 102 8 87 104 96 69 176 96 145 158 7 22 166 185 151 130 141 41 170 129 115 25 5 143 184 10 70 13 43 79 83 7 160 181 16 100 43 14 182 35
159 78 37 25 169 80 155 12 168 30 179 88 124 157 88 199 168 32 57 195 56 128 34 117 101 74 113 20 187 98 11 99 106 168 26 65 146 133 151 55 57 193 183 167 29 123 89 93 162 90 138 101 20 130 149 6 51 23 155 21 41 76 17 101 74 25 62 14 134 165 37 145 111 29 170 50 66 186 200 194
186 193 11 107 166 145 13 53 60 143 150 121 132 4 158 44 101 53 90 193 90 24 22 191 97 118 112 111 5 179 189 136 115 118 184 63 156 116 52 3 71 153 188 192 183 160 126 7 178 67 22 43 161 108 77 67 138 63 199 64 18 2 45 194 130 83 123 160 141 167 20 147 174 29 163 182 18 34 47 160
46 126 38 66 148 63 129 105 15 114 190 158 46 128 130 13 23 81 74 135 125 72 26 63 66 87 17 22 7 86 145 66 129 133 73 61 21 178 147 192 108 158 101 187 193 189 128 94 172 52 41 111 53 35 102 138 142 115 93 148 81 146 78 18 185 162 5 82 156 90 53 113 146 141 32 84 6 102 175 95
94 73 125 168 192 86 29 192 166 91 46 122 74 39 175 182 88 158 42 49 52 68 29 123 150 160 15 180 3 46 103 172 191 141 75 95 115 9 110 134 36 163 80 138 141 146 141 139 104 88 195 21 25 33 157 72 143 148 110 132 59 24 69 91 167 45 165 153 111 37 189 72 20 149 23 36 181 43 90 82
110 133 167 158 108 62 142 155 70 59 82 41 122 88 45 189 14 90 55 26 120 156 41 22 63 132 21 59 100 175 147 16 91 112 81 72 197 165 124 89 37 21 109 43 35 31 142 159 160 155 47 43 70 177 194 72 94 166 103 193 42 109 1 135 77 184 56 137 169 196 23 104 8 70 63 161 23 65 172 82
79 132 118 100 8 150 123 63 125 147 98 46 152 52 55 92 96 197 190 15 60 10 12 123 14 88 124 14 66 75 190 110 128 89 61 27 155 9 98 149 90 106 18 57 77 103 68 3 159 99 31 44 83 159 56 198 20 166 72 115 107 192 69 49 146 127 169 161 160 22 29 126 7 144 180 137 182 159 52 130
155 30 22 117 85 124 191 196 50 30 62 39 92 6 2 32 164 24 38 51 195 175 89 103 136 2 39 69 81 134 30 181 32 154 69 98 75 11 123 15 116 151 149 147 122 136 58 64 50 3 194 121 193 76 8 110 182 3 53 36 164 119 102 67 2 64 126 60 96 141 174 128 3 112 15 162 70 124 124 102
146 103 2 191 21 70 88 157 145 86 62 126 160 111 59 159 3 188 37 174 29 69 14 165 133 21 47 189 125 165 175 175 27 49 89 186 161 160 92 198 163 90 97 85 19 150 152 153 53 127 197 136 54 192 39 106 156 100 127 177 115 44 114 32 140 143 67 185 131 57 115 65 134 191 50 15 62 188 5 50
28 62 60 110 139 22 107 27 97 85 150 150 119 154 196 176 67 53 35 117 160 125 78 115 6 138 110 1 161 64 182 29 101 19 132 176 93 32 186 162 26 99 61 65 72 102 172 117 89 55 59 124 162 119 83 105 8 196 127 24 193 57 74 120 47 100 198 188 42 78 22 3 157 9 46 8 167 188 131 56
16 95 194 165 157 117 157 50 69 192 92 78 27 192 56 81 127 64 167 157 39 183 195 7 180 164 33 35 68 35 126 152 14 62 188 16 158 42 105 76 131 156 64 169 57 52 86 86 123 6 157 62 5 71 62 79 191 151 161 37 6 30 41 65 71 25 24 152 99 89 9 130 116 58 32 168 53 164 35 66
62 123 81 101 48 130 103 113 87 2 84 139 117 170 113 167 35 124 1 125 192 19 162 7 58 32 31 27 187 96 151 127 23 83 180 184 73 142 147 168 46 179 143 141 17 57 76 27 53 71 124 27 90 66 135 93 175 16 179 97 130 107 94 143 142 90 45 76 111 191 197 145 124 83 42 158 71 188 49 105
17 181 128 90 34 175 199 18 37 27 41 139 91 34 164 167 137 67 120 55 26 126 101 52 152 39 186 175 26 123 42 194 129 113 103 18 182 31 192 182 83 146 60 198 81 167 143 199 167 200 180 54 120 47 129 144 124 178 143 113 44 196 134 45 84 171 141 153 146 196 18 95 81 132 184 3 190 72 159 152
121 95 155 164 12 74 164 174 6 86 42 184 167 52 122 30 96 169 85 140 48 139 200 93 176 42 5 26 73 89 25 158 28 46 84 137 189 62 153 155 81 190 57 180 64 80 104 17 45 61 56 197 121 190 199 29 101 120 192 21 63 139 185 2 144 145 135 26 141 89 11 130 28 70 34 178 56 176 91 10
59 118 26 151 60 126 119 81 195 87 174 85 5 83 16 47 35 68 177 177 185 188 38 191 146 87 133 3 9 130 166 33 137 199 65 124 172 104 182 185 123 81 144 84 57 131 102 130 113 111 124 64 4 128 22 167 7 117 166 43 139 126 133 136 31 110 139 192 9 113 165 79 48 175 137 122 200 187 27 168
200 32 32 119 148 31 70 45 46 79 106 102 31 121 68 76 138 75 118 8 81 65 54 40 135 49 91 49 153 102 13 22 100 131 28 108 130 179 177 182 29 152 144 125 120 135 117 117 4 132 68 168 6 45 173 46 108 20 152 118 107 2 104 123 69 154 123 81 17 123 19 122 13 1 100 199 158 112 131 134
84 197 156 30 31 16 119 70 60 187 117 31 40 166 50 138 132 151 191 59 125 73 129 154 149 140 93 58 125 160 153 9 192 5 143 80 81 45 194 196 163 160 69 72 130 122 30 122 133 92 190 165 142 97 67 85 60 19 105 93 177 46 74 135 63 10 15 119 116 68 52 135 132 128 96 195 177 160 177 127
64 101 141 104 75 6 32 42 77 117 197 30 149 82 168 178 151 120 101 126 99 61 26 35 52 98 16 71 43 59 130 168 176 70 16 186 104 155 32 195 182 16 140 129 122 142 128 150 54 165 42 33 102 7 200 135 120 1 171 171 5 8 182 58 119 23 134 121 142 29 53 185 119 165 191 150 178 72 84 133
67 187 18 41 134 150 190 184 59 153 68 128 171 63 11 128 82 42 178 112 68 93 141 39 100 65 69 57 5 86 124 40 150 24 84 40 153 189 116 196 102 45 67 151 172 166 78 90 50 19 43 3 34 88 196 31 151 152 13 186 141 74 135 49 193 68 188 118 135 102 168 190 112 95 99 71 91 128 84 8
23 89 190 84 56 63 138 189 146 81 196 17 71 161 32 169 125 20 104 149 155 41 25 54 144 72 129 59 140 83 56 147 173 13 126 50 123 123 9 126 200 45 100 194 47 23 66 88 37 138 57 161 60 145 69 25 61 167 36 20 133 194 139 88 14 22 15 175 168 40 89 131 177 29 51 89 132 95 180 178
175 32 106 43 197 178 152 54 76 77 50 5 175 123 156 122 190 114 39 147 84 32 32 174 162 88 26 160 113 19 142 86 141 200 133 172 45 70 78 182 50 87 86 91 188 40 49 96 55 139 93 18 101 150 170 125 76 163 120 19 127 177 183 56 3 109 41 34 98 71 85 108 127 41 74 101 190 44 16 109
29 187 137 57 184 157 75 106 153 116 66 25 52 190 97 58 111 8 111 62 68 74 19 158 23 11 172 112 151 127 104 53 162 57 16 64 30 16 200 50 166 99 73 10 65 52 169 97 169 71 45 105 38 34 195 111 160 164 118 144 172 178 133 80 168 113 125 91 111 108 55 47 43 44 104 168 188 154 145 78
46 183 79 162 173 90 50 146 97 93 34 200 121 96 51 57 198 173 149 174 107 55 97 14 59 121 35 17 84 160 95 110 99 67 150 190 195 166 16 183 92 46 109 94 5 42 164 180 24 58 122 107 39 190 119 71 197 148 151 102 96 166 110 85 110 187 11 106 126 150 102 25 135 48 181 131 70 6 16 65
120 37 108 192 100 147 97 101 103 8 78 170 61 145 53 71 34 131 142 76 135 124 13 196 93 76 79 136 22 58 122 115 24 22 69 178 49 44 28 98 37 132 58 186 76 161 79 64 13 158 34 197 184 67 90 83 187 140 200 91 119 54 190 3 20 132 9 55 101 188 146 20 63 128 92 74 109 70 154 20
179 198 175 152 190 156 143 75 125 116 6 85 94 90 19 2 157 183 151 131 100 179 88 172 57 170 57 191 185 158 42 113 190 50 12 25 95 66 6 152 4 154 111 116 95 76 62 164 39 57 56 181 102 130 71 173 12 124 61 188 161 83 46 102 81 42 149 86 140 106 60 132 184 172 24 84 89 42 4 172
200 159 118 190 93 64 106 20 58 200 15 48 196 38 133 92 148 174 53 135 177 81 15 35 174 187 154 85 6 164 181 170 38 72 143 88 15 43 193 10 135 44 37 133 122 195 16 82 185 90 184 64 104 180 97 174 43 13 62 75 4 54 29 131 87 70 142 38 92 79 102 111 118 183 167 88 126 181 41 60
186 133 185 15 81 54 142 165 181 168 116 177 53 87 46 26 47 189 45 121 33 11 51 64 178 107 48 125 109 60 31 137 83 94 178 108 61 138 18 24 53 179 132 142 110 109 186 15 22 12 37 32 68 190 111 188 170 62 189 145 44 74 36 145 146 101 17 105 136 132 176 180 192 163 89 129 183 155 16 30
60 126 77 156 118 147 193 63 22 160 53 186 46 169 117 115 32 19 29 142 18 157 93 160 16 87 117 50 195 75 169 39 18 170 193 157 132 174 150 96 131 194 154 29 93 163 91 52 20 96 187 122 120 44 3 180 172 103 164 183 63 192 41 64 54 133 7 72 129 154 85 47 31 164 160 153 24 75 192 24
122 134 33 40 42 9 71 51 77 159 96 23 154 12 131 117 36 89 152 142 194 47 164 178 136 178 113 21 112 130 13 9 99 86 158 72 98 183 103 37 41 61 84 99 162 176 75 30 45 73 37 120 49 94 120 6 67 177 182 121 181 133 45 58 95 11 5 95 115 97 198 11 110 199 134 41 9 62 92 39
198 126 120 110 15 146 117 68 59 35 155 182 27 37 36 127 53 100 32 176 171 178 82 192 120 188 140 100 33 85 94 188 54 6 51 118 105 167 137 191 81 39 23 154 39 107 114 189 111 43 153 136 192 98 87 68 74 26 128 148 119 52 183 34 103 159 9 93 161 141 57 108 165 148 20 30 159 105 5 125
153 158 191 59 93 125 43 151 85 96 89 150 72 161 91 141 178 145 146 141 44 181 50 169 156 109 176 158 119 186 178 138 12 78 49 124 60 49 141 199 187 191 104 142 74 52 63 114 138 130 115 112 47 14 154 61 173 106 12 129 77 123 73 19 188 167 107 33 91 173 123 88 14 64 99 101 86 48 143 47
19 119 116 97 62 98 61 54 137 196 178 38 73 158 106 177 10 79 98 25 87 157 141 158 129 87 159 155 44 20 143 50 135 60 122 178 41 190 150 101 80 178 59 27 58 52 58 146 32 134 44 140 142 161 148 137 68 158 170 181 28 65 200 103 112 182 37 38 103 80 6 29 20 88 154 61 116 177 160 109
166 44 71 83 74 44 62 17 115 167 31 166 23 54 55 170 162 113 14 134 182 141 71 187 135 169 115 49 151 39 1 28 55 118 196 26 61 74 24 18 155 93 36 24 98 94 127 156 83 195 140 181 69 58 139 69 126 58 51 14 107 48 27 133 5 113 41 35 55 102 162 192 145 184 82 45 131 145 167 172
181 184 48 162 5 129 103 190 79 15 82 76 1 176 105 74 190 93 196 70 28 48 26 145 191 94 105 178 102 163 89 113 23 121 86 52 132 2 84 45 3 61 175 37 121 26 32 176 73 169 189 127 28 92 105 14 159 136 28 6 12 40 61 126 192 95 156 172 77 74 100 163 95 111 197 197 79 152 5 97
41 91 188 62 146 62 43 109 170 149 59 67 127 57 12 97 165 85 43 75 140 72 82 142 169 162 68 116 134 19 78 12 156 6 94 49 42 89 166 175 78 45 14 197 26 167 192 25 200 26 177 197 133 115 106 10 165 17 53 78 127 35 102 174 77 76 196 115 42 181 14 58 52 194 174 17 90 83 64 180
174 55 16 102 76 194 130 122 191 170 15 83 151 130 3 31 105 11 5 129 191 108 40 192 61 51 99 192 173 61 23 31 139 43 177 104 199 75 87 195 88 76 87 185 80 122 142 57 127 99 139 125 200 41 192 93 200 84 91 53 74 84 101 6 163 141 29 65 2 44 81 79 154 200 120 193 22 99 10 29
157 107 198 74 31 41 105 29 110 137 106 168 50 141 191 82 87 133 51 122 14 183 16 82 93 20 84 1 120 11 140 88 106 96 30 131 172 75 5 10 29 152 25 117 60 42 57 14 109 25 191 50 51 152 123 14 41 8 82 92 187 99 150 82 65 148 79 22 89 94 107 82 86 144 51 56 3 21 7 23
171 146 13 129 151 11 38 91 27 131 95 49 53 171 195 187 58 73 75 88 112 46 114 47 15 127 152 11 95 104 95 104 180 130 49 175 131 144 118 150 53 153 15 23 38 55 23 197 52 67 169 103 33 52 18 95 139 4 98 125 198 65 20 154 103 38 72 60 179 150 115 149 160 82 161 187 69 26 128 54
148 200 116 98 166 162 24 187 5 132 108 19 178 128 182 137 7 108 138 24 180 70 178 144 23 174 103 194 16 86 148 80 1 24 26 188 86 163 170 110 145 65 83 23 154 194 51 84 179 142 130 175 89 51 194 170 62 142 22 42 59 100 32 81 1 28 194 168 97 85 159 74 187 109 43 62 22 157 37 96
181 28 143 175 29 176 176 55 158 53 82 191 34 125 78 107 151 19 83 34 170 70 30 52 134 33 171 157 156 79 72 10 124 196 71 68 103 57 161 175 23 111 56 178 113 173 27 131 118 55 147 98 62 31 2 175 177 42 15 18 69 76 141 60 55 124 196 84 108 95 9 181 134 163 50 27 91 45 149 100
75 52 137 50 66 32 123 22 95 78 150 3 3 66 12 140 149 97 152 50 58 190 14 15 133 100 18 151 117 183 194 49 111 72 159 195 37 131 97 143 176 19 74 2 19 172 147 124 11 129 125 75 6 65 125 170 142 41 34 1 189 64 129 180 172 41 60 60 125 152 40 141 3 106 151 115 109 120 97 32
73 32 182 176 49 50 175 121 64 114 21 3 181 98 25 8 89 197 39 195 73 95 43 111 166 21 187 108 60 165 146 194 77 192 107 5 21 89 178 37 72 70 81 180 185 145 45 162 15 129 128 159 31 53 32 20 99 115 35 61 133 197 175 40 64 9 81 141 171 198 70 123 19 114 26 50 143 179 156 191
119 172 3 65 102 105 162 33 200 64 116 180 22 20 3 127 73 81 55 23 78 141 8 195 100 112 22 112 138 78 130 192 63 50 133 70 42 92 115 19 169 23 153 149 95 133 167 162 114 61 101 182 165 54 45 194 178 190 124 199 119 149 86 31 25 149 77 79 67 106 58 153 62 95 173 165 194 173 84 87
105 190 173 105 178 122 32 57 103 7 118 36 106 141 51 173 62 5 53 96 31 62 159 195 140 169 19 3 154 119 60 122 61 91 17 180 28 18 42 48 64 169 177 123 116 50 133 114 55 85 81 153 170 162 105 45 190 31 52 83 87 179 86 21 134 102 47 33 79 119 40 108 53 155 121 72 183 162 196 8
123 36 41 1 197 32 126 73 70 164 164 195 161 175 149 177 52 151 143 6 157 63 23 72 157 152 128 160 40 19 91 168 155 196 106 45 148 13 3 94 157 73 30 181 197 160 13 132 56 106 180 98 109 62 103 143 40 183 176 121 39 132 112 72 95 40 96 19 48 73 187 158 197 66 161 122 32 143 2 66
136 88 11 80 19 34 51 91 27 41 72 94 59 141 170 200 84 15 102 104 38 174 82 46 187 109 85 175 48 130 9 171 160 73 25 12 190 15 20 137 53 13 193 126 151 18 95 173 13 188 159 191 41 121 145 193 32 66 11 158 195 177 13 22 134 88 6 76 191 66 101 9 9 109 101 81 69 120 158 185
122 172 79 149 42 80 84 118 153 140 80 47 132 54 76 86 77 6 109 4 58 166 82 96 100 195 17 86 26 54 58 59 105 86 68 78 5 23 93 65 68 39 25 33 52 122 125 112 135 157 69 64 31 67 126 8 32 147 165 72 131 73 41 183 80 158 41 88 56 187 120 168 105 19 133 175 80 9 43 40
134 106 107 139 30 112 200 125 91 60 105 16 31 15 54 7 10 131 158 62 178 41 171 160 147 143 43 103 42 87 112 30 138 196 17 160 192 12 92 138 34 114 92 52 189 63 162 59 96 40 78 140 7 98 59 35 20 81 195 29 197 80 107 185 181 119 26 42 50 188 60 39 162 136 77 130 155 27 46 127
140 16 76 186 9 10 67 52 93 69 151 157 154 108 38 71 30 63 81 187 163 140 19 61 80 44 50 183 98 23 148 123 17 156 179 8 129 175 81 39 68 48 194 76 171 126 52 103 6 8 95 173 38 200 110 173 36 31 131 63 170 135 15 50 165 148 136 40 134 136 73 177 199 91 139 96 26 182 78 7
