30 	
34	42
0	6	9	206	5	
0	9	7	117	2	
1	3	5	254	6	
1	4	3	25	5	
1	9	2	87	7	
1	1	9	161	6	
0	9	5	116	8	
1	5	7	92	8	
1	4	5	250	6	
0	7	1	251	5	
1	9	6	4	6	
0	7	8	33	8	
0	3	7	207	5	
0	1	1	247	6	
1	2	6	212	2	
0	3	1	189	4	
1	3	2	73	6	
0	8	7	176	2	
1	9	8	7	4	
0	9	7	169	4	
0	7	2	49	7	
0	4	1	241	3	
0	2	8	125	7	
1	3	6	58	9	
1	8	1	69	8	
0	9	6	244	1	
1	9	8	225	6	
0	5	5	165	1	
0	4	4	142	1	
0	8	8	124	6	
117 103 20 147 42 10 156 85 33 174 9 158 74 138 145 171 194 154 132 23 40 139 103 119 150 33 123 109 195 159
22 143 99 95 136 85 85 30 53 14 133 5 189 1 110 131 194 107 26 189 82 123 27 149 35 173 40 192 52 58
161 114 136 46 40 165 104 99 6 121 20 122 114 165 185 93 54 189 39 46 126 160 38 54 74 175 50 124 50 67
69 118 9 146 132 158 60 38 179 66 196 139 21 188 137 170 168 112 65 200 73 140 123 116 25 153 164 39 121 102
165 1 72 63 60 159 124 20 128 6 82 70 198 86 112 108 198 53 27 143 18 38 62 52 91 153 115 77 60 160
119 56 7 97 61 160 147 75 103 164 173 5 194 13 140 35 73 50 19 96 43 189 23 22 97 23 124 110 34 76
142 84 75 156 97 94 154 165 101 30 55 122 42 186 105 79 135 111 60 116 60 155 18 84 9 159 95 94 49 191
49 3 157 27 186 187 140 165 125 40 127 176 75 72 172 178 151 24 105 46 82 6 92 14 2 5 188 133 52 167
40 74 93 152 21 166 199 193 163 188 9 188 93 191 19 90 198 83 180 15 12 119 111 129 135 72 123 55 78 138
61 165 74 178 47 175 6 65 147 195 145 66 153 51 33 112 111 43 43 151 186 72 181 56 21 188 105 52 168 192
110 140 60 45 165 194 12 170 96 21 36 43 156 128 185 157 49 2 66 199 185 135 62 66 1 167 144 15 92 52
193 166 195 45 123 91 167 131 156 148 121 171 70 16 6 55 88 128 26 191 103 12 10 145 199 163 122 159 118 193
185 30 62 161 92 78 103 111 90 176 128 130 123 87 99 98 106 102 108 67 165 180 73 16 90 145 110 40 176 158
180 133 126 25 161 105 157 86 30 132 102 170 139 78 137 191 20 149 97 133 143 129 103 134 51 56 86 151 184 127
81 113 185 41 66 195 162 54 130 120 48 72 44 81 34 144 174 3 200 70 86 186 42 169 47 63 189 50 128 84
141 149 32 138 24 161 52 69 156 53 38 157 128 40 176 119 37 167 133 112 40 10 6 131 148 91 152 83 198 7
86 69 29 189 147 126 42 60 18 92 114 6 130 71 46 164 110 43 37 29 29 75 110 187 193 121 140 142 72 75
68 139 21 163 6 137 177 90 29 27 73 46 83 103 111 103 81 58 117 101 107 165 151 197 121 79 156 198 77 44
151 2 21 168 50 25 163 83 36 17 77 130 34 119 8 7 50 123 148 100 96 143 76 178 59 127 177 86 155 38
44 81 3 3 67 80 15 163 68 145 150 5 187 183 150 22 172 16 117 17 149 154 176 18 135 170 17 25 94 7
160 32 24 152 107 33 36 141 60 148 127 183 92 105 187 23 124 76 186 10 72 44 35 185 132 163 69 25 82 58
109 96 23 149 118 96 17 119 48 101 97 88 132 47 157 191 48 85 102 117 120 21 198 112 92 95 157 95 173 8
196 162 12 106 82 3 62 103 158 52 157 10 44 117 177 73 183 190 42 150 5 155 157 144 69 177 131 20 148 43
171 119 118 180 195 132 172 52 16 153 172 61 37 72 49 140 46 90 92 61 108 50 200 151 7 9 34 45 98 82
85 186 73 41 187 132 37 162 117 43 147 172 189 187 9 139 148 184 108 108 137 163 56 46 10 162 71 33 57 57
175 41 13 65 193 5 134 168 57 76 12 89 32 37 145 189 145 194 65 164 64 97 125 191 170 111 171 87 184 189
175 31 98 42 76 112 3 55 132 78 188 198 6 84 118 165 174 72 72 96 24 31 151 131 99 125 105 19 29 117
37 34 175 108 189 46 192 108 36 109 159 59 91 56 89 110 37 179 33 25 140 51 150 121 59 157 77 171 108 110
189 77 19 113 75 94 178 171 63 112 69 124 118 82 49 34 149 33 17 120 108 120 195 4 139 164 24 128 17 189
89 179 52 94 112 1 71 25 167 73 108 75 165 190 103 30 158 101 180 115 150 75 189 129 93 127 187 107 4 87
88 166 41 105 54 190 70 119 18 81 26 134 101 72 34 134 115 195 21 127 5 122 29 4 57 177 181 125 67 131
