30 	
0	17
1	47	9	469	2	
0	36	2	1008	6	
0	5	8	958	2	
1	2	8	934	8	
1	7	4	135	9	
1	32	2	402	7	
0	9	3	603	1	
1	37	7	928	7	
0	91	1	1219	4	
0	16	3	451	5	
0	17	9	24	4	
0	16	5	471	4	
0	98	5	872	2	
0	5	5	741	6	
0	95	8	915	9	
0	34	1	29	9	
0	7	8	596	2	
1	22	6	957	4	
1	27	4	87	1	
1	40	8	289	8	
1	26	7	850	2	
0	5	5	753	7	
0	72	5	459	1	
1	83	8	1249	4	
0	70	7	867	5	
1	96	8	266	6	
0	80	1	687	1	
1	32	9	134	7	
1	64	6	293	6	
1	83	8	206	6	
161 109 73 123 155 152 185 8 153 73 101 15 159 172 110 9 95 198 188 189 185 143 156 39 148 41 91 40 34 2
171 97 70 130 59 199 137 6 23 168 179 177 126 100 125 88 95 72 122 57 88 92 84 46 132 89 1 59 109 37
68 29 70 144 187 99 20 74 133 163 45 102 149 142 109 81 41 9 140 127 114 6 153 167 135 153 82 6 61 86
92 86 185 69 14 199 180 189 29 21 192 94 58 15 142 58 5 50 146 87 59 195 196 21 38 46 43 194 50 123
29 118 159 15 167 194 157 17 137 150 136 33 147 186 200 184 126 9 175 25 130 17 78 23 39 156 122 173 60 37
31 159 136 141 159 52 6 107 137 155 43 61 79 155 21 147 66 3 197 109 29 34 75 70 165 179 72 37 18 21
133 15 141 140 86 77 50 71 112 178 53 162 23 153 152 104 177 124 146 3 70 193 23 180 61 110 141 4 67 57
176 119 40 20 163 82 105 53 72 94 94 32 173 195 175 103 134 80 126 109 152 139 174 87 78 166 102 56 62 192
82 82 77 3 51 129 176 95 26 53 74 130 8 170 119 116 189 60 118 47 90 134 135 164 82 5 76 128 180 132
25 33 184 101 154 27 166 38 104 56 56 84 101 69 170 61 100 157 46 41 81 84 112 55 43 130 100 28 187 99
192 22 122 42 47 16 91 45 128 150 81 57 30 134 66 63 161 81 143 91 148 21 60 172 62 107 135 76 38 164
161 40 133 75 126 127 170 150 184 101 18 181 72 195 107 184 38 158 129 37 139 185 170 6 68 134 145 47 121 30
59 97 192 65 48 80 167 137 69 6 10 61 24 80 64 84 25 164 162 117 69 151 2 143 43 149 41 34 96 95
147 41 49 43 64 64 21 26 165 8 153 82 23 132 117 10 160 115 126 15 104 142 106 111 38 176 139 106 52 134
146 40 160 51 55 149 110 162 16 182 124 121 116 32 186 36 191 169 124 58 3 14 130 110 167 73 6 133 98 199
174 55 101 55 9 5 34 177 128 23 41 72 9 67 106 31 41 19 22 167 106 36 40 41 90 127 164 195 51 26
156 87 189 55 148 182 32 134 194 41 60 105 149 119 153 129 92 37 140 5 196 57 68 35 35 3 120 112 134 94
192 104 47 118 6 145 88 185 123 147 22 81 133 38 29 76 105 188 190 116 89 102 94 109 127 72 108 104 99 165
154 71 2 50 53 67 144 126 71 92 193 153 138 147 31 117 33 105 124 5 148 21 6 197 112 83 190 77 63 40
168 27 21 68 173 197 119 163 104 95 162 198 118 17 130 82 182 117 167 176 173 186 180 91 38 129 51 181 80 128
116 118 144 38 183 16 186 9 145 112 193 112 198 108 112 58 81 33 125 138 98 14 15 125 28 95 161 187 175 62
32 59 137 80 188 104 54 88 20 61 195 183 155 96 101 123 95 126 91 59 34 16 107 55 117 108 178 77 17 7
82 148 111 100 187 44 16 99 80 126 86 165 182 161 42 182 119 149 7 84 176 10 159 139 115 32 27 105 38 135
43 90 97 85 177 183 149 189 36 159 34 2 171 22 105 172 136 14 38 127 78 76 170 175 3 176 184 188 140 161
27 103 32 48 40 87 11 198 116 98 199 79 36 132 180 36 29 56 54 182 151 178 138 170 13 119 41 40 104 123
27 121 67 160 164 141 133 49 30 43 138 195 100 166 106 43 81 6 148 51 12 108 26 117 46 155 42 98 53 86
21 140 170 67 30 16 120 190 149 36 66 134 91 21 197 33 81 25 18 36 190 110 110 85 22 105 179 18 183 26
37 50 34 87 171 9 163 138 35 138 106 166 180 145 131 110 72 103 118 176 127 105 154 27 106 31 15 161 154 2
22 96 194 78 139 67 70 161 85 189 180 115 36 161 43 81 148 32 172 170 174 138 92 192 187 177 192 29 66 17
53 117 12 22 92 95 73 114 13 88 12 60 88 149 34 169 26 138 82 95 160 153 28 47 125 29 149 192 39 192
149 134 190 10 34 38 187 148 133 121 192 135 108 51 78 114 153 194 179 75 150 73 59 3 174 91 101 12 28 192
