90 	
5	12
1	37	5	791	9	
1	40	1	1045	6	
0	50	5	1291	8	
0	29	9	850	1	
0	99	8	1087	2	
1	31	6	1058	7	
1	81	1	1355	2	
0	17	1	878	9	
0	35	4	1085	9	
0	89	3	654	3	
1	88	5	2165	6	
1	92	6	468	3	
1	79	6	42	6	
1	53	8	1693	3	
0	92	5	1973	4	
1	46	5	105	7	
1	59	9	1732	9	
1	80	2	1241	5	
1	37	9	2260	1	
0	45	6	543	3	
0	32	6	760	2	
1	91	4	421	6	
0	52	3	946	6	
1	79	6	751	3	
0	10	5	1262	1	
0	9	7	1320	5	
0	16	3	1222	3	
0	31	5	2038	2	
1	84	9	1393	5	
1	48	4	1008	1	
1	70	3	1814	4	
0	41	4	2221	3	
1	55	4	1370	6	
0	55	6	1213	4	
0	6	9	2124	2	
0	10	7	699	9	
0	67	1	513	9	
1	30	8	1626	4	
1	73	8	1847	4	
1	91	6	641	1	
1	83	4	2145	7	
0	38	8	274	4	
1	32	7	1483	7	
0	93	1	279	5	
0	91	9	1231	5	
1	61	7	1577	6	
0	87	7	372	5	
1	87	6	2059	7	
0	41	1	2232	7	
0	75	9	1131	5	
1	42	1	1210	8	
0	10	4	747	6	
0	52	2	1795	4	
1	17	3	1965	5	
1	4	7	186	6	
1	65	5	345	2	
1	67	4	1764	8	
0	8	4	1278	5	
0	69	5	92	6	
0	17	4	1612	4	
1	91	6	690	2	
1	16	5	792	6	
0	42	2	1437	1	
1	72	5	1147	9	
0	6	7	1315	1	
0	36	4	259	4	
1	86	3	976	8	
1	48	6	152	3	
1	65	4	1796	9	
1	27	1	983	8	
0	91	5	851	8	
1	31	5	1511	2	
0	13	7	2006	5	
0	20	1	1772	9	
0	40	2	2255	3	
0	98	5	118	8	
0	84	9	402	5	
0	34	6	1321	4	
1	46	4	526	2	
1	43	8	871	2	
1	48	5	550	2	
1	96	3	685	1	
0	79	3	1869	5	
0	43	3	63	8	
0	56	8	112	8	
0	23	6	550	6	
0	22	1	183	9	
1	29	9	975	3	
1	52	8	851	6	
1	42	5	1630	5	
9 149 89 68 109 54 60 131 55 142 181 123 107 1 81 15 82 53 182 122 169 100 139 196 3 95 137 58 114 89 85 176 52 4 114 97 99 199 78 5 50 79 94 153 83 62 190 149 18 38 113 20 80 35 152 119 132 114 29 19 180 48 45 175 138 16 123 184 5 179 124 11 26 117 31 105 124 1 154 136 193 99 179 34 171 139 135 160 4 50
106 114 36 50 101 128 169 91 190 78 79 136 147 177 198 166 164 76 178 99 46 90 98 3 30 165 164 34 173 84 195 137 107 132 52 51 114 183 147 165 178 124 57 161 146 127 26 166 28 34 156 44 172 93 58 72 18 22 13 132 166 53 137 74 29 124 8 106 85 176 84 65 198 158 53 119 86 93 93 23 70 63 126 197 139 9 47 171 101 182
185 18 67 106 182 39 67 35 98 123 126 77 20 112 73 5 191 26 17 5 107 37 114 28 164 177 110 111 137 187 49 126 9 151 57 178 14 21 95 59 119 119 111 28 34 47 39 86 79 9 21 178 120 82 25 72 169 183 153 72 89 114 86 91 191 160 83 142 85 98 40 66 84 77 163 17 115 148 105 119 117 57 162 141 133 64 20 64 52 48
178 143 177 158 194 96 10 183 7 15 89 147 101 120 143 26 198 82 157 46 146 83 75 46 140 14 113 30 43 33 19 197 111 35 109 118 54 160 137 107 152 93 195 42 23 113 77 45 161 107 25 4 200 130 79 134 66 80 115 60 135 5 182 192 48 121 175 173 72 10 195 151 106 173 157 43 151 47 197 51 36 57 151 60 72 56 178 197 163 46
107 177 94 192 162 166 22 84 111 86 142 126 191 103 76 126 11 193 61 131 51 143 186 8 155 86 3 46 24 35 143 31 162 108 8 119 144 11 165 128 112 144 41 49 130 71 149 179 159 30 41 99 44 123 45 163 169 172 125 4 189 139 115 11 119 170 32 99 190 52 10 194 177 165 52 181 160 54 89 42 16 9 182 47 28 70 168 8 199 49
26 54 96 14 122 125 11 31 160 15 91 37 132 81 83 24 162 155 119 107 178 14 46 125 183 46 94 138 181 170 84 170 152 76 171 117 127 26 42 50 158 177 103 29 52 34 71 109 79 71 43 179 135 75 116 68 127 196 18 16 63 74 127 80 143 127 107 143 14 160 56 89 90 3 7 26 149 94 138 141 17 41 100 83 44 21 110 41 60 171
162 76 24 68 18 198 150 89 165 159 190 3 182 134 97 195 7 122 97 105 157 196 150 88 30 8 66 131 163 4 1 102 197 132 115 57 199 77 89 40 13 69 156 44 162 24 88 191 174 116 154 76 156 164 175 3 33 67 27 170 65 162 93 102 24 27 169 20 118 176 149 82 19 106 33 61 31 57 25 46 93 82 61 169 22 49 20 135 27 89
198 42 104 195 188 43 53 188 111 123 40 30 62 187 16 109 190 36 104 198 53 109 74 98 153 126 172 194 69 58 18 29 7 200 11 137 157 27 82 174 160 148 143 40 104 42 173 104 46 98 143 146 129 133 68 74 78 34 10 187 179 28 50 128 192 141 136 70 152 94 9 41 41 7 190 139 195 14 173 18 162 167 112 59 185 28 130 117 153 110
63 98 170 38 41 121 78 17 47 157 62 188 69 90 53 179 112 198 199 140 63 118 27 106 177 147 86 78 105 89 195 189 49 79 81 137 9 134 83 25 35 80 113 112 163 144 78 118 94 98 77 44 158 89 115 29 169 113 86 63 63 67 26 79 52 102 153 93 18 80 94 132 6 66 91 130 61 91 171 60 124 135 84 33 166 200 66 107 191 173
118 143 187 44 34 21 40 70 75 63 149 53 1 172 11 141 18 68 85 120 13 131 139 27 115 67 138 192 100 81 186 165 34 178 146 60 200 170 78 118 137 163 146 45 132 76 131 15 173 87 157 77 157 13 80 36 68 11 110 81 111 189 149 58 45 126 86 41 78 31 43 162 25 8 139 172 120 20 8 44 94 134 63 75 197 66 168 76 2 68
52 147 5 78 66 68 146 152 93 9 56 11 71 111 50 56 64 177 53 95 76 6 41 59 197 47 179 70 44 79 65 138 69 96 100 123 69 192 92 112 8 87 8 2 5 114 66 96 114 52 145 53 43 84 123 15 51 115 43 111 59 180 21 163 83 73 167 15 177 119 96 169 22 109 20 1 20 173 189 120 175 128 18 161 192 139 126 197 182 33
65 158 68 126 123 84 95 191 5 31 198 21 195 96 189 138 114 6 180 94 67 13 197 134 167 23 71 103 185 193 57 194 45 166 117 153 3 55 154 183 138 55 107 149 56 141 114 115 193 42 8 130 2 88 184 182 175 191 154 98 19 62 95 187 79 172 182 130 152 181 138 29 5 124 171 182 71 30 3 177 56 2 126 58 162 165 52 28 20 188
163 5 83 70 160 73 105 29 85 119 83 113 191 78 42 197 108 51 15 15 93 20 21 173 162 15 34 41 100 102 88 63 165 124 1 58 80 34 182 152 182 150 50 151 192 173 95 122 7 16 192 191 77 81 158 52 89 8 156 120 94 95 170 59 199 126 119 128 156 13 156 23 10 48 133 102 135 120 164 27 2 132 75 116 11 11 24 137 85 28
30 177 49 183 175 68 151 93 179 195 182 127 82 42 107 45 180 106 72 43 111 177 109 103 47 129 126 194 22 157 57 175 71 98 130 73 124 62 120 24 173 132 66 124 178 155 77 67 193 85 96 68 50 125 56 75 145 135 47 104 85 56 90 74 191 45 177 174 97 13 53 1 35 49 34 15 161 157 123 80 150 46 7 138 39 3 79 116 99 104
111 146 174 139 194 153 34 119 122 21 165 55 185 70 164 76 13 137 22 49 21 128 78 126 5 113 9 155 77 7 42 199 158 160 166 112 29 70 76 191 188 101 123 127 48 20 120 71 130 135 168 124 183 151 103 68 78 189 130 191 71 151 50 59 187 39 130 69 184 57 124 121 41 166 23 198 193 159 183 155 80 3 127 110 130 100 102 45 53 150
150 163 23 56 91 25 39 177 184 197 2 160 72 145 193 156 116 62 39 123 53 74 14 7 141 89 35 98 147 65 180 162 93 36 67 194 81 147 138 80 194 126 157 26 196 52 63 149 14 180 51 23 26 193 72 79 195 9 165 103 71 8 138 159 84 158 108 49 124 133 190 47 77 95 94 196 29 124 70 147 163 33 114 179 116 112 127 93 98 70
59 192 20 178 18 186 28 39 189 144 192 191 136 24 156 55 73 49 157 38 180 171 44 79 101 17 41 121 186 27 88 101 45 199 119 146 91 73 39 174 58 166 2 31 21 157 51 179 79 31 168 194 82 145 182 161 106 19 16 155 152 126 93 35 45 76 167 65 164 192 7 59 141 40 30 183 175 50 66 66 106 97 133 92 152 79 163 22 180 86
11 175 143 179 87 140 73 146 156 136 99 28 9 125 122 10 81 91 121 153 170 176 52 121 21 58 88 151 198 199 56 112 180 113 48 5 19 164 70 162 82 60 195 123 84 121 175 108 16 104 115 83 121 161 4 159 19 188 34 9 102 86 43 185 122 163 156 109 42 15 153 130 116 124 28 78 64 27 127 77 112 41 152 139 120 7 48 75 57 186
26 34 93 105 66 53 38 57 20 21 200 128 67 116 145 195 43 132 58 56 171 129 103 5 125 97 53 86 46 2 81 124 65 86 188 97 37 3 33 54 191 155 83 115 192 44 184 28 22 180 170 177 151 14 116 107 155 151 12 42 185 71 110 199 84 93 60 90 62 173 133 109 113 109 191 199 73 22 8 75 69 127 44 188 139 101 185 65 16 199
86 97 155 81 199 82 115 7 146 86 197 6 64 61 106 161 69 158 102 127 160 117 151 38 199 19 10 22 84 181 75 111 127 33 192 117 82 156 125 127 44 7 46 38 86 136 150 75 194 91 94 87 57 178 133 164 31 34 26 36 186 116 196 186 75 98 100 134 146 50 111 98 195 59 49 88 112 163 71 191 31 115 51 33 127 133 88 63 36 89
25 179 164 9 33 51 195 16 75 130 96 26 147 86 55 175 168 158 160 136 87 24 5 101 197 20 98 87 88 144 53 158 9 141 88 45 169 56 159 70 152 7 15 192 31 141 32 24 123 63 97 136 123 65 155 85 51 54 146 70 185 198 3 48 40 6 93 18 167 141 59 106 162 136 53 172 103 138 188 16 54 55 169 76 180 173 75 184 83 190
115 5 189 48 99 101 89 174 93 131 121 28 122 132 184 22 145 99 126 5 136 164 158 76 144 5 90 179 117 147 27 121 29 115 151 98 127 46 74 72 177 4 82 116 16 4 56 71 112 15 127 135 127 81 14 75 142 142 142 104 126 152 142 86 164 118 18 47 36 168 151 170 74 200 15 151 86 59 97 128 144 89 5 15 6 146 63 171 138 70
168 47 64 171 17 52 85 189 12 163 24 96 139 22 127 56 138 190 165 192 16 50 131 1 102 34 110 132 30 55 50 192 4 30 61 18 138 143 181 3 16 83 128 73 164 159 152 83 153 90 155 112 184 123 132 148 58 168 164 114 37 21 88 61 74 41 32 10 57 54 143 166 8 150 125 191 148 130 68 176 150 100 8 165 86 101 9 135 3 118
61 5 38 155 33 49 104 166 155 137 157 13 17 96 103 58 79 166 93 77 195 91 149 18 196 105 26 120 24 165 43 168 139 106 158 32 32 53 14 87 165 186 141 3 123 75 146 112 32 108 198 147 166 59 46 30 175 115 103 12 36 23 52 56 188 190 54 147 75 113 74 40 50 11 7 6 148 37 28 109 9 105 125 83 102 27 160 43 106 67
164 188 85 184 136 160 14 103 196 3 127 169 186 165 17 177 55 93 176 196 34 90 181 145 54 117 33 110 60 185 169 99 2 45 176 40 66 25 101 189 144 164 52 79 110 140 146 21 138 70 13 80 115 123 116 29 44 193 76 93 61 129 32 137 117 154 172 22 74 78 128 134 16 197 171 11 200 73 60 88 16 170 28 115 111 98 1 98 61 22
116 5 135 198 145 112 52 110 121 71 39 162 10 125 82 80 185 144 26 36 129 79 1 13 22 60 107 162 130 72 131 28 97 180 126 90 189 125 28 150 167 66 39 157 107 9 160 130 51 3 47 74 164 189 160 104 21 16 80 162 50 192 98 44 45 40 40 89 38 156 137 98 65 57 176 66 35 173 8 2 129 62 27 27 74 119 187 100 11 37
117 167 40 59 33 99 175 160 141 95 126 187 109 84 50 93 87 132 50 122 36 46 194 115 171 41 52 49 17 31 89 146 168 114 95 150 44 194 89 198 117 1 158 200 78 47 105 95 156 145 93 115 172 143 198 190 152 123 134 22 88 158 44 4 87 68 86 68 45 40 102 72 114 122 77 70 26 52 118 137 82 61 71 1 18 150 54 14 110 55
181 95 103 105 67 190 39 111 125 51 145 81 69 165 188 47 89 98 178 28 23 16 23 52 108 40 171 115 195 31 162 176 43 165 91 77 71 160 31 45 19 156 47 21 26 197 77 15 150 94 145 87 41 169 83 115 131 25 143 169 144 191 186 86 198 187 14 74 159 5 107 166 89 198 117 20 69 115 130 193 137 62 86 193 88 111 19 104 92 86
150 120 66 2 124 121 86 38 58 112 133 147 124 36 175 198 65 172 154 185 145 144 110 150 190 119 49 114 34 123 59 177 23 144 42 170 28 81 85 58 178 118 64 41 116 21 67 137 52 45 127 146 172 21 158 71 2 9 148 188 164 39 195 20 72 82 194 78 127 78 29 35 155 49 105 87 170 193 194 34 73 113 24 73 26 133 156 200 87 107
20 23 36 176 22 193 162 8 65 132 143 190 45 92 75 151 84 51 180 70 34 75 160 16 19 196 82 34 125 129 170 148 179 86 171 37 93 54 104 55 94 191 113 75 1 200 20 94 44 166 50 102 109 103 131 187 178 172 51 136 86 13 85 67 118 3 21 161 17 137 168 40 15 38 138 91 77 95 93 28 119 137 111 45 2 79 153 173 66 109
78 91 47 164 187 131 20 52 69 160 183 75 141 173 12 13 114 72 193 141 140 32 78 31 107 133 135 120 18 120 43 40 78 99 26 133 196 68 12 110 71 127 179 195 98 17 196 12 175 5 128 43 67 54 104 35 13 66 108 67 88 52 122 18 31 199 57 96 18 106 20 96 172 85 136 19 194 184 188 130 157 98 106 178 118 88 94 109 36 10
106 152 49 1 110 183 124 96 108 172 90 182 10 200 155 122 87 32 147 187 134 52 78 8 27 101 137 158 171 14 73 117 99 124 72 118 31 8 84 76 87 60 5 42 94 183 24 89 129 38 129 199 27 150 177 43 25 64 52 126 153 34 91 38 130 8 187 12 77 72 102 70 172 16 151 34 195 182 20 186 196 186 13 134 118 77 74 81 194 22
193 87 119 171 141 188 69 82 97 54 59 144 94 82 123 137 189 7 106 139 174 189 55 130 90 180 68 82 90 126 57 78 139 129 29 124 82 156 55 121 193 6 44 183 106 71 13 188 51 4 140 33 5 38 78 113 138 59 124 3 119 86 2 90 117 101 136 17 181 71 162 3 34 199 200 66 77 189 37 185 64 139 102 141 194 131 146 114 136 195
140 6 90 68 118 67 145 95 102 105 4 15 16 146 2 194 180 53 140 155 153 19 169 100 2 88 154 193 179 15 109 87 41 51 154 79 55 108 124 154 129 153 161 123 87 84 170 101 68 117 59 101 17 121 9 165 9 21 79 171 91 140 26 43 116 17 164 37 115 60 165 2 10 112 79 197 115 151 200 86 160 194 7 103 173 130 10 131 47 60
154 54 81 55 102 149 135 62 111 112 172 64 37 109 125 113 113 86 25 177 69 117 139 10 155 121 179 130 93 114 151 195 187 183 8 186 114 25 59 69 61 93 29 177 68 119 36 105 146 64 47 113 19 102 11 195 30 95 137 190 99 36 104 62 173 115 155 177 127 50 33 182 33 196 61 153 21 2 167 150 187 133 17 107 112 192 184 36 194 30
59 22 16 193 9 54 103 28 166 28 50 62 69 131 114 100 13 72 185 161 27 87 47 96 87 169 185 150 181 200 119 78 132 99 113 90 164 166 110 113 164 56 18 92 172 31 30 63 41 175 114 88 152 83 176 103 33 65 145 142 65 52 143 23 60 89 124 138 105 177 16 196 9 70 75 114 22 117 113 176 82 125 61 93 82 42 200 139 153 27
144 80 155 123 112 83 188 98 154 17 51 51 180 29 31 176 127 49 38 29 3 192 60 167 175 103 17 131 72 180 42 64 103 109 79 153 22 191 70 59 4 54 20 25 91 170 186 36 196 19 30 198 143 112 185 152 129 189 12 119 28 138 176 63 27 117 159 33 2 127 135 163 188 139 106 200 179 104 130 165 72 199 194 104 177 102 93 48 99 49
34 137 39 61 92 155 62 5 121 29 192 153 74 83 197 4 109 73 188 160 156 67 139 148 155 88 79 18 68 181 52 146 127 56 181 122 5 129 36 171 171 48 90 140 135 92 160 149 46 186 131 167 142 34 20 173 131 173 65 93 45 74 109 109 68 145 14 25 86 103 172 82 112 42 5 192 37 108 191 82 26 151 20 104 97 96 129 40 123 60
25 132 137 170 82 103 20 61 161 23 58 123 30 28 186 136 87 198 167 178 39 100 133 40 169 29 3 153 48 59 37 175 189 82 172 159 200 137 40 170 196 5 121 51 56 166 185 104 12 134 50 145 106 68 55 191 20 60 23 56 154 152 143 158 73 23 106 178 136 41 86 72 152 85 127 21 66 80 182 55 137 183 83 95 140 30 19 103 13 76
51 148 44 37 196 80 95 178 33 98 87 1 4 93 58 199 86 60 108 8 105 165 3 12 27 42 120 124 136 184 21 73 23 16 68 130 49 39 68 144 95 35 106 87 83 157 51 56 70 120 110 60 81 1 15 26 139 163 92 65 186 155 106 171 171 137 151 15 115 128 187 107 143 184 37 92 163 133 160 88 26 40 131 89 177 124 95 185 120 92
185 115 88 33 151 165 119 167 30 107 128 92 196 58 169 9 40 149 38 5 182 147 139 195 15 71 148 149 181 77 170 171 97 127 24 87 63 117 19 161 82 58 7 72 52 50 167 141 80 99 106 63 185 158 67 73 36 125 14 46 99 86 190 62 65 135 61 57 36 168 171 150 127 109 171 90 125 110 167 54 114 97 136 15 125 179 66 8 72 74
150 24 110 194 175 125 41 142 66 155 94 74 21 66 172 171 43 25 156 105 171 94 118 139 84 117 8 175 25 121 16 137 84 150 50 145 35 165 26 79 70 136 154 50 67 46 105 57 39 183 165 191 177 58 30 89 193 93 74 169 22 109 166 29 30 10 16 5 32 160 53 118 80 96 182 148 49 180 154 180 136 41 153 121 37 12 107 151 82 1
76 80 69 117 25 189 114 19 100 194 83 189 43 188 138 111 115 50 178 75 118 8 114 110 171 184 84 198 172 35 177 111 82 191 7 71 181 155 158 171 18 27 1 123 11 138 117 135 22 63 94 171 85 64 130 192 187 97 19 188 181 187 36 114 13 159 22 51 190 176 150 69 88 88 143 151 44 33 85 167 167 15 61 56 200 60 34 113 26 53
61 143 57 132 70 148 58 139 32 51 44 52 198 195 178 96 10 106 159 199 54 150 24 182 119 165 120 62 196 183 4 190 119 76 171 180 144 10 186 165 162 195 134 131 93 191 68 53 113 41 166 33 102 22 125 166 158 4 172 127 57 35 193 179 13 67 170 86 143 131 19 102 198 120 68 26 168 33 145 130 78 139 24 53 131 108 158 90 14 109
61 117 44 195 75 91 126 162 86 189 124 36 146 143 98 9 125 124 153 200 3 164 128 123 150 58 38 19 180 158 176 60 114 102 144 80 113 55 112 133 94 76 185 149 166 39 24 37 192 5 128 13 6 169 179 14 125 7 21 199 175 194 108 171 100 150 43 103 195 52 190 124 151 161 157 108 33 168 144 194 84 200 137 193 124 76 182 69 54 56
61 18 104 45 9 15 132 74 62 119 167 97 124 127 103 144 68 153 151 16 80 56 33 140 133 27 86 42 56 77 92 155 5 38 39 174 23 126 42 147 31 169 48 124 145 4 34 165 8 82 8 42 58 9 146 104 139 146 188 106 21 13 198 164 147 158 195 112 40 50 117 148 21 134 135 6 115 166 175 111 66 99 87 99 12 103 188 20 19 17
87 56 155 90 129 30 36 95 123 41 26 152 39 67 133 192 141 191 170 80 125 140 62 167 153 119 194 19 90 178 93 96 153 20 195 192 47 74 148 10 78 155 71 94 182 149 156 163 37 130 41 55 66 119 66 132 105 54 17 190 44 177 10 164 70 139 14 39 11 37 107 48 49 148 111 130 50 132 17 74 105 95 19 19 28 113 89 64 112 117
58 166 35 58 82 59 116 23 175 176 95 17 74 43 50 8 176 8 83 194 110 173 118 21 10 78 13 132 158 89 85 95 156 106 176 124 82 118 178 154 147 123 124 196 130 107 35 148 166 75 30 72 159 11 77 45 78 176 187 138 168 29 73 105 80 121 75 104 45 3 125 153 126 144 29 152 96 125 5 89 37 70 105 10 189 47 102 94 99 139
63 78 62 163 41 136 156 24 101 40 62 163 88 166 8 89 60 10 51 180 89 104 80 64 192 144 88 101 156 171 154 5 193 183 168 102 52 192 73 171 148 74 131 113 190 105 52 46 18 195 154 34 25 40 152 125 22 179 59 124 199 43 183 173 194 195 108 143 76 57 190 28 124 157 186 171 183 65 124 31 150 130 193 98 196 124 14 156 29 82
112 89 8 155 118 190 115 46 173 17 59 179 148 181 85 21 83 1 49 28 107 143 118 66 98 34 84 92 84 64 35 99 134 165 171 168 150 14 131 119 109 167 183 91 152 121 100 139 43 42 90 57 146 175 59 159 139 15 157 114 166 12 199 146 157 131 177 198 136 143 196 130 16 78 13 186 119 150 157 154 47 56 33 62 156 12 156 159 167 141
153 7 51 71 56 106 187 93 159 151 89 140 82 128 110 91 141 23 156 110 132 195 13 95 39 72 173 79 200 163 135 187 9 16 43 143 173 199 4 80 159 129 101 74 173 108 187 186 86 88 24 106 68 18 4 101 25 12 20 156 146 144 47 157 70 100 131 171 75 168 46 163 37 130 80 110 129 87 139 141 97 23 34 82 157 86 198 108 159 187
85 89 119 129 174 86 70 100 112 88 93 156 148 150 124 115 38 134 103 51 3 80 139 57 121 135 150 127 146 67 101 77 36 52 114 97 165 190 76 71 126 178 100 60 55 113 131 151 25 112 183 181 155 49 134 49 37 167 99 9 61 102 134 4 124 62 34 43 100 74 79 174 6 69 51 93 162 44 134 54 9 150 12 85 151 200 187 86 118 58
191 196 2 178 101 81 100 119 81 141 28 93 3 170 169 198 172 27 76 85 149 173 17 23 97 44 181 5 116 10 36 150 100 62 192 56 61 29 153 10 42 162 131 114 169 85 125 24 138 34 184 92 81 76 6 39 131 99 151 115 124 85 97 151 38 116 136 92 15 141 123 181 178 150 19 50 175 4 7 149 91 42 54 69 86 38 106 97 151 66
189 149 133 181 140 4 19 47 194 58 9 146 11 90 93 183 78 60 24 11 84 149 119 114 189 100 12 68 60 162 138 133 75 79 142 64 65 193 30 196 135 7 199 73 157 134 36 40 64 141 154 4 140 30 57 170 89 158 59 37 172 186 53 52 59 45 19 140 104 98 99 93 109 153 110 153 46 47 27 34 51 55 200 111 68 28 106 82 172 94
33 180 127 157 60 167 98 25 35 147 97 4 114 100 154 195 173 33 174 161 91 152 199 125 9 99 35 180 175 73 41 130 41 17 132 9 14 48 143 36 30 75 184 148 61 116 84 83 132 180 152 33 52 35 7 58 74 154 33 44 148 146 193 188 150 121 70 175 73 37 160 50 123 31 108 29 146 200 164 138 128 32 146 18 30 6 64 67 88 58
122 46 154 51 51 149 172 26 106 30 33 160 3 171 27 199 19 120 83 17 167 172 71 42 80 28 85 179 151 120 156 120 86 181 93 51 19 78 88 141 15 73 190 68 37 123 36 175 178 93 72 196 159 74 147 186 40 163 99 174 200 79 174 150 48 186 195 118 183 199 31 195 159 174 136 57 20 95 114 81 135 142 102 61 23 68 82 118 98 85
115 92 58 93 139 135 90 71 47 57 38 131 63 200 71 126 78 116 196 136 187 34 2 2 128 91 149 38 88 103 60 118 55 166 102 131 107 25 183 13 103 104 76 54 40 91 179 176 169 97 91 54 87 145 97 195 163 163 149 168 97 170 156 79 119 190 110 72 114 108 116 16 166 73 166 141 9 13 170 75 111 60 50 20 189 43 117 53 101 86
183 193 57 135 116 196 51 90 185 199 155 199 147 145 1 156 99 66 6 27 184 180 107 169 150 33 52 17 150 35 128 169 36 21 121 50 18 5 119 38 95 11 55 63 162 172 104 110 4 26 66 150 105 132 97 75 147 181 199 159 164 63 35 8 11 3 102 154 110 54 22 158 94 197 83 61 15 191 176 111 43 163 37 103 74 50 167 198 70 191
49 53 58 173 67 10 141 200 76 133 53 89 146 197 133 49 164 31 172 178 185 126 138 82 44 67 16 120 124 21 35 144 199 198 75 150 171 174 5 14 90 107 199 1 13 109 60 23 32 127 143 29 55 15 33 181 181 180 27 51 174 176 98 35 67 188 176 40 117 133 26 146 178 116 162 87 198 152 102 85 86 38 191 30 46 190 35 15 29 10
141 39 174 64 35 5 43 14 128 108 166 64 174 112 117 106 29 16 175 90 15 186 31 17 180 196 33 167 45 26 3 160 15 189 170 63 173 74 177 49 29 186 52 32 83 30 111 11 116 42 69 115 75 89 185 186 178 177 26 69 193 40 93 142 71 183 111 160 144 199 188 160 38 86 100 65 115 107 87 66 117 72 133 88 168 199 127 36 41 166
35 2 90 192 81 50 140 157 135 105 190 59 164 115 75 97 51 160 141 22 135 84 143 12 113 104 100 90 98 48 25 98 177 111 48 93 84 154 7 90 53 176 12 97 92 108 121 98 175 119 164 93 86 200 179 87 50 82 123 80 185 30 82 37 58 139 188 84 179 191 49 92 101 97 27 2 59 170 144 57 18 164 102 120 72 193 5 188 171 60
4 18 98 46 93 158 60 112 72 184 12 115 58 54 98 80 45 14 138 110 135 45 3 121 45 23 99 124 77 137 76 105 119 179 65 31 165 149 35 64 147 144 53 64 88 145 76 189 153 185 101 23 148 52 57 108 176 116 83 192 69 114 118 31 107 41 52 30 189 74 1 35 200 83 96 157 13 80 58 152 67 2 143 31 50 52 50 50 24 183
48 182 136 72 165 44 157 49 100 135 171 88 91 23 83 183 56 35 14 147 40 62 181 118 167 100 4 142 85 108 156 10 86 2 157 186 62 41 118 2 8 41 147 34 94 118 10 93 120 78 65 78 183 4 169 148 193 124 112 150 172 101 107 110 41 157 84 128 192 59 153 45 87 54 178 142 132 20 178 46 78 143 58 114 158 151 155 76 182 130
130 188 9 199 154 194 177 60 174 132 191 39 81 191 35 133 75 98 169 172 116 91 68 16 109 149 123 106 174 148 4 26 104 80 37 79 177 138 26 200 155 65 129 11 186 43 168 149 78 29 164 124 131 102 198 37 76 140 118 25 192 120 152 187 182 5 81 32 77 8 167 83 162 80 98 157 146 184 200 92 27 128 108 14 191 25 164 56 75 18
16 35 127 123 10 116 44 84 25 32 98 187 150 107 129 40 99 152 56 144 190 117 159 195 79 11 159 70 64 138 24 89 195 40 189 126 7 73 41 144 2 173 81 15 137 162 198 74 142 15 107 106 200 130 142 138 103 189 120 188 73 140 143 190 13 179 113 40 179 11 30 40 9 171 191 172 87 136 159 91 190 60 115 116 99 50 122 197 67 75
42 20 109 43 64 110 190 73 82 180 87 151 79 7 7 94 27 196 57 37 41 73 182 100 189 187 125 169 91 190 115 52 54 74 93 33 137 39 177 191 32 36 96 90 163 6 2 167 90 125 72 33 190 15 40 5 197 182 145 169 180 121 131 68 84 171 161 159 83 118 67 69 180 38 195 44 25 28 21 181 64 112 36 77 44 172 197 76 167 81
154 114 92 83 186 14 168 72 34 160 5 160 122 79 191 135 131 189 5 63 78 178 76 42 112 4 3 37 103 124 136 24 144 80 169 149 31 106 160 133 25 145 153 198 180 118 24 24 127 131 73 37 41 113 40 39 131 1 163 122 76 165 35 191 183 128 40 151 172 48 118 190 106 79 196 133 62 108 38 121 74 138 81 1 106 155 66 109 4 81
103 160 90 87 192 199 20 130 6 184 10 23 126 39 49 170 129 147 108 81 145 171 59 76 4 31 173 76 93 140 125 150 52 199 11 200 148 72 56 138 92 179 151 156 71 179 35 12 192 10 73 53 145 4 1 125 103 20 79 92 182 73 130 192 124 97 183 88 142 35 191 76 107 178 54 58 87 69 10 40 133 61 68 155 186 61 144 141 180 124
158 80 196 25 56 85 55 93 49 20 103 12 65 147 149 162 183 48 22 47 100 169 30 189 58 55 71 114 84 188 74 190 85 163 156 36 163 181 17 100 41 143 56 94 197 163 152 32 122 94 64 15 7 197 70 29 170 171 171 110 90 138 102 78 147 102 161 53 80 113 97 171 20 74 111 187 184 116 117 195 29 8 129 189 51 122 100 124 188 179
16 25 129 104 31 185 181 158 9 36 36 100 75 51 4 17 79 84 99 119 116 117 178 48 118 114 24 104 129 6 102 82 101 161 130 181 149 145 150 17 200 19 53 60 170 9 148 71 58 130 69 101 30 124 69 96 36 2 32 81 152 32 84 171 74 52 67 116 59 166 154 191 88 68 191 161 49 192 176 43 76 81 184 161 138 67 151 14 27 42
135 126 149 195 12 61 82 129 94 104 17 48 151 154 69 105 160 37 61 132 138 198 130 155 162 14 26 107 143 3 92 56 53 185 45 161 199 24 16 173 85 119 42 40 45 45 31 44 182 60 148 79 38 138 127 50 108 102 125 122 181 65 44 12 95 93 121 39 71 184 197 67 116 64 72 47 45 141 106 180 155 159 9 125 3 25 114 194 125 53
151 99 118 74 191 50 180 31 124 84 144 112 174 96 117 38 47 189 186 22 128 164 3 34 146 141 149 69 136 16 143 134 139 86 48 147 36 13 58 128 142 166 70 196 72 1 9 200 44 146 52 59 9 71 112 175 163 165 187 137 113 138 117 24 80 188 142 123 39 96 164 131 143 30 168 185 4 158 134 123 158 63 87 21 120 102 141 64 98 121
82 61 153 178 96 152 49 152 49 82 114 82 179 16 44 160 22 140 80 6 139 117 20 65 34 87 2 148 47 41 88 31 197 3 123 23 73 68 142 23 144 157 68 26 150 6 103 46 5 105 146 180 73 186 23 37 4 126 78 64 75 140 121 28 177 12 58 9 186 145 135 168 185 140 63 164 91 69 173 60 198 143 186 110 89 110 172 143 65 138
167 31 75 124 186 51 96 22 9 125 41 23 151 2 4 86 182 197 175 39 136 16 69 13 147 9 104 99 54 54 25 129 159 65 112 145 181 98 107 46 170 159 195 156 91 193 47 135 68 110 5 53 178 68 23 109 42 200 185 177 155 180 199 178 86 85 98 166 65 193 135 7 22 169 18 170 55 113 150 135 172 189 38 49 100 130 178 167 130 166
113 154 19 145 126 166 181 121 91 1 6 140 191 1 61 196 16 62 123 165 47 135 155 117 26 185 35 191 160 129 121 76 190 110 7 100 42 164 85 85 94 43 50 128 42 139 112 180 169 200 141 21 134 99 114 133 47 56 157 183 109 67 153 128 34 89 77 2 56 189 53 7 100 108 118 33 155 33 127 195 168 51 124 18 128 104 172 167 79 70
103 84 54 7 4 111 162 22 92 8 53 83 23 89 18 169 30 134 141 21 33 154 149 54 126 133 9 109 134 197 25 12 38 171 103 73 94 103 149 61 117 21 3 151 152 116 110 110 162 84 33 73 52 7 50 157 189 117 56 42 22 24 166 59 65 79 102 46 117 88 85 62 170 130 60 16 129 184 98 108 82 61 3 137 177 176 132 52 40 98
72 16 65 159 131 26 105 90 119 50 77 85 110 183 174 17 7 146 19 163 83 189 116 116 90 31 54 196 48 77 118 105 98 3 186 49 182 91 31 16 144 67 166 138 181 87 5 115 92 58 162 137 189 22 102 10 70 137 31 39 198 12 178 169 149 148 191 164 124 123 18 23 8 150 148 99 129 6 3 185 198 87 4 80 66 152 142 1 158 109
160 79 168 81 144 23 181 102 198 110 25 1 48 79 54 111 191 122 150 13 157 132 35 81 59 86 36 113 55 125 21 156 1 1 120 4 167 74 162 21 15 158 6 49 8 112 179 133 163 80 67 147 109 161 67 58 200 85 83 40 121 109 110 7 151 40 195 103 108 119 11 146 126 198 60 181 175 199 97 184 80 78 40 144 137 80 194 196 129 146
49 32 71 148 117 79 9 66 10 144 160 103 172 53 195 110 87 195 144 26 3 24 173 166 159 169 145 18 80 198 50 184 53 9 92 184 73 79 86 77 1 192 169 164 195 30 107 57 200 200 8 50 64 120 53 140 36 133 70 21 75 180 103 125 172 24 158 139 197 9 200 195 85 105 8 119 14 69 155 96 158 96 18 200 100 192 23 87 5 119
138 84 137 45 155 195 107 104 62 16 55 35 6 179 59 85 160 173 25 158 137 95 52 36 40 124 103 70 10 25 157 66 122 129 58 61 8 113 106 82 62 38 34 79 44 58 54 88 70 82 115 58 25 162 198 121 106 65 193 187 13 136 104 7 123 168 115 110 34 194 40 112 108 31 164 53 22 65 135 193 99 104 135 7 190 138 78 77 185 190
100 18 9 119 111 121 180 177 31 185 24 102 51 72 119 110 109 81 192 21 153 15 7 41 150 9 195 187 21 10 117 93 108 114 109 106 198 170 48 147 134 95 143 47 153 35 105 26 174 100 182 97 122 176 28 150 106 180 188 41 180 22 172 11 87 72 88 47 55 101 106 135 155 16 88 113 112 37 2 91 38 1 86 192 116 168 170 75 128 56
83 49 174 80 175 21 112 114 22 170 97 105 103 35 117 162 193 88 135 193 139 40 89 77 134 8 174 142 104 13 94 110 103 139 166 34 99 77 10 141 83 82 38 182 9 113 28 118 158 16 121 111 171 167 139 195 11 38 158 118 64 75 129 50 79 134 121 23 48 75 176 130 166 150 157 170 145 7 68 158 178 143 165 172 180 101 109 153 65 12
108 196 132 17 192 114 138 118 150 188 7 113 83 32 186 123 106 144 69 151 168 95 67 177 158 86 125 149 197 157 186 131 98 6 8 29 177 152 92 165 147 69 106 139 127 23 139 56 159 105 79 186 28 31 5 21 185 194 91 68 180 185 71 167 42 12 192 121 193 62 172 176 157 20 178 141 81 119 148 122 78 152 152 163 65 33 125 80 61 135
42 99 196 185 74 11 100 86 55 43 48 40 14 160 120 30 156 171 80 13 15 190 25 83 200 48 95 105 182 120 77 122 52 75 195 150 131 184 179 17 14 19 71 148 100 3 62 65 75 7 199 74 86 91 82 73 50 164 200 106 121 61 75 20 168 29 115 178 85 6 51 167 78 10 198 143 99 40 28 154 85 84 1 71 5 36 69 175 164 75
151 11 146 146 54 72 15 52 134 100 163 191 195 33 75 156 187 111 125 101 70 177 18 6 84 50 192 108 42 78 16 140 137 111 83 144 160 185 195 139 137 12 30 64 2 122 59 83 18 149 180 85 189 72 16 61 118 102 20 111 141 41 64 127 85 139 87 131 57 61 111 196 195 159 66 21 94 20 3 96 62 25 173 43 173 80 148 73 192 26
97 40 192 176 191 49 81 166 74 97 4 166 123 109 23 146 28 81 32 199 195 156 26 80 110 54 87 181 94 113 30 45 157 66 159 175 72 193 144 52 176 24 58 47 195 152 93 92 102 199 78 193 39 81 42 86 29 100 133 137 185 108 45 101 14 75 182 198 43 45 184 12 199 3 50 38 185 61 122 183 32 151 159 5 48 83 33 112 104 79
11 187 195 98 176 101 176 136 190 161 19 5 195 157 35 179 118 144 48 162 5 71 96 4 107 73 116 132 14 154 171 177 104 67 143 48 124 103 82 12 72 95 93 11 50 55 138 82 86 81 86 26 179 111 195 58 178 25 127 66 5 23 177 80 157 158 73 30 17 98 187 41 97 185 163 70 166 52 188 158 112 127 189 191 162 137 73 131 13 110
114 165 156 6 26 197 44 74 158 38 64 186 161 129 46 101 200 51 49 118 27 188 2 82 14 6 51 191 197 7 150 82 77 107 87 23 15 21 3 82 193 70 107 86 122 81 84 87 117 139 108 74 183 66 110 112 160 36 88 57 168 64 36 97 91 5 184 51 123 199 64 151 88 134 13 70 136 45 175 7 122 8 193 60 130 111 159 33 48 121
71 138 193 65 58 168 85 145 84 188 125 71 150 79 171 29 139 156 49 195 138 19 54 68 183 132 80 14 79 39 119 52 77 85 120 156 30 111 144 61 192 186 147 75 63 68 94 139 67 23 82 89 137 98 196 94 163 123 125 16 46 60 134 152 160 95 36 174 10 39 100 84 173 5 157 141 123 4 119 165 48 196 6 158 14 70 114 117 10 128
140 108 162 81 191 130 107 180 133 166 154 182 80 74 41 148 129 117 120 171 158 189 34 129 85 89 19 120 48 54 107 30 161 157 129 151 48 142 126 124 158 148 166 11 113 62 82 117 171 17 22 72 105 83 81 174 104 150 199 35 28 49 122 140 142 10 177 119 23 38 114 97 183 16 118 186 154 189 184 180 71 39 33 163 101 180 189 194 199 31
150 148 50 67 92 190 50 85 50 148 184 27 6 43 25 27 80 148 108 73 162 12 198 22 78 117 40 22 166 196 34 114 15 11 109 127 19 90 22 143 76 110 151 78 102 32 34 131 30 80 167 24 74 47 39 91 18 77 140 128 85 31 86 48 184 100 199 97 116 156 116 27 183 200 44 142 15 7 66 6 163 105 103 71 109 155 156 117 127 85
