40 	
22	41
1	1	6	57	2	
0	5	6	80	5	
0	1	1	67	3	
0	7	3	73	9	
0	2	2	14	4	
1	4	6	24	7	
1	8	9	85	5	
0	7	3	74	1	
0	4	4	87	3	
1	3	2	72	7	
1	8	4	103	6	
1	2	6	96	4	
1	7	7	37	6	
1	3	6	95	2	
0	9	3	17	3	
0	5	2	46	8	
0	8	3	8	7	
1	1	6	27	1	
0	9	4	83	5	
1	6	6	22	4	
0	8	9	12	1	
0	4	6	18	8	
1	8	7	12	7	
1	4	3	77	1	
1	3	8	44	6	
0	7	2	92	8	
0	7	7	45	3	
1	9	8	60	3	
0	6	8	68	5	
0	4	8	49	2	
0	9	1	81	2	
1	1	3	77	3	
1	1	7	74	3	
1	3	8	71	9	
1	3	8	88	9	
0	6	8	11	6	
0	9	6	40	1	
1	8	6	62	8	
1	3	4	84	6	
0	6	3	5	5	
197 159 21 52 110 27 133 18 65 131 89 197 196 43 27 147 187 64 107 122 64 77 51 146 125 192 124 131 74 57 119 19 93 81 16 96 45 130 90 81
165 115 141 83 44 9 130 170 77 133 7 190 15 167 123 194 112 83 174 142 27 121 187 200 55 69 42 166 68 73 54 197 91 92 144 108 10 27 128 104
142 120 20 72 189 90 95 67 132 193 35 110 186 99 101 135 50 76 104 101 152 165 159 75 180 109 91 80 180 141 31 56 123 130 131 123 153 190 68 199
44 146 35 145 19 135 131 156 74 1 155 188 142 147 112 133 182 183 60 185 113 97 169 129 148 50 190 55 178 185 130 25 153 5 194 112 130 11 4 100
28 127 116 13 197 82 89 153 77 159 164 185 137 153 50 25 89 78 155 59 180 140 108 171 10 84 3 163 135 37 140 10 188 195 74 158 149 39 194 90
152 174 77 89 86 70 154 159 39 159 8 181 100 122 190 110 51 195 83 187 80 66 140 38 140 152 91 44 140 96 171 196 102 122 118 127 137 101 115 29
65 148 182 43 96 22 83 31 137 189 181 31 125 29 138 46 189 172 137 94 81 109 100 196 166 102 176 17 94 74 193 3 153 12 155 115 43 143 46 109
167 53 74 183 112 196 23 189 103 17 167 3 95 183 54 62 109 61 167 126 29 61 96 63 51 100 178 56 188 27 40 118 192 119 94 50 135 91 185 104
172 154 154 101 195 179 175 31 153 137 152 118 69 43 160 17 161 131 61 37 79 182 189 136 197 12 150 179 46 168 198 127 170 97 125 102 92 25 43 86
103 128 177 162 172 178 72 122 16 19 94 97 166 150 170 79 144 73 33 191 34 42 73 195 29 109 129 77 197 25 178 26 16 186 129 62 139 89 177 26
192 53 153 16 50 68 174 72 110 132 192 43 174 98 64 184 189 57 70 187 93 28 106 94 33 28 50 156 93 180 163 37 175 165 36 163 173 198 65 190
1 117 122 191 104 123 166 1 144 191 7 65 35 90 34 16 31 86 148 191 45 115 20 121 59 101 25 5 191 107 112 25 199 8 49 63 88 50 173 75
199 126 83 15 72 131 136 42 85 70 44 77 19 47 37 71 22 106 60 172 157 118 108 31 49 59 65 13 178 198 6 78 146 130 38 79 146 143 191 122
154 45 91 71 94 73 116 122 163 98 156 35 168 51 192 142 199 59 36 111 177 93 127 186 32 68 44 126 97 102 82 13 109 156 34 196 186 88 133 61
168 127 91 12 165 30 153 95 105 142 152 126 94 20 135 123 144 187 146 5 41 124 50 138 199 77 145 55 104 155 59 2 85 154 166 36 145 56 148 146
59 88 195 186 147 53 99 148 192 17 71 192 116 133 169 198 100 2 141 181 49 134 1 43 79 154 77 89 99 144 144 171 4 192 153 78 54 193 51 171
145 27 121 33 136 169 98 191 150 199 49 182 39 143 160 98 116 56 97 97 32 38 15 24 92 56 63 124 4 120 198 104 38 156 41 140 191 177 152 155
194 84 127 197 149 52 150 93 192 26 194 42 166 45 195 100 20 14 143 198 132 6 146 182 153 132 192 159 186 159 148 199 75 144 175 15 125 107 130 160
38 160 82 53 57 94 161 57 182 144 70 115 140 165 178 169 73 172 179 85 168 66 155 145 34 153 200 46 57 119 73 67 89 102 63 138 39 149 1 169
173 164 43 155 111 173 6 99 15 131 112 147 181 139 195 156 60 1 149 21 124 184 51 160 74 37 80 108 33 157 84 118 107 33 144 191 189 22 177 172
109 98 46 126 183 24 199 139 82 179 74 93 37 111 185 127 116 39 182 104 190 137 92 46 143 72 29 130 32 106 84 113 199 197 154 117 108 87 63 22
103 45 200 177 109 45 20 130 151 6 76 186 111 12 112 9 120 182 190 46 76 178 96 40 80 39 110 75 13 141 123 54 119 82 104 33 19 80 131 90
147 128 136 32 117 80 143 28 181 126 26 186 33 98 63 118 176 186 123 108 121 181 139 67 88 167 106 80 4 47 30 160 74 187 130 85 109 42 172 27
7 1 132 83 145 144 115 55 33 44 179 200 123 168 105 153 145 53 148 170 37 187 139 118 180 195 105 12 92 187 36 140 112 91 1 57 109 119 71 129
2 28 66 194 151 191 123 170 66 43 172 27 67 2 79 54 156 48 166 138 153 194 62 113 93 193 140 40 72 189 159 81 123 57 119 116 174 48 60 127
126 186 19 28 31 166 124 92 53 29 34 163 110 199 126 171 174 148 89 197 200 160 128 144 89 149 195 144 15 73 158 176 171 139 58 89 140 32 37 3
115 19 9 186 145 56 17 8 109 180 171 130 113 171 41 139 170 100 184 129 94 8 168 30 37 16 122 153 105 88 167 28 65 137 10 50 59 81 33 88
25 136 148 112 198 22 40 104 61 10 139 62 192 191 42 16 100 120 77 31 110 128 187 73 66 101 65 49 84 165 67 20 58 97 14 30 118 123 4 93
183 26 190 167 133 52 120 34 129 149 151 143 164 98 174 158 121 170 7 17 180 102 2 24 161 141 85 5 57 144 60 79 104 73 79 39 185 151 187 46
70 190 64 38 2 32 181 48 9 133 14 20 57 155 146 83 75 18 178 66 162 121 55 87 112 155 95 133 123 118 30 160 194 22 170 142 173 84 36 113
171 46 200 186 42 37 176 88 37 106 168 147 104 63 69 164 92 128 127 175 34 9 103 60 27 179 118 123 187 181 150 108 130 65 53 179 34 7 156 141
71 188 87 181 62 76 36 154 150 137 106 163 105 63 1 80 129 157 69 81 107 80 135 2 37 60 199 128 67 4 93 46 120 52 23 77 29 126 124 130
123 76 169 43 163 98 9 187 116 113 140 125 177 199 124 33 11 193 61 179 154 151 177 9 165 178 21 61 38 83 12 116 47 189 180 30 2 16 5 186
40 168 3 163 43 81 67 71 4 150 156 94 35 167 179 195 195 182 150 191 191 20 128 8 133 97 185 103 193 185 93 78 146 66 158 186 146 114 37 117
129 108 93 183 40 197 152 167 167 80 5 59 2 48 3 9 24 200 75 193 54 1 125 152 73 94 184 24 2 90 135 164 85 14 157 172 73 64 168 135
74 51 78 13 165 194 73 170 161 185 82 56 26 66 157 124 18 193 108 42 164 194 108 199 80 181 28 112 23 94 37 198 42 135 144 74 111 163 172 107
189 125 124 153 141 139 112 105 172 66 88 52 155 76 71 105 181 161 151 158 26 55 39 143 190 98 143 123 200 60 108 35 120 41 73 149 118 83 22 142
63 178 47 45 130 1 30 36 41 152 111 61 113 85 134 39 190 191 80 73 150 95 75 73 141 20 7 132 78 151 146 104 157 113 170 64 98 29 37 123
178 127 188 52 186 139 184 98 72 181 49 77 51 178 96 84 26 42 16 114 83 45 93 153 176 24 63 120 1 129 3 118 128 26 35 162 93 99 50 113
200 61 176 32 88 91 14 49 8 110 112 67 168 85 122 103 71 82 197 186 6 170 192 89 60 50 143 77 156 144 125 82 182 40 19 4 146 113 106 154
25 18 89 11 66 179 82 171 131 92 107 78 87 68 112 16 73 94 169 60 149 179 15 175 28 91 50 140 80 65 96 116 191 18 30 122 191 91 82 165
