80 	
3	53
1	48	4	798	7	
0	2	4	940	1	
1	94	3	3447	2	
1	61	3	3590	1	
1	81	5	424	9	
1	33	8	2214	4	
0	73	4	695	3	
0	22	6	1063	5	
1	66	3	3588	5	
0	15	4	1389	6	
1	97	6	5799	4	
0	85	9	3869	7	
1	12	1	3805	9	
0	16	6	1452	7	
0	39	5	4444	5	
0	63	9	5896	6	
1	62	1	4891	3	
0	19	9	3901	8	
0	50	1	5913	4	
0	44	4	5469	4	
1	79	7	3433	3	
1	14	5	4852	8	
1	73	9	845	2	
1	93	7	3145	8	
0	15	9	6172	3	
0	20	1	1302	9	
1	81	3	3046	5	
0	83	5	5204	6	
1	43	8	1210	9	
1	36	8	2730	8	
0	80	6	1530	9	
1	17	9	236	4	
1	35	6	4972	8	
1	30	8	5949	4	
1	56	4	4047	8	
0	28	1	3181	4	
0	73	1	4024	5	
1	53	9	2368	8	
0	1	4	5608	2	
1	30	4	5739	6	
0	84	9	3390	7	
0	78	3	1212	4	
0	11	8	3767	5	
1	72	6	4906	9	
1	63	1	2363	8	
1	52	7	5913	7	
0	81	7	657	7	
0	89	8	3105	6	
0	97	3	2554	6	
1	77	2	3347	6	
0	81	6	2748	8	
0	11	9	519	6	
1	43	7	2191	3	
0	2	1	4653	8	
1	50	1	138	8	
0	3	9	4401	7	
1	77	9	2049	9	
1	16	4	691	5	
1	5	6	4882	2	
0	10	9	4620	2	
0	67	2	6161	4	
0	73	5	5203	6	
0	65	8	3224	5	
1	76	9	5942	1	
1	84	7	5591	3	
1	95	2	3234	3	
1	24	3	2761	4	
1	12	3	4683	9	
1	4	3	427	5	
0	96	2	5896	3	
1	54	7	948	7	
1	79	1	6234	5	
1	16	4	2352	5	
0	97	1	1449	5	
0	72	2	989	5	
0	74	3	6051	6	
1	99	9	6135	3	
0	41	7	3133	5	
1	54	6	5234	6	
1	62	4	1059	7	
75 187 106 194 186 39 32 164 43 140 200 152 152 22 176 51 196 102 116 133 83 36 189 33 19 94 65 111 103 157 40 150 148 179 42 50 165 21 80 90 11 169 188 159 94 87 60 141 79 196 101 187 78 29 124 164 4 108 118 143 166 33 92 54 197 157 44 96 167 94 53 69 138 36 106 12 59 193 9 74
178 110 142 110 13 183 162 197 72 171 163 15 191 49 119 55 194 137 196 12 17 154 30 135 97 121 95 11 188 134 13 179 55 114 189 12 81 13 7 73 158 45 80 92 140 148 84 120 27 130 43 50 147 113 197 85 33 163 68 177 198 21 56 125 159 174 164 104 28 93 171 148 6 55 166 178 58 33 22 140
184 172 77 125 71 119 50 183 5 21 163 167 114 65 26 55 86 139 93 185 136 7 153 82 184 185 182 125 71 41 156 187 84 35 93 107 130 74 138 139 46 100 150 75 136 40 102 25 173 43 100 1 14 189 127 135 171 85 129 183 82 1 40 1 120 90 69 55 145 35 106 34 149 60 163 80 109 58 196 88
50 42 187 45 50 108 25 13 183 113 127 115 57 120 7 64 97 147 167 74 95 4 131 133 20 175 164 150 94 53 35 28 12 160 88 177 10 193 77 42 34 61 19 18 45 129 171 161 71 87 179 195 9 126 158 99 104 88 108 179 186 128 95 119 120 17 110 27 89 81 79 150 110 116 68 24 196 11 79 156
28 117 169 36 6 193 118 192 180 145 93 39 191 99 123 128 183 124 168 87 44 34 124 104 157 64 22 168 172 174 199 60 120 124 156 96 117 66 138 130 29 185 190 73 42 23 152 165 55 121 200 32 154 56 175 178 22 152 14 49 176 72 184 166 174 4 7 142 99 2 145 189 162 143 117 43 194 195 191 57
76 194 63 179 92 112 159 123 152 157 98 76 179 115 171 70 131 154 117 22 199 74 154 34 74 196 21 133 93 22 68 84 155 77 95 48 39 47 121 24 155 37 81 137 154 32 145 149 42 149 57 154 162 90 53 171 10 50 6 109 134 176 196 3 126 95 141 119 117 199 23 159 87 37 87 140 38 106 100 78
191 159 98 178 20 117 138 164 128 172 113 58 193 68 96 15 122 184 33 142 164 150 133 166 107 165 29 180 102 120 106 68 179 115 74 116 156 68 85 186 179 110 147 106 167 99 103 140 5 8 185 175 128 170 168 103 64 44 89 158 96 47 139 21 40 38 83 107 168 48 157 153 25 96 81 172 49 50 125 116
157 57 54 96 42 112 157 26 66 120 187 38 157 177 81 41 131 123 139 165 135 185 105 64 192 125 129 197 199 129 90 100 8 106 148 137 58 119 165 30 12 14 58 77 115 36 47 61 113 57 139 174 97 74 160 155 55 140 85 121 135 190 14 11 118 187 21 94 18 57 76 115 146 29 144 26 80 157 106 80
103 136 60 198 158 86 69 177 158 188 10 176 135 186 112 11 129 38 5 159 115 74 150 185 180 2 55 152 162 50 2 18 105 167 8 121 86 63 86 22 6 105 15 48 62 83 116 87 124 16 68 56 51 136 84 44 142 174 24 177 19 59 21 8 143 185 78 102 79 47 46 191 176 182 37 116 12 107 136 120
46 161 96 123 183 139 90 120 127 172 30 59 44 46 43 104 196 132 185 84 123 32 34 142 125 98 48 7 124 24 72 42 105 127 59 69 181 183 114 72 22 169 167 178 22 148 118 121 77 164 133 95 7 122 195 38 44 27 149 15 193 121 92 168 39 35 48 188 161 31 199 185 199 154 2 61 143 38 95 120
52 97 46 113 168 57 28 113 95 131 98 124 41 194 78 163 184 182 86 193 14 123 142 146 42 145 143 25 116 127 84 5 180 197 7 71 40 127 52 191 31 54 70 61 138 103 150 124 198 38 146 4 109 60 29 88 82 132 87 19 80 4 143 10 116 139 49 146 140 129 47 181 63 46 11 6 80 153 163 148
5 79 49 162 59 21 87 175 169 117 147 56 73 12 16 108 11 24 55 133 196 195 197 168 163 121 119 115 124 33 133 113 54 195 75 105 82 20 57 95 38 150 128 70 182 4 64 73 13 124 159 51 88 114 30 72 6 129 189 147 26 102 107 49 147 87 133 11 154 161 107 36 161 169 193 66 122 94 15 162
191 34 85 114 109 116 144 11 24 189 17 107 73 21 194 187 184 184 97 95 1 42 109 36 57 9 117 90 197 117 72 17 144 89 8 40 138 190 157 11 4 124 97 152 159 187 170 165 177 181 21 146 42 137 147 200 180 125 148 146 77 108 105 27 135 174 163 46 46 17 13 64 150 89 175 86 197 68 8 84
191 20 195 150 181 133 151 35 6 115 38 89 122 118 93 116 25 23 174 153 162 129 60 121 59 69 101 84 75 183 97 130 92 187 192 187 84 96 42 47 80 115 166 72 33 23 184 45 5 26 75 45 40 43 177 137 104 77 74 58 15 196 177 189 65 160 131 145 35 173 29 195 127 171 20 99 7 50 100 145
121 187 134 162 60 112 38 34 140 140 128 145 151 87 38 177 122 153 54 19 186 179 138 142 127 70 142 78 121 51 90 67 199 121 118 29 139 168 154 112 108 52 76 196 199 195 72 130 104 46 28 175 103 118 13 162 38 190 167 12 137 36 172 9 126 63 104 49 146 171 118 77 70 199 81 192 137 134 122 198
7 139 151 32 148 18 43 79 23 146 18 95 49 153 115 119 199 59 153 195 49 140 44 106 193 45 7 46 103 5 157 23 166 112 105 87 14 130 136 61 133 86 179 98 56 113 196 1 18 129 33 168 165 27 134 144 112 87 143 120 13 141 91 149 95 188 140 126 61 182 113 58 112 107 76 63 140 167 6 107
36 95 54 32 13 128 177 63 51 104 45 16 157 169 88 199 120 191 53 112 200 170 187 35 172 71 163 174 22 127 141 23 91 199 148 66 98 22 136 106 156 80 40 161 137 187 140 73 33 122 187 44 8 143 71 158 178 132 25 106 53 183 84 9 6 152 106 38 182 9 99 190 141 11 79 45 51 176 69 134
88 49 161 63 37 182 200 116 156 38 182 176 139 60 77 200 132 53 165 82 163 197 29 29 188 54 50 95 82 100 77 31 107 135 94 39 105 9 123 18 131 150 142 83 108 128 148 154 194 145 168 88 24 188 93 13 7 149 60 125 117 150 80 149 163 65 167 177 21 153 105 85 176 59 78 10 32 148 157 44
10 78 14 199 30 144 36 70 5 59 144 96 141 131 176 155 99 4 73 119 38 11 106 95 119 105 62 77 154 110 153 94 76 73 182 200 190 34 171 194 13 164 66 154 122 115 98 79 114 11 156 67 84 48 122 163 65 159 123 63 34 38 106 12 174 43 180 7 154 27 70 154 184 8 6 17 6 164 177 76
173 37 118 41 195 173 99 102 14 160 5 102 90 29 148 174 36 62 148 167 181 147 8 3 98 177 10 79 20 120 68 122 105 36 102 75 55 185 134 12 26 158 157 196 186 156 128 49 113 148 167 159 162 133 133 52 138 17 81 54 153 108 18 141 126 146 187 44 90 175 33 147 79 175 1 114 58 51 7 182
27 25 87 86 37 141 9 11 60 35 120 68 80 28 81 107 155 134 5 62 115 137 97 96 48 85 192 118 23 155 16 13 105 95 8 50 93 81 39 51 90 77 102 48 79 162 67 54 30 90 133 112 81 64 182 148 48 18 148 36 159 175 152 184 153 71 82 113 79 71 126 63 88 144 174 58 104 99 42 74
148 70 167 77 40 7 38 61 66 34 41 55 136 181 84 105 163 118 24 147 137 153 33 107 120 177 1 1 134 113 166 107 92 55 39 27 78 54 145 17 157 73 142 185 111 128 54 153 149 165 174 167 31 190 26 180 149 169 107 31 120 59 59 43 158 81 20 84 135 168 48 127 30 161 33 16 4 73 61 175
176 153 170 168 93 52 62 87 45 167 96 200 87 123 137 55 101 113 22 61 141 58 137 75 96 192 109 191 11 110 58 186 66 86 88 20 156 56 111 115 188 189 94 118 104 73 17 86 199 81 63 189 164 191 52 112 162 138 154 198 173 195 182 71 53 161 69 70 138 71 107 9 167 172 79 131 35 167 17 172
24 146 44 128 118 35 2 104 117 47 32 114 165 70 140 130 144 101 149 14 76 10 41 52 76 191 129 177 61 172 27 40 107 188 70 120 67 100 1 57 114 190 116 117 155 105 165 21 50 179 160 87 79 14 95 169 64 148 146 56 10 64 165 15 149 18 90 82 44 185 48 192 6 62 73 39 167 197 196 103
194 114 99 145 13 166 115 163 43 95 178 168 197 131 86 30 13 158 32 113 180 139 1 5 93 1 43 110 120 77 44 50 65 112 39 92 165 179 101 77 156 82 182 2 77 106 162 149 128 42 175 110 50 57 113 103 164 3 23 17 131 119 192 186 58 123 150 200 94 105 41 146 47 31 26 15 15 58 150 32
176 83 97 81 151 180 56 183 97 93 127 162 171 63 120 194 139 183 42 131 99 93 21 51 145 82 115 145 72 88 98 157 128 47 195 156 170 111 29 100 177 140 4 132 137 169 185 47 136 128 150 4 40 187 151 100 95 88 123 148 177 124 188 52 50 199 110 196 56 42 65 157 165 91 59 189 15 65 179 68
14 46 10 136 51 142 125 16 16 48 117 74 91 24 91 26 198 66 55 133 3 141 150 192 66 117 14 18 103 151 116 185 75 69 130 155 110 162 50 21 92 107 105 186 47 77 97 176 41 158 32 161 99 11 108 119 51 61 98 31 74 149 51 54 66 189 81 147 70 36 118 80 47 16 90 174 95 84 187 73
21 110 101 184 196 170 126 57 162 196 40 174 155 7 68 147 113 190 138 50 80 110 117 11 161 88 97 108 76 124 99 26 129 119 112 114 28 135 121 150 73 177 53 165 3 136 68 9 86 17 124 19 118 73 146 41 100 189 91 145 80 131 161 65 110 100 156 190 161 95 160 140 136 116 4 13 74 26 88 42
113 79 81 1 1 184 195 111 151 61 190 19 189 198 49 149 14 31 49 3 52 179 177 38 172 122 115 189 4 66 94 53 142 112 31 138 122 192 3 44 7 155 107 114 198 98 45 21 178 12 82 109 132 83 183 195 54 1 15 145 65 27 199 177 115 57 163 169 75 162 90 120 176 60 129 190 192 105 11 3
3 63 195 8 20 61 190 10 171 42 126 7 99 107 134 184 44 100 1 164 57 53 2 75 65 123 183 31 164 149 187 49 71 4 3 182 100 162 19 119 28 85 17 120 6 33 166 9 65 114 147 173 138 195 148 190 17 42 141 152 108 14 70 92 104 188 105 192 149 50 155 108 110 51 134 111 7 162 170 67
127 44 130 150 4 55 118 148 9 66 64 73 64 123 63 125 172 31 126 62 43 38 29 103 187 1 78 80 84 66 194 178 102 195 4 13 55 191 73 144 176 197 4 49 171 74 21 112 54 159 53 95 4 156 56 73 15 83 38 7 138 180 152 23 143 89 135 19 30 47 196 160 51 185 67 150 56 198 200 103
129 53 31 115 57 194 69 95 71 55 191 190 192 10 91 149 184 170 21 166 136 63 126 137 38 66 69 190 80 113 70 65 6 124 58 3 54 48 22 112 56 183 175 93 94 50 41 90 29 141 38 198 133 93 74 49 125 11 169 138 39 28 198 184 143 182 55 13 55 106 39 196 158 72 171 35 23 83 170 195
57 175 48 88 40 199 106 78 165 151 80 144 41 96 21 67 27 156 155 58 192 70 79 182 40 169 30 82 46 142 107 20 193 156 76 46 65 81 11 172 116 191 185 112 180 64 46 113 79 169 40 25 160 55 191 87 21 70 184 24 42 128 22 1 126 9 70 73 161 132 155 177 132 139 118 16 147 193 70 14
117 155 109 144 175 10 139 43 176 76 116 30 196 40 39 84 165 104 65 34 21 26 7 154 188 137 139 191 58 150 134 124 22 124 3 189 173 152 10 98 174 158 151 29 177 141 65 72 156 57 98 114 127 101 36 89 182 149 4 78 147 65 65 63 90 187 51 124 120 132 13 67 161 24 126 112 5 145 37 149
181 48 12 187 139 118 153 164 100 97 116 142 152 135 191 115 125 75 21 107 118 42 94 180 132 108 106 137 49 128 33 138 160 105 175 139 104 19 17 138 178 124 1 24 57 83 37 23 73 145 54 25 147 26 9 85 101 200 89 193 37 140 193 133 200 85 68 9 142 65 115 72 103 35 102 40 105 68 13 57
179 113 142 184 131 171 57 5 159 152 117 147 156 73 140 51 59 48 145 178 66 19 12 27 188 6 98 118 82 7 64 85 167 10 44 31 196 161 83 31 199 49 20 190 184 141 164 65 156 6 53 50 197 169 111 164 54 28 86 81 129 163 53 13 10 188 136 17 105 138 15 110 113 49 109 30 103 145 30 104
107 20 98 166 61 28 179 104 176 188 169 94 104 64 171 117 157 66 52 185 168 14 101 185 26 173 9 149 127 180 66 129 59 20 90 73 149 49 9 147 44 94 170 157 113 94 10 190 34 42 28 163 138 24 78 62 196 112 72 54 48 149 77 120 171 26 131 153 117 194 15 149 12 140 90 74 100 28 102 123
38 19 36 110 18 82 47 121 158 178 63 173 184 142 195 78 90 198 43 93 43 48 105 191 135 7 100 15 49 89 198 38 116 90 112 83 71 13 150 112 114 8 38 199 163 58 171 196 7 162 161 107 131 13 128 65 182 166 23 47 191 74 131 85 56 123 193 79 194 95 117 19 70 2 31 114 68 158 171 186
185 157 63 93 54 50 59 171 26 51 142 122 134 11 72 31 31 162 6 16 30 82 12 30 163 191 16 188 54 185 132 119 181 86 5 49 196 51 185 61 195 65 2 168 54 37 73 97 128 195 92 79 177 15 123 76 13 134 147 62 180 144 97 175 92 77 17 96 126 100 198 45 77 141 5 29 200 132 102 155
196 29 48 177 46 28 33 121 51 50 133 32 55 157 150 15 194 42 145 112 27 120 135 89 117 13 129 98 102 33 91 187 14 156 133 97 38 57 187 119 82 176 44 134 58 135 163 128 86 96 170 12 183 188 44 178 85 35 99 110 121 8 39 156 155 142 144 193 83 41 35 13 24 135 78 106 175 132 129 131
192 156 124 130 97 89 168 53 97 113 14 9 149 12 27 121 109 2 68 70 10 187 78 122 143 44 24 88 6 39 171 173 11 88 23 31 34 138 1 78 8 135 23 1 6 142 27 31 172 40 52 52 2 84 130 196 152 180 189 166 159 190 148 108 79 104 38 83 196 119 196 8 194 56 158 172 30 134 48 164
106 157 99 101 47 11 190 16 43 70 128 195 68 149 3 82 75 132 28 136 163 154 86 101 118 180 87 61 59 85 21 20 18 79 62 28 56 15 42 49 7 176 45 41 39 42 95 198 51 123 196 174 17 130 54 136 92 181 78 66 27 106 194 68 68 26 61 123 65 52 41 128 74 159 83 174 18 200 84 118
17 134 135 177 55 19 7 91 133 117 125 199 176 121 155 67 186 136 23 36 132 51 191 139 61 9 97 99 151 72 6 3 135 31 129 52 24 28 14 43 25 101 164 7 121 122 130 22 166 193 130 3 14 192 157 54 174 173 81 40 200 146 147 5 53 155 109 93 185 139 18 29 159 144 103 82 91 106 23 197
74 91 144 38 29 95 194 187 9 135 142 103 106 96 115 109 110 116 109 35 170 54 162 178 78 131 159 91 58 140 22 133 174 107 85 142 164 133 166 148 157 148 70 191 146 111 83 100 42 188 83 6 84 21 49 67 176 43 134 154 144 144 175 15 173 108 35 14 34 58 64 6 103 132 163 15 192 28 1 134
47 144 168 157 52 15 118 189 140 35 117 112 196 74 68 101 51 3 58 182 138 65 77 112 96 86 8 82 121 166 56 132 172 107 125 112 121 70 23 124 35 155 25 70 126 176 134 157 103 188 120 30 140 2 115 168 132 147 65 144 125 143 44 133 156 62 82 75 100 8 72 82 179 106 134 10 69 20 49 36
167 166 34 163 69 14 108 155 20 69 145 130 53 178 122 122 119 59 136 122 107 153 50 83 186 32 165 60 44 124 183 31 98 106 108 74 5 200 29 132 150 138 157 108 181 185 3 194 45 13 113 186 121 154 22 186 36 161 47 131 113 157 2 40 33 43 177 39 104 75 147 26 117 192 176 22 189 62 89 121
182 146 119 137 112 106 123 15 112 119 22 57 26 100 141 120 5 190 168 29 135 13 172 71 55 65 17 186 32 137 125 4 124 41 98 50 186 49 49 21 133 43 132 117 98 41 191 164 140 155 72 84 141 111 177 178 180 111 28 162 46 119 166 40 50 86 132 22 185 10 199 13 119 27 8 95 156 120 194 23
25 110 87 53 43 141 45 35 27 51 46 130 63 161 117 187 20 156 125 113 140 22 41 122 21 155 188 53 34 117 96 148 121 122 137 142 168 21 81 71 141 141 57 37 92 52 129 97 9 58 108 69 35 75 81 63 78 19 74 76 158 192 52 2 54 46 17 106 137 63 158 145 146 56 111 14 131 130 59 92
172 197 23 161 142 42 159 186 16 78 163 47 192 83 182 82 95 181 64 143 141 150 100 112 192 186 68 26 27 180 134 69 54 92 118 88 165 132 151 100 75 98 80 72 104 21 95 91 61 91 167 157 14 158 84 16 190 176 37 118 103 54 66 134 111 180 128 54 120 17 132 111 190 86 166 20 183 184 63 59
49 2 163 153 150 40 78 69 16 195 166 39 146 70 134 38 102 5 30 191 117 9 78 191 80 18 25 156 111 171 176 158 32 124 100 118 13 110 28 133 143 84 183 13 184 59 194 13 4 143 131 187 28 147 197 92 163 39 92 57 160 6 174 101 62 59 54 102 160 146 199 71 136 177 114 177 38 176 56 127
200 105 197 118 59 187 117 20 68 88 86 96 100 71 65 9 181 94 29 28 167 30 117 156 172 147 124 184 18 79 18 26 65 18 191 17 76 58 151 122 124 133 9 26 137 186 88 35 123 91 60 186 193 184 184 75 97 155 20 14 79 192 159 14 65 18 120 26 49 178 152 189 112 71 3 70 161 56 147 154
57 139 9 67 88 164 75 172 66 38 188 77 185 71 53 92 36 98 136 155 195 15 11 147 32 18 147 122 47 110 164 180 168 129 25 11 183 132 97 126 192 47 73 164 192 194 150 35 71 8 42 134 181 22 194 170 198 171 200 141 99 8 94 105 131 10 32 9 182 31 76 168 44 151 53 13 190 198 136 184
94 140 158 75 130 41 108 139 151 136 175 169 17 55 47 176 78 86 120 109 183 130 38 59 53 196 195 73 170 69 128 58 97 135 24 180 155 4 30 26 199 62 137 137 141 192 126 20 150 55 151 159 131 31 116 174 150 124 42 18 61 121 52 17 159 86 36 35 38 134 138 101 51 198 10 66 93 167 63 148
153 59 156 83 41 197 127 78 15 133 118 186 197 26 83 53 197 138 116 54 83 10 23 199 190 119 156 120 24 92 39 123 6 45 147 27 193 8 145 74 189 146 193 186 112 4 85 84 69 118 109 169 86 36 146 114 85 17 169 125 119 27 105 85 162 169 16 126 182 178 156 197 85 73 41 145 80 66 173 163
55 174 162 7 112 96 19 112 111 114 88 155 192 160 184 140 6 42 19 43 77 84 119 73 180 160 192 24 45 132 142 89 32 144 53 111 30 19 163 120 22 76 141 14 58 188 166 64 16 175 90 11 182 22 18 91 156 15 178 156 191 102 32 64 37 192 74 34 10 69 121 113 133 40 44 122 196 191 73 56
158 81 11 123 146 35 178 174 179 67 126 12 52 176 81 26 46 95 83 171 153 81 25 33 185 139 52 182 104 39 176 165 113 98 89 142 186 33 64 46 161 170 90 5 35 187 35 162 73 7 171 70 174 122 117 57 24 104 133 24 44 36 92 97 82 185 40 44 173 172 35 129 55 45 120 65 13 122 1 44
125 121 149 127 129 11 52 76 60 25 128 132 196 136 141 134 125 137 179 160 113 150 184 35 17 156 119 35 10 164 82 115 168 155 177 2 94 117 183 189 54 51 191 67 139 20 127 42 18 125 39 12 101 11 45 92 10 121 165 84 73 187 135 175 27 148 191 2 30 122 194 167 6 17 100 79 190 182 103 114
154 41 156 121 189 135 200 33 87 157 142 25 143 58 50 130 93 5 168 50 156 186 112 56 21 33 16 55 64 86 78 10 4 61 32 145 7 69 82 36 77 146 153 183 157 20 133 116 24 20 127 35 19 6 28 167 3 153 43 149 91 139 108 47 88 173 35 108 189 85 184 17 176 128 25 138 85 19 77 60
161 19 97 51 8 109 77 195 65 162 87 39 45 66 156 56 187 92 170 19 19 4 193 143 3 29 171 121 168 24 162 11 113 70 77 32 194 174 12 31 21 12 82 39 175 9 184 96 190 77 123 176 65 194 103 38 133 19 144 175 50 154 100 88 68 163 4 66 150 141 59 47 198 175 6 60 59 96 120 65
93 59 78 95 19 172 178 191 197 137 81 67 110 94 56 15 108 125 172 95 76 21 160 86 24 146 111 90 122 95 54 77 159 29 181 110 7 11 191 31 146 86 33 45 138 97 195 111 139 187 77 47 114 59 101 51 84 48 72 25 54 66 196 133 70 128 63 135 60 191 4 170 52 136 178 29 162 42 118 25
183 146 51 25 174 62 129 96 20 151 26 30 52 66 198 131 191 175 85 20 136 76 84 72 162 94 4 130 191 87 77 113 122 56 36 40 190 160 165 152 106 134 140 76 72 79 164 158 124 62 36 46 169 177 151 58 169 168 146 29 116 56 146 76 142 32 96 59 86 93 143 23 102 4 67 138 112 93 177 113
148 73 146 88 155 19 122 80 191 163 72 51 20 145 176 100 46 13 26 132 116 58 92 53 199 69 167 105 53 113 23 9 31 147 146 8 95 171 61 82 44 158 20 89 153 87 48 174 154 166 183 84 109 178 129 32 103 143 172 153 179 83 64 172 15 198 26 179 101 74 42 28 113 97 94 155 16 13 180 3
91 82 41 165 32 97 43 18 85 147 153 179 124 131 181 170 11 10 194 44 112 116 188 56 87 74 153 184 122 78 8 177 25 36 21 194 80 191 111 154 133 9 86 137 19 138 36 86 160 75 134 61 46 93 78 139 68 148 196 169 156 123 162 140 170 196 66 8 31 142 164 186 131 41 36 16 128 76 80 186
73 122 15 6 134 4 43 175 116 96 143 124 30 185 152 47 190 160 147 88 40 44 3 22 113 128 59 110 87 84 174 63 165 48 177 64 118 59 30 22 170 49 10 145 177 198 62 166 108 13 101 21 183 54 146 19 75 137 150 140 108 150 164 136 189 167 91 64 173 78 126 105 77 13 180 46 50 81 169 152
7 26 39 165 179 56 75 48 99 181 143 2 83 94 165 101 142 23 6 80 197 18 193 93 145 6 79 51 39 15 182 135 188 98 14 76 187 185 135 164 137 150 152 40 46 1 156 154 101 4 132 98 180 21 142 173 178 190 179 63 90 38 157 73 144 73 182 118 30 50 3 51 178 52 76 28 136 150 197 44
1 106 67 119 35 70 189 76 110 143 130 176 72 107 91 170 177 152 122 79 50 21 20 89 60 138 62 64 175 69 50 181 1 3 124 75 108 138 33 42 153 152 20 52 60 194 27 195 75 159 137 25 182 177 96 178 158 129 148 111 78 76 173 133 110 38 61 184 40 143 35 189 129 191 196 151 122 157 84 104
122 35 163 19 155 156 11 127 50 72 181 28 19 152 167 171 154 69 124 65 110 131 108 15 188 105 35 46 48 36 68 126 169 181 91 180 57 170 196 200 15 51 137 68 73 56 22 39 125 81 26 55 73 180 106 133 32 195 105 187 41 2 134 95 161 129 71 35 166 171 24 122 44 176 182 193 151 167 112 75
86 28 171 146 126 82 63 94 108 132 135 159 21 7 83 15 75 118 17 22 191 57 117 133 46 184 75 199 18 37 175 185 104 39 111 107 59 30 30 85 157 90 130 129 77 52 144 135 118 104 131 16 99 28 106 21 177 184 180 114 142 81 165 146 33 91 154 14 91 36 72 200 180 161 85 13 32 121 153 198
121 122 175 117 18 2 163 98 121 111 159 39 37 3 131 17 72 103 129 193 106 87 133 154 118 96 101 87 93 12 160 26 198 64 159 182 129 163 77 180 7 111 154 135 8 26 42 171 105 120 63 192 62 57 4 183 93 153 169 136 60 41 178 59 8 1 177 171 108 38 191 82 199 2 154 32 96 59 48 41
84 152 69 24 198 93 26 194 17 86 5 199 129 134 143 20 186 125 98 121 48 82 30 36 181 78 134 140 20 15 44 57 169 196 121 191 3 70 73 64 106 150 78 146 99 23 151 7 78 200 136 128 60 153 148 131 89 43 88 1 64 70 195 146 168 106 63 180 134 90 126 5 144 104 160 80 84 189 149 26
165 116 32 100 72 137 51 40 100 68 13 193 87 132 79 175 177 38 177 80 97 152 74 105 167 16 62 7 91 59 15 120 183 43 93 186 45 72 61 96 112 119 151 93 137 81 31 196 48 192 95 34 165 195 59 184 1 24 77 1 25 89 133 135 22 188 63 18 45 106 72 170 48 155 141 127 127 22 140 96
10 165 131 187 127 180 37 52 165 10 13 172 161 68 157 122 157 174 198 171 68 97 21 24 67 83 103 27 47 64 164 125 119 62 177 93 158 133 90 53 36 21 93 2 1 145 187 106 74 108 43 57 137 21 28 20 180 196 69 90 7 74 5 118 36 23 2 44 120 135 195 132 68 39 58 87 62 121 140 110
47 112 54 27 176 109 128 185 51 150 72 195 83 51 118 22 20 84 165 182 127 94 41 81 28 168 32 57 52 5 15 108 24 9 153 164 17 27 194 131 149 194 16 49 53 192 200 153 88 62 134 114 169 182 196 24 121 173 134 37 92 130 179 100 190 185 88 60 119 61 110 83 192 27 33 57 10 127 51 192
37 187 82 198 54 71 100 139 155 96 90 56 10 92 62 47 186 133 16 92 167 168 15 152 136 181 178 114 174 192 45 141 151 6 145 150 60 182 50 191 71 87 29 47 118 66 35 130 189 34 88 89 200 62 94 160 101 157 146 197 22 60 153 125 11 124 200 106 125 141 39 128 140 21 19 139 62 50 194 113
137 166 51 53 166 29 106 157 125 97 56 161 170 116 149 88 115 137 181 69 99 132 68 93 148 27 8 100 54 1 137 142 193 171 9 167 175 48 70 136 116 109 23 169 166 19 16 64 46 56 143 152 102 50 114 166 193 87 134 16 191 150 151 150 4 165 195 113 198 37 113 17 16 174 101 198 71 173 108 98
170 167 9 99 29 18 144 184 44 149 83 130 21 113 101 121 127 113 120 45 70 137 88 26 170 65 28 31 22 41 172 77 159 84 131 113 3 44 104 100 85 147 42 66 186 21 192 20 46 95 12 32 15 101 2 28 134 6 33 129 28 138 134 97 167 20 187 78 96 123 52 180 122 3 66 53 79 73 158 144
45 107 182 49 29 28 186 164 151 27 132 108 76 41 145 145 135 139 28 117 166 184 6 109 106 118 51 22 44 24 135 22 55 148 113 124 115 106 33 27 12 40 146 116 159 176 132 80 179 25 147 88 21 182 5 24 1 155 7 138 155 117 68 137 193 82 200 56 68 52 40 129 45 68 93 14 200 62 20 74
71 94 1 113 191 96 146 25 11 17 128 96 128 68 1 130 189 146 34 37 185 148 60 150 74 69 139 158 65 69 156 119 176 128 11 28 64 28 18 76 6 50 148 185 128 173 132 66 87 167 88 195 163 138 196 192 37 146 67 1 7 154 16 129 52 109 27 134 121 182 56 26 5 35 64 131 56 58 142 178
69 182 192 176 136 10 190 58 117 91 179 33 132 62 89 109 164 140 120 82 108 5 192 79 87 51 84 102 199 70 156 49 53 39 19 73 69 167 70 76 172 56 51 180 104 164 135 149 158 130 7 34 46 45 4 133 48 54 4 24 85 92 164 176 107 46 80 72 101 15 109 18 6 141 58 170 38 144 120 112
169 196 139 4 106 146 79 63 27 19 128 195 142 127 133 99 186 42 112 111 61 100 45 99 178 108 134 46 13 97 18 82 86 32 93 171 122 101 143 51 106 44 182 65 177 190 187 176 83 129 40 39 108 165 198 96 196 152 40 130 101 5 190 174 199 157 26 189 175 77 155 184 104 142 200 103 101 200 13 149
99 108 13 134 108 147 173 64 139 171 131 190 95 155 179 90 16 2 134 115 53 99 12 118 163 121 74 38 186 88 154 195 76 190 24 110 117 111 69 90 119 9 28 94 147 183 101 48 57 7 96 55 26 174 115 184 62 130 157 40 109 139 138 77 31 18 94 40 71 46 115 12 198 93 156 168 107 83 85 95
