10 	
7	13
1	7	8	11	6	
0	7	2	15	9	
1	3	4	23	8	
1	4	6	6	3	
1	4	8	27	3	
0	7	7	12	4	
1	2	5	22	6	
0	7	3	2	8	
0	9	7	1	3	
0	7	7	24	8	
1 160 68 36 2 142 64 142 120 20
8 140 152 36 3 188 195 150 157 200
76 12 9 156 19 60 192 64 169 34
157 66 121 111 39 153 49 112 18 69
147 184 147 111 156 25 146 142 143 41
94 179 56 35 122 109 32 77 111 97
200 63 121 111 160 114 164 47 159 88
183 55 70 54 80 115 87 147 113 188
103 150 125 181 53 113 51 147 27 26
28 169 162 189 148 22 16 152 79 188
175 117 85 15 157 177 128 180 36 101
