70 	
2	51
1	74	8	2400	8	
0	28	5	713	7	
1	88	8	1125	6	
0	90	7	627	1	
1	37	6	130	4	
0	81	7	635	4	
0	40	5	4016	6	
1	10	6	5071	8	
1	33	1	4613	4	
0	19	6	3318	3	
0	7	3	3897	1	
1	22	3	3666	7	
1	34	4	4571	9	
1	94	4	735	1	
1	57	4	3365	3	
1	58	3	3922	9	
0	69	3	5194	7	
0	99	1	53	6	
0	64	8	1628	2	
1	41	9	1336	2	
0	30	6	1205	2	
1	58	4	1781	9	
0	76	6	1895	5	
0	82	9	370	5	
1	25	5	1593	7	
0	32	3	2054	6	
1	18	7	4446	6	
1	48	6	2070	1	
1	16	1	4390	6	
1	29	6	360	7	
1	37	4	1606	1	
0	29	1	4702	7	
1	65	3	324	9	
1	99	7	4753	5	
0	3	3	586	9	
0	99	2	898	2	
1	48	3	2572	7	
1	48	2	3765	5	
0	67	3	4362	6	
0	62	6	202	4	
1	37	3	1019	7	
0	14	9	4918	5	
1	1	7	703	6	
1	90	3	2766	4	
0	14	5	3001	4	
1	64	4	1200	1	
1	3	6	5058	6	
1	18	1	4881	7	
1	29	3	2766	1	
1	60	9	1250	3	
0	7	9	3654	8	
0	69	9	3701	7	
0	66	2	4549	1	
0	7	6	87	3	
1	89	1	2374	9	
1	79	7	2114	5	
0	5	9	5011	1	
0	87	3	2159	8	
1	74	7	2008	1	
0	95	5	3770	1	
0	64	5	1296	6	
1	78	2	1684	5	
1	76	8	680	7	
1	12	2	3007	7	
0	28	1	4974	5	
0	23	3	1241	8	
0	52	7	129	1	
1	35	7	1112	5	
0	90	7	2967	3	
0	99	3	4360	8	
126 40 122 91 194 60 174 134 127 64 54 37 125 81 77 86 76 54 144 28 104 5 94 44 47 108 198 199 93 127 175 93 137 168 137 108 60 132 63 40 115 42 159 43 172 58 65 60 48 72 80 98 88 180 10 88 42 105 75 200 150 172 15 94 92 32 103 167 119 109
126 106 162 51 97 192 75 8 116 180 71 179 124 157 76 118 109 72 50 36 46 177 174 64 82 102 75 29 80 6 169 129 120 163 149 155 80 149 80 40 28 184 140 57 120 31 86 97 35 25 103 166 113 27 148 115 199 96 161 90 38 96 139 11 77 143 139 146 89 53
127 20 16 136 175 179 76 99 16 138 26 20 191 111 44 85 160 170 197 172 6 56 181 195 167 2 176 172 172 111 27 56 81 96 173 12 157 87 47 171 95 143 10 179 115 131 93 81 27 60 13 17 43 177 112 191 84 29 65 56 48 93 193 40 44 148 34 97 77 80
95 100 132 7 59 85 65 165 131 198 166 7 145 189 56 62 78 141 160 54 3 162 146 7 173 38 39 12 95 81 87 164 165 11 97 113 40 37 84 83 131 46 179 161 18 179 59 180 2 98 20 13 64 169 91 59 188 169 91 1 3 64 81 27 135 28 20 12 173 107
153 49 175 26 88 17 138 40 72 1 110 190 98 57 193 186 29 167 77 26 58 137 196 10 132 181 165 183 60 63 116 80 1 54 79 19 131 84 34 51 66 93 109 168 103 129 18 49 52 177 17 65 105 41 168 119 39 81 66 179 95 182 167 46 88 191 113 52 193 65
87 108 76 27 188 193 95 187 99 103 72 74 39 82 18 192 157 42 40 182 51 48 1 102 155 99 138 132 21 150 151 135 192 2 189 12 165 10 99 51 78 114 197 135 71 1 126 71 200 23 123 51 98 172 118 28 8 166 83 191 164 193 2 39 199 29 15 109 80 87
42 28 199 38 5 94 166 60 90 94 170 134 66 123 173 194 197 58 167 200 72 178 10 131 162 160 63 89 187 162 151 24 44 40 141 163 150 135 174 143 24 38 19 76 194 189 166 139 81 166 6 19 77 30 99 52 8 50 87 93 128 98 127 181 142 168 31 131 182 170
51 175 149 127 18 100 197 94 199 126 85 189 67 9 151 54 151 67 193 67 105 190 150 45 198 103 96 157 36 138 55 71 124 162 91 197 17 89 119 55 139 1 105 193 44 183 66 16 52 175 77 17 184 109 119 178 61 37 161 17 44 195 4 104 74 30 147 90 14 182
187 114 128 170 164 82 129 100 101 113 199 98 5 24 74 23 52 66 174 187 164 185 81 36 73 152 83 157 100 176 4 28 15 85 42 79 128 137 48 132 164 102 191 7 167 60 15 168 27 63 125 154 109 96 91 164 12 30 114 98 6 175 53 124 138 124 133 89 59 125
7 4 198 184 110 132 121 108 81 87 77 191 177 170 160 83 145 94 169 20 75 3 83 177 60 189 25 180 53 43 114 36 63 122 102 187 105 163 107 60 123 192 109 189 157 127 132 98 167 156 4 80 60 190 135 168 8 180 143 28 66 138 9 23 114 86 56 36 195 29
182 8 49 125 15 93 164 67 52 20 32 108 81 16 96 187 15 166 185 198 112 182 1 160 94 157 22 194 148 22 33 142 93 11 30 32 162 38 193 64 75 8 1 174 113 196 128 86 83 73 101 103 10 142 190 173 195 61 104 133 29 14 190 151 185 80 174 95 94 90
149 99 119 75 157 40 62 96 166 58 137 81 190 103 98 80 113 195 117 50 184 166 42 76 8 49 22 28 97 54 117 141 80 3 170 15 119 154 128 88 126 47 32 43 88 21 138 171 112 40 188 106 126 121 134 43 109 51 114 124 62 107 16 31 28 166 116 132 45 113
163 24 164 122 111 159 108 123 60 83 144 41 98 132 12 118 38 154 73 186 98 172 110 98 194 95 22 177 77 22 64 99 32 60 105 5 78 130 27 64 167 28 44 104 133 158 79 164 185 36 179 140 106 98 47 9 171 154 169 31 70 154 170 145 171 130 169 6 176 9
67 9 154 6 121 195 111 82 106 197 168 73 168 16 21 109 156 197 163 107 122 108 76 52 41 169 193 38 172 28 38 178 152 111 107 145 110 9 49 185 136 130 179 133 186 67 122 140 194 198 176 2 113 107 20 74 198 43 96 57 45 113 45 32 87 32 51 54 85 27
84 148 187 137 11 164 7 34 123 190 91 119 99 177 102 13 87 93 136 146 100 60 155 161 131 1 104 44 60 126 27 51 95 182 57 152 167 126 90 145 88 150 122 143 120 124 103 151 3 64 60 193 61 142 45 165 81 19 113 105 138 86 197 11 126 60 182 80 30 156
62 58 24 134 11 102 197 112 184 136 197 40 159 16 30 180 6 113 190 60 124 74 25 54 81 74 133 181 160 97 121 77 12 32 54 9 150 186 18 2 183 21 98 118 185 63 62 195 73 70 28 6 171 29 168 135 33 24 176 68 130 21 108 77 97 175 122 200 45 109
162 112 3 181 186 144 172 100 36 4 59 98 174 45 164 157 117 153 179 188 60 2 138 142 197 148 54 4 152 148 76 41 70 173 34 88 85 90 144 114 7 139 115 199 150 162 131 180 159 35 103 183 193 67 152 122 107 161 137 18 64 195 32 169 153 16 66 15 94 8
3 102 194 150 14 117 141 112 163 1 45 144 186 37 100 80 61 197 162 160 82 111 58 38 5 197 11 3 32 94 134 67 153 57 60 119 86 45 160 185 163 109 23 25 199 13 80 30 176 117 88 79 54 80 11 8 102 8 71 125 87 174 29 166 155 85 125 184 125 25
105 186 131 95 61 107 92 141 24 182 40 136 29 61 114 176 75 78 110 15 27 186 66 97 86 15 134 131 126 49 7 142 104 36 154 59 120 85 66 153 137 73 28 6 44 86 84 96 75 44 28 19 166 186 15 120 162 159 27 115 151 110 134 116 145 26 83 70 130 164
150 189 89 195 161 76 182 187 66 40 135 7 153 145 28 71 171 39 6 162 107 95 172 109 185 63 80 145 60 144 92 103 116 105 167 126 100 186 145 147 166 34 136 108 12 56 168 113 134 24 137 154 157 46 144 183 167 75 90 192 30 73 173 26 100 168 117 199 19 159
162 73 41 24 37 16 56 89 115 174 110 168 188 30 105 149 75 66 6 157 197 160 195 14 63 14 151 68 11 97 109 133 196 129 49 162 82 101 32 141 15 70 107 115 68 63 168 132 142 178 31 82 45 93 145 81 140 81 117 170 163 163 159 195 29 167 146 127 159 61
35 80 50 31 169 143 39 198 25 11 91 64 82 122 183 103 22 200 7 146 105 71 62 151 32 193 147 152 89 97 12 150 8 25 30 120 131 133 22 170 38 25 162 139 40 145 84 118 62 73 196 119 65 37 189 191 94 147 149 163 135 46 197 168 132 190 17 120 73 41
198 149 129 75 149 50 41 191 105 77 13 130 16 143 63 41 143 190 30 152 89 92 186 49 48 157 154 89 159 119 26 18 188 170 63 193 185 39 11 116 115 120 87 19 68 31 19 117 174 109 48 38 3 114 104 134 107 71 170 193 127 114 8 163 66 61 80 125 84 180
17 194 113 6 67 91 198 17 87 196 54 121 62 141 101 158 43 86 33 151 189 70 4 18 176 193 113 106 185 119 133 81 10 97 10 129 160 97 113 123 114 154 24 178 67 167 144 150 1 49 102 165 158 56 12 138 4 193 145 113 191 33 95 137 71 42 192 37 34 179
153 77 175 164 59 64 60 55 61 99 55 173 168 98 55 29 129 8 90 14 62 120 68 13 140 172 8 68 166 167 96 180 58 173 41 154 161 198 171 73 165 1 68 126 124 134 29 78 151 104 121 117 167 94 90 191 150 143 51 164 113 143 17 25 64 148 194 100 192 75
53 71 72 33 20 66 179 117 129 186 92 120 171 7 37 190 190 123 10 40 2 142 94 6 54 193 3 114 107 16 154 199 191 10 93 57 124 70 58 70 125 92 73 139 96 166 14 13 189 106 84 117 160 61 171 39 64 120 68 60 87 86 16 184 101 119 36 87 56 29
126 144 7 55 173 163 5 58 113 95 180 93 19 12 31 43 67 169 15 163 159 106 170 83 170 142 51 136 161 169 162 133 17 93 149 80 195 195 10 131 99 96 43 180 182 154 88 196 55 138 93 77 146 117 93 7 121 33 138 144 36 41 135 158 187 20 118 67 196 183
11 95 72 178 140 171 164 66 25 2 74 85 25 59 93 183 146 198 182 161 123 121 188 96 126 156 69 159 79 64 40 57 109 13 198 50 200 76 160 127 181 16 167 4 132 37 68 53 174 3 184 146 64 30 65 63 93 17 167 3 104 177 154 75 200 172 80 87 153 19
190 34 114 15 35 13 129 160 111 189 72 41 188 174 113 100 2 28 11 1 119 26 97 181 86 12 139 199 69 108 144 198 163 50 141 47 84 133 72 11 117 165 137 21 31 194 176 187 158 29 106 184 59 158 110 115 18 177 86 195 139 156 116 97 125 159 61 148 146 76
54 172 10 131 57 151 179 16 187 112 53 200 62 117 136 129 33 151 52 76 191 6 159 198 140 179 197 111 116 85 158 31 95 199 192 159 99 161 164 194 167 45 14 9 12 29 11 182 176 150 21 65 170 183 83 3 84 188 190 149 147 154 197 89 190 100 107 161 60 33
118 117 1 18 99 95 50 75 39 37 138 198 197 24 123 185 86 151 94 139 98 171 163 146 120 137 187 138 52 48 22 198 9 181 89 98 135 180 195 68 185 56 73 190 168 16 170 63 195 122 78 175 190 119 96 68 6 161 32 58 36 69 150 129 96 151 127 94 132 71
13 38 78 3 153 171 190 145 172 109 10 137 141 162 3 29 64 102 169 83 71 53 188 73 68 114 185 184 30 200 153 196 90 193 24 141 41 54 30 118 39 195 137 59 73 83 91 120 5 36 164 105 113 15 136 48 34 142 147 138 168 190 89 50 150 188 95 164 2 16
127 170 185 104 36 101 67 157 85 187 159 42 197 157 72 53 167 153 24 181 19 194 99 26 184 79 157 52 4 87 54 111 13 158 9 95 12 24 27 142 150 4 186 19 50 183 135 154 12 40 153 131 21 87 5 87 160 25 37 177 35 120 114 171 141 131 71 68 100 164
130 60 34 125 29 144 167 46 181 26 26 114 150 9 20 185 128 99 192 145 85 150 167 40 120 69 68 74 59 6 87 107 153 105 161 136 184 107 131 180 37 139 81 56 60 126 135 161 62 122 45 30 27 107 186 60 97 95 73 136 149 114 181 32 110 23 128 168 165 126
85 12 133 99 93 120 115 55 185 159 20 110 160 175 143 197 78 132 97 181 95 15 92 71 115 27 114 42 52 59 75 170 122 131 78 39 194 74 67 61 141 188 41 193 63 74 21 25 184 169 160 110 34 14 196 53 40 100 13 84 139 11 91 95 100 4 58 191 73 85
98 138 65 48 76 74 160 98 88 71 187 57 133 124 132 198 40 163 27 54 58 73 163 29 114 39 151 172 14 106 149 40 118 200 42 85 132 144 100 28 196 61 113 126 108 93 121 110 196 132 167 162 162 185 72 36 125 137 35 71 58 85 83 6 115 148 55 97 189 160
32 13 55 19 44 113 51 39 132 165 106 186 64 126 153 141 41 25 113 112 188 111 200 91 173 184 135 106 18 193 125 35 1 193 152 130 150 144 31 58 33 187 121 10 104 29 5 146 29 191 168 89 12 141 4 130 64 166 181 34 142 189 12 16 159 139 126 114 68 30
182 47 112 42 65 152 74 161 34 173 178 56 96 74 146 60 9 163 81 96 109 193 199 34 66 118 17 187 181 72 106 161 62 74 78 124 178 98 27 194 74 123 110 159 182 77 33 149 2 124 72 23 98 79 1 132 186 29 193 2 67 57 174 153 56 147 173 112 71 31
129 102 23 131 22 103 153 141 140 180 107 68 51 196 164 156 91 8 25 5 42 155 115 85 91 54 72 23 7 178 109 46 6 114 136 123 189 98 74 16 143 83 102 115 137 137 162 119 90 126 148 13 64 124 18 22 96 32 41 157 134 198 53 65 184 67 187 114 9 155
23 25 76 10 176 73 191 185 89 146 51 196 134 176 171 50 166 55 82 99 9 84 31 14 123 170 6 68 79 166 31 22 34 170 92 186 188 42 161 103 129 89 94 27 55 159 89 58 106 197 187 124 38 31 75 82 51 50 73 106 173 76 45 99 11 54 191 191 104 93
143 188 38 167 23 106 154 194 182 46 94 51 20 76 42 146 116 1 126 56 28 185 88 102 155 147 80 112 117 97 155 152 89 119 71 145 176 159 36 188 38 28 122 61 44 149 94 171 38 113 33 101 28 8 66 31 125 73 93 102 13 151 98 165 110 117 3 3 30 196
45 178 200 68 158 76 123 197 180 58 112 81 53 3 33 136 48 172 81 117 170 132 182 34 76 149 57 77 74 112 74 112 6 185 32 132 109 110 85 88 183 96 27 106 84 54 170 5 108 79 128 84 143 96 162 15 169 25 145 84 139 37 57 60 174 88 138 58 16 52
37 128 153 14 142 150 112 176 179 73 37 3 75 189 58 113 179 109 134 102 187 14 200 89 93 177 86 157 89 67 13 163 175 148 42 94 94 113 122 21 44 132 80 20 194 71 97 104 55 78 18 83 152 59 191 125 4 29 159 79 141 99 25 40 42 64 196 163 30 41
97 184 129 74 50 98 66 34 184 152 154 103 22 27 77 99 68 156 47 190 150 131 169 197 173 121 89 159 125 134 121 2 29 13 93 32 126 67 17 128 29 107 45 35 56 181 82 97 141 7 126 80 50 133 115 158 11 40 11 14 89 46 173 161 137 115 132 50 11 194
117 143 30 123 150 31 72 136 156 91 164 192 77 97 74 65 181 120 22 86 177 122 147 98 197 38 150 162 24 19 108 177 70 115 117 20 112 82 191 29 77 86 31 109 121 123 144 76 116 146 122 130 52 73 178 144 190 38 185 10 118 146 12 162 42 58 81 24 115 100
154 167 131 56 84 93 42 145 56 34 193 82 189 59 143 107 7 186 91 190 46 105 16 142 100 87 39 162 142 49 188 48 90 6 2 157 52 152 174 106 83 159 142 11 151 193 105 48 119 194 165 198 55 177 85 195 147 167 76 104 34 142 154 17 16 175 96 81 123 188
160 54 112 30 94 99 152 149 172 139 47 172 98 45 118 193 64 163 67 175 95 85 128 161 89 68 147 119 71 97 51 116 195 76 168 32 198 107 84 186 140 37 156 142 53 184 22 63 172 102 149 120 139 195 11 94 189 47 155 160 138 126 47 2 38 168 42 66 93 125
157 157 89 46 149 5 92 30 191 107 126 92 18 138 10 98 111 98 40 135 146 86 51 187 35 162 89 45 151 37 161 125 9 126 38 117 87 83 19 80 112 37 116 128 161 72 129 160 164 136 200 190 5 21 120 140 42 107 135 178 156 14 18 71 170 177 193 52 6 53
150 8 31 84 122 52 161 192 144 194 154 132 126 117 37 138 129 98 159 31 22 145 89 154 81 5 114 8 21 59 28 86 46 58 35 92 119 17 192 82 131 80 125 59 13 56 29 117 123 28 20 19 114 28 167 167 74 79 94 17 87 147 112 105 84 57 101 3 177 163
92 70 170 83 186 154 24 85 77 45 172 66 39 71 170 107 146 92 98 7 90 8 19 92 197 30 132 111 15 59 111 119 18 106 92 139 21 48 199 155 38 120 128 115 46 134 200 183 107 108 149 148 128 109 192 24 167 127 199 122 23 153 46 103 40 56 42 123 78 58
1 27 74 15 85 3 3 141 60 151 164 124 66 142 121 165 61 25 30 186 32 78 57 79 44 70 67 155 172 101 18 86 36 141 59 175 143 187 115 196 75 145 16 71 167 40 129 10 170 85 172 40 189 178 174 48 3 44 121 88 36 53 181 23 103 106 123 81 80 30
13 57 117 119 102 163 129 147 11 30 77 153 198 67 30 114 79 186 65 33 109 87 165 16 104 22 85 122 102 100 82 6 119 97 89 95 192 80 38 18 37 66 35 54 131 165 5 159 104 63 162 197 11 43 66 7 73 124 37 89 24 55 158 83 158 170 125 109 80 174
193 71 86 147 127 129 45 30 69 17 36 86 105 6 169 40 128 48 148 152 200 112 169 157 122 92 39 137 6 104 140 171 20 88 149 186 5 64 151 194 124 72 121 59 49 65 105 144 141 70 27 7 165 64 133 124 109 179 50 120 33 32 71 2 119 117 3 40 124 19
190 20 90 9 197 53 170 147 150 104 104 54 162 44 175 41 111 159 112 116 15 58 43 28 4 57 139 40 160 9 13 65 47 60 70 177 107 154 16 62 20 116 132 9 13 13 137 83 13 53 110 189 164 179 185 110 51 5 97 127 44 39 166 85 137 30 108 27 91 92
139 53 54 144 145 132 64 16 9 117 6 155 47 6 72 178 170 5 108 48 26 87 161 146 26 187 137 172 173 156 77 98 125 129 171 147 38 22 135 96 146 36 141 85 16 163 180 25 167 17 93 39 84 45 132 38 30 113 101 15 175 124 134 2 32 196 97 173 58 10
25 63 53 130 34 74 68 116 66 51 141 192 160 200 69 25 191 53 186 28 155 82 113 136 103 131 173 147 63 121 150 52 131 199 82 103 183 77 74 103 120 194 148 88 128 46 167 147 160 15 101 175 175 133 40 136 7 165 44 182 174 153 39 82 38 74 19 120 10 162
146 101 127 183 46 169 122 84 157 3 33 69 57 131 15 129 159 15 81 179 12 108 169 122 10 153 8 191 84 159 160 43 104 195 136 96 2 7 172 92 33 72 70 94 59 169 169 170 50 158 144 35 5 138 104 62 28 92 18 60 101 12 82 25 69 63 52 110 164 185
169 87 14 157 40 115 76 136 129 16 25 149 63 61 87 30 96 68 188 122 75 40 97 9 152 16 48 5 37 71 168 50 82 16 124 182 46 68 126 58 153 69 90 13 174 45 183 157 174 154 93 185 176 45 16 29 34 2 106 74 58 118 169 156 150 140 167 135 104 164
112 80 90 41 5 123 100 46 172 159 50 23 118 36 80 59 148 2 200 127 131 180 200 24 200 112 196 143 51 150 5 94 158 166 103 29 25 119 199 3 32 10 145 170 31 1 16 140 150 45 132 62 28 121 143 60 192 85 149 188 68 171 127 168 23 77 10 43 94 50
13 95 182 117 56 15 156 45 16 62 173 4 179 88 188 176 172 196 49 188 74 177 167 85 110 37 34 152 136 102 50 24 18 189 200 61 148 106 85 49 69 4 144 74 94 58 64 152 102 150 26 172 59 21 102 36 126 28 21 94 120 114 107 116 142 179 58 32 125 148
64 122 84 19 27 105 175 137 143 30 61 3 106 134 25 39 100 58 142 76 56 41 181 196 200 125 149 88 124 168 1 136 114 60 156 132 174 196 194 149 88 171 167 28 154 49 97 120 158 170 160 35 47 21 197 13 78 114 49 21 134 197 139 185 181 73 79 52 126 110
53 125 184 60 113 60 140 164 179 192 22 132 37 137 59 127 159 93 130 23 24 146 186 155 60 25 167 48 171 198 152 26 177 87 102 15 166 161 93 2 55 43 100 56 143 118 116 86 11 5 40 191 24 115 108 145 191 93 165 36 79 36 84 38 107 191 52 156 150 124
20 63 19 173 59 102 21 185 31 50 134 61 38 193 54 127 136 104 108 181 61 43 45 124 44 155 162 3 118 162 124 44 181 97 131 23 154 10 197 197 87 52 200 5 196 168 103 155 18 23 77 152 103 125 53 22 178 150 186 125 122 176 64 180 87 25 33 36 100 8
114 29 56 21 142 44 52 193 65 157 126 166 124 59 82 114 178 30 70 41 20 200 61 173 103 187 123 79 45 162 142 18 65 37 4 2 114 67 198 85 19 130 5 184 32 63 42 79 170 31 109 92 173 75 35 164 99 151 165 81 34 152 193 76 41 104 186 196 181 35
143 102 42 200 131 71 93 58 9 14 143 166 38 46 26 159 73 195 127 108 147 57 87 10 177 110 92 37 90 43 105 64 91 160 82 18 110 176 22 8 68 62 161 74 28 181 122 169 18 90 107 102 175 52 139 53 115 168 22 119 191 142 14 148 124 45 13 173 136 77
90 124 160 72 24 4 84 36 107 27 41 188 108 75 45 108 149 3 69 51 182 4 153 157 200 157 53 82 169 92 168 147 27 69 167 177 199 1 39 141 71 106 151 38 103 110 139 98 89 83 164 94 179 14 35 100 172 183 54 176 65 63 143 93 36 28 148 182 3 159
32 38 148 29 47 36 63 49 106 158 4 79 193 91 6 53 107 84 150 185 136 161 178 120 194 111 146 104 171 161 24 132 8 83 145 48 62 69 17 161 176 23 68 3 197 111 172 83 45 53 146 6 7 133 180 46 117 74 149 125 81 4 125 139 37 70 44 53 44 84
190 57 94 175 106 83 138 98 55 74 145 44 152 15 131 166 148 84 92 194 134 156 87 16 9 19 57 142 59 26 91 25 180 37 84 54 41 59 6 51 139 191 151 147 51 94 49 176 86 99 185 186 84 171 93 129 53 91 106 102 150 77 188 129 119 78 29 39 119 15
10 4 27 150 182 24 140 36 61 198 179 72 63 178 72 66 24 87 21 171 43 176 59 190 189 169 79 16 196 41 43 161 47 189 192 50 93 45 55 115 198 37 27 187 92 35 127 114 178 3 133 157 186 171 122 166 131 26 131 119 152 180 74 35 3 72 54 46 164 162
38 156 107 98 148 195 181 196 122 16 136 158 176 116 12 44 111 150 188 106 33 22 43 19 64 51 73 176 75 67 112 138 7 11 191 155 195 173 35 23 72 2 113 24 50 111 189 56 49 125 3 50 20 122 170 200 13 73 9 91 107 44 44 85 77 98 136 170 150 56
104 11 97 177 140 177 83 25 62 162 174 70 94 200 92 44 36 197 191 91 131 187 127 157 131 47 90 93 173 62 85 15 20 30 127 161 97 46 142 49 139 37 140 197 10 119 95 99 173 11 60 1 14 155 57 158 198 55 42 148 60 63 151 149 102 143 30 158 86 112
