100 	
1	19
0	5	3	881	8	
0	2	5	776	9	
0	5	4	653	4	
1	8	7	444	1	
1	7	5	323	4	
0	3	5	222	2	
1	6	9	89	9	
0	1	8	694	7	
0	6	9	575	7	
1	7	8	147	3	
0	8	4	102	3	
0	5	4	440	6	
1	1	6	474	9	
1	3	3	265	8	
1	4	8	251	2	
0	1	3	912	9	
0	8	1	640	8	
1	4	6	453	6	
0	1	6	766	1	
0	2	3	401	3	
1	5	1	562	4	
1	2	6	117	7	
0	4	4	782	1	
0	1	3	580	3	
1	3	3	666	8	
1	9	8	719	8	
0	1	4	221	7	
0	2	9	493	5	
1	1	4	622	8	
0	1	4	653	9	
0	2	7	242	5	
1	6	9	37	4	
1	7	8	300	5	
1	5	5	229	9	
0	6	7	420	7	
0	9	8	169	8	
0	7	8	557	2	
0	7	1	479	4	
1	5	2	772	8	
0	3	3	558	2	
0	9	4	117	7	
1	8	6	481	6	
0	9	8	243	8	
0	6	5	578	9	
1	8	6	927	8	
0	1	9	298	5	
1	4	2	442	7	
1	3	1	768	1	
0	8	3	214	4	
0	1	7	286	2	
1	4	1	369	1	
1	7	9	819	8	
1	5	3	478	7	
1	6	2	917	9	
1	1	8	910	7	
1	8	6	113	4	
0	3	9	762	6	
1	4	5	18	6	
1	8	4	136	8	
0	2	4	98	9	
0	4	4	246	8	
1	6	6	934	1	
0	5	5	840	4	
0	9	7	337	8	
1	8	6	893	5	
0	6	2	452	4	
1	9	2	510	4	
0	8	1	159	2	
1	1	5	245	3	
0	6	4	71	6	
0	2	4	539	7	
0	3	1	5	3	
1	3	8	50	6	
1	1	9	538	9	
0	8	1	865	3	
1	3	4	280	5	
1	1	9	192	4	
1	4	4	640	3	
1	9	9	344	7	
0	5	5	12	6	
0	3	1	880	5	
0	6	9	81	1	
0	3	8	948	3	
1	2	6	147	6	
1	9	4	660	1	
0	6	3	271	2	
1	7	4	263	1	
0	1	6	36	9	
1	8	6	714	1	
0	1	8	820	3	
0	9	2	376	1	
1	9	1	170	8	
1	2	3	526	8	
1	1	8	615	2	
1	8	1	879	6	
0	5	4	83	9	
1	4	4	210	4	
1	6	4	628	2	
0	6	3	355	6	
1	3	9	551	9	
183 105 178 12 190 39 60 123 73 13 140 155 145 38 116 105 23 142 128 60 9 110 13 182 104 107 192 65 80 187 129 116 67 104 98 43 111 68 200 89 157 137 5 196 177 66 172 132 153 32 161 112 65 139 123 29 43 154 103 174 113 170 181 111 110 173 12 149 147 25 173 142 183 172 70 176 144 119 39 172 93 153 13 81 161 79 25 153 143 175 124 6 13 105 99 9 95 164 67 97
195 101 45 14 31 80 178 1 3 90 199 178 23 164 179 24 178 60 142 178 150 165 47 153 171 128 81 55 115 4 67 73 110 159 166 127 115 200 194 191 176 196 151 50 199 25 10 182 101 153 28 68 194 46 164 67 39 16 10 33 12 123 163 123 63 159 115 71 38 75 191 51 87 82 192 128 122 101 175 76 157 146 159 135 22 170 131 95 104 47 4 154 74 48 173 100 98 105 157 24
63 185 98 75 39 136 6 185 19 1 156 151 110 25 142 166 14 114 149 21 147 174 138 127 142 173 37 100 151 103 14 107 155 85 153 40 180 125 105 138 66 175 9 141 45 186 181 118 178 69 124 41 192 152 166 161 8 138 161 107 10 155 35 109 111 169 14 29 159 194 52 31 19 151 146 173 2 19 57 148 164 47 176 54 138 196 54 72 13 101 197 87 90 34 98 137 40 50 140 184
108 60 134 200 30 142 196 121 87 121 124 176 11 165 53 75 63 150 19 15 25 142 164 171 67 118 133 128 79 155 193 126 110 110 40 26 13 83 150 131 80 144 45 111 57 111 29 189 81 45 134 28 29 119 41 113 138 175 75 108 12 26 60 109 58 81 40 99 131 199 120 24 54 57 101 117 174 148 3 7 35 185 132 52 19 3 12 137 177 123 194 68 91 7 129 3 41 122 176 166
129 135 9 123 88 123 2 56 98 177 183 94 23 163 170 13 112 131 173 182 175 144 195 106 34 45 55 43 22 13 178 185 73 18 142 15 30 28 192 41 22 72 137 121 16 128 33 59 39 74 170 80 45 35 137 45 133 143 132 181 108 184 86 165 87 10 69 104 153 37 65 25 9 75 17 36 98 61 109 32 27 142 126 153 179 43 165 164 140 194 115 106 95 144 83 85 1 40 194 142
7 30 117 143 54 170 144 153 178 78 159 160 111 80 39 102 76 30 3 11 129 9 2 48 60 189 56 84 25 82 50 124 131 39 67 53 131 112 86 100 72 132 26 62 73 189 53 20 132 91 120 153 152 79 75 109 195 177 52 155 125 179 4 36 6 136 86 132 36 143 137 44 150 109 186 75 154 60 45 111 32 114 119 148 136 75 189 164 62 151 53 115 69 121 77 133 86 161 149 159
124 197 175 141 195 148 139 95 177 54 170 54 40 66 5 153 74 7 20 122 196 39 35 171 161 135 171 174 166 59 71 77 70 170 71 108 101 70 65 175 187 135 126 53 113 79 6 89 170 21 156 150 57 65 52 183 177 126 33 74 198 5 157 130 93 197 94 56 66 110 115 104 135 23 55 44 187 17 67 82 189 35 156 48 76 189 25 52 128 129 95 63 166 12 169 124 131 51 1 153
63 189 136 189 61 36 189 66 123 100 160 28 77 55 124 122 57 88 152 188 34 190 49 172 49 12 129 97 27 112 160 136 96 182 62 108 14 127 181 28 70 51 168 126 163 195 14 52 1 86 134 30 63 190 200 78 193 92 88 119 38 41 46 176 127 176 36 73 176 153 79 44 198 68 178 80 30 103 119 81 101 118 87 105 26 10 3 33 175 189 57 16 181 3 13 112 52 90 40 106
140 190 6 130 56 127 169 123 199 166 163 175 78 42 4 198 153 181 75 23 164 196 116 122 156 112 94 91 114 23 199 151 41 138 47 166 99 136 47 99 150 81 62 130 85 165 32 155 23 118 8 100 1 60 127 15 139 1 2 148 197 5 186 69 116 188 56 71 92 59 47 200 83 133 177 163 173 101 156 194 66 80 41 94 134 167 28 107 174 53 175 195 161 115 162 10 10 133 169 64
187 174 87 186 49 185 72 190 178 116 3 96 44 32 107 10 9 6 165 144 176 200 40 138 70 11 95 106 164 192 126 197 69 133 108 136 13 84 75 176 79 187 88 1 15 28 159 189 81 38 125 23 188 10 30 2 128 39 13 114 10 127 57 195 139 79 119 32 13 140 18 20 84 166 103 4 106 180 70 92 11 168 130 105 37 120 165 99 183 140 51 159 139 173 106 16 14 69 64 61
26 79 82 192 3 96 139 49 188 44 107 68 181 57 120 115 130 195 84 159 94 120 85 96 143 21 52 6 28 18 63 40 86 144 73 182 143 96 120 142 42 78 1 50 5 58 54 103 106 53 181 81 100 95 124 81 108 111 101 129 131 105 186 70 170 191 122 8 72 22 73 36 31 103 127 87 153 161 42 97 126 98 38 153 133 143 27 68 196 8 151 185 66 27 74 145 155 49 111 124
158 138 48 168 100 97 71 72 42 16 135 20 86 89 126 138 100 152 30 58 90 79 52 14 69 127 190 39 111 22 62 37 151 162 17 72 167 134 105 172 124 25 44 120 148 35 154 18 73 193 171 23 73 193 62 175 28 64 10 34 43 65 116 15 78 163 88 10 199 145 166 194 191 147 145 23 57 181 174 51 75 162 159 173 11 45 9 128 13 104 99 141 174 118 134 93 175 164 73 48
144 143 45 43 131 83 26 100 103 85 41 57 162 55 110 138 184 170 173 86 38 21 55 45 105 27 159 198 13 15 190 71 42 90 24 194 178 177 194 125 67 160 133 94 89 22 124 77 161 58 83 36 127 189 153 157 164 47 200 200 113 123 17 142 105 149 77 36 117 131 197 15 5 188 165 96 63 174 70 17 36 162 115 46 159 27 178 94 157 132 42 74 50 155 191 152 117 56 63 114
26 47 111 89 192 153 45 191 161 117 104 12 90 141 7 71 31 114 119 175 112 129 144 86 49 200 152 5 12 105 53 159 31 115 35 1 152 50 188 4 183 170 32 175 29 143 153 179 68 123 33 39 88 134 14 189 62 159 186 57 7 42 75 33 96 25 79 42 126 200 31 13 24 22 73 33 52 63 54 101 176 39 79 179 111 39 94 159 165 29 79 16 43 34 73 60 189 11 68 124
52 82 174 174 105 198 168 69 35 191 54 14 181 158 104 1 12 141 170 101 49 33 69 126 146 133 40 191 17 156 149 135 184 122 110 177 182 118 190 138 9 53 4 152 5 10 36 192 127 12 92 98 141 91 189 126 167 85 110 156 132 139 93 154 84 127 132 64 60 150 64 72 175 157 90 151 21 38 22 183 68 49 25 62 21 46 83 47 88 165 6 120 140 37 123 32 140 43 91 2
138 60 149 29 26 87 12 88 27 83 188 134 54 147 162 63 47 52 46 16 5 155 6 85 92 113 88 114 160 26 193 136 196 126 121 89 8 82 98 161 40 93 7 46 19 50 20 86 127 40 48 172 56 44 162 116 120 153 69 148 127 68 29 131 101 36 160 108 106 82 179 49 74 197 180 59 166 66 163 158 68 118 116 183 176 73 112 120 36 82 168 30 160 116 104 174 12 54 116 72
25 113 130 182 130 184 115 67 63 194 151 105 134 139 155 87 59 86 134 96 195 18 57 190 5 47 137 114 186 43 31 175 100 140 72 32 42 2 132 149 73 76 137 81 193 92 156 65 164 184 40 170 168 126 77 7 34 15 85 127 24 153 13 65 191 92 148 177 19 41 36 186 125 135 106 175 5 162 27 93 71 118 89 123 66 45 172 175 198 42 163 180 123 193 110 182 119 96 186 26
76 197 5 142 106 199 119 192 160 180 63 75 16 121 137 156 122 198 186 60 5 97 174 135 76 48 22 20 79 73 199 135 193 199 191 65 161 46 111 3 134 65 179 70 111 196 70 152 126 22 35 73 142 171 164 53 191 83 110 17 53 74 21 72 72 99 14 60 184 164 111 155 28 90 197 46 39 24 145 35 97 136 87 98 5 43 38 1 34 152 36 13 136 153 64 136 190 83 60 119
133 121 30 64 106 164 50 5 48 161 28 127 92 180 139 101 82 80 46 73 181 59 130 172 56 99 144 97 168 30 129 106 137 167 103 74 105 97 77 20 162 184 62 170 110 178 32 196 152 121 98 123 172 35 49 66 153 134 10 91 59 31 98 151 10 169 126 166 161 161 186 179 156 84 167 47 198 107 164 72 94 16 33 5 168 10 153 24 46 36 185 93 153 100 101 195 42 99 158 185
41 74 146 193 44 8 154 110 96 108 89 55 64 52 16 32 131 170 140 91 111 44 154 90 180 44 101 74 145 194 87 85 96 106 26 177 141 184 116 46 20 88 177 178 183 7 155 143 65 164 72 123 193 189 114 57 113 133 7 85 198 92 77 47 144 121 14 122 131 131 2 198 101 49 3 43 69 33 83 51 185 199 67 146 20 106 10 112 44 59 66 76 191 19 142 164 144 116 169 99
57 139 27 153 184 170 180 130 169 135 176 153 81 93 154 64 30 25 158 133 128 150 72 147 183 39 1 29 73 36 47 162 16 135 54 27 57 5 186 11 79 82 80 107 114 184 94 42 2 135 26 73 126 30 151 98 140 23 51 112 180 168 2 91 63 21 17 99 54 84 122 111 31 44 149 118 149 112 152 78 164 6 77 67 143 72 118 12 23 126 176 19 82 53 170 179 158 148 97 76
73 88 8 155 1 124 47 178 53 35 47 28 109 14 30 50 27 17 106 3 93 193 18 153 144 78 88 75 32 92 7 78 180 76 141 195 169 108 195 133 4 88 182 93 156 94 187 179 107 131 96 54 184 88 6 44 72 169 76 140 180 161 198 117 1 173 166 102 106 174 39 168 92 181 188 134 9 72 25 167 22 114 108 9 164 36 7 131 89 195 2 83 138 61 147 8 79 106 70 183
112 52 54 35 58 88 61 116 158 23 166 156 141 56 70 179 102 22 47 144 7 50 163 193 1 197 41 138 175 193 122 111 112 196 127 133 100 40 198 98 134 171 148 38 37 43 170 158 91 100 22 195 119 34 183 155 149 125 55 10 51 5 180 79 108 161 130 21 160 149 159 28 15 79 22 132 159 31 38 111 115 140 19 40 182 191 76 106 190 91 33 42 19 102 156 181 153 28 40 97
152 173 101 182 4 72 141 9 81 199 90 171 62 173 37 166 89 64 22 96 98 139 85 68 200 1 188 51 29 13 134 62 26 83 156 156 161 179 91 47 26 55 6 74 128 135 123 39 155 21 34 155 10 21 50 10 39 61 88 61 140 54 47 102 146 170 3 114 131 115 121 10 94 135 36 181 75 98 139 86 125 5 19 83 72 3 190 24 80 4 174 180 174 160 175 13 178 40 121 179
117 14 182 137 121 165 80 90 59 49 175 164 69 112 64 98 105 49 196 2 152 173 52 46 58 20 172 2 135 56 153 78 163 74 101 186 172 180 193 77 49 116 174 63 4 63 101 33 143 131 36 169 194 53 100 98 53 76 57 85 160 100 200 143 55 84 9 39 156 72 72 45 119 139 176 160 156 43 105 68 177 55 119 22 175 170 34 75 128 26 76 21 175 143 112 18 118 13 127 105
147 186 9 93 156 110 91 7 121 94 195 175 66 90 177 126 111 46 138 4 183 42 54 116 112 48 173 12 199 176 38 149 130 148 51 30 35 6 15 152 109 72 111 66 59 97 80 123 95 156 142 25 101 64 92 188 104 55 60 192 150 111 48 92 194 180 115 51 112 12 177 12 5 41 156 94 40 184 55 131 59 71 2 43 172 189 34 152 83 33 190 149 31 177 152 147 168 137 123 180
5 67 88 185 21 27 181 119 28 63 132 122 25 40 146 50 83 110 73 23 42 25 51 79 58 5 142 88 161 113 21 196 50 195 26 71 77 62 74 4 67 38 14 36 60 145 17 189 25 34 9 131 121 43 15 126 42 53 4 128 171 57 152 152 118 110 41 92 193 31 110 163 184 7 8 151 167 60 195 62 133 139 53 136 200 9 100 133 98 2 148 91 102 116 18 174 99 23 111 24
120 61 94 188 144 74 141 111 177 53 72 57 3 178 59 40 68 104 128 41 33 140 79 153 182 158 158 31 36 94 196 91 95 94 190 50 83 174 47 11 104 94 73 21 10 39 45 157 173 181 80 90 96 130 26 29 63 42 70 164 154 72 126 191 19 15 150 21 32 75 168 173 187 107 61 48 52 53 137 99 42 36 187 187 124 34 60 89 16 76 35 95 161 41 53 133 50 7 80 23
122 15 191 181 63 106 157 158 34 146 43 142 64 22 54 193 92 88 198 32 145 72 59 166 137 160 8 131 48 114 22 157 85 65 146 169 158 118 61 97 17 191 160 75 134 3 171 148 99 133 93 148 174 168 6 163 167 1 18 190 168 134 165 127 60 37 98 153 129 200 12 28 91 172 172 108 84 38 49 25 97 55 47 49 96 11 10 183 154 191 150 62 156 200 118 136 50 81 90 92
186 105 128 147 121 81 196 106 1 137 55 98 13 178 113 155 61 6 12 143 113 195 29 23 195 74 96 180 61 148 152 54 169 36 179 117 46 57 170 99 115 159 150 128 144 140 38 84 114 156 61 69 49 81 17 182 38 194 168 155 86 142 30 90 43 161 5 34 7 158 171 178 25 199 94 152 48 111 197 79 141 191 149 96 107 141 45 174 197 137 8 179 165 108 197 13 175 159 22 134
38 114 180 180 200 90 179 49 79 151 133 71 39 5 55 192 133 3 144 30 35 168 16 55 36 51 137 10 43 89 139 2 32 87 53 178 5 155 40 67 80 183 111 2 28 111 162 54 186 59 46 172 23 9 64 26 139 105 47 119 143 63 130 45 153 20 183 114 2 114 166 164 164 191 151 22 6 164 1 55 135 110 137 80 34 99 40 102 36 140 166 81 24 176 118 32 56 17 168 122
177 24 55 5 73 58 92 135 160 83 105 123 150 90 8 52 101 35 174 51 100 68 188 111 14 12 111 109 128 119 24 93 131 192 175 120 108 150 34 173 40 179 56 167 200 155 67 138 12 82 99 121 165 85 70 21 33 132 150 14 107 79 14 187 76 76 189 141 98 79 46 197 38 125 85 47 198 167 81 199 64 109 148 128 39 177 143 175 188 28 61 26 27 72 115 169 26 197 5 71
1 152 32 112 95 107 108 132 105 95 84 122 61 76 2 5 22 84 124 7 162 154 181 59 68 175 83 2 185 197 45 26 2 55 117 191 46 92 71 61 21 99 41 51 40 2 198 145 14 111 106 178 17 192 106 11 185 79 161 119 55 25 200 21 49 161 145 166 107 66 25 181 32 87 126 69 60 108 112 5 51 58 102 106 52 17 73 78 24 193 66 167 149 98 85 145 152 90 57 166
66 72 186 100 125 137 185 179 77 128 182 10 7 34 162 19 187 30 45 14 140 188 71 148 51 29 114 95 184 138 97 99 96 9 104 53 68 17 62 114 170 154 175 164 134 38 152 103 186 187 47 21 154 68 183 121 186 19 62 8 56 64 40 197 54 5 115 127 138 160 82 42 192 103 163 29 47 197 107 48 46 91 186 13 15 90 118 99 199 144 33 147 2 55 31 54 81 87 130 92
121 140 111 162 9 149 107 81 92 75 93 181 41 96 64 101 173 160 182 174 89 181 17 2 43 174 136 24 40 125 41 36 131 180 104 145 116 9 176 85 29 53 180 198 37 13 128 164 31 116 141 170 89 84 189 5 148 24 26 121 77 155 10 157 18 84 123 11 140 79 69 157 35 43 124 39 35 20 23 122 137 118 61 97 158 177 45 139 88 156 193 146 22 129 53 79 178 187 168 46
161 66 8 102 181 5 198 109 69 20 107 31 145 47 62 32 50 149 101 65 103 177 95 33 196 70 170 166 5 161 163 23 48 181 23 153 181 186 132 11 102 102 91 195 154 73 101 69 171 68 84 177 195 14 19 162 161 183 86 144 126 102 103 124 61 170 187 96 57 64 17 177 183 105 132 108 47 85 154 86 155 144 12 93 5 187 12 126 52 93 100 90 41 51 41 142 171 141 127 11
159 158 164 51 58 18 178 199 5 167 39 61 49 178 2 176 154 81 163 64 38 127 39 117 97 31 103 34 13 54 11 104 181 104 81 85 168 26 107 74 32 169 2 115 31 197 83 99 52 9 167 185 114 86 6 83 126 107 157 58 157 34 185 113 111 200 132 8 80 182 126 130 166 171 93 43 47 85 125 173 177 156 130 79 109 156 58 108 59 134 41 154 94 164 132 48 10 142 101 41
101 76 59 102 71 144 126 66 190 10 163 56 8 29 80 152 22 111 126 185 182 8 149 83 119 109 42 62 103 28 14 91 157 49 59 65 77 1 105 107 135 89 178 189 125 40 17 131 77 149 150 130 89 72 162 10 66 163 33 63 109 122 99 109 199 103 142 195 193 20 126 56 154 165 154 165 40 148 127 182 191 129 91 4 184 186 140 100 147 50 196 72 78 55 95 80 168 87 90 46
139 194 63 29 98 20 132 91 66 68 167 36 71 55 52 1 195 60 62 65 86 197 114 113 96 32 63 78 104 28 17 83 115 81 199 80 111 154 197 94 47 145 198 182 83 91 30 137 95 61 158 128 147 168 149 49 114 1 131 193 156 115 116 90 164 162 47 151 54 144 89 127 128 196 170 113 132 158 190 174 130 148 64 156 97 187 34 179 28 180 35 60 62 36 21 85 135 61 107 183
9 26 91 129 53 120 100 178 23 176 162 48 53 167 14 16 123 176 45 33 34 129 158 43 5 168 163 184 42 20 148 158 96 11 102 146 144 147 93 88 58 4 128 12 100 101 146 28 56 186 77 150 135 43 17 16 69 168 16 113 49 135 166 64 166 65 168 23 157 114 9 49 127 2 173 36 45 14 122 145 95 137 161 176 191 59 175 133 157 42 21 105 3 138 34 195 71 128 84 103
187 56 96 31 29 130 181 96 8 133 191 78 146 179 196 139 61 17 130 200 108 139 144 59 77 95 196 145 38 18 13 196 3 147 200 37 125 76 187 155 35 22 192 22 189 149 184 106 190 46 67 153 104 47 158 82 106 37 97 127 141 192 123 50 172 159 35 34 132 196 8 55 193 179 35 11 116 60 11 183 71 98 116 97 28 4 2 15 62 40 168 136 67 182 158 148 122 133 63 29
140 153 31 116 58 199 74 173 122 110 36 50 107 181 77 173 81 178 107 121 51 108 89 87 111 134 6 17 62 77 30 57 88 112 97 169 194 85 109 100 17 24 148 93 190 149 95 67 40 147 99 77 181 127 83 190 174 127 162 169 62 181 43 156 156 78 60 44 70 189 76 9 38 47 120 115 145 121 148 142 42 2 36 124 9 161 71 161 19 76 47 200 158 100 162 42 135 53 49 86
59 74 134 171 99 126 185 176 25 33 38 176 178 2 59 115 131 11 33 74 29 157 58 130 113 18 116 172 144 64 15 152 93 196 197 200 111 44 138 63 92 35 151 59 159 11 169 148 184 80 96 105 186 194 118 76 197 90 85 59 98 148 77 18 173 83 27 90 84 28 75 12 5 157 64 151 196 37 21 23 86 196 176 159 113 91 71 4 165 141 78 74 63 86 106 6 161 28 64 82
11 131 21 85 16 178 141 23 37 42 194 165 193 1 62 104 110 87 64 174 104 88 18 56 85 4 22 182 184 29 143 95 43 181 183 14 73 55 104 196 87 32 60 43 183 141 10 108 33 187 143 81 21 69 197 112 19 45 117 97 142 188 90 85 4 20 160 38 107 175 97 185 61 109 35 105 8 11 36 76 74 174 68 29 149 64 87 164 192 74 147 2 34 86 121 98 149 121 193 184
106 166 93 84 87 4 101 143 187 98 37 31 98 140 110 137 34 51 184 34 182 28 140 199 112 118 70 91 136 72 163 137 197 56 94 94 128 98 23 174 31 187 121 107 140 129 26 64 82 89 156 188 34 29 22 52 109 161 20 192 192 54 56 34 9 198 150 119 135 175 50 7 3 88 125 102 146 107 92 181 56 169 83 1 120 200 180 122 121 33 155 191 69 145 136 125 171 125 153 153
136 171 194 193 11 40 15 132 168 112 35 33 56 11 104 187 134 123 167 10 92 149 93 160 162 118 149 118 160 176 167 90 174 15 90 35 131 99 82 185 26 140 116 186 63 147 52 46 29 143 184 17 54 109 39 191 147 22 56 12 158 33 166 115 6 189 96 118 25 2 148 125 74 42 87 114 6 94 79 174 72 42 84 89 127 38 45 106 13 158 9 128 156 170 100 101 148 178 192 47
109 141 111 75 76 120 93 154 137 76 26 85 121 1 25 21 27 47 159 40 75 52 84 69 177 117 146 138 62 23 57 145 168 141 73 165 175 79 95 160 99 23 186 32 54 144 102 110 199 86 191 8 121 179 1 5 103 115 128 93 134 12 199 6 99 57 23 163 25 186 188 80 100 120 57 190 188 200 163 183 19 185 197 99 184 168 105 162 36 158 51 117 192 78 73 163 92 22 176 18
3 181 52 156 93 186 195 196 6 122 193 82 198 130 192 186 160 36 199 108 32 91 184 140 71 146 69 51 136 81 7 175 128 127 130 105 199 84 172 80 118 11 176 158 80 119 55 55 38 194 77 21 29 2 57 115 14 67 165 51 157 82 127 118 70 166 136 47 109 133 33 113 77 200 42 194 163 151 117 169 31 23 38 30 136 111 114 9 16 179 190 111 171 78 147 182 165 121 67 19
20 97 1 198 144 166 122 168 3 145 155 47 166 15 107 26 93 96 87 173 192 22 87 65 153 170 80 91 40 142 71 70 101 177 85 9 112 63 4 28 149 172 117 136 175 148 100 118 91 29 75 43 5 182 37 60 180 191 150 176 161 137 159 116 55 176 1 160 40 131 145 123 165 70 175 62 115 98 12 160 106 13 197 172 54 165 66 113 52 46 2 156 149 8 48 139 25 153 2 87
196 139 172 110 122 20 73 123 45 130 6 104 80 166 162 61 104 135 118 60 153 27 153 48 54 160 80 12 15 39 43 98 40 72 114 129 125 40 120 104 97 168 142 113 114 126 16 149 154 37 123 96 100 35 95 31 119 185 51 36 96 199 164 71 55 173 48 55 170 41 139 102 123 42 147 47 53 83 76 108 147 59 90 120 7 91 169 180 103 178 95 68 175 120 116 110 160 38 63 14
171 70 200 181 129 29 71 173 160 147 141 180 133 20 180 73 141 42 84 9 23 75 20 183 174 102 62 108 194 42 64 13 122 135 176 144 168 38 59 140 107 171 54 194 44 31 171 85 159 42 105 9 148 181 95 142 189 139 54 42 4 80 1 21 64 199 183 177 72 16 22 110 94 145 94 28 59 20 138 56 96 161 155 53 92 33 14 88 6 15 156 147 5 95 132 106 28 45 113 28
143 158 39 70 73 188 27 116 116 142 163 121 121 24 37 71 115 20 92 78 81 174 8 131 195 97 183 167 108 194 61 132 143 11 148 95 146 183 167 55 19 77 144 12 178 173 42 111 200 28 147 117 21 116 155 192 110 36 159 155 17 25 110 182 157 153 167 5 44 156 12 122 119 88 146 108 159 40 73 21 37 143 104 133 152 25 135 96 179 66 79 89 46 25 173 84 193 177 18 13
86 145 31 23 62 188 40 162 107 136 77 105 76 48 73 193 2 55 106 131 177 73 68 190 96 64 184 140 120 47 60 16 86 105 15 175 151 141 16 175 200 111 180 8 73 60 12 181 117 150 72 119 142 100 128 82 171 172 90 43 70 139 31 8 81 65 141 145 48 89 33 118 8 9 59 132 45 62 105 97 50 112 17 7 83 25 175 115 171 189 132 68 85 131 81 52 17 172 190 140
1 159 67 72 92 40 135 20 175 90 125 176 101 83 28 57 82 15 199 33 113 39 81 165 17 7 20 54 160 111 197 36 40 157 116 72 76 147 84 193 146 172 170 78 36 85 24 163 66 166 123 60 193 4 183 24 81 93 94 47 87 93 147 47 188 150 77 71 152 143 71 189 127 117 44 37 97 142 140 96 159 58 36 163 157 129 174 115 76 126 52 69 57 76 121 107 6 197 166 12
96 27 93 152 124 10 148 20 18 159 198 107 68 101 87 110 45 78 195 137 57 162 17 122 120 176 192 39 118 62 81 3 74 27 130 88 143 20 8 173 96 107 183 42 28 158 183 152 129 61 144 22 104 55 53 27 167 43 34 85 145 137 125 97 148 101 4 4 85 116 92 174 30 111 89 177 12 196 173 183 30 104 92 39 120 69 65 56 191 39 116 60 51 44 145 53 176 100 127 164
178 113 4 101 89 26 52 141 55 89 17 165 131 74 56 151 96 193 151 48 194 124 69 19 129 134 148 19 172 89 21 80 151 6 192 63 71 119 195 95 175 172 193 63 94 41 179 74 134 100 179 195 50 174 98 109 176 8 97 88 104 43 84 64 51 192 45 65 132 42 116 135 184 115 83 109 137 200 127 24 181 179 69 55 55 143 115 156 80 181 46 175 78 103 111 32 88 43 109 35
189 187 108 126 164 54 95 49 98 54 58 79 60 116 111 151 128 3 24 122 73 56 147 199 90 181 72 159 14 5 87 69 150 33 48 147 40 193 187 182 169 31 86 183 148 129 73 159 79 90 88 166 181 1 148 81 62 108 65 153 93 70 101 131 109 2 64 73 18 62 110 122 55 33 78 167 14 183 195 32 143 159 161 25 29 105 109 23 147 9 13 91 50 8 197 40 166 136 37 95
87 29 6 174 175 131 41 78 72 123 164 180 126 53 56 55 58 186 37 178 161 4 19 112 19 32 31 92 18 62 121 103 13 194 25 72 28 49 31 116 193 147 40 71 67 101 191 57 190 19 130 106 49 149 138 93 127 91 35 165 144 76 115 196 105 196 68 166 88 74 133 29 180 151 159 27 100 189 71 137 157 153 42 181 132 79 191 147 3 13 79 192 3 109 132 17 191 132 75 79
35 63 76 118 172 165 138 19 173 75 191 106 130 145 88 9 80 21 167 193 25 184 41 48 40 187 43 40 183 34 3 142 139 84 139 12 185 60 158 9 16 65 10 133 81 83 4 185 22 140 38 67 167 177 132 26 164 90 184 109 102 17 56 77 69 100 107 190 142 74 42 102 29 110 119 9 123 149 130 36 26 132 46 8 10 121 148 155 155 40 144 27 31 106 158 90 88 35 105 58
46 190 52 135 63 141 151 122 63 30 174 87 3 72 102 107 186 160 122 71 149 137 37 81 25 137 14 104 168 116 200 115 11 8 35 25 131 199 194 59 105 107 145 196 164 144 22 15 21 194 142 168 194 15 83 76 63 5 180 24 84 18 164 111 67 83 128 160 94 190 176 13 28 185 140 96 27 27 57 129 2 10 139 27 83 188 179 134 179 102 78 128 54 29 164 74 172 140 182 27
43 31 67 22 53 84 87 156 66 8 29 2 109 10 101 157 121 11 96 106 160 134 178 66 132 159 106 88 117 9 115 102 124 2 135 11 166 148 108 47 20 1 200 164 41 145 82 128 34 21 133 166 49 148 153 118 26 182 26 93 61 38 83 199 11 102 23 163 173 138 186 121 46 36 148 95 162 54 72 121 89 158 65 89 121 42 116 88 80 44 176 45 197 7 168 46 100 90 135 176
178 147 56 128 6 23 167 29 161 57 75 3 64 87 173 117 189 108 47 136 191 193 128 57 129 63 130 190 186 41 59 50 81 23 54 163 46 130 12 13 12 148 5 179 76 30 169 30 144 38 109 114 197 112 15 58 177 10 157 123 15 13 52 177 121 178 18 64 52 117 81 198 87 114 106 25 2 120 87 151 80 82 90 60 20 112 160 29 154 91 179 17 168 21 67 177 162 183 166 123
154 162 15 11 104 108 115 35 161 94 1 23 102 104 175 179 64 88 197 112 142 150 102 24 183 3 23 94 84 65 159 68 49 129 64 32 195 130 93 6 5 174 85 189 153 22 79 144 118 101 23 120 168 143 117 99 130 42 196 80 200 114 65 61 82 52 1 180 179 181 64 144 77 58 61 200 88 4 37 61 146 146 150 51 36 52 122 146 148 123 54 51 94 178 113 153 94 30 78 43
162 100 95 163 82 18 25 30 25 187 71 49 173 2 64 137 190 12 48 112 114 189 197 150 196 180 50 135 28 188 58 65 197 53 39 13 74 168 154 144 53 3 184 118 13 130 86 143 39 114 119 124 131 141 14 117 131 110 180 30 20 38 24 193 80 94 7 171 156 155 157 43 24 121 184 108 120 20 97 35 31 29 16 199 135 139 12 192 113 186 185 167 14 75 180 92 128 198 158 178
108 153 148 85 131 133 13 155 146 123 23 170 14 93 83 164 160 113 26 146 12 179 177 53 133 134 4 180 9 195 76 54 87 58 153 122 27 57 130 31 50 57 103 34 17 90 183 160 171 25 64 47 91 100 122 64 76 120 37 157 97 73 28 64 134 174 41 79 50 131 88 175 68 106 27 21 33 59 91 97 172 197 147 144 185 135 84 159 149 141 107 156 62 69 159 109 58 24 127 27
124 75 45 158 42 151 150 12 39 147 79 13 24 139 117 170 61 199 127 165 55 108 13 26 40 34 171 46 115 74 28 142 181 23 161 147 80 152 2 152 30 146 44 184 191 130 30 125 38 134 48 121 114 57 26 121 68 94 60 60 123 196 184 18 52 124 156 180 66 37 147 99 200 176 76 82 69 23 135 188 49 104 98 147 152 86 33 103 86 117 98 133 174 87 44 27 22 128 172 41
173 133 142 99 165 138 184 102 66 147 100 158 92 42 124 73 54 33 143 56 90 133 104 200 45 92 147 17 196 14 11 58 152 2 90 191 1 12 71 100 69 68 147 149 44 152 197 42 82 139 197 51 77 43 62 53 42 14 134 127 133 45 31 171 83 140 174 14 55 156 199 194 117 90 78 157 23 128 74 62 5 79 19 137 81 67 59 41 109 154 2 45 44 7 129 117 10 171 195 57
3 91 179 88 180 1 184 45 142 60 26 184 118 97 158 115 172 48 63 58 156 47 8 150 63 51 159 75 70 60 178 129 179 121 185 114 177 116 31 147 55 133 128 163 122 80 58 89 130 107 158 158 74 47 151 199 97 18 173 31 107 69 106 36 35 133 71 191 76 54 112 80 97 128 8 182 100 75 152 93 137 184 29 57 48 12 200 6 115 167 67 112 132 65 71 190 95 187 75 22
68 99 82 199 6 144 132 178 154 28 114 9 10 130 195 149 61 14 105 163 151 165 76 50 163 3 138 74 93 113 93 199 150 152 19 170 159 76 139 54 139 185 135 169 151 188 52 154 125 30 191 24 7 163 126 111 39 56 139 174 164 93 139 199 5 33 158 10 71 84 120 88 109 186 114 14 146 144 149 10 54 11 75 182 109 179 104 151 79 156 3 20 151 112 55 119 113 142 172 192
131 88 13 8 43 54 89 121 122 150 148 188 73 164 176 56 31 162 48 27 164 179 126 47 61 164 44 96 179 51 119 77 186 66 73 62 136 185 27 84 10 30 101 32 173 155 21 80 89 118 15 129 188 59 131 98 190 132 123 50 199 70 71 15 28 109 62 93 47 32 194 175 23 16 64 35 3 101 150 167 182 156 197 101 128 101 94 31 59 146 16 20 11 62 92 180 59 55 13 159
102 43 158 78 81 39 17 82 45 131 119 99 9 23 139 126 134 138 59 24 194 175 8 125 150 149 164 11 84 63 111 107 63 84 167 9 120 135 31 182 96 173 114 99 175 68 75 177 143 10 147 15 174 5 24 164 126 182 82 55 40 20 111 83 190 156 164 48 48 9 42 101 110 26 156 200 35 145 64 171 100 113 105 157 9 143 64 38 146 54 74 98 116 11 62 38 153 36 100 199
72 79 97 76 78 1 101 193 161 148 138 136 140 183 80 60 90 184 138 33 71 79 41 8 131 198 161 200 85 150 114 19 166 17 99 161 147 80 194 3 12 166 107 164 186 66 134 155 164 82 22 72 79 156 23 133 175 191 58 37 38 189 89 164 58 167 3 128 144 142 55 196 162 64 21 136 16 61 16 174 117 17 63 88 109 2 72 44 94 178 39 111 26 29 120 1 38 171 32 99
100 122 114 121 157 109 60 46 103 109 83 43 114 132 194 189 143 84 199 84 89 170 147 149 30 190 32 123 45 196 183 98 118 83 171 66 56 143 182 120 112 62 101 175 154 181 157 86 46 189 63 74 111 62 22 71 74 10 22 147 71 24 150 26 59 38 156 2 146 185 154 84 152 7 195 85 77 141 176 136 3 125 128 3 34 138 104 96 200 195 189 164 38 144 191 60 142 36 32 140
97 147 134 30 113 181 116 108 26 74 169 135 16 134 63 96 65 129 6 42 121 22 154 44 60 56 16 125 180 64 2 157 176 134 116 160 76 102 128 113 30 81 29 199 186 117 86 112 99 118 186 86 42 61 79 168 143 45 149 158 94 110 93 189 196 200 67 184 157 26 134 91 75 140 95 79 54 133 50 54 137 15 119 166 52 79 199 61 117 20 193 46 145 176 188 173 140 196 26 140
118 84 145 16 32 161 42 81 104 77 77 27 86 182 88 164 27 178 128 145 196 148 54 14 63 180 71 123 71 169 47 155 145 146 16 160 20 104 110 94 10 182 52 141 52 135 131 12 83 179 83 28 96 89 106 5 84 49 115 81 167 98 161 6 148 113 179 179 34 20 25 183 70 69 151 170 71 1 66 88 112 181 147 50 67 8 49 181 93 129 172 12 130 107 200 177 183 37 19 108
178 103 78 118 158 153 192 107 127 78 93 175 126 62 70 68 92 106 180 190 112 42 25 112 111 37 21 97 46 100 99 195 41 33 197 93 34 41 5 186 176 62 153 62 131 20 10 160 200 160 39 91 1 175 142 147 157 185 104 179 159 65 111 93 133 73 157 159 174 101 146 101 198 117 94 85 94 30 167 85 122 119 70 191 37 52 171 92 117 162 194 104 178 47 24 125 94 48 53 131
183 15 162 20 2 75 119 139 126 74 180 199 167 104 50 187 11 108 124 155 157 155 56 7 88 128 151 153 173 176 20 25 25 50 120 116 160 174 67 38 32 77 43 35 151 146 32 19 178 98 40 163 113 76 53 63 138 47 193 78 189 69 60 150 68 1 174 50 81 168 153 163 143 172 51 28 172 159 179 195 92 190 120 9 44 47 8 50 176 139 77 146 183 35 181 48 164 9 64 53
97 99 152 169 121 83 15 26 152 150 146 183 132 86 140 188 191 17 21 4 195 163 169 116 42 194 123 25 144 120 80 9 63 1 10 149 80 153 93 129 49 11 16 14 34 72 87 25 175 116 56 146 68 83 185 178 17 111 77 27 145 108 153 65 9 29 126 184 27 57 155 71 73 137 32 188 196 121 78 66 15 128 16 111 82 52 156 1 120 32 110 14 2 83 71 115 60 117 145 174
169 112 54 118 91 192 99 181 194 193 184 7 179 14 57 74 193 150 160 71 43 110 134 122 59 100 135 108 125 65 20 184 164 188 155 181 154 90 27 106 60 56 164 136 42 31 41 90 18 68 200 37 187 33 132 168 82 44 156 131 36 117 91 12 149 51 74 78 32 27 102 15 120 132 76 183 19 7 6 72 200 104 20 185 154 127 24 161 146 1 53 49 107 44 19 102 135 34 128 85
32 70 124 190 174 139 169 36 68 133 113 144 62 147 131 176 175 45 1 13 44 48 25 33 64 15 127 121 82 175 99 15 9 44 39 86 119 35 127 139 52 123 164 82 78 79 20 61 58 171 81 184 8 124 172 52 42 72 58 130 114 26 100 49 109 42 80 23 171 68 141 40 198 84 24 170 189 113 161 130 80 21 108 24 60 33 83 140 12 75 95 15 23 172 148 14 66 70 164 139
134 172 37 67 186 184 127 162 197 189 19 97 130 79 155 164 36 27 121 152 164 158 183 150 190 148 168 189 9 70 193 84 52 151 10 59 122 78 81 16 190 153 108 144 188 62 8 20 70 89 113 62 138 166 86 71 95 7 160 50 75 106 167 11 101 31 114 48 134 170 43 90 123 78 192 4 100 101 175 177 93 182 197 156 127 17 110 22 89 173 122 99 72 106 55 200 148 194 4 186
51 22 12 184 109 190 91 83 156 57 23 83 182 69 154 149 117 55 100 6 65 98 57 64 30 76 59 80 79 44 72 6 13 187 110 82 188 83 42 172 51 176 175 152 24 187 26 71 169 168 80 107 36 132 100 55 196 65 25 133 181 35 77 157 12 69 68 190 93 192 171 138 17 4 95 51 139 85 70 128 104 63 45 107 67 181 95 114 56 150 54 194 105 33 143 146 94 106 98 105
63 198 9 150 105 155 179 1 151 173 65 8 161 42 158 157 175 130 40 44 28 70 73 100 148 141 163 83 147 99 187 42 49 71 74 49 176 185 94 119 17 53 197 55 121 90 143 92 16 134 180 137 179 46 79 129 169 13 174 65 199 34 100 63 34 70 183 44 105 57 167 159 20 145 193 39 104 38 128 107 199 145 117 49 190 104 184 93 129 61 30 134 74 42 176 179 37 74 17 128
179 148 87 57 93 200 166 124 82 190 9 158 191 115 115 84 16 12 45 82 54 56 12 103 168 71 83 118 189 46 154 15 6 78 76 40 33 49 116 157 21 42 105 7 100 140 121 113 29 176 139 36 81 44 128 36 200 27 144 141 54 38 86 24 100 18 131 11 172 55 101 66 96 101 109 179 143 30 120 145 153 100 77 59 16 107 188 133 69 24 101 107 147 122 95 42 130 23 115 177
47 80 139 137 164 119 194 95 125 119 39 98 115 164 119 152 150 75 162 174 1 58 196 66 9 117 64 144 173 76 77 63 114 41 12 82 188 58 31 148 176 77 177 96 88 151 118 48 120 71 62 120 38 52 63 124 46 90 108 102 10 26 105 83 193 190 129 42 19 62 36 111 84 28 129 173 132 82 180 45 105 37 9 140 68 141 24 200 140 171 190 50 17 21 20 196 14 150 180 149
123 66 146 65 55 76 17 157 27 189 24 114 187 34 7 10 116 9 81 97 84 40 41 178 160 6 81 159 27 132 5 137 31 31 6 68 174 68 170 2 133 90 183 152 129 173 33 1 102 155 28 73 143 197 169 70 166 109 66 142 135 130 119 178 76 31 88 10 88 31 99 33 15 117 90 195 187 190 89 85 60 161 34 14 80 116 62 161 12 166 165 177 75 3 151 147 14 183 88 134
86 127 93 186 47 1 186 58 97 128 53 81 146 151 122 173 191 127 128 154 49 119 42 129 109 65 97 190 134 75 29 190 24 171 13 66 159 12 28 89 25 137 30 143 38 176 191 37 99 164 39 127 140 120 61 88 37 192 179 110 8 124 39 164 27 86 199 126 90 185 177 152 50 108 138 168 58 2 65 82 3 171 118 122 143 93 81 102 168 159 176 166 155 140 23 106 99 38 179 33
15 98 5 169 82 49 12 183 41 131 108 178 175 32 172 186 14 108 182 87 45 134 139 42 134 200 14 162 43 99 168 156 167 103 29 104 25 187 15 166 126 118 122 128 174 9 98 128 47 42 90 11 59 106 180 192 149 1 128 154 80 200 15 144 137 60 18 57 106 103 4 37 167 38 161 137 49 121 73 139 69 183 53 73 155 90 200 130 165 47 95 167 197 31 142 42 112 34 88 60
177 139 16 73 36 10 141 169 68 133 40 100 117 163 4 62 101 82 193 94 128 200 171 172 189 176 104 13 200 190 152 71 108 152 8 164 140 41 11 92 123 70 149 145 166 112 151 200 149 138 131 179 160 64 37 195 194 42 93 117 3 195 70 132 60 113 9 151 32 94 20 23 74 23 193 198 19 134 154 154 190 181 117 144 150 96 156 130 158 181 188 154 144 199 143 81 62 77 36 133
185 130 146 144 197 108 17 36 159 90 25 10 48 107 63 60 179 188 125 73 199 28 109 7 7 93 84 149 175 84 132 23 16 142 175 69 50 179 117 148 183 13 41 197 103 153 75 119 16 134 157 82 62 149 155 63 36 179 37 60 100 59 65 11 176 76 173 149 97 30 122 2 45 74 198 66 46 198 172 120 161 184 142 185 123 46 22 167 123 148 40 107 183 197 122 181 142 39 115 137
180 90 18 2 157 82 115 79 182 131 133 90 8 129 114 170 1 77 165 106 163 52 40 9 10 117 29 140 145 109 121 76 141 1 95 191 126 168 115 97 91 185 6 125 106 31 110 55 145 120 1 138 165 157 26 135 53 137 11 168 58 149 182 167 43 118 144 20 18 47 1 124 132 175 102 113 151 5 191 175 1 143 3 177 80 142 56 43 32 194 123 36 55 96 139 85 119 175 100 45
135 18 58 143 48 32 114 196 187 159 143 55 89 153 15 110 149 81 132 198 129 88 42 115 75 98 130 165 123 64 56 149 129 138 102 87 145 170 30 196 190 35 128 21 182 198 183 91 89 51 17 98 27 37 154 41 79 54 137 51 146 34 123 58 4 36 132 32 81 200 161 190 14 77 68 33 77 104 113 195 185 150 59 2 88 170 176 60 132 188 183 174 43 159 88 178 125 44 61 121
19 72 104 90 154 143 9 23 112 79 75 131 95 188 11 32 7 50 118 166 193 107 127 175 200 3 111 158 26 123 128 64 61 37 115 200 84 22 165 38 122 87 129 16 185 5 139 198 174 128 46 160 58 21 120 186 72 124 154 29 112 13 102 113 189 70 173 61 82 104 151 1 174 12 26 53 87 31 187 104 67 39 73 38 30 192 88 14 137 47 19 41 190 58 72 132 135 42 171 16
142 30 172 141 11 175 64 37 65 113 130 184 91 153 23 18 80 66 148 19 138 105 40 59 167 48 135 119 137 58 106 126 116 47 194 113 51 125 147 93 59 3 56 117 26 19 163 153 185 134 133 51 162 136 178 170 14 66 122 33 142 84 198 90 138 52 86 131 184 174 106 87 48 91 79 161 132 190 193 195 49 58 27 67 199 29 51 187 70 161 142 34 100 170 21 20 17 122 67 137
143 178 13 183 113 184 10 193 15 183 154 9 161 21 104 81 200 199 29 143 183 87 179 174 182 116 70 99 40 52 147 165 8 112 11 15 22 46 146 28 5 6 32 197 163 20 103 78 175 135 3 41 81 110 123 82 197 22 16 131 193 128 74 169 113 153 89 196 37 152 178 42 113 19 35 141 156 33 5 46 82 140 75 136 86 145 16 188 62 132 154 32 93 86 98 39 118 140 97 108
121 2 111 164 48 26 14 9 30 70 69 55 75 166 113 135 182 80 175 33 20 177 94 30 184 16 84 115 119 74 125 106 16 132 149 148 124 14 3 134 152 177 110 127 182 110 54 27 167 167 76 86 85 80 4 71 128 33 90 61 55 96 136 186 4 46 77 53 98 9 132 13 25 179 47 131 102 36 169 47 185 138 89 1 67 155 118 102 152 119 110 129 122 52 2 37 46 109 179 1
131 120 180 67 183 196 65 91 47 102 137 84 1 24 1 81 22 70 197 146 9 134 142 114 159 41 83 43 99 7 19 147 198 174 128 80 42 165 150 3 22 157 87 48 75 46 36 16 79 99 91 27 144 6 197 171 118 24 72 129 126 148 182 1 144 30 12 62 132 183 72 41 140 73 107 199 191 125 62 139 12 139 186 70 16 120 183 126 148 180 134 107 47 51 188 89 38 197 157 95
12 172 107 45 174 54 186 6 165 140 73 61 34 197 174 90 35 140 199 30 5 26 33 91 140 83 144 55 88 182 68 166 104 11 114 184 148 156 122 83 136 170 98 131 117 39 143 158 145 7 173 33 50 120 192 150 65 17 198 147 64 144 124 1 48 112 183 20 9 8 165 172 134 65 182 82 56 68 187 19 53 48 53 22 179 54 145 15 149 166 103 112 64 64 142 190 64 35 191 24
56 165 116 200 120 56 84 56 74 178 153 72 80 96 139 162 190 52 81 141 175 152 68 78 199 188 199 56 19 125 184 167 29 146 163 122 63 200 33 83 101 118 52 152 58 21 116 112 64 158 9 8 174 172 79 3 19 167 175 89 186 31 128 61 174 86 61 91 178 194 178 56 4 139 36 173 177 27 183 129 88 8 68 144 141 199 1 172 155 138 32 82 72 35 109 147 99 77 147 85
185 39 67 44 9 100 82 169 30 79 87 43 200 121 28 53 149 44 98 37 13 132 66 150 123 59 8 60 102 143 98 80 62 24 168 91 137 14 4 139 78 52 179 82 119 163 66 20 123 108 151 191 38 21 188 18 164 177 60 149 184 32 156 73 139 15 44 124 1 19 44 62 91 88 19 107 96 72 136 60 14 50 78 50 179 96 140 116 95 198 114 171 182 82 121 147 151 71 171 84
89 69 163 55 102 181 176 173 157 147 66 90 88 131 93 166 28 50 152 149 166 186 47 72 49 13 190 185 93 95 190 142 159 158 141 144 11 56 156 188 80 104 90 116 89 183 171 1 105 182 114 52 133 42 88 107 179 174 75 134 56 167 174 66 191 19 183 187 176 184 58 162 77 155 23 83 125 11 107 125 34 177 4 41 22 177 125 35 158 101 124 148 47 101 93 173 168 162 30 181
