30 	
0	17
1	2	6	6	2	
1	3	1	119	4	
0	2	1	54	2	
0	3	7	9	3	
1	2	4	22	1	
1	6	2	61	5	
0	1	9	94	7	
1	4	8	80	2	
0	5	2	6	1	
1	7	3	85	4	
0	3	6	36	8	
0	3	1	57	3	
0	2	5	86	4	
1	2	1	75	2	
1	3	9	9	5	
1	9	2	42	9	
0	8	5	50	2	
0	8	2	28	8	
1	4	1	16	9	
1	2	1	56	2	
1	8	5	19	9	
0	8	6	25	3	
1	1	1	104	7	
1	4	3	71	1	
0	2	1	119	3	
0	8	8	59	5	
0	1	3	37	7	
1	3	7	52	2	
1	2	7	67	3	
0	6	7	64	1	
196 82 164 117 57 191 83 84 173 179 41 16 164 170 76 154 189 46 175 17 171 79 171 19 192 113 175 27 100 192
94 27 54 189 184 69 67 61 57 126 198 31 165 38 109 159 146 16 66 78 58 154 31 103 156 28 90 157 141 20
70 118 6 131 7 40 10 186 42 35 190 153 31 68 69 27 32 149 92 57 15 175 180 151 100 9 172 43 43 17
165 190 114 8 116 196 135 99 190 50 52 20 195 165 1 68 16 34 14 93 52 68 184 168 18 1 29 111 82 6
145 110 165 125 193 110 137 192 124 116 142 138 179 48 89 47 99 82 95 61 18 196 36 34 161 43 61 46 164 192
169 174 191 135 24 92 33 135 86 79 145 81 7 91 146 34 169 141 17 94 180 195 21 76 193 17 160 65 53 170
192 190 47 65 30 173 41 108 65 47 65 26 92 69 164 58 72 178 134 172 116 45 43 23 177 118 59 141 67 37
130 91 21 120 122 112 77 111 70 152 18 134 109 31 101 191 59 23 90 89 45 73 24 7 61 71 171 111 1 14
63 30 68 11 34 162 22 170 94 180 151 110 68 27 63 123 145 50 144 114 144 196 156 104 105 151 65 91 161 9
68 11 190 60 194 72 57 73 191 7 37 22 14 165 82 41 45 162 101 41 44 43 154 53 69 166 177 70 31 154
134 166 190 138 147 134 15 73 161 176 100 186 199 112 159 44 171 64 188 129 195 62 17 33 121 184 179 12 112 139
168 115 152 53 114 84 139 104 90 31 4 5 101 62 60 62 139 46 103 31 107 109 189 79 48 107 166 26 24 184
156 46 153 155 97 48 195 191 56 144 102 133 199 79 128 68 78 167 184 164 31 181 23 189 127 41 7 152 2 95
185 37 65 76 146 146 61 199 20 82 139 149 33 43 123 143 21 121 199 151 124 126 153 40 59 66 107 146 65 148
53 165 17 178 26 22 141 87 17 119 91 197 117 82 189 93 20 86 115 120 123 115 174 93 153 167 34 79 143 17
95 167 154 135 134 50 170 96 84 79 22 47 155 12 94 27 190 83 119 152 57 179 106 145 108 76 52 182 92 14
186 39 87 29 197 156 129 141 116 77 188 52 113 175 150 159 63 118 155 115 124 165 124 173 162 50 28 135 60 13
32 32 186 99 176 74 5 54 135 186 62 42 101 64 120 6 54 53 132 7 196 32 88 62 167 105 171 59 134 85
25 42 186 111 116 14 118 161 63 62 169 82 118 36 119 20 120 166 12 76 164 132 49 37 39 89 150 183 122 111
108 60 65 140 199 126 90 9 22 64 169 160 64 100 98 38 161 25 108 26 59 39 67 101 122 121 114 192 129 79
192 14 186 183 21 161 30 41 93 189 119 144 99 4 75 171 98 65 79 114 110 1 156 112 9 156 23 5 24 196
174 96 194 156 33 133 193 122 155 66 163 131 99 104 44 73 94 115 150 95 9 136 50 39 102 115 181 60 170 116
124 1 178 70 146 62 82 108 130 3 44 96 115 168 137 53 4 196 53 195 145 21 101 61 16 160 98 48 48 81
140 127 46 98 114 196 77 23 173 95 107 13 33 52 163 6 183 124 152 108 119 105 3 10 28 146 125 3 8 112
35 185 134 16 151 173 26 34 127 71 4 124 151 129 45 133 127 96 144 158 36 188 4 54 4 184 156 128 26 67
196 81 57 142 10 125 97 55 79 139 122 48 64 59 34 141 128 26 72 86 139 93 84 174 99 159 183 185 92 169
115 193 67 182 10 20 152 146 29 42 179 64 163 26 125 42 136 29 68 73 192 133 58 144 13 46 119 23 25 131
80 138 10 175 170 119 92 33 81 121 190 149 171 108 36 31 110 69 91 124 184 112 91 91 51 194 176 146 151 117
149 187 169 92 180 178 179 31 91 164 49 60 85 54 68 105 30 52 147 61 159 69 174 36 98 82 71 15 155 115
152 11 43 118 115 66 80 58 136 144 148 17 67 5 182 55 78 151 65 6 49 74 82 166 82 158 196 111 121 135
140 139 75 38 70 21 124 118 157 81 81 8 78 45 54 82 69 124 33 2 107 96 70 173 199 53 190 70 117 12
