30 	
3	44
0	6	4	193	8	
0	2	4	144	7	
1	6	3	170	5	
0	9	1	35	9	
0	7	9	54	6	
1	8	3	156	6	
1	5	6	59	5	
0	5	4	149	3	
1	6	3	30	5	
1	3	7	137	7	
1	3	9	126	6	
1	1	3	16	8	
1	3	6	204	6	
1	6	3	128	2	
0	9	4	102	2	
0	5	7	176	7	
1	7	3	32	3	
1	1	9	80	4	
0	7	2	45	3	
0	9	4	115	2	
0	2	7	32	9	
1	3	1	88	9	
0	9	3	24	8	
1	1	2	222	4	
0	7	6	11	1	
1	3	7	155	8	
1	5	8	159	4	
1	6	7	83	9	
1	4	3	191	4	
1	1	2	129	8	
99 3 23 141 193 185 100 64 60 27 194 91 43 50 150 171 175 74 99 39 65 69 30 193 65 172 34 194 7 186
82 150 117 158 199 6 174 113 142 85 156 57 142 123 53 34 189 14 71 82 155 142 84 32 58 2 164 28 43 36
59 102 180 53 191 118 159 67 32 87 175 117 150 63 16 84 180 88 107 56 132 128 1 103 95 141 64 99 191 75
115 32 139 152 139 100 191 83 83 84 164 112 183 112 103 125 158 142 82 164 148 105 14 60 126 58 122 190 185 76
24 40 59 28 51 133 26 122 162 156 43 91 194 126 14 110 189 138 96 59 173 116 50 13 57 171 79 188 190 39
157 189 133 9 126 153 34 5 5 143 138 119 121 109 5 55 121 69 44 181 69 144 150 161 107 184 183 71 77 160
81 165 16 157 195 108 54 146 183 63 22 74 81 36 166 98 135 87 94 7 141 131 199 3 142 152 109 79 30 113
96 195 127 20 175 13 150 14 30 173 185 149 119 99 41 101 31 191 89 23 164 172 131 149 141 120 24 121 92 169
127 89 12 182 127 10 45 59 181 117 198 175 185 103 54 170 147 158 97 1 153 198 39 1 27 86 137 199 52 121
30 29 87 196 36 63 36 95 90 122 115 70 151 12 67 143 42 86 86 193 109 6 85 165 165 43 134 124 34 150
39 69 101 157 90 121 82 149 28 51 112 132 5 47 48 16 192 5 80 2 196 33 86 114 54 87 61 197 140 44
11 85 89 115 157 76 113 130 16 133 28 72 86 193 129 145 187 91 139 64 183 140 179 1 139 174 165 50 10 186
113 101 33 109 94 19 193 121 59 8 191 60 165 10 144 44 26 178 90 172 103 51 106 91 109 196 154 41 141 59
176 73 106 122 134 88 100 31 68 199 189 104 149 153 45 123 89 19 112 50 18 193 60 166 12 100 104 125 112 66
149 106 68 102 74 2 189 7 141 60 95 140 31 24 15 69 90 91 53 84 9 47 105 66 39 123 19 195 172 155
22 113 75 187 17 158 12 14 23 6 33 74 200 142 23 98 60 152 89 27 5 49 183 144 25 197 36 54 152 172
159 13 41 104 50 181 119 188 4 115 76 51 138 188 90 58 87 156 128 28 80 21 169 167 115 69 66 69 115 105
18 171 81 29 90 145 180 47 88 162 192 50 149 14 197 2 188 110 165 40 158 23 106 136 16 36 5 164 71 41
114 174 188 41 33 56 21 195 135 193 143 44 185 23 183 7 25 155 112 131 150 102 139 97 77 38 142 50 87 133
20 10 108 57 112 65 17 27 190 93 156 141 62 7 119 55 174 183 194 176 168 188 56 88 69 66 13 134 87 28
20 5 2 194 70 157 152 7 112 104 105 83 96 196 83 182 110 191 188 99 200 152 142 76 22 137 70 7 5 111
33 173 141 31 36 112 120 86 133 96 184 94 150 99 173 191 112 50 19 103 90 24 198 164 10 22 77 63 124 196
138 13 93 63 62 138 19 120 58 46 14 109 186 61 184 189 162 76 110 47 158 51 137 97 172 45 100 29 128 169
147 147 3 200 190 1 137 161 58 30 145 87 57 144 119 32 40 164 127 160 66 63 45 105 180 178 27 52 51 187
172 77 144 151 180 193 135 149 88 147 51 22 36 84 79 50 151 161 144 6 21 163 155 12 124 77 196 65 187 177
164 90 167 35 199 81 188 46 102 38 76 168 77 116 67 71 100 76 194 186 123 136 198 15 109 19 189 83 87 17
122 46 37 182 82 62 38 176 97 93 15 81 39 19 143 147 152 120 90 199 80 191 173 84 177 160 127 84 30 119
164 116 9 197 185 104 185 96 77 2 4 16 25 45 156 74 101 178 53 7 176 135 154 18 51 62 176 163 81 84
44 61 179 80 134 55 28 109 89 153 77 169 141 102 23 78 187 40 104 177 156 38 90 44 198 110 5 158 1 106
57 179 105 102 168 79 135 77 19 127 69 174 57 160 150 92 128 89 125 136 10 122 128 142 156 150 64 135 41 196
159 8 54 7 169 39 117 41 91 159 76 92 147 62 37 77 31 171 138 39 41 194 102 189 115 114 200 111 13 158
