90 	
5	14
1	6	4	348	3	
1	4	9	288	3	
0	2	5	4	4	
1	3	8	293	5	
1	1	7	75	2	
0	6	9	220	6	
1	7	2	375	4	
0	7	6	174	7	
0	2	4	196	6	
0	8	3	265	7	
1	6	9	75	4	
1	7	4	200	1	
0	2	3	298	9	
1	7	5	93	9	
1	1	1	274	9	
0	8	1	356	1	
1	2	8	322	9	
1	2	1	297	5	
1	6	8	4	3	
1	7	9	207	6	
0	4	3	54	6	
1	1	9	4	4	
0	8	3	187	4	
0	6	9	423	2	
0	8	8	45	7	
1	5	9	40	6	
1	4	9	66	3	
1	8	3	226	4	
0	7	3	322	5	
1	6	1	399	6	
0	2	1	268	9	
1	9	9	361	6	
1	9	3	222	6	
0	7	9	373	4	
1	1	8	427	8	
1	5	2	310	6	
1	3	8	265	5	
1	6	9	111	4	
0	2	7	219	5	
1	7	5	65	6	
1	8	3	353	3	
0	5	9	289	3	
1	2	8	358	3	
0	2	5	384	1	
1	9	5	89	6	
0	2	8	214	5	
0	9	4	425	8	
1	9	5	247	8	
1	6	1	55	9	
0	1	6	389	8	
0	7	3	418	6	
1	6	3	323	4	
0	6	4	413	2	
0	5	9	324	6	
1	5	6	76	2	
1	1	7	429	1	
1	6	8	260	6	
0	7	9	310	8	
1	2	5	285	5	
0	6	4	15	7	
0	7	7	164	1	
1	3	7	324	4	
0	5	6	6	7	
0	6	8	25	5	
0	7	6	219	6	
1	8	2	349	1	
0	7	7	419	2	
0	5	1	360	4	
1	8	1	202	8	
1	9	4	171	1	
0	8	1	386	9	
1	3	3	389	5	
1	1	9	199	2	
1	7	2	1	1	
0	8	3	135	6	
1	6	7	4	8	
0	4	7	160	1	
0	1	2	107	1	
0	9	6	322	1	
0	9	7	117	3	
0	3	4	155	3	
1	2	5	380	2	
0	4	5	346	7	
1	7	7	135	2	
0	6	3	60	6	
0	9	6	59	9	
1	9	9	408	9	
1	6	7	381	4	
0	1	9	357	7	
0	5	8	323	1	
64 192 200 133 127 39 38 65 97 33 190 96 122 52 19 46 117 52 171 123 48 85 30 65 10 186 63 53 196 95 163 59 185 10 91 53 186 91 25 84 170 60 66 193 66 42 93 122 6 1 122 95 39 77 97 185 12 91 75 25 131 70 124 2 25 125 122 142 34 66 188 49 56 198 142 189 53 45 150 188 102 126 116 159 146 181 13 183 200 30
114 173 165 158 95 197 79 109 43 61 119 32 1 29 87 136 76 76 174 21 176 183 93 183 39 183 186 28 165 11 49 83 45 165 36 104 117 25 122 87 75 140 105 121 127 111 106 165 158 178 45 39 47 181 82 92 50 187 188 192 33 174 107 44 66 158 16 103 159 52 89 62 49 171 41 108 110 96 172 121 17 23 200 5 112 80 171 15 121 107
101 106 39 18 21 136 105 80 176 37 171 133 91 178 87 116 95 187 75 132 183 69 65 6 63 117 40 73 137 119 184 31 32 145 113 30 197 83 144 43 79 189 130 113 123 60 168 50 147 74 125 140 83 51 164 154 92 24 184 168 16 35 46 78 157 126 24 17 163 105 171 7 187 35 48 65 183 192 41 158 90 179 164 71 168 146 180 17 21 66
145 56 10 155 107 175 134 170 135 192 146 1 42 79 108 194 11 34 113 99 191 35 94 58 61 189 90 55 7 28 132 82 111 68 164 47 56 131 194 6 184 20 51 69 187 89 169 16 111 93 130 51 39 94 121 8 16 104 142 95 13 156 15 103 194 188 52 71 194 96 72 61 144 15 17 172 50 189 151 117 184 61 71 94 163 117 153 113 167 101
176 109 186 107 27 20 7 21 41 168 190 107 23 200 18 138 50 142 95 127 131 23 128 145 117 91 118 113 124 15 89 192 145 81 125 181 5 12 83 55 181 117 147 53 97 177 165 74 188 119 156 193 27 8 123 142 144 42 21 101 12 53 33 175 146 98 77 84 93 94 175 110 17 66 191 176 50 123 199 76 5 7 181 143 74 143 185 95 101 80
113 134 78 57 140 115 27 83 51 102 116 17 158 77 87 45 77 182 128 144 60 111 112 90 198 172 115 192 109 75 53 164 6 137 156 158 184 186 119 192 131 197 20 195 86 133 181 155 151 31 147 37 156 194 25 152 41 158 30 149 63 7 140 90 12 172 15 45 177 86 187 195 57 156 121 40 124 65 128 93 200 102 119 112 10 25 11 156 101 32
56 30 17 17 52 70 133 112 178 152 119 67 197 191 17 85 49 107 17 67 147 77 14 198 97 139 42 16 53 149 196 191 182 187 188 78 76 54 166 14 193 167 163 113 168 27 54 127 173 129 152 196 131 4 172 165 144 137 181 131 86 139 162 80 95 139 78 184 43 43 124 170 113 9 20 114 152 141 164 17 44 6 61 42 7 21 23 192 167 134
30 65 2 138 101 40 97 76 154 94 21 79 61 86 2 88 122 36 196 119 37 139 188 100 6 30 95 70 159 40 64 10 22 169 4 119 139 51 23 68 48 149 114 111 90 159 200 25 167 144 126 2 130 94 132 57 164 115 23 33 197 88 72 129 114 116 32 64 55 27 76 36 105 168 36 20 46 144 191 135 116 181 20 71 41 83 77 134 102 75
141 128 105 145 13 175 73 185 144 66 188 54 58 97 64 161 138 182 139 85 160 125 185 158 109 22 147 166 93 44 158 99 99 11 192 74 129 140 123 61 48 3 157 112 73 93 83 60 67 132 165 152 197 121 2 61 115 81 196 110 64 172 38 2 163 121 36 85 165 104 48 26 114 56 162 139 135 173 109 33 52 31 69 68 118 60 11 21 63 19
7 69 144 62 160 93 24 157 8 167 22 110 118 108 166 72 4 1 151 26 164 20 25 153 117 26 126 166 41 132 162 124 12 25 164 9 146 186 16 148 126 58 187 73 146 107 96 186 7 77 114 97 112 55 123 88 2 96 22 92 128 56 194 185 15 8 51 42 146 73 125 50 174 107 135 52 46 172 125 13 50 185 186 77 46 159 41 42 73 149
64 73 56 67 172 40 102 182 81 88 130 60 182 193 138 45 56 111 86 51 62 198 146 72 67 168 28 95 68 40 131 85 66 169 127 145 10 11 175 5 133 172 182 165 145 185 4 174 15 89 150 151 182 144 170 71 126 47 194 193 178 25 192 60 8 127 191 129 38 195 28 194 195 119 195 170 104 92 41 135 28 115 30 28 58 23 41 149 168 188
51 53 13 168 100 160 7 61 101 61 152 78 2 42 95 94 10 181 1 144 138 107 116 22 58 113 84 40 12 38 4 118 114 31 113 24 94 125 60 15 137 102 181 148 92 189 64 187 99 170 132 178 200 176 32 107 20 75 169 159 167 89 40 110 60 102 125 22 84 75 198 1 195 144 157 127 177 178 19 108 66 59 117 148 71 35 63 141 21 14
121 45 88 151 197 111 16 87 181 103 108 9 125 180 3 182 38 57 42 109 11 6 177 100 123 56 159 69 158 31 130 157 176 78 17 109 158 9 161 72 6 37 93 127 41 97 84 24 66 117 125 137 197 71 21 174 138 42 121 46 171 32 15 199 25 117 100 41 131 160 1 173 191 146 165 155 34 129 43 167 68 51 78 84 101 100 196 110 69 182
174 25 98 178 44 92 181 50 196 53 89 79 72 49 79 148 190 23 140 72 31 40 122 20 112 10 108 50 33 87 145 195 133 189 125 121 131 185 8 19 52 10 54 200 159 25 54 85 174 90 200 17 12 175 31 24 89 144 43 119 106 32 33 78 61 88 85 24 100 145 122 4 160 125 47 129 65 62 121 137 36 200 37 74 51 151 169 115 181 113
158 21 25 103 141 125 54 193 111 172 15 23 173 200 89 65 146 76 4 153 133 110 13 28 37 178 124 33 149 66 143 57 163 130 121 55 126 69 100 19 120 27 31 124 165 84 27 145 188 4 172 87 33 90 28 137 144 91 51 72 29 49 192 109 112 167 36 170 23 68 101 134 51 88 189 117 112 106 95 24 184 100 55 132 137 9 146 171 138 196
112 156 10 160 181 9 155 50 69 127 66 40 70 129 110 188 114 130 60 131 89 170 30 155 46 84 126 122 113 67 183 139 40 156 138 100 112 88 55 197 191 176 55 35 51 195 85 88 30 56 81 88 40 194 121 132 98 104 141 158 189 138 118 40 156 25 75 172 4 196 52 165 104 179 78 87 95 141 170 34 84 90 119 28 181 156 106 67 179 101
161 48 182 12 129 94 77 131 86 89 123 49 19 38 124 32 160 171 162 11 160 131 75 168 96 12 125 101 1 75 168 70 109 157 131 50 123 48 15 13 51 120 171 61 6 13 143 80 62 87 162 175 188 7 20 178 17 163 183 69 163 108 141 56 58 70 64 79 195 134 173 59 24 31 66 150 46 165 84 172 72 112 142 22 56 47 114 14 128 107
173 77 10 47 160 160 190 31 14 49 107 50 134 180 181 162 161 144 191 11 110 62 164 105 54 42 104 30 169 149 109 15 159 3 70 68 200 200 177 127 67 117 109 67 18 124 4 170 28 76 124 116 116 130 175 81 129 11 27 41 88 186 68 20 108 139 184 176 67 66 99 18 198 132 27 16 195 83 167 165 185 131 76 128 194 177 154 11 56 94
34 115 73 185 50 134 99 33 45 24 170 91 33 35 171 64 132 136 137 55 193 56 159 163 106 167 102 21 118 74 63 74 172 82 176 89 168 73 91 166 109 20 5 126 156 34 10 93 181 43 8 190 94 143 75 184 137 36 81 90 49 33 155 82 200 149 2 117 193 167 75 149 140 44 23 179 127 54 64 2 198 168 57 130 116 10 106 191 107 17
33 102 56 128 4 66 186 179 70 124 154 193 174 195 140 39 163 146 142 22 76 21 10 40 65 139 186 60 28 160 127 158 179 77 91 181 7 64 15 185 162 39 31 118 71 150 82 62 46 132 59 69 135 78 119 136 193 70 47 100 82 68 80 163 113 24 131 107 121 65 107 82 84 174 76 2 46 39 56 95 6 139 3 176 20 94 195 11 137 177
179 99 70 158 167 44 85 45 99 190 161 83 18 39 188 152 158 196 93 134 171 123 160 142 7 53 123 99 149 112 168 181 86 70 46 193 174 196 147 66 123 125 161 48 62 172 57 36 118 10 113 19 86 38 165 80 75 59 53 146 83 103 91 195 23 154 61 115 177 77 106 179 89 161 60 118 194 165 73 100 173 141 3 118 48 97 106 175 14 85
186 172 144 95 10 63 2 107 99 94 27 134 113 105 60 87 5 196 63 36 99 55 182 157 162 102 61 5 20 109 106 41 181 181 36 133 143 35 141 5 104 116 155 101 189 29 103 112 192 170 175 175 6 105 180 45 184 162 91 198 192 82 12 156 169 186 150 138 152 106 152 164 190 33 200 13 154 48 79 59 9 153 100 15 167 159 172 160 54 22
63 133 82 86 87 110 13 55 136 43 157 59 65 197 160 70 98 53 59 22 136 196 138 45 2 175 21 35 43 142 150 73 174 16 44 71 83 146 30 65 153 114 21 187 122 138 46 121 123 56 148 96 78 119 164 79 27 60 97 200 75 50 99 194 2 1 170 10 81 33 64 189 5 42 36 20 141 6 163 8 132 164 81 169 69 147 180 86 118 146
129 129 98 101 111 95 18 37 60 148 18 154 53 184 151 177 16 140 133 110 117 97 184 119 168 89 139 114 87 99 29 156 123 39 124 14 103 168 67 135 149 186 130 152 30 187 122 152 8 133 158 131 198 145 42 7 128 52 20 42 87 52 150 44 176 90 14 73 182 113 13 88 163 81 82 45 73 1 26 82 84 2 89 117 73 57 35 117 151 163
176 72 190 12 30 91 21 86 8 153 60 130 178 96 16 12 15 5 62 132 28 192 141 147 88 28 47 174 95 93 68 7 23 155 163 168 1 142 91 193 1 116 11 198 4 67 26 156 1 181 145 7 180 43 14 37 154 73 139 34 148 8 33 91 18 79 26 81 27 44 181 172 191 69 141 54 45 165 75 117 44 193 136 56 158 70 47 74 177 170
135 63 53 158 66 4 120 131 69 172 125 45 2 171 117 2 80 119 19 115 56 149 56 186 35 120 91 56 184 179 155 150 6 128 174 43 195 161 148 139 8 43 109 148 117 166 44 4 45 79 135 46 119 148 129 34 164 116 13 164 78 113 200 107 2 88 175 15 17 56 98 14 179 136 11 188 92 4 61 186 41 61 167 71 174 113 73 83 162 26
68 63 119 172 85 117 31 107 8 1 92 13 97 7 114 140 4 161 79 197 78 45 192 6 178 179 69 38 18 6 132 148 97 101 167 184 110 172 83 162 53 117 149 96 85 44 31 183 79 86 4 50 149 200 153 146 51 11 20 189 4 161 135 66 2 108 189 195 99 8 195 49 148 146 149 68 50 69 89 174 26 120 9 63 45 35 116 45 64 3
31 18 8 71 185 70 128 1 113 151 41 51 48 50 87 116 195 176 136 147 93 60 3 200 187 192 138 126 136 155 186 173 114 27 181 122 163 28 112 58 135 34 130 66 185 100 79 162 62 179 10 162 163 162 32 180 146 121 107 58 198 42 136 40 100 100 184 72 193 186 127 112 8 178 197 171 48 105 178 86 149 23 140 191 169 103 85 84 100 100
121 173 89 116 167 128 128 92 55 23 155 186 94 58 169 55 75 86 45 17 48 116 188 178 18 79 57 169 93 64 150 22 196 186 90 70 124 8 71 190 8 50 20 178 5 105 116 96 78 103 126 55 58 135 117 102 56 116 185 28 53 60 30 41 103 143 189 148 51 173 13 157 11 5 18 145 73 46 49 192 91 110 171 44 25 182 139 172 156 59
77 91 66 89 74 186 198 90 181 116 138 3 69 62 48 139 139 196 162 195 162 44 22 149 58 154 114 114 84 181 149 13 73 62 52 197 178 88 128 200 184 48 28 20 16 35 40 18 109 42 153 30 152 193 153 69 75 120 194 131 2 129 12 28 161 85 29 19 117 112 118 154 184 174 174 192 87 172 89 56 68 41 16 46 137 30 174 61 171 164
4 93 102 159 156 140 35 6 51 15 169 8 23 69 91 30 143 34 36 50 165 166 37 73 91 52 42 72 52 159 30 158 152 115 140 33 194 135 19 5 39 126 146 140 153 89 135 197 97 21 72 30 90 129 77 125 181 14 153 69 138 113 31 178 187 187 111 180 66 67 198 51 138 43 9 145 107 139 29 182 39 194 45 162 63 127 17 48 18 156
85 102 179 129 73 191 143 154 148 162 24 61 139 45 85 19 100 149 142 60 181 195 72 184 158 157 127 157 12 164 146 48 75 17 146 144 128 38 45 23 78 141 37 153 154 98 194 185 160 70 51 181 120 111 71 22 175 93 25 152 97 144 168 81 105 15 53 135 33 61 192 123 24 169 137 66 95 31 93 157 74 76 77 23 114 12 14 133 45 176
29 21 186 86 111 144 74 39 152 181 155 12 113 148 177 55 24 198 113 56 61 158 56 143 121 126 139 53 66 87 81 189 132 152 127 104 31 64 127 150 152 76 134 40 30 177 39 151 43 36 131 87 168 163 121 41 10 76 116 95 194 132 186 179 179 105 58 115 192 76 119 70 59 60 13 3 177 145 43 7 68 24 55 86 153 145 108 131 167 139
115 65 81 189 150 56 57 47 13 188 30 178 132 196 50 178 68 8 145 119 56 17 186 54 96 149 183 164 162 91 102 190 197 98 175 179 177 34 194 48 162 164 4 141 170 191 128 198 103 118 183 135 111 177 111 92 186 108 128 6 98 146 25 198 172 194 191 158 15 180 70 177 70 61 61 95 7 149 166 189 100 140 93 49 134 62 20 183 174 140
128 37 82 15 89 152 99 58 164 67 129 10 55 42 169 64 78 152 134 75 7 37 42 52 63 129 90 186 24 185 129 172 97 79 107 55 156 146 128 2 173 175 37 92 81 32 156 7 92 83 165 81 71 28 164 113 137 103 188 113 43 168 69 177 76 152 78 2 30 176 8 101 150 49 82 48 135 182 130 98 32 90 182 83 68 130 159 198 142 119
195 127 157 63 119 89 112 192 170 170 27 182 121 92 148 144 50 192 53 194 112 90 130 64 40 28 106 197 60 172 90 108 142 102 159 173 94 20 67 168 182 145 173 190 133 99 189 43 63 42 95 105 189 55 144 112 77 9 127 64 161 192 108 16 161 53 130 149 49 125 183 29 36 194 75 101 19 8 180 179 170 132 52 176 85 100 195 57 131 145
36 169 94 45 123 172 188 178 43 137 55 142 160 26 158 192 118 4 30 133 160 195 56 20 197 139 46 178 11 68 74 78 165 158 11 63 45 120 187 28 12 11 3 140 76 157 32 62 108 136 179 39 3 46 136 37 142 123 43 51 144 49 191 101 181 16 161 191 116 163 142 46 21 166 87 114 79 86 197 184 151 91 27 124 84 126 52 94 36 27
90 94 108 159 105 85 140 86 71 57 95 48 91 133 53 61 11 29 115 148 125 166 182 62 54 196 12 148 81 91 180 109 81 31 7 19 180 46 41 183 114 117 68 145 15 80 120 66 95 34 72 134 171 183 167 12 86 2 39 189 6 169 24 40 94 182 87 90 136 57 38 199 65 117 68 139 16 182 146 99 71 40 82 23 147 15 60 99 181 33
200 84 100 19 150 34 28 49 155 189 29 124 184 115 154 46 143 120 122 152 81 74 112 62 81 53 41 61 78 81 144 169 77 53 64 20 122 198 99 74 190 20 64 17 25 167 24 33 139 187 53 17 35 136 77 75 185 26 186 151 115 99 94 111 133 126 70 103 167 140 50 29 36 107 49 14 130 69 2 39 140 1 61 91 92 9 176 167 121 41
53 148 174 40 69 129 105 52 198 115 60 141 131 106 143 63 192 15 99 197 129 158 193 47 38 192 64 9 52 17 188 5 79 24 53 143 53 189 72 180 160 110 40 123 99 4 26 3 18 58 145 48 168 16 161 101 87 34 24 124 83 177 56 108 34 98 115 44 159 101 159 138 32 173 43 136 88 141 106 54 13 149 148 42 115 133 44 176 47 130
194 166 66 98 64 81 92 184 83 145 61 191 87 165 72 158 109 174 176 104 81 96 125 162 99 168 128 143 173 65 25 41 182 105 140 45 128 37 9 101 116 142 47 172 11 125 192 193 162 30 126 151 108 30 107 165 67 32 183 108 143 50 150 151 200 27 46 42 102 196 198 94 163 62 28 36 199 86 88 144 146 86 85 26 199 160 170 173 60 41
93 74 40 43 54 94 90 60 139 185 26 124 172 111 189 68 40 93 34 20 107 86 91 163 73 33 180 67 83 104 61 134 113 84 76 67 46 172 15 16 198 18 183 126 130 141 193 185 28 188 91 13 145 99 3 33 106 184 90 141 175 53 51 91 67 171 64 88 156 180 42 168 53 91 63 140 61 24 71 7 52 36 57 20 162 176 102 4 95 11
48 131 188 192 11 194 80 124 119 42 169 159 169 23 187 22 94 126 191 196 145 117 179 67 161 118 187 34 15 135 27 94 115 61 49 82 43 38 125 106 84 109 1 68 81 72 30 53 41 77 37 62 94 131 100 172 105 92 64 193 80 164 138 26 72 62 102 81 56 47 129 115 14 188 3 85 38 140 193 171 150 65 42 68 32 161 41 40 6 178
15 31 140 115 51 151 179 159 125 38 162 38 9 66 41 76 10 110 15 142 112 109 88 160 99 21 56 14 170 155 71 168 1 144 127 51 181 192 174 18 17 93 102 24 175 91 115 92 140 91 63 158 77 171 164 109 192 138 26 12 23 87 114 162 116 72 74 154 186 98 187 94 22 88 143 181 192 118 155 99 57 72 109 157 98 95 172 15 55 159
128 52 199 112 98 158 122 28 12 12 174 179 33 146 74 7 36 111 160 10 165 52 1 153 144 157 58 87 20 32 155 13 189 79 105 162 9 34 163 105 30 159 126 36 65 112 101 103 197 115 190 30 184 63 58 137 103 13 84 15 175 66 10 31 79 8 189 108 18 81 141 2 168 27 86 101 149 191 170 42 13 82 118 154 165 88 150 186 189 139
122 145 193 19 16 106 98 7 48 192 28 77 5 162 97 106 84 12 33 10 48 112 105 170 40 127 151 94 80 100 32 112 46 23 37 38 122 109 190 83 140 74 22 14 137 100 166 154 117 71 64 42 135 173 106 144 33 3 101 117 44 115 159 76 151 185 90 40 44 154 12 60 184 177 179 62 125 6 64 23 63 184 155 103 104 81 106 154 140 134
121 104 54 118 123 11 59 184 164 38 196 51 69 103 139 87 86 152 180 189 176 127 169 114 17 185 130 57 183 62 112 173 55 91 184 136 4 111 99 124 22 109 85 58 20 34 138 110 188 125 56 26 176 165 200 112 15 53 168 63 197 5 80 156 155 92 69 124 94 184 96 83 130 89 145 100 108 130 165 174 144 184 101 21 123 147 38 35 45 111
61 13 158 93 149 95 110 123 35 42 197 139 73 129 27 100 85 108 99 195 196 26 13 10 112 189 158 159 149 44 157 118 9 163 109 16 192 59 130 81 109 180 43 184 32 108 70 6 147 153 135 105 189 17 189 145 155 158 187 109 65 118 124 132 93 55 72 177 123 111 13 56 167 19 143 52 112 97 121 100 143 136 130 175 59 44 84 179 10 176
82 78 169 94 156 103 129 170 13 124 170 71 34 98 143 38 128 173 115 125 126 188 150 122 189 80 198 9 194 96 31 90 131 50 183 57 118 6 55 188 9 175 148 96 162 67 122 26 79 165 87 51 189 160 69 14 103 141 72 41 140 1 53 104 157 139 152 94 30 88 166 105 140 147 144 98 67 152 18 159 94 20 47 69 74 94 83 96 130 191
188 177 15 42 25 141 113 78 12 49 6 145 63 151 165 118 33 120 39 193 127 18 92 141 86 196 190 146 168 179 160 86 148 128 118 177 83 145 122 172 57 182 87 80 6 103 155 107 68 196 196 190 142 84 125 185 122 157 58 188 20 146 95 58 4 126 50 51 49 144 166 54 34 97 168 1 197 155 11 173 129 190 171 175 56 142 10 121 180 28
102 128 133 174 69 39 9 163 31 77 148 19 141 37 156 79 6 53 48 87 75 100 166 132 30 119 33 158 142 79 181 18 105 67 81 144 66 25 183 153 115 159 200 194 43 56 164 77 138 173 144 101 165 117 1 38 132 163 45 73 22 154 170 38 94 158 76 161 53 62 126 73 21 113 9 67 67 195 155 161 34 187 176 142 46 22 89 185 1 20
143 156 99 4 125 29 124 138 132 9 130 38 136 10 27 184 178 159 42 154 75 156 4 147 193 93 93 181 186 88 20 104 97 89 112 35 38 18 187 67 158 59 108 72 99 74 126 94 81 132 122 184 50 200 32 181 160 107 7 54 110 137 166 86 100 137 194 151 167 94 57 15 59 119 139 70 43 109 33 31 51 92 119 147 59 52 101 159 183 52
166 198 63 4 84 7 110 22 12 118 145 136 30 17 177 59 10 137 168 109 82 36 189 160 196 46 165 184 180 32 113 98 93 140 174 177 142 33 146 133 3 185 19 29 180 174 39 100 20 44 44 127 30 189 17 39 85 81 33 138 113 182 51 15 175 195 148 191 117 55 62 57 80 64 191 176 65 61 30 10 85 97 65 132 55 112 177 87 19 183
177 105 163 93 133 141 152 115 44 126 26 5 153 71 37 85 188 107 197 74 82 125 9 173 164 107 82 104 155 129 25 50 164 53 176 184 9 118 124 183 83 85 99 88 153 72 141 75 143 174 116 70 154 51 106 184 46 153 78 24 195 200 48 191 130 84 169 128 38 14 50 141 50 64 147 141 45 108 171 94 172 91 76 181 111 59 174 86 20 105
89 55 69 135 82 80 140 158 102 168 68 97 39 69 45 133 168 56 34 76 78 154 145 197 166 78 67 116 82 105 173 84 86 86 77 92 198 28 147 194 79 7 187 171 48 158 164 194 37 134 34 87 5 156 194 95 110 103 43 186 73 109 123 152 39 62 19 163 143 52 113 155 100 132 95 79 141 10 39 9 101 137 200 152 100 181 40 123 102 172
62 173 6 115 110 157 110 182 130 133 118 113 10 53 139 46 83 38 98 35 140 147 50 150 13 158 1 139 67 26 1 75 56 52 1 106 10 111 152 146 172 92 191 77 81 184 138 196 98 198 16 87 84 71 74 70 105 153 25 85 63 73 166 46 118 162 2 108 174 141 171 13 150 107 159 69 184 51 47 1 125 158 106 111 30 21 90 195 3 30
72 13 51 188 5 9 98 79 189 76 62 72 5 35 132 106 123 3 74 31 39 111 196 129 23 182 57 99 131 91 89 148 74 20 103 195 143 99 85 106 78 46 44 119 109 84 55 193 103 117 84 153 154 17 7 69 193 12 78 69 194 118 127 166 110 150 102 67 133 4 125 198 154 111 43 73 161 136 97 11 92 35 114 129 136 61 119 191 130 94
193 124 159 68 125 191 98 161 35 112 200 195 90 160 141 34 60 7 135 15 195 167 186 186 31 76 156 137 142 169 77 195 139 59 46 137 166 86 185 68 136 193 140 188 77 119 44 108 188 134 72 20 97 48 27 103 80 56 6 81 159 16 140 108 138 7 190 87 47 165 38 187 57 106 14 112 32 37 169 68 21 76 79 46 88 182 101 29 95 18
187 41 2 162 134 32 46 166 141 117 93 162 114 24 57 122 62 89 146 52 143 26 52 140 54 89 45 104 134 108 91 182 145 108 65 196 181 11 45 24 63 146 13 13 182 111 198 68 144 180 25 162 8 111 169 62 92 160 87 92 182 197 138 151 197 83 40 40 103 20 197 10 179 90 60 117 88 147 4 111 66 38 26 87 174 166 114 52 43 136
81 133 194 44 189 145 9 38 94 81 152 7 38 93 165 123 197 154 166 93 20 61 84 81 70 116 54 127 199 108 81 5 6 31 76 176 97 132 177 26 54 145 6 51 27 107 5 79 144 21 44 2 70 148 48 27 78 137 185 152 83 64 141 178 71 188 126 182 94 16 48 79 36 45 145 166 11 150 164 78 69 129 116 26 8 85 132 74 81 59
173 22 10 86 160 185 99 56 93 143 49 23 124 79 183 61 18 132 198 36 144 18 65 33 167 69 64 51 131 106 108 67 96 69 120 55 183 18 91 198 1 105 191 42 152 45 170 144 41 141 196 99 122 21 136 48 38 138 92 109 109 152 43 144 111 137 110 13 54 82 104 127 29 150 33 59 16 198 152 18 172 116 99 72 22 84 154 15 67 111
25 176 174 183 105 169 136 82 142 166 78 61 39 116 69 195 104 174 130 81 91 180 186 170 138 90 3 61 93 191 98 77 139 147 172 54 43 156 55 154 184 69 49 152 105 186 74 122 116 51 179 143 85 104 126 26 131 22 119 165 195 48 162 30 178 112 26 17 196 61 38 192 47 23 80 62 62 45 64 27 26 174 91 83 47 162 7 150 35 37
115 169 161 161 143 42 76 85 32 114 119 177 103 175 57 80 163 12 21 55 114 93 74 95 119 107 32 105 180 143 103 3 19 38 95 83 135 119 189 100 186 97 177 150 110 140 198 126 118 73 47 6 81 117 115 175 131 43 149 48 123 173 139 143 34 55 24 124 199 36 198 2 142 38 51 62 1 84 54 43 160 140 136 34 174 182 200 137 150 161
82 12 106 133 73 159 191 19 23 64 84 101 120 197 80 179 91 26 64 28 52 52 3 13 164 110 107 47 1 113 102 165 16 74 199 97 130 121 173 154 47 21 191 148 105 6 144 93 103 123 168 23 153 82 85 76 174 80 130 75 84 78 181 195 17 168 63 89 139 23 158 135 66 78 15 36 175 16 153 153 44 135 58 65 50 45 20 132 31 26
66 66 191 153 107 71 129 140 189 182 147 53 154 131 79 189 142 93 104 29 64 10 105 188 200 108 96 112 113 198 114 122 94 27 172 59 19 111 49 138 175 112 153 195 99 99 20 22 78 155 46 90 16 134 149 168 179 77 109 122 108 197 160 179 82 75 84 112 174 140 67 123 124 189 198 92 191 155 85 152 23 58 23 186 198 130 28 93 26 172
46 180 96 38 24 47 156 194 119 142 182 89 132 53 181 44 62 123 157 107 170 120 134 14 97 131 37 20 38 37 17 170 157 70 184 10 5 153 56 94 73 117 191 38 30 49 60 162 10 178 178 73 160 27 158 56 34 57 181 151 131 119 88 161 42 188 62 12 158 63 97 199 35 121 188 105 134 124 191 156 110 46 87 9 186 125 30 88 181 125
17 17 152 148 147 108 95 126 40 108 46 148 77 34 55 163 3 37 92 158 55 47 65 195 2 85 92 199 42 117 58 110 146 75 144 92 177 126 5 59 138 29 2 18 128 191 2 26 127 121 103 189 48 43 199 71 87 169 44 119 196 52 142 120 85 169 59 40 48 118 142 190 16 131 21 180 143 85 81 90 17 26 134 193 8 52 143 131 156 179
142 128 156 120 191 174 85 83 3 117 124 128 61 82 132 75 134 148 18 142 87 163 151 190 189 4 147 159 185 190 135 182 128 60 186 131 108 125 12 179 73 6 54 25 32 172 187 123 38 50 12 117 184 50 20 83 158 18 109 161 9 73 47 49 118 12 18 148 79 14 39 23 90 43 21 168 166 189 77 96 97 128 128 195 188 89 115 31 134 50
14 151 25 190 124 77 104 44 156 25 148 140 37 171 66 89 131 173 130 64 50 133 159 3 16 9 88 76 126 29 33 177 125 11 115 15 147 34 42 162 124 62 79 72 127 21 173 12 200 51 32 164 126 6 37 191 65 75 111 73 21 138 34 55 62 103 38 63 55 182 113 59 100 80 93 164 2 101 1 85 154 126 106 142 71 98 135 192 177 117
197 5 193 199 131 34 107 89 116 151 36 131 62 110 176 191 174 69 103 124 168 65 117 14 82 65 101 109 31 147 166 186 144 54 179 53 19 197 45 168 22 24 45 140 3 89 174 104 186 96 30 20 136 72 122 50 21 68 180 75 31 71 149 162 102 196 95 98 72 23 195 83 57 112 85 64 170 136 198 41 3 168 76 57 150 59 184 121 39 95
126 132 46 111 26 82 134 121 144 68 142 114 118 147 44 159 89 44 112 151 5 137 78 58 190 78 89 2 33 142 186 41 43 129 95 72 22 188 91 15 122 103 66 28 146 185 135 50 15 34 141 32 99 53 59 190 146 5 199 165 191 6 53 137 166 83 118 94 178 40 182 75 192 8 178 171 176 128 121 153 148 119 91 61 68 34 93 69 190 122
79 127 127 90 172 157 164 17 141 90 86 144 54 53 111 185 177 45 162 2 96 120 35 31 190 143 115 80 111 148 10 184 124 171 4 13 138 156 184 55 177 109 195 111 77 121 165 26 23 26 42 36 59 17 182 127 148 148 42 161 88 153 166 9 68 148 190 29 96 184 158 144 142 3 145 41 15 64 80 15 58 41 191 124 92 95 177 76 26 149
154 191 197 52 66 180 95 31 137 170 110 129 179 45 159 140 49 186 163 91 62 78 85 30 30 36 175 107 134 5 189 25 199 105 58 199 30 120 46 4 111 72 140 54 58 6 41 107 100 189 175 90 85 41 123 90 22 99 12 193 135 88 10 148 190 58 67 3 112 125 72 37 172 157 75 170 168 9 14 13 133 157 26 128 144 74 80 64 181 146
119 54 110 193 102 200 32 195 156 4 176 86 51 134 82 185 196 23 4 9 73 165 8 45 198 107 174 161 198 180 161 5 160 34 38 187 14 122 7 47 83 178 169 153 89 83 6 173 33 113 86 96 61 68 72 103 49 94 115 124 87 101 94 60 130 180 8 8 6 182 76 64 79 185 34 176 40 99 95 79 6 161 23 190 148 183 104 162 23 90
54 115 58 198 155 113 139 200 50 166 38 148 24 65 144 150 17 53 115 98 71 76 16 107 108 127 47 10 130 131 116 159 66 152 152 21 78 151 184 200 41 159 121 119 179 58 125 77 94 185 128 29 3 52 46 76 59 95 93 95 191 176 54 120 190 112 197 48 148 62 112 79 171 184 20 175 26 35 127 4 63 53 192 142 177 98 169 2 161 148
138 104 76 112 145 4 109 186 141 158 130 37 12 39 185 85 85 98 138 188 75 113 15 27 32 174 163 146 158 193 200 127 110 87 166 168 139 28 41 30 70 25 61 181 55 27 109 187 43 198 9 181 5 75 151 113 26 147 17 76 86 188 67 126 87 169 120 39 168 14 39 19 109 151 18 34 13 192 145 10 21 61 64 171 76 27 114 101 179 194
104 15 151 75 55 81 148 71 19 45 53 176 91 18 31 84 169 80 128 188 124 136 152 54 76 161 77 163 182 148 8 37 134 184 199 194 68 137 110 147 164 109 66 200 134 143 62 117 135 84 164 46 20 187 35 157 160 158 175 72 108 19 116 4 127 190 114 195 31 105 194 43 152 80 95 74 20 177 105 74 36 47 93 134 194 61 10 6 116 150
166 71 198 41 68 175 8 140 19 150 17 147 78 69 98 102 89 141 47 17 109 20 195 64 113 102 59 68 6 49 169 15 7 89 149 62 15 64 152 184 24 199 174 122 121 160 139 189 191 55 64 19 8 120 118 25 161 137 119 56 195 115 112 45 128 171 2 81 50 96 56 115 18 26 37 17 178 53 107 199 186 152 56 151 132 185 100 152 13 38
105 71 55 60 70 19 57 52 155 104 128 165 20 175 3 129 154 2 120 81 169 147 126 87 151 89 71 177 102 69 155 32 159 177 199 122 47 67 197 31 133 111 93 117 37 72 22 183 170 24 191 109 10 199 7 55 168 145 16 5 46 74 42 86 61 135 184 122 194 16 108 23 24 167 161 145 193 16 195 144 180 38 35 108 80 17 113 120 99 49
88 68 99 196 191 136 42 72 171 87 167 87 3 26 60 137 181 107 94 144 102 132 47 158 10 156 138 139 171 27 192 198 50 100 142 71 185 86 129 33 14 107 187 144 1 118 30 171 34 129 79 72 116 149 81 76 34 199 164 28 13 102 41 140 163 200 41 91 48 83 191 19 122 102 185 86 87 13 12 127 120 178 147 79 121 52 144 145 147 4
27 76 83 192 160 65 110 78 132 21 196 72 81 125 50 15 3 53 84 198 122 149 29 190 119 115 39 175 183 166 140 136 161 173 6 87 181 136 47 127 193 64 180 94 133 22 174 103 184 93 166 179 140 83 5 73 14 7 142 185 117 113 92 68 164 42 57 19 131 198 44 25 43 194 9 189 182 13 195 106 35 166 168 186 54 105 62 11 174 62
32 15 77 156 178 74 143 135 157 120 200 120 160 80 135 166 31 108 80 173 188 76 125 56 18 90 57 199 199 163 78 121 88 58 134 24 37 198 27 26 134 145 145 124 127 129 189 185 48 47 57 69 82 110 88 200 51 145 31 168 73 10 73 191 197 39 85 31 161 70 148 150 26 158 13 149 124 7 62 18 18 70 10 143 152 121 7 165 111 169
196 48 103 42 97 129 34 99 33 83 193 146 178 132 131 48 180 18 131 93 30 102 134 70 135 182 115 163 25 188 41 60 70 58 184 63 100 61 171 102 36 60 136 148 149 43 76 69 155 34 86 115 107 93 196 162 32 113 139 173 3 28 128 73 198 96 82 89 46 32 11 29 187 108 172 33 193 159 108 179 197 8 172 87 38 123 46 156 67 139
95 81 19 79 56 56 175 75 186 48 101 3 129 198 192 152 60 114 99 51 51 194 165 79 90 46 73 190 157 181 114 166 184 98 32 95 154 120 135 3 8 9 154 142 74 106 20 123 178 170 117 125 190 41 45 123 119 192 24 85 36 173 159 157 156 199 198 148 107 107 79 78 17 176 59 11 38 33 109 162 123 181 105 68 117 66 167 137 200 128
113 97 42 177 105 126 6 79 37 54 33 102 144 180 150 123 33 101 127 185 102 24 122 22 68 17 24 118 196 43 162 115 179 46 81 76 9 70 191 99 68 180 65 68 178 158 136 59 60 169 58 84 88 158 100 104 57 156 29 5 140 58 10 185 162 128 193 34 76 103 151 163 103 39 26 111 78 26 49 30 171 197 170 49 80 105 172 63 172 57
153 33 104 10 90 112 193 160 37 168 103 185 199 62 47 47 111 21 59 38 122 110 99 160 196 77 123 9 144 120 2 12 157 141 113 67 78 156 16 165 179 40 93 16 114 36 170 63 174 163 11 8 102 12 40 88 9 37 176 126 195 187 51 19 177 45 48 187 168 42 123 118 31 131 97 86 107 150 19 48 143 38 113 169 17 29 84 185 15 57
36 195 158 113 167 15 50 98 103 125 176 73 198 23 21 128 92 82 115 1 156 113 161 75 127 35 112 104 49 4 26 105 72 106 86 92 75 111 173 181 62 200 118 142 30 151 155 185 100 2 166 91 119 9 47 48 179 46 69 64 121 157 129 21 33 169 51 179 200 57 58 110 66 175 54 146 164 170 65 130 65 131 195 112 120 129 110 22 156 60
77 30 195 148 161 87 144 69 136 52 61 131 133 75 164 21 79 142 109 50 123 144 189 112 169 38 137 42 102 46 84 143 51 168 99 66 190 66 85 114 168 180 175 37 31 13 48 195 3 172 142 184 97 156 73 6 87 188 184 127 62 169 186 3 137 139 74 69 94 128 187 45 89 181 196 123 142 132 32 192 186 138 192 51 110 137 195 163 160 169
93 134 142 121 191 154 27 1 200 46 166 136 124 24 23 166 35 194 166 198 84 82 11 115 15 151 194 136 80 153 144 18 70 71 149 117 47 163 10 122 182 147 126 23 18 116 178 200 200 99 21 173 27 124 42 161 80 9 82 68 188 68 87 174 53 6 106 63 79 6 110 113 55 102 68 137 55 140 100 32 31 127 132 183 54 178 46 38 37 21
120 65 137 48 31 162 23 33 140 69 60 108 50 84 157 43 187 18 186 36 30 84 29 167 18 85 170 53 193 147 15 8 10 24 105 184 162 55 154 93 116 175 190 77 103 104 197 89 44 108 31 165 48 4 81 109 164 93 131 21 62 95 179 17 143 62 174 57 5 172 43 116 141 128 150 182 196 29 33 117 86 166 131 173 102 33 67 9 136 182
3 199 112 135 190 57 131 13 134 9 148 61 107 31 96 197 94 151 146 61 197 167 125 144 140 138 12 151 40 162 63 59 131 42 58 130 11 27 144 63 28 153 98 180 79 37 83 143 36 6 19 112 66 143 73 86 109 106 199 80 130 73 45 1 48 118 200 51 47 5 185 69 143 2 94 3 153 10 57 171 117 160 130 88 60 199 147 123 35 22
