50 	
2	10
0	20	6	1068	4	
1	45	3	1348	6	
0	29	7	706	9	
0	48	5	553	9	
1	85	3	1616	9	
0	14	2	810	6	
0	58	2	2245	6	
1	39	9	102	6	
1	17	1	1910	3	
1	81	8	496	6	
1	66	7	355	6	
1	25	7	2016	6	
1	91	7	2301	6	
1	66	8	719	1	
0	57	2	1622	8	
0	69	4	2357	7	
1	44	7	495	8	
0	46	3	2078	1	
1	40	9	1638	5	
0	68	4	252	4	
0	64	7	1246	4	
0	56	8	349	4	
0	23	8	1245	4	
1	6	6	812	9	
0	21	9	289	6	
1	86	4	1974	1	
1	6	9	2291	4	
0	19	8	1385	7	
1	52	1	452	5	
0	30	2	1791	6	
0	28	4	514	5	
0	83	5	251	2	
1	85	3	1443	1	
1	72	4	845	7	
1	84	5	441	7	
1	11	7	2354	2	
0	55	7	1889	6	
0	74	8	2266	2	
1	70	5	1709	4	
0	53	7	937	2	
1	55	5	639	4	
1	37	9	378	7	
0	51	5	1528	6	
0	11	6	215	6	
1	20	3	2290	7	
1	17	2	370	1	
0	48	3	466	8	
0	44	5	1262	2	
1	58	9	1618	5	
0	51	1	1039	3	
1 7 163 25 23 79 196 155 117 198 153 151 123 44 123 119 162 141 62 40 179 79 172 110 56 74 71 27 200 53 71 146 70 116 12 80 116 114 106 110 69 189 195 56 184 115 91 158 103 145
75 113 75 99 82 99 170 154 101 147 197 5 60 40 11 19 38 148 112 47 176 108 121 34 40 113 46 94 182 186 95 75 81 20 173 105 126 112 105 123 181 19 182 96 3 10 189 13 76 72
110 185 102 167 133 91 133 89 62 110 72 138 73 146 49 159 163 99 170 39 25 199 136 59 143 10 103 167 155 46 149 57 2 29 191 4 177 90 99 68 29 176 49 42 173 28 97 156 130 143
106 125 61 128 122 49 115 134 13 55 81 109 61 16 18 52 76 167 81 14 116 104 21 87 132 102 67 109 34 77 83 15 45 153 33 115 188 155 112 85 89 91 18 82 157 191 148 61 74 59
63 193 167 84 186 132 34 67 148 51 144 59 103 69 41 175 16 9 95 69 184 162 33 3 114 25 75 68 128 186 170 116 155 94 53 35 108 72 107 180 40 1 56 128 108 20 9 194 42 152
85 63 66 99 8 107 116 68 39 74 3 172 99 114 170 163 116 40 132 188 30 178 104 199 46 42 47 118 109 124 99 14 86 96 83 145 104 164 197 61 129 111 143 2 22 124 169 97 157 137
122 25 33 54 29 200 41 76 2 182 54 131 155 169 107 20 75 78 166 120 119 170 3 169 179 66 55 165 159 151 92 81 153 108 159 165 121 96 16 169 72 65 149 64 11 16 102 24 23 35
45 183 129 130 145 23 31 105 141 128 153 196 139 66 33 179 133 181 29 25 61 116 79 163 3 57 1 189 183 66 41 180 124 12 121 29 43 26 188 184 123 161 71 6 118 177 157 150 105 193
49 16 71 164 128 179 60 98 81 19 28 122 38 173 98 171 26 194 154 84 95 109 66 112 145 136 115 75 70 162 27 180 95 62 193 168 9 122 144 96 192 113 197 185 56 75 33 61 41 44
125 145 77 98 104 54 39 36 162 78 95 128 169 164 138 98 149 26 67 44 57 24 40 83 152 115 39 56 11 100 42 161 128 43 189 194 154 191 124 194 165 183 121 183 154 162 68 128 176 109
55 198 191 77 46 193 176 66 72 119 93 180 25 124 115 138 95 124 109 107 48 92 184 160 164 112 107 197 170 8 51 77 62 76 8 112 151 162 31 194 189 38 111 27 112 45 100 22 113 194
175 35 12 110 49 147 48 16 7 68 7 5 113 21 174 129 171 199 179 84 151 111 75 118 133 25 27 137 191 113 4 77 3 178 76 135 40 165 59 165 100 100 140 68 187 196 63 195 162 98
79 105 135 179 111 67 117 177 25 165 60 126 175 79 85 42 123 156 129 25 116 163 179 85 54 45 4 199 184 118 163 181 43 8 106 35 75 103 24 35 117 85 63 18 83 189 119 124 144 81
78 171 71 24 21 168 24 59 16 148 52 176 48 115 61 34 69 125 167 196 63 34 69 4 161 83 87 25 141 70 19 18 148 9 142 111 23 135 67 43 174 66 167 53 78 61 133 105 97 126
174 149 6 10 43 9 163 82 122 137 87 37 156 29 116 90 32 32 191 113 29 198 133 34 100 19 92 91 76 118 111 155 190 39 174 193 73 156 126 103 36 93 107 5 31 194 84 41 51 158
91 10 63 1 89 133 173 155 46 7 152 126 143 152 105 157 196 14 118 59 200 170 140 165 192 184 84 55 109 32 130 193 169 114 96 198 159 125 137 89 75 75 1 43 127 52 136 141 26 47
41 113 34 196 46 170 86 68 200 72 76 188 158 154 77 63 27 200 154 52 157 196 200 109 155 177 25 125 17 28 132 56 69 189 76 176 194 54 55 161 16 198 193 193 93 21 118 100 48 188
165 38 57 22 191 161 109 14 14 37 102 82 64 28 108 54 30 131 145 20 130 187 3 85 34 174 16 108 104 112 53 143 132 32 149 120 127 29 87 173 155 80 118 23 51 166 42 151 157 13
27 135 37 65 187 194 138 8 75 174 6 88 83 139 182 149 122 158 64 34 41 116 69 122 126 123 174 141 43 33 10 96 173 185 10 62 150 30 154 37 152 153 27 23 18 40 27 161 188 85
141 68 118 47 45 105 4 15 190 164 19 120 154 82 4 66 145 180 65 66 15 35 128 37 39 185 34 151 115 152 85 97 199 49 148 79 119 127 60 127 160 43 183 158 117 173 1 69 132 30
11 150 81 110 25 97 105 91 45 179 42 196 37 121 94 8 100 142 30 108 71 85 105 176 99 200 184 65 129 120 155 62 187 24 79 43 7 114 110 14 12 23 158 172 126 13 63 153 32 59
129 125 142 30 120 99 48 106 42 7 64 191 24 138 126 177 160 52 71 54 171 3 101 186 41 160 16 52 28 18 132 144 93 101 133 144 111 104 51 177 43 125 8 108 118 29 156 48 119 4
8 185 176 167 15 167 121 42 66 182 146 133 145 33 9 14 21 17 67 103 48 9 13 141 116 183 12 45 187 86 40 17 47 88 3 95 172 56 116 78 195 1 153 45 152 45 102 95 171 32
86 85 48 36 37 4 38 70 58 63 35 180 133 55 169 67 29 116 164 36 191 176 146 22 58 12 109 72 80 36 182 177 29 181 15 186 70 140 105 101 41 155 56 58 113 90 125 14 17 115
122 68 115 138 172 105 33 6 2 101 108 183 68 48 138 23 41 91 160 109 119 139 167 83 32 188 83 192 43 147 117 52 188 106 164 89 128 92 91 102 83 104 134 165 195 117 185 93 15 41
140 160 16 155 9 8 162 135 131 90 117 157 197 126 143 200 109 121 26 135 14 199 12 28 12 151 46 78 94 153 94 115 39 71 54 45 71 132 135 121 94 191 137 138 20 141 200 160 60 51
149 196 143 170 115 147 55 158 72 178 68 184 134 124 41 4 37 149 28 98 8 8 174 60 125 147 122 61 148 144 173 186 84 183 23 188 95 146 87 44 138 10 11 182 47 53 42 145 155 8
121 34 8 39 34 29 189 21 52 133 157 14 112 152 186 80 184 64 131 24 46 109 176 46 96 117 180 76 155 94 167 149 17 152 140 89 61 150 89 118 107 19 87 194 100 85 110 114 33 148
53 7 111 113 159 194 4 41 41 174 44 79 132 160 173 113 73 35 125 115 21 39 150 5 17 140 105 94 141 199 12 12 67 153 67 3 191 75 67 15 101 115 181 110 42 196 142 153 168 104
144 79 59 162 18 42 124 200 75 37 6 32 48 17 66 110 47 144 197 179 20 173 65 27 73 123 173 135 125 22 142 193 142 74 159 148 106 103 42 31 187 121 176 36 45 42 30 46 124 172
163 133 96 95 158 144 69 184 45 126 55 124 106 68 180 40 130 55 56 17 110 10 25 173 107 184 181 108 171 172 123 74 102 40 59 116 89 200 68 101 19 74 1 169 49 53 183 19 26 154
26 8 149 87 89 26 96 141 112 200 101 135 101 31 198 144 140 89 53 171 198 113 166 38 183 83 153 151 158 69 118 88 123 183 195 129 135 143 17 112 57 41 198 191 95 197 76 124 197 66
151 129 107 7 80 117 8 31 159 80 191 139 175 50 66 66 78 124 148 73 151 160 15 182 108 7 13 128 186 31 68 131 162 195 182 77 178 95 198 189 106 90 15 107 154 99 192 112 116 181
171 69 57 195 8 162 24 47 70 181 128 39 88 125 72 40 141 113 190 148 109 180 46 48 102 53 51 177 147 89 173 199 36 106 117 124 149 94 78 8 35 73 145 34 80 188 28 131 49 61
127 4 176 196 117 91 41 7 192 140 112 36 128 34 140 174 86 84 168 30 134 114 92 28 86 185 18 117 43 41 163 75 158 93 186 175 150 54 163 75 174 176 58 90 184 125 80 91 30 62
97 97 116 185 131 172 73 102 54 29 14 100 48 137 102 82 88 181 177 168 157 162 48 32 28 10 41 5 63 124 124 32 6 112 106 93 146 132 175 43 8 104 163 59 106 124 98 100 176 19
132 106 44 185 10 86 31 195 64 82 187 18 200 94 67 32 148 122 42 4 199 136 178 155 143 115 148 45 125 127 109 125 24 10 198 82 185 91 52 91 24 123 99 82 3 128 12 66 49 38
50 118 23 154 33 72 120 67 74 130 64 80 103 45 139 77 139 191 157 123 26 119 28 147 22 127 50 21 133 132 34 158 135 52 186 20 90 61 200 192 44 70 135 83 47 68 133 37 169 35
125 76 64 158 72 44 122 14 187 179 135 156 163 120 30 117 157 105 64 110 65 142 81 27 130 22 61 48 5 177 69 142 2 95 133 145 40 87 141 39 191 56 34 50 116 115 65 133 95 186
176 62 85 191 58 108 154 109 117 9 196 134 63 148 45 191 122 50 65 171 197 90 195 73 24 39 5 2 91 101 18 199 192 173 139 104 49 198 151 114 145 41 117 16 166 52 120 66 78 79
10 134 107 91 31 17 184 199 135 163 179 73 180 191 97 14 123 47 59 119 95 145 24 32 14 198 157 137 179 74 82 23 60 77 160 71 31 1 108 158 156 38 120 64 176 68 114 115 75 186
30 13 188 49 101 193 169 37 140 108 155 107 9 196 173 138 31 72 132 81 66 52 168 36 71 189 198 40 10 133 159 2 32 149 147 132 149 81 123 136 53 194 65 59 83 78 183 164 93 33
166 67 101 178 89 34 125 195 162 168 170 152 174 168 28 199 10 80 144 197 178 90 19 181 132 161 39 22 160 112 37 55 97 117 153 70 46 64 111 130 64 194 48 166 153 174 115 161 114 6
101 149 89 76 58 104 171 181 1 89 60 98 23 7 76 103 135 156 102 160 198 157 96 183 40 180 80 4 2 151 189 141 42 179 147 134 149 73 133 167 125 92 144 197 23 102 167 83 99 82
64 152 157 45 50 164 35 153 87 66 93 123 179 59 67 195 137 37 28 29 33 170 4 188 111 92 152 24 35 14 92 121 55 32 134 71 125 111 40 5 93 46 67 26 157 83 91 65 87 92
65 84 21 14 47 161 12 158 36 160 153 60 123 74 92 141 60 27 125 116 159 21 87 23 177 65 59 151 107 93 164 103 200 59 155 30 86 94 106 94 33 46 92 137 163 69 94 95 169 170
145 144 19 1 70 111 26 134 48 47 89 75 71 158 152 93 124 110 154 20 50 78 145 116 68 115 23 148 119 66 6 75 174 65 52 49 91 97 19 65 48 77 117 124 19 38 120 117 178 200
13 197 150 88 184 13 80 173 44 187 40 85 137 152 4 25 149 98 163 150 95 106 68 171 159 128 101 8 39 144 80 156 128 135 168 145 76 48 20 95 119 73 64 160 178 127 57 37 39 7
132 140 96 51 120 161 17 133 147 26 189 47 28 30 170 120 199 134 27 20 102 185 136 7 129 155 28 90 14 70 30 195 132 192 63 31 50 182 184 73 111 125 69 122 111 13 133 105 25 42
108 126 105 39 94 45 48 199 13 61 42 89 107 37 73 118 55 158 48 66 177 183 115 160 143 138 43 3 12 119 116 52 191 120 56 182 172 42 110 141 128 36 197 74 98 14 27 53 35 47
105 48 123 9 109 145 74 171 112 38 169 120 113 72 136 175 22 147 19 150 145 167 32 73 199 117 155 170 50 96 153 181 193 128 17 113 46 15 51 176 82 57 182 143 106 198 7 46 187 200
