10 	
13	14
0	8	4	249	1	
1	22	3	198	8	
0	43	6	345	5	
0	49	8	365	5	
0	97	3	393	1	
0	94	2	279	4	
1	3	8	350	4	
1	58	4	83	9	
0	70	1	112	8	
0	85	7	297	4	
153 144 59 187 160 176 107 151 61 91
194 73 113 128 109 5 20 113 98 3
153 90 102 158 190 67 108 117 114 116
127 99 10 120 175 170 14 89 144 106
151 32 121 170 180 117 174 109 175 120
58 42 200 43 194 165 94 80 162 115
122 117 36 185 124 73 137 46 40 99
26 67 26 8 44 49 57 95 57 51
64 76 57 100 2 41 200 67 23 181
103 171 149 60 114 36 39 38 144 21
67 59 63 81 54 102 131 84 174 117
