50 	
4	84
1	2	3	30	9	
1	6	2	57	3	
1	4	5	107	3	
1	6	9	38	9	
1	8	7	108	9	
0	1	3	83	7	
1	2	9	85	2	
1	3	5	38	6	
1	5	5	99	2	
0	3	2	90	5	
1	3	2	6	9	
0	9	9	7	7	
0	9	8	54	5	
0	4	9	112	7	
1	5	9	101	9	
1	6	5	97	5	
0	1	8	94	1	
0	9	4	39	7	
1	2	5	15	1	
0	3	5	32	2	
0	1	5	70	3	
1	7	3	7	8	
1	6	8	80	4	
0	5	6	78	2	
1	4	6	84	7	
1	1	5	35	5	
1	1	6	0	1	
0	1	5	50	1	
0	7	6	18	4	
1	6	6	56	9	
1	4	4	19	3	
0	6	2	9	6	
1	1	3	81	4	
0	3	5	90	9	
1	6	1	44	8	
0	4	3	29	4	
0	2	6	32	7	
0	8	9	113	7	
0	7	2	69	2	
0	4	5	45	3	
1	7	4	90	7	
1	4	8	69	9	
1	8	5	49	7	
1	3	3	4	2	
1	2	4	90	7	
0	5	4	101	7	
0	9	5	113	9	
0	7	6	107	3	
1	6	9	101	1	
1	3	2	92	3	
187 46 178 147 53 135 184 95 90 43 99 101 81 166 155 152 43 90 139 79 129 181 118 137 99 146 2 23 63 113 29 174 84 66 128 15 28 151 198 172 72 170 77 53 86 45 66 56 129 147
53 171 53 99 195 20 167 80 2 71 45 200 63 58 196 89 141 52 189 49 186 125 117 179 181 90 167 165 149 83 183 159 12 191 118 196 87 28 107 169 83 88 173 13 161 81 45 53 142 179
107 148 16 164 198 30 111 18 70 50 146 196 147 176 68 135 13 101 10 200 158 40 104 195 2 181 7 160 15 147 15 92 181 97 13 39 31 62 18 44 128 34 65 157 109 5 7 190 129 50
39 83 179 94 177 93 53 129 127 8 58 92 13 47 159 124 66 148 127 56 118 119 83 64 102 47 187 158 1 83 43 94 110 81 2 125 184 81 18 106 177 75 5 181 116 15 184 127 61 112
45 57 84 66 112 100 70 23 99 100 99 16 29 134 171 183 70 37 104 98 79 58 58 164 100 133 86 158 129 94 76 150 46 11 194 121 3 56 5 153 38 33 104 26 77 33 39 30 166 113
9 34 68 186 75 13 118 44 146 93 73 51 183 79 154 131 6 116 106 181 43 25 17 72 116 90 67 46 88 66 50 164 79 10 90 144 7 163 67 186 85 156 130 41 168 137 149 38 155 200
111 167 115 186 51 101 87 16 149 145 136 168 188 146 76 180 52 39 162 197 11 181 183 68 109 126 89 63 30 179 45 28 47 140 175 166 186 116 94 82 91 185 89 39 63 178 12 151 18 130
186 45 73 103 28 34 127 191 17 161 45 130 177 69 189 193 144 132 134 164 182 136 134 85 79 10 145 25 19 92 135 186 21 127 35 117 73 58 62 133 18 180 33 176 145 78 113 171 176 123
167 182 85 156 40 106 49 133 109 148 91 135 6 140 142 198 65 60 58 84 170 63 88 9 65 187 69 178 192 116 143 11 59 183 152 125 188 81 24 142 150 18 61 121 16 142 77 23 190 74
35 87 23 161 182 81 24 195 35 184 198 60 83 98 7 109 106 130 93 26 92 129 188 196 159 53 178 194 67 142 127 57 143 69 158 162 200 33 126 198 79 2 11 22 173 26 36 191 67 7
200 30 103 63 8 141 38 117 64 193 81 28 114 12 5 103 184 178 123 97 118 39 25 126 5 191 54 174 103 101 12 109 135 83 178 78 96 59 110 71 30 156 165 200 76 74 145 26 94 26
80 86 66 172 1 191 144 124 11 49 165 194 30 198 193 158 109 176 153 69 169 58 31 148 24 152 97 178 149 124 138 78 144 26 60 78 143 54 92 143 156 52 167 164 35 184 67 135 190 80
16 158 169 27 93 180 88 132 123 40 6 2 21 187 190 198 124 6 195 154 92 170 81 141 152 48 141 124 1 128 124 80 189 119 77 60 147 2 99 157 99 125 22 93 124 62 114 172 27 28
121 4 14 4 77 68 133 82 110 135 35 68 105 166 50 104 136 50 126 43 113 68 153 4 148 184 68 25 121 45 152 108 106 24 85 92 186 146 49 200 172 142 12 181 48 139 12 123 15 153
71 45 93 161 142 82 67 152 168 68 68 22 162 185 85 137 183 156 137 34 43 166 183 99 41 137 107 31 82 55 119 127 77 119 19 189 63 89 176 165 18 61 38 46 178 27 23 17 111 110
160 107 160 104 92 187 91 132 183 114 100 144 14 109 86 103 162 46 141 198 13 67 130 73 176 196 116 89 115 115 91 46 145 50 121 7 162 80 175 62 45 18 99 75 192 149 98 145 73 12
147 100 65 137 178 182 49 7 130 139 39 124 158 25 175 128 152 45 69 22 151 24 172 89 163 184 197 13 134 95 107 110 137 171 151 101 31 150 112 158 152 146 160 125 50 101 122 47 161 194
96 108 189 99 177 115 2 126 97 26 186 14 18 123 56 135 137 191 24 20 24 42 87 127 192 78 23 64 200 30 68 147 16 172 36 35 65 5 74 159 138 107 11 18 121 36 104 2 169 136
129 2 197 139 83 74 46 101 51 59 178 7 54 193 118 38 67 143 88 70 184 175 191 155 44 48 34 57 141 104 102 150 59 153 98 60 155 93 140 199 167 17 153 5 186 185 199 10 197 171
156 71 103 113 163 20 1 20 81 156 177 147 191 167 39 141 86 142 52 134 173 188 95 1 128 92 27 126 40 124 186 63 12 149 147 27 151 79 169 64 40 172 84 30 171 172 13 129 195 178
112 4 86 178 95 193 146 55 55 131 92 187 191 18 20 129 62 19 181 110 49 75 160 172 97 84 8 140 134 199 185 86 20 23 173 123 40 119 48 44 154 70 146 64 148 40 182 188 155 49
47 107 110 112 138 6 91 81 126 186 158 21 105 53 126 50 48 160 91 56 171 90 62 80 52 45 101 102 3 89 135 126 23 21 126 103 112 78 115 193 82 142 1 64 4 67 5 165 163 73
28 41 122 141 34 15 61 45 171 97 188 167 171 92 29 89 130 10 82 43 4 10 99 96 149 116 120 163 54 62 122 52 60 182 186 32 34 16 47 192 164 109 186 36 56 148 17 59 188 51
1 86 62 75 31 167 179 118 41 24 110 173 1 111 54 61 94 109 21 80 156 116 128 39 52 142 125 40 123 73 176 122 59 3 81 163 149 8 138 39 152 136 41 36 19 15 182 186 93 57
40 79 53 117 156 95 155 179 80 45 86 173 44 19 105 115 25 163 170 34 32 27 114 46 14 115 178 126 134 171 81 108 48 74 106 46 116 108 82 108 135 98 138 194 198 128 187 55 41 138
8 102 143 108 27 31 13 194 152 164 62 126 107 75 1 133 36 25 96 34 152 123 65 129 125 63 166 24 181 120 60 161 185 120 70 74 102 198 47 118 59 77 174 102 22 122 38 133 161 180
75 56 92 4 54 146 46 55 132 8 188 109 35 62 2 163 21 152 101 32 196 64 162 59 130 26 29 129 102 153 82 138 182 129 199 155 57 49 148 33 25 14 54 127 34 93 90 116 109 13
53 18 143 56 177 137 198 132 181 97 76 126 108 174 179 150 169 100 180 140 143 139 180 85 185 162 56 54 33 78 185 37 65 107 151 35 16 21 159 80 53 122 79 92 154 58 7 137 35 19
44 160 10 196 152 178 106 42 154 193 51 53 58 138 186 113 145 133 34 191 131 71 138 85 66 34 71 60 74 34 105 94 171 45 13 138 134 57 99 17 73 67 166 77 148 169 30 116 169 114
152 19 68 85 116 191 115 128 35 79 100 187 124 64 76 141 155 48 173 83 35 60 18 129 132 36 6 198 142 4 48 127 105 38 166 123 116 99 159 165 112 196 143 161 41 101 170 188 81 69
1 9 6 132 125 181 72 12 8 117 63 33 192 167 95 159 71 114 117 53 191 135 132 131 146 46 155 84 54 140 121 167 142 145 116 74 174 122 57 13 148 105 99 178 58 191 49 94 19 10
190 47 183 15 53 63 103 86 66 105 36 43 149 101 65 94 143 180 100 21 22 6 169 98 72 47 95 88 161 14 38 175 136 198 78 17 160 184 65 83 72 187 100 83 86 26 135 172 191 152
106 156 161 52 78 86 165 68 32 14 92 86 64 168 52 181 114 200 14 82 190 170 199 104 184 124 13 145 17 95 113 140 80 42 74 154 8 47 197 31 130 165 174 12 185 35 52 188 150 169
159 1 134 4 145 158 11 87 164 101 126 164 200 29 173 40 159 178 57 102 78 122 17 123 186 118 173 58 112 73 42 134 135 110 171 25 100 30 179 157 82 11 159 52 21 94 74 145 170 16
150 181 4 84 89 110 17 149 161 150 95 109 95 125 170 181 110 31 119 177 60 112 145 140 167 34 37 47 188 157 196 23 155 93 94 5 2 149 70 51 90 46 182 194 129 104 16 175 2 98
35 84 124 130 88 131 22 32 68 176 126 199 35 92 69 166 119 34 8 143 171 86 25 151 178 155 189 83 18 20 68 121 198 99 115 19 34 68 145 23 185 151 156 9 16 183 191 154 27 37
147 1 156 107 125 43 157 136 89 89 188 196 91 56 184 167 161 191 123 85 173 102 48 101 11 162 37 77 149 129 65 73 20 166 174 105 195 93 118 113 68 182 44 41 14 40 16 177 105 97
13 10 138 158 156 181 100 200 62 125 17 129 114 159 39 9 55 53 50 157 6 169 193 197 12 160 82 154 53 89 173 19 24 130 131 124 30 51 83 19 5 196 118 143 120 11 104 76 44 73
68 142 54 63 82 161 63 169 119 68 188 153 193 46 82 30 41 73 92 176 73 128 157 41 160 57 172 18 104 198 69 120 129 158 169 174 6 189 50 69 122 77 107 111 7 85 47 84 174 64
9 35 67 85 115 4 142 172 104 75 89 12 139 7 82 116 126 181 77 125 42 40 155 187 77 28 71 171 8 16 97 21 66 172 189 59 66 77 190 89 125 176 37 132 195 130 177 38 147 196
190 169 106 72 67 176 196 84 147 148 147 193 184 61 152 100 54 25 97 55 31 149 26 61 194 7 158 137 131 55 139 107 7 118 60 15 26 153 59 15 176 113 141 17 2 41 175 170 90 8
65 145 95 128 6 179 6 114 130 170 93 96 142 98 32 37 152 20 56 119 133 84 82 178 126 40 61 55 100 198 179 66 138 78 34 149 185 79 175 39 115 34 135 170 142 38 48 162 26 171
101 113 107 183 101 60 156 87 4 74 7 161 59 127 94 67 117 198 96 121 8 151 85 142 24 197 119 59 168 131 46 57 154 178 32 50 173 33 85 125 61 20 171 119 132 13 97 113 16 117
92 62 30 87 58 84 154 10 115 161 70 125 72 75 142 160 62 154 13 180 33 166 138 28 57 64 113 161 2 103 94 166 62 4 7 193 2 165 56 48 35 192 196 80 171 148 41 25 35 100
49 65 15 46 151 140 27 72 24 101 75 100 184 108 108 179 43 17 168 26 98 10 10 146 26 138 199 136 95 108 187 67 184 97 173 153 109 80 34 196 143 180 20 187 94 12 187 4 137 154
138 159 116 152 164 61 84 55 62 37 12 125 91 19 142 169 53 104 89 30 194 166 190 72 130 8 157 8 15 43 115 155 192 192 107 76 61 182 116 16 44 101 92 54 145 92 186 193 19 193
39 195 12 113 44 36 112 55 133 190 184 128 3 63 89 31 66 36 145 101 3 172 81 115 124 80 14 140 51 139 137 164 59 67 41 160 172 89 101 138 141 58 92 32 151 13 62 19 43 192
27 116 66 165 162 75 114 118 60 105 151 94 136 118 100 33 19 69 9 74 106 72 148 2 84 86 4 71 2 124 188 16 137 129 74 141 122 14 100 200 186 176 5 138 175 15 151 46 194 49
126 116 133 165 106 116 30 58 195 56 75 95 139 105 116 62 140 167 111 34 32 73 81 153 189 58 71 104 125 62 178 14 4 122 144 182 22 103 60 55 20 177 85 89 18 66 46 3 72 20
88 197 139 35 71 52 97 8 9 59 114 41 132 64 50 90 173 23 49 102 78 106 22 36 58 191 3 31 18 32 67 38 151 159 122 55 69 95 140 28 119 117 20 135 116 139 191 113 164 168
33 50 23 168 198 154 78 81 109 184 164 57 189 9 139 67 16 195 36 93 147 21 57 154 150 14 195 40 53 135 28 22 44 27 80 134 5 197 103 27 47 31 171 155 183 16 130 116 16 99
