50 	
15	51
1	1	6	103	7	
1	4	4	318	6	
1	6	8	142	5	
0	1	4	296	2	
1	1	6	278	9	
0	5	3	88	8	
1	9	2	83	4	
1	5	4	1	4	
0	7	7	8	3	
1	9	4	47	2	
0	7	2	24	9	
0	2	2	93	6	
1	5	1	186	8	
1	4	1	138	8	
0	3	4	230	3	
0	6	6	1	8	
1	8	9	145	4	
1	6	7	326	2	
0	2	5	190	3	
0	1	8	93	7	
1	4	2	29	4	
1	6	6	184	3	
1	9	5	258	7	
0	3	1	164	9	
0	5	1	21	4	
0	9	1	58	7	
1	5	3	60	5	
1	4	4	214	2	
1	5	4	209	4	
0	6	4	187	7	
0	5	5	221	5	
1	6	5	153	8	
1	3	8	117	5	
0	9	5	270	8	
1	2	1	201	9	
0	2	2	131	9	
0	1	8	154	9	
0	4	3	208	4	
1	8	8	222	6	
1	9	1	247	9	
0	6	4	2	7	
0	5	2	75	6	
1	2	6	334	4	
0	1	8	37	6	
1	3	9	118	6	
1	1	1	121	1	
0	1	9	159	8	
1	6	8	159	9	
1	6	5	247	3	
0	5	8	203	7	
119 82 133 25 37 136 134 80 157 4 2 65 192 75 115 54 183 151 170 138 78 20 40 90 172 65 15 56 29 28 134 52 83 16 174 137 167 111 44 100 46 26 38 51 107 36 172 137 114 125
85 164 189 86 151 75 5 170 134 176 53 178 139 42 166 122 112 57 6 78 89 152 193 72 119 20 73 189 91 53 117 13 127 36 109 140 23 30 131 87 60 188 60 82 137 11 63 78 77 138
165 44 23 163 93 34 30 49 182 149 125 96 123 101 156 121 120 23 198 145 52 48 178 27 100 28 142 198 198 53 71 88 172 169 180 42 128 104 62 152 123 163 101 82 72 148 133 158 49 184
5 91 81 164 124 87 135 21 168 146 50 49 170 113 58 54 171 75 133 29 15 196 183 114 110 3 80 61 78 193 42 42 11 107 83 130 186 67 45 4 84 46 133 23 115 160 99 175 151 63
164 79 45 126 93 117 10 20 81 45 47 159 7 50 171 8 180 135 114 160 42 38 31 76 103 109 130 156 114 25 173 144 2 77 149 38 56 101 138 115 102 161 123 64 94 58 49 159 159 165
76 186 38 160 144 171 165 155 69 97 124 73 167 90 88 31 185 193 85 69 193 49 182 9 8 146 49 99 125 133 158 60 44 92 145 7 73 155 58 120 189 50 174 4 10 51 71 6 53 174
16 35 135 39 169 5 69 90 178 23 44 153 14 183 89 70 107 106 122 112 62 190 118 55 147 97 26 156 145 22 180 200 142 78 136 1 98 6 188 18 152 198 56 39 128 129 44 62 97 11
140 178 35 194 153 128 37 196 63 199 163 27 91 151 9 104 157 38 165 5 138 126 44 180 124 67 80 83 140 21 146 108 196 149 154 184 50 41 168 59 24 139 157 100 182 16 125 167 92 76
13 50 108 126 126 20 70 2 4 162 155 74 168 189 101 134 197 160 97 63 112 84 20 105 146 112 22 146 78 50 172 140 162 6 109 75 81 140 143 171 85 155 104 130 100 114 151 133 71 191
49 52 17 47 106 12 161 56 128 185 102 92 134 182 31 54 101 153 135 67 184 141 151 107 129 123 24 124 112 161 66 106 98 122 144 84 46 65 183 48 179 167 7 162 11 196 123 33 1 52
105 115 15 33 185 66 108 182 2 37 157 30 107 82 48 171 185 54 121 91 41 17 140 20 81 177 35 15 174 81 169 134 173 102 11 100 68 107 91 85 157 103 172 120 118 128 108 45 20 195
90 116 64 56 121 22 140 159 108 4 139 65 31 80 162 51 55 174 76 96 200 168 186 138 7 50 125 176 103 60 148 169 197 65 10 107 20 175 154 121 56 9 155 120 28 32 7 110 83 29
106 67 133 69 196 106 40 109 200 80 162 151 149 72 138 193 165 185 22 146 114 199 4 165 48 14 66 185 132 130 83 99 136 59 140 106 182 160 192 160 87 41 90 145 32 83 39 135 49 188
100 93 16 99 179 39 16 77 82 44 64 73 174 102 67 49 125 163 13 156 2 200 85 98 174 31 114 170 185 115 69 149 46 170 34 23 68 111 128 76 150 66 99 33 199 141 89 178 54 103
175 170 187 33 114 167 124 95 43 188 148 194 58 86 161 47 200 136 67 72 102 111 156 119 179 2 56 182 163 29 101 139 113 84 109 47 146 169 153 68 134 182 147 137 178 124 17 17 195 125
76 22 101 85 44 28 117 111 1 98 176 163 154 49 74 95 135 19 51 151 46 113 75 72 142 158 17 20 165 64 105 49 92 30 157 70 138 45 113 174 192 132 174 88 68 110 55 95 88 161
83 67 76 148 4 75 109 1 18 175 126 3 40 1 108 161 12 73 45 150 130 81 142 60 149 78 18 195 155 116 16 22 90 122 120 91 42 61 136 19 88 70 181 100 173 76 82 137 162 137
43 80 63 84 9 17 145 26 116 101 162 178 98 121 77 67 120 102 197 9 172 130 200 73 190 102 72 82 181 71 58 6 176 181 96 172 164 96 93 83 189 92 123 154 97 68 185 86 121 109
195 45 84 64 140 172 196 142 89 44 43 98 60 114 60 127 74 125 166 167 65 97 107 40 98 88 170 117 25 160 158 96 43 111 1 156 71 45 161 14 100 60 129 121 154 169 132 102 29 122
70 156 100 46 133 177 159 138 190 161 116 57 44 141 187 74 187 114 110 70 35 59 153 28 68 194 80 39 42 176 156 187 125 70 89 87 115 125 9 45 195 25 136 40 38 138 95 19 113 5
172 197 41 9 171 123 36 82 93 141 107 176 16 64 19 157 135 60 150 120 109 131 54 6 129 176 106 143 67 13 190 150 59 9 25 136 159 53 96 183 115 150 97 57 65 37 186 25 74 100
80 196 5 94 130 100 54 101 5 188 189 90 82 38 45 17 83 133 162 198 186 138 76 182 24 110 40 4 158 162 44 177 152 3 19 82 111 24 128 154 46 8 170 61 54 9 74 48 169 191
173 138 108 1 129 161 167 49 167 6 72 44 26 65 37 66 63 65 109 86 76 168 31 166 162 77 107 162 42 152 109 110 168 29 173 7 148 53 78 15 15 34 101 95 86 8 86 134 80 158
65 169 185 67 151 107 27 33 147 67 139 86 18 47 119 167 127 58 35 91 162 76 8 180 156 145 117 114 164 60 162 15 179 186 23 175 68 131 185 156 181 2 149 99 29 96 53 106 10 55
37 25 7 65 41 137 89 128 106 131 41 34 62 67 179 44 62 88 188 42 37 105 57 39 65 49 4 115 87 49 159 167 52 52 138 100 57 35 131 100 113 28 189 43 150 13 164 87 137 157
2 88 173 89 110 37 104 115 194 82 38 116 16 21 24 75 145 154 50 92 196 131 54 124 116 106 23 139 172 110 138 66 74 148 188 187 16 5 189 173 54 101 99 96 178 195 40 181 25 136
49 114 52 40 64 41 179 95 191 113 126 107 159 95 23 123 146 142 10 11 148 29 173 59 45 167 132 146 152 35 119 144 62 112 156 183 39 9 165 46 172 1 58 183 88 191 196 1 138 66
78 17 137 59 146 41 57 51 104 142 150 107 123 96 86 171 33 63 178 13 34 69 155 92 169 166 102 175 181 34 188 124 123 105 127 54 188 28 174 94 161 185 64 1 189 34 136 70 12 85
101 193 1 52 40 136 79 127 52 129 91 167 196 84 116 140 105 185 169 158 96 168 12 37 71 19 68 124 158 88 111 153 132 162 92 16 78 90 142 67 84 9 184 116 120 56 182 196 13 76
186 12 14 106 86 65 169 26 40 14 131 43 14 15 2 142 133 106 152 148 158 135 128 64 126 102 38 26 68 197 126 179 179 92 100 5 168 149 122 98 164 180 133 134 34 22 115 197 76 31
136 27 63 114 144 86 95 48 137 87 169 57 191 124 161 99 55 58 135 5 30 121 62 84 200 186 73 90 105 14 99 135 100 165 30 21 72 59 25 58 191 143 112 117 24 136 135 34 47 59
9 34 88 59 170 17 9 170 27 121 131 177 71 181 193 19 135 134 83 170 128 177 11 177 184 124 158 109 69 192 15 73 106 171 1 88 125 159 14 70 142 112 158 108 129 163 2 23 161 124
9 76 39 54 2 72 198 97 200 45 162 158 48 172 108 183 104 114 46 188 124 48 44 4 80 23 21 57 64 41 196 151 187 25 41 55 100 101 147 75 123 126 107 154 130 167 56 192 62 25
75 16 124 119 10 48 90 95 42 67 22 177 33 24 173 11 180 21 70 56 97 47 143 105 186 24 34 158 199 82 178 128 24 88 1 143 51 181 2 31 83 43 149 7 87 82 36 42 176 16
145 164 65 60 96 11 139 40 167 8 138 59 192 74 56 68 175 130 88 84 17 89 63 30 137 111 56 73 49 38 48 153 195 162 66 6 54 116 44 141 96 89 165 32 31 193 82 80 31 49
38 35 121 161 196 66 57 173 62 44 47 43 62 186 198 20 52 6 115 192 189 20 156 118 16 166 26 29 153 33 182 95 65 173 25 148 126 27 147 16 54 45 33 140 46 82 15 41 100 120
59 32 21 156 189 12 50 182 6 186 50 36 95 139 163 114 111 185 138 98 141 185 28 145 9 123 184 102 53 184 152 98 69 67 65 149 170 58 45 68 114 184 117 194 31 62 71 148 125 18
153 7 192 174 110 152 70 73 53 49 161 137 182 75 55 110 77 125 119 4 73 47 100 68 60 69 107 113 186 64 67 148 49 196 124 113 167 125 90 69 175 3 102 94 176 174 76 31 149 158
59 89 37 133 33 123 114 23 130 151 89 129 62 96 73 135 148 1 142 69 37 5 28 110 61 167 59 30 45 25 6 41 80 22 52 100 79 7 194 71 150 138 174 131 89 46 199 69 106 59
99 136 116 19 100 125 81 149 140 177 139 48 143 33 56 91 63 141 42 148 190 124 76 185 32 86 35 75 157 42 13 80 24 158 104 1 200 181 48 50 127 76 111 76 128 145 92 133 95 177
41 108 196 141 94 68 66 88 16 4 148 34 61 120 10 198 59 117 122 64 173 49 172 1 27 75 169 183 171 119 85 100 188 9 83 175 12 118 107 26 92 164 190 113 182 92 46 5 24 143
93 119 57 109 11 98 52 47 36 50 53 166 51 36 191 155 22 146 13 169 87 6 117 23 40 154 14 112 199 80 114 175 21 118 45 37 65 138 2 62 42 23 14 180 88 118 42 111 151 118
114 180 63 88 54 47 81 63 78 186 81 30 153 118 184 21 65 129 149 142 25 91 134 189 101 137 41 84 171 155 191 163 24 98 60 15 175 69 181 177 149 76 160 139 151 91 193 99 131 200
113 32 164 125 89 59 57 184 62 62 192 200 175 79 11 48 26 30 167 98 115 76 55 161 180 54 10 131 108 4 149 138 24 176 194 137 155 129 119 58 88 15 116 100 41 81 176 100 10 37
54 112 103 41 172 112 116 8 106 160 100 150 136 127 21 87 192 167 182 125 171 155 32 151 144 3 21 63 7 143 26 183 100 3 200 83 9 51 98 177 82 50 140 118 55 44 29 83 184 155
139 112 95 58 123 4 147 124 149 34 54 45 172 162 176 94 15 21 40 177 1 100 117 95 15 117 5 67 127 139 162 99 162 80 68 74 112 18 147 164 105 112 150 50 192 103 134 167 65 104
59 197 63 34 58 170 87 59 149 142 25 34 33 80 142 2 59 37 77 198 170 157 139 149 53 43 79 15 195 93 40 143 138 117 147 49 155 153 56 34 184 49 6 100 73 175 149 80 36 187
119 102 82 19 156 12 80 160 130 114 165 45 67 200 147 52 15 189 158 95 115 57 60 102 131 196 113 101 21 63 170 150 8 196 87 126 102 170 91 99 125 81 95 75 176 43 121 19 112 82
170 51 52 92 79 167 124 88 3 57 101 51 101 102 153 39 135 100 173 31 188 44 59 174 79 145 183 148 68 199 66 117 18 95 195 147 172 145 85 99 177 128 110 171 187 78 127 152 146 15
44 27 153 17 118 172 122 119 84 18 34 175 17 159 181 62 160 138 154 114 154 108 137 154 175 109 102 72 186 9 100 200 94 111 155 74 30 75 84 194 137 141 90 50 68 16 175 140 76 197
123 10 16 33 28 141 78 195 133 166 23 148 8 12 178 35 164 41 59 55 57 77 143 104 63 156 47 30 94 80 92 33 26 57 129 15 79 150 6 84 34 110 170 123 90 200 129 13 127 175
