100 	
24	59
1	1	7	50	4	
1	8	9	196	5	
0	3	8	220	2	
0	9	7	272	4	
1	2	4	46	8	
0	9	4	131	2	
1	2	7	176	6	
0	8	1	488	9	
1	6	6	8	9	
1	9	1	48	5	
0	6	9	272	1	
0	3	7	281	1	
1	1	4	495	4	
0	1	3	24	6	
0	9	7	429	6	
1	5	2	208	7	
1	4	8	176	2	
0	4	5	106	1	
1	6	9	478	9	
1	3	4	120	9	
1	3	7	20	6	
0	4	2	246	7	
1	7	1	323	4	
1	1	8	163	6	
1	6	4	26	5	
1	8	1	273	4	
0	1	3	360	1	
1	2	9	57	2	
1	9	4	278	9	
1	1	8	14	7	
1	6	4	252	2	
0	5	6	384	2	
0	4	6	426	6	
1	1	5	42	3	
0	5	4	146	6	
1	8	7	29	6	
0	8	8	308	9	
1	7	7	103	6	
0	1	8	359	3	
1	7	3	378	3	
1	7	4	360	3	
1	8	3	268	7	
0	9	7	358	4	
0	9	3	265	4	
1	3	2	192	6	
1	4	9	378	6	
0	7	4	473	9	
0	3	1	215	7	
0	3	9	273	7	
0	4	8	290	1	
0	8	5	416	1	
0	4	9	340	1	
1	2	3	144	9	
0	7	5	261	9	
0	1	9	22	4	
1	5	3	274	8	
0	6	7	229	6	
1	1	3	460	8	
0	3	3	466	3	
1	6	1	187	9	
0	2	2	462	3	
0	7	4	58	7	
1	9	5	188	2	
0	5	9	169	6	
0	1	8	439	9	
0	9	3	110	9	
1	9	5	401	6	
1	2	6	240	1	
1	7	3	473	9	
0	6	4	157	8	
0	8	9	297	3	
1	7	9	47	6	
0	8	8	209	7	
0	8	9	79	6	
1	5	5	390	2	
0	8	6	343	1	
0	9	8	194	7	
1	6	6	201	2	
1	1	2	399	8	
1	3	3	490	2	
0	1	2	205	4	
0	5	6	267	4	
0	1	9	495	3	
1	5	7	25	5	
0	6	9	400	8	
0	6	6	331	3	
0	2	7	168	2	
1	1	2	7	4	
0	4	9	476	2	
0	8	1	274	7	
1	3	1	155	5	
1	6	7	81	6	
1	6	6	76	6	
0	3	2	277	6	
0	5	2	108	6	
0	2	5	50	1	
0	8	7	291	9	
1	8	7	423	5	
0	1	7	385	1	
0	2	6	417	4	
99 129 82 130 105 44 58 143 5 107 172 84 179 15 46 194 149 175 23 107 75 75 1 30 85 29 140 116 182 156 8 105 85 43 123 147 77 42 187 47 116 134 46 146 94 117 32 15 21 107 178 126 139 20 191 150 132 176 16 26 95 141 33 135 57 50 77 120 61 196 71 38 59 166 102 66 198 118 121 98 53 86 178 104 19 189 89 144 89 131 162 97 104 75 104 40 20 105 98 101
191 94 190 48 95 98 197 147 138 116 161 41 190 145 100 89 173 108 138 134 76 44 95 81 40 31 112 23 13 135 135 112 102 3 195 169 168 83 103 170 189 92 34 117 57 173 110 38 74 80 166 176 11 184 23 130 162 45 11 50 141 44 185 36 42 178 192 169 165 1 93 40 165 175 66 5 70 2 109 178 5 56 94 66 41 153 73 155 125 38 59 82 119 109 158 33 138 3 84 104
134 135 159 140 13 153 167 30 172 93 86 133 187 189 162 164 118 121 63 85 155 85 58 142 18 21 64 196 189 145 48 190 98 34 20 145 140 49 141 53 8 137 66 21 86 12 169 139 114 28 95 81 184 125 88 62 107 168 141 72 4 75 140 194 139 140 79 73 38 22 181 28 54 132 99 36 96 1 47 135 116 59 177 7 109 75 1 22 84 53 150 33 153 45 11 98 178 108 127 194
30 121 130 132 97 144 109 170 103 69 32 42 3 157 93 25 59 74 179 40 106 55 179 152 92 24 189 80 142 130 119 60 199 149 186 182 102 23 26 113 61 195 172 73 189 164 118 14 145 115 68 116 194 8 137 37 165 73 24 51 166 159 145 115 64 159 187 30 155 142 133 4 102 177 138 144 104 173 41 143 112 102 184 99 100 149 29 198 150 11 180 156 19 63 157 192 83 78 163 80
32 159 52 169 134 58 141 42 25 91 188 76 148 197 96 21 122 140 101 167 10 110 91 111 18 192 32 157 200 86 103 139 171 190 175 182 76 146 153 133 156 76 109 143 126 102 153 30 189 8 165 108 63 167 152 168 131 38 12 63 146 94 165 127 94 3 55 200 11 53 41 11 53 183 176 134 161 57 145 124 32 110 80 142 197 3 80 166 84 83 169 35 4 37 66 16 99 152 114 97
182 151 80 128 112 76 141 15 127 90 28 39 137 32 75 122 61 83 70 194 117 61 125 75 33 14 97 50 112 84 159 142 34 151 183 153 7 60 121 117 177 138 107 183 174 51 159 126 24 156 156 149 82 176 106 28 34 17 137 110 84 118 34 87 178 126 158 42 98 88 75 11 147 161 88 118 114 79 164 84 141 37 79 106 152 12 185 133 147 182 65 166 152 112 21 117 74 22 110 171
54 20 68 177 154 93 79 133 74 98 138 163 72 126 156 46 8 92 111 57 137 38 163 115 9 10 53 25 48 109 116 152 89 191 16 19 122 41 84 133 117 75 112 165 143 131 145 114 93 175 127 144 122 92 21 43 135 34 80 16 125 45 159 114 88 156 23 138 200 131 63 96 48 50 108 41 57 86 28 1 49 29 133 14 178 149 53 171 184 162 100 168 40 94 121 155 21 199 28 191
66 11 170 157 130 28 142 17 10 53 71 155 146 153 41 57 150 15 52 117 85 192 26 22 9 186 199 12 92 115 117 8 119 74 130 7 20 47 144 69 54 87 145 174 166 143 119 6 186 20 24 27 76 100 127 75 128 67 48 30 95 166 191 193 69 26 148 115 103 140 45 152 68 86 86 45 18 182 56 72 166 100 133 179 138 141 11 20 176 195 46 95 17 3 143 4 200 110 104 2
84 153 12 55 198 48 169 34 162 143 172 85 68 39 29 151 183 66 35 141 110 102 95 136 161 110 196 101 129 160 8 136 179 39 106 141 11 58 125 147 59 13 84 134 184 108 65 179 167 156 2 164 5 90 60 35 19 53 86 72 13 25 168 179 119 37 17 12 158 123 132 16 73 10 196 63 197 155 138 185 72 177 148 24 11 31 11 188 187 144 74 94 197 75 184 170 58 51 131 187
153 14 35 101 162 195 6 30 83 13 92 99 150 77 59 49 174 167 148 187 185 57 7 162 173 53 15 41 118 19 134 36 199 22 170 2 133 166 187 41 122 180 32 51 50 160 22 30 197 22 9 83 99 121 126 146 120 132 139 51 18 68 9 112 4 151 155 74 171 3 51 34 60 78 79 111 159 119 50 66 51 186 69 73 144 22 91 27 106 113 39 166 184 71 175 93 116 177 168 91
102 127 147 27 67 84 134 170 197 148 194 148 133 6 40 73 101 11 82 75 82 49 18 11 140 180 35 182 81 132 153 62 180 188 175 87 61 100 180 31 155 9 77 180 191 64 146 51 56 60 98 105 168 37 31 93 23 138 70 48 129 195 108 27 77 194 138 67 188 109 197 130 154 116 117 198 155 63 70 105 84 166 144 134 67 118 132 140 109 101 2 115 136 88 74 59 187 93 170 19
121 149 78 49 90 118 130 26 195 16 124 8 200 136 174 55 34 144 88 146 14 119 103 93 196 31 182 55 61 126 161 134 147 159 135 85 112 194 52 115 50 33 121 125 16 6 148 51 188 161 134 61 132 69 129 45 90 141 72 189 10 30 30 179 13 9 9 62 192 149 132 123 126 155 144 2 21 70 15 143 15 94 10 103 58 97 31 2 157 79 86 111 140 137 68 64 198 124 72 154
113 23 124 9 43 123 64 78 127 137 133 103 42 42 28 50 81 157 195 70 7 151 109 139 145 117 177 26 159 193 152 24 131 117 172 3 154 75 76 95 83 141 180 134 35 169 7 97 115 85 46 7 98 191 35 125 33 23 96 50 39 197 49 107 84 142 137 12 158 164 146 67 175 177 51 9 29 96 186 36 91 167 76 122 25 192 121 198 76 163 26 176 34 179 190 145 194 12 53 40
111 134 150 185 38 117 169 158 5 190 183 8 77 184 83 133 46 179 168 27 22 47 111 63 72 102 113 71 37 30 75 178 92 184 53 162 103 184 106 21 198 98 126 110 148 81 113 46 133 70 158 125 107 200 28 77 35 20 42 133 98 190 86 130 76 79 164 126 17 160 114 103 164 197 8 89 83 41 4 44 109 38 170 191 3 20 155 166 131 75 36 172 95 162 188 39 64 122 184 67
141 161 90 39 117 31 145 185 134 118 7 136 198 75 36 194 64 155 184 155 183 129 56 79 194 21 99 186 156 169 103 107 62 151 96 61 148 190 151 152 106 175 65 113 108 163 34 186 98 80 196 38 163 98 11 146 52 184 170 143 57 35 190 160 17 48 134 14 91 2 52 147 95 86 193 99 136 52 181 41 107 53 57 183 34 121 152 51 105 88 186 136 81 146 129 107 198 138 6 111
94 39 41 73 91 29 36 107 157 60 85 61 62 97 158 65 132 148 189 191 75 14 154 57 53 170 146 137 119 88 52 79 175 120 192 153 11 144 173 53 192 109 29 40 153 126 162 117 141 139 27 78 110 135 127 152 109 171 42 172 29 98 146 181 65 144 82 88 101 103 104 200 91 128 83 110 187 151 164 73 185 20 9 179 84 126 127 193 60 187 103 39 60 172 158 84 124 72 82 49
193 57 133 146 100 170 5 93 188 45 125 192 171 197 195 98 137 11 82 109 149 56 12 18 186 139 140 21 56 61 85 19 85 143 188 10 128 189 127 182 1 144 184 147 81 102 124 52 28 119 7 63 138 38 88 21 30 200 109 29 57 159 24 148 101 199 40 18 17 46 53 114 181 73 136 170 31 8 83 61 89 142 146 94 192 105 21 9 67 174 68 150 75 90 57 87 167 94 189 49
138 66 195 72 57 82 146 130 52 153 36 154 148 132 41 89 68 178 85 162 130 121 194 187 27 118 115 167 186 22 189 37 136 155 112 13 123 47 32 110 42 93 74 31 3 154 92 114 42 149 22 33 149 147 122 27 27 27 39 175 110 128 68 104 156 161 181 26 11 155 46 178 35 80 116 74 8 86 177 96 134 60 196 96 153 43 114 186 90 21 200 124 158 146 134 122 117 65 188 45
14 174 191 77 100 93 178 16 150 143 137 26 107 58 80 37 15 37 52 194 121 119 95 117 135 91 185 65 86 79 116 24 125 143 81 21 139 99 165 79 166 9 200 3 121 77 157 103 126 29 154 56 75 66 112 20 123 106 10 119 110 3 88 153 44 193 67 34 68 87 134 177 60 19 106 157 38 95 15 67 117 121 126 159 92 79 176 96 22 35 108 183 139 104 49 83 5 101 171 58
88 123 104 190 23 176 87 105 6 156 139 64 94 151 73 182 57 171 132 85 97 25 54 66 93 186 128 145 46 116 98 80 11 155 33 124 123 61 188 163 34 92 95 68 114 57 3 15 146 178 86 120 194 53 140 124 189 92 28 78 13 22 22 43 45 186 39 60 95 193 55 105 81 48 121 161 198 11 159 5 182 21 94 110 136 35 193 73 77 140 89 45 27 13 134 4 56 114 83 22
172 134 8 147 16 95 13 200 54 48 62 15 60 28 70 158 88 41 126 200 166 64 132 101 114 105 99 71 102 19 67 68 129 200 69 104 14 150 78 17 184 153 15 91 97 63 84 87 181 27 194 2 23 117 169 134 183 194 86 176 6 17 61 188 92 66 145 24 135 67 156 135 70 157 176 153 16 167 66 188 117 161 8 130 196 143 61 164 21 170 33 37 179 174 88 176 124 179 126 31
104 66 4 183 88 65 167 136 37 124 33 30 94 138 190 173 54 115 9 149 179 70 121 185 132 158 74 19 142 46 70 42 128 5 95 11 31 9 35 57 199 14 119 146 170 126 137 166 121 150 165 102 162 135 83 91 10 111 106 154 93 114 170 35 50 41 92 38 42 11 143 28 171 194 73 16 178 4 19 6 145 23 13 91 82 180 157 99 162 138 2 199 61 174 112 10 90 195 15 199
77 151 107 74 167 159 152 72 149 196 33 40 81 22 33 26 47 136 71 36 44 131 36 96 103 80 13 64 66 112 83 76 137 23 46 157 48 141 167 49 116 124 35 145 70 151 189 51 25 60 134 195 88 179 61 30 36 163 5 72 161 47 70 162 109 95 167 122 52 152 88 97 65 166 28 62 9 113 34 81 80 70 190 110 82 112 14 85 113 116 53 129 165 20 148 16 12 45 160 111
90 156 107 187 151 120 69 97 91 69 177 90 94 159 117 197 19 184 168 147 121 87 106 54 94 29 102 5 9 15 35 37 185 184 165 47 22 189 177 157 39 3 52 70 76 42 81 170 127 30 171 15 61 182 149 106 200 159 183 187 45 180 4 73 63 129 191 114 82 151 113 68 146 63 101 104 85 151 181 124 151 156 127 165 38 142 34 157 88 165 27 116 79 148 171 110 181 14 71 171
160 106 157 152 53 122 66 85 194 190 193 182 165 90 67 18 74 146 157 62 118 167 95 99 128 194 8 178 177 69 58 148 144 102 184 69 11 63 172 175 53 17 88 28 34 131 157 118 69 160 142 10 115 114 155 110 59 161 95 47 49 105 79 71 99 153 174 92 59 25 60 113 98 18 121 167 11 86 32 54 48 155 188 82 67 190 155 109 89 15 165 193 99 56 200 7 75 24 79 64
175 115 175 124 106 191 70 150 181 159 193 75 187 116 39 163 80 66 133 117 37 102 192 187 117 138 143 182 17 117 138 144 133 26 54 103 52 170 86 123 77 104 11 133 3 157 175 33 20 187 161 139 196 111 98 80 113 83 109 116 179 185 126 26 114 19 15 64 28 136 194 87 77 155 84 197 60 159 82 185 5 87 60 170 190 92 131 150 91 173 18 65 76 22 178 118 92 105 160 129
38 196 160 192 148 171 17 118 136 54 176 180 50 157 114 185 121 108 54 176 163 189 78 103 191 58 123 82 136 157 182 143 175 191 182 99 61 177 163 12 95 136 68 192 57 24 198 26 29 94 56 79 76 24 184 81 12 26 174 30 70 103 89 106 117 39 80 60 180 168 38 89 182 119 151 53 139 31 190 121 130 145 41 55 199 27 120 94 52 139 106 159 51 164 21 85 185 170 26 80
42 146 80 167 129 36 179 106 128 189 55 174 192 60 51 64 60 164 196 179 61 178 178 21 196 65 198 106 182 90 49 43 99 119 173 26 79 38 198 44 181 117 21 30 88 25 8 189 126 59 114 179 63 156 57 21 113 121 171 26 46 183 198 149 167 142 93 43 31 132 26 38 177 172 113 170 103 89 117 192 2 191 77 67 114 170 3 112 20 112 174 125 39 5 185 169 138 91 119 67
29 27 73 4 166 124 16 77 100 13 5 132 135 98 143 129 44 62 114 109 27 25 121 91 145 18 150 130 25 194 6 12 58 132 84 145 154 85 125 73 129 123 21 166 72 97 114 193 99 128 20 53 140 84 165 170 120 138 13 78 105 111 109 187 97 88 93 118 30 9 14 176 169 39 53 194 9 45 85 61 140 199 135 171 109 178 173 152 184 181 45 189 131 188 37 160 16 50 68 32
103 24 66 181 77 118 31 46 55 189 139 78 190 178 64 44 116 101 149 27 102 93 119 86 81 33 99 177 35 180 143 21 181 153 177 82 158 132 161 83 19 102 96 46 82 123 76 149 3 155 142 83 71 140 39 63 161 58 117 26 140 180 4 40 27 48 60 166 116 115 134 156 121 33 120 192 103 172 123 119 195 44 5 70 137 172 144 35 33 1 162 92 135 191 62 129 8 73 24 33
194 36 57 20 53 43 150 29 131 6 10 114 133 102 110 185 32 39 106 97 140 84 5 155 55 134 191 191 93 68 160 24 60 97 5 55 13 136 94 82 127 5 105 37 191 75 21 165 115 42 28 99 75 114 38 34 36 153 153 85 102 159 18 74 153 99 83 19 22 172 146 199 69 47 191 34 116 12 99 181 38 174 84 140 85 179 194 196 141 62 184 44 59 92 137 40 168 25 99 31
33 14 71 10 122 161 198 93 83 192 3 120 2 21 4 63 42 164 38 1 126 161 176 12 126 7 152 94 176 14 19 118 18 113 93 132 195 73 43 3 119 34 10 138 73 84 49 181 42 64 138 119 150 15 50 21 142 177 2 47 113 71 178 128 39 47 97 12 67 198 71 149 44 94 12 10 166 35 137 13 189 104 126 74 105 123 173 62 88 158 157 50 91 191 58 99 156 37 61 99
37 120 186 92 164 181 7 158 170 139 119 62 62 108 52 132 195 24 170 123 178 98 28 53 146 164 128 11 120 149 195 152 158 130 120 176 186 128 23 74 65 111 159 64 59 48 91 48 157 21 31 61 64 57 71 171 113 18 122 181 84 198 110 175 159 130 17 170 193 147 164 26 94 31 2 31 78 106 1 102 130 56 53 34 140 12 92 160 82 127 72 35 51 142 108 157 9 195 168 159
12 169 158 43 41 34 125 91 101 109 96 129 156 157 172 12 178 43 91 181 64 136 87 84 130 120 128 1 35 4 23 123 25 3 122 174 93 155 81 185 82 149 134 86 182 164 34 63 18 142 163 92 153 4 194 193 104 189 20 18 84 59 39 154 39 110 24 141 35 70 59 172 130 183 35 102 44 130 139 45 123 184 85 74 94 74 188 118 21 142 138 198 97 10 86 68 190 194 32 174
20 72 190 92 145 141 116 16 196 134 150 200 100 19 140 19 158 55 16 185 4 133 150 15 8 183 85 121 156 127 47 99 118 112 126 34 187 3 138 70 48 93 159 12 189 28 121 136 197 96 22 127 61 88 12 37 126 27 70 138 197 41 105 89 51 109 133 128 127 162 138 170 141 27 27 2 191 88 82 181 197 121 170 5 179 93 9 181 153 34 140 1 26 28 56 8 94 28 152 148
93 171 14 66 86 52 177 163 115 190 192 117 86 158 176 127 140 156 20 101 36 21 62 104 74 17 32 41 131 190 37 58 42 62 172 35 174 51 167 130 1 97 179 106 100 184 138 67 192 27 200 71 11 178 142 133 182 162 181 137 195 10 185 112 7 147 144 185 177 11 122 42 88 9 100 10 146 64 182 122 19 150 121 186 149 21 133 177 97 106 9 22 114 142 39 179 75 43 183 86
117 149 63 185 157 23 152 186 167 76 191 192 188 52 123 78 142 2 122 40 155 177 55 200 131 138 69 7 117 3 8 114 80 137 2 49 149 13 1 76 98 156 35 122 18 48 156 82 157 153 164 65 86 42 17 150 38 102 15 20 191 50 190 118 11 110 181 29 89 129 27 78 130 2 57 21 172 117 83 171 176 152 159 98 102 175 73 89 168 143 182 60 124 194 139 147 131 95 43 93
69 187 111 34 174 82 100 168 128 120 27 72 157 139 182 96 124 197 74 179 107 86 74 189 67 69 130 127 172 26 54 184 199 178 161 99 156 98 118 195 197 11 198 142 168 117 72 38 39 45 186 84 23 44 168 86 172 1 93 136 116 193 31 98 6 104 132 67 50 94 65 178 76 186 137 109 48 100 88 25 192 132 78 4 87 82 99 110 70 190 173 45 151 111 128 100 52 105 161 65
3 148 184 169 2 50 115 13 42 68 96 7 94 181 171 145 80 32 84 82 50 166 113 116 18 111 198 112 11 32 108 158 46 40 41 20 139 192 119 7 174 60 156 35 186 124 166 34 132 90 5 180 32 120 81 150 6 84 83 108 140 168 40 93 20 83 48 194 11 150 2 192 196 149 80 40 29 31 102 21 7 142 166 61 63 80 1 186 31 1 58 82 35 37 98 137 198 29 169 25
75 68 173 32 64 14 66 3 28 88 88 106 50 73 54 171 56 34 195 89 96 95 188 84 173 27 138 119 162 197 55 60 81 190 113 72 116 198 90 70 186 84 149 15 86 154 75 28 171 71 162 23 100 182 62 142 132 198 95 136 48 152 158 185 169 197 109 67 180 66 199 139 152 132 158 20 147 27 79 123 102 105 16 30 70 25 85 4 61 23 132 54 23 167 128 21 74 50 190 181
199 160 137 134 190 158 82 165 99 8 200 147 178 185 58 75 196 45 51 145 123 24 175 182 3 84 29 115 14 196 141 61 13 2 22 149 196 83 132 132 48 60 58 114 154 91 145 176 174 111 180 13 199 104 80 97 154 166 32 195 78 188 200 19 193 188 171 182 56 200 120 144 39 7 17 76 19 182 120 58 86 37 55 61 23 103 140 73 123 145 20 83 77 96 94 31 102 3 180 118
200 22 38 158 145 108 58 15 11 111 61 119 200 141 153 103 157 81 72 170 122 14 31 149 21 140 198 139 195 27 5 8 87 77 81 131 106 69 166 5 182 119 69 67 172 197 179 4 39 68 36 12 122 62 61 17 52 42 47 172 88 129 105 160 64 165 192 164 160 111 117 109 150 189 144 85 92 144 52 111 87 173 145 60 84 199 55 177 195 76 65 86 136 156 194 102 67 48 178 163
27 138 28 7 114 86 54 84 196 141 23 168 130 189 197 172 86 12 95 41 112 144 35 29 16 200 141 104 115 120 1 45 22 1 103 172 131 41 97 44 116 177 194 38 124 141 149 195 130 149 125 157 176 185 115 94 79 160 76 165 19 6 80 58 28 144 112 128 134 196 194 145 38 129 130 79 111 76 32 196 116 142 4 181 151 162 146 171 189 12 121 166 102 172 172 151 93 31 7 1
60 175 94 77 139 59 153 86 160 15 167 181 193 97 28 95 25 190 39 78 62 62 125 38 12 161 8 133 157 104 171 146 31 199 197 82 33 28 27 126 186 98 27 76 147 48 52 166 17 113 136 34 138 135 75 147 59 1 28 11 168 143 129 21 74 83 85 187 60 107 28 178 126 75 106 135 9 156 164 87 77 125 62 177 190 146 22 103 105 73 6 24 62 123 80 17 170 164 47 79
194 15 136 153 152 38 2 37 70 41 176 120 58 84 25 46 168 172 36 89 95 116 157 64 148 114 56 199 20 137 92 169 43 85 63 165 128 184 54 41 4 26 107 38 199 80 133 159 199 93 159 152 137 139 89 10 86 38 1 120 171 62 71 70 13 37 192 102 70 106 141 109 23 56 181 191 131 6 110 199 178 39 35 15 130 37 73 80 126 108 185 164 84 98 4 136 124 112 200 45
33 91 124 98 198 143 138 165 149 35 118 77 198 15 97 102 125 61 99 96 180 53 100 68 115 63 11 177 60 21 148 83 102 52 28 21 137 3 111 84 73 99 55 162 58 32 157 144 147 154 50 176 59 40 7 150 151 92 25 65 131 36 87 107 7 80 181 114 166 147 95 187 119 65 59 9 101 116 199 5 159 137 189 123 51 111 36 72 15 190 190 175 96 117 49 36 186 140 141 174
175 176 85 151 26 73 37 75 119 116 61 163 72 157 2 181 155 158 10 70 140 145 63 147 166 176 197 11 133 33 24 18 156 22 14 90 136 131 150 54 90 58 16 142 73 18 78 8 159 41 22 8 180 70 131 151 32 124 173 48 93 76 154 64 130 177 178 103 13 66 82 103 29 26 141 19 125 163 129 28 160 47 191 53 169 30 8 157 148 88 119 164 140 94 97 33 193 75 86 189
195 15 67 151 151 37 177 56 35 104 157 15 38 184 85 133 133 170 156 88 174 104 172 19 103 123 34 50 164 2 37 92 151 158 68 132 173 135 48 192 82 48 179 114 162 31 19 12 199 43 194 132 164 116 185 70 37 95 116 94 199 102 110 32 146 40 65 155 192 18 31 116 92 198 196 79 148 165 153 175 60 100 74 144 27 31 70 196 130 89 112 131 166 190 38 187 181 143 93 181
128 93 110 61 106 3 199 120 171 23 159 129 199 78 60 87 91 136 177 12 114 174 166 66 156 170 101 56 172 99 143 175 50 60 136 95 59 50 200 91 199 1 112 13 68 42 77 83 69 59 68 147 134 158 110 96 155 71 89 7 167 110 85 89 27 182 5 155 149 69 19 164 175 151 66 12 2 135 28 129 119 174 198 103 92 160 142 114 136 169 135 126 87 136 114 184 57 87 33 39
78 108 166 46 28 90 18 75 135 26 24 56 86 62 54 171 190 148 176 15 121 70 175 191 162 9 190 60 31 140 159 13 101 186 123 33 81 132 159 104 96 26 95 97 31 77 46 55 92 18 183 195 94 174 189 73 150 103 161 165 42 173 144 181 111 82 147 193 110 61 132 25 109 129 150 8 97 143 46 33 198 160 194 30 88 11 167 116 38 139 78 164 14 68 135 45 55 77 124 63
190 139 117 13 95 187 27 101 16 177 152 111 91 102 64 185 23 72 97 130 173 138 152 77 184 77 170 92 109 22 22 101 161 188 7 161 140 43 57 81 69 151 86 42 118 124 84 5 106 174 120 126 100 60 78 53 136 139 112 110 53 168 115 193 195 97 31 149 197 86 188 167 84 147 88 6 185 102 15 92 179 58 193 173 67 128 89 99 40 2 47 179 199 183 88 82 117 149 183 95
88 95 10 51 126 75 78 176 125 189 30 98 126 122 132 141 127 141 26 163 130 34 198 82 161 163 132 127 132 195 48 159 121 15 200 136 19 186 162 162 149 194 5 82 48 93 164 61 28 151 148 65 8 177 163 172 140 153 125 105 78 27 137 22 80 41 112 97 132 145 69 79 129 128 1 51 47 96 25 145 154 8 110 110 136 139 44 52 136 141 119 105 2 166 40 141 70 181 148 79
137 8 65 127 1 116 33 137 147 99 191 67 78 47 134 132 190 147 69 48 20 16 45 83 71 149 150 159 74 91 170 81 19 29 55 94 11 127 179 143 88 96 155 152 79 119 134 18 140 200 96 195 75 186 105 85 5 86 170 60 90 167 30 116 187 171 116 60 88 103 51 40 43 148 55 117 49 134 23 118 136 65 99 22 27 151 129 151 160 134 30 197 177 54 89 175 62 82 94 145
148 84 38 138 90 64 50 187 104 164 159 1 65 173 89 81 15 6 56 28 155 200 146 111 31 140 127 17 191 194 182 145 195 39 188 181 15 143 115 5 95 27 83 24 129 33 79 134 117 42 181 112 159 144 127 59 27 125 194 88 196 58 99 113 94 200 49 104 62 45 33 103 198 136 60 47 17 2 79 77 11 13 90 159 38 116 50 18 45 174 41 177 109 162 194 200 84 125 156 150
82 124 102 56 118 181 134 84 157 181 9 197 13 186 20 55 115 176 158 181 91 62 62 50 94 194 169 128 194 172 76 132 43 124 55 171 127 104 155 75 60 92 146 64 194 183 123 123 13 169 192 71 135 142 45 196 169 194 55 40 131 38 69 13 195 31 104 168 15 191 4 31 135 80 149 13 122 117 87 15 75 193 94 18 98 151 30 3 87 65 130 48 56 128 62 57 7 114 117 27
3 125 56 100 40 53 149 84 32 125 41 102 77 177 125 65 25 145 65 128 193 7 174 85 153 134 101 80 178 86 181 110 59 17 29 16 140 197 66 109 138 28 69 3 29 126 72 94 73 149 198 4 57 116 33 94 70 60 8 2 155 52 99 168 155 30 23 107 7 10 121 163 199 92 39 72 149 198 59 54 73 191 139 128 5 131 168 139 31 141 106 131 26 19 125 122 27 181 135 104
31 42 30 168 96 27 68 22 197 119 84 127 139 149 179 64 68 112 149 120 148 115 111 42 53 86 141 18 120 1 124 43 73 93 145 44 128 28 43 80 17 14 28 100 133 57 131 53 23 62 160 45 11 22 22 13 197 35 76 98 99 15 140 77 54 124 168 50 144 44 5 195 79 23 49 98 161 154 79 60 150 57 15 29 66 193 63 133 26 181 188 177 186 114 52 36 85 106 67 197
151 105 59 111 39 28 71 124 98 30 40 131 27 4 35 130 147 195 34 44 184 158 50 83 180 88 157 196 38 10 149 109 146 52 18 46 129 122 140 139 184 190 32 186 35 49 83 200 48 51 172 183 121 78 136 200 3 121 58 126 192 58 58 191 18 26 135 192 67 50 79 102 77 18 88 133 52 125 72 192 58 10 56 184 15 25 88 115 67 76 197 28 170 97 23 131 130 13 88 155
165 196 107 140 20 41 18 30 81 73 21 76 189 150 105 69 53 78 7 26 46 19 102 88 109 116 115 24 131 97 111 84 193 101 35 105 135 128 31 54 113 98 152 9 174 176 26 185 68 122 135 21 139 64 7 66 186 138 116 121 177 161 152 94 21 43 101 59 85 40 128 148 132 122 123 128 180 6 128 28 176 32 40 91 76 84 18 63 178 155 166 127 164 12 195 101 168 144 16 12
96 19 35 192 176 91 145 175 93 32 167 196 6 78 193 26 52 186 158 70 15 33 100 72 151 78 100 115 36 189 158 195 117 7 15 58 125 130 17 173 51 10 61 14 126 85 82 10 133 28 161 24 82 90 24 181 28 47 104 197 193 105 130 15 113 97 95 57 52 179 103 88 117 20 80 60 172 109 75 16 124 151 77 199 173 86 23 191 193 24 114 176 98 32 181 48 183 30 182 108
80 81 111 152 27 100 140 53 81 23 124 137 34 162 118 43 164 9 61 185 60 119 130 16 115 164 195 35 111 2 92 89 43 130 131 134 26 53 28 12 173 63 111 166 175 31 113 54 84 71 181 151 150 50 7 144 74 156 23 21 8 131 113 15 189 79 37 130 130 20 151 18 76 69 180 171 177 50 170 181 32 82 32 8 142 121 9 122 174 30 18 128 158 127 181 171 84 164 69 28
85 181 101 197 43 88 173 52 58 45 148 190 108 128 17 133 145 122 24 113 86 92 198 176 41 167 189 90 150 195 47 80 58 68 61 60 173 152 73 94 153 53 119 117 127 90 48 163 82 149 165 197 3 171 184 65 124 107 68 130 118 171 112 94 75 148 19 46 164 94 24 178 86 73 73 22 178 178 58 44 31 110 46 39 6 71 52 95 54 176 171 119 96 167 155 161 37 112 153 33
60 70 45 125 67 185 4 175 38 124 28 83 169 153 101 151 170 192 99 125 106 171 152 176 51 33 196 176 132 87 199 14 45 141 3 120 173 191 53 146 96 111 40 11 62 32 39 117 29 180 72 193 174 174 26 157 150 165 172 4 61 81 66 14 152 121 179 161 42 100 169 161 30 12 10 105 167 160 16 129 181 34 110 41 107 110 77 23 62 140 195 110 99 135 110 200 5 11 172 155
173 92 119 182 180 176 116 26 130 86 129 68 67 117 197 94 110 176 149 181 185 145 24 40 66 15 126 109 62 22 117 58 70 57 139 97 43 18 84 38 151 21 159 67 36 60 120 108 28 191 156 113 23 122 84 50 1 58 98 52 85 161 145 104 78 31 185 56 73 172 7 13 169 137 105 144 109 153 119 99 6 11 181 75 27 135 18 175 54 83 143 29 156 71 119 49 95 198 104 21
62 128 37 152 183 138 181 102 148 56 194 133 17 124 170 50 111 128 58 77 185 179 43 93 28 44 29 86 40 68 42 85 47 147 99 35 108 119 126 42 87 56 75 86 100 40 98 135 47 122 183 135 68 184 8 56 16 23 129 106 86 152 160 20 77 172 118 57 21 135 134 55 55 161 73 125 129 195 39 195 55 144 102 144 124 154 27 68 17 83 159 58 176 198 31 162 102 52 140 70
72 187 69 168 137 74 156 88 71 133 39 78 122 54 15 27 36 154 54 3 118 75 58 171 192 95 157 54 157 165 85 64 49 89 15 3 39 14 126 120 110 144 58 152 71 132 185 185 51 185 31 155 8 94 148 183 25 187 33 103 17 109 122 9 71 57 172 182 38 197 183 178 163 9 146 100 170 184 129 85 27 22 178 94 156 2 167 35 138 10 53 169 18 13 50 98 20 114 151 39
94 60 118 50 72 134 1 117 69 109 152 62 79 99 171 199 63 177 180 144 56 37 151 110 3 144 63 152 25 171 11 194 43 13 97 16 41 27 15 168 13 26 141 107 1 49 177 59 43 164 168 164 24 14 58 139 137 64 66 130 196 174 16 136 114 47 139 153 116 7 103 196 124 113 26 132 46 105 166 110 81 184 158 110 103 21 46 168 155 190 147 186 72 71 148 150 133 56 12 109
11 133 124 28 44 141 36 139 88 11 134 62 118 179 136 66 83 193 172 72 79 45 87 57 25 21 4 104 124 109 133 137 71 109 96 123 74 70 3 30 101 43 59 58 71 57 148 182 182 8 64 37 4 121 57 195 107 148 41 43 118 16 107 34 163 198 133 174 117 51 77 187 194 107 180 108 137 144 6 135 151 43 18 21 153 137 9 9 34 72 112 58 172 151 157 180 190 104 133 172
71 176 149 54 162 185 132 18 175 143 182 87 93 61 31 86 134 130 93 96 69 130 191 89 155 29 168 147 166 163 54 188 5 79 59 25 134 40 27 158 89 9 107 194 91 33 42 151 1 76 132 154 36 70 98 110 178 188 5 117 51 142 18 167 69 71 193 18 192 171 4 70 80 172 131 34 18 46 29 194 126 109 69 42 87 65 46 51 117 166 33 122 149 191 129 102 60 77 47 67
181 129 137 185 52 189 82 190 199 176 174 85 179 127 56 195 125 43 47 40 147 118 105 180 36 170 47 117 17 146 166 2 119 15 56 193 196 8 35 143 25 177 31 187 85 172 1 93 132 155 158 96 39 182 171 144 9 19 159 71 95 96 6 105 81 23 197 96 75 140 3 109 85 182 158 94 119 66 47 128 53 40 54 21 78 36 103 25 69 86 175 127 113 54 200 132 87 136 200 125
173 3 50 187 55 115 196 182 157 83 198 154 134 86 27 75 39 88 50 197 84 179 172 76 90 190 90 37 126 194 179 77 152 157 43 26 173 199 29 177 166 108 7 76 44 152 88 139 156 80 188 43 71 34 30 55 118 94 148 147 95 125 89 194 69 39 183 149 115 32 81 68 108 30 108 40 126 124 1 133 65 20 133 74 104 19 106 90 26 126 12 197 108 30 189 109 195 185 119 10
180 99 177 105 66 121 65 30 108 189 20 91 62 185 62 98 109 145 22 166 173 127 7 149 114 64 43 3 116 163 42 111 163 66 12 110 178 98 47 156 26 34 107 13 117 18 139 115 124 121 154 30 125 165 137 10 25 24 10 98 186 134 89 73 51 91 144 180 117 122 13 95 7 159 130 140 153 184 192 96 13 97 169 191 132 54 112 69 13 94 134 68 96 156 3 76 84 115 198 33
165 2 3 174 49 37 27 167 36 92 142 151 143 2 167 53 168 24 84 69 105 123 154 4 55 85 180 184 162 193 186 136 173 156 119 174 118 13 2 181 74 188 164 7 86 18 107 84 126 174 155 184 130 69 130 27 68 76 51 79 165 197 178 29 139 87 62 163 23 102 3 85 72 86 119 93 66 193 15 68 194 23 163 124 23 185 5 2 33 69 21 197 144 59 180 116 171 150 180 7
94 34 86 72 108 84 71 7 33 76 191 43 200 105 76 34 57 10 181 16 89 38 184 82 176 136 181 16 76 38 137 188 154 92 186 117 161 2 196 6 63 83 71 30 146 125 76 42 11 157 130 49 169 119 107 86 97 64 150 196 46 102 20 49 190 145 49 152 30 106 50 70 143 174 184 152 47 146 140 98 181 116 94 176 152 153 43 3 113 182 176 15 175 81 120 92 104 84 88 57
43 3 32 187 83 105 122 62 30 127 78 147 90 198 156 21 200 33 23 44 169 93 166 30 197 20 111 134 185 75 182 38 170 88 59 191 143 91 69 169 167 166 73 116 81 106 170 185 46 193 50 184 33 55 29 10 81 17 33 10 190 112 13 192 155 43 123 155 6 21 12 44 36 23 18 136 101 158 98 45 179 99 12 123 18 108 89 40 86 116 180 34 142 111 68 125 156 56 66 18
34 110 38 129 101 31 24 171 68 66 25 18 10 191 98 68 45 154 120 18 36 42 60 58 114 11 81 83 176 166 7 32 29 180 15 39 129 145 86 149 192 148 185 155 94 81 94 51 159 95 106 176 52 81 144 174 41 29 192 98 198 72 8 12 21 82 186 10 178 86 172 43 70 53 160 192 189 12 48 130 200 137 91 187 95 113 132 165 200 100 29 179 120 31 1 125 159 152 182 125
36 52 51 162 48 55 34 144 119 104 120 124 7 193 14 132 135 165 185 99 62 37 100 73 71 150 7 94 9 126 146 190 55 20 68 18 44 128 151 188 74 152 102 58 134 39 109 145 141 29 77 117 199 56 25 61 13 199 191 170 107 129 164 174 78 76 121 28 179 169 112 185 73 88 197 83 158 111 142 130 191 181 22 157 161 173 49 120 197 167 92 49 16 2 69 91 166 150 68 3
58 106 118 34 47 180 107 91 63 79 74 188 10 112 72 195 123 106 151 163 93 140 170 90 39 82 177 140 128 116 185 75 114 119 28 187 154 107 34 63 61 39 114 115 89 142 142 7 189 55 27 19 31 72 35 135 163 30 162 145 35 28 53 62 183 102 154 73 5 188 14 164 103 87 121 7 73 168 167 84 145 37 85 132 153 168 199 105 7 116 27 74 3 19 3 45 84 155 79 95
106 114 193 194 64 184 64 60 154 114 78 196 81 177 83 107 89 91 165 100 118 170 102 34 15 117 176 65 59 58 13 146 16 10 6 59 76 169 119 135 200 172 164 150 185 196 67 179 100 4 9 144 107 153 42 107 1 124 64 127 20 89 15 54 135 174 187 144 105 58 7 187 137 85 185 89 66 158 79 191 124 67 123 162 28 24 68 88 183 153 160 167 137 37 181 6 78 16 58 28
86 195 73 165 73 39 194 183 66 170 44 190 91 126 165 30 78 120 118 88 138 67 95 32 123 141 166 101 103 120 164 80 92 78 111 73 161 102 19 162 182 75 41 25 89 178 123 127 79 13 94 197 176 87 188 127 89 89 58 50 46 131 72 196 118 62 91 158 47 154 23 65 55 154 116 158 54 95 82 10 103 190 169 195 169 142 46 28 174 183 27 192 144 135 18 124 149 196 164 4
62 171 21 36 117 107 38 122 52 45 122 45 36 20 172 53 36 200 70 48 8 126 59 100 150 22 134 122 84 183 177 106 36 184 6 49 179 4 59 60 34 172 65 2 44 93 161 161 96 58 78 34 70 131 132 121 65 178 1 40 194 130 41 199 176 60 1 44 8 188 73 80 17 93 25 150 146 46 66 119 105 137 169 115 104 50 69 163 137 59 63 186 4 158 113 158 113 163 100 101
132 160 104 8 146 161 82 24 48 41 91 160 113 99 127 120 78 127 121 192 51 59 63 124 69 112 153 63 39 154 6 60 62 151 21 109 160 30 145 81 78 77 37 143 23 38 74 35 42 175 52 117 39 27 112 100 76 120 182 122 175 100 127 46 133 127 28 138 134 62 84 148 53 89 30 24 100 167 19 143 131 140 199 181 60 165 34 135 29 36 12 165 170 85 150 184 184 26 28 83
122 135 15 72 76 18 119 187 67 177 38 139 78 166 78 7 186 59 91 173 128 89 12 71 188 180 166 53 135 125 163 117 156 80 140 104 111 100 74 81 121 28 157 134 21 10 171 176 54 117 173 107 187 131 33 92 148 97 77 111 50 149 19 139 77 66 118 185 93 117 60 112 100 136 113 175 104 194 97 13 86 169 71 191 38 40 134 188 98 143 190 107 16 178 192 25 110 11 97 84
115 154 9 167 127 67 196 136 128 97 3 106 109 45 134 144 24 149 52 61 94 74 168 114 189 7 66 18 44 105 61 70 13 73 168 103 152 119 185 90 62 50 81 103 138 73 23 165 182 173 40 18 14 126 77 155 93 189 126 47 141 75 14 188 34 104 62 38 192 102 94 67 52 57 102 119 119 85 106 55 28 189 95 126 126 78 50 174 143 79 111 27 200 24 9 37 119 169 180 92
162 174 98 65 148 41 102 130 65 164 196 11 74 157 148 51 29 139 81 75 10 198 11 78 12 70 29 183 2 132 184 155 58 183 78 35 171 134 86 173 124 186 30 129 151 63 16 52 92 101 163 113 55 45 122 107 157 28 104 139 175 130 188 96 100 192 50 36 38 98 154 82 10 134 63 42 144 66 199 15 170 195 136 18 197 194 51 3 172 111 52 198 28 70 86 48 56 60 52 171
36 34 6 132 193 76 22 96 16 100 111 16 168 105 91 14 52 18 39 50 58 200 51 175 48 24 85 147 117 124 18 171 174 28 47 67 41 146 159 114 1 137 156 122 104 158 87 101 15 48 51 60 118 105 61 160 140 151 71 149 56 155 113 120 167 24 181 17 110 87 17 15 8 142 93 54 20 18 154 126 110 159 77 164 182 169 30 37 168 55 151 6 86 113 185 137 195 15 5 195
181 17 59 167 185 38 154 174 127 160 199 80 122 166 150 16 22 26 92 155 190 196 14 78 87 66 19 24 105 195 53 182 129 11 145 80 129 44 87 95 111 129 78 73 120 88 2 23 179 37 58 161 79 131 65 157 128 17 160 45 31 103 23 145 119 62 154 198 10 28 174 130 115 172 119 179 77 150 109 115 45 37 63 99 150 121 144 169 166 180 106 104 33 2 65 54 135 144 47 54
197 100 128 68 158 76 146 142 154 148 168 134 102 197 200 161 88 21 115 193 179 148 42 159 133 111 183 65 37 70 133 153 100 110 95 37 185 156 153 146 168 44 185 101 105 20 199 181 15 23 175 15 193 150 183 194 6 68 175 47 195 137 193 151 126 18 33 106 117 5 43 13 15 130 77 183 86 118 19 27 192 105 125 89 134 127 31 151 79 26 57 174 140 169 174 78 184 6 148 57
97 171 84 6 122 84 33 25 76 65 134 170 119 59 135 161 25 187 22 131 28 132 195 32 75 140 104 153 117 154 112 160 84 119 165 74 60 128 115 95 88 19 97 88 12 140 117 154 169 73 134 193 49 143 116 114 122 138 175 50 149 116 160 51 67 76 77 122 69 110 148 186 20 199 86 116 41 36 48 182 59 50 119 63 153 166 167 166 138 2 1 61 196 105 153 191 170 92 109 116
151 139 44 59 116 113 186 170 106 155 174 161 177 169 23 163 92 87 129 136 29 154 52 50 190 36 45 152 150 35 131 132 187 198 199 47 173 139 85 35 131 21 178 16 40 180 154 136 147 175 22 121 32 43 129 40 170 47 192 62 73 179 74 50 23 184 21 77 129 87 51 137 26 134 105 165 17 71 193 103 17 173 45 146 191 36 113 43 183 150 29 141 159 66 51 64 33 141 20 63
111 8 7 57 10 22 197 108 51 193 116 15 198 5 101 22 186 128 153 124 55 197 143 174 155 97 99 11 23 146 133 152 53 190 67 197 176 52 129 53 71 111 174 126 175 123 73 192 51 46 160 183 125 143 186 143 24 79 114 61 93 86 169 26 148 95 14 80 119 55 192 17 181 1 24 179 139 138 191 150 144 156 82 84 50 25 67 51 40 113 92 79 146 16 82 61 155 53 21 12
103 59 39 159 69 151 156 24 58 117 9 163 196 106 177 39 70 155 111 97 194 77 34 4 188 71 10 50 195 37 94 89 198 122 93 160 172 112 171 179 141 15 59 163 7 175 127 45 171 189 3 6 83 164 10 200 54 185 197 21 56 25 105 24 134 164 193 30 91 67 173 103 106 158 175 30 62 133 97 69 85 114 166 100 29 157 23 128 99 58 177 144 135 132 15 2 34 102 20 45
99 187 24 156 72 135 100 179 97 131 61 129 54 161 63 193 27 68 31 154 87 123 59 108 36 63 44 112 176 158 73 102 161 136 173 30 186 35 67 76 199 125 107 147 172 91 127 38 168 189 124 172 162 164 31 28 33 177 146 156 187 10 25 42 172 17 40 63 111 23 51 145 38 168 197 8 77 12 51 169 52 145 162 52 115 84 186 121 59 124 188 83 75 126 11 75 109 97 177 54
28 11 99 149 140 49 92 48 39 181 172 94 20 150 166 123 96 48 145 57 180 60 162 194 166 116 177 192 13 186 30 43 147 183 33 31 122 187 81 180 70 36 120 111 154 92 80 157 67 80 163 50 1 170 8 141 158 29 110 88 197 51 94 85 142 45 8 142 20 24 5 67 1 174 177 131 164 75 121 110 90 51 102 98 13 163 180 65 176 125 89 27 77 166 149 10 107 36 157 69
185 52 170 96 64 104 52 165 17 92 150 72 88 5 85 138 144 153 154 88 153 165 53 96 79 45 95 55 67 53 14 120 14 97 143 161 31 124 189 81 175 40 18 176 40 178 125 185 61 150 94 96 75 94 43 81 188 140 43 134 92 11 17 36 100 147 156 177 97 183 9 199 171 73 5 162 67 107 32 144 24 3 183 133 35 19 64 161 101 167 70 147 187 166 65 144 145 28 85 89
181 136 121 151 56 66 16 76 30 134 167 114 3 61 165 161 154 94 107 90 95 86 73 59 148 173 8 15 148 169 67 49 103 140 97 140 192 22 159 85 130 173 51 143 4 99 187 113 184 182 81 174 25 189 109 116 110 77 68 160 47 115 61 19 33 130 63 191 200 188 146 96 161 126 39 181 73 6 184 19 22 149 132 53 104 165 114 185 12 135 180 72 184 138 146 187 34 188 88 73
144 181 68 104 138 170 106 124 136 182 31 189 118 102 34 36 96 67 137 173 95 188 5 163 194 175 179 23 25 69 152 186 70 112 111 104 106 87 178 83 116 57 43 106 26 63 191 146 124 33 159 200 16 125 193 12 83 105 63 69 144 20 171 94 7 160 131 193 37 4 164 120 97 175 53 71 179 63 130 187 128 90 189 164 22 57 193 115 123 74 195 171 136 177 74 63 197 191 8 179
166 103 84 15 159 4 37 154 180 125 27 187 154 1 64 61 106 199 182 162 152 106 148 2 35 14 153 126 159 98 147 58 9 167 13 192 102 8 134 25 105 41 194 29 120 191 151 106 197 74 157 2 31 105 7 31 174 179 15 186 118 58 8 167 60 76 13 98 86 28 64 4 31 77 191 26 50 163 132 129 85 166 50 109 51 110 91 89 195 59 150 155 72 97 128 53 133 45 157 104
184 177 182 177 161 56 17 156 43 56 153 137 156 34 2 21 193 77 58 83 109 111 181 171 61 77 84 170 122 4 105 75 20 17 3 168 13 200 30 12 35 7 16 6 53 3 7 190 59 115 166 151 193 158 185 170 179 8 2 119 131 88 150 17 126 198 150 123 76 95 38 183 75 18 37 158 28 192 197 78 8 135 152 38 118 111 11 104 11 52 95 182 9 196 112 34 137 187 70 140
68 80 87 94 160 193 53 170 191 128 150 66 151 122 51 59 64 7 172 46 183 157 133 145 129 40 129 103 67 37 165 152 87 21 117 92 12 145 63 16 46 83 70 127 74 114 182 75 69 82 121 72 173 111 50 149 83 188 151 171 41 103 156 94 172 91 138 113 144 96 11 67 68 161 16 131 47 161 58 119 49 117 106 171 93 29 12 72 163 133 115 114 15 158 8 1 85 115 82 129
162 22 124 185 50 144 177 136 139 180 93 42 15 181 52 184 191 89 128 84 39 93 37 188 179 75 141 3 60 96 123 166 116 10 117 38 200 169 10 134 180 48 104 69 46 182 190 71 145 164 72 61 66 36 188 78 23 86 14 11 194 99 179 76 141 147 122 6 178 3 14 67 41 175 187 43 105 37 146 126 100 110 169 1 130 29 146 80 153 62 33 125 65 80 124 21 21 8 52 5
