50 	
34	61
0	73	1	1072	9	
0	15	8	301	4	
1	77	1	2321	3	
0	64	7	101	8	
0	13	6	49	6	
0	3	1	1391	9	
1	95	4	125	6	
0	94	9	2328	5	
0	22	8	906	2	
1	30	6	988	8	
0	85	4	744	1	
0	84	6	1088	7	
0	40	3	53	9	
1	98	3	604	4	
0	45	5	2402	9	
1	81	8	125	9	
1	62	1	432	5	
0	68	9	29	5	
0	18	8	819	4	
0	68	6	26	4	
1	48	1	2143	9	
1	73	8	1925	7	
0	4	9	2041	8	
1	70	3	618	2	
1	5	3	2166	1	
0	10	7	1241	2	
0	3	5	955	2	
0	61	1	371	9	
1	37	7	2221	4	
0	25	9	2286	7	
1	43	9	1867	5	
0	11	2	2044	5	
0	3	9	1230	6	
1	93	5	314	1	
0	14	7	1475	5	
0	40	2	1767	3	
0	38	1	319	5	
1	63	8	1562	4	
1	49	2	998	5	
1	93	5	447	6	
1	19	3	1766	4	
0	23	7	221	6	
0	82	3	1856	6	
1	20	5	1259	7	
1	14	2	452	4	
1	74	4	869	1	
1	22	2	1697	7	
1	69	3	806	6	
1	78	7	2016	6	
1	95	4	1700	1	
156 113 14 47 145 76 21 19 130 11 149 158 52 35 104 196 111 135 163 129 2 154 173 58 48 131 133 57 137 189 35 16 169 34 38 49 150 19 146 4 23 191 187 79 98 102 82 96 29 136
4 189 57 132 146 133 99 6 101 131 184 16 152 41 53 153 47 188 88 72 70 95 11 158 130 144 68 150 112 77 86 172 6 42 7 145 177 200 194 193 131 105 87 95 147 30 34 89 41 52
13 59 33 18 155 74 36 87 3 16 92 29 113 178 176 3 78 29 105 157 29 149 182 16 77 144 173 187 120 166 149 26 68 179 190 51 67 141 76 75 76 129 110 15 104 74 123 74 141 96
133 26 67 146 23 80 156 147 187 130 7 67 157 105 5 129 197 14 99 16 63 154 60 43 37 125 17 30 77 94 21 4 135 16 33 144 30 150 157 62 15 19 102 127 176 37 123 107 129 16
69 30 17 145 56 173 61 23 142 139 97 181 29 161 174 45 86 5 126 155 28 48 25 87 48 147 145 49 51 147 140 196 155 128 196 164 148 32 100 27 35 117 169 71 94 119 143 120 131 165
13 62 83 66 176 72 38 32 198 194 118 98 35 108 60 74 5 107 141 52 63 188 25 158 198 78 165 191 80 3 28 200 151 97 110 189 81 174 172 189 118 24 72 168 70 27 58 158 24 148
11 122 5 67 23 113 65 34 43 72 129 188 99 4 131 185 6 132 189 49 101 69 190 105 57 129 192 173 198 118 70 110 121 149 158 166 129 112 2 38 7 45 148 28 141 16 137 34 2 125
24 21 189 42 64 159 147 88 85 137 10 161 101 152 2 155 200 80 198 106 120 61 141 136 175 36 50 45 80 60 111 143 37 73 96 92 81 196 146 147 39 54 165 138 13 72 55 13 133 177
92 107 136 92 60 101 68 13 36 56 107 160 119 135 55 146 60 21 85 6 197 163 58 192 146 3 79 33 2 66 128 132 36 158 156 84 165 178 154 49 20 155 28 91 166 189 176 136 83 86
27 27 70 16 93 28 30 108 108 38 72 111 33 197 145 76 171 9 91 122 43 146 8 137 40 22 46 132 50 71 182 34 72 46 11 114 154 64 35 36 26 1 35 84 107 40 7 43 183 63
120 65 33 69 53 45 154 2 3 110 175 11 115 142 181 64 98 115 163 67 27 5 142 86 30 74 60 119 94 54 74 56 150 5 74 135 7 47 114 192 60 42 130 7 86 70 25 108 57 27
103 33 186 41 75 199 149 42 199 6 103 185 43 121 20 121 54 94 28 61 16 188 111 179 8 34 168 85 158 146 106 117 75 200 137 184 62 74 72 73 89 86 162 119 54 181 141 128 32 143
129 77 157 24 118 149 22 115 13 34 12 54 128 186 118 129 101 193 183 22 2 61 86 134 80 192 78 83 41 154 101 199 187 134 45 41 193 126 33 106 5 125 192 191 128 68 120 185 6 92
73 94 179 134 182 4 67 85 169 133 122 198 44 19 69 167 180 155 134 83 13 136 159 91 56 22 120 105 150 76 15 121 199 136 73 5 107 141 82 57 71 121 141 190 183 193 37 42 122 199
5 42 61 170 58 101 48 55 147 135 186 140 168 189 120 132 182 72 54 143 182 190 176 185 195 126 66 160 25 23 7 103 56 159 200 80 47 59 146 108 32 126 125 118 179 162 72 183 160 188
160 59 192 20 128 176 136 6 145 77 19 96 142 157 128 5 134 3 117 30 92 173 27 9 140 68 66 28 127 190 167 167 99 121 12 134 37 136 168 192 89 72 2 193 158 74 33 16 23 71
138 174 9 192 183 33 88 70 141 118 121 158 127 26 83 145 170 146 78 80 47 57 5 7 71 132 117 98 68 151 7 93 111 160 123 87 29 140 61 69 134 156 97 81 67 19 135 128 101 95
165 112 8 30 141 7 126 41 167 103 94 141 193 36 151 135 11 125 125 183 152 89 181 67 114 148 43 116 6 71 2 79 166 30 49 170 8 155 186 189 128 141 194 4 183 96 48 116 178 177
34 81 31 44 63 31 85 176 148 61 196 129 40 173 151 83 56 51 48 57 146 148 9 49 2 169 28 192 28 37 168 95 198 56 126 132 105 15 33 72 197 113 14 55 107 125 165 15 109 74
17 185 43 155 22 36 61 168 98 11 3 193 40 119 106 175 131 139 57 188 185 11 146 198 170 199 104 115 31 98 164 116 194 46 81 171 88 22 76 54 7 146 174 186 174 64 110 85 133 108
150 15 5 48 5 180 1 56 71 94 182 39 132 176 41 56 156 83 165 183 44 103 112 77 40 63 137 3 84 145 5 6 163 39 186 134 122 136 131 109 17 44 141 156 154 151 121 77 83 107
44 127 159 39 184 137 147 10 130 75 64 194 22 193 50 29 7 63 154 152 120 10 82 40 60 186 153 26 178 120 40 174 58 195 58 171 12 147 138 32 40 122 22 136 169 1 151 115 40 167
126 27 119 84 30 179 91 102 65 28 79 83 103 158 65 148 122 148 67 7 123 59 2 105 15 97 160 103 176 97 154 5 138 131 61 187 37 28 93 69 191 185 106 24 124 35 176 33 197 173
43 138 25 126 156 20 28 117 11 123 36 141 2 83 69 72 57 178 95 135 174 197 177 90 68 175 86 79 158 47 96 194 121 78 174 129 129 157 67 123 87 9 21 11 61 20 105 85 35 200
162 169 156 152 129 63 178 44 167 66 198 183 38 46 195 186 28 107 48 101 176 186 156 75 21 154 158 63 131 141 169 2 12 74 163 151 7 141 76 191 94 92 194 33 95 8 159 99 190 96
116 65 46 126 115 171 104 5 136 182 146 65 60 8 94 16 67 5 76 16 29 194 144 42 178 102 25 127 23 54 134 166 79 174 30 97 34 153 149 90 16 75 149 55 103 185 120 170 188 144
82 132 178 67 189 34 79 30 173 75 162 197 153 60 176 115 133 28 8 17 41 119 155 186 182 126 18 126 161 185 172 91 125 126 181 153 31 107 32 24 115 50 103 181 109 139 128 61 88 58
186 89 13 85 72 65 119 114 108 93 193 139 63 55 142 85 39 79 151 100 73 117 14 34 184 32 160 28 46 145 187 78 60 118 147 88 37 163 151 34 173 189 111 121 155 114 104 106 85 107
1 111 108 173 112 184 59 170 86 73 98 179 145 74 94 29 43 33 59 96 69 72 104 2 186 155 155 4 56 92 65 107 191 101 2 85 47 139 173 22 178 176 86 151 106 199 166 13 32 117
104 173 55 33 175 78 181 11 54 168 8 148 13 103 88 124 182 194 132 116 164 188 41 90 91 156 49 64 94 70 110 174 62 124 35 6 102 66 68 180 38 82 149 81 172 192 107 108 71 178
25 59 196 180 183 189 71 14 32 49 90 144 64 64 97 110 28 127 172 120 66 164 138 184 31 105 62 98 172 87 168 87 120 159 131 142 78 10 36 149 104 134 97 7 141 188 25 159 38 108
57 41 103 199 174 198 172 8 78 171 20 179 61 190 138 46 82 45 180 36 93 125 81 114 83 80 93 183 185 117 141 34 144 142 140 35 10 14 89 164 15 46 191 43 56 164 26 30 138 44
106 62 36 95 94 10 52 95 159 182 112 70 161 123 42 111 189 178 53 12 85 126 30 84 164 34 5 52 151 115 178 186 8 148 39 11 140 186 179 125 110 97 53 150 184 143 78 200 53 5
185 50 56 74 29 101 93 188 43 192 41 3 63 55 102 158 85 102 65 154 157 149 70 121 36 68 115 180 188 126 57 172 82 167 193 69 168 79 160 68 51 121 194 3 26 134 179 163 75 190
106 91 193 12 51 108 199 127 192 157 96 68 128 130 116 188 61 141 109 19 39 117 187 27 128 83 7 65 79 31 129 119 147 74 172 122 131 117 83 189 195 152 103 199 125 63 9 17 53 156
60 125 176 60 109 197 88 84 69 11 77 113 15 80 96 60 149 71 148 17 92 152 93 179 111 181 129 93 162 98 166 150 117 103 199 71 72 61 49 195 137 162 141 104 48 106 39 35 47 86
155 184 175 167 198 82 65 147 134 38 113 168 128 38 189 47 30 134 118 172 174 172 90 24 80 67 3 121 20 7 131 180 20 1 78 125 117 188 190 174 1 7 103 59 56 138 119 65 136 32
24 157 193 17 137 4 186 10 70 163 76 55 193 105 146 64 140 74 39 1 191 61 55 124 18 88 157 175 171 190 34 128 21 53 31 132 34 146 28 172 55 18 49 155 111 189 15 25 90 177
17 17 44 135 21 83 190 110 79 72 71 147 57 166 188 8 49 137 88 26 171 99 35 72 17 32 95 129 93 11 75 164 130 9 13 126 64 199 29 199 128 185 95 151 178 14 195 133 26 32
83 199 69 105 63 90 33 137 2 39 177 52 163 118 100 97 69 17 55 16 112 114 126 181 6 73 11 119 179 51 30 97 28 163 100 85 6 111 103 12 85 70 80 149 94 87 170 177 107 52
198 49 32 59 193 104 141 192 123 185 198 193 101 33 101 121 29 130 130 74 56 188 86 33 102 2 1 36 173 185 47 135 144 26 88 19 120 193 199 77 143 141 27 57 160 103 148 130 111 79
43 178 48 24 66 187 52 19 5 29 10 95 81 33 1 65 10 17 62 190 52 20 92 110 42 182 185 194 116 54 157 78 159 78 166 47 199 114 175 155 125 158 19 128 19 90 45 80 59 132
14 195 65 99 93 72 77 161 93 28 139 131 107 36 87 106 68 71 3 137 105 110 190 118 17 34 27 50 45 90 20 150 70 189 32 59 90 26 34 94 66 75 21 182 187 13 165 183 198 48
14 156 107 153 127 24 186 13 37 148 160 142 122 151 53 174 189 144 62 61 114 141 106 115 106 144 19 107 145 110 61 87 103 134 195 188 190 175 83 84 196 28 123 152 7 123 102 167 152 157
186 117 67 59 36 38 114 81 70 91 151 106 42 87 137 165 158 144 23 64 7 46 17 170 179 160 54 146 136 180 116 187 111 104 159 67 109 21 140 145 21 16 138 134 147 81 110 20 6 191
23 47 133 199 78 18 85 22 147 20 80 122 124 129 53 3 32 47 155 174 98 70 176 48 10 88 59 69 8 88 149 50 111 24 8 17 135 151 134 13 173 91 96 98 180 63 199 12 163 66
80 133 89 82 136 94 198 26 61 180 29 198 129 165 173 28 10 141 31 183 86 147 199 5 174 64 91 134 14 26 87 181 109 63 45 29 70 61 121 150 104 92 126 197 136 112 51 158 50 47
124 194 111 114 155 42 56 152 178 53 192 126 152 45 66 77 51 149 86 188 155 181 59 153 112 143 38 10 82 35 102 72 162 177 4 101 141 9 16 99 118 99 18 156 29 171 88 64 22 188
155 155 93 39 166 11 198 165 21 136 86 66 91 19 23 55 101 35 91 115 104 173 130 101 3 20 182 138 17 156 85 10 100 111 178 180 23 86 168 122 101 36 108 123 79 49 116 139 146 174
149 162 121 166 175 191 161 20 155 151 74 69 84 162 197 77 104 112 63 153 190 103 134 55 101 30 137 173 37 68 35 140 122 175 128 55 87 89 178 1 185 46 140 34 80 177 99 85 180 188
160 102 72 187 180 18 24 94 80 192 119 125 194 123 8 199 95 161 133 156 171 95 78 30 135 153 180 104 118 135 162 106 173 142 95 34 160 20 25 146 183 144 3 49 173 14 183 91 49 46
