80 	
0	13
1	5	2	103	5	
1	2	3	55	3	
1	9	8	70	4	
0	2	2	51	8	
0	8	1	56	7	
1	3	5	61	7	
1	4	8	66	4	
0	5	7	52	3	
0	6	1	21	2	
0	5	3	111	4	
0	5	5	34	3	
1	8	2	150	8	
1	9	1	55	1	
0	7	6	51	3	
0	5	3	141	5	
0	2	6	72	1	
1	1	4	162	5	
1	1	7	195	3	
1	1	3	194	5	
0	7	1	112	6	
0	5	6	8	7	
1	5	3	148	8	
1	6	9	99	8	
0	2	7	42	9	
1	5	2	31	6	
1	6	9	81	8	
1	2	8	9	6	
0	1	7	66	7	
0	6	1	93	9	
0	8	6	57	6	
0	8	1	129	8	
1	1	9	55	8	
1	6	8	190	6	
0	2	4	187	8	
1	5	9	133	5	
0	7	2	125	4	
0	7	8	90	7	
1	6	4	191	2	
1	5	5	61	5	
1	3	3	117	5	
1	3	8	127	9	
0	4	7	33	6	
1	8	7	4	8	
1	7	3	172	5	
0	4	5	5	4	
1	3	2	14	3	
0	1	8	102	3	
1	2	6	105	9	
0	7	6	116	5	
0	7	1	108	1	
0	9	7	56	2	
1	7	1	11	4	
0	7	9	146	5	
1	9	5	151	6	
0	6	2	102	2	
0	6	5	34	2	
0	8	9	190	4	
1	4	5	149	9	
1	9	5	159	5	
0	1	5	25	2	
0	5	9	68	1	
0	5	3	153	6	
0	2	9	142	1	
1	9	2	148	1	
1	1	3	122	2	
0	8	8	4	8	
1	4	8	152	7	
1	6	9	110	2	
0	1	1	30	4	
0	2	5	0	3	
0	2	1	193	3	
0	9	2	26	4	
0	7	9	141	2	
1	5	1	190	4	
0	4	8	128	4	
1	2	8	113	9	
0	2	1	191	8	
1	8	5	29	3	
0	4	6	1	6	
0	4	1	23	3	
62 101 200 125 200 35 122 27 70 62 139 186 25 77 60 117 88 122 82 84 38 128 94 91 84 73 188 6 175 10 37 46 190 32 74 122 124 69 196 200 197 61 52 16 154 175 75 88 90 68 111 155 169 162 22 16 126 58 127 117 123 83 129 3 106 126 69 183 9 17 20 54 36 191 28 3 36 56 41 10
143 199 20 148 88 171 155 88 175 185 157 29 140 164 68 85 93 5 84 63 78 111 142 61 173 44 113 167 194 57 107 188 34 28 191 180 28 43 6 33 128 51 77 61 2 124 195 161 161 72 101 90 2 122 35 89 105 74 21 4 92 192 24 77 199 102 26 4 77 86 138 180 129 64 139 155 149 145 171 83
59 195 51 60 30 128 9 163 150 181 160 92 133 146 67 173 2 73 70 16 185 3 125 150 192 32 82 147 149 20 122 95 75 118 25 172 173 75 16 10 83 122 153 126 185 154 131 188 22 71 131 163 122 191 160 97 191 60 168 48 5 155 194 6 186 134 160 193 83 6 88 200 171 152 17 195 177 107 110 77
94 79 195 142 25 70 73 85 57 12 117 49 130 164 90 197 149 12 14 35 82 181 47 75 58 106 195 71 3 133 189 63 161 71 86 189 110 148 194 108 77 81 172 29 145 140 27 46 88 58 17 179 115 102 50 70 84 37 76 38 76 167 138 144 12 184 137 103 49 65 165 72 54 115 5 103 176 94 49 175
39 161 187 106 37 131 17 188 155 187 85 124 46 116 134 163 118 92 137 37 79 199 79 133 108 112 182 148 36 169 45 117 89 51 29 142 118 19 37 30 104 180 142 27 139 155 24 124 114 70 153 12 106 12 142 98 96 128 67 80 97 167 62 4 57 59 157 167 196 97 142 144 180 177 109 172 41 175 138 6
60 148 173 12 126 189 188 197 145 188 121 39 129 198 68 186 89 7 113 153 35 83 66 153 78 196 196 50 115 32 77 31 69 138 126 133 131 126 100 146 82 58 69 109 77 197 151 100 145 79 155 25 60 191 38 12 115 200 164 169 71 30 119 107 18 37 181 39 185 184 121 135 22 155 113 69 82 150 66 74
133 20 115 55 99 98 138 91 139 164 57 183 146 102 54 31 10 130 49 21 28 58 34 145 139 147 146 103 180 129 53 165 24 38 19 109 63 133 155 159 104 148 8 40 86 97 86 188 139 164 31 30 8 162 66 56 120 94 41 9 74 192 106 61 100 168 157 150 7 75 90 40 128 42 109 161 139 149 157 54
40 79 36 150 40 75 20 74 107 120 157 40 196 103 89 106 78 71 25 122 185 45 200 156 11 139 185 3 144 145 163 148 10 184 187 141 61 51 141 20 182 23 156 39 115 54 165 29 149 156 30 136 123 67 54 63 30 153 83 80 125 160 63 157 71 180 22 158 116 62 148 122 20 156 37 14 134 18 131 140
103 24 83 25 21 70 155 140 146 94 131 182 32 165 180 141 53 95 164 88 128 14 140 166 70 8 53 132 85 63 174 163 182 68 112 81 29 37 89 108 48 166 44 6 66 104 178 51 9 189 111 172 64 196 193 112 70 40 149 112 70 24 2 143 138 100 91 103 185 26 56 63 136 37 57 45 8 32 183 134
16 189 164 155 14 187 133 90 30 128 169 20 176 26 174 120 17 77 24 80 56 40 80 159 186 96 29 178 153 3 123 58 72 147 63 82 85 171 35 15 112 28 49 189 6 97 32 120 182 35 160 44 96 177 111 107 152 120 38 155 160 43 121 147 98 106 57 162 102 41 115 148 98 57 78 155 192 196 156 4
133 94 44 80 51 178 181 22 181 54 130 159 149 14 103 177 189 190 65 47 22 137 41 69 120 156 56 75 5 116 133 99 172 139 196 22 179 11 95 45 111 183 145 6 18 110 96 179 99 98 152 194 199 12 18 189 138 173 44 105 84 178 5 157 95 158 107 157 97 92 185 60 15 30 79 48 76 144 23 161
7 164 135 20 31 114 66 148 193 143 152 120 56 78 111 194 75 178 13 167 51 142 132 30 164 110 61 50 169 84 127 47 130 23 136 73 146 156 4 130 116 22 193 51 47 16 101 128 186 69 161 83 121 122 159 117 77 34 161 187 124 80 31 75 48 31 148 152 39 189 89 41 59 179 172 13 118 6 111 77
99 108 22 91 28 190 145 79 117 1 54 7 77 122 138 186 91 50 23 40 120 111 104 116 180 86 157 94 75 65 139 65 157 195 118 37 145 149 51 75 47 176 123 109 2 98 143 13 96 35 161 181 37 2 21 113 93 75 124 126 197 192 142 114 8 172 93 68 166 154 185 155 198 152 19 200 23 197 163 23
122 195 149 60 82 187 83 36 31 40 149 27 98 106 77 87 8 138 190 59 20 73 161 26 192 48 186 122 1 136 24 178 106 71 137 129 135 84 27 129 10 194 67 142 19 106 3 147 56 54 24 29 32 29 47 127 187 122 5 190 44 71 196 27 64 99 39 174 11 198 129 59 134 20 102 124 93 106 35 10
153 54 55 124 138 23 79 14 39 83 185 26 54 57 124 152 199 14 154 90 114 23 1 166 12 33 111 157 116 19 125 128 87 37 156 184 193 167 193 195 23 88 35 169 175 104 43 176 123 13 63 124 1 179 66 84 111 102 181 93 126 135 29 199 3 156 177 51 83 32 171 34 190 52 42 185 132 76 124 100
95 150 77 52 36 154 194 25 86 4 43 170 32 31 79 57 51 75 77 24 117 16 199 26 30 115 152 141 137 9 185 75 52 83 61 20 5 110 184 117 14 51 1 125 12 113 48 13 80 9 86 153 126 107 78 171 68 11 60 17 120 110 103 106 35 176 142 156 140 13 136 144 181 25 156 133 52 111 82 162
113 1 24 32 69 36 39 7 126 58 109 84 154 2 70 41 49 19 55 34 26 169 60 117 37 88 27 40 66 69 127 10 100 70 165 152 83 72 67 174 188 24 72 31 174 132 182 156 147 23 77 107 15 79 51 20 113 64 141 183 13 87 11 18 184 24 194 74 18 86 61 118 2 104 53 72 75 101 122 19
46 102 89 103 5 20 149 34 95 137 5 197 174 51 121 13 191 55 108 163 159 5 112 135 22 175 11 189 98 144 9 107 188 170 80 195 149 179 84 136 39 54 171 150 168 116 20 17 22 153 21 31 179 52 115 72 189 73 124 85 133 4 158 37 43 9 176 72 69 97 107 168 14 7 140 67 140 109 65 53
3 102 197 111 145 140 152 30 106 162 34 182 153 27 79 32 116 19 131 171 54 78 37 121 50 15 26 76 152 127 63 158 11 147 110 152 185 37 124 57 149 67 168 168 50 6 197 182 55 164 28 130 92 17 178 147 145 165 168 75 78 98 68 26 24 167 99 97 120 39 1 122 114 123 60 129 2 136 198 28
84 53 104 98 181 33 39 76 7 78 67 30 138 87 36 69 112 132 142 200 85 11 138 100 71 42 94 9 25 19 165 184 96 97 127 101 99 157 166 173 132 110 106 52 48 160 40 48 130 173 89 172 52 199 96 94 45 15 187 108 22 158 4 145 94 96 83 46 137 1 133 30 113 80 105 18 171 58 159 126
152 138 36 75 65 155 90 160 120 144 29 112 144 51 103 45 142 100 62 154 66 39 90 196 130 146 126 101 60 175 151 10 62 173 175 109 19 152 153 146 141 46 16 66 17 193 26 53 146 150 48 197 156 93 143 71 136 117 140 110 10 76 85 172 119 26 76 177 189 9 14 120 67 17 26 45 13 119 154 72
87 88 168 49 162 159 148 118 166 87 19 189 65 156 3 123 73 95 3 31 89 127 143 124 63 2 99 13 167 106 12 166 190 164 61 86 121 190 167 36 132 125 156 10 17 90 182 59 186 130 200 191 184 41 23 51 65 139 71 37 96 83 89 63 195 178 63 200 87 163 36 93 133 146 78 116 53 62 58 151
177 128 87 121 100 4 180 4 68 92 73 124 11 30 125 72 62 52 118 30 157 51 84 26 145 31 89 87 23 46 48 107 143 192 165 52 135 23 102 73 158 135 164 133 12 42 109 67 152 134 169 96 44 178 198 165 35 32 157 101 199 14 100 191 189 75 3 198 162 101 191 32 7 17 151 193 90 105 29 105
137 12 199 199 170 24 86 88 68 194 115 97 120 170 149 135 49 49 27 104 128 57 25 9 131 9 44 192 80 106 43 53 115 38 89 42 172 133 101 158 111 100 100 123 138 136 172 179 51 186 77 8 68 77 70 145 157 19 110 121 8 123 82 160 148 85 161 175 87 160 154 190 6 43 120 39 21 183 62 181
168 28 64 89 97 175 46 143 112 42 104 130 158 162 178 69 38 101 154 36 101 149 92 88 62 156 188 48 170 119 70 37 169 133 129 37 40 143 11 142 39 27 180 114 175 86 10 83 160 143 1 167 20 134 34 7 20 15 163 145 186 129 187 125 156 78 2 67 65 188 140 11 49 66 169 124 72 159 167 93
22 146 101 124 44 52 130 80 77 117 3 25 146 60 122 20 41 60 163 194 142 15 189 24 134 135 164 193 153 124 75 31 49 129 187 140 146 150 102 140 5 112 118 123 10 8 157 15 200 91 163 67 146 153 167 197 80 78 122 27 195 199 68 45 111 51 45 38 42 23 86 168 32 95 169 145 193 41 103 96
126 113 191 56 3 133 5 145 98 68 174 118 139 117 90 24 151 20 27 85 15 180 6 83 62 45 147 188 136 81 139 98 184 27 37 45 13 1 148 78 143 187 50 134 19 137 189 199 108 135 126 186 48 89 40 66 146 37 193 39 63 41 74 185 51 50 180 122 45 180 14 33 132 50 163 127 106 191 171 24
12 66 161 20 83 29 65 31 65 174 58 121 48 96 99 8 72 83 13 177 151 134 51 73 80 67 57 25 60 71 22 178 124 178 31 66 100 103 150 138 191 96 121 78 11 193 71 77 28 25 170 7 173 51 115 167 106 135 63 139 80 65 153 197 77 89 85 112 152 22 173 24 36 81 146 172 170 60 143 31
162 129 145 53 192 104 52 35 89 81 54 91 172 169 109 45 77 21 121 48 42 195 191 148 99 150 166 50 32 152 28 102 80 12 98 116 188 117 55 170 102 148 151 151 4 73 31 124 99 52 127 1 135 146 80 161 161 118 52 93 138 65 104 130 63 158 74 70 141 109 33 45 159 129 127 72 19 82 19 130
23 50 189 64 193 156 36 106 26 100 54 136 54 197 91 144 173 200 167 62 80 165 1 23 101 194 83 129 155 76 146 181 5 152 97 189 119 62 192 79 33 38 73 38 69 125 60 144 31 48 6 180 45 45 74 162 64 123 158 126 61 106 7 46 140 138 49 182 116 75 99 68 159 62 171 36 67 156 53 102
187 77 46 157 158 158 140 88 154 24 87 61 98 26 126 133 112 10 182 157 98 101 16 137 59 35 154 13 89 154 84 65 146 199 58 88 123 5 41 3 152 117 31 73 132 17 165 187 162 165 53 134 103 146 104 50 132 34 136 149 143 195 9 160 78 136 80 192 181 101 9 45 188 16 189 11 51 61 1 166
61 66 49 94 76 94 88 138 71 191 21 85 86 138 47 132 156 21 121 135 39 97 154 24 124 54 89 194 153 112 84 11 157 57 80 16 195 24 20 116 6 178 117 109 40 33 30 139 121 159 173 41 131 169 41 167 161 68 55 155 131 144 81 64 151 34 35 89 92 50 196 16 13 110 103 195 145 50 146 34
12 9 54 144 28 103 107 57 176 198 93 95 8 126 121 17 160 26 76 104 187 43 15 88 193 101 171 180 175 165 76 151 62 170 148 58 121 122 18 8 103 186 22 182 82 6 3 185 110 77 54 14 46 166 97 1 154 4 77 43 173 125 2 32 68 90 15 35 38 135 40 192 80 27 143 148 19 87 35 195
129 102 57 195 66 71 97 13 118 172 38 84 66 193 128 22 185 184 127 7 182 73 200 145 156 54 74 190 199 91 4 177 170 117 58 23 192 14 172 148 59 14 176 8 9 33 16 97 114 142 165 130 145 200 111 154 98 164 53 54 192 176 195 176 126 137 70 117 162 134 189 195 7 183 138 48 9 16 43 180
126 191 114 41 174 55 99 174 43 195 130 169 149 23 175 170 81 156 26 176 34 112 130 181 86 197 141 113 15 165 79 103 136 109 62 101 131 144 54 199 189 130 4 155 148 159 166 174 144 180 75 4 28 4 58 132 50 164 41 18 192 137 150 119 151 76 54 119 41 74 123 81 36 175 90 14 26 171 64 174
149 38 4 129 32 144 168 95 149 149 171 90 151 36 185 79 184 109 97 137 24 55 144 136 134 147 103 142 40 150 190 145 85 160 125 167 90 191 172 9 24 6 187 150 154 89 107 163 66 144 22 50 115 66 17 150 53 54 46 93 111 94 190 114 27 29 85 30 72 110 156 66 109 101 11 20 97 113 18 139
77 122 34 58 26 59 191 60 144 168 12 188 99 28 29 83 200 28 80 115 92 14 146 9 193 34 56 176 131 165 167 95 104 14 193 101 111 50 57 175 191 161 84 40 139 160 16 48 75 194 97 35 165 78 113 107 18 130 43 124 4 103 199 7 95 95 112 37 50 74 159 57 51 102 171 113 120 30 59 13
196 149 119 124 49 141 186 47 77 157 21 59 170 60 3 164 161 25 74 94 101 190 47 84 8 2 43 172 3 4 162 147 141 53 83 172 177 13 117 75 145 137 139 182 4 22 153 142 25 135 198 192 111 187 188 86 105 141 6 11 84 8 180 196 14 119 79 18 39 114 67 164 77 19 154 31 153 105 149 102
98 36 139 73 31 13 119 176 72 164 108 114 83 37 168 183 181 59 138 185 19 84 135 32 28 140 182 97 123 32 53 2 69 70 35 200 198 165 124 78 9 22 55 56 186 174 71 123 7 56 189 183 21 189 18 184 170 2 69 134 84 33 36 105 181 134 96 116 17 107 117 28 137 59 88 108 22 18 195 124
5 29 172 92 48 144 24 54 193 187 69 128 54 118 102 158 10 82 78 142 138 99 41 2 5 28 174 130 185 154 138 168 160 89 187 176 28 132 189 144 102 182 31 86 135 106 169 169 89 59 164 16 58 109 25 104 52 14 12 51 35 174 153 118 151 123 73 120 147 123 173 24 67 151 124 112 19 45 175 194
8 147 69 67 91 83 153 184 8 179 38 92 181 126 154 23 113 105 161 27 22 100 107 96 47 189 83 39 11 112 181 38 152 1 165 43 146 136 147 91 95 77 42 30 82 166 174 100 151 38 187 153 93 145 199 138 90 125 154 141 81 11 120 30 138 192 86 86 63 9 88 138 3 50 28 37 54 10 88 77
21 117 24 73 183 66 111 86 59 177 142 155 187 73 168 33 108 169 177 121 180 142 156 147 131 196 169 137 196 71 154 92 70 125 39 48 144 57 31 72 46 3 157 42 113 90 126 199 162 108 70 75 58 106 195 151 168 147 149 167 135 25 192 142 112 129 16 198 147 118 90 28 157 13 9 162 26 114 146 124
162 197 40 52 27 159 96 11 63 38 82 126 124 7 43 53 46 178 42 26 149 199 84 125 160 22 45 194 77 56 90 129 122 77 168 70 175 80 83 26 158 69 141 17 133 185 107 104 43 82 58 123 48 16 6 90 46 103 70 189 182 195 93 18 27 85 90 12 151 52 3 51 9 63 8 61 73 34 72 127
107 145 33 79 128 11 98 133 19 77 97 129 152 29 116 95 17 104 117 175 106 95 117 62 186 61 81 40 163 73 76 12 98 109 81 149 47 179 150 178 140 193 65 182 3 21 118 123 181 132 117 182 17 175 7 97 82 105 67 40 87 172 69 49 184 119 120 6 58 85 195 165 187 140 24 40 68 88 154 163
61 179 193 80 162 194 72 117 174 163 52 126 145 13 155 172 30 131 138 199 54 17 1 40 39 160 86 119 143 73 168 193 186 173 136 9 27 145 36 23 197 173 43 46 106 61 29 77 39 144 154 104 195 61 9 199 52 101 134 53 186 111 73 78 144 37 77 65 148 46 70 148 159 58 12 108 35 31 36 150
151 148 89 164 17 103 138 61 154 91 56 62 111 81 21 72 193 72 85 1 47 64 197 81 68 42 91 44 57 56 30 141 157 24 184 199 50 147 127 137 188 52 65 72 3 5 59 84 51 110 178 116 176 72 26 175 80 168 54 169 169 121 133 80 93 3 198 27 22 196 166 149 152 152 16 119 79 130 20 121
143 95 38 120 122 4 49 131 192 181 56 162 126 78 187 177 125 19 91 154 109 38 30 163 118 17 72 98 20 196 51 47 97 38 17 166 134 119 199 131 196 42 144 163 163 47 22 159 183 20 30 144 184 116 75 31 40 89 102 22 76 128 25 173 129 55 128 77 170 134 5 198 197 169 79 131 10 177 45 27
147 66 137 103 199 12 49 106 197 17 43 142 13 109 10 19 109 10 181 133 181 21 12 170 143 79 189 152 122 109 167 10 137 114 160 32 125 76 40 128 87 60 144 184 88 175 76 97 139 91 188 183 179 17 187 85 130 10 112 82 16 90 194 92 56 179 64 166 195 4 25 165 115 61 121 103 36 93 97 40
116 86 200 112 100 81 89 184 120 121 32 74 174 164 141 46 157 109 60 121 162 117 155 193 16 71 71 42 82 9 80 198 155 19 26 119 176 92 104 63 68 21 95 190 84 177 123 122 27 97 25 75 190 166 112 120 164 173 62 40 126 151 199 74 133 103 100 199 110 195 164 82 37 115 75 91 153 142 200 136
78 80 136 142 180 140 136 120 89 19 116 18 8 139 121 178 4 161 29 111 93 46 33 134 61 39 5 83 77 134 101 200 156 185 117 174 175 12 24 189 22 177 81 101 181 146 17 61 161 2 85 18 167 97 61 82 35 156 149 54 43 24 175 155 106 9 180 114 36 2 130 46 143 99 119 19 21 122 110 12
28 131 151 129 79 77 13 164 128 127 195 161 103 85 197 146 100 16 71 147 20 130 48 188 173 41 84 87 127 79 135 48 74 181 44 125 140 136 7 146 146 146 91 143 200 17 117 90 140 197 59 170 59 19 102 35 37 37 157 171 159 44 147 11 122 195 125 178 76 12 104 190 143 107 22 45 48 21 186 84
136 106 55 157 38 169 104 38 67 64 138 11 177 99 187 190 23 6 79 177 40 69 185 124 71 77 182 73 86 172 50 144 187 13 139 80 139 176 163 178 182 196 149 53 120 193 183 21 172 18 33 50 193 15 40 95 177 34 7 69 58 144 16 5 35 9 25 190 164 170 180 134 63 50 53 55 61 32 184 58
48 51 125 108 159 146 72 166 148 62 138 89 172 81 199 84 134 82 86 55 163 184 41 117 121 33 159 65 164 37 26 183 52 38 198 182 73 102 175 152 190 21 63 18 172 111 31 100 102 91 162 1 189 172 5 105 180 8 6 184 194 26 188 121 150 173 169 127 71 142 95 17 140 13 47 40 94 23 143 10
60 69 13 4 33 4 186 14 178 192 35 169 76 58 69 199 163 134 124 21 56 180 49 173 181 37 36 22 8 131 61 199 63 97 135 160 122 169 108 64 150 4 13 153 148 112 95 144 119 156 136 74 103 129 61 97 24 195 116 81 130 48 104 114 40 46 127 78 23 70 147 107 184 112 103 120 166 158 188 60
47 194 104 153 11 5 165 122 27 182 12 126 69 61 144 114 156 73 161 86 101 111 138 98 159 109 154 124 90 54 5 31 95 119 189 185 90 167 8 35 86 110 183 130 68 106 92 107 90 169 164 66 74 66 101 158 154 104 159 104 128 149 90 163 86 177 151 32 103 37 192 17 111 182 55 23 79 76 173 24
66 75 21 66 65 140 56 171 126 117 7 142 172 163 141 186 150 38 50 128 91 82 55 171 74 126 4 2 22 122 129 78 153 3 12 81 33 177 98 35 194 17 163 153 68 5 196 134 6 62 141 125 88 80 160 162 181 44 186 9 46 198 168 80 162 125 78 19 30 11 177 161 16 133 15 91 176 137 168 76
102 36 30 123 5 53 73 191 79 194 96 194 135 24 24 56 105 96 156 82 11 134 177 161 16 36 164 127 174 18 180 106 160 134 187 99 195 159 118 178 71 62 6 16 9 93 130 10 178 176 42 181 48 97 91 193 194 182 120 33 96 99 100 27 165 78 151 94 34 67 115 137 164 165 21 131 141 104 89 163
111 167 125 120 79 109 114 66 38 123 170 109 50 1 193 173 200 54 71 116 162 186 164 193 152 19 126 41 15 27 177 86 162 29 12 198 138 55 115 168 12 89 32 9 1 88 177 128 75 72 6 2 71 179 10 157 86 100 89 49 37 169 74 96 46 70 53 75 154 99 198 186 194 21 11 44 189 56 74 101
159 157 154 68 146 164 192 71 1 91 145 157 23 120 129 142 67 115 21 47 177 170 70 162 146 13 107 134 102 153 65 30 149 52 187 75 113 87 74 80 27 2 84 103 20 150 77 77 147 178 82 50 26 126 55 110 50 139 178 58 77 81 53 136 29 52 197 123 164 15 18 150 73 68 50 198 57 191 196 121
65 82 9 183 54 114 27 3 164 182 181 63 54 33 125 121 38 111 63 48 41 160 156 178 107 170 20 106 40 138 102 136 103 123 1 140 68 11 75 176 63 127 91 11 78 106 133 122 67 33 5 98 84 132 162 92 39 177 17 147 193 94 78 19 116 34 151 145 27 116 28 167 15 116 96 15 70 87 105 128
79 19 176 97 62 182 151 120 140 174 180 168 159 94 39 186 113 184 115 46 4 198 15 71 134 158 191 17 15 188 197 88 162 153 101 140 158 17 188 105 29 162 162 91 80 107 158 101 138 140 175 19 48 152 27 149 154 5 117 115 112 135 89 13 97 139 50 68 15 194 47 59 83 4 163 38 2 27 125 171
154 107 52 150 46 190 181 164 182 102 152 172 5 55 5 188 146 155 64 105 132 53 12 137 113 133 63 188 8 69 169 52 82 52 192 149 27 78 157 75 73 31 143 6 142 186 21 67 122 16 52 138 133 119 149 85 59 140 37 129 98 50 44 33 158 100 7 66 143 166 103 129 188 192 91 66 31 193 26 20
115 146 93 51 1 70 96 187 11 163 87 127 148 118 16 76 124 88 39 158 3 92 77 58 92 161 82 16 42 118 96 106 87 172 174 54 180 43 9 88 11 115 120 100 77 89 42 175 61 159 55 87 135 193 150 96 95 110 164 122 124 104 123 168 199 57 142 179 11 14 137 55 143 104 57 77 78 90 13 99
149 176 23 171 155 181 165 180 116 72 189 181 50 66 75 18 155 22 135 97 54 126 5 117 154 123 5 178 147 139 8 129 40 36 140 70 146 196 89 82 9 87 167 135 44 97 128 139 120 103 56 100 60 190 52 2 110 176 15 98 6 35 62 124 150 102 33 36 60 200 93 84 62 138 119 185 194 59 141 43
29 123 25 122 119 46 45 196 161 173 147 95 34 36 93 125 9 76 146 92 108 151 63 161 199 9 75 196 141 146 23 82 15 80 195 157 62 102 92 92 199 64 155 23 12 125 116 72 8 169 123 90 194 105 16 105 197 167 64 146 141 31 128 196 35 71 194 196 160 133 15 138 156 77 7 117 59 33 124 92
83 127 191 69 27 72 29 1 182 9 10 123 59 136 128 116 33 112 62 191 146 88 79 78 193 57 139 88 8 79 18 78 88 162 97 131 171 168 80 110 76 111 166 99 37 36 131 160 21 157 167 39 62 179 195 143 198 154 12 190 73 136 172 152 182 11 126 34 101 147 114 34 27 40 167 191 21 37 114 138
30 56 11 68 104 133 148 180 27 155 186 172 16 180 177 100 159 191 25 184 199 71 160 48 81 132 183 97 55 111 42 86 79 34 97 78 7 89 33 190 188 24 165 119 71 194 112 156 180 87 79 188 21 172 144 197 116 30 43 98 160 119 41 93 192 154 20 143 20 18 6 81 7 96 84 20 46 156 27 179
183 2 116 101 198 107 9 48 60 119 30 90 27 32 25 14 198 118 189 154 115 123 63 129 106 122 166 197 69 98 49 186 161 68 125 23 76 195 200 193 94 106 18 159 110 17 14 120 16 169 194 82 114 147 28 116 55 80 95 20 2 31 34 146 135 59 134 79 5 37 166 84 171 76 96 49 7 112 54 119
36 141 4 173 57 99 85 37 155 1 42 93 154 93 76 172 128 59 113 57 172 115 73 16 35 194 33 25 2 190 38 178 100 112 112 97 148 195 169 61 39 69 90 44 143 175 36 75 75 175 150 82 80 113 156 176 64 88 79 143 111 180 186 149 87 137 126 160 96 71 24 21 1 188 191 121 147 10 197 114
5 183 3 147 115 24 44 14 61 177 110 35 24 22 76 133 34 180 16 117 57 103 199 182 97 131 21 62 152 167 195 52 158 22 35 177 172 120 54 73 6 101 69 24 27 26 187 99 6 9 83 121 147 191 58 38 62 126 154 37 43 2 44 154 115 72 191 60 92 200 105 105 23 154 40 49 139 27 173 165
122 128 145 73 24 66 56 116 24 5 105 160 85 172 151 20 127 155 30 125 4 137 137 140 87 144 190 102 11 43 182 150 166 98 148 158 189 161 9 4 69 47 82 60 76 1 147 150 158 178 46 40 186 45 195 90 145 69 81 138 181 160 112 139 135 8 85 90 196 88 88 188 108 127 16 75 111 120 126 142
59 95 200 80 7 31 84 66 136 22 70 180 61 147 157 140 47 33 115 66 29 47 1 164 43 190 186 88 189 193 163 27 196 28 15 50 83 78 125 189 72 128 164 191 139 184 59 43 111 66 32 61 7 2 173 69 168 164 63 169 47 78 171 28 118 87 12 71 102 138 4 73 149 12 165 103 185 136 34 180
14 159 114 96 161 43 164 154 162 5 2 75 10 81 66 15 158 68 139 50 200 63 153 58 103 99 122 172 13 165 163 49 130 142 123 178 143 123 130 85 175 76 34 76 102 69 17 57 6 109 14 61 164 60 17 163 141 178 193 90 13 54 118 26 110 144 156 18 11 62 15 150 18 145 173 61 11 17 37 29
152 145 174 83 17 181 189 13 5 65 20 58 101 103 30 53 107 11 165 66 97 91 84 118 177 83 18 134 27 70 68 3 62 55 62 131 30 100 145 61 172 142 40 42 78 130 105 69 182 141 71 136 50 84 136 142 147 107 42 149 180 78 66 166 65 79 93 84 175 143 130 58 125 87 94 147 121 42 97 56
47 99 84 49 88 115 103 158 40 52 42 156 61 147 102 155 132 78 166 8 91 153 179 187 99 46 8 172 142 196 181 56 71 103 182 40 9 34 127 138 68 182 37 107 129 200 64 98 113 50 177 33 120 163 103 184 136 45 75 195 149 136 79 73 21 125 196 54 121 37 107 62 155 102 171 80 24 44 200 12
131 123 130 80 34 141 8 172 171 56 157 142 94 107 83 2 23 148 153 142 170 94 81 40 62 192 59 50 73 168 189 95 29 114 86 81 15 39 46 120 70 74 195 61 146 160 142 71 151 68 41 189 141 13 191 21 3 58 40 176 99 157 121 166 82 50 122 49 108 174 58 92 111 97 148 158 72 188 2 115
165 12 84 87 163 132 141 15 162 81 132 176 47 65 10 122 117 63 77 85 159 146 113 88 132 192 168 142 7 142 190 111 17 145 36 87 90 2 200 93 81 78 134 128 130 113 9 22 38 142 42 140 41 175 16 165 140 145 16 84 104 185 102 68 131 200 9 40 15 64 134 136 152 137 130 1 121 62 29 171
184 90 56 183 176 87 61 147 42 193 39 199 128 137 64 183 165 82 66 178 69 192 88 146 59 109 43 169 95 46 135 130 179 70 26 124 52 74 125 30 185 14 151 87 3 46 162 195 165 32 134 165 165 45 193 23 49 12 9 118 132 164 16 113 60 33 24 44 81 5 70 169 169 64 74 12 180 4 121 56
109 78 111 150 1 157 23 60 128 97 194 176 35 5 106 8 64 52 4 139 144 88 76 76 131 60 127 65 185 175 67 117 102 150 32 163 184 11 2 194 125 7 136 19 127 67 47 144 9 128 57 27 10 98 5 135 90 194 155 113 86 134 139 101 180 158 60 196 23 198 164 17 94 119 48 184 63 45 148 32
149 54 56 69 109 167 30 170 164 137 188 98 90 72 200 40 121 65 100 2 162 28 190 32 60 64 103 88 182 194 125 113 136 140 173 156 189 57 116 67 119 29 35 20 170 82 188 119 135 163 194 165 62 61 44 158 174 144 162 38 167 150 112 91 196 78 77 140 135 141 156 99 31 24 48 4 199 26 181 185
199 67 151 55 20 105 43 31 21 116 103 46 181 34 44 13 18 180 12 1 9 154 6 72 179 124 24 161 35 60 7 148 100 169 82 100 186 81 170 13 85 127 117 34 58 12 171 129 30 15 95 125 113 45 176 79 172 191 173 176 117 116 53 40 64 136 150 39 107 103 81 102 104 21 86 133 51 3 147 146
