30 	
42	48
1	82	7	1307	1	
1	35	5	1534	1	
0	25	6	1059	8	
0	69	5	375	9	
0	99	4	1185	5	
0	35	4	2404	4	
1	21	8	1353	5	
1	27	7	2367	8	
0	76	4	736	6	
0	8	2	1060	2	
1	46	5	464	4	
0	64	6	2702	7	
1	76	6	1920	1	
0	8	2	1748	9	
1	42	5	1356	9	
0	2	4	1215	1	
0	65	8	1352	3	
1	11	3	2229	3	
0	24	6	322	5	
1	94	3	841	3	
0	19	9	153	6	
0	6	5	45	3	
0	14	5	470	6	
1	77	2	1500	8	
0	77	1	1851	8	
0	89	5	2424	4	
0	22	7	1699	5	
1	61	8	1197	9	
1	47	7	605	6	
0	87	2	1434	6	
135 55 195 149 13 18 14 59 120 78 31 100 41 77 181 143 132 53 113 78 119 8 22 162 156 28 165 95 47 69
154 173 51 27 169 118 24 128 52 101 136 179 192 166 152 126 10 193 148 51 42 147 84 171 12 56 138 65 107 41
90 31 78 81 13 6 11 157 99 120 58 80 98 85 134 184 157 136 45 27 65 110 42 43 105 116 162 73 164 112
35 75 55 136 155 27 176 99 166 124 98 200 52 64 117 152 101 89 34 125 179 71 68 44 12 110 126 47 87 188
23 153 161 172 91 22 126 2 197 22 99 67 71 178 103 113 37 107 46 117 53 113 176 106 170 155 10 70 102 173
19 123 198 55 107 149 18 98 86 134 132 164 186 176 66 26 154 156 190 120 17 127 2 130 54 103 167 48 80 145
171 164 106 102 78 70 77 171 136 180 69 71 3 101 134 20 74 38 131 77 25 184 200 2 31 2 2 30 193 194
138 190 79 105 17 103 165 192 35 128 129 7 10 29 171 22 34 82 38 188 56 147 44 57 182 193 119 132 194 50
187 148 74 166 24 123 113 186 66 51 142 21 90 27 168 77 69 37 106 56 30 113 138 50 112 115 79 17 165 20
9 109 157 53 146 63 69 109 122 15 178 116 133 75 120 22 18 17 101 174 200 118 153 200 42 120 168 82 145 20
112 20 50 46 42 192 38 72 9 141 60 130 169 193 132 134 97 24 153 172 177 197 70 163 157 129 151 33 21 173
128 164 48 64 87 76 198 186 65 36 72 182 84 79 100 67 78 115 182 196 28 88 171 3 106 150 131 143 93 8
19 145 108 104 64 198 85 17 110 191 91 107 92 54 148 74 190 45 198 34 61 112 192 193 190 44 152 140 172 34
163 25 17 91 99 74 89 169 25 29 60 39 100 82 104 15 131 20 124 26 147 24 39 9 87 151 107 180 176 51
144 52 112 183 158 102 120 78 168 100 118 193 51 75 105 152 156 101 66 15 28 2 85 131 119 79 159 24 6 118
74 6 60 123 14 181 191 88 31 108 190 28 183 159 186 30 101 177 138 85 165 106 76 83 89 26 143 166 150 17
30 80 49 80 109 75 50 100 135 32 20 72 146 134 16 81 107 39 31 30 37 31 134 68 98 64 152 147 18 168
101 156 18 85 55 100 82 188 10 48 74 161 159 85 172 51 61 26 34 128 3 132 105 107 55 55 31 19 175 190
42 86 173 158 190 97 64 113 55 22 90 57 45 143 131 159 143 3 123 110 2 51 123 197 105 37 36 54 152 126
48 144 2 169 37 104 73 122 5 195 119 82 70 53 105 188 29 183 176 188 150 17 75 77 95 59 126 20 20 174
121 26 170 165 57 32 181 184 17 3 34 17 166 108 142 42 4 23 54 175 62 194 19 194 127 168 5 38 27 194
146 121 60 112 155 32 48 48 142 195 15 69 167 168 133 2 181 200 12 144 17 136 165 33 45 7 152 57 137 185
123 4 35 93 185 113 66 125 61 179 183 198 187 71 89 38 84 17 166 73 33 168 170 58 196 52 89 98 141 182
174 22 164 50 25 91 194 11 84 134 174 86 151 126 182 140 145 94 31 152 93 2 72 161 113 35 113 167 105 86
54 44 22 184 114 96 154 195 28 45 97 127 169 74 53 126 96 162 56 14 178 21 7 159 113 173 189 167 110 139
148 152 61 98 143 146 186 49 53 57 162 97 107 38 109 154 57 7 159 157 155 56 62 59 94 114 35 194 104 21
99 123 67 136 132 88 166 122 72 125 114 49 161 3 139 179 198 141 33 145 34 34 18 49 31 186 24 21 94 46
90 46 92 135 182 154 4 146 83 16 172 17 35 141 10 34 172 74 22 190 8 148 144 68 4 99 89 61 87 66
42 177 179 92 63 181 121 115 124 115 75 39 102 129 115 184 200 52 8 4 200 196 140 155 188 65 137 122 126 81
46 26 11 171 62 161 122 109 69 98 64 88 58 145 7 109 119 20 164 1 161 98 98 156 162 128 164 94 103 22
61 106 71 96 51 77 113 143 12 176 188 11 11 166 177 28 138 105 132 66 148 74 103 109 25 60 54 161 96 55
