60 	
2	10
1	72	4	351	9	
1	66	4	354	9	
1	63	9	933	7	
0	72	8	352	9	
1	67	9	22	5	
0	78	7	915	8	
0	9	4	612	6	
0	29	8	1057	8	
1	4	2	278	2	
0	25	8	1329	6	
0	15	6	11	2	
0	39	1	876	9	
1	54	4	1119	6	
1	5	2	743	6	
1	74	8	617	9	
0	39	6	1244	3	
0	48	7	1293	6	
1	72	8	1215	8	
1	18	1	1020	7	
1	51	5	977	4	
1	96	9	1119	7	
1	8	9	305	4	
0	42	4	825	2	
1	69	9	978	1	
0	37	4	408	3	
0	8	9	1180	2	
0	76	9	115	1	
1	77	3	390	3	
1	51	2	438	5	
1	71	7	526	2	
0	42	4	1171	3	
1	11	6	1287	3	
0	71	2	1325	1	
0	14	9	276	3	
1	83	7	1440	2	
0	4	2	121	8	
1	38	5	1480	9	
1	53	4	87	3	
0	9	4	429	3	
0	16	8	1132	8	
0	97	4	1271	8	
0	29	4	1198	6	
0	10	8	517	8	
0	86	4	1252	7	
1	24	7	320	6	
1	79	1	1130	6	
0	17	3	1113	2	
0	17	2	1492	8	
0	66	9	790	2	
0	54	9	665	3	
1	65	8	1391	6	
1	27	1	277	8	
0	70	3	607	8	
1	69	1	1275	4	
0	91	3	329	6	
1	71	7	512	9	
1	92	9	1241	3	
1	99	1	650	2	
0	75	6	1215	3	
0	89	2	324	3	
72 72 103 110 110 66 166 176 35 94 188 200 131 69 42 199 152 158 160 137 17 147 132 89 12 58 63 46 117 25 164 2 48 49 132 148 117 83 164 183 133 8 89 135 80 120 142 187 34 160 105 12 34 64 18 58 136 111 16 12
12 46 30 176 115 107 5 177 62 43 44 143 51 150 23 17 98 197 63 101 117 70 159 37 106 49 106 54 70 51 9 104 155 78 153 171 172 163 156 4 66 183 184 25 71 171 76 180 72 93 152 95 148 111 16 41 89 199 15 150
152 69 48 61 28 187 85 44 51 87 21 35 191 77 46 126 144 170 127 117 196 81 168 67 110 137 48 179 76 19 43 42 60 41 87 62 35 181 180 148 87 41 200 61 127 115 175 30 25 69 134 82 71 95 134 35 3 171 100 12
103 48 149 110 200 90 116 73 89 193 22 83 161 4 175 12 38 52 114 200 39 140 106 129 36 200 134 68 30 26 145 50 91 35 109 115 170 174 180 121 193 102 120 71 179 190 95 105 142 101 78 158 112 188 127 122 68 175 16 52
69 77 193 78 127 167 185 78 112 85 150 40 35 184 97 20 184 1 17 140 21 8 176 70 156 159 11 179 69 194 168 47 143 48 56 200 85 61 49 95 52 2 6 158 46 34 131 81 155 95 36 101 46 27 24 70 14 32 47 129
191 48 109 192 135 132 110 151 162 12 81 58 69 74 96 152 167 158 76 62 93 43 16 197 113 8 6 58 166 160 52 30 188 120 130 68 85 123 4 111 197 107 174 85 69 55 168 143 119 36 162 1 103 59 144 184 96 162 79 150
119 176 67 139 122 197 14 123 140 90 69 123 59 38 1 56 171 145 97 103 20 116 137 168 190 51 109 25 166 3 180 24 200 189 165 19 91 40 161 56 74 191 16 42 109 131 105 153 194 130 36 75 32 144 75 76 36 79 175 65
27 94 80 60 160 198 170 33 144 37 33 174 63 44 69 81 50 81 3 6 26 160 57 166 39 143 139 111 188 186 146 94 26 34 104 105 16 187 29 161 8 5 53 76 145 79 101 9 97 159 181 149 7 75 134 95 173 10 102 195
47 61 15 23 183 46 72 158 70 181 179 131 11 27 182 3 48 105 122 130 28 32 116 105 191 129 28 70 166 93 185 99 121 182 72 167 166 139 194 25 124 169 88 108 82 100 69 29 140 37 37 24 86 142 145 48 109 90 157 1
95 58 19 195 119 67 11 2 158 99 7 38 100 58 16 88 99 121 146 138 102 50 160 111 155 168 26 97 137 102 128 28 171 43 99 8 120 6 162 2 149 134 187 43 138 149 195 120 117 163 75 146 162 67 191 180 119 90 185 15
96 167 61 87 177 77 21 197 198 66 33 16 149 56 73 170 180 12 120 119 169 58 2 175 80 66 146 56 104 103 181 101 57 166 125 120 84 135 165 129 2 12 146 67 176 28 97 193 175 117 63 56 111 100 190 68 6 92 119 179
108 182 85 133 167 1 167 48 175 46 174 17 170 93 92 109 142 99 130 162 60 59 173 29 95 34 136 152 161 151 20 93 65 194 155 112 177 135 138 47 94 24 109 4 32 137 27 56 40 26 101 175 135 167 156 158 74 152 137 84
112 117 82 134 6 96 93 104 128 99 127 6 158 171 73 14 88 157 146 104 119 21 62 123 65 73 81 64 184 49 98 91 80 21 96 154 51 10 128 112 183 120 50 153 114 179 117 155 36 92 15 179 118 196 27 36 106 149 97 193
99 58 146 86 120 161 57 107 16 106 50 53 57 28 182 123 78 1 145 174 177 120 151 191 146 32 78 65 132 123 167 151 14 30 68 10 9 26 75 93 99 126 81 43 198 155 155 22 190 19 135 96 82 115 149 162 5 78 74 128
35 156 186 81 145 25 186 21 125 183 143 172 108 174 69 39 39 193 99 36 196 127 81 67 37 169 178 162 118 188 74 53 81 69 166 8 10 83 49 12 178 48 116 185 59 152 122 126 48 69 179 99 132 114 81 196 88 163 67 92
150 92 28 170 3 25 151 132 6 176 87 110 7 187 43 129 24 198 28 69 148 168 155 142 75 44 140 52 34 132 171 8 64 131 76 23 194 99 95 1 141 54 77 103 109 7 193 89 94 89 24 185 67 187 187 118 94 73 151 155
42 151 22 136 126 163 185 182 126 118 52 86 175 87 70 46 176 125 199 2 42 140 128 145 56 190 37 164 195 142 173 92 138 19 7 181 168 55 185 103 134 111 34 66 57 196 26 17 136 88 194 87 45 109 198 96 105 176 27 20
185 180 14 149 17 43 163 1 56 44 141 13 36 16 168 57 20 117 25 132 190 24 120 12 111 16 79 142 68 157 156 106 155 34 111 200 58 35 47 113 107 188 74 198 57 123 46 168 20 164 123 83 39 173 44 107 160 23 180 135
21 83 162 16 198 197 178 83 32 150 26 85 134 156 136 88 196 185 50 16 136 116 17 178 179 165 36 4 93 58 160 48 53 84 33 58 55 198 152 125 76 159 35 27 172 177 61 91 133 147 64 181 24 183 191 100 169 37 157 111
7 117 1 14 121 43 131 16 147 103 53 93 199 94 118 166 86 25 177 84 133 161 86 90 35 78 15 112 7 65 137 86 189 163 104 172 6 13 62 93 29 117 145 11 170 181 152 150 38 65 189 64 28 124 3 21 62 113 96 12
14 72 17 35 160 34 108 33 63 157 98 164 144 83 20 177 74 111 88 72 58 86 171 129 2 3 148 74 114 121 168 163 144 18 122 16 121 71 190 156 112 137 44 181 50 181 60 37 72 156 89 59 172 113 19 40 20 59 2 173
104 144 121 150 65 70 161 12 168 89 16 195 108 18 74 191 140 130 134 57 90 60 73 13 102 96 93 178 200 86 133 11 65 154 168 105 144 179 156 79 12 158 68 72 164 105 51 56 87 119 104 115 179 75 79 30 53 193 94 78
24 43 70 86 162 166 97 81 17 136 98 174 3 169 78 69 156 29 178 59 79 182 10 137 6 11 164 193 157 10 46 118 151 89 154 136 110 55 37 187 32 36 14 182 102 25 11 162 23 101 42 108 24 103 116 75 126 19 199 145
124 192 141 171 2 49 83 44 88 10 106 150 123 165 7 43 150 128 195 147 158 63 12 85 111 162 171 138 65 81 173 96 137 183 190 118 199 171 104 8 176 94 57 63 51 143 115 96 51 101 192 178 115 148 117 161 110 46 35 190
40 191 94 157 70 22 35 177 97 140 130 69 50 133 110 122 189 165 146 84 21 129 59 123 95 145 175 154 99 79 8 54 130 66 72 117 143 120 157 111 116 62 69 49 38 198 140 10 98 77 102 183 13 138 200 37 176 6 162 196
113 49 135 52 181 81 98 152 200 170 33 40 132 95 91 82 94 120 164 146 130 85 188 94 146 33 79 113 69 191 116 50 187 14 157 47 157 46 116 29 17 147 32 160 115 146 119 80 26 49 146 112 153 33 118 162 38 156 185 44
79 121 87 89 128 56 55 26 104 171 50 142 157 192 181 151 134 5 20 49 5 58 166 27 99 154 33 90 180 132 177 69 94 159 170 90 119 38 17 195 29 74 141 198 40 112 200 6 68 193 95 175 194 165 1 16 120 165 188 103
173 175 107 159 60 65 151 119 153 165 51 30 162 53 41 128 198 74 59 184 71 87 74 47 177 185 166 31 75 84 131 115 42 123 86 4 23 120 106 119 51 192 43 61 85 69 53 190 159 4 15 10 12 200 20 186 37 197 99 58
175 47 143 119 182 105 192 112 38 144 188 139 5 50 30 189 72 4 151 119 84 69 58 185 13 144 165 106 147 187 161 174 69 144 90 79 78 76 109 92 53 105 131 85 104 200 192 97 162 192 18 5 171 198 124 113 66 34 5 188
61 59 127 10 97 138 38 65 129 10 81 47 125 11 14 185 22 62 71 117 75 88 34 126 89 15 169 163 141 147 149 101 176 99 27 33 153 185 36 116 131 139 73 162 92 129 200 48 112 98 74 155 64 192 62 50 92 128 183 91
119 179 154 78 166 90 76 30 20 103 107 147 141 198 36 80 133 140 159 143 44 40 114 117 96 79 42 164 110 192 158 55 70 193 69 170 19 173 179 103 1 179 61 94 20 132 112 112 184 140 136 196 139 185 57 32 24 68 153 92
155 182 12 78 148 133 81 31 175 8 25 169 102 137 124 42 133 66 53 94 129 56 181 133 124 117 144 53 137 5 88 154 76 38 196 72 101 105 118 165 132 77 131 96 140 54 167 6 97 120 52 131 172 81 141 50 131 81 107 180
16 138 2 168 106 182 3 46 187 135 73 142 41 130 99 23 38 133 182 16 83 167 122 49 17 36 63 116 152 144 151 68 27 197 10 198 121 97 23 152 78 105 167 38 182 176 194 184 60 194 57 86 92 195 184 192 142 61 154 100
120 172 174 166 145 164 112 199 15 18 126 196 24 172 65 190 81 165 151 95 182 65 58 37 199 147 44 196 179 130 187 49 36 179 82 68 36 113 170 182 9 192 43 26 185 155 136 105 75 200 59 113 194 12 192 80 34 37 170 13
59 6 163 36 34 39 120 68 143 88 57 186 105 120 10 41 16 27 172 27 162 160 107 33 169 76 80 188 74 20 170 99 32 3 119 163 73 100 38 137 182 79 114 122 168 157 33 12 34 4 154 107 111 43 41 105 95 181 1 163
173 14 82 164 124 52 138 36 158 105 6 139 138 53 158 45 55 145 91 1 104 35 20 155 8 151 168 112 19 57 73 73 56 125 174 178 114 26 181 135 40 126 23 23 152 9 22 4 188 132 175 112 44 98 47 197 105 37 48 120
165 118 136 109 149 171 121 136 168 2 185 31 117 66 1 199 22 169 73 150 102 176 156 37 86 172 55 134 43 189 141 122 139 194 34 196 18 121 48 129 27 144 116 53 82 104 69 72 182 113 132 10 166 119 1 145 161 76 72 17
115 92 192 120 37 53 51 162 200 58 3 56 6 1 153 40 112 65 198 64 117 154 49 33 150 162 20 182 142 184 38 195 134 166 41 10 159 1 166 84 159 183 36 165 167 135 1 100 154 110 147 11 171 137 199 14 136 84 187 94
44 151 161 70 130 187 195 62 112 119 200 87 191 186 113 174 122 159 58 162 67 166 80 41 2 124 147 73 119 133 54 69 128 163 129 164 47 136 161 93 150 126 2 107 16 115 175 39 85 107 49 83 105 93 88 6 185 159 61 86
152 73 130 2 107 86 8 25 1 163 33 197 72 138 6 68 143 51 67 57 182 123 84 120 6 53 27 128 72 95 199 7 92 100 32 165 116 98 161 41 132 195 131 187 15 19 133 72 77 6 118 69 81 39 65 111 103 125 63 52
34 67 145 101 114 146 140 1 32 1 117 11 33 69 166 169 197 141 140 164 179 171 123 31 123 193 188 118 132 125 24 121 125 68 63 103 154 68 117 175 12 138 166 33 130 28 187 155 60 151 168 166 168 165 45 35 176 5 53 52
23 64 8 152 116 177 117 183 60 84 146 186 141 180 188 172 11 156 194 188 12 155 170 93 195 182 93 2 101 32 83 69 160 124 77 126 96 131 106 125 158 191 64 106 46 89 22 168 108 122 5 110 176 73 84 137 143 55 158 161
63 168 50 56 132 14 89 199 193 44 5 81 92 138 87 19 78 184 149 12 86 16 180 54 7 174 180 176 88 13 196 103 197 46 94 154 126 103 198 181 96 127 16 168 45 100 96 124 11 12 191 23 154 87 28 7 174 179 193 108
72 69 94 155 96 186 172 195 93 19 61 176 29 81 122 61 90 164 157 45 99 10 79 25 119 174 124 156 5 116 119 91 12 65 90 67 66 71 19 184 195 118 85 13 91 75 113 139 141 115 137 68 85 168 173 112 167 82 158 130
168 30 111 135 71 66 9 104 42 171 123 154 159 76 111 48 64 92 125 134 124 173 30 147 100 128 6 125 59 155 15 88 191 136 182 72 160 188 82 7 20 163 197 119 143 104 90 168 140 75 186 189 191 20 164 78 6 128 78 76
75 39 101 102 175 53 191 70 195 164 15 193 118 80 158 27 131 32 152 59 6 19 168 103 178 164 197 110 71 61 33 114 194 164 24 17 106 149 57 39 2 135 31 143 57 22 13 164 30 124 97 167 109 132 6 36 44 127 124 4
11 122 140 42 161 158 25 80 63 98 186 12 166 37 64 23 190 138 82 21 121 98 183 128 115 49 12 178 112 112 18 117 143 16 137 54 34 177 27 150 118 2 30 2 12 7 196 65 90 153 119 44 32 98 44 125 115 55 112 192
101 55 22 86 146 129 52 132 105 94 97 100 159 186 128 65 123 105 42 18 162 148 143 177 80 13 52 57 122 26 173 126 117 96 65 153 20 138 178 10 99 92 198 106 67 69 92 197 145 97 47 59 124 118 148 48 123 66 127 75
114 157 49 156 52 195 92 193 99 170 62 190 177 65 63 125 45 126 98 193 128 138 80 3 24 62 37 59 174 58 126 94 112 117 27 138 57 9 103 162 109 88 35 117 33 30 44 147 114 82 92 24 35 112 65 146 146 36 163 146
197 185 62 8 150 200 82 74 87 137 1 82 164 2 50 63 108 92 43 38 67 71 178 144 168 125 136 11 131 128 180 170 196 40 171 85 69 54 92 121 157 5 107 27 33 128 157 6 198 151 146 50 60 185 157 56 50 160 100 93
136 118 170 80 195 37 167 43 145 33 41 86 83 171 149 76 157 5 122 9 57 98 119 1 173 121 4 186 108 47 185 129 174 100 119 51 39 62 179 84 139 165 142 117 75 178 60 128 198 147 36 71 66 67 141 58 34 117 200 112
187 37 122 97 130 20 70 38 65 1 35 55 9 56 121 99 178 125 172 148 116 22 192 190 102 176 92 178 129 99 140 77 93 188 191 154 148 118 197 160 53 31 50 17 89 136 147 192 30 62 114 78 150 19 25 173 55 182 127 89
171 78 159 76 200 139 128 37 70 174 142 112 140 85 134 78 79 111 43 174 170 2 48 77 72 182 74 128 100 124 45 188 14 169 99 10 110 130 142 105 18 1 145 90 7 12 17 170 191 163 37 100 177 144 161 172 165 2 158 112
59 3 32 190 155 119 58 126 167 55 121 76 150 99 94 141 144 156 115 163 26 20 5 145 41 71 178 106 173 107 161 183 177 72 28 31 181 56 72 23 81 190 90 138 57 149 169 74 189 197 145 59 65 58 134 103 148 139 57 90
102 160 140 137 74 197 138 140 83 6 160 171 52 181 3 143 76 157 186 34 121 134 20 165 134 121 68 56 123 158 76 138 90 92 43 82 147 133 65 37 93 188 65 191 167 9 1 42 141 4 70 135 100 63 75 95 24 131 137 179
4 25 25 92 59 9 95 166 18 172 64 94 165 138 191 198 137 9 98 184 11 197 32 143 195 166 55 4 148 4 1 93 133 97 200 178 45 113 30 76 156 178 125 151 154 50 119 4 123 88 29 131 144 151 49 141 73 42 28 189
186 21 190 151 187 177 27 186 30 200 107 57 195 46 159 176 106 175 185 37 100 189 175 181 198 32 136 124 29 123 44 18 174 187 179 167 52 33 108 105 96 28 147 140 10 165 71 99 174 148 139 45 119 7 162 53 16 111 103 91
88 86 182 171 42 45 27 173 150 65 31 58 94 8 33 117 139 73 144 146 98 126 100 127 32 58 51 131 145 113 173 176 85 98 45 145 84 169 10 98 170 136 187 81 65 173 45 122 184 200 182 98 101 107 40 84 90 21 36 131
193 108 91 114 196 155 185 156 99 96 161 42 4 21 116 19 129 41 42 5 58 89 15 143 147 39 153 112 167 150 75 2 88 171 103 198 181 34 177 186 119 41 115 156 131 159 189 121 197 193 43 162 37 123 60 20 20 197 146 108
116 21 91 12 36 14 148 18 22 103 77 137 183 120 181 63 153 111 48 152 156 199 189 18 189 123 189 127 181 82 148 88 184 45 67 64 176 129 25 122 79 133 196 40 92 38 10 10 187 68 125 104 184 139 43 110 160 84 36 46
66 26 5 132 75 52 178 37 73 122 191 12 76 176 7 148 78 193 16 87 27 187 76 5 151 185 83 49 180 17 114 163 62 165 155 82 29 122 20 82 128 63 54 105 51 27 51 98 71 99 119 3 98 11 177 32 160 170 184 149
