70 	
4	32
0	67	1	3114	9	
0	80	9	4155	4	
1	16	1	1211	7	
0	36	5	6277	4	
0	91	9	1747	4	
1	14	5	1724	9	
0	26	7	0	8	
1	82	4	1251	4	
0	2	3	4107	5	
1	18	9	4959	9	
1	61	3	3680	7	
0	82	9	710	3	
0	53	7	2541	4	
1	2	3	3900	9	
1	25	6	3919	7	
0	70	3	3154	1	
0	75	7	1478	6	
1	40	7	2747	3	
1	34	1	538	6	
0	26	9	830	3	
1	67	4	3	2	
0	50	5	1381	2	
1	69	5	1894	7	
1	74	2	5200	4	
0	12	2	236	4	
1	59	3	3798	4	
0	46	2	1016	3	
1	6	1	5517	3	
0	96	2	4337	9	
0	3	9	233	8	
0	40	9	4557	8	
1	26	9	2292	1	
1	33	4	5537	1	
1	83	3	4137	9	
0	57	6	2594	1	
0	97	2	2971	2	
1	46	8	3670	5	
1	62	9	1115	9	
1	77	1	1304	5	
1	45	8	555	2	
0	24	8	1746	5	
1	20	6	3382	9	
1	53	9	1020	6	
0	89	8	4227	5	
0	21	6	5037	9	
1	16	4	6276	6	
0	9	7	3484	9	
0	95	1	4996	6	
1	78	2	6014	8	
0	33	4	6242	9	
0	8	4	4845	1	
1	96	4	4997	9	
1	72	6	1255	5	
1	2	2	5546	2	
0	44	8	2101	5	
0	68	1	5959	9	
1	44	8	3966	5	
0	16	5	1658	3	
0	24	5	6014	3	
0	24	2	799	6	
1	30	5	4895	9	
1	11	5	2778	1	
0	74	8	508	4	
0	9	6	4029	5	
1	44	3	97	7	
0	23	1	5263	2	
0	77	5	6181	5	
1	54	3	6197	7	
0	21	5	717	5	
1	26	7	1251	3	
186 185 13 48 92 97 170 106 136 193 107 20 165 196 125 44 46 172 177 174 166 133 15 141 78 45 75 115 70 151 126 177 147 8 115 108 176 52 175 195 171 5 96 23 19 103 114 133 114 42 3 27 149 184 114 100 61 100 108 14 69 122 143 134 132 123 170 3 43 83
33 119 138 149 75 9 193 57 2 57 26 20 121 47 175 34 113 102 90 194 148 79 64 70 132 111 14 52 98 115 31 197 182 46 183 69 159 82 117 40 133 57 193 136 123 184 100 96 87 96 117 180 139 62 94 92 163 165 163 112 19 198 37 197 175 148 97 123 98 165
179 147 86 133 162 163 89 172 177 65 21 99 125 15 6 117 170 158 30 37 135 10 97 139 107 190 147 156 36 21 155 102 18 4 172 67 89 78 70 28 45 77 56 16 163 153 177 4 153 92 123 140 66 79 43 43 63 98 102 39 121 26 13 8 43 117 30 33 25 150
16 134 66 154 60 131 175 129 192 190 129 143 188 61 154 46 18 98 106 68 64 153 182 27 160 126 111 69 17 39 53 179 77 171 123 188 49 159 99 63 121 181 43 144 137 58 62 77 191 153 129 66 20 137 189 2 136 103 67 116 97 98 95 179 119 161 16 42 16 109
119 121 179 17 7 163 72 176 84 112 70 44 169 123 79 68 46 67 196 98 39 140 33 100 189 130 124 132 157 28 104 60 114 196 115 87 90 149 99 62 192 197 194 42 161 67 178 113 129 146 22 167 138 144 71 95 151 193 13 107 37 64 63 38 151 197 139 74 65 170
74 156 185 68 172 165 194 86 94 43 53 186 115 48 59 177 116 117 89 131 18 161 129 141 151 127 150 82 36 117 5 61 10 112 3 84 148 182 158 153 49 74 10 107 41 32 61 101 55 143 120 115 192 159 130 176 6 96 180 9 67 178 197 80 186 133 189 147 136 159
9 3 104 11 9 143 185 106 144 145 138 71 44 62 82 34 180 123 53 138 12 67 34 45 5 193 127 95 5 35 70 71 34 152 186 144 37 134 116 11 163 23 184 91 36 83 10 90 101 180 5 70 142 198 79 190 137 56 177 73 133 115 31 23 146 8 170 3 32 113
129 188 52 84 65 39 75 49 81 3 55 63 43 87 53 191 177 79 44 142 133 4 93 49 75 176 23 148 101 37 186 20 96 189 118 155 36 117 194 67 178 156 84 40 173 131 2 61 16 88 51 182 4 125 140 12 101 107 191 18 54 193 9 108 68 143 181 196 119 68
198 109 19 45 197 65 164 196 164 192 59 150 137 89 2 153 179 89 171 80 186 168 109 80 33 24 89 186 167 112 116 84 109 163 41 149 184 188 35 77 15 87 48 29 172 125 135 161 82 23 90 9 138 93 163 63 69 84 28 59 185 136 81 22 108 83 2 92 131 33
82 107 50 186 4 27 125 145 184 5 89 130 193 19 104 148 55 173 63 54 28 65 123 34 164 86 74 105 156 145 192 87 128 58 42 103 80 77 193 122 90 38 176 117 173 130 48 63 131 193 154 165 195 198 97 91 140 79 165 5 93 38 10 19 101 106 3 190 135 145
121 88 5 97 46 18 11 88 12 86 155 166 198 91 40 58 165 86 198 11 4 76 112 108 152 160 117 14 55 95 11 104 14 167 118 108 121 87 119 158 150 69 175 49 142 190 175 96 188 95 13 90 12 122 52 139 77 22 112 7 27 200 168 189 169 142 117 10 46 63
200 13 69 80 195 168 10 13 138 92 194 117 44 131 135 143 162 93 119 51 144 121 131 86 49 72 55 192 78 115 45 142 172 168 93 131 134 166 139 84 163 137 84 21 65 124 37 152 21 121 65 144 60 147 92 120 193 177 108 145 171 58 150 110 133 35 186 148 195 69
110 66 48 74 52 110 171 13 137 96 81 185 114 52 97 46 48 170 32 38 70 176 151 133 174 10 121 154 105 128 182 65 155 67 7 165 165 51 152 60 195 44 119 153 42 86 52 95 108 128 140 179 15 96 81 44 142 20 51 43 95 192 83 89 98 44 135 187 58 123
111 75 128 23 61 46 17 111 52 155 178 14 123 185 61 121 118 81 197 60 9 82 117 167 81 71 119 117 112 165 85 96 138 81 78 90 179 61 137 191 155 18 156 116 147 200 30 170 88 115 170 146 149 136 98 48 110 102 69 161 24 168 18 84 29 189 138 121 73 63
123 165 87 25 113 40 57 97 160 115 94 169 149 197 28 81 89 104 8 35 44 173 156 43 35 178 143 107 180 67 6 51 186 126 112 56 160 35 168 131 135 184 153 21 51 95 46 33 151 155 180 95 72 35 189 71 111 192 92 72 10 9 97 46 95 119 2 134 5 196
3 64 168 192 79 168 86 167 166 106 130 180 127 169 34 119 66 38 96 17 102 12 86 55 141 162 92 126 68 29 86 166 195 192 11 183 1 90 185 184 121 17 38 98 30 194 14 189 179 160 39 167 34 158 191 49 161 60 21 75 18 87 183 139 41 97 66 165 48 155
172 142 24 162 198 52 183 8 75 84 13 144 63 141 14 100 38 103 194 61 72 140 94 52 159 56 159 63 109 175 188 68 23 36 195 36 128 71 149 1 137 11 30 166 52 156 88 15 67 134 199 163 152 72 5 151 89 89 70 147 45 165 38 14 140 87 114 70 25 27
134 60 129 135 193 131 40 190 34 10 8 53 94 90 179 196 8 198 188 18 97 41 1 164 133 143 22 11 160 152 22 104 1 27 157 168 189 148 70 66 129 41 70 135 109 194 172 76 130 28 151 115 44 68 33 168 34 87 164 160 105 149 151 101 32 61 132 63 6 155
105 36 90 79 94 114 198 30 17 70 147 162 142 35 186 150 180 131 57 68 77 111 126 42 51 109 103 123 56 120 34 16 44 105 108 189 95 67 19 6 117 165 9 171 41 66 98 3 34 111 12 178 59 12 140 160 22 40 20 176 39 100 18 28 126 36 93 124 163 176
171 195 3 174 104 178 144 2 2 111 139 77 97 60 125 17 130 189 127 43 183 180 119 64 169 114 156 139 125 159 104 52 6 36 103 20 55 196 7 12 3 197 177 189 81 147 95 77 61 113 25 106 179 115 23 135 5 73 147 130 66 188 190 60 51 50 129 27 157 138
161 90 29 25 138 62 118 60 81 14 58 134 80 96 24 110 29 90 103 199 145 147 134 151 143 169 191 162 113 74 183 163 169 49 147 157 81 67 131 124 137 61 131 166 183 134 63 167 23 111 158 72 115 42 150 6 90 69 198 174 36 75 127 59 32 137 27 93 39 168
176 119 195 156 105 89 106 85 152 112 94 79 166 184 71 155 130 180 69 166 18 129 135 51 17 107 115 181 139 125 5 117 21 141 127 189 39 137 169 108 50 86 12 126 41 104 175 28 122 136 171 32 35 89 73 28 86 38 187 128 39 108 156 97 40 83 51 9 167 159
65 148 117 99 114 30 92 167 78 68 52 60 111 54 93 61 58 34 160 26 174 158 34 94 175 187 156 14 172 151 165 48 155 156 192 82 191 3 153 34 133 122 32 127 99 102 90 192 191 101 111 44 92 48 15 85 117 151 103 97 160 196 60 158 112 48 144 70 9 59
120 177 14 56 8 29 184 67 167 133 14 81 3 144 170 96 184 200 78 30 46 157 196 67 22 55 88 41 162 198 60 138 147 157 178 67 188 191 32 72 42 115 147 88 64 64 95 169 152 128 113 125 34 156 38 61 70 78 172 191 161 151 105 45 71 185 138 156 146 133
2 46 145 158 138 94 16 115 95 27 33 18 147 101 146 187 177 62 93 60 41 181 135 73 74 145 14 94 20 50 189 113 39 105 120 163 14 162 71 18 107 54 59 195 194 4 19 58 12 74 167 156 187 99 49 147 190 114 105 106 3 149 23 121 162 41 140 73 138 125
29 138 49 119 25 110 137 120 198 110 180 124 4 23 76 172 147 167 134 67 50 123 40 91 8 69 114 53 36 83 88 87 147 63 155 150 181 194 136 183 16 63 63 179 96 112 170 150 29 18 8 98 74 111 74 13 176 3 68 156 63 90 191 20 162 195 85 166 109 52
135 1 34 169 127 69 74 87 168 163 95 29 177 10 54 10 86 23 170 179 44 14 55 189 136 84 32 142 196 189 61 159 101 17 30 25 154 50 39 131 30 15 118 76 62 5 93 15 126 151 100 182 90 5 158 186 11 91 9 18 117 41 150 41 154 185 136 31 171 136
174 38 94 83 126 152 130 193 196 16 39 142 135 31 4 105 103 95 115 52 176 180 90 165 147 152 36 193 73 30 180 199 116 162 180 152 16 188 39 148 48 65 162 155 73 187 66 184 128 191 6 80 170 66 139 47 38 100 119 175 12 70 58 195 5 44 177 70 99 57
40 67 46 68 200 39 193 77 196 56 109 99 35 155 199 144 93 185 174 88 62 187 111 53 199 147 12 79 197 154 145 30 156 84 76 100 141 14 71 46 102 22 76 179 123 133 83 13 108 36 146 91 138 47 141 77 174 172 55 162 148 189 139 114 146 199 125 73 174 116
90 196 153 1 57 146 168 43 132 140 114 51 109 144 101 36 108 126 63 47 55 31 141 43 46 57 84 121 153 182 41 3 110 146 148 61 161 111 10 105 110 199 132 96 126 87 189 15 113 190 177 198 48 127 90 16 44 18 161 197 11 200 29 127 86 168 176 128 180 82
167 133 121 118 10 101 165 183 4 144 70 13 50 113 64 164 187 25 181 100 114 70 72 52 127 47 157 177 125 16 84 187 37 103 96 2 35 84 198 44 31 166 200 36 168 200 12 84 60 100 134 137 174 178 123 36 74 36 157 73 42 2 84 51 184 167 109 32 79 157
125 146 199 175 148 64 87 137 51 73 60 79 135 139 167 15 71 24 192 19 7 107 73 157 137 159 108 77 95 191 96 9 55 163 127 138 79 84 181 136 199 139 73 15 14 106 149 72 81 6 81 54 91 111 139 3 126 117 71 12 163 181 45 38 6 52 167 125 145 152
197 108 113 195 192 73 131 166 144 92 69 77 172 131 113 23 20 21 13 106 98 105 69 20 155 87 100 162 109 192 50 32 50 25 62 60 58 27 26 72 198 174 170 117 49 145 88 20 168 191 67 10 113 87 45 103 64 73 172 3 173 12 24 44 186 176 97 157 178 108
84 10 193 53 181 173 69 170 34 140 139 96 20 166 146 149 32 79 122 18 115 156 173 7 183 62 171 41 137 82 2 126 166 175 196 33 59 42 2 81 3 7 51 99 60 51 148 101 67 46 32 62 40 107 48 3 48 70 86 13 172 194 121 88 70 39 46 164 10 153
5 97 182 20 9 104 191 62 49 117 23 54 151 116 82 130 148 198 7 88 166 163 33 120 195 109 149 174 92 29 70 97 48 132 176 88 108 125 29 29 89 117 35 70 37 39 97 130 30 133 1 30 31 122 103 69 39 162 148 50 132 81 175 58 123 12 58 37 175 77
193 160 87 87 150 28 66 36 199 111 51 186 79 199 175 134 136 33 14 43 7 17 127 109 66 15 54 126 190 1 199 72 89 54 48 55 53 1 185 11 140 31 142 53 121 52 107 151 192 75 45 176 170 97 73 7 185 90 38 59 75 26 195 1 80 100 63 42 137 109
112 185 157 147 8 166 56 134 133 170 83 175 16 164 89 72 197 61 167 177 135 81 51 194 13 21 144 77 27 27 133 98 129 96 185 62 112 49 17 118 159 18 41 128 150 143 140 88 64 193 165 125 72 177 148 80 134 186 148 142 64 170 122 172 113 58 140 26 29 136
136 14 87 127 96 49 55 195 174 200 130 165 170 32 186 96 172 70 59 133 42 48 179 171 192 184 118 67 187 86 98 149 94 39 150 37 120 142 162 42 112 172 43 59 119 133 153 182 198 126 49 14 25 175 25 188 38 18 198 148 53 110 180 152 120 181 138 12 72 96
99 146 135 56 19 87 95 79 1 76 145 65 91 51 92 82 119 39 63 188 39 107 194 59 163 122 144 109 137 3 22 112 81 39 84 23 189 43 24 118 163 54 197 181 148 155 111 17 30 95 12 25 176 135 192 134 22 77 160 104 184 65 166 190 185 62 47 171 190 109
15 135 131 42 71 190 51 186 80 99 141 192 149 95 182 26 142 194 44 33 54 141 113 54 97 48 151 64 169 37 25 145 25 15 172 180 88 29 42 196 88 88 61 1 6 122 182 42 197 192 63 193 126 121 193 68 169 142 125 195 37 72 178 115 67 25 136 57 143 9
152 124 114 52 186 52 150 93 195 194 124 112 141 188 84 39 140 186 189 47 155 99 83 13 3 30 136 40 6 162 34 184 180 141 80 64 197 181 175 199 186 197 72 110 95 137 67 60 160 24 106 129 38 155 141 128 153 40 7 67 159 39 183 166 27 42 198 100 110 79
166 40 5 61 6 177 16 17 171 56 155 97 82 163 146 196 59 92 77 14 16 92 199 141 40 120 65 200 109 27 89 8 24 59 50 139 56 194 102 176 80 180 171 102 50 90 122 198 151 141 153 103 158 54 102 180 113 174 156 116 78 121 84 181 142 114 155 29 188 106
173 11 44 182 176 74 170 157 170 190 77 179 25 132 182 184 94 166 118 119 190 88 132 77 39 68 55 163 147 132 19 103 25 33 56 13 153 188 187 109 29 184 165 90 117 103 200 46 190 75 12 167 52 150 195 154 139 99 149 163 181 24 17 22 25 172 173 12 12 136
67 116 83 118 170 192 51 76 22 102 48 1 130 199 174 134 82 28 68 94 188 155 86 46 17 120 141 149 115 129 97 56 58 195 15 106 87 128 58 171 185 56 130 80 104 10 183 44 194 127 24 141 146 118 47 51 174 159 188 196 140 120 120 180 109 65 102 170 46 81
172 24 37 42 134 91 179 196 196 155 147 36 55 155 21 156 71 168 126 149 186 20 114 51 200 69 50 173 57 150 77 118 73 93 191 105 98 5 161 46 60 94 124 164 86 42 153 98 4 5 159 129 30 13 59 112 123 12 6 192 98 193 169 63 82 105 8 26 8 116
132 194 99 110 116 131 174 151 61 197 36 77 8 73 62 137 41 158 20 48 139 12 171 7 11 133 145 52 31 125 192 88 157 110 85 85 138 156 4 11 134 119 188 5 112 155 162 161 17 171 48 63 7 130 6 45 191 194 175 184 80 53 30 152 118 126 107 131 32 99
150 23 191 160 127 156 158 124 71 110 26 35 158 127 154 36 105 156 195 93 32 166 188 147 112 111 91 66 79 97 80 8 89 169 49 38 30 11 35 132 103 200 77 17 85 19 176 156 30 148 168 125 193 103 36 121 46 126 141 48 86 196 148 79 182 77 171 146 172 79
45 6 1 185 144 38 21 20 67 23 35 166 112 65 57 175 139 159 192 196 102 200 95 57 132 35 113 197 67 95 7 167 169 169 109 16 67 178 137 138 73 53 79 126 10 192 184 140 139 106 62 20 126 131 59 46 77 134 53 168 32 120 35 128 56 59 175 42 177 198
125 94 159 163 43 101 191 120 142 78 2 151 68 115 148 25 78 103 93 150 164 68 40 30 82 24 122 140 171 181 187 52 25 120 64 51 114 37 148 102 143 138 47 54 103 152 76 112 126 113 138 50 24 53 39 89 25 91 196 92 91 151 109 168 94 83 16 198 114 77
81 1 59 102 97 72 122 141 197 66 76 1 103 76 128 9 79 88 16 76 1 76 179 163 6 167 104 89 53 108 130 148 77 25 196 195 138 27 8 6 115 152 37 183 121 182 76 43 139 133 66 5 196 139 125 181 176 99 128 157 136 14 81 9 199 138 133 139 119 104
166 109 82 11 143 175 138 55 41 46 85 84 63 133 190 9 13 9 59 60 60 146 44 3 87 30 118 178 137 78 159 88 158 198 194 155 133 81 98 43 160 41 167 46 90 65 75 171 192 30 80 40 168 97 147 67 174 129 128 154 75 75 182 55 166 13 180 122 126 163
111 25 76 194 94 7 131 166 18 169 106 164 98 14 106 152 8 41 26 51 200 18 189 34 1 30 105 38 121 119 190 111 6 34 115 39 200 12 125 88 169 43 188 147 79 200 29 57 169 29 75 196 69 124 83 40 43 166 85 76 193 111 29 81 152 33 83 9 117 56
147 85 9 162 124 142 181 34 194 98 169 97 171 85 200 195 156 153 172 108 104 32 38 71 12 1 64 186 145 3 194 15 195 176 93 3 43 102 1 38 113 134 4 146 1 81 188 44 107 13 84 189 181 55 68 131 82 118 112 35 162 84 188 82 124 10 173 164 108 130
158 136 125 176 91 11 121 181 62 150 119 196 116 86 113 12 180 188 51 175 172 78 134 48 99 8 124 199 59 135 135 200 128 112 111 14 179 89 62 185 162 62 23 155 141 71 160 58 19 166 96 157 7 4 178 45 163 96 72 40 106 122 65 84 137 124 57 48 155 142
72 197 181 37 42 56 126 108 166 37 184 9 110 124 67 78 40 153 92 70 155 186 188 30 73 52 64 72 124 107 126 18 78 149 82 104 20 36 4 74 25 72 92 147 163 52 130 14 26 64 191 10 169 155 47 98 79 55 169 29 103 177 156 9 43 6 11 75 170 88
135 67 25 176 58 88 23 157 47 46 15 86 90 83 44 18 90 29 23 148 73 16 32 33 2 192 137 161 27 30 28 70 124 97 26 186 54 7 28 81 107 136 194 161 145 127 122 15 195 164 90 161 11 126 197 168 123 110 97 27 120 59 175 97 135 97 64 110 152 168
137 188 24 193 169 103 56 127 139 93 84 110 85 175 104 190 78 104 161 11 114 133 129 54 15 89 8 64 150 165 39 58 191 59 176 21 182 85 181 158 17 166 175 79 195 13 43 12 185 149 88 101 76 116 52 189 200 180 111 119 134 153 160 15 11 182 106 88 71 62
93 2 4 144 58 118 199 192 130 54 73 191 75 189 42 104 47 91 104 183 159 19 52 134 97 38 70 12 53 21 181 137 68 116 95 197 135 101 134 189 41 175 127 114 90 187 60 106 195 159 151 104 84 122 185 112 139 137 79 167 56 38 33 8 155 142 121 163 35 24
136 121 66 149 159 159 145 65 162 137 177 3 97 77 152 75 12 80 188 36 188 73 106 89 46 40 127 50 98 194 197 2 86 74 186 141 100 151 48 145 91 26 120 35 103 44 52 191 144 177 6 193 57 128 10 16 183 64 181 158 15 126 71 78 88 105 89 180 145 7
176 50 179 56 49 22 175 30 47 29 145 154 81 154 56 197 108 148 175 68 91 10 56 132 105 156 99 134 33 70 82 163 77 134 137 102 162 127 186 50 47 179 156 200 141 23 84 199 178 97 174 55 1 152 58 195 1 10 51 51 105 84 74 182 144 167 75 138 66 144
134 100 59 17 15 99 156 167 141 135 152 1 199 152 97 42 98 198 187 32 96 137 112 36 83 137 134 179 27 97 101 141 31 193 181 181 117 174 74 177 20 103 179 163 101 178 20 170 20 187 43 84 38 64 38 65 88 157 198 197 70 191 157 197 165 35 101 88 8 105
37 104 114 100 78 119 184 36 184 99 109 90 153 34 82 168 11 10 172 132 33 89 72 141 95 50 134 14 159 135 38 129 30 192 149 176 102 30 83 122 64 118 62 51 86 148 76 200 118 35 126 158 187 75 89 54 22 112 166 7 157 116 21 153 102 11 14 160 151 108
91 42 180 115 143 145 26 165 42 161 28 184 174 125 191 34 122 53 200 108 80 174 114 120 50 43 35 84 131 140 48 119 28 34 46 147 127 37 111 20 9 61 97 45 2 136 178 90 143 172 189 78 131 187 148 187 1 87 35 113 98 72 195 135 193 35 42 92 106 114
140 122 193 73 129 187 37 194 100 24 146 32 186 194 186 169 185 128 1 38 3 152 153 178 69 35 131 3 2 54 54 42 11 102 199 196 77 121 163 85 42 194 79 144 121 91 191 118 171 148 160 61 22 58 125 19 198 75 7 57 42 143 30 41 181 112 49 138 124 13
38 7 93 50 132 125 43 172 5 103 161 174 154 138 172 112 98 199 37 191 27 97 164 24 200 118 122 89 19 195 118 91 67 140 163 87 64 179 191 149 145 27 180 86 195 61 105 106 186 120 37 153 59 85 165 153 11 85 140 79 72 191 44 188 3 60 44 90 198 170
77 94 151 124 30 190 142 150 94 9 127 154 138 16 197 121 188 81 45 173 6 57 119 26 86 124 199 158 195 14 49 101 63 4 116 159 92 139 180 105 50 35 54 55 7 197 62 12 173 87 59 87 167 115 17 177 83 105 33 189 70 160 186 163 86 51 42 149 160 141
62 165 87 51 118 88 104 184 32 46 60 92 185 6 89 63 56 65 148 25 137 139 96 77 22 74 183 176 162 115 79 142 198 190 160 129 19 197 151 191 176 130 36 66 45 168 8 114 5 133 74 14 48 157 116 163 24 3 143 114 107 172 93 93 196 49 197 44 11 35
175 10 44 112 167 196 142 179 102 95 94 92 81 1 189 87 41 134 5 153 79 160 43 160 107 51 163 92 25 79 9 175 58 87 125 170 108 182 190 163 187 1 5 30 180 135 51 6 69 155 192 95 11 99 167 91 124 77 193 44 132 66 140 32 176 163 20 166 15 19
165 182 16 4 89 172 169 116 84 9 23 6 129 57 62 31 154 179 121 139 35 35 165 199 115 200 94 3 108 63 58 166 111 19 200 196 54 23 43 149 184 65 161 106 35 21 102 52 96 178 198 146 10 26 32 165 103 62 18 53 161 58 22 163 198 97 117 65 183 131
136 24 199 178 117 7 150 85 175 85 155 90 183 35 83 95 17 91 60 179 25 71 66 185 62 37 190 111 105 26 32 68 64 62 154 10 114 8 175 7 8 197 184 104 176 118 17 130 1 59 137 109 53 105 33 90 51 62 72 44 41 181 162 148 111 44 116 84 68 103
42 24 61 184 173 168 68 39 175 84 18 69 51 152 178 26 161 33 52 117 53 180 85 179 49 10 185 124 51 15 7 52 65 127 95 156 181 168 164 35 103 172 99 198 191 188 197 8 125 20 174 8 125 164 148 78 146 82 150 40 38 194 72 157 119 196 158 62 161 51
