60 	
8	73
1	8	9	164	1	
0	7	5	395	1	
0	4	3	234	5	
0	7	6	273	5	
0	7	8	211	7	
1	7	2	328	9	
0	1	1	21	9	
1	8	5	393	4	
1	4	4	462	4	
0	8	3	32	6	
0	9	3	152	6	
0	6	2	473	3	
0	5	9	167	2	
1	9	9	401	2	
0	2	5	311	1	
0	5	4	349	3	
0	8	4	139	4	
1	5	5	476	7	
0	6	5	134	9	
1	8	9	186	5	
1	4	8	490	5	
0	9	2	56	7	
1	1	2	441	8	
0	2	9	89	5	
0	2	3	56	5	
0	8	1	119	5	
1	8	8	290	6	
1	4	6	122	5	
0	7	7	335	5	
0	9	1	257	2	
1	8	1	123	7	
1	4	9	404	1	
1	5	3	134	5	
1	5	5	262	2	
1	9	6	197	3	
1	3	6	348	3	
1	1	8	258	6	
1	3	2	209	6	
1	9	3	445	4	
1	6	6	359	9	
1	5	4	50	1	
1	8	6	215	2	
0	6	1	242	2	
1	9	6	159	6	
1	3	5	233	7	
0	6	3	424	1	
1	9	5	103	9	
0	9	8	372	1	
1	6	2	19	7	
0	2	3	76	6	
1	7	4	455	9	
1	3	4	7	4	
0	7	8	375	1	
1	3	7	328	1	
0	2	4	482	8	
0	2	6	372	2	
0	6	9	135	6	
1	8	4	144	7	
0	8	9	238	1	
1	4	6	13	5	
59 96 118 14 11 156 95 152 173 178 198 200 30 168 124 118 64 9 21 57 88 123 5 151 127 158 19 56 165 160 148 10 64 155 12 135 195 184 153 133 162 135 80 9 193 78 118 97 135 185 14 127 61 4 171 116 141 154 24 164
181 38 172 85 183 103 120 55 181 199 37 146 160 148 20 143 94 3 5 147 2 47 2 63 94 94 114 130 197 134 87 107 139 128 98 34 9 199 45 77 18 22 152 183 56 141 165 105 152 29 135 92 59 52 60 99 129 175 124 72
190 189 110 190 189 166 20 88 27 178 4 95 2 52 182 96 152 136 131 51 188 130 116 77 61 17 144 120 54 6 20 19 65 89 73 187 198 67 197 52 8 174 106 95 170 43 107 133 171 156 163 100 186 26 187 173 63 187 51 186
34 153 155 145 32 19 67 166 12 149 135 144 190 154 31 137 122 147 18 164 2 30 71 125 94 110 136 53 65 40 32 87 161 8 43 170 93 14 70 32 109 26 174 44 139 80 122 38 69 111 135 117 68 167 36 82 143 77 48 53
35 125 125 68 132 80 31 146 91 110 197 44 106 157 84 197 37 173 89 187 44 12 140 41 10 5 69 43 186 16 73 34 109 146 13 16 200 158 84 70 189 102 40 129 115 21 17 84 3 8 111 169 147 166 57 65 57 175 120 135
115 174 82 57 54 72 32 114 143 12 160 143 68 49 24 178 106 79 40 152 121 179 79 103 98 161 173 172 137 161 7 134 130 126 11 103 46 96 106 55 153 38 162 184 66 79 98 172 25 176 174 135 153 163 171 151 165 126 177 194
182 132 120 94 188 13 137 173 152 31 154 164 121 140 98 147 37 47 179 93 174 192 187 150 192 157 168 8 30 86 166 123 51 20 23 107 103 84 70 21 43 188 184 198 71 155 11 177 178 52 114 123 101 57 193 62 100 73 169 194
146 169 152 136 61 183 53 123 161 191 52 112 130 144 109 66 166 150 73 67 108 90 153 29 190 50 84 168 77 45 191 46 137 43 133 119 194 68 146 183 93 66 45 7 173 97 198 10 105 124 77 97 24 142 122 105 102 75 124 15
97 188 64 169 78 78 161 8 32 40 128 71 128 175 126 34 162 68 18 128 154 132 120 162 190 139 23 97 2 194 108 153 102 157 164 7 95 139 152 148 183 131 85 194 26 10 147 146 11 100 17 90 193 27 55 125 63 180 195 185
178 144 39 177 4 30 27 179 185 144 65 93 19 124 147 11 32 160 181 144 9 44 100 176 23 8 142 82 113 47 20 83 55 180 111 180 35 14 144 191 118 180 36 2 164 43 165 151 29 151 38 12 136 113 171 41 167 89 189 87
81 9 117 182 71 15 16 69 165 186 8 176 82 142 111 23 47 12 35 47 62 93 139 100 94 122 169 78 21 88 140 20 190 71 4 143 43 168 164 136 182 110 71 41 81 119 13 149 149 75 100 93 188 127 94 48 26 140 148 134
30 14 1 121 97 20 152 133 131 128 89 148 90 10 74 143 15 66 136 112 156 173 166 8 81 18 11 145 60 185 28 171 200 60 79 199 70 158 41 96 85 23 130 47 127 113 127 179 183 183 28 68 45 4 25 183 9 107 149 66
64 191 158 158 41 13 17 185 180 11 88 74 23 41 60 21 183 12 66 66 95 123 169 5 181 86 98 88 167 72 1 44 190 56 178 177 142 163 188 35 107 143 152 94 1 124 32 139 26 64 85 24 25 35 16 75 26 148 140 100
159 76 64 11 91 135 138 165 141 130 126 116 100 25 18 156 112 197 66 60 81 129 132 45 104 48 9 9 146 111 143 120 96 118 131 2 61 58 40 49 43 47 111 62 200 144 46 23 148 33 196 165 135 172 160 98 43 37 110 106
107 106 175 173 68 40 88 42 200 88 170 59 75 68 93 147 127 41 160 97 126 18 128 34 108 144 160 3 188 11 59 163 67 61 16 7 194 31 6 82 173 2 152 134 193 86 1 16 40 164 56 68 38 123 163 123 62 169 119 146
136 83 137 151 70 153 125 87 7 175 9 27 197 153 18 192 34 16 187 142 187 25 62 151 128 116 9 19 136 97 59 135 187 73 54 4 155 190 10 162 56 154 105 83 171 69 55 4 43 95 82 87 165 20 168 96 14 117 174 171
155 121 153 187 26 30 156 135 184 65 102 51 4 134 111 27 184 118 94 16 24 64 174 172 19 71 55 199 104 113 113 174 146 26 176 28 171 105 140 123 54 177 182 170 83 98 37 128 145 20 178 153 89 45 42 82 159 3 9 14
94 142 100 89 1 117 54 198 58 101 64 167 97 116 157 179 21 181 49 118 59 132 162 112 11 138 110 53 150 150 196 36 91 66 96 140 199 82 33 72 80 38 176 5 103 130 60 95 120 160 154 61 13 169 170 88 38 99 143 188
88 51 59 80 32 83 2 107 121 143 150 173 186 70 107 51 121 160 56 10 119 11 15 2 120 194 82 44 97 6 193 52 82 189 6 73 75 46 84 179 200 132 60 151 98 1 73 26 96 187 132 2 22 42 152 18 152 68 132 99
120 159 7 113 157 148 92 166 61 161 18 120 32 157 60 107 32 187 35 185 96 156 78 61 199 85 127 41 91 30 122 105 21 79 173 43 7 127 142 1 1 71 16 47 186 64 154 1 128 190 156 21 11 32 9 2 69 76 183 60
110 198 135 183 45 30 184 68 119 104 104 85 52 128 23 137 3 24 20 28 90 173 135 3 179 84 131 68 68 83 104 5 59 66 145 87 103 187 111 43 163 47 192 58 65 105 2 80 113 147 13 148 19 197 187 196 163 198 166 38
173 184 161 159 7 86 184 124 131 157 5 184 176 106 92 188 137 59 38 193 109 58 85 118 163 153 13 113 123 54 37 109 99 110 191 46 171 177 72 76 176 176 29 116 103 79 42 64 31 103 39 108 91 136 122 82 39 173 87 98
51 27 89 90 116 94 166 131 24 105 105 102 155 146 148 70 14 136 58 119 120 186 39 117 64 73 168 47 24 3 71 14 167 146 11 186 93 76 191 14 81 98 139 111 166 128 38 7 54 193 36 103 175 40 33 116 96 11 5 192
39 1 35 153 195 154 65 138 127 34 150 148 14 160 129 82 123 194 141 148 48 119 146 157 156 48 10 11 200 30 121 157 73 168 196 166 9 68 47 70 141 80 71 104 75 191 37 199 51 82 58 32 200 45 57 5 67 48 67 165
174 151 165 64 143 98 156 158 145 88 37 186 80 140 191 22 85 191 42 135 40 24 41 73 16 183 25 73 121 37 77 104 48 72 63 68 153 100 69 67 198 47 33 91 42 54 104 71 120 191 195 149 22 167 126 183 11 176 16 194
59 132 151 175 65 119 56 117 57 159 145 59 90 132 48 195 189 144 100 146 196 36 73 118 63 17 168 17 67 198 53 72 78 125 22 102 127 116 142 63 182 112 169 197 157 86 81 43 155 200 141 60 147 101 84 115 200 123 135 93
115 138 66 147 137 40 177 36 174 182 4 56 128 40 70 37 132 126 25 118 175 100 9 141 71 191 75 14 107 87 38 180 200 8 48 83 196 195 53 173 113 47 49 64 6 138 80 114 49 96 191 155 136 86 165 135 83 171 102 188
20 148 148 15 133 169 51 86 1 86 98 199 46 184 169 139 148 182 109 102 63 20 18 88 39 159 9 100 144 28 106 94 73 26 197 105 84 126 135 137 4 8 89 22 120 195 117 125 130 122 12 84 18 72 130 26 133 190 157 193
190 165 162 12 194 38 1 23 191 72 40 136 23 94 74 84 33 188 125 153 139 68 167 10 10 52 174 177 137 191 110 96 122 182 52 88 23 175 72 134 151 26 179 67 98 111 108 101 99 63 106 77 196 26 149 120 152 97 114 13
73 93 101 67 9 145 197 182 108 43 189 160 16 61 135 77 146 155 199 122 151 145 75 109 129 113 90 157 85 37 140 74 145 73 41 9 4 136 101 32 10 135 146 111 40 12 126 40 77 88 171 187 67 19 35 29 65 147 69 21
130 23 65 196 181 99 59 95 52 51 146 102 179 121 110 166 161 23 197 182 51 200 146 184 65 178 136 85 117 32 146 39 96 47 79 55 13 195 40 24 33 175 36 121 115 155 25 142 67 87 1 8 180 34 2 180 34 31 16 18
163 61 19 63 200 61 129 34 8 35 187 39 198 187 59 107 11 84 40 44 170 188 108 1 100 194 122 187 138 112 1 55 120 116 52 198 134 166 190 200 168 124 196 103 117 70 79 79 100 42 145 186 60 119 94 56 135 100 95 101
66 2 37 137 39 27 19 105 139 139 131 178 12 199 200 16 95 66 189 36 151 159 25 55 60 142 157 96 184 39 45 63 123 86 40 194 133 68 102 38 114 156 75 1 169 78 140 194 17 47 13 178 182 117 81 82 119 122 23 148
54 116 24 24 25 67 29 145 56 139 72 31 63 129 98 39 155 112 126 144 131 163 105 75 177 87 61 91 36 81 43 187 71 129 18 92 177 45 40 122 32 133 141 26 13 200 174 129 12 42 72 20 52 6 133 153 11 37 82 11
38 173 101 70 186 198 176 113 36 49 32 7 177 186 132 59 72 126 134 182 31 148 158 158 14 177 97 94 171 42 186 11 96 176 156 93 111 122 61 25 132 8 188 103 124 126 156 86 38 173 182 187 195 166 138 109 58 80 149 53
15 90 188 194 33 167 125 109 120 21 65 8 190 28 31 23 140 75 69 119 53 131 107 22 179 27 114 75 13 191 196 118 150 181 95 167 157 190 104 128 91 105 16 32 196 107 49 133 183 138 159 175 98 55 65 125 69 98 11 171
116 113 77 172 90 4 13 83 128 112 75 46 38 66 113 134 194 190 42 77 94 30 40 131 112 83 32 125 49 5 56 134 188 163 172 65 79 59 107 105 37 63 41 178 102 22 87 199 125 91 56 9 77 83 67 7 52 67 186 2
193 176 165 110 71 115 177 163 9 35 54 51 119 36 117 127 142 154 118 4 13 98 117 62 81 108 25 197 131 45 2 78 22 17 105 193 177 132 38 179 183 173 166 96 132 109 174 177 124 145 97 34 51 46 182 19 58 120 16 88
193 54 67 14 67 175 17 121 24 110 96 188 98 31 178 150 139 92 101 53 185 145 54 48 182 138 55 170 12 17 114 59 165 129 38 4 65 104 149 199 116 163 20 119 174 192 68 5 159 42 150 145 32 63 190 85 124 19 37 53
67 149 65 172 135 140 72 126 63 8 2 12 155 51 112 176 65 144 193 116 129 36 142 41 36 153 35 83 71 90 146 108 1 158 195 47 21 4 62 111 192 18 121 62 134 153 108 82 96 191 98 137 121 172 95 50 45 16 57 16
127 71 98 10 28 49 44 195 74 155 87 5 42 38 89 176 46 77 8 35 53 182 174 50 88 76 130 122 184 40 56 80 153 93 130 115 18 77 150 148 193 23 123 29 116 134 77 137 30 78 105 68 179 49 99 82 119 42 163 184
31 56 38 179 159 126 10 79 119 176 183 20 102 29 151 186 135 65 20 88 113 103 50 71 39 67 167 176 97 51 72 25 110 109 90 136 111 179 118 183 120 145 41 145 113 134 39 168 5 97 12 42 143 1 154 124 5 117 193 128
46 61 123 138 50 182 100 31 35 75 198 188 162 185 73 14 140 87 28 130 75 122 66 125 5 140 71 81 41 47 83 13 45 32 72 39 92 120 172 81 163 122 18 10 42 89 54 35 50 81 148 148 134 35 82 190 131 75 149 92
125 40 165 193 46 99 102 23 1 10 18 106 189 96 30 29 121 26 106 115 135 39 189 156 184 22 21 22 185 65 18 175 153 123 54 88 89 83 12 132 46 148 44 97 53 71 176 147 78 150 147 168 81 104 85 186 155 178 38 8
149 50 39 68 65 21 158 81 144 165 189 93 193 111 75 109 175 62 107 62 141 147 181 45 94 37 18 111 21 183 3 32 98 25 7 199 197 180 94 5 136 50 26 170 102 90 53 74 1 138 170 187 31 22 20 20 24 168 132 79
161 33 133 194 64 90 177 191 131 9 82 156 7 170 17 73 16 86 178 91 23 176 89 63 80 200 6 58 24 17 175 43 26 40 68 193 54 134 51 144 173 162 23 63 2 147 90 183 45 182 163 13 113 146 83 148 78 27 138 187
100 109 20 41 178 143 134 27 33 5 49 57 91 30 174 145 174 113 151 50 161 59 48 70 60 140 25 140 170 120 119 127 144 93 1 186 112 35 148 48 197 102 73 52 161 159 195 127 55 45 31 144 83 181 93 100 169 34 37 98
54 63 63 107 106 15 30 94 168 5 46 68 131 121 174 150 62 32 198 29 66 117 98 39 19 152 153 109 119 109 166 18 19 196 38 31 107 146 95 46 95 108 24 187 73 170 109 16 129 75 45 14 21 55 79 164 176 186 83 46
173 27 106 142 118 133 187 121 21 113 172 109 187 90 21 67 7 183 192 9 75 170 20 185 170 178 18 150 145 35 63 104 16 153 93 15 10 134 125 15 9 45 82 154 159 23 61 197 24 21 102 139 19 98 199 12 75 84 38 82
106 25 8 125 2 7 199 22 43 188 197 59 115 92 53 109 141 46 30 173 153 2 64 92 183 96 71 83 82 18 80 49 61 101 108 10 114 55 159 64 138 19 122 154 159 164 104 139 117 189 59 120 26 91 72 139 166 64 154 112
195 136 114 137 71 18 103 110 104 55 74 34 34 172 165 62 158 66 152 167 53 43 54 195 183 25 50 60 22 35 35 53 116 60 90 154 156 157 52 175 9 39 2 41 43 147 139 136 7 14 119 175 3 91 144 20 175 81 79 84
175 80 156 165 191 7 134 139 37 162 58 49 37 6 117 1 13 40 43 38 14 62 76 20 79 98 15 196 5 86 48 186 175 176 187 110 79 97 164 166 1 112 191 99 173 84 93 113 91 163 132 74 126 175 83 160 77 77 176 186
55 7 148 49 143 66 122 14 54 175 5 69 170 59 56 84 160 19 97 159 141 3 20 94 169 158 187 52 176 9 117 15 61 21 44 67 8 183 6 83 198 54 41 85 163 90 29 100 84 61 164 1 174 113 104 98 19 101 156 194
188 165 180 122 143 67 197 59 165 70 140 190 76 162 79 103 96 127 126 27 45 84 115 45 136 73 110 38 68 120 45 22 37 116 114 56 171 158 60 63 63 81 84 129 169 33 191 153 121 5 104 22 33 35 66 51 9 93 84 91
129 90 72 15 29 35 134 60 105 154 184 77 170 3 19 176 87 166 123 27 46 183 176 63 178 131 157 118 122 161 73 108 55 47 10 189 147 159 13 186 45 186 10 125 9 129 176 138 111 39 141 154 175 194 37 108 99 74 79 164
95 127 120 118 113 39 9 53 7 150 106 44 29 55 175 110 196 175 59 123 159 4 72 183 23 64 44 140 102 55 142 198 75 107 52 39 113 139 89 60 95 33 93 28 156 166 151 67 186 18 143 143 174 116 4 55 125 14 125 67
48 127 44 103 78 43 182 199 195 88 126 187 71 51 48 43 24 77 183 33 96 1 7 110 75 60 106 155 200 5 164 131 54 50 155 122 27 120 175 178 129 111 180 195 153 59 64 42 164 13 134 162 108 101 139 161 113 59 18 155
77 149 166 138 85 138 8 54 27 182 5 86 71 140 185 117 13 182 190 36 41 178 132 158 86 178 45 177 180 144 8 125 11 58 15 128 10 181 27 7 43 56 27 110 79 167 84 4 189 35 154 40 83 102 9 8 188 100 142 151
24 105 96 1 184 54 165 119 199 100 121 104 183 144 110 130 120 151 150 45 146 195 121 136 182 124 152 200 183 178 146 4 190 11 55 31 56 161 91 97 35 51 20 172 89 34 187 103 123 86 14 111 200 183 84 112 27 14 72 6
57 34 64 38 74 74 136 107 160 7 160 29 45 59 84 27 169 93 4 80 134 115 108 123 93 167 113 70 92 153 47 109 15 68 114 37 35 97 47 108 138 88 44 36 4 56 155 143 67 98 111 38 145 69 30 65 43 199 60 18
131 73 4 2 148 53 56 68 133 112 121 155 110 101 160 86 1 79 139 27 70 170 159 192 178 185 66 46 81 62 189 81 199 120 128 22 135 158 91 76 1 176 172 7 83 55 53 70 85 85 109 152 158 187 186 161 5 85 156 22
