70 	
61	79
0	79	4	5192	6	
0	29	4	3549	3	
0	29	5	3186	6	
0	86	8	4809	5	
0	86	5	3553	8	
0	73	6	6257	2	
0	87	4	5066	1	
1	58	9	830	4	
0	53	1	5880	8	
0	57	6	752	6	
1	65	2	1062	8	
1	70	8	534	6	
1	70	2	3163	9	
1	72	2	1564	2	
1	62	1	1065	4	
1	51	6	2023	7	
0	22	6	8094	1	
0	87	2	6625	6	
1	39	6	1939	5	
0	59	4	2622	4	
0	78	4	7641	8	
0	25	9	4531	9	
1	85	1	1463	6	
0	3	8	2260	3	
1	98	8	5392	5	
0	81	6	6292	7	
0	36	2	6989	4	
0	61	5	6530	9	
0	83	3	727	8	
1	12	8	6747	1	
1	18	6	6629	7	
1	41	4	1542	7	
1	65	8	2213	5	
1	91	5	4642	9	
0	23	5	3422	6	
1	30	1	4422	3	
0	60	2	4056	5	
0	99	9	4782	5	
1	85	6	5574	5	
1	81	2	5364	8	
0	81	9	7418	8	
0	19	2	6276	1	
0	42	8	7698	7	
0	82	1	3779	3	
1	34	5	6643	1	
1	86	1	7482	7	
1	72	9	4656	8	
0	60	6	3881	6	
1	82	7	6238	5	
0	28	8	8092	2	
1	92	8	6043	6	
1	50	7	7974	2	
1	28	3	4752	6	
1	69	5	5169	6	
1	93	7	3407	5	
0	6	4	3972	3	
0	66	7	2919	9	
0	84	8	4157	2	
0	3	5	5918	2	
0	65	4	1903	6	
0	87	3	5503	4	
1	61	2	1735	5	
0	60	8	6483	4	
0	46	6	758	5	
0	64	9	795	6	
0	41	4	2446	2	
0	83	4	1332	3	
1	95	8	6867	5	
1	1	7	930	5	
0	35	6	375	9	
184 8 114 24 85 160 12 199 27 179 145 198 37 155 94 114 137 174 39 51 162 39 146 117 83 154 180 170 173 27 8 100 97 127 33 160 96 73 25 70 96 104 125 128 75 13 122 79 146 170 178 158 190 104 46 68 159 181 128 174 106 1 145 30 2 168 94 48 4 62
128 111 139 116 76 65 84 67 60 12 68 107 149 192 7 164 130 167 189 18 13 53 81 52 87 4 125 51 81 130 190 117 51 50 77 101 74 45 159 121 81 147 192 6 84 60 70 152 135 81 100 8 181 98 39 199 154 105 53 191 15 34 88 190 57 188 104 146 142 160
191 95 164 127 31 147 30 51 92 45 153 76 115 65 76 11 93 27 138 193 44 146 55 157 168 77 59 141 53 1 3 23 125 105 94 19 49 158 111 50 169 68 144 200 76 139 44 33 28 116 102 36 121 82 188 52 106 71 96 133 151 150 138 177 166 2 120 138 124 74
41 88 121 130 137 174 71 94 127 172 10 15 181 145 104 2 160 1 47 124 158 4 144 70 20 137 21 106 158 114 12 71 5 56 95 79 52 155 139 28 119 19 177 6 184 114 178 123 196 198 175 75 113 186 151 102 30 92 85 42 142 116 152 54 114 133 136 28 68 191
108 51 141 87 48 58 59 42 128 74 134 48 54 175 97 110 106 91 194 136 107 127 77 195 65 124 56 72 98 199 152 4 107 78 95 129 84 195 91 76 30 179 109 66 167 83 129 64 159 82 190 78 180 190 28 86 110 2 23 158 91 63 69 120 96 137 142 164 54 70
140 96 136 175 12 25 157 126 158 165 54 103 142 157 179 119 65 197 102 66 29 60 61 97 45 41 16 152 76 20 90 48 183 121 192 117 46 81 196 99 57 62 57 58 74 30 167 50 120 88 70 163 75 122 48 101 175 130 80 167 71 148 153 36 60 148 26 196 120 90
144 117 40 163 178 81 111 36 145 28 5 144 9 61 98 60 54 143 187 42 29 149 12 49 108 10 48 103 113 37 119 175 121 78 69 170 66 173 128 172 194 197 37 143 35 138 156 109 137 101 200 58 166 172 119 124 159 61 125 191 162 16 23 140 182 78 116 170 148 59
142 183 56 52 126 44 195 165 42 180 11 89 96 190 66 182 193 33 185 28 139 68 82 5 31 65 174 144 178 17 145 116 49 71 182 175 1 174 4 85 11 186 14 61 55 41 64 25 100 97 25 77 170 143 137 90 108 93 131 97 80 54 138 193 189 4 57 15 173 69
137 176 28 42 190 185 173 31 121 168 51 119 122 117 170 188 30 48 51 139 196 107 14 1 188 141 187 169 56 64 59 177 193 194 195 60 109 14 128 195 94 53 178 48 112 14 6 58 55 40 38 65 126 173 124 187 58 106 53 49 113 193 56 32 147 125 106 195 103 11
164 112 189 108 196 115 42 11 73 96 145 200 71 59 82 189 47 146 110 123 44 88 76 184 125 122 110 58 59 181 2 129 103 169 6 17 8 4 71 152 80 190 138 55 175 98 1 57 168 132 27 75 128 157 37 141 170 139 82 182 128 101 185 79 143 32 62 109 139 74
134 61 153 76 75 196 27 24 143 88 172 17 91 180 38 162 58 130 55 176 91 153 159 154 115 161 85 196 57 145 11 29 12 127 69 60 38 37 32 94 167 18 93 3 5 89 66 38 29 171 200 153 148 96 194 146 65 124 124 113 141 161 98 148 67 186 32 36 71 85
22 134 66 54 77 61 174 18 178 33 64 25 175 195 156 110 174 112 86 15 86 120 119 120 32 8 120 167 180 197 116 47 31 59 197 23 29 199 199 5 56 11 150 121 22 161 9 30 87 114 48 73 61 68 120 112 178 176 190 67 163 187 90 103 55 16 108 51 29 172
97 135 107 176 184 56 24 156 187 191 11 173 153 47 184 120 100 120 151 151 71 47 11 23 68 54 179 33 135 95 1 110 62 77 12 144 65 177 74 155 103 51 145 49 180 96 200 51 179 99 138 62 17 38 81 88 25 122 61 182 141 149 56 13 95 173 150 170 14 151
14 38 118 89 132 102 68 160 118 169 96 74 30 159 57 153 175 43 75 4 137 170 13 61 147 174 87 8 138 200 188 97 168 34 70 4 74 54 110 58 141 177 67 2 36 23 16 140 24 26 144 37 34 197 142 151 61 183 119 141 13 194 144 187 112 157 34 140 1 82
164 92 51 179 65 193 82 139 181 37 130 86 1 54 144 136 79 136 186 187 132 15 99 49 88 30 96 94 47 99 124 118 193 109 169 196 185 127 82 137 102 33 147 19 38 134 63 46 53 93 57 53 57 73 109 100 161 110 42 14 71 184 173 192 182 89 4 114 64 79
199 128 166 100 25 26 187 199 108 141 54 118 60 168 106 193 163 180 121 142 90 154 69 157 97 112 175 47 10 111 86 117 177 144 77 3 98 137 20 170 98 17 115 19 55 63 177 47 52 196 36 117 118 169 189 105 89 197 200 6 72 148 68 158 145 138 54 88 28 81
98 20 190 185 145 143 24 133 23 88 4 142 137 185 168 26 196 161 164 46 134 35 141 31 109 27 14 143 78 196 184 72 13 33 29 16 19 40 139 193 121 72 53 191 57 84 78 148 182 21 159 87 161 192 134 74 48 91 154 102 20 142 128 157 8 117 162 173 103 122
12 115 17 154 173 155 187 16 57 39 174 90 53 87 93 52 152 18 168 113 96 145 31 198 52 105 151 64 71 145 166 13 199 184 31 87 41 74 78 27 126 195 30 157 72 78 53 131 199 158 111 134 40 149 9 37 67 97 33 177 178 142 37 139 188 81 183 121 46 132
125 142 161 164 156 97 162 92 17 50 126 193 84 27 113 65 156 30 138 110 120 176 190 116 25 181 183 131 64 72 152 17 167 105 47 143 135 140 88 165 195 158 195 38 74 186 179 184 56 119 194 54 160 81 183 53 108 108 30 138 170 77 172 114 47 60 116 122 154 118
66 103 20 92 136 17 124 177 180 89 142 51 146 176 188 152 148 85 30 171 162 137 149 140 125 27 170 49 115 77 175 37 5 38 68 195 130 17 58 188 80 22 67 126 187 70 150 98 26 35 40 92 167 35 16 17 74 191 170 16 116 117 78 67 137 90 90 155 113 36
86 159 161 169 107 103 47 120 161 79 147 139 131 141 189 46 7 178 38 120 62 135 94 9 130 186 122 113 146 184 28 167 21 200 163 55 185 153 188 23 41 61 19 137 130 47 145 197 139 61 97 189 15 39 58 77 33 52 16 90 144 78 123 186 2 32 21 72 149 87
93 78 74 83 87 110 47 117 133 110 27 113 46 64 179 134 4 98 126 136 170 24 164 169 29 188 21 149 116 38 161 187 196 67 111 40 199 118 151 30 96 94 49 152 148 22 172 103 30 32 74 113 125 90 155 69 82 145 24 174 88 45 1 200 8 15 70 182 173 106
71 162 22 132 160 151 35 16 52 91 102 90 195 145 169 37 75 125 156 133 28 84 98 64 153 94 93 106 146 199 199 170 117 124 96 16 31 123 121 71 185 76 55 105 47 25 70 158 51 45 48 27 5 80 156 157 71 146 127 45 68 127 177 110 25 89 188 12 112 194
127 137 149 185 111 174 79 32 83 84 126 44 187 197 12 46 162 17 57 195 60 71 110 77 45 84 109 172 148 172 74 111 65 75 21 138 77 152 150 91 73 78 177 191 20 118 151 95 109 29 64 137 71 145 17 144 152 91 147 52 105 50 40 177 53 12 64 31 22 91
132 18 167 141 46 121 68 77 115 17 175 140 10 150 191 176 38 97 36 54 199 172 34 54 193 113 21 13 175 192 122 196 164 174 120 106 111 193 118 190 21 155 110 96 119 191 18 120 127 180 85 80 6 4 105 36 24 89 130 87 53 131 48 42 58 72 187 127 176 82
85 89 32 119 80 63 179 24 42 118 166 3 15 156 5 124 160 166 52 24 175 140 27 60 95 56 46 54 26 62 44 94 87 122 173 102 179 113 136 18 131 55 110 101 156 89 67 142 188 81 97 162 86 155 65 91 3 157 34 199 91 62 189 22 53 135 94 81 17 76
117 150 121 49 173 88 167 62 185 90 148 123 5 177 140 125 175 193 78 199 169 72 3 95 198 127 132 197 131 178 52 97 5 19 192 122 171 80 158 175 154 34 39 56 179 128 4 1 50 43 160 177 128 83 153 109 194 40 199 44 172 68 125 102 115 174 34 22 56 44
120 9 146 32 193 162 105 115 29 29 156 28 159 15 23 11 126 141 155 70 155 128 194 171 124 200 154 67 177 89 198 156 104 8 2 3 74 198 161 58 67 90 49 167 108 158 110 30 142 197 92 166 81 42 104 44 60 101 152 109 12 83 125 174 10 68 105 107 76 155
13 57 85 35 101 38 173 148 59 155 45 172 83 150 133 180 128 31 187 130 4 53 119 116 12 49 191 189 104 189 190 16 9 57 29 159 61 31 112 64 113 119 38 157 18 191 89 169 109 15 5 68 106 180 145 23 39 200 37 100 153 52 154 60 185 129 122 107 147 115
15 175 83 67 91 108 93 78 74 62 182 117 82 12 126 111 20 163 182 99 7 192 193 127 139 116 19 5 35 178 61 20 4 183 87 101 86 127 29 97 59 64 33 163 148 170 193 2 32 30 196 161 149 184 134 98 55 33 35 63 144 120 181 47 98 24 2 39 41 118
135 101 134 140 63 192 133 132 22 50 77 41 174 91 184 6 91 4 105 189 82 145 189 42 71 169 136 48 109 71 49 44 178 33 127 5 84 57 117 37 11 62 143 5 139 131 99 65 5 92 87 195 153 109 136 164 199 48 96 156 66 120 24 33 129 27 45 91 178 169
155 193 18 27 98 94 60 126 97 179 68 127 178 175 83 132 172 137 122 48 184 117 4 23 91 127 18 168 130 113 47 114 120 131 73 183 20 130 48 178 164 176 4 138 61 196 181 50 110 38 159 22 75 71 104 104 183 67 99 137 138 163 70 27 166 89 134 45 133 2
122 200 192 72 177 46 101 79 98 145 74 133 177 174 43 137 142 108 85 63 45 34 138 35 137 40 130 34 161 168 41 130 193 44 13 178 116 98 151 189 96 158 19 24 15 131 17 188 66 44 125 188 12 110 45 33 183 119 38 38 59 56 129 178 56 34 111 134 149 73
84 6 143 49 161 95 134 124 40 136 68 112 29 130 138 137 88 103 102 190 37 3 43 193 71 16 178 102 112 190 60 1 101 74 1 114 186 37 43 64 12 47 170 105 149 108 70 68 103 116 171 143 164 78 40 88 176 27 187 113 93 101 74 192 33 178 103 52 23 145
187 141 123 181 166 199 136 69 12 118 50 198 65 197 106 98 125 148 87 177 67 113 118 130 162 133 99 79 62 6 3 169 186 39 183 186 95 160 101 26 187 36 38 152 113 5 164 124 40 134 90 90 3 102 115 78 38 133 199 33 42 190 127 180 12 133 87 138 146 114
199 162 56 139 112 162 77 55 119 76 134 24 108 11 196 108 180 176 82 90 80 175 121 168 98 82 169 186 73 87 140 57 53 102 97 72 154 30 123 90 182 59 162 80 160 3 166 38 130 135 64 123 33 181 4 92 128 137 128 108 177 153 96 109 102 148 29 117 146 32
113 180 140 16 20 64 61 53 197 160 195 113 26 50 72 4 82 182 4 105 108 140 84 103 64 12 36 74 179 74 145 183 9 30 114 156 193 13 182 80 47 131 95 171 54 154 103 46 96 109 79 35 173 20 53 189 76 195 15 94 134 115 93 41 167 7 151 2 168 60
26 57 172 91 91 77 74 64 131 73 145 37 16 173 67 20 90 36 64 196 92 186 129 15 64 134 127 141 66 38 163 77 100 171 59 25 153 164 83 145 43 89 31 144 119 149 167 86 14 196 4 10 157 156 123 2 103 160 62 170 58 183 170 86 189 174 125 50 13 152
129 187 88 115 152 49 193 66 171 161 38 92 131 109 106 81 13 199 103 192 52 152 38 32 66 146 157 47 117 31 175 70 66 28 89 54 156 123 165 94 95 16 2 81 10 160 28 72 162 173 169 124 195 148 56 5 159 111 25 19 163 200 70 128 37 42 141 49 38 103
22 155 80 103 119 101 185 109 46 133 147 78 81 106 153 126 18 73 33 8 149 113 16 90 195 32 22 126 18 168 111 51 23 90 160 180 104 40 3 21 29 31 94 64 11 176 109 41 124 184 164 106 74 157 113 32 8 154 35 90 26 41 37 114 184 16 128 22 47 10
189 135 153 98 46 112 45 34 158 88 65 136 193 33 180 94 12 144 181 29 76 167 187 26 59 60 90 105 11 3 33 41 141 196 19 102 163 14 180 114 199 130 98 1 59 39 80 96 62 172 59 16 162 66 172 7 47 122 146 37 49 14 55 118 189 58 30 105 91 87
172 197 145 157 62 137 135 121 73 130 130 175 148 47 74 103 174 64 157 92 153 118 194 135 145 16 176 71 78 66 162 191 60 76 50 59 175 137 17 45 60 163 145 43 71 177 167 197 150 98 29 141 8 146 14 151 62 17 139 138 195 56 94 98 195 90 172 115 31 122
162 25 139 55 177 45 193 187 124 107 169 190 61 140 150 50 37 146 15 80 52 148 71 37 98 149 80 118 64 71 183 93 43 30 44 196 91 109 171 62 192 127 42 156 52 137 158 185 200 133 20 1 174 74 184 74 161 185 61 20 138 139 92 194 10 163 14 133 44 113
26 169 95 190 144 158 142 163 74 92 147 137 131 186 166 23 92 185 9 36 171 35 76 154 74 184 10 22 11 28 187 194 117 142 97 35 144 189 2 174 102 138 43 171 126 197 67 55 188 36 80 122 183 183 11 70 10 129 9 20 51 19 2 91 4 108 74 62 138 169
84 151 110 102 168 58 93 61 121 35 193 182 192 122 180 2 166 74 48 72 82 143 189 190 116 49 115 157 153 69 48 28 95 177 28 199 31 59 186 124 60 13 13 128 156 193 111 56 169 30 160 41 95 10 156 198 82 110 138 103 155 106 135 3 1 12 199 64 54 37
27 98 3 200 107 68 200 136 165 171 39 113 117 21 199 188 62 72 39 34 134 107 34 62 43 100 36 99 121 100 45 184 80 6 179 28 149 96 57 106 102 69 141 60 115 193 127 189 49 195 26 89 139 195 48 80 165 13 49 42 139 42 86 139 29 138 4 142 72 69
84 147 79 41 157 32 141 48 146 65 16 100 15 31 24 19 113 140 111 156 85 24 113 35 76 186 44 154 67 149 84 3 29 27 119 81 29 37 131 4 135 109 198 48 100 196 162 122 133 23 16 58 177 76 100 91 41 141 23 34 1 54 168 73 42 49 94 76 148 150
4 89 46 32 186 75 120 147 6 127 185 43 104 73 99 191 195 177 123 85 177 21 10 135 53 78 79 154 181 71 172 191 117 33 174 28 94 42 73 10 60 115 86 77 88 62 126 138 70 181 100 66 151 98 78 119 60 60 112 107 131 49 90 142 80 8 98 145 158 50
103 12 82 122 22 124 95 194 104 90 12 130 145 160 83 17 163 96 169 169 139 83 20 14 194 75 106 127 49 51 92 61 125 102 73 110 153 9 21 98 70 172 160 4 148 121 103 91 189 122 25 165 85 181 108 63 132 122 106 67 188 54 128 146 64 59 25 126 45 93
152 193 37 144 63 194 31 109 151 198 159 54 196 190 16 114 161 158 51 165 168 59 1 53 146 116 174 175 181 133 146 166 122 190 171 112 141 147 106 196 137 198 139 88 188 35 67 163 74 2 192 143 27 46 3 138 74 192 180 46 135 196 134 47 78 16 118 22 28 9
67 141 8 79 192 153 57 15 4 189 133 22 186 10 27 193 32 11 193 200 98 79 198 166 157 30 150 174 142 195 19 157 51 138 123 36 44 73 121 184 18 145 23 13 113 73 9 124 116 108 66 33 116 165 156 8 15 126 175 188 11 64 91 200 132 107 132 2 22 36
159 114 15 179 188 167 176 23 146 161 160 196 160 5 116 80 9 85 158 191 148 116 183 15 114 45 20 10 107 86 110 124 27 20 110 166 60 63 156 96 117 196 187 76 147 159 89 140 19 144 176 187 31 92 58 1 89 105 55 34 20 133 197 143 119 153 45 18 164 82
36 147 42 99 6 199 173 19 94 53 41 134 194 174 107 160 46 10 134 30 71 44 87 145 28 57 43 61 73 131 147 72 198 183 94 81 84 92 173 74 193 5 96 49 189 197 60 28 33 184 144 196 169 29 113 178 99 128 67 29 5 93 75 24 186 87 162 180 179 135
101 140 94 190 70 38 168 94 66 159 68 23 34 101 32 161 183 97 79 118 31 18 113 67 38 33 48 84 37 34 35 111 191 142 109 171 197 134 66 160 134 69 194 28 132 3 72 46 136 91 53 163 198 172 171 17 73 133 38 65 195 164 77 84 181 115 154 192 95 185
133 27 150 73 102 34 121 64 198 144 126 62 58 15 92 11 148 141 119 59 198 59 127 121 113 97 157 182 175 135 6 37 160 194 30 92 180 161 148 162 188 23 159 151 6 64 118 82 11 32 39 100 199 13 131 102 13 144 200 80 45 190 171 188 158 199 57 103 32 52
147 173 158 80 114 139 42 96 46 170 3 157 38 1 199 113 89 39 148 95 139 190 66 123 20 41 164 158 115 80 142 180 111 32 34 47 90 130 199 156 200 71 197 160 38 139 96 52 171 18 88 44 16 171 158 145 144 2 165 69 107 25 36 1 180 82 130 80 32 41
51 174 149 102 159 12 40 86 77 175 36 105 61 127 152 144 179 121 60 129 15 195 5 4 4 127 79 168 191 119 106 186 47 87 91 20 161 200 189 56 112 84 164 68 90 51 130 164 130 34 97 193 116 124 1 150 30 71 47 153 24 118 185 138 190 161 52 76 197 132
161 81 141 5 31 78 3 163 199 168 161 23 179 179 155 40 61 58 104 58 6 91 84 46 12 36 200 78 139 64 39 15 147 11 157 161 15 185 171 141 110 96 91 119 184 28 8 33 16 146 37 120 47 24 31 28 96 64 143 82 71 152 104 62 183 9 176 84 109 194
146 80 7 115 195 117 164 118 52 106 185 137 54 149 74 185 193 93 146 2 31 11 125 128 83 176 197 121 71 33 34 197 152 116 77 27 12 27 138 50 133 192 103 156 182 125 113 187 178 189 51 2 170 25 1 138 127 92 135 99 179 87 102 152 134 40 147 71 127 63
132 57 42 31 176 54 106 76 172 83 128 122 189 3 187 24 155 3 196 25 36 127 154 195 7 190 41 152 130 21 131 146 109 19 14 115 13 163 27 84 90 57 2 172 59 75 112 83 22 161 120 106 33 11 132 111 28 108 23 92 59 132 174 140 144 30 66 195 54 35
173 74 23 44 110 136 162 108 24 37 196 126 74 121 72 141 149 170 13 170 118 17 54 26 127 9 139 22 114 95 183 82 142 52 123 177 168 130 193 75 160 94 141 188 194 150 59 160 46 68 50 81 108 170 42 5 116 143 13 152 65 97 29 10 84 185 71 198 154 195
88 57 8 144 194 122 167 123 107 124 24 122 12 55 185 105 22 88 154 183 76 135 3 5 118 26 31 27 169 190 145 113 63 96 159 140 55 117 162 139 173 182 198 113 171 198 120 37 94 83 158 30 80 173 9 124 53 151 70 132 36 96 193 162 23 158 1 191 148 130
171 102 130 73 135 16 41 31 156 88 194 86 166 185 116 156 188 121 155 73 104 188 53 137 38 194 108 120 89 74 61 168 170 89 134 96 97 38 162 13 119 161 20 51 45 175 107 39 115 102 156 134 161 148 33 45 153 24 159 95 3 1 8 121 6 146 25 95 128 106
82 14 22 105 113 30 56 180 101 170 139 18 113 47 25 136 62 91 11 41 54 64 164 172 163 112 7 3 53 117 87 183 161 23 113 131 56 116 111 39 131 32 81 139 170 80 123 75 76 112 156 174 147 12 104 148 180 56 158 3 46 90 195 176 151 167 147 182 197 93
109 191 75 53 156 153 81 25 58 73 1 110 11 179 148 43 128 118 37 62 95 36 138 130 104 112 91 110 17 181 185 32 167 139 8 172 77 65 154 28 37 140 132 197 19 141 38 99 7 199 119 49 63 99 92 125 144 84 154 75 36 187 20 107 53 62 46 1 144 24
174 41 62 100 67 181 66 29 5 2 130 36 140 161 57 16 48 163 92 115 169 98 123 64 98 27 158 165 67 61 80 123 25 58 89 121 161 6 65 191 168 114 64 130 68 136 132 11 4 83 95 109 140 83 115 68 181 125 183 62 190 148 150 95 84 35 61 62 151 83
67 32 193 173 104 59 4 53 73 166 3 94 188 83 121 146 188 48 123 193 125 34 8 14 197 76 186 95 37 7 158 54 106 111 98 191 179 77 1 37 68 47 192 193 9 152 56 170 17 57 161 108 141 54 134 59 151 193 138 130 104 158 78 111 144 81 167 80 24 99
93 34 4 127 59 58 2 185 106 144 2 60 72 183 110 129 156 57 141 36 132 136 192 67 45 32 44 133 69 133 148 22 177 44 170 121 141 100 159 61 174 177 39 68 85 188 78 135 93 37 194 200 24 131 123 85 7 103 165 144 122 102 74 1 192 159 50 190 74 13
54 71 178 178 75 181 133 122 190 116 62 36 108 23 109 93 194 29 106 92 165 57 146 44 114 129 112 96 46 25 131 68 75 195 195 118 7 88 130 31 115 97 72 185 41 136 158 164 109 164 32 155 55 21 98 188 179 107 102 124 85 188 75 196 98 188 55 68 85 83
174 80 110 171 61 82 21 40 176 31 158 187 100 77 39 97 17 140 105 175 5 17 131 178 45 143 119 100 131 107 140 100 133 80 30 102 93 164 108 72 58 39 149 35 154 114 8 19 141 147 12 170 159 151 109 82 20 188 35 116 84 57 157 81 49 179 1 185 77 76
78 162 45 175 71 21 80 117 197 169 166 155 172 161 19 135 45 162 36 43 116 55 98 49 124 12 62 93 27 127 70 186 52 63 112 71 108 36 13 49 87 35 98 123 163 105 70 122 31 152 101 48 93 125 72 65 146 89 52 44 118 164 33 95 131 186 117 18 174 83
