60 	
0	18
0	9	8	149	4	
1	7	8	244	7	
1	2	1	132	3	
0	6	9	72	5	
0	8	3	162	8	
0	5	6	124	6	
1	2	7	238	9	
0	1	8	43	8	
1	4	1	94	9	
1	8	1	150	9	
1	2	1	182	1	
1	3	5	232	8	
1	4	9	192	6	
0	3	7	169	6	
1	2	2	176	2	
0	4	8	286	9	
0	4	3	278	7	
1	7	3	103	5	
0	4	7	186	1	
0	6	1	167	2	
1	6	9	291	8	
1	1	3	268	1	
0	8	2	205	8	
1	7	9	250	5	
0	5	5	94	8	
1	5	9	197	2	
1	9	1	80	1	
0	6	8	267	5	
0	7	1	212	6	
0	6	3	134	1	
0	8	1	49	6	
1	9	1	206	2	
1	7	3	57	7	
1	8	3	229	4	
1	5	6	30	9	
1	8	9	164	5	
1	4	9	187	8	
1	1	9	37	9	
0	4	5	203	2	
0	7	3	261	4	
1	1	4	151	1	
1	7	1	13	6	
0	1	8	268	2	
1	5	4	271	6	
1	5	7	281	2	
1	1	8	19	3	
1	5	6	53	1	
0	4	8	149	8	
1	5	4	214	7	
0	9	2	107	9	
0	2	1	33	9	
0	5	2	124	1	
1	2	9	292	1	
1	1	1	124	4	
0	2	8	160	5	
0	9	5	106	5	
0	6	4	45	3	
1	9	9	164	4	
1	1	8	60	1	
0	4	3	151	6	
189 104 165 166 126 152 55 126 123 31 119 108 61 156 87 131 164 146 128 91 39 17 35 89 79 179 60 41 157 166 160 86 102 133 93 119 23 151 185 153 125 134 69 33 144 122 105 156 76 18 103 32 81 32 16 76 58 163 184 144
120 7 134 123 81 67 59 20 59 187 169 29 23 119 176 190 5 139 42 179 197 148 3 175 10 117 59 151 90 42 19 184 64 174 73 36 99 182 143 22 137 17 42 164 114 28 154 13 189 64 24 33 45 6 101 3 79 113 127 78
186 174 22 117 33 11 27 65 137 171 85 155 48 180 65 5 83 42 150 96 95 34 62 147 85 18 78 135 39 155 82 12 182 75 95 159 61 22 93 2 13 149 129 100 42 173 185 102 187 95 123 53 10 76 158 140 98 94 170 93
30 113 18 126 171 24 47 134 98 126 113 125 82 142 17 73 196 33 163 134 176 7 62 72 40 142 96 56 142 104 20 149 171 142 158 47 179 87 103 154 69 11 33 145 102 109 187 101 90 112 143 49 103 83 172 51 29 189 188 141
84 178 16 84 145 111 38 101 56 52 108 8 154 92 44 39 140 63 124 114 15 164 10 30 17 5 163 151 107 93 200 45 71 101 93 18 68 164 41 153 171 7 147 70 161 21 198 94 13 164 121 101 101 72 148 69 130 119 149 68
22 55 60 20 55 61 12 100 137 97 43 59 102 134 70 90 75 119 21 55 132 41 40 26 172 47 124 186 133 162 116 72 103 166 108 174 137 117 119 18 37 117 77 106 61 94 192 143 80 3 60 121 56 157 29 24 61 133 27 82
64 175 13 168 70 197 30 200 12 47 10 72 127 79 108 98 186 20 108 7 193 174 62 106 197 153 56 130 175 96 45 77 56 54 143 114 124 39 76 75 25 189 137 62 181 198 82 56 164 102 197 16 5 47 78 114 96 146 181 65
134 21 97 61 50 86 139 53 6 117 46 154 66 46 104 28 22 139 34 141 200 116 93 124 8 128 189 162 26 83 101 88 48 192 163 62 136 64 128 43 30 96 71 80 25 167 71 105 108 135 169 97 19 178 128 139 30 106 85 101
63 118 173 108 94 46 189 63 172 161 34 166 88 34 117 113 22 48 78 21 183 174 70 140 181 179 15 76 82 197 131 77 70 78 168 4 164 186 120 100 140 4 39 106 24 66 180 31 164 153 2 168 123 187 195 11 74 116 171 152
49 34 15 163 1 171 65 45 31 104 109 82 43 176 149 170 23 149 193 171 124 97 153 185 154 148 140 190 102 2 32 75 55 57 29 64 61 33 129 22 182 164 143 91 32 71 163 8 168 187 122 65 156 82 142 200 23 57 161 145
143 156 110 120 109 99 13 181 41 42 72 149 179 112 187 143 1 170 173 154 69 25 179 144 108 68 19 80 78 44 39 155 121 182 6 81 140 53 91 19 97 110 71 186 77 102 33 181 10 90 70 129 184 51 19 24 59 32 108 162
100 5 11 44 166 36 185 168 56 176 87 115 76 161 181 156 27 181 181 54 53 187 146 124 142 121 147 87 162 21 133 102 150 54 72 23 187 182 110 24 96 155 131 98 66 50 185 120 131 58 122 31 105 183 195 39 157 137 196 75
187 9 164 108 142 128 46 68 188 179 150 172 84 30 87 51 193 169 161 76 60 154 153 11 159 74 162 193 175 179 161 163 179 155 128 104 155 163 158 68 176 58 57 6 14 37 162 105 100 11 101 15 116 24 97 73 21 162 96 80
105 98 87 82 119 168 129 184 88 176 105 172 72 85 99 157 27 141 192 138 113 166 31 137 187 117 105 93 45 64 50 52 66 105 132 110 19 23 139 153 13 148 164 196 157 176 195 20 39 132 138 96 13 125 182 133 180 87 167 95
19 20 63 101 35 16 146 55 34 12 57 68 84 190 80 137 61 190 184 7 131 87 17 118 35 38 110 178 93 164 179 187 107 68 117 156 15 44 157 177 157 140 83 101 144 3 37 134 144 159 187 13 195 160 86 168 186 35 146 178
45 129 98 180 103 192 34 188 44 22 4 102 14 145 130 12 187 106 169 113 105 80 41 86 195 34 130 115 153 120 179 33 42 151 173 52 116 164 85 132 127 24 150 105 1 51 49 39 71 78 153 166 146 162 139 158 131 5 137 175
15 174 12 48 34 164 28 120 3 132 146 44 27 7 137 102 45 90 27 133 82 82 16 17 90 75 34 179 102 3 85 152 150 74 138 34 33 191 61 148 151 183 200 182 80 18 188 120 110 2 31 64 21 179 63 181 177 90 107 80
2 95 100 88 28 157 177 32 112 45 19 53 84 48 100 153 140 145 128 111 60 196 98 157 75 34 78 195 185 3 14 116 125 2 141 13 49 124 192 187 103 95 105 34 65 40 177 93 66 126 16 6 165 113 152 188 84 196 169 7
27 40 175 108 46 34 125 140 158 191 125 198 42 103 142 2 179 74 106 157 75 14 87 161 71 63 11 166 110 172 136 161 90 99 188 9 163 84 74 31 187 175 133 179 85 62 6 25 77 150 16 138 15 161 100 36 174 59 118 127
41 146 101 158 184 31 166 191 19 125 35 88 189 23 149 49 98 116 132 60 78 40 43 112 140 138 161 35 74 70 29 85 77 71 120 52 69 10 3 48 147 180 146 106 105 70 191 88 141 93 16 149 107 14 98 192 170 162 114 142
64 190 184 118 180 40 76 3 86 105 9 114 186 176 132 34 86 60 80 46 155 49 29 163 125 89 142 134 181 64 15 40 199 21 63 49 189 13 152 26 116 117 47 6 182 179 94 2 98 192 27 103 196 90 38 133 104 21 39 78
156 20 125 96 67 45 95 150 162 119 122 57 69 10 127 175 168 171 103 148 82 169 196 180 137 180 120 32 5 140 24 22 25 56 88 22 158 194 13 74 70 172 71 163 124 61 62 111 44 20 104 190 48 58 10 108 162 64 88 3
22 89 30 101 3 192 186 74 69 152 174 179 178 15 60 118 136 148 101 108 118 199 5 91 77 91 128 132 105 137 110 126 136 6 103 149 67 136 21 185 95 107 92 143 159 137 92 148 20 129 7 165 115 145 106 165 168 10 139 4
41 24 13 179 46 198 155 98 38 106 4 123 162 44 59 176 12 170 127 137 156 103 79 150 147 56 176 59 114 34 73 48 28 55 107 119 74 192 104 54 46 53 156 32 145 70 105 197 154 84 182 115 14 106 179 116 161 134 29 159
72 170 146 9 147 25 149 179 22 146 137 8 111 22 199 22 152 168 85 88 22 27 1 27 173 47 153 99 65 7 97 86 113 4 41 23 175 176 172 70 15 86 129 184 107 60 39 16 180 86 148 58 115 133 179 26 75 17 97 130
9 9 167 101 195 67 130 20 4 139 141 107 8 146 156 154 22 54 142 18 180 30 78 114 111 132 122 58 60 88 103 32 172 44 14 155 119 200 156 157 35 122 30 163 99 162 56 82 196 11 140 67 37 126 116 167 81 136 193 26
70 179 192 108 15 18 177 149 166 41 60 165 97 84 121 141 168 109 148 48 50 107 70 170 122 116 161 101 84 158 196 14 5 2 28 111 130 2 28 22 196 61 7 143 168 45 99 86 75 23 66 176 143 114 139 181 147 62 6 159
154 119 42 172 149 155 52 145 174 106 169 58 143 16 82 56 66 104 186 113 128 45 137 153 41 136 159 33 139 163 104 33 121 176 14 156 188 169 37 122 1 16 141 187 81 134 141 4 127 37 196 2 111 87 148 100 86 19 49 36
1 78 28 177 98 194 130 8 133 120 32 88 108 109 166 159 74 190 2 159 50 14 186 17 164 50 27 164 177 137 97 48 157 51 133 10 176 21 30 155 86 87 71 175 57 149 183 150 48 22 24 50 30 88 142 199 122 168 137 37
107 52 44 109 161 19 91 64 80 100 130 52 178 152 166 112 106 76 196 81 160 10 129 28 106 197 43 3 140 184 37 14 159 86 67 58 89 200 114 161 112 191 152 40 72 200 8 51 45 80 153 180 99 86 164 55 29 191 107 13
99 2 75 159 60 200 191 123 41 178 14 124 152 131 85 119 139 128 7 136 193 5 193 191 139 144 51 181 34 189 188 83 148 91 57 111 5 23 93 181 82 182 16 5 167 194 161 191 188 144 4 86 127 153 162 44 60 20 147 176
169 160 140 147 67 11 33 86 167 111 20 72 185 65 76 32 59 83 195 48 3 52 171 82 7 83 177 133 113 62 33 164 145 11 54 198 44 52 145 141 79 37 80 66 54 85 84 71 21 21 130 69 46 32 187 13 77 191 83 58
148 193 7 1 68 2 147 191 114 34 32 59 27 111 126 66 28 174 5 50 156 115 99 152 196 175 192 154 81 16 78 76 50 37 1 193 123 99 49 32 42 140 46 129 192 23 191 43 25 19 154 2 121 104 98 148 52 110 73 190
160 184 199 18 26 199 153 173 163 7 22 196 44 100 180 120 57 32 45 195 73 162 15 189 6 102 64 198 89 76 118 197 71 152 158 28 95 157 24 90 59 148 181 67 51 48 169 110 170 68 23 94 24 19 82 165 9 38 147 102
47 92 56 115 7 174 44 61 185 20 196 60 91 96 112 136 96 188 14 189 14 60 196 163 37 74 16 172 23 157 75 24 108 200 52 134 126 140 172 130 185 179 195 144 176 137 131 114 72 53 104 19 152 171 20 106 35 103 166 102
137 87 87 92 1 169 176 60 67 78 25 30 180 136 99 155 81 143 125 159 66 84 57 78 97 102 81 61 100 138 108 101 167 157 182 64 127 194 111 114 94 197 32 36 80 63 194 14 103 90 154 12 181 20 170 86 50 9 181 153
190 25 144 148 168 162 128 196 32 128 59 44 160 24 45 148 121 79 182 124 79 170 35 159 12 64 38 151 36 66 164 153 1 61 154 164 77 90 161 58 134 73 183 144 108 47 163 156 137 2 56 48 200 28 73 142 178 84 152 68
69 43 9 31 146 82 186 148 60 53 57 18 161 110 14 24 134 196 118 37 90 196 109 37 19 197 109 150 169 102 117 147 26 147 49 142 72 75 63 58 33 200 89 157 138 123 129 158 132 185 33 110 5 78 190 101 6 128 110 45
94 11 119 23 68 28 19 2 185 16 79 186 16 144 134 146 198 93 172 14 23 60 72 143 53 119 154 82 153 172 120 77 78 78 78 132 94 116 94 90 16 159 155 90 140 7 41 67 122 69 103 59 189 106 2 48 118 172 15 66
198 195 200 60 126 178 194 161 89 59 89 65 198 51 133 110 146 188 39 109 27 17 39 122 162 107 195 123 171 81 84 194 129 131 105 139 15 12 157 169 67 41 147 143 37 61 8 162 66 85 37 52 78 173 79 79 84 165 108 102
188 121 4 10 76 183 135 70 120 179 105 175 119 138 85 154 28 52 107 9 87 191 34 25 190 64 10 16 182 65 176 162 75 190 108 28 84 81 176 144 112 6 166 22 144 141 50 154 126 171 11 138 107 29 75 145 120 35 138 9
23 144 136 74 153 82 85 190 85 121 154 104 153 171 138 58 86 26 142 116 6 83 138 25 179 148 115 34 74 117 54 184 11 33 39 99 52 124 43 29 78 165 89 59 159 115 58 152 136 86 148 102 148 198 108 94 109 163 79 30
200 95 149 25 77 6 112 134 60 89 37 95 40 105 162 158 53 39 176 130 38 93 4 139 152 75 19 139 75 21 45 56 94 147 52 75 174 113 123 66 135 27 92 185 13 52 95 12 99 50 172 35 29 90 75 160 135 34 200 42
57 36 162 94 24 32 75 66 74 173 113 181 50 105 123 112 129 136 55 68 184 143 2 151 183 26 85 39 9 96 8 136 29 141 82 36 188 139 158 114 61 111 87 81 128 86 36 121 87 55 139 172 1 180 112 178 42 17 91 186
58 128 144 107 197 158 24 128 5 195 125 46 21 29 100 52 16 167 111 101 31 1 115 191 147 149 30 99 64 136 49 139 149 45 47 149 25 80 121 155 181 15 174 136 54 159 37 169 167 181 130 196 174 122 186 89 23 125 109 78
180 171 86 62 125 75 198 141 149 102 125 103 200 70 177 106 32 138 197 134 115 2 154 114 189 195 52 156 195 80 3 117 142 119 131 57 95 41 180 45 30 33 104 57 171 193 55 188 103 18 30 133 108 183 32 124 125 187 85 40
149 20 182 3 190 200 38 89 37 29 135 77 150 112 158 82 9 95 75 99 148 31 169 25 146 191 126 79 36 22 158 123 152 67 108 107 119 170 157 127 26 91 25 17 200 1 41 169 72 177 110 148 146 192 71 87 179 91 81 76
176 177 116 85 91 177 69 103 87 42 144 186 90 190 83 20 107 116 82 90 75 8 155 156 18 15 199 186 71 1 171 110 156 165 67 200 23 53 131 176 101 177 88 118 167 132 39 174 87 26 200 170 90 171 3 97 138 88 48 98
88 61 128 193 167 15 190 36 68 91 125 32 126 177 99 124 73 109 193 58 65 147 137 124 178 137 119 61 15 65 7 128 115 135 125 126 143 155 199 133 17 12 109 191 7 82 187 57 118 82 188 145 151 117 160 158 77 185 145 149
156 164 123 78 10 37 157 33 43 10 41 61 169 30 31 36 95 114 70 12 52 128 74 113 59 84 96 155 13 137 126 98 80 146 14 63 104 94 173 21 38 168 120 99 65 200 51 196 9 104 198 188 107 161 88 181 182 136 187 193
189 46 179 130 25 73 127 197 71 24 83 167 131 7 194 150 160 187 72 180 165 182 26 107 176 79 172 114 106 22 145 70 106 102 175 182 32 80 108 18 125 47 85 186 98 172 136 163 192 148 152 103 32 91 197 160 141 21 165 100
21 197 154 103 131 74 134 25 129 117 7 46 177 107 158 47 120 100 42 96 102 179 134 14 28 139 15 188 156 35 89 191 163 71 154 188 18 65 141 81 65 129 5 172 118 148 65 29 141 26 3 133 24 112 53 93 118 2 14 154
174 112 141 71 12 188 47 45 193 149 40 113 31 116 125 47 67 91 169 33 108 190 156 103 117 169 82 48 185 19 85 34 95 17 173 45 173 40 141 91 44 56 162 56 33 113 132 152 59 172 13 173 37 154 66 172 79 78 197 30
5 124 117 28 35 72 86 36 58 112 13 81 18 50 102 55 69 52 66 158 168 108 111 29 2 152 36 186 68 6 141 28 76 9 3 142 156 42 151 69 137 154 80 19 115 196 99 112 164 194 87 129 187 182 128 41 133 85 29 137
20 66 181 52 94 8 172 178 157 99 176 27 188 103 35 178 105 120 67 124 172 130 138 97 191 150 75 189 162 68 164 148 193 93 116 59 132 104 74 105 159 144 31 126 122 54 19 186 27 15 17 22 184 115 36 144 92 182 118 101
185 189 62 169 135 132 73 177 106 137 21 169 115 64 106 171 81 23 15 4 95 24 60 102 5 120 103 148 151 145 139 108 77 100 196 67 119 174 133 163 19 33 167 160 112 166 105 30 65 194 196 199 135 155 84 118 93 67 35 184
67 133 194 102 55 31 153 129 54 7 150 80 117 167 190 133 98 71 158 83 36 30 116 38 48 195 156 48 159 12 106 92 33 17 191 143 96 140 154 93 31 191 79 197 89 132 130 160 144 19 106 64 20 175 137 93 104 153 125 117
117 102 124 163 114 52 63 42 39 116 162 175 90 182 100 8 67 183 119 156 152 92 74 194 132 104 34 133 136 114 132 52 88 15 39 133 83 24 159 84 13 46 23 119 110 135 31 176 90 78 27 117 40 168 92 133 166 122 109 98
85 108 144 24 123 25 156 72 72 102 168 88 3 169 174 36 129 1 151 151 9 130 108 90 53 91 79 200 16 195 138 195 196 184 15 191 182 116 76 67 12 46 185 69 93 8 146 31 78 113 152 193 135 127 132 155 50 136 76 43
191 53 142 42 198 107 51 56 130 36 119 89 30 200 119 169 93 198 76 51 133 127 172 5 168 174 27 24 61 81 157 2 176 88 153 88 176 31 66 176 141 20 108 125 1 33 80 151 133 54 22 194 8 105 32 143 88 193 12 173
30 94 134 68 88 172 103 38 59 22 92 146 63 170 147 161 182 112 185 120 120 115 38 1 139 100 115 41 74 18 3 128 173 5 176 10 100 197 34 4 100 133 195 180 64 120 30 169 114 62 128 115 156 17 155 188 186 69 71 21
