20 	
33	92
1	7	6	62	1	
1	3	6	71	8	
1	2	3	18	7	
0	2	3	49	5	
0	2	6	24	8	
1	1	4	122	2	
1	9	6	108	5	
1	1	2	76	7	
0	5	6	21	9	
1	4	9	91	9	
0	5	3	6	6	
0	3	3	101	1	
0	9	8	57	3	
1	9	3	101	9	
0	6	2	47	4	
0	3	5	99	7	
1	5	2	55	7	
1	2	1	7	8	
1	7	3	78	4	
1	3	5	122	1	
160 11 192 124 5 116 39 15 131 55 189 154 152 155 58 84 7 199 56 56
194 181 156 89 117 55 113 166 95 61 173 48 25 151 176 167 108 184 106 196
116 133 35 116 81 48 126 184 66 77 186 103 7 1 157 125 50 78 91 32
137 47 63 28 118 150 80 84 131 121 59 34 7 57 183 78 144 44 154 56
173 156 184 133 123 178 35 66 196 15 89 120 2 145 26 171 106 61 82 157
108 64 101 158 124 37 38 90 37 178 86 178 45 176 82 2 31 101 52 57
106 165 72 16 171 2 132 54 76 189 17 157 131 14 194 129 16 180 32 169
193 4 57 85 75 146 193 35 125 176 113 30 198 108 72 119 26 155 130 144
90 72 98 165 194 152 18 104 53 8 62 127 99 102 100 89 73 70 25 165
38 99 18 93 108 49 139 161 88 137 99 26 123 59 54 199 179 150 173 26
132 72 66 8 175 184 117 145 139 33 47 13 124 151 170 31 141 184 35 90
172 34 153 110 12 93 26 11 24 19 117 91 12 82 71 68 42 119 71 183
17 4 155 57 64 166 73 16 148 124 126 7 139 52 192 191 120 174 37 151
35 81 168 62 172 176 175 41 198 167 61 41 174 134 151 90 199 74 135 19
7 111 151 67 23 172 55 169 89 84 189 148 86 33 152 18 187 16 41 176
122 26 48 185 186 41 100 29 58 78 164 60 64 144 193 77 64 42 130 129
99 179 55 11 170 54 191 125 60 164 73 182 181 161 22 51 133 49 65 113
157 172 137 34 101 194 164 66 151 3 145 143 8 88 55 65 9 78 58 55
178 189 115 198 162 143 140 199 45 142 8 145 33 166 28 152 23 139 13 175
35 192 46 89 141 164 33 122 1 58 141 142 133 182 194 43 86 66 72 134
159 50 3 57 8 48 27 73 133 85 142 53 29 173 101 93 120 165 134 74
