70 	
13	14
1	2	3	489	6	
0	4	3	268	4	
1	7	3	30	4	
1	7	8	75	5	
1	4	3	119	4	
0	7	9	91	1	
0	6	6	104	2	
1	8	2	345	3	
0	6	6	21	3	
1	3	4	387	1	
0	3	6	476	1	
1	8	3	156	8	
0	4	7	387	6	
1	3	7	32	4	
1	6	5	65	8	
0	7	3	97	8	
1	1	4	153	4	
1	5	6	558	1	
0	5	6	469	8	
0	8	3	430	2	
1	7	2	397	4	
0	7	1	418	9	
1	6	1	505	6	
0	7	5	203	3	
1	7	7	471	1	
1	6	8	110	4	
0	5	4	118	9	
1	6	9	425	9	
0	8	3	516	7	
1	8	5	120	2	
0	8	7	371	3	
0	8	2	285	6	
1	5	2	226	1	
0	3	7	294	7	
1	9	1	12	1	
1	5	8	229	5	
0	5	6	557	4	
1	9	8	456	2	
0	6	6	522	2	
0	5	9	308	1	
1	9	2	234	2	
1	5	1	51	4	
1	9	8	489	4	
0	9	8	286	9	
0	1	8	152	9	
0	2	8	203	2	
0	6	5	94	4	
0	6	9	232	5	
0	4	5	302	7	
0	4	1	61	3	
1	4	8	358	3	
1	3	3	184	6	
0	7	2	447	3	
0	9	6	11	6	
0	6	8	489	7	
1	9	4	317	3	
0	4	1	291	2	
1	4	3	493	3	
1	8	6	25	8	
1	7	8	178	7	
0	5	1	309	8	
0	1	8	284	2	
1	8	7	126	6	
1	6	9	9	7	
0	2	1	165	4	
0	1	3	468	9	
1	2	5	314	6	
1	5	5	326	7	
1	1	9	96	8	
0	2	6	18	4	
162 179 144 140 29 95 4 103 28 144 44 200 199 193 167 200 113 191 141 131 3 114 4 14 87 17 190 164 10 62 137 83 100 168 158 62 200 81 199 70 173 121 45 18 183 10 5 111 198 26 127 133 101 151 141 66 81 172 85 158 8 75 86 112 28 71 40 164 169 97
80 83 102 76 87 155 162 49 73 123 51 163 151 73 187 97 150 116 171 110 35 180 47 56 12 169 147 134 52 154 63 34 118 171 110 158 125 56 199 115 108 57 55 165 191 126 60 89 117 177 199 14 149 67 16 4 115 13 22 135 88 167 99 25 133 21 17 52 22 25
14 134 25 188 200 114 21 44 65 185 130 76 41 56 22 167 12 7 22 37 195 43 136 158 191 110 13 128 98 38 68 148 110 41 100 192 125 157 106 81 194 169 195 135 138 176 59 197 76 55 129 122 80 107 135 84 27 8 7 53 153 63 13 69 54 48 90 136 194 81
183 84 3 63 24 137 36 124 104 85 63 28 102 189 20 193 182 89 124 27 53 130 89 5 23 42 114 22 195 76 47 146 17 102 93 134 86 188 147 158 163 25 187 156 73 107 128 141 39 46 14 31 149 99 81 175 68 89 34 165 27 23 158 55 55 51 101 197 88 151
70 88 186 152 8 19 17 161 134 41 38 82 113 176 70 124 27 119 122 16 5 104 29 181 52 101 100 33 60 13 68 50 124 194 57 56 133 46 134 108 102 195 1 19 126 72 198 166 186 148 171 86 181 180 50 46 175 37 100 151 167 196 124 132 44 27 193 54 97 12
128 82 99 109 153 99 98 102 47 24 130 173 56 93 125 186 31 82 50 166 64 190 67 45 156 105 172 82 158 139 64 37 41 51 114 91 46 127 8 174 84 79 189 79 161 68 137 172 189 54 146 90 81 37 184 71 42 95 120 169 100 56 154 154 36 33 51 196 47 194
44 150 102 48 140 180 146 39 145 108 16 70 141 159 50 6 20 37 82 154 136 45 141 120 143 153 15 63 19 94 21 56 58 108 178 130 5 79 140 139 106 134 164 67 180 76 64 102 12 188 200 33 28 97 131 9 185 9 59 119 79 66 7 32 75 180 34 193 163 178
89 122 13 40 129 193 87 71 157 188 140 116 130 65 71 51 155 67 71 110 1 6 141 72 80 19 122 115 164 78 18 65 158 115 160 14 128 73 99 65 153 179 155 39 153 24 95 198 162 66 2 149 183 110 66 28 177 130 129 177 1 33 6 146 50 73 29 108 130 104
4 177 147 106 151 170 2 52 70 166 142 165 55 37 178 154 200 103 181 12 147 30 154 108 43 153 62 28 110 179 116 27 105 53 139 150 75 199 61 101 18 137 122 82 33 37 162 112 129 22 58 60 186 199 130 181 48 104 69 139 174 200 14 182 169 133 170 160 19 17
127 10 94 154 90 40 53 177 140 127 188 175 137 118 100 174 105 57 75 99 16 52 183 168 77 92 27 133 53 82 193 171 99 183 25 115 175 55 167 35 52 17 9 66 136 147 144 2 191 122 180 38 152 55 46 138 36 162 28 121 59 78 188 59 68 36 69 125 10 68
104 199 182 65 61 194 185 19 20 38 21 42 44 115 54 96 83 101 167 34 144 90 33 92 130 23 6 74 95 24 46 32 122 174 37 36 153 62 88 120 67 143 28 130 2 97 47 97 178 93 8 85 162 163 111 160 189 172 25 105 169 19 168 100 76 17 168 55 146 122
56 111 53 54 61 146 145 46 41 156 76 127 73 167 173 122 163 51 182 137 171 15 170 83 71 61 90 160 148 185 22 108 23 116 56 11 134 189 162 95 88 99 178 5 102 133 167 130 178 16 49 137 199 107 24 197 169 54 193 186 117 189 29 155 102 41 132 27 117 22
100 103 172 112 93 122 79 68 132 66 70 164 41 127 170 78 106 84 70 145 32 20 65 137 4 90 53 12 3 48 164 103 41 123 183 175 95 188 5 33 65 83 193 162 169 53 44 75 14 24 173 49 175 123 103 192 121 35 86 171 101 131 144 35 112 64 109 192 168 19
74 159 174 54 12 6 100 13 20 171 108 194 177 85 125 25 112 144 167 154 101 164 37 155 1 43 54 57 187 64 22 178 27 107 116 80 50 200 160 93 147 67 11 134 173 84 19 135 144 51 61 108 141 153 189 189 108 165 85 30 23 115 125 141 30 133 160 135 1 44
114 124 198 173 58 105 118 77 72 200 29 193 60 120 31 147 104 132 136 78 181 112 56 79 167 92 57 10 7 174 91 186 117 58 115 113 78 108 173 115 170 163 127 55 92 124 143 34 55 192 176 159 123 91 32 199 18 140 118 89 24 6 162 60 72 9 179 148 63 109
184 191 96 21 68 155 99 178 179 136 75 173 57 98 94 79 193 112 170 5 152 88 23 84 118 120 97 13 176 20 120 137 192 139 198 185 125 175 45 48 131 52 155 40 95 43 119 142 55 110 163 21 8 93 89 103 78 37 172 82 34 24 169 174 121 159 123 149 67 132
160 197 43 111 137 150 175 81 93 25 28 112 196 199 175 140 129 194 168 124 24 99 93 157 127 65 190 196 178 171 36 24 110 74 156 116 94 187 57 165 111 184 87 8 60 17 4 186 143 79 130 144 2 182 160 127 146 20 191 171 115 83 108 123 57 118 72 92 26 49
16 104 31 60 139 145 191 105 129 81 84 27 121 107 54 151 78 17 56 59 180 132 151 79 104 154 71 167 158 133 189 47 23 6 165 149 85 121 25 106 138 64 151 187 122 96 138 170 98 105 52 195 188 115 144 33 62 138 164 195 172 24 70 112 100 161 198 103 138 20
177 104 194 20 190 118 40 195 159 1 123 51 1 177 34 46 113 96 27 92 1 148 53 19 155 192 196 50 170 67 150 123 126 96 60 14 76 116 60 20 45 86 134 137 157 63 25 40 1 7 53 27 62 101 156 172 49 102 134 151 139 177 135 179 174 102 66 113 17 65
136 52 40 61 2 118 81 169 200 98 100 144 47 200 161 104 28 135 39 82 175 195 156 92 12 97 179 38 45 121 97 148 112 144 62 189 43 47 118 197 116 156 18 50 192 143 7 147 191 111 147 188 33 167 69 137 137 126 100 193 177 116 44 45 129 69 162 3 116 55
177 191 192 62 146 47 183 175 179 182 161 102 195 76 142 188 196 193 64 84 59 175 122 24 81 188 46 14 64 159 33 38 142 184 111 150 143 34 3 73 199 72 144 98 7 194 10 103 11 39 89 24 165 107 24 130 115 47 190 42 19 103 67 10 95 99 171 114 186 165
98 81 193 13 85 96 175 14 113 172 146 17 135 53 25 34 33 182 88 66 177 82 198 71 86 34 60 190 16 68 93 56 106 181 129 93 124 123 27 161 151 99 121 12 162 135 155 35 115 21 46 173 1 20 48 96 61 30 153 108 107 43 147 54 109 13 71 4 98 118
156 146 39 64 138 9 24 3 67 195 67 78 180 81 162 26 119 105 197 144 22 165 185 158 12 114 199 130 66 142 158 193 64 28 115 178 114 37 156 132 21 62 136 167 25 24 145 146 155 184 183 163 19 186 197 44 16 70 96 181 64 120 160 83 70 120 26 34 73 51
102 105 58 177 114 101 69 3 26 192 158 20 94 12 175 73 187 13 15 93 119 66 127 103 92 172 139 99 110 77 188 197 109 124 82 98 61 117 94 91 180 190 161 160 150 112 144 198 69 110 61 118 154 169 16 19 67 49 166 193 121 152 121 109 97 137 134 96 137 185
2 194 1 150 8 191 25 32 134 92 165 141 132 191 180 14 160 40 27 36 132 192 14 71 181 13 193 65 136 195 33 58 13 87 154 92 15 152 131 110 154 100 141 118 72 21 125 9 76 64 180 174 193 29 153 9 8 132 88 21 169 142 62 148 134 27 182 64 84 12
132 76 22 83 121 114 38 68 5 134 143 33 109 57 144 22 120 2 163 105 6 30 34 110 180 54 2 168 67 113 17 156 192 116 191 149 33 4 63 180 85 88 199 188 93 4 34 194 33 172 96 75 59 62 83 51 48 85 145 48 68 84 77 34 118 144 179 182 140 61
20 62 190 180 46 7 189 185 140 43 125 81 148 98 67 10 84 179 119 160 103 11 151 73 95 17 170 56 15 29 124 43 77 187 159 7 80 49 167 58 154 97 10 5 182 142 32 143 117 43 52 143 84 167 29 49 41 122 54 66 59 179 53 118 166 188 68 167 131 37
27 37 196 181 75 37 68 26 72 61 7 179 97 53 122 5 52 187 92 99 94 177 6 118 6 6 169 187 21 115 57 124 112 101 100 2 83 103 70 15 151 126 5 187 59 106 23 171 5 120 67 191 165 102 64 110 128 138 25 22 129 59 40 181 168 136 94 61 11 118
78 95 48 34 190 76 11 69 23 25 100 116 55 166 150 52 58 152 181 127 86 196 197 58 122 164 3 74 171 164 192 20 174 141 147 11 152 8 113 74 168 141 37 126 116 124 165 87 79 145 14 148 27 84 196 79 98 99 145 9 187 121 138 157 182 126 51 40 158 44
118 197 134 20 25 58 48 187 131 56 125 59 56 33 23 126 78 143 97 81 88 174 173 38 175 33 156 127 81 183 35 46 161 135 30 111 13 177 37 88 11 37 83 84 21 66 136 85 166 120 161 88 42 105 152 118 102 164 63 41 185 130 80 131 47 28 47 177 120 28
7 88 125 145 48 162 63 132 73 32 38 79 113 18 108 126 138 9 44 22 172 74 42 171 185 125 1 64 158 163 105 31 119 198 112 178 94 181 167 7 185 122 132 179 123 145 24 129 119 97 78 179 162 16 125 127 68 103 163 32 54 111 5 129 148 36 190 170 131 138
176 175 86 188 150 79 73 130 141 99 147 57 43 61 63 187 30 11 7 128 144 24 185 44 170 154 168 32 142 187 176 46 82 107 89 59 95 84 167 68 130 68 139 14 155 28 191 140 24 40 194 110 65 124 181 76 119 172 112 27 63 32 5 2 61 105 85 50 124 38
93 61 32 78 107 178 178 84 46 97 9 65 149 46 3 192 106 200 2 50 193 170 148 100 191 38 199 59 92 113 137 116 81 122 17 86 26 188 40 92 128 105 164 120 173 140 142 4 69 100 156 138 60 159 148 86 189 50 176 100 197 189 75 90 175 27 153 51 42 147
39 195 109 114 84 194 45 129 86 183 164 109 17 18 63 78 140 132 40 4 95 174 86 75 161 196 192 182 55 163 28 33 68 72 82 194 151 165 74 69 15 190 95 56 80 189 112 141 33 68 177 19 81 113 113 161 85 50 199 20 173 194 196 48 73 112 24 102 27 20
53 1 31 163 126 87 180 4 190 16 40 195 26 193 45 14 149 155 93 120 97 103 121 102 126 25 144 10 78 172 166 68 50 49 82 18 188 161 94 187 86 69 60 95 133 107 185 126 85 162 34 168 26 168 43 143 54 171 54 43 164 97 45 29 111 121 151 62 70 129
170 184 97 107 163 185 46 24 9 36 119 83 141 194 169 167 4 195 43 125 75 194 54 160 18 160 79 146 186 10 112 92 21 159 197 42 15 149 135 34 132 149 162 162 196 180 126 62 33 110 115 29 73 21 100 185 34 147 71 172 49 50 185 142 88 155 74 150 150 81
126 197 166 127 164 165 43 146 153 50 6 62 3 180 95 103 40 67 9 173 24 168 116 110 157 48 70 168 181 85 39 159 68 110 95 84 37 67 157 83 154 126 2 87 128 88 126 2 60 139 34 93 29 148 48 157 51 1 189 134 47 77 81 89 68 197 178 91 200 112
61 71 57 34 117 85 58 124 162 48 116 178 19 67 14 103 62 154 171 50 40 148 178 153 96 175 63 94 91 174 36 151 46 168 104 149 125 52 173 173 65 84 67 18 113 112 20 153 171 43 110 55 154 72 41 140 136 73 176 109 13 65 18 119 111 180 67 71 109 74
198 123 40 137 29 108 45 125 186 94 155 2 137 168 74 169 160 121 81 195 141 51 161 176 11 103 150 19 3 97 66 106 152 114 5 120 106 27 18 66 165 159 200 134 72 48 157 148 43 164 135 140 187 200 91 154 85 107 99 88 111 76 6 116 22 120 98 81 160 39
119 6 34 100 114 4 82 193 155 153 102 124 37 156 146 85 96 160 55 94 31 27 50 120 123 116 191 106 182 77 78 10 77 36 62 153 153 103 193 99 160 139 125 134 144 122 3 172 107 32 155 159 105 49 184 7 153 95 8 118 122 149 147 93 86 120 133 102 189 47
123 34 114 195 132 149 101 141 190 181 42 146 18 175 5 11 13 72 24 174 54 145 52 99 59 45 173 5 199 150 125 153 82 137 45 11 50 38 47 72 155 24 52 17 66 175 10 28 169 148 196 49 125 90 183 180 59 134 40 179 49 18 21 17 193 106 159 193 84 167
142 148 30 70 138 36 83 29 87 197 66 96 10 65 131 160 127 150 60 175 152 11 69 160 29 188 165 104 150 189 20 125 106 40 74 178 193 109 157 164 114 110 54 183 83 86 110 147 188 200 101 59 92 76 6 31 133 120 52 161 87 87 86 17 35 38 12 85 25 30
28 114 53 192 153 32 75 16 60 20 64 116 106 139 103 134 9 9 159 4 198 197 199 145 1 123 41 173 165 40 12 94 200 132 85 136 159 114 28 119 32 111 39 61 59 176 185 33 147 68 63 10 145 73 56 42 48 75 107 112 89 162 193 131 144 113 84 58 111 131
90 57 67 133 180 52 6 15 89 104 84 8 109 12 183 131 194 132 189 76 109 5 200 31 90 26 39 46 81 164 185 72 160 22 97 76 31 112 28 87 135 180 77 12 95 10 104 153 177 14 106 114 132 32 27 159 158 45 97 160 170 185 78 169 16 185 108 139 114 127
36 196 74 142 4 153 36 12 94 140 69 71 107 40 45 51 74 22 149 157 197 109 32 169 158 31 2 82 104 185 120 90 31 86 42 14 147 132 194 10 172 46 196 171 50 10 158 171 70 163 74 171 110 74 179 107 184 25 27 176 175 188 84 66 104 46 44 10 39 5
183 137 130 11 77 195 122 63 148 57 106 200 149 189 134 140 78 159 113 183 9 139 157 47 148 172 20 98 94 14 152 125 8 45 4 159 128 65 196 45 79 120 86 109 53 70 32 42 59 42 124 116 84 92 85 137 149 199 102 83 29 80 63 148 111 123 21 123 66 135
42 65 146 137 79 61 57 79 178 144 187 109 141 163 189 37 97 149 188 193 94 23 190 32 138 181 21 169 65 178 191 163 114 170 135 19 99 45 120 117 124 76 8 3 163 127 16 176 91 83 145 187 180 168 157 175 124 100 193 71 190 64 4 145 114 88 153 89 178 132
99 9 122 82 27 102 107 34 42 53 138 78 193 191 108 45 67 162 157 52 46 121 85 157 115 157 137 83 192 71 124 28 158 194 8 4 115 138 4 44 138 109 86 117 56 126 118 72 198 65 166 171 76 110 57 63 36 12 23 110 25 4 98 142 40 107 157 86 62 183
83 195 136 140 70 3 74 145 40 197 200 126 120 80 32 7 165 58 81 108 126 83 166 193 179 56 4 150 156 153 135 109 71 118 104 138 34 18 119 28 1 152 38 43 18 162 46 99 122 146 108 77 46 82 4 110 158 191 136 126 44 49 186 106 41 93 193 133 122 10
149 75 112 166 17 167 140 112 52 186 114 133 17 198 113 114 132 1 65 102 40 67 170 184 48 143 188 158 25 102 7 119 157 97 153 143 81 66 195 86 12 94 45 88 59 123 111 191 78 140 45 83 80 1 177 3 115 156 160 21 178 109 73 12 46 27 145 136 33 34
98 180 165 184 145 65 45 50 35 82 99 104 183 140 144 3 49 165 172 195 183 165 99 83 118 170 49 43 54 57 138 32 186 33 89 146 53 26 176 79 65 74 62 66 57 100 139 20 165 125 145 57 47 197 190 53 131 29 193 114 175 100 44 51 151 179 90 24 156 160
87 156 152 176 3 7 154 123 38 177 20 115 198 92 200 71 109 134 187 25 185 40 2 115 43 124 63 120 49 82 118 104 20 149 74 45 186 42 102 21 68 69 106 61 59 132 63 89 79 140 167 137 190 168 26 51 137 197 6 92 86 77 28 130 35 177 179 76 37 48
155 167 101 113 43 190 193 22 117 187 156 126 96 133 145 20 186 167 56 141 172 72 88 13 84 85 160 30 58 16 177 136 8 99 70 187 41 81 167 76 15 121 137 90 51 117 112 76 114 130 103 74 109 174 113 152 121 14 35 112 42 22 28 151 173 46 139 37 146 114
164 85 93 53 199 192 148 174 93 33 178 84 124 57 101 77 182 185 106 63 180 64 116 3 104 132 145 136 25 149 86 114 145 130 104 93 87 38 166 173 108 21 142 57 121 51 178 16 182 78 126 163 56 93 107 197 147 176 179 14 133 80 198 119 54 160 126 32 20 131
45 4 133 118 2 90 38 103 80 58 141 176 197 34 137 86 119 174 174 48 70 49 106 160 9 189 54 110 196 4 184 20 129 46 52 155 40 8 186 195 138 1 30 41 127 93 4 184 45 149 72 103 5 138 156 83 16 180 173 64 51 72 104 124 29 72 145 113 77 10
132 98 147 31 39 172 196 166 66 195 36 10 185 190 181 137 147 145 40 61 183 52 159 53 106 1 192 118 66 43 134 176 93 188 200 12 170 78 191 22 133 152 63 3 146 172 71 5 1 126 47 80 136 62 72 171 15 82 8 4 111 179 133 110 117 179 139 140 196 136
84 58 60 162 190 200 66 56 68 74 69 18 142 114 72 138 164 135 5 149 80 70 105 187 99 145 115 61 171 103 75 82 11 121 109 32 141 133 12 10 178 10 162 98 18 27 52 55 138 63 1 119 95 32 157 31 7 129 147 133 154 180 142 174 82 84 116 180 95 13
140 133 30 136 83 163 78 17 82 108 130 82 56 23 109 148 121 108 115 159 152 14 92 2 85 111 54 37 55 105 99 23 3 78 108 49 167 15 89 47 45 176 16 93 28 56 197 147 7 135 182 36 136 54 3 84 151 40 101 51 143 53 126 113 44 92 60 97 12 194
135 171 124 132 22 146 42 109 187 20 59 172 145 133 65 190 12 43 155 63 98 106 51 45 80 68 109 74 46 179 43 54 17 101 199 70 187 109 145 170 64 112 98 61 130 117 152 136 10 86 51 137 45 174 36 81 127 108 139 93 115 60 168 183 115 175 150 84 52 9
124 33 121 85 166 1 163 18 6 94 87 184 147 194 98 36 88 167 150 185 26 59 43 61 120 149 195 172 86 99 87 77 3 145 141 37 130 143 44 61 153 141 77 82 166 76 128 114 160 73 33 71 192 63 54 93 7 191 156 96 13 76 104 141 197 161 49 84 101 194
30 17 92 85 185 103 114 108 173 29 37 15 172 30 41 154 17 51 70 123 53 154 144 5 70 31 6 164 151 200 42 136 46 93 86 187 104 130 127 23 65 162 168 113 42 182 10 92 169 72 46 182 87 118 114 74 89 17 153 23 125 179 64 48 73 17 199 150 6 29
193 111 157 199 46 190 78 89 16 152 67 32 104 85 8 168 185 2 105 84 52 132 53 66 135 192 139 57 63 24 122 199 118 100 134 15 82 43 192 76 15 196 136 112 125 188 47 70 138 34 144 170 54 157 183 172 129 46 186 80 58 159 64 182 13 17 132 170 140 48
70 73 92 129 27 94 63 142 195 151 69 69 92 172 125 54 23 138 61 103 15 170 170 128 139 82 24 107 67 77 185 123 90 190 72 106 23 174 42 16 83 27 149 67 182 164 73 96 72 112 122 188 159 168 193 175 94 161 102 13 29 102 73 89 141 102 5 132 110 58
124 198 78 22 150 141 68 27 45 186 170 134 118 146 141 52 45 47 172 185 15 138 26 162 79 94 119 156 187 129 54 137 119 75 193 19 67 138 15 199 32 37 74 89 34 37 115 176 140 164 142 91 42 37 49 41 12 16 29 191 85 130 137 167 165 123 46 24 174 74
68 84 83 135 70 124 115 32 108 168 149 32 23 36 49 67 154 80 73 167 50 39 128 4 177 98 123 160 141 90 173 156 102 144 190 77 29 97 102 96 197 73 46 196 159 96 136 36 153 85 37 74 40 191 169 39 57 50 48 156 45 84 136 154 89 152 172 97 178 80
150 151 76 48 179 85 16 181 138 144 49 86 14 153 102 93 139 126 116 8 84 39 195 134 162 190 39 3 56 103 156 104 168 126 80 78 138 104 136 162 163 64 45 54 37 109 112 182 182 28 115 199 72 135 195 102 127 53 195 71 76 40 147 161 20 190 182 200 179 165
72 18 20 120 152 33 169 108 114 139 1 200 134 2 60 56 63 33 78 35 37 174 69 48 93 171 112 182 1 132 96 157 183 138 70 188 159 25 18 129 131 37 92 5 67 154 166 70 105 36 70 168 137 59 178 182 27 184 103 137 60 86 147 167 5 99 123 83 51 137
75 144 98 44 187 142 101 177 84 34 173 95 73 83 171 99 17 10 100 179 170 139 192 156 128 83 94 154 77 88 15 135 57 5 159 174 13 60 173 78 115 98 10 54 120 16 123 85 154 12 167 111 52 106 51 6 55 64 126 153 124 8 198 61 146 109 6 122 117 126
82 3 95 5 92 145 46 171 198 14 74 39 57 185 1 198 139 102 3 99 8 4 77 190 100 4 89 38 173 22 170 95 139 152 143 22 53 69 35 158 121 194 112 143 162 15 44 49 64 43 162 19 192 183 161 73 5 71 161 100 80 111 141 15 179 198 44 129 49 103
33 69 152 186 184 140 99 57 120 108 171 116 159 132 136 188 31 196 108 18 190 102 178 79 35 21 82 186 195 82 158 147 108 149 25 10 51 163 169 45 115 128 175 109 107 90 85 191 93 145 128 196 176 1 156 5 154 85 197 97 27 184 32 40 41 124 136 53 9 78
45 170 66 16 2 200 62 174 49 6 127 153 117 49 65 76 127 163 37 67 50 83 102 84 78 175 57 181 22 57 189 33 136 32 42 135 71 87 117 182 62 140 55 24 147 79 87 104 43 194 18 95 176 8 106 59 16 134 63 94 142 75 166 5 54 73 105 102 155 62
