40 	
8	15
1	92	3	2683	9	
1	82	9	149	5	
0	65	5	1269	2	
1	30	1	1563	1	
1	41	5	1031	1	
1	29	4	2731	9	
0	54	1	213	6	
1	99	6	655	6	
1	48	6	1997	5	
0	48	8	1589	8	
0	82	4	1686	4	
0	16	9	1255	9	
1	41	1	954	2	
1	52	9	1551	3	
1	7	8	332	6	
1	79	8	1830	1	
0	17	3	2888	6	
1	88	2	776	1	
1	21	3	1262	8	
1	39	3	1517	9	
1	9	3	947	6	
0	72	1	727	4	
0	66	4	2015	4	
1	72	3	2733	4	
0	17	6	826	2	
0	58	3	634	6	
0	85	6	1079	9	
1	78	2	2783	2	
1	24	7	2718	6	
0	1	2	2059	1	
0	39	7	2587	2	
0	57	9	1472	1	
1	47	5	2006	2	
1	59	8	2411	2	
0	74	5	837	4	
0	29	8	2981	8	
0	55	4	484	8	
0	72	1	529	4	
1	92	7	824	2	
1	2	1	912	4	
16 89 140 133 180 174 172 163 60 118 164 25 115 27 100 191 92 62 151 135 100 72 103 159 63 187 60 23 141 49 91 194 179 78 29 66 184 41 32 183
145 154 116 16 25 82 175 185 100 64 88 124 8 199 48 98 25 23 47 125 27 141 45 126 91 185 125 20 85 48 113 160 137 70 60 78 151 5 177 19
117 11 174 75 108 186 96 95 70 84 139 125 32 124 165 6 59 18 36 137 113 120 185 177 121 67 136 174 148 3 93 45 27 7 13 91 194 197 101 94
135 110 82 56 38 95 2 162 101 58 93 34 116 91 17 106 47 67 94 11 7 32 136 46 17 49 41 143 46 32 35 138 137 27 3 98 57 131 80 31
39 32 26 126 181 50 58 112 196 113 40 152 56 96 137 66 164 19 31 38 116 139 174 34 141 184 163 153 94 86 38 126 151 124 197 81 110 89 27 149
53 22 29 34 98 118 118 88 124 192 34 50 102 187 112 38 182 53 3 55 49 174 81 110 114 36 46 68 97 120 158 194 96 91 17 124 82 47 160 135
18 172 43 146 97 38 117 48 18 55 20 4 107 166 111 196 96 64 60 69 139 66 179 9 154 113 122 193 33 24 4 173 169 116 104 79 197 61 97 47
91 154 102 98 112 43 174 97 73 88 31 173 55 68 200 188 198 68 89 177 167 115 166 75 79 18 4 122 24 56 122 145 124 116 104 177 73 57 141 80
137 41 107 189 76 62 192 148 89 11 44 52 138 186 17 183 35 14 185 191 116 55 195 199 33 64 10 97 141 69 18 27 38 199 96 35 165 36 137 93
145 7 89 1 167 164 26 127 144 83 167 97 199 101 92 104 150 8 4 180 33 22 153 23 150 156 2 161 180 142 150 125 131 91 50 131 25 102 21 61
68 151 69 6 39 6 77 82 163 163 105 152 179 135 45 174 40 42 176 16 71 54 78 181 50 180 175 15 19 58 192 146 141 110 197 13 81 88 188 67
92 77 133 144 7 58 52 186 33 167 27 96 128 21 68 192 107 186 24 82 178 49 40 119 181 102 118 127 47 198 124 124 117 110 99 188 13 98 112 185
52 109 152 183 173 82 23 151 43 169 95 200 18 139 122 67 127 52 165 151 53 130 1 70 71 27 188 100 154 174 188 123 21 69 18 67 157 17 179 100
15 106 101 88 65 191 79 12 104 20 177 183 91 196 23 41 153 166 105 116 63 113 22 8 102 62 26 71 183 171 12 55 74 135 130 9 183 120 166 11
187 82 21 171 78 157 157 106 95 195 91 178 104 31 183 63 148 129 183 152 199 26 187 42 18 116 15 113 176 134 8 87 71 161 87 164 34 118 170 101
102 147 15 96 82 4 172 149 110 160 95 160 87 1 94 181 31 91 136 66 148 189 87 112 187 99 122 132 11 60 62 29 107 110 106 32 150 161 55 105
53 196 103 178 69 120 9 90 104 102 97 107 191 118 182 39 178 85 183 84 116 2 59 12 134 115 161 41 185 120 155 84 59 52 27 129 167 181 155 111
124 71 73 124 92 40 26 86 130 84 67 198 89 27 75 158 183 169 13 150 1 144 144 35 190 149 21 105 161 98 197 191 34 186 163 132 15 114 41 25
111 150 139 64 12 52 6 44 164 169 97 6 2 92 103 18 99 82 79 127 187 123 184 147 144 95 15 53 116 103 133 10 92 48 72 111 199 23 126 77
189 33 200 59 161 15 25 118 83 104 175 131 129 166 23 71 118 121 45 151 14 7 81 1 96 108 158 4 44 146 126 152 64 124 185 185 34 67 159 195
22 163 88 74 18 144 1 145 101 183 37 195 158 10 161 123 13 67 93 49 8 61 197 78 76 60 20 101 164 46 131 97 130 133 6 66 119 7 15 72
170 178 31 149 179 172 59 173 195 47 142 170 25 173 137 83 33 169 125 1 29 83 72 33 15 197 87 54 31 68 85 188 101 199 182 74 199 118 168 104
144 57 90 164 139 72 162 3 51 143 46 42 144 75 45 192 129 157 126 174 155 159 180 119 188 153 17 111 22 30 125 69 183 138 83 144 31 1 26 162
40 200 77 10 12 118 81 42 77 162 119 4 94 189 44 80 33 145 122 192 112 199 99 44 73 37 94 126 140 131 17 149 75 44 61 52 98 47 76 196
65 145 106 98 184 11 48 99 185 106 23 166 21 197 45 140 148 50 114 35 40 72 162 26 19 40 53 126 179 200 105 197 15 156 160 166 200 83 61 103
45 24 58 20 50 78 17 34 48 35 92 174 5 197 3 146 131 32 78 154 68 171 186 4 58 116 47 10 32 181 181 42 130 100 10 85 30 54 128 26
147 110 5 39 36 186 161 98 152 104 2 125 94 141 109 47 40 58 153 164 35 183 64 152 141 10 76 182 86 20 88 10 42 120 84 194 154 131 77 41
108 67 176 131 76 107 150 188 134 135 64 31 157 136 174 120 103 11 67 194 44 24 54 113 63 42 139 137 107 163 180 106 174 70 196 148 26 144 73 175
137 197 78 135 77 179 185 68 103 82 33 112 72 114 23 62 193 91 183 81 168 163 104 27 36 121 192 136 51 145 13 6 137 45 149 199 45 56 62 188
177 170 63 123 20 100 145 121 143 138 176 20 2 19 70 119 90 58 165 114 138 41 160 55 109 165 163 54 55 95 126 146 61 43 126 55 49 171 11 117
57 81 58 162 53 151 60 103 8 200 122 135 137 95 16 6 18 79 131 23 151 174 112 111 141 59 137 67 125 78 142 63 130 58 21 123 5 35 82 91
169 41 40 57 148 79 86 3 72 197 168 122 48 135 18 189 76 80 159 111 88 102 79 194 164 76 58 189 161 99 78 150 120 51 114 49 19 56 37 179
52 54 83 156 89 122 58 99 16 7 152 139 73 143 71 177 25 49 113 42 17 3 109 70 140 107 143 138 64 69 82 121 155 63 140 149 196 96 91 110
35 129 163 134 55 58 178 144 123 197 45 109 192 161 134 178 2 33 140 93 49 91 9 142 111 87 64 109 192 167 26 63 164 97 153 99 83 147 119 191
152 149 188 89 24 140 151 124 177 46 156 170 124 168 64 143 137 173 91 102 175 86 42 158 90 33 32 44 142 85 100 48 143 19 67 153 189 112 134 14
168 152 127 105 63 167 117 130 58 141 3 106 44 114 31 100 92 9 6 55 41 45 150 162 189 56 31 116 33 94 36 144 142 69 1 100 130 197 110 184
99 14 109 38 21 64 57 100 104 167 16 118 37 111 135 186 59 58 28 119 76 40 102 82 87 83 105 184 24 77 145 27 75 55 181 11 79 19 113 28
107 30 36 200 35 101 20 198 63 98 27 16 134 117 151 65 193 167 125 180 34 139 108 45 198 54 11 181 195 79 76 114 55 94 170 175 144 106 10 5
145 81 157 100 88 50 1 90 149 123 111 147 181 131 81 186 148 191 60 28 76 175 140 19 133 136 61 196 176 53 176 43 20 158 118 94 16 128 174 28
111 120 147 176 108 107 80 33 80 35 166 101 13 15 145 154 24 103 148 129 112 193 38 32 177 149 150 176 164 60 115 200 139 57 25 34 123 36 37 35
26 77 11 145 168 144 130 28 157 62 120 150 69 50 9 33 163 148 68 13 121 157 108 6 72 130 58 116 93 90 56 142 19 88 119 116 77 20 139 146
