40 	
5	34
0	4	8	120	1	
1	9	1	101	8	
0	4	9	111	5	
0	9	1	121	8	
1	1	3	9	6	
0	4	8	190	6	
0	7	3	28	1	
0	4	6	22	5	
1	7	8	99	1	
1	1	4	104	2	
1	8	4	0	1	
1	1	4	63	8	
1	1	9	35	5	
0	6	9	189	2	
1	5	9	84	5	
1	8	1	124	7	
1	8	7	195	5	
1	7	5	214	3	
1	5	8	123	1	
0	5	7	197	2	
0	7	7	206	9	
0	7	4	186	3	
0	4	4	19	8	
0	8	3	58	4	
1	1	2	141	8	
1	5	8	32	9	
0	9	5	95	7	
1	9	4	13	2	
1	1	2	146	3	
1	7	5	114	8	
1	7	5	88	3	
1	3	2	136	1	
1	7	5	172	2	
0	1	6	91	5	
0	9	4	116	2	
1	1	6	140	2	
0	8	3	90	1	
0	9	9	10	6	
1	7	1	167	5	
1	2	6	41	1	
163 168 151 184 167 8 138 117 22 40 97 128 177 163 7 26 114 172 133 42 68 196 81 95 129 5 200 122 180 38 136 115 4 109 85 103 25 94 51 48
78 87 194 33 40 150 21 185 23 49 165 19 138 23 68 29 104 119 112 5 28 192 73 34 19 148 143 64 78 82 130 92 188 69 83 180 186 33 118 50
117 9 111 37 165 123 168 141 176 111 200 101 59 167 28 62 71 173 60 84 59 60 111 76 77 16 164 9 7 48 135 45 61 139 156 103 125 69 10 4
43 63 76 89 17 119 193 115 179 121 31 200 154 198 127 87 175 80 1 198 54 31 23 136 35 62 182 129 5 140 162 128 67 15 63 105 37 29 52 15
110 70 149 148 99 43 103 87 21 177 176 29 188 5 31 145 34 111 110 200 171 84 56 61 181 176 31 92 156 177 179 105 177 2 144 103 85 103 38 194
162 177 185 141 22 149 55 39 95 75 50 69 171 133 104 142 119 78 162 161 117 157 102 145 38 124 160 73 116 60 3 167 134 186 115 129 190 69 2 88
14 106 45 172 21 84 196 33 83 7 187 183 34 105 175 54 171 18 96 193 190 121 150 80 65 192 47 25 47 28 120 108 137 37 174 180 33 87 117 2
107 62 175 59 20 1 77 152 86 121 156 126 190 87 83 45 17 35 58 101 59 198 81 101 135 189 183 58 107 103 179 132 19 12 146 189 2 194 20 97
166 20 92 178 79 9 128 168 122 191 160 143 166 48 9 52 168 173 14 14 15 24 84 150 157 51 126 116 107 168 40 113 55 19 125 43 92 99 143 84
133 94 112 20 39 90 143 67 86 92 109 91 51 122 87 61 38 33 62 119 8 193 69 171 63 195 130 123 7 186 107 48 177 193 175 70 82 137 184 128
183 53 113 164 69 130 131 55 124 200 170 197 73 6 28 154 110 188 24 196 14 89 104 176 83 167 19 43 70 70 44 144 12 157 160 196 4 30 133 72
199 131 101 13 152 175 128 153 133 152 137 171 100 171 149 27 175 28 1 120 121 8 167 153 123 28 55 163 128 65 119 161 38 70 54 87 159 186 177 182
151 90 93 126 48 12 58 72 134 59 172 153 93 95 178 107 116 126 36 34 4 76 173 131 123 15 41 166 137 62 107 17 43 76 85 36 100 143 137 165
20 7 166 98 24 142 47 88 49 182 13 28 155 52 166 72 105 177 190 191 173 159 194 88 14 15 13 27 25 135 123 93 22 143 38 65 51 19 74 197
39 90 183 139 52 90 62 26 195 34 63 73 192 103 34 40 140 79 177 172 153 91 105 55 5 144 43 63 198 129 188 196 100 12 199 47 38 43 177 58
108 189 136 89 78 77 100 25 13 2 38 198 103 124 65 113 125 148 125 179 28 136 172 4 42 132 57 144 102 14 44 70 130 92 17 83 175 159 115 106
54 27 71 101 154 12 180 143 194 9 21 2 8 55 54 181 47 112 71 6 56 71 134 151 6 108 155 149 73 33 102 29 131 149 6 73 156 146 42 155
23 64 4 28 80 169 50 83 7 122 172 134 84 168 111 95 112 179 172 58 133 148 122 32 189 170 4 160 26 199 59 102 143 81 62 170 194 129 161 46
72 17 64 30 155 192 84 4 188 191 121 71 158 64 193 40 4 85 188 123 68 155 72 191 181 59 101 99 130 100 52 142 158 58 63 33 191 118 51 177
130 180 70 71 34 9 140 192 71 99 54 191 62 26 153 162 63 37 37 181 197 106 183 173 102 192 30 90 65 39 182 152 135 148 46 152 195 37 153 40
122 190 61 97 1 112 20 74 182 193 86 163 138 113 8 163 175 151 75 146 76 30 28 143 39 10 164 50 198 10 116 43 131 49 103 102 69 31 123 164
8 64 90 61 148 83 10 37 112 103 183 14 49 176 27 180 165 61 152 44 193 175 181 141 126 27 125 75 113 73 185 141 55 115 145 193 36 109 147 10
55 108 14 55 70 180 40 93 86 34 137 20 35 178 115 58 150 100 26 78 141 61 103 136 151 18 12 81 153 73 7 103 39 91 120 88 43 185 21 16
198 176 16 13 115 175 111 109 15 172 184 103 53 63 84 191 39 20 62 9 64 6 99 163 183 77 50 156 199 181 178 34 185 131 97 13 116 120 64 122
139 27 178 81 85 10 39 171 10 185 45 80 10 186 16 190 13 11 96 58 20 40 87 86 89 30 199 172 57 170 135 9 113 17 122 187 119 99 189 142
23 142 96 42 80 87 70 164 37 93 59 138 153 200 5 176 79 60 132 96 10 77 45 162 1 84 125 47 185 91 78 49 79 93 167 127 144 151 199 137
131 156 10 28 73 91 180 49 73 135 86 134 192 118 164 47 109 120 77 176 32 92 70 93 117 144 128 158 159 99 25 44 140 51 110 173 99 122 193 98
29 14 5 198 130 74 32 89 101 54 1 23 27 199 143 16 157 42 79 16 145 85 78 109 168 192 120 32 112 108 40 55 186 42 23 141 169 102 39 158
40 90 12 195 188 27 11 74 153 167 71 146 55 70 191 73 83 5 149 23 79 48 107 42 112 88 10 7 153 83 158 49 145 53 128 105 155 72 117 78
121 113 117 20 65 50 101 131 101 133 83 136 93 133 93 10 196 31 15 165 71 36 124 32 131 176 111 139 41 24 86 199 33 106 190 136 48 87 179 154
171 2 174 193 182 68 163 7 190 31 93 134 147 199 131 42 111 59 78 176 76 162 49 11 164 193 2 198 108 11 126 35 147 109 197 149 53 188 172 50
187 50 17 6 107 19 19 110 4 181 179 92 191 117 175 70 1 184 181 54 23 148 105 83 34 158 30 131 31 63 2 199 43 23 40 104 175 100 96 199
121 153 117 132 104 160 120 122 112 137 168 49 197 135 160 36 45 113 29 161 57 75 129 121 49 139 85 75 171 149 34 34 77 62 136 112 129 198 184 172
1 133 61 11 168 1 16 21 117 14 163 197 140 175 63 120 129 170 109 10 55 40 137 198 153 7 185 4 75 165 172 70 110 172 129 126 173 155 78 14
42 99 112 127 3 79 72 152 104 10 109 16 78 111 94 19 6 109 39 153 89 116 132 22 111 57 145 146 137 117 71 42 139 142 106 158 146 22 54 92
2 90 157 193 197 134 8 166 44 35 5 43 18 73 177 184 169 139 95 122 124 50 191 89 23 72 147 128 171 47 196 178 193 116 58 169 174 58 127 167
6 191 21 168 39 56 126 64 2 91 131 10 34 168 189 191 146 140 14 184 7 168 198 49 149 46 157 58 55 80 88 88 114 182 20 179 144 191 20 121
125 4 28 118 189 114 77 8 83 175 60 49 191 71 139 129 200 82 148 96 3 142 12 53 55 39 148 129 74 61 25 171 138 116 22 80 198 79 185 139
76 160 29 153 86 8 164 167 58 97 182 157 189 29 118 157 119 177 33 150 137 64 88 41 149 120 146 125 130 127 58 4 192 70 74 168 52 73 24 191
100 8 42 142 49 98 12 111 74 62 1 186 86 114 10 187 140 41 39 145 103 62 131 97 63 53 192 55 127 131 66 49 161 172 195 189 147 162 192 138
188 87 125 38 114 19 103 136 124 77 51 153 26 108 123 150 33 52 138 46 64 23 122 98 39 68 151 65 15 94 115 122 195 10 169 152 174 194 191 182
