30 	
54	95
0	2	4	122	8	
1	3	2	59	5	
0	2	9	5	1	
1	3	8	67	4	
1	7	4	194	9	
0	7	5	200	8	
0	5	2	88	1	
0	4	8	191	3	
1	4	1	66	7	
1	3	6	70	2	
1	5	9	88	2	
0	7	1	140	1	
1	6	9	11	2	
0	5	5	8	8	
0	5	9	48	6	
1	1	3	158	6	
0	8	8	45	2	
0	2	2	108	7	
1	6	3	83	6	
1	8	4	159	7	
0	2	9	129	1	
0	3	4	161	6	
0	4	8	193	7	
0	3	8	8	6	
0	1	3	25	7	
0	1	8	62	7	
0	3	1	127	5	
0	7	8	127	8	
1	8	4	77	4	
0	9	5	61	2	
131 79 187 36 110 36 125 19 190 53 58 57 6 182 194 145 32 30 109 66 84 161 146 81 134 24 11 113 102 90
139 188 77 115 172 106 125 192 175 84 180 188 117 6 104 61 21 171 11 101 71 85 186 104 87 133 2 39 61 172
23 112 79 77 93 196 160 90 95 75 48 137 81 65 84 80 21 197 62 168 109 110 188 43 140 14 101 94 158 36
29 169 52 152 65 155 55 103 4 105 6 108 178 186 85 7 134 196 188 38 163 98 36 9 15 192 167 108 166 71
46 138 97 159 118 87 130 138 186 127 126 74 164 99 40 127 151 196 122 121 64 18 93 112 82 66 42 82 67 197
51 29 100 169 132 27 59 84 96 151 143 139 48 171 72 76 83 75 41 68 5 43 42 117 37 6 131 133 75 53
57 18 190 181 169 70 17 13 15 21 131 50 100 19 78 72 67 17 49 171 7 174 65 51 182 17 98 182 46 156
27 125 52 156 37 27 87 71 200 192 187 145 38 1 189 197 175 102 19 95 2 18 157 56 85 195 21 102 192 31
115 79 124 8 195 81 84 67 173 183 195 170 14 110 28 181 187 170 95 16 136 182 19 174 168 23 15 161 118 155
58 140 170 152 164 28 167 12 65 140 187 126 139 25 5 127 171 32 27 194 169 26 141 6 145 126 24 127 40 129
53 105 76 110 88 119 14 179 150 14 91 136 193 40 37 186 43 180 174 15 107 139 158 69 71 191 14 92 159 91
51 42 173 43 189 131 42 170 84 158 178 109 27 48 187 136 60 150 68 151 186 164 49 81 126 103 62 154 132 172
76 51 99 1 126 152 98 123 27 198 40 181 12 60 122 137 175 102 8 130 75 182 73 104 140 184 42 93 172 89
15 156 102 5 163 161 90 66 48 68 34 92 152 119 77 190 101 73 80 29 67 167 71 26 182 108 164 39 27 6
137 88 73 49 139 197 63 106 72 112 175 180 181 3 44 2 107 15 87 135 168 101 189 138 25 121 184 35 106 124
108 2 130 121 16 137 128 36 75 41 162 187 110 118 120 186 84 49 179 141 43 195 60 180 123 122 94 195 96 170
153 186 199 160 143 93 29 37 24 114 134 82 80 183 167 126 27 176 162 189 15 86 155 64 177 38 95 2 138 164
174 117 19 97 39 50 170 91 124 25 156 175 33 179 25 111 56 189 159 39 66 43 138 73 56 3 124 2 172 166
168 58 138 16 62 34 40 77 16 87 8 68 162 118 11 180 197 69 72 51 132 114 15 59 92 116 93 107 109 159
6 183 20 64 156 115 125 169 9 181 178 97 193 25 173 45 79 186 99 54 137 99 56 98 80 171 58 101 156 139
21 160 21 86 153 100 75 143 92 145 93 87 49 118 99 58 33 187 17 118 3 100 157 186 103 114 69 62 134 89
105 52 119 12 178 152 42 157 59 7 113 199 165 193 57 157 161 126 51 132 114 150 168 190 21 61 190 191 104 99
76 167 126 61 162 183 16 115 100 11 144 175 100 59 158 120 179 46 164 129 196 54 1 90 71 141 42 40 195 118
1 125 122 80 177 171 197 52 31 46 197 3 70 130 63 85 110 129 5 141 109 115 56 64 61 93 155 153 153 91
106 164 63 79 60 136 1 73 108 99 195 176 171 101 7 123 86 114 53 185 79 72 136 104 154 171 27 198 102 90
68 109 39 38 95 11 191 19 151 129 135 139 187 85 29 50 76 154 40 122 129 90 39 35 77 5 23 96 82 128
54 93 63 123 153 154 92 23 21 135 94 16 126 184 67 146 106 136 145 95 133 160 129 3 109 37 118 157 100 52
29 145 65 25 5 149 62 185 148 152 57 155 2 6 115 4 162 65 92 131 65 122 76 145 133 93 63 48 162 160
175 29 139 77 48 64 86 166 133 107 141 171 140 96 16 38 65 55 197 110 181 90 85 113 133 159 28 5 29 170
112 27 171 137 116 4 50 15 174 174 17 164 83 108 199 135 63 69 81 98 188 119 77 68 89 24 41 32 46 6
156 19 96 199 65 47 47 121 99 19 48 41 88 94 84 82 122 122 131 157 15 134 4 148 152 93 198 162 35 44
