10 	
10	11
1	3	6	59	2	
1	2	8	19	1	
0	1	4	45	8	
0	8	1	13	7	
1	1	4	18	6	
1	4	9	18	2	
1	1	2	37	8	
0	1	2	11	8	
0	5	4	4	5	
1	7	6	53	1	
60 199 154 182 120 31 58 97 47 101
75 192 165 184 186 119 183 48 177 135
29 162 65 175 33 188 187 71 138 183
37 79 159 65 19 16 106 183 70 81
18 100 129 10 105 13 113 150 95 121
10 23 171 7 197 4 6 56 140 83
76 85 63 42 177 156 172 105 72 180
172 67 30 159 30 110 6 10 119 75
38 36 200 111 28 44 34 12 6 105
97 125 172 21 46 111 86 199 173 85
109 100 183 67 173 21 138 188 199 182
