10 	
9	41
1	78	5	18	6	
0	50	9	202	2	
1	89	4	19	2	
0	69	1	156	8	
0	28	5	184	5	
0	43	3	220	3	
1	15	6	186	7	
1	22	1	144	2	
0	73	5	2	3	
1	32	1	6	9	
89 70 144 21 170 126 130 116 72 128
30 112 35 196 95 29 175 38 96 137
103 186 34 120 168 177 150 98 173 38
26 189 27 73 178 37 126 152 6 10
126 48 198 100 152 7 107 45 8 118
116 188 170 2 58 96 111 122 169 119
52 111 44 68 194 31 178 177 36 77
87 134 198 46 27 81 68 5 28 116
96 85 191 26 172 139 12 44 178 69
84 141 151 85 55 5 112 79 11 27
23 123 124 54 168 93 64 72 126 168
