80 	
1	61
0	13	6	525	8	
0	17	3	523	3	
1	93	8	1167	4	
1	22	9	492	2	
0	40	7	1431	2	
0	83	1	130	8	
1	82	7	1015	2	
1	74	5	1142	7	
1	70	5	571	7	
0	5	4	1526	8	
0	72	6	210	2	
1	86	9	1891	6	
0	48	3	1491	7	
0	30	2	1317	4	
1	96	3	532	9	
0	59	7	92	2	
1	28	1	104	1	
1	95	5	823	8	
1	21	5	1059	2	
1	48	5	695	4	
1	38	4	834	9	
0	48	9	1315	3	
0	35	2	613	2	
0	12	4	1484	4	
0	55	1	1309	6	
1	79	3	519	6	
0	60	8	1810	8	
0	49	6	288	7	
0	53	5	1253	5	
0	6	2	1584	6	
0	1	7	1923	3	
1	73	7	1503	5	
1	75	5	1766	6	
0	81	5	1839	1	
1	61	9	1470	6	
1	84	2	1749	5	
0	14	3	1470	5	
1	19	3	668	6	
1	3	8	1357	3	
1	57	4	739	4	
0	17	6	121	3	
1	87	1	252	4	
1	23	1	356	7	
0	33	8	1750	3	
0	24	2	319	7	
0	51	6	1400	2	
0	36	4	1118	8	
0	9	2	1660	6	
1	55	3	1884	5	
0	34	1	1750	6	
1	58	4	1086	3	
1	34	5	83	7	
1	48	9	958	5	
0	64	3	1692	3	
1	52	5	1757	3	
1	93	2	289	6	
0	48	4	1552	7	
0	5	6	587	1	
1	51	7	1607	7	
1	91	4	344	1	
0	89	7	254	3	
1	88	6	503	3	
0	13	3	1782	7	
1	23	6	704	7	
1	42	7	1245	3	
1	91	4	748	4	
1	14	2	1382	2	
0	26	7	75	3	
0	51	6	593	2	
0	53	2	1176	5	
1	43	5	1888	4	
1	25	5	102	2	
1	86	4	888	2	
1	78	4	97	5	
1	17	3	1719	3	
0	49	2	1739	2	
1	81	8	272	5	
0	34	8	444	2	
0	52	4	193	1	
0	37	4	118	2	
115 167 144 41 104 171 99 84 89 150 130 157 197 172 166 137 105 69 135 132 5 97 47 165 200 128 200 89 28 156 130 134 71 28 177 106 168 177 56 110 155 194 65 139 149 35 127 145 86 156 193 148 76 126 18 192 11 53 31 51 143 187 113 137 167 4 101 24 65 123 154 18 197 29 122 15 29 127 47 99
191 67 50 16 162 196 162 42 161 62 103 165 68 199 46 50 99 117 121 25 10 158 46 65 75 126 108 192 78 137 199 54 153 37 109 157 117 175 6 130 175 91 34 30 145 113 76 82 134 64 67 26 50 73 67 121 128 83 159 174 176 88 119 158 94 10 161 2 94 54 59 116 96 128 5 13 120 189 115 184
21 133 42 19 59 8 186 39 9 102 64 126 68 147 95 187 31 49 127 199 58 55 12 63 188 49 173 130 2 169 199 20 125 199 83 98 9 169 94 46 165 128 198 1 133 25 56 190 199 113 70 197 146 31 15 190 22 130 151 31 56 31 28 194 109 195 108 87 141 19 116 189 81 188 38 28 177 97 65 38
64 73 84 63 162 177 62 145 82 15 164 3 174 102 54 81 152 45 69 92 160 150 143 190 46 65 193 5 119 75 15 127 45 93 123 172 39 168 149 54 178 154 136 134 138 104 82 197 8 65 24 2 29 66 16 150 159 131 96 52 83 107 54 179 34 182 88 121 63 8 30 97 65 106 72 200 20 116 162 12
87 68 6 196 186 10 83 85 70 195 6 139 59 64 99 114 165 114 71 145 2 167 74 147 37 53 114 79 17 160 169 168 107 160 54 178 159 188 54 51 76 191 190 172 154 60 62 27 70 170 42 169 123 93 17 91 77 83 90 165 152 148 20 143 2 171 194 196 151 111 34 84 23 8 103 135 175 17 37 67
55 121 200 82 51 27 171 136 182 91 200 109 157 200 52 104 79 197 7 95 105 157 129 42 187 193 47 48 85 133 154 41 176 181 91 168 83 165 11 68 23 110 6 181 52 33 185 166 114 114 165 8 24 18 19 54 52 10 137 144 26 125 197 19 4 143 175 123 29 125 58 193 67 198 131 185 180 41 48 81
11 136 30 54 29 85 191 54 187 154 171 36 134 129 70 87 200 161 127 62 153 187 91 66 142 18 74 153 170 164 140 151 55 178 80 97 33 71 60 156 85 64 113 77 43 38 171 106 68 45 39 67 146 159 77 121 121 16 91 191 197 55 193 159 75 193 83 85 10 24 145 135 49 29 174 15 31 97 74 174
36 134 77 194 144 111 98 150 15 180 57 8 95 73 171 181 139 11 32 21 12 93 117 36 49 45 41 68 6 137 108 133 39 100 39 58 180 87 141 13 153 104 29 186 154 167 70 59 96 37 193 166 170 149 64 118 54 188 82 53 84 50 54 197 198 92 61 185 162 163 66 174 75 20 1 55 70 166 186 123
32 156 80 13 191 86 128 180 103 46 60 70 164 59 50 164 184 51 35 199 31 187 143 5 25 125 179 176 55 34 197 25 134 163 191 73 42 76 164 138 173 138 117 155 17 127 35 169 6 62 158 56 111 84 156 57 67 157 163 145 10 9 162 1 137 168 133 82 20 33 2 10 40 90 184 101 122 85 62 62
109 166 60 5 69 79 3 38 188 188 182 199 172 140 46 96 179 126 22 10 92 138 18 98 45 96 84 120 166 48 45 68 9 51 137 87 22 15 160 180 114 181 146 87 72 163 6 19 90 184 188 122 6 115 140 62 10 3 87 190 131 85 192 74 68 37 30 57 64 41 65 113 172 165 21 74 84 120 47 182
178 94 106 3 176 38 175 181 157 52 93 33 70 47 146 118 48 195 31 66 89 113 190 157 189 148 121 74 168 134 132 110 171 59 156 141 192 193 125 103 133 165 177 27 116 131 93 32 19 44 48 87 26 179 28 91 72 91 185 153 89 199 37 170 189 162 14 67 64 117 16 7 118 150 26 30 137 109 163 131
131 125 26 113 87 136 12 165 36 188 157 72 155 156 68 135 45 151 159 14 79 187 137 118 152 122 29 26 149 167 169 84 175 66 49 62 142 2 62 55 37 63 93 7 121 96 136 59 103 33 51 131 34 65 49 60 96 70 151 146 186 80 93 109 63 39 20 35 151 60 103 69 163 51 79 114 110 132 95 156
14 55 44 168 186 40 122 7 190 196 153 154 20 98 81 19 99 34 85 162 183 25 108 171 173 182 109 76 183 167 90 81 58 167 103 83 57 139 157 148 176 151 158 135 26 99 65 71 22 120 47 49 136 180 24 13 137 25 36 191 190 138 106 179 84 85 178 113 8 50 172 63 18 197 8 80 126 133 192 11
20 66 12 136 104 45 109 102 94 37 43 86 37 71 10 120 63 33 27 31 28 28 190 196 60 180 63 36 27 103 174 100 157 99 50 81 99 194 53 24 67 30 63 9 90 188 188 88 94 89 115 20 132 58 48 132 157 142 147 14 192 110 70 86 71 173 46 174 5 191 85 163 131 70 151 68 44 99 73 199
127 128 128 142 160 151 84 42 89 78 131 53 108 24 68 179 187 9 138 78 94 86 25 125 79 156 77 104 169 46 101 84 68 21 90 151 11 7 121 85 89 56 120 153 189 24 30 34 165 51 59 47 5 6 139 123 14 190 138 129 138 2 60 167 52 106 20 23 186 127 144 44 56 113 180 74 42 7 46 17
153 65 49 80 104 183 52 164 5 110 181 173 161 41 198 182 188 104 135 50 44 123 1 177 149 69 162 195 139 94 199 104 12 191 2 123 167 193 75 54 66 92 147 75 184 95 72 144 141 23 106 1 150 25 72 116 8 16 68 61 111 55 57 168 44 177 13 65 121 193 72 152 24 5 99 102 128 197 191 33
78 149 4 21 72 6 78 88 14 105 18 134 3 167 140 200 107 189 108 13 182 192 101 22 74 21 110 32 122 27 28 1 200 143 61 80 103 14 74 108 143 79 57 128 135 152 185 28 20 164 27 119 158 30 196 148 42 43 53 88 64 66 73 28 38 177 136 108 169 113 62 162 196 67 136 194 7 94 69 11
200 63 160 200 180 121 102 175 114 119 44 53 171 172 89 190 90 166 2 187 43 174 102 121 82 101 190 126 122 113 93 132 130 6 197 3 191 105 44 179 82 42 44 31 60 70 191 131 194 14 58 100 193 60 36 27 163 28 154 103 10 89 121 34 39 51 78 51 151 167 52 190 135 103 187 139 148 38 114 14
29 16 106 100 67 157 36 105 9 77 158 53 75 101 182 170 134 152 87 78 92 128 90 98 177 92 150 122 95 44 30 151 101 93 101 195 142 59 166 186 53 146 82 15 75 154 102 71 154 153 145 12 131 35 161 22 143 165 15 29 78 169 106 112 175 29 32 130 175 168 45 112 40 120 193 71 136 43 22 62
6 169 172 132 127 28 115 163 156 186 164 193 59 125 19 49 173 196 59 145 97 94 103 173 189 113 84 43 190 74 182 134 85 40 30 188 21 191 151 35 82 112 152 55 139 117 69 20 193 180 68 83 46 138 34 34 16 129 138 192 15 59 129 12 151 87 148 153 138 131 26 93 131 144 187 82 37 166 96 120
50 174 195 186 146 82 32 116 5 9 20 63 95 14 193 135 152 118 194 118 54 15 43 81 45 191 28 141 68 182 135 4 75 30 200 66 105 171 122 171 87 198 105 127 145 62 129 41 100 47 118 162 195 70 51 83 90 48 15 37 176 185 130 33 35 97 126 160 50 10 105 46 128 43 49 173 46 172 136 144
28 77 188 197 179 14 168 105 188 163 34 122 84 3 182 89 127 182 156 182 190 194 29 166 134 20 62 111 88 59 10 172 189 8 21 168 16 150 162 13 165 197 9 23 123 153 164 70 143 162 103 12 41 184 171 164 187 87 11 99 164 107 168 167 145 8 7 62 167 10 177 176 188 134 145 21 67 39 102 50
21 32 98 64 128 65 103 59 170 135 120 145 41 95 144 84 77 158 43 131 94 166 8 19 151 58 7 129 66 27 188 197 31 169 120 48 107 152 189 51 118 159 161 187 110 104 75 115 166 152 144 7 134 76 164 71 194 117 29 84 26 185 189 56 39 10 91 56 124 132 18 171 134 188 18 26 23 134 82 141
106 96 19 146 38 91 42 120 90 179 68 42 165 28 162 127 139 39 104 153 187 20 183 164 18 6 69 67 112 64 38 148 164 16 58 136 181 104 80 196 155 101 94 77 182 119 119 100 168 55 144 24 39 183 60 15 184 163 88 144 155 22 181 58 6 116 96 124 73 151 185 52 96 109 180 164 5 189 77 140
9 138 164 173 98 26 75 92 67 13 28 67 102 127 196 30 15 147 133 97 105 186 184 127 38 64 194 126 175 58 124 72 180 46 83 139 141 93 115 64 128 147 79 110 16 133 120 23 23 69 30 101 103 80 10 174 156 171 98 108 181 20 18 48 165 150 153 33 82 18 192 90 3 34 71 166 93 107 9 100
197 69 80 185 52 33 199 41 9 191 7 158 187 56 32 116 155 68 117 160 18 33 16 161 163 184 116 181 143 34 160 181 129 132 3 128 17 190 51 49 67 137 145 186 82 31 184 55 177 19 200 60 169 133 196 198 80 30 64 157 145 111 150 15 123 89 88 38 24 153 160 116 70 181 33 12 143 119 135 42
106 140 112 34 126 133 59 20 80 53 79 70 121 149 40 42 11 171 104 15 156 98 193 38 3 160 7 129 199 109 26 30 17 67 142 132 183 34 58 171 141 114 23 136 89 168 50 127 63 141 19 45 173 15 13 165 113 86 177 109 8 65 107 181 96 47 71 76 60 162 107 172 144 93 112 157 152 77 18 74
170 113 38 195 198 32 131 73 136 28 136 83 130 24 10 33 182 112 129 137 117 137 168 66 75 55 32 163 7 114 112 131 182 164 64 124 180 159 59 178 193 75 153 108 142 84 112 115 144 25 74 93 170 176 118 65 103 195 68 91 126 56 73 101 194 151 44 131 36 196 182 160 42 137 156 67 159 184 66 149
18 175 4 189 141 2 170 192 181 20 169 11 111 13 48 16 109 161 187 101 193 39 43 45 23 187 29 72 71 55 10 59 106 116 75 63 149 49 131 191 27 50 32 3 99 38 95 139 52 42 77 115 50 190 191 143 158 43 120 81 127 170 88 180 113 64 140 6 107 167 144 163 40 133 121 4 187 42 182 180
12 173 158 133 192 1 49 125 93 76 72 99 11 57 61 167 12 34 2 54 104 94 96 35 162 32 114 142 130 184 84 6 55 49 118 115 22 95 183 140 174 140 195 155 137 6 170 200 36 182 70 118 193 31 97 158 119 78 155 110 18 121 93 168 154 51 87 170 111 65 197 58 162 39 146 17 183 71 61 89
37 50 74 148 24 196 81 51 85 170 175 17 125 122 156 69 22 183 53 195 131 142 182 130 38 129 110 46 7 130 98 59 147 142 80 164 101 90 170 109 44 5 130 110 188 116 5 132 158 121 51 1 193 161 96 127 161 176 96 15 36 61 24 90 191 116 171 90 57 32 161 187 72 195 129 41 38 86 25 141
63 82 50 109 58 191 128 195 97 167 24 164 68 85 39 6 78 22 184 157 137 71 193 8 142 100 133 143 106 108 168 157 174 42 37 12 162 185 190 8 132 120 146 119 131 74 197 193 63 70 153 117 168 121 14 184 150 63 69 95 197 154 50 15 129 159 56 77 21 133 161 37 75 159 93 108 72 169 29 180
197 157 111 27 37 118 64 14 46 104 168 61 31 66 155 149 193 43 165 18 65 62 118 190 147 2 82 75 163 125 198 196 164 131 38 80 16 116 129 137 87 153 199 172 73 103 144 174 86 11 191 123 146 191 62 96 118 126 183 111 31 110 197 141 177 181 142 16 156 149 154 104 147 149 153 83 174 163 176 41
32 168 95 102 24 151 167 111 75 132 59 171 183 6 135 155 170 138 140 162 19 100 8 31 5 52 45 175 110 9 137 26 132 156 59 48 113 46 15 115 193 15 86 80 123 97 45 125 160 129 16 68 181 160 40 16 78 23 31 126 41 151 13 164 184 23 116 184 41 84 14 60 189 194 41 4 167 194 93 69
108 146 5 103 43 135 45 48 47 11 7 43 39 6 9 175 123 14 58 39 112 32 56 78 176 120 198 153 127 58 70 9 168 92 178 161 120 50 120 31 96 151 84 180 130 171 37 145 54 108 178 74 142 163 21 16 28 10 127 75 114 6 23 49 95 39 128 18 57 104 193 42 102 181 28 21 170 149 139 37
172 34 156 58 68 24 127 20 86 68 183 89 54 93 114 125 200 145 132 49 26 102 2 27 94 115 166 31 124 100 71 58 67 163 64 46 101 87 71 95 33 127 32 150 6 54 94 12 85 152 121 70 164 192 163 17 194 187 91 128 131 79 61 66 133 88 167 68 193 4 130 74 148 74 186 100 101 98 139 111
34 138 124 163 33 174 13 119 169 46 83 78 109 118 185 112 140 164 52 56 68 11 13 61 187 21 156 42 105 18 85 78 173 147 195 181 66 105 179 105 152 47 170 166 171 146 88 169 10 40 136 123 103 166 82 70 44 117 84 193 199 146 184 136 80 185 110 10 42 199 65 118 93 153 190 58 75 104 177 187
121 88 120 85 13 28 74 142 46 199 119 124 120 33 55 56 19 88 191 135 93 192 54 178 60 118 70 106 114 101 16 74 200 76 114 49 19 92 25 58 15 113 130 37 3 128 130 197 151 42 124 179 2 187 182 103 58 194 153 64 190 94 134 89 39 38 35 54 37 98 7 34 93 131 190 89 55 119 42 128
176 139 158 10 200 84 133 62 39 48 33 118 40 75 96 193 14 5 65 47 159 65 82 93 141 93 38 198 143 45 184 4 7 39 28 15 167 61 172 49 178 141 97 144 9 102 53 172 148 41 197 135 90 104 166 78 104 169 31 30 40 31 154 17 173 60 180 176 118 122 168 72 181 186 39 177 164 166 34 183
162 21 86 108 26 5 42 169 50 44 13 11 53 128 127 109 163 14 90 160 172 106 46 81 198 82 164 188 140 165 92 135 174 52 121 139 114 9 200 61 103 185 75 194 128 199 167 108 163 59 184 27 40 15 21 115 119 118 24 165 60 195 29 57 127 156 91 195 8 118 160 185 81 98 39 114 138 29 114 59
85 85 129 119 4 141 159 118 66 7 46 19 121 189 112 164 197 22 98 13 168 104 72 79 22 68 19 4 38 184 45 22 100 122 193 170 51 112 170 32 54 37 76 84 191 132 87 84 32 180 18 87 48 2 7 17 69 178 164 63 117 80 179 57 12 136 167 179 35 124 114 48 154 10 184 107 31 20 147 82
195 80 11 98 105 119 149 130 132 45 73 168 18 40 59 124 34 168 155 91 110 187 61 190 89 53 49 24 39 32 52 54 132 130 141 62 129 106 112 185 82 66 58 176 63 47 167 101 43 14 62 184 131 145 155 39 120 167 136 104 127 116 94 52 198 184 187 127 177 23 86 74 130 60 187 24 84 22 108 200
59 77 198 194 36 1 76 90 109 16 189 123 77 122 104 83 2 119 29 195 106 168 190 57 32 126 35 99 67 148 60 157 197 24 33 29 8 73 187 25 38 188 126 133 53 73 6 117 145 82 190 101 23 128 157 71 147 63 183 175 115 174 132 58 146 103 98 9 95 191 67 35 68 71 32 147 57 17 136 19
42 186 31 196 146 183 75 186 78 192 14 165 47 180 188 108 147 100 24 49 38 45 26 142 39 75 13 56 12 15 66 152 99 176 47 53 87 99 87 103 117 24 118 95 167 112 174 161 142 191 21 86 69 137 139 112 114 152 139 195 184 123 177 50 60 61 30 109 9 119 4 178 45 123 76 15 7 95 193 82
22 81 57 186 108 75 149 140 101 126 154 112 5 149 59 47 98 147 117 5 195 177 69 70 91 188 37 155 65 163 99 67 58 100 53 122 175 78 44 154 159 14 184 122 1 134 50 104 82 165 23 4 114 116 116 198 47 134 52 152 145 114 172 182 12 17 113 75 175 130 103 124 156 9 40 125 12 6 78 11
173 138 105 56 127 74 82 191 160 179 20 118 104 83 50 186 119 185 132 40 60 99 132 157 96 167 181 32 76 121 68 95 140 100 105 120 152 139 123 20 48 89 87 150 114 24 134 83 79 49 164 139 67 157 196 62 149 188 139 74 58 76 175 35 190 118 115 167 89 161 79 59 23 76 173 116 85 97 62 12
30 84 41 63 1 182 74 178 19 86 169 86 75 167 143 61 65 66 160 167 116 180 7 22 156 32 143 178 34 180 106 146 198 98 175 184 197 79 17 160 84 189 60 158 134 193 144 82 175 171 1 100 199 149 194 101 158 171 167 187 21 127 73 103 192 181 169 129 164 12 22 88 23 134 161 20 4 98 90 150
59 101 177 23 50 96 116 198 92 153 12 93 30 70 38 136 174 191 62 167 155 147 17 195 183 141 144 193 120 67 167 90 36 21 199 7 29 118 146 2 105 160 177 48 76 130 89 6 49 198 135 160 156 96 71 181 69 8 51 200 176 120 78 2 116 171 197 78 150 157 139 66 134 29 79 49 83 6 129 42
9 171 189 155 76 132 196 38 181 188 1 73 19 23 124 128 8 142 162 149 94 160 190 158 10 140 166 24 40 158 79 66 164 111 126 153 12 16 92 166 161 162 109 142 70 49 176 182 78 19 18 118 148 104 63 134 136 145 4 92 34 87 189 49 173 46 161 14 80 200 162 151 5 51 78 146 38 7 151 74
94 141 185 12 17 149 31 112 147 28 126 75 11 85 149 150 164 146 182 146 175 135 126 179 6 126 94 131 158 194 18 177 25 48 91 25 82 91 26 55 87 33 14 10 143 71 108 57 66 63 184 162 103 64 24 103 160 144 116 109 77 70 57 158 47 78 159 68 91 47 152 160 69 37 169 92 169 135 85 179
141 77 10 60 38 174 73 158 197 189 161 141 124 103 169 75 24 162 171 68 43 54 103 59 95 131 27 4 1 115 103 83 140 63 163 124 111 184 155 105 9 32 122 52 16 60 112 87 48 16 156 113 77 59 103 83 125 139 123 30 24 194 144 112 158 138 144 74 146 7 187 174 134 47 179 150 199 126 157 155
179 190 169 18 189 118 176 100 121 102 16 77 82 193 199 168 28 122 191 78 96 76 63 70 86 102 131 174 93 26 195 61 52 31 138 73 59 161 161 177 194 82 106 181 17 63 134 40 179 141 189 196 30 33 113 5 17 151 81 96 199 133 79 139 112 149 199 65 134 96 125 66 14 93 63 128 80 62 70 81
45 109 50 112 85 174 52 21 120 53 26 153 188 62 183 77 190 53 90 97 158 19 138 66 195 113 22 98 43 90 58 197 189 186 165 19 46 101 165 79 1 132 151 138 164 26 113 186 129 21 95 101 7 135 85 45 189 133 97 103 106 3 45 158 117 106 177 107 143 108 44 141 104 107 119 20 144 122 59 141
46 164 97 154 95 83 20 185 87 28 13 186 101 126 156 93 77 40 184 31 127 27 148 168 125 81 43 92 67 144 177 63 105 106 102 190 175 155 154 12 36 148 5 181 110 84 111 195 87 153 41 55 89 149 127 90 159 68 36 159 56 170 174 52 199 23 13 77 175 124 142 52 157 90 21 108 108 6 40 139
94 185 165 123 34 151 56 161 35 76 127 194 54 71 114 38 82 150 24 168 20 49 92 121 181 168 136 91 104 83 173 7 112 31 145 19 102 144 148 168 108 185 109 75 52 192 98 137 115 26 118 159 135 16 126 181 50 153 114 144 105 142 61 78 45 1 72 23 16 120 157 140 45 59 58 170 60 54 92 191
185 30 155 102 141 76 130 183 141 5 191 107 135 40 195 159 42 178 145 15 107 165 90 98 48 157 104 94 172 123 153 77 62 132 26 157 32 44 127 112 75 45 70 53 105 188 199 78 143 123 25 15 62 70 8 57 16 42 189 100 92 119 187 50 51 34 192 173 155 189 158 125 121 161 90 186 159 75 38 184
116 107 78 111 99 114 83 53 92 187 56 41 89 154 20 81 119 46 56 179 117 36 172 81 186 58 142 21 40 28 77 131 96 75 200 54 179 18 159 162 107 157 95 163 172 86 126 21 183 182 24 95 168 112 86 172 195 45 154 159 49 185 14 31 75 172 176 27 21 57 144 37 93 113 36 179 90 32 62 50
175 167 91 25 123 10 126 145 20 63 56 146 25 149 87 200 157 161 188 19 140 3 14 160 175 20 106 49 121 76 183 46 113 128 86 101 138 51 25 17 16 26 175 53 78 11 136 186 42 49 177 127 197 90 136 178 15 114 12 130 105 79 129 173 76 160 171 126 56 198 100 102 32 42 94 51 180 198 27 12
172 90 1 40 93 192 20 113 23 101 173 33 55 160 167 158 74 48 77 87 176 68 8 7 129 133 190 124 10 7 161 49 61 195 127 139 114 161 190 126 161 103 149 165 173 162 51 193 52 196 45 163 137 158 142 164 2 110 73 91 94 72 162 147 197 63 74 175 51 51 149 148 2 152 69 139 29 142 20 173
199 121 63 140 34 50 87 150 55 4 149 35 84 152 198 49 135 154 67 175 47 166 73 17 126 42 193 175 6 193 177 14 11 93 74 133 13 43 194 109 9 14 193 59 188 79 3 99 118 94 98 162 68 16 52 88 65 43 105 59 51 195 175 108 183 6 146 135 20 22 127 3 199 125 48 146 159 33 137 157
72 68 197 190 42 75 21 137 45 179 109 58 171 72 59 134 33 20 127 84 122 107 5 35 54 194 148 97 39 44 184 85 156 152 164 65 165 110 69 91 84 6 168 159 146 49 50 129 172 160 123 147 140 25 142 81 41 191 59 154 110 122 21 136 90 131 153 2 115 115 12 32 184 144 147 12 5 181 44 126
104 122 165 94 134 85 52 91 71 189 59 30 43 132 27 39 183 117 100 85 75 91 165 59 162 114 108 59 187 97 182 12 24 182 139 95 56 43 137 163 12 187 181 197 49 69 84 48 115 129 198 124 32 64 188 98 58 6 72 24 67 31 113 118 24 71 82 177 52 34 31 70 47 171 50 16 5 57 93 62
142 71 179 150 191 33 131 5 83 72 179 158 123 23 44 72 158 181 97 120 129 54 80 181 186 151 176 188 107 120 105 192 98 146 60 35 20 194 58 52 111 71 145 80 180 199 129 97 131 92 60 164 131 140 128 101 48 99 93 198 20 80 133 186 69 145 45 133 149 36 66 167 77 11 50 195 159 13 164 143
66 4 49 67 178 182 12 105 164 14 146 90 27 35 75 131 64 63 159 66 98 144 184 142 5 92 83 159 123 146 139 16 56 25 3 160 48 47 151 4 68 36 120 189 170 171 194 200 183 11 177 93 157 113 59 158 11 69 5 98 179 11 122 76 6 8 107 103 27 16 125 71 101 45 140 57 29 119 193 196
184 163 127 39 56 36 32 67 55 161 146 25 84 154 150 34 150 40 17 149 27 199 21 86 156 79 44 137 117 53 94 167 16 127 6 156 68 194 40 156 199 159 48 117 135 57 175 81 69 121 96 173 105 123 161 187 75 169 139 15 138 61 123 173 162 2 48 185 159 129 68 40 142 187 43 101 174 119 157 111
20 92 106 107 141 98 112 128 197 118 10 195 167 52 50 129 100 78 22 62 176 174 156 116 89 12 151 123 186 95 121 34 40 104 19 26 174 128 165 189 8 168 83 163 20 99 110 44 193 46 171 24 48 6 108 63 180 191 60 82 51 143 185 54 65 108 65 199 107 111 45 34 116 10 192 151 23 149 39 143
150 187 139 31 83 83 20 107 123 163 157 80 143 54 71 64 125 134 11 118 178 191 144 185 108 67 149 2 194 101 150 162 30 157 135 199 117 107 177 100 182 85 103 55 176 196 4 138 15 85 71 174 92 97 54 165 110 64 49 76 200 5 103 123 110 115 5 68 123 193 64 73 103 73 200 111 80 51 43 136
180 180 76 47 115 48 82 21 20 200 42 56 19 146 126 125 115 187 32 7 59 71 27 83 72 154 176 72 54 132 126 149 103 192 25 174 134 2 95 21 183 107 198 174 100 26 56 61 55 163 138 170 178 180 192 1 120 195 134 76 68 149 17 123 99 17 178 99 82 173 120 55 77 20 165 82 88 89 4 40
109 8 149 148 48 48 57 118 159 45 121 110 75 147 19 154 59 28 110 76 100 1 107 2 16 122 20 86 59 124 127 191 69 128 104 51 121 10 200 71 63 57 13 147 137 113 199 165 44 136 135 190 111 52 169 144 52 28 54 104 102 17 159 9 14 130 90 143 32 1 153 35 123 113 187 82 177 157 128 147
139 43 196 13 128 142 33 95 155 142 82 32 82 27 76 164 87 76 44 48 160 119 198 97 118 30 81 124 56 25 93 135 19 74 97 172 200 198 39 83 81 186 70 187 163 191 162 197 75 192 83 11 181 185 151 140 3 45 5 100 182 174 75 113 125 6 73 87 150 12 57 74 156 197 162 75 41 6 46 59
127 135 112 56 130 110 37 50 177 15 102 64 160 110 80 21 31 184 106 188 20 110 104 101 122 85 26 89 56 42 124 194 106 76 41 162 13 130 130 150 8 118 23 95 43 190 6 81 7 91 170 73 81 72 50 50 101 190 69 8 21 10 33 85 39 15 145 66 107 38 9 134 134 1 19 94 146 91 83 19
10 159 44 49 181 138 177 116 114 150 195 153 66 173 112 35 151 97 135 162 38 149 3 147 175 54 96 106 97 126 58 141 161 121 135 79 61 105 120 173 152 124 143 92 78 199 173 12 8 83 124 172 142 173 44 100 180 89 158 167 71 136 142 155 152 124 116 42 117 30 194 125 144 35 55 50 179 57 138 58
36 112 10 53 36 3 58 115 37 151 118 110 177 77 153 173 120 58 71 60 191 86 28 60 148 67 182 89 21 70 62 136 142 19 62 186 184 25 22 153 191 92 78 47 107 73 100 126 186 88 21 144 65 93 124 156 123 86 175 42 122 61 130 149 23 137 64 23 111 98 121 17 200 10 57 134 50 150 52 128
155 183 124 52 171 52 88 149 112 185 32 185 128 2 155 6 134 98 48 32 64 26 3 87 11 54 87 144 171 97 107 172 19 44 54 131 63 166 167 45 137 126 111 53 62 198 183 19 6 90 10 72 15 88 1 187 185 112 101 1 47 21 57 166 95 146 60 73 27 104 90 106 80 74 191 112 178 189 150 190
193 13 115 196 48 187 198 183 167 181 79 84 171 162 80 93 143 121 4 25 44 161 62 170 176 48 96 130 29 21 154 138 121 115 138 119 178 42 141 187 2 50 13 103 134 94 79 165 2 182 63 65 28 171 38 57 185 22 99 165 199 178 76 127 108 145 164 194 58 183 95 43 40 126 115 179 87 11 62 84
27 88 153 89 25 80 168 189 185 30 18 131 16 11 200 108 81 33 37 94 4 199 141 125 103 191 129 88 83 71 45 186 42 141 133 156 14 112 170 162 64 174 129 4 87 126 174 129 18 109 101 154 172 152 101 43 6 44 190 10 166 86 141 54 200 30 136 36 168 140 108 175 123 44 38 161 116 114 10 114
50 124 161 29 128 93 193 104 183 155 148 125 170 93 151 134 142 171 51 35 64 56 90 125 62 151 159 98 128 107 166 160 28 198 85 136 172 49 49 5 67 116 89 185 200 64 58 134 195 121 106 49 71 187 77 17 72 45 66 10 6 163 59 110 134 95 156 70 119 96 97 188 40 108 168 120 86 106 125 36
155 69 136 50 180 107 7 5 171 87 108 176 1 180 177 137 155 183 14 106 111 43 166 63 24 190 182 172 83 195 189 152 95 68 171 60 109 21 93 100 131 143 134 68 125 147 75 174 163 189 128 186 111 37 124 42 70 64 70 141 31 96 73 31 73 181 185 194 102 17 30 104 29 47 114 19 183 49 146 175
94 76 113 110 48 179 170 184 161 118 22 38 172 76 79 161 170 185 92 107 195 53 143 80 48 148 1 34 114 48 44 15 18 137 187 171 166 137 2 113 34 15 125 132 159 183 87 66 24 132 49 189 126 37 21 136 122 148 157 67 111 119 180 99 109 14 153 124 64 6 25 175 134 75 133 38 42 41 69 38
36 171 3 182 8 136 112 179 48 148 165 177 190 142 189 177 105 74 139 190 102 133 65 107 46 169 13 102 160 169 99 104 34 107 74 81 19 158 99 12 72 4 24 73 176 143 4 179 95 186 135 171 63 95 183 8 77 168 86 36 151 145 179 27 153 52 120 20 37 197 192 94 97 162 166 118 178 26 191 16
153 130 188 66 5 143 16 110 26 124 133 176 135 170 70 82 64 171 194 90 63 134 129 153 12 95 120 11 89 187 153 147 141 97 136 181 139 34 31 161 33 31 116 142 117 157 80 50 150 57 84 185 26 164 111 11 85 97 92 135 32 183 78 45 59 181 87 30 197 113 142 161 141 173 2 113 113 38 76 99
