80 	
0	16
0	98	7	665	9	
0	24	9	1464	5	
1	57	2	12	6	
1	30	4	1401	3	
0	28	5	1933	7	
0	45	7	839	1	
1	65	1	1429	5	
1	35	6	1453	4	
0	40	8	421	3	
0	3	2	993	5	
1	70	3	785	7	
1	6	9	673	5	
0	29	2	369	1	
0	70	5	573	5	
0	36	6	1456	1	
0	40	5	801	8	
1	67	5	288	9	
1	77	5	719	3	
1	3	4	839	9	
1	4	6	666	8	
1	87	7	467	2	
0	90	2	1715	9	
0	31	2	1844	2	
1	99	4	559	5	
1	57	9	1162	2	
0	31	8	50	5	
0	10	6	1574	9	
0	9	7	293	5	
1	36	4	1371	1	
1	46	4	1470	2	
0	77	7	836	5	
0	53	2	1005	4	
1	92	7	151	7	
1	93	2	750	2	
1	18	7	96	9	
1	60	6	383	3	
1	77	3	585	3	
1	67	3	815	5	
1	83	1	1928	6	
0	4	3	589	4	
0	9	9	1303	7	
1	53	6	1607	6	
1	25	4	1301	8	
1	79	2	174	8	
0	7	3	1850	4	
1	93	7	1850	5	
1	64	8	144	1	
0	11	1	393	6	
1	96	6	305	5	
0	93	5	457	5	
1	77	5	1951	7	
1	30	7	1197	2	
0	25	8	1541	1	
1	29	3	750	9	
1	66	8	1264	3	
1	26	6	869	3	
0	22	2	123	4	
0	74	3	978	7	
0	35	5	1120	5	
1	23	3	826	2	
0	41	4	1456	1	
0	46	3	1171	6	
1	83	8	1867	5	
0	57	2	721	2	
1	17	6	1268	8	
1	46	3	624	2	
0	27	2	981	4	
0	44	8	1728	3	
0	60	9	797	5	
1	16	4	1633	8	
0	47	1	369	2	
0	72	1	541	9	
0	58	6	1382	5	
0	97	1	1017	3	
0	91	8	1849	6	
0	39	5	1805	8	
1	60	7	98	1	
0	77	8	1392	3	
1	20	4	335	2	
1	51	6	692	7	
49 67 173 198 2 137 145 83 24 67 100 193 69 23 86 165 167 194 35 33 41 21 89 81 187 44 30 96 194 107 166 7 192 145 28 160 26 94 104 51 64 112 22 185 56 91 156 4 28 65 55 25 20 3 14 177 116 117 145 123 81 199 21 83 146 29 179 71 78 53 20 21 121 59 142 178 6 174 121 123
104 176 79 45 179 156 152 106 62 189 44 194 147 5 67 14 11 79 187 64 60 138 137 121 69 199 175 49 27 148 135 18 81 43 103 160 143 97 152 171 69 111 20 106 110 35 133 42 128 114 41 195 154 62 194 126 192 34 121 91 190 174 172 176 29 154 113 133 118 122 200 50 185 30 39 136 107 144 177 8
184 176 13 177 3 130 177 136 130 65 130 77 48 11 47 40 178 125 134 113 15 74 118 7 140 43 138 131 190 39 174 128 3 78 151 84 49 96 110 25 171 194 96 161 109 115 20 50 28 101 194 47 50 18 151 173 82 63 111 100 45 100 5 72 180 165 24 153 7 171 163 2 54 41 110 169 194 26 187 117
23 171 196 134 122 174 57 21 66 200 73 31 75 104 85 4 26 49 171 145 38 135 73 157 76 187 50 181 200 171 11 80 1 138 194 54 170 168 141 82 50 159 61 184 189 193 76 34 91 190 82 80 52 122 109 176 137 54 21 192 90 134 71 19 76 42 2 119 20 196 97 14 154 33 84 140 71 64 74 172
14 6 102 116 56 91 33 37 97 135 14 73 173 104 181 162 171 177 70 129 144 7 52 124 52 191 178 75 174 188 6 16 198 86 31 172 164 182 190 83 135 60 111 145 116 175 140 199 138 112 85 197 38 87 58 172 29 154 191 45 48 116 115 47 129 156 195 107 182 186 180 150 103 144 168 147 119 175 184 20
191 83 46 76 56 92 95 119 133 108 6 182 198 15 72 25 53 21 42 18 57 179 139 91 66 49 109 196 172 1 31 35 11 199 53 117 192 132 129 87 41 124 192 51 45 48 160 82 132 81 54 82 55 95 109 180 162 118 6 149 194 142 27 194 161 108 110 83 165 45 161 147 152 158 21 87 155 100 168 106
12 139 198 22 110 143 27 110 13 168 150 52 85 75 135 169 116 13 54 101 153 180 73 134 130 154 135 158 113 45 72 68 181 197 85 21 70 90 26 138 184 85 81 73 94 141 89 99 36 49 65 1 141 54 96 91 184 42 41 171 147 189 161 36 140 138 169 156 46 76 77 38 187 65 36 134 129 148 129 59
109 163 98 115 200 127 42 195 139 71 104 2 197 115 60 188 121 71 115 137 118 173 124 15 11 27 92 7 19 38 101 167 195 180 198 167 188 57 108 39 166 29 189 89 40 107 137 59 121 170 6 133 168 21 173 52 128 168 133 78 28 44 171 55 75 178 73 159 50 13 132 95 56 134 88 115 138 25 61 155
187 94 174 68 16 172 91 36 193 61 98 198 15 169 200 36 49 85 43 62 173 161 26 35 121 94 184 168 101 135 53 191 67 117 180 135 103 10 64 86 44 103 113 46 187 8 122 39 145 188 127 132 43 114 120 162 152 60 192 73 189 192 185 198 1 5 142 155 92 10 41 43 25 127 105 106 158 162 91 158
114 57 93 92 102 93 110 140 137 156 117 47 7 198 106 162 55 156 144 71 31 11 165 114 122 166 171 200 75 40 14 127 60 79 89 45 144 141 7 43 199 150 29 53 124 49 119 7 65 69 160 77 103 44 41 14 50 141 136 54 15 11 188 71 23 194 181 35 160 176 73 85 111 51 61 36 91 82 138 200
168 135 98 70 119 38 45 61 151 180 184 104 154 149 61 80 107 180 36 194 18 89 150 161 155 169 13 138 185 11 106 10 144 121 64 128 159 167 40 50 93 52 192 99 23 172 124 52 59 193 198 197 83 162 26 31 41 44 150 192 76 200 78 11 183 157 63 192 68 81 98 184 87 196 47 173 11 109 156 109
23 83 194 86 52 85 7 129 91 69 64 16 146 38 133 153 190 133 116 123 122 100 96 188 180 101 121 178 174 120 44 12 105 110 25 171 159 41 58 47 23 99 101 184 138 113 135 131 180 11 184 45 180 13 109 41 5 101 33 84 16 9 40 36 31 108 144 105 83 148 36 17 196 20 100 2 181 102 182 109
14 93 160 189 198 197 164 131 133 123 79 139 123 117 58 61 156 181 70 64 195 32 96 1 87 163 164 158 166 54 116 194 142 108 62 199 47 47 120 63 181 194 117 80 83 72 170 114 72 75 161 189 148 46 115 13 45 108 125 141 195 15 69 31 111 67 151 138 98 82 84 27 196 63 123 136 90 24 60 19
110 187 177 109 148 112 24 25 68 125 131 18 143 125 138 175 95 168 45 134 5 15 85 45 173 114 4 131 181 40 191 45 25 42 168 151 45 175 60 117 153 156 79 184 102 157 17 141 96 93 171 181 50 158 86 27 35 145 104 172 148 177 181 167 148 178 107 169 154 156 77 199 101 141 188 98 137 90 145 103
127 31 55 110 90 59 91 194 3 32 156 197 143 123 190 132 76 33 95 167 107 63 99 21 3 2 199 128 149 127 57 60 110 59 96 88 144 65 121 114 69 59 93 78 167 64 58 76 162 17 39 13 85 117 40 136 8 180 78 117 24 194 180 9 124 139 19 56 66 71 34 6 153 93 44 14 144 24 20 112
83 165 180 14 78 63 159 104 108 132 189 26 117 134 3 6 175 7 92 34 10 98 5 103 7 167 123 27 124 3 83 165 1 8 170 111 15 33 50 12 197 12 145 28 70 119 42 4 140 140 25 8 50 45 57 75 157 181 120 13 120 130 155 133 124 190 1 52 137 162 115 69 86 45 190 16 127 149 12 170
64 175 94 87 81 81 52 44 85 183 7 11 105 120 154 149 166 195 51 47 132 25 98 127 196 107 54 19 98 70 27 100 147 43 57 30 14 177 30 120 86 140 178 1 121 27 114 15 10 26 138 42 113 32 97 76 42 59 55 23 162 108 134 113 69 55 25 7 12 110 68 86 129 138 156 191 28 84 47 77
23 74 14 112 22 19 196 132 140 110 121 49 189 197 87 94 198 49 82 54 69 24 102 138 135 158 83 3 80 3 168 92 180 146 100 37 198 99 194 34 168 101 87 167 29 66 140 115 30 60 88 148 103 6 126 125 35 126 196 121 123 199 186 40 40 79 198 142 44 110 63 90 16 170 84 188 39 61 68 111
86 22 112 4 38 22 162 180 34 61 123 193 125 63 111 18 16 199 180 187 149 179 107 34 131 95 128 20 48 76 16 131 52 6 85 187 151 50 97 41 95 76 45 106 200 33 160 90 71 117 109 20 17 143 152 101 87 184 180 93 164 73 8 24 57 130 133 196 167 76 189 154 152 95 170 182 147 151 59 152
177 88 183 33 142 32 41 51 167 90 69 106 97 33 10 86 154 164 145 147 27 176 5 25 127 24 142 173 162 131 149 172 117 121 129 154 69 103 117 158 18 45 107 145 140 179 174 78 7 196 137 98 145 85 158 123 46 63 110 32 181 154 114 37 57 10 90 25 11 71 55 145 37 196 43 193 82 142 111 18
132 99 142 85 161 81 172 91 82 34 31 36 71 108 8 22 35 9 84 53 36 18 87 145 95 199 121 111 99 59 143 14 138 2 158 148 167 84 82 139 199 85 13 40 174 64 57 181 17 200 120 82 148 177 44 143 196 8 171 19 42 83 111 149 41 44 196 76 33 168 72 78 74 179 51 28 178 127 171 20
37 38 153 24 181 121 9 65 117 2 133 130 11 98 81 118 197 80 18 77 72 76 120 28 122 5 14 147 16 151 174 107 114 109 163 136 48 175 171 74 28 110 139 45 43 60 81 41 143 68 165 85 198 150 57 70 3 50 6 78 102 151 5 191 96 166 78 50 118 96 157 116 10 182 24 37 84 178 121 62
28 18 88 49 67 93 156 167 145 167 106 160 128 71 66 6 31 144 75 53 148 190 39 108 35 51 106 99 196 36 139 144 171 18 108 185 23 38 30 170 153 155 115 56 119 8 146 91 109 102 29 136 93 200 55 92 80 62 20 35 34 172 114 169 73 52 117 132 132 182 191 35 37 140 94 78 179 145 70 165
67 124 76 196 51 180 149 144 148 74 153 150 135 200 187 111 7 123 50 158 13 48 142 120 158 54 24 153 154 82 136 45 107 54 29 139 27 132 199 139 106 117 4 22 32 194 92 199 52 85 83 192 80 150 49 200 44 101 85 128 26 9 137 3 107 150 170 116 72 17 162 154 23 174 144 60 180 119 24 199
4 131 148 65 59 110 85 49 52 70 130 114 73 4 151 37 18 157 78 179 100 122 6 99 38 27 161 67 5 121 120 31 55 23 106 142 156 146 162 181 156 183 97 25 197 150 197 106 58 155 91 151 129 30 103 195 14 104 84 53 31 44 2 5 25 93 156 154 138 74 9 81 91 68 71 87 87 114 173 83
158 174 85 50 101 195 4 116 103 165 113 95 24 45 45 129 32 188 130 171 2 140 76 178 22 134 108 187 141 141 174 105 13 61 44 108 80 50 113 21 131 59 159 117 22 16 58 155 107 146 44 71 84 124 89 185 155 132 50 41 147 126 177 153 82 113 15 164 164 152 159 32 3 77 193 169 15 1 60 27
28 165 87 55 149 40 114 103 119 149 41 55 37 24 180 119 117 65 156 129 164 17 57 75 175 3 80 71 90 100 141 31 2 77 42 120 85 135 89 70 172 120 181 35 54 110 73 186 36 113 112 162 86 118 50 183 56 61 29 183 27 39 71 73 129 3 192 111 34 1 180 154 28 8 67 117 92 167 82 11
155 15 154 42 105 41 187 100 32 27 166 130 101 182 96 170 74 3 23 127 92 110 36 153 113 191 147 21 16 118 174 170 99 4 67 38 163 52 10 33 2 178 77 4 100 113 191 172 7 43 28 196 187 53 64 104 5 108 31 173 41 19 57 34 95 114 55 118 144 81 43 19 157 63 92 186 102 73 162 96
47 28 110 185 118 45 75 92 20 99 172 120 134 47 80 68 128 98 136 108 25 75 59 150 94 120 125 74 192 6 128 45 30 28 146 107 52 193 112 19 165 109 190 106 66 73 108 170 77 46 3 38 101 151 110 93 137 150 92 43 193 84 46 30 100 35 92 79 35 137 2 1 55 46 56 122 38 22 39 7
123 59 121 178 73 152 92 82 100 149 48 185 115 130 74 138 139 30 78 133 98 192 58 148 170 96 72 194 191 39 4 111 55 118 154 23 178 35 144 32 149 44 151 110 150 159 103 10 102 46 129 96 158 130 21 179 105 124 140 160 49 143 125 76 123 31 23 108 172 104 189 9 159 99 129 20 154 162 122 78
22 123 84 146 156 44 42 199 93 86 118 86 18 199 101 35 25 29 199 79 101 47 99 110 119 54 37 150 100 114 192 9 122 169 34 30 68 22 114 34 28 152 11 169 89 131 1 158 1 126 166 142 67 58 182 191 141 36 180 133 47 111 52 48 7 52 11 48 81 11 46 26 70 29 24 14 81 63 98 167
160 29 99 97 9 168 132 16 126 67 103 39 22 106 185 51 9 95 115 182 195 191 150 157 129 184 128 146 48 8 26 200 179 90 160 3 197 19 7 120 162 1 197 101 184 124 152 55 103 165 106 5 60 95 175 131 135 162 50 128 164 89 199 123 166 187 72 64 96 110 52 31 79 173 101 86 146 118 51 168
193 122 179 124 187 181 60 120 111 27 24 156 10 107 16 136 147 115 136 164 20 74 138 86 133 109 27 125 192 44 51 199 64 68 185 121 12 120 162 107 83 153 148 173 193 48 140 30 119 154 107 154 153 86 50 35 66 82 182 164 175 113 109 133 53 199 9 3 86 68 76 84 188 33 119 169 196 46 167 10
20 44 125 45 49 154 146 67 75 195 14 53 127 2 190 130 172 170 159 153 103 163 150 88 2 162 130 35 9 123 29 60 109 88 78 19 179 52 198 124 159 49 3 70 23 145 77 122 170 153 102 111 10 107 47 42 190 24 194 43 159 53 76 68 102 140 3 106 18 156 159 179 21 61 4 112 117 137 158 110
51 163 196 70 86 74 78 125 199 103 49 175 145 4 58 68 143 162 132 63 58 67 5 24 165 189 116 125 63 52 110 154 30 25 27 190 68 34 116 23 152 58 97 6 21 114 121 4 167 64 135 150 147 10 12 17 170 159 130 105 25 48 102 144 19 115 171 114 165 126 78 117 73 57 40 130 178 197 169 100
40 157 173 123 110 193 84 98 54 35 34 49 154 111 115 68 46 24 98 53 3 12 136 184 175 146 177 130 42 14 127 26 88 62 78 86 196 81 143 141 126 38 144 132 106 195 5 33 132 30 156 180 193 19 64 170 90 18 98 116 28 151 4 5 35 114 5 120 174 16 70 30 113 157 190 17 195 173 170 197
90 27 96 162 30 128 14 56 114 29 162 74 14 125 88 86 195 58 114 146 56 92 64 15 151 190 188 30 20 59 193 122 174 122 23 125 190 11 2 29 176 83 15 112 139 195 53 34 177 37 113 71 8 118 38 55 83 77 11 19 28 35 200 103 154 124 195 14 27 55 44 195 101 88 1 135 47 129 35 89
137 68 6 148 43 32 69 124 121 47 91 9 97 172 104 11 146 26 146 59 120 172 195 64 101 72 165 33 146 24 134 53 115 198 8 165 164 57 23 107 165 191 10 51 93 41 99 25 76 200 192 47 184 152 14 78 122 57 65 34 172 11 69 142 1 85 190 89 134 9 136 106 76 62 15 25 151 175 74 32
70 51 64 109 121 98 35 141 67 129 53 80 129 134 19 95 54 51 122 109 54 118 13 178 82 41 128 88 116 32 8 157 137 167 172 199 39 16 177 98 171 173 147 129 118 199 158 154 37 186 138 173 129 16 123 51 188 123 182 149 190 184 194 9 63 41 23 54 163 182 187 118 143 184 19 62 126 86 137 105
46 145 189 163 130 37 38 131 11 102 65 150 111 30 177 18 160 127 199 78 187 154 144 194 12 6 2 145 103 188 180 52 185 24 188 129 152 172 38 141 87 163 108 187 26 54 124 146 11 144 79 110 179 32 40 67 75 176 115 178 6 59 3 114 50 86 159 174 13 46 73 167 48 84 159 72 7 64 186 124
33 70 104 107 141 112 114 149 13 177 149 19 46 40 80 8 41 158 69 24 193 47 60 100 78 2 173 148 106 111 157 5 23 166 140 38 18 168 137 23 42 197 94 66 146 167 15 24 94 90 36 31 189 96 193 114 129 183 104 118 192 191 198 46 81 17 102 124 25 106 18 196 43 50 16 118 170 137 185 58
184 186 47 115 59 126 101 83 55 190 9 23 125 104 188 12 196 147 135 110 2 31 183 70 68 101 10 90 90 118 180 130 3 61 8 183 123 64 59 79 169 145 121 21 127 8 154 52 128 112 109 133 166 88 41 100 88 136 109 70 138 13 82 153 28 81 183 186 135 181 84 148 173 138 86 33 37 123 33 60
90 62 132 180 119 173 86 64 100 114 72 37 96 143 60 112 42 105 85 186 40 74 142 120 128 196 49 14 200 164 173 93 146 198 11 27 159 35 34 174 176 182 105 59 70 77 165 117 149 4 9 178 58 152 99 151 143 42 134 152 191 198 23 33 200 165 48 184 174 146 98 43 138 84 50 109 63 162 124 165
92 143 37 17 32 56 30 161 135 189 165 191 76 97 31 153 131 66 51 123 130 196 197 48 63 7 13 26 13 63 158 174 70 14 31 194 85 166 47 196 122 130 66 186 16 109 100 176 42 164 193 110 73 176 155 196 172 182 50 19 175 164 34 18 149 28 108 30 176 127 14 116 112 115 198 94 165 144 80 37
174 36 191 108 76 199 109 94 76 106 114 146 108 8 154 194 76 6 135 189 200 19 121 71 103 179 151 3 5 199 194 163 139 66 23 69 186 136 88 150 140 164 55 78 131 88 195 172 2 67 174 69 27 83 86 97 95 35 7 157 181 144 19 110 108 153 8 148 148 83 144 19 181 141 69 29 91 69 24 2
63 85 53 86 143 91 122 136 70 168 52 136 179 9 131 144 69 9 45 14 21 59 22 143 198 103 26 104 156 147 22 131 51 97 162 23 182 39 54 86 112 29 150 89 13 91 31 141 200 74 172 178 183 91 196 41 24 40 140 83 151 32 77 70 82 118 78 127 168 108 7 139 92 127 16 96 55 51 106 157
140 87 143 7 89 156 164 95 6 82 16 150 63 104 136 52 42 150 188 199 70 30 152 198 44 60 192 127 182 175 80 16 100 110 190 87 21 162 47 21 173 186 67 87 54 44 141 161 128 102 83 177 135 26 151 56 159 114 159 145 55 75 123 163 190 110 170 4 102 130 112 127 37 96 128 39 89 38 73 194
198 174 177 46 22 84 70 166 78 123 146 40 157 19 171 10 179 39 11 23 69 65 164 96 53 85 123 87 29 63 92 23 113 24 117 22 103 60 105 190 131 80 87 190 77 33 41 190 124 119 28 119 168 114 168 50 93 117 141 124 198 116 40 73 149 109 134 21 147 58 182 25 19 14 4 164 131 143 163 30
103 83 107 135 95 20 132 23 8 62 200 62 19 53 181 168 101 184 80 148 138 144 43 22 124 137 191 123 22 8 60 144 29 33 40 80 22 89 183 75 118 164 63 75 163 193 30 186 194 112 144 82 139 134 4 132 142 28 62 35 98 38 30 187 51 159 159 163 106 166 138 131 55 122 154 109 31 54 165 24
195 49 80 77 152 24 89 151 186 133 19 177 88 15 174 109 50 71 109 104 44 191 68 11 168 71 27 155 35 137 11 192 81 109 182 76 95 63 168 1 111 189 128 90 51 156 151 164 41 100 186 32 52 119 146 35 76 70 192 131 42 16 196 141 76 43 94 26 140 183 48 133 125 129 74 63 118 94 152 177
101 42 66 101 149 45 85 73 90 178 16 64 88 6 100 17 128 185 103 91 17 81 42 58 117 170 20 178 43 59 173 122 53 111 82 98 80 35 39 167 154 122 36 21 156 175 56 145 7 177 143 46 99 40 123 91 152 197 18 105 151 36 85 193 8 115 1 131 89 47 49 179 31 9 149 77 108 10 137 165
73 21 90 158 177 126 62 61 73 19 22 80 22 66 161 74 196 52 54 148 46 174 36 101 12 158 109 100 89 36 14 83 168 177 137 191 181 67 1 120 132 120 13 66 153 155 159 197 85 15 28 40 107 69 192 147 128 120 200 169 118 105 50 133 63 122 45 88 6 31 96 64 59 38 92 136 166 88 164 28
170 139 56 68 32 47 138 19 175 195 172 16 61 5 148 165 109 130 40 99 162 146 101 83 179 164 74 184 115 128 140 100 122 63 28 149 102 28 118 134 79 57 60 147 91 155 111 87 176 30 9 171 104 19 35 69 80 76 160 122 112 49 195 131 46 150 178 41 136 76 123 172 185 67 62 140 63 98 133 185
179 40 38 164 102 62 175 136 111 20 52 107 66 12 50 110 160 138 93 162 145 193 17 176 34 109 166 98 48 186 64 180 118 100 60 18 61 8 111 125 97 177 107 160 142 147 32 130 68 56 121 55 177 38 120 99 91 17 46 187 89 194 76 131 32 49 43 147 87 30 106 48 179 166 195 18 106 122 156 126
61 154 80 193 4 185 144 71 197 7 168 176 67 53 95 136 69 51 82 192 17 167 111 125 131 25 89 56 92 36 59 145 58 1 150 179 12 41 40 194 97 167 7 15 197 79 46 156 50 6 34 35 145 70 85 178 130 109 38 73 114 198 116 90 154 71 196 2 174 66 131 173 125 77 40 60 53 152 126 83
30 118 92 35 74 53 164 10 133 69 175 71 115 194 189 52 123 11 93 69 97 70 168 29 171 60 139 34 11 96 132 38 118 77 154 138 155 154 75 85 157 144 9 47 190 124 148 151 131 131 133 63 188 38 77 113 114 193 18 69 173 35 130 194 31 26 54 105 160 46 49 70 8 18 153 72 55 190 89 171
194 3 9 156 38 17 4 25 28 14 128 47 113 118 92 148 38 49 48 137 69 34 25 116 146 178 127 124 77 81 67 40 191 129 96 59 193 101 29 147 55 42 169 59 112 77 183 32 63 174 74 12 133 17 77 57 130 176 123 11 40 114 108 132 180 184 106 71 171 23 37 112 199 53 200 87 96 178 150 163
199 62 45 84 195 164 81 184 169 100 106 167 38 167 59 11 66 136 149 140 176 92 158 100 24 18 79 22 83 94 81 129 127 144 130 28 32 123 155 112 107 129 97 46 16 27 15 32 164 163 135 52 12 6 50 61 71 116 198 49 88 21 78 187 163 136 32 139 42 81 33 22 54 81 61 75 181 48 143 116
175 115 175 132 139 73 134 47 32 108 54 115 167 175 43 60 141 83 142 79 162 79 46 170 49 55 155 95 40 39 193 147 190 174 199 7 32 191 69 147 187 175 145 25 97 96 55 52 60 100 71 31 58 32 102 25 129 34 143 105 132 197 18 3 197 58 177 81 142 119 84 33 45 122 142 116 108 124 193 74
137 144 148 33 143 119 188 53 60 49 125 126 72 190 70 142 169 159 57 197 81 71 109 87 134 187 33 72 15 97 118 134 162 23 91 194 101 108 136 149 118 162 27 2 171 113 12 192 152 179 43 167 104 68 123 190 194 26 99 60 4 48 39 99 184 39 57 96 175 50 21 134 133 86 178 176 192 189 60 155
49 36 121 152 48 100 19 148 101 176 56 177 95 117 173 70 81 154 75 174 106 121 17 96 13 200 122 193 9 159 200 197 189 177 183 185 163 113 54 39 41 135 164 40 140 91 111 163 37 74 113 103 197 13 146 166 71 184 151 16 114 31 49 113 115 138 105 31 114 44 26 89 32 144 51 74 84 16 26 97
44 63 195 186 36 48 7 103 194 91 13 56 128 85 99 105 49 104 75 144 4 51 120 5 149 9 46 124 183 50 24 143 115 113 84 26 83 7 34 56 98 6 134 3 70 156 114 140 200 129 195 192 195 23 105 32 174 23 127 61 168 173 198 191 100 115 138 163 178 40 194 146 33 10 122 20 175 186 93 89
168 172 79 49 134 104 13 185 159 188 52 41 6 175 187 13 30 82 110 2 77 103 13 38 29 95 56 25 130 72 116 178 93 15 160 3 68 37 98 134 21 77 129 80 115 66 71 121 32 140 148 39 176 126 2 73 91 21 31 96 43 174 24 159 128 49 26 34 92 60 17 98 3 177 23 155 167 163 28 96
156 177 193 195 52 132 51 196 147 12 160 143 34 36 143 2 99 125 124 183 68 148 197 195 52 145 155 182 10 169 189 107 9 81 150 51 51 104 179 1 156 81 182 138 166 103 8 195 185 192 134 68 45 131 122 86 125 49 200 27 70 190 184 46 10 4 31 126 46 150 3 68 87 52 2 94 29 132 162 114
69 65 26 64 80 200 173 44 197 104 37 103 37 141 46 102 17 43 40 91 194 28 93 126 70 29 81 185 23 95 195 27 113 111 42 99 123 188 23 90 94 165 135 135 169 175 50 31 176 10 146 176 121 16 140 176 119 48 143 190 55 100 42 81 127 187 137 94 10 188 107 135 64 139 92 21 83 31 97 150
12 175 37 2 163 132 12 19 81 14 56 189 112 2 182 74 59 28 144 12 65 200 124 159 137 79 127 93 200 129 144 50 122 155 137 78 6 55 174 154 182 27 112 56 44 197 180 39 163 104 42 130 1 198 173 135 53 200 162 148 112 183 150 130 131 170 41 176 11 31 175 172 156 35 145 199 24 60 195 193
111 2 43 7 28 179 99 171 151 12 23 62 180 139 155 182 186 65 197 157 12 160 160 109 137 52 150 13 99 186 2 154 43 79 83 82 183 64 107 161 129 125 156 36 41 171 63 111 186 12 83 200 112 146 16 81 47 47 187 48 105 146 102 25 116 56 191 106 93 88 60 97 72 147 186 176 92 98 78 75
78 189 186 168 87 197 76 23 160 66 22 159 109 73 3 105 2 116 181 108 75 10 51 199 44 19 87 80 177 166 162 147 135 148 30 130 198 116 66 173 84 10 116 123 160 8 45 172 190 149 138 158 106 50 44 1 51 119 1 114 52 51 97 39 72 161 77 103 66 35 39 154 129 72 106 188 43 125 32 171
80 34 89 39 169 69 16 85 92 129 193 90 141 136 155 145 19 86 61 8 14 168 107 183 175 12 200 120 19 48 150 197 137 6 110 178 200 168 87 182 98 166 56 44 173 80 200 193 75 32 199 181 8 166 62 163 89 94 83 102 10 146 49 131 1 123 144 51 106 33 121 15 84 171 182 142 42 96 136 39
174 101 43 145 108 37 114 136 119 30 46 125 127 150 83 56 45 130 130 161 191 174 61 100 30 128 146 80 45 104 17 4 176 2 128 33 73 40 31 46 162 15 190 19 122 74 11 189 180 16 192 162 196 56 178 80 134 67 75 83 146 105 134 45 83 155 34 44 7 125 121 86 108 186 142 193 21 114 138 92
63 155 187 84 163 184 2 76 131 79 7 96 70 112 166 18 94 91 15 1 166 130 84 89 14 172 178 70 149 10 49 154 115 128 171 143 175 189 20 4 55 141 32 117 32 36 185 34 113 75 12 6 169 59 196 197 130 125 82 127 51 2 142 114 160 68 105 73 124 13 186 167 85 130 176 144 97 186 67 49
83 56 97 25 84 194 181 38 131 84 131 57 120 59 56 67 55 106 130 20 120 69 155 142 54 16 87 64 136 14 9 57 67 142 39 141 28 155 200 7 152 16 72 129 123 65 89 93 167 155 108 96 118 47 75 114 62 94 115 75 12 76 37 129 196 195 19 38 6 46 89 93 142 172 120 187 37 65 135 116
134 13 109 18 97 189 30 45 175 172 99 140 150 128 143 16 120 78 96 126 64 159 40 56 6 142 144 46 159 77 160 79 12 123 60 125 66 39 110 128 46 58 87 122 114 177 24 187 104 112 9 183 80 81 174 39 70 71 99 87 130 157 123 111 66 161 157 188 76 4 25 80 163 88 179 169 117 110 105 71
128 154 113 79 5 56 160 122 139 186 66 36 17 69 95 188 80 122 147 118 103 183 158 55 90 177 19 5 30 169 14 182 114 1 97 42 17 171 29 132 50 106 129 114 165 71 72 24 60 4 182 173 129 79 146 195 126 50 34 77 70 6 132 80 61 34 195 59 114 52 189 56 197 190 121 107 43 83 30 75
28 121 133 76 119 161 42 153 138 67 24 97 182 89 29 91 28 135 36 132 113 96 182 94 42 135 145 142 15 81 20 93 25 156 136 4 73 177 66 151 113 164 21 22 115 14 55 179 1 49 186 114 51 33 184 94 15 141 117 88 167 164 16 8 94 28 1 182 152 195 181 7 70 166 97 89 103 100 7 108
175 191 62 143 79 32 129 116 9 173 30 66 10 68 83 56 54 58 14 181 40 132 136 173 127 73 47 5 165 27 37 171 103 103 175 56 158 21 187 178 148 17 49 50 126 101 141 68 41 140 189 189 101 200 169 65 49 181 46 78 38 63 98 144 146 49 190 188 185 124 14 48 94 16 166 6 78 148 181 109
68 129 195 90 165 153 29 151 163 92 150 75 56 44 90 152 167 106 156 77 183 101 141 60 157 152 16 150 48 75 146 190 135 147 16 67 126 183 48 35 195 44 47 154 93 16 181 198 62 164 108 19 8 76 127 9 181 3 37 114 167 3 22 28 55 130 34 78 13 114 83 109 172 60 18 172 75 15 93 199
6 42 190 65 101 184 14 146 174 89 133 56 26 76 89 129 35 8 14 25 176 197 112 50 50 9 183 141 140 116 166 185 49 151 143 122 124 30 52 150 92 98 24 137 93 132 65 17 131 96 121 137 158 40 126 152 122 50 65 37 148 134 119 197 177 2 97 95 125 129 143 178 167 139 173 28 25 150 123 184
153 188 199 136 121 91 97 42 113 45 180 144 11 118 182 51 60 196 184 83 71 23 16 122 93 178 138 15 150 158 21 157 176 110 73 151 59 151 89 79 67 74 173 181 48 156 126 56 101 110 62 133 19 186 136 112 29 188 51 103 154 125 57 168 26 136 43 110 50 133 27 168 154 127 141 146 65 44 33 190
21 34 142 94 106 81 86 83 161 198 101 93 38 161 86 93 108 75 25 36 110 161 19 79 63 145 12 129 99 75 138 157 19 1 51 109 117 168 146 69 190 169 24 166 74 21 130 189 40 82 156 34 79 31 193 182 82 96 137 116 40 81 39 141 200 61 177 98 29 104 175 158 59 148 149 200 7 51 85 49
28 183 105 169 181 188 194 14 196 110 185 180 139 192 113 143 108 36 170 6 5 186 119 150 113 197 20 47 34 62 118 95 123 40 142 96 193 171 36 148 4 73 52 67 178 8 160 197 16 200 62 50 20 131 102 64 142 37 36 26 81 7 170 32 25 15 154 109 191 137 82 180 43 81 40 7 76 27 100 131
