70 	
7	17
1	20	1	121	3	
0	82	3	1888	5	
1	90	3	156	8	
0	77	5	4442	5	
1	55	9	6286	1	
0	58	4	6958	4	
0	33	2	13	9	
1	16	3	2755	6	
0	14	7	3526	2	
0	31	3	2426	4	
0	51	1	6790	4	
0	17	1	4470	2	
0	66	1	1201	4	
0	37	8	5085	8	
1	39	2	484	8	
0	20	5	1478	4	
1	74	8	2142	2	
1	2	6	3061	8	
1	52	1	1520	5	
1	38	9	7364	6	
1	12	7	4719	8	
0	12	5	6352	2	
1	52	3	3187	3	
0	58	5	1274	4	
0	57	9	5261	4	
0	71	5	377	3	
0	43	6	2746	8	
1	69	9	4864	7	
1	81	6	1839	9	
1	95	8	7374	5	
0	75	6	1945	8	
1	92	1	2943	5	
0	65	1	4342	3	
0	68	4	1358	7	
0	56	3	5268	1	
1	75	4	2362	3	
0	85	3	1551	7	
0	34	8	2809	6	
0	57	2	2892	3	
0	27	4	6854	5	
0	12	6	144	6	
0	57	2	6334	5	
1	36	3	4159	9	
0	74	7	720	1	
1	18	4	6735	8	
0	5	3	5068	6	
1	74	3	4350	3	
1	88	7	4600	8	
1	87	5	3157	2	
0	78	8	688	8	
0	56	5	5965	9	
1	86	8	7152	4	
1	5	4	3363	6	
0	76	7	2186	2	
0	80	4	5404	1	
0	42	9	2082	2	
0	97	3	1447	3	
1	4	7	4122	6	
0	23	1	1085	4	
1	17	9	6507	9	
1	46	9	224	5	
1	86	8	1717	6	
1	61	2	1783	8	
0	47	4	3756	2	
0	99	2	6709	6	
0	43	8	6192	4	
1	67	9	4617	4	
0	86	9	3359	1	
0	41	5	3695	1	
1	59	2	3040	4	
103 60 53 198 37 187 78 12 58 73 10 103 147 122 4 78 140 67 12 200 15 179 144 73 100 184 198 124 73 153 98 48 8 84 25 103 93 154 167 45 114 183 135 191 95 137 152 121 15 126 134 5 52 78 188 195 82 151 43 60 6 129 5 11 86 114 131 87 174 57
200 189 173 2 40 25 78 70 171 96 59 169 117 29 193 89 96 36 194 95 160 155 16 30 182 179 194 162 117 138 34 68 18 157 35 177 74 121 122 5 188 93 141 112 140 152 51 80 65 67 112 24 4 109 164 155 161 49 175 180 70 9 72 155 110 63 66 9 176 116
123 175 86 8 29 159 95 186 43 111 64 36 82 156 1 143 167 191 71 185 40 7 193 59 9 59 182 30 44 168 46 76 107 147 144 36 73 53 77 4 112 70 93 152 18 111 65 52 193 132 74 27 58 140 7 2 192 18 102 68 176 40 195 121 55 100 170 32 192 113
72 105 142 9 37 1 21 42 26 5 89 161 126 178 115 164 30 44 17 38 56 16 73 115 182 149 31 177 9 30 24 42 129 130 41 195 184 199 140 172 80 98 121 105 113 199 11 200 135 85 134 189 58 63 88 174 100 179 8 108 93 59 177 90 73 24 153 195 51 2
40 129 21 24 88 184 46 137 166 131 38 60 142 66 28 171 25 133 68 78 72 123 1 17 174 112 81 172 196 64 82 180 54 62 102 3 31 9 11 87 194 109 181 3 138 84 136 186 68 10 78 55 158 36 36 86 152 83 48 40 176 174 160 104 65 61 18 150 91 51
165 186 2 185 77 191 200 105 177 97 39 81 62 73 11 59 191 85 19 46 177 143 92 60 107 112 43 197 178 76 140 106 29 157 7 31 193 30 161 1 93 29 165 87 23 124 39 33 76 21 154 150 66 106 50 28 114 49 136 42 180 64 135 110 137 53 191 45 179 193
30 200 115 136 135 61 23 78 39 52 172 45 100 156 15 33 84 123 81 120 61 156 146 36 109 62 187 133 160 61 14 70 54 153 44 83 84 102 100 104 91 195 35 5 45 108 51 162 127 6 126 134 165 157 149 141 21 49 28 165 53 125 49 145 97 170 137 42 150 18
87 90 94 6 2 100 75 20 163 177 129 122 158 136 196 181 161 17 141 16 14 199 168 173 191 140 133 158 113 164 162 38 188 70 116 173 89 140 114 196 135 178 64 101 127 91 188 96 51 37 111 168 105 200 30 143 193 158 23 172 107 144 79 77 77 193 66 88 199 153
13 180 134 51 50 11 127 165 198 131 76 70 198 185 147 182 106 178 54 193 40 70 48 199 156 47 3 123 10 177 87 132 10 131 106 12 95 139 111 85 196 22 124 143 162 23 160 35 169 19 8 73 87 8 161 116 100 149 116 90 191 141 77 36 83 191 72 118 2 21
25 139 7 57 187 124 90 196 132 39 148 33 140 181 119 132 198 34 50 175 24 58 108 62 21 51 193 65 71 99 200 89 122 140 156 37 80 136 146 90 27 42 73 56 16 49 132 11 38 11 137 93 199 26 128 32 108 51 182 200 36 81 113 117 108 191 104 162 191 194
35 8 159 89 111 95 54 23 21 20 19 32 132 24 200 108 9 61 139 58 195 68 7 4 98 38 139 90 50 46 146 55 63 170 91 111 47 157 43 119 23 189 125 113 81 188 17 147 88 164 198 72 183 171 193 113 157 182 33 91 156 156 3 136 144 68 136 73 99 90
66 53 159 178 42 172 81 141 102 105 165 100 154 192 194 88 145 90 66 192 165 188 49 67 52 78 151 47 148 106 43 131 175 186 113 8 61 109 2 152 176 116 88 114 26 59 179 104 32 68 167 166 94 184 161 94 139 131 25 64 13 140 143 109 24 176 69 55 73 103
159 136 58 20 196 13 65 109 72 170 194 144 184 41 125 73 4 61 108 155 197 175 81 199 40 143 192 147 36 46 139 180 126 48 60 119 194 32 63 190 192 109 159 111 150 13 115 119 173 145 33 37 124 174 97 84 94 50 31 59 174 134 28 78 192 25 199 152 16 80
4 108 138 119 143 137 127 170 131 194 39 65 47 58 127 15 33 81 154 115 182 117 42 161 131 173 72 143 93 14 56 34 174 145 15 99 120 73 90 172 114 164 5 60 102 45 55 137 5 106 7 199 188 84 114 24 27 96 97 200 32 49 35 145 13 160 146 200 80 77
52 118 127 71 14 190 100 110 35 123 200 166 165 136 65 33 180 26 199 149 71 186 136 80 83 81 88 169 48 36 191 114 186 163 73 67 175 187 152 84 19 138 8 42 53 123 81 13 166 118 192 8 44 17 36 194 46 33 138 101 26 151 75 56 167 176 110 43 39 31
179 173 139 114 167 124 200 168 32 18 196 146 174 91 164 148 150 22 4 24 198 125 61 48 197 97 47 104 116 164 196 175 133 173 179 98 33 86 117 61 151 100 45 23 109 169 189 32 78 199 172 151 62 35 99 166 128 142 199 17 102 22 83 156 155 27 92 44 45 178
134 167 8 141 92 114 112 174 7 72 107 119 78 165 71 25 13 146 78 198 164 128 181 111 48 27 62 139 192 199 42 158 136 34 59 73 133 173 89 139 166 181 97 52 102 183 144 44 80 187 136 96 115 150 77 150 161 44 164 55 124 183 183 165 34 48 27 112 87 126
129 134 121 117 95 178 35 145 191 112 28 171 68 24 143 110 14 128 159 157 103 69 4 66 107 67 24 42 92 103 122 21 196 33 74 56 138 111 90 127 181 177 21 85 13 163 47 55 6 96 115 139 38 70 83 36 80 40 165 100 100 16 58 114 51 192 58 5 129 185
107 170 109 116 71 160 108 32 7 124 75 199 67 47 146 15 41 30 52 162 101 46 65 146 49 72 138 199 13 23 35 70 175 191 166 78 81 45 125 140 20 169 105 172 76 126 119 57 73 47 136 122 193 52 150 138 100 14 87 25 162 53 59 166 93 74 28 64 118 51
22 68 119 47 125 68 63 10 122 18 194 199 131 67 170 194 3 63 139 64 126 127 51 66 137 108 60 29 192 67 39 143 147 152 140 45 87 149 163 104 198 59 116 166 77 36 58 72 101 140 70 23 144 161 95 40 124 155 38 85 108 112 157 101 69 94 2 7 72 196
39 175 80 129 151 194 90 162 81 83 98 24 137 76 92 109 26 109 112 10 112 112 45 17 91 141 86 63 5 98 148 77 50 9 150 101 158 77 103 190 17 94 43 53 188 124 87 148 177 28 25 99 181 198 71 150 129 126 195 53 136 92 72 169 163 119 164 14 19 22
44 10 198 103 81 9 30 16 106 19 167 37 21 127 33 1 71 5 66 21 13 143 184 196 61 19 11 171 163 126 172 173 116 45 14 55 28 48 143 145 158 128 131 79 51 101 179 59 48 187 142 10 127 109 101 114 131 121 174 18 79 164 160 67 24 69 46 115 86 14
119 90 68 64 130 89 157 30 193 111 88 15 72 176 59 84 137 114 57 68 45 161 4 42 56 25 175 170 40 57 190 71 186 196 122 174 36 126 178 79 70 11 1 20 183 194 5 29 134 41 23 33 171 8 24 95 87 130 102 32 140 9 198 20 145 72 73 150 9 53
122 160 182 149 43 99 192 188 197 31 200 168 179 191 39 86 156 137 139 77 173 20 94 61 111 116 71 82 137 75 1 92 77 200 67 43 105 127 121 29 169 108 120 157 76 104 79 81 137 95 12 112 61 67 157 108 1 36 44 23 27 143 135 9 57 171 140 13 197 161
166 52 156 8 5 180 164 80 138 37 135 38 165 5 142 117 66 143 101 84 129 44 183 175 102 58 63 64 133 130 55 154 144 96 7 10 76 7 62 183 164 187 144 124 26 63 78 45 184 72 145 1 110 5 105 124 114 158 6 32 99 196 29 182 167 172 191 13 181 112
61 132 123 119 32 30 192 192 144 142 115 33 124 88 58 177 84 3 171 36 173 5 188 130 191 2 168 26 48 83 70 144 106 179 23 186 16 148 189 175 109 160 88 27 118 111 140 140 151 86 73 100 84 166 51 89 161 92 80 40 58 41 164 8 85 146 199 149 53 189
77 76 1 141 30 80 138 146 190 127 86 28 152 132 88 164 110 44 88 118 21 190 124 7 68 113 6 21 120 139 21 99 94 38 83 132 81 107 67 56 54 162 62 107 26 140 98 97 6 116 79 123 86 188 151 105 97 148 63 28 92 103 13 122 185 200 98 193 103 89
154 89 119 44 28 73 13 149 29 14 55 174 143 101 33 13 188 123 58 137 178 49 129 56 167 114 160 57 164 104 72 46 199 96 71 74 70 77 164 95 40 134 158 57 45 11 72 116 187 178 199 23 52 18 107 102 193 61 58 161 18 68 133 112 187 53 49 105 108 124
76 25 38 21 87 108 40 21 21 190 197 161 14 92 103 45 197 104 95 89 99 115 11 28 20 20 23 82 149 148 10 34 39 59 109 130 180 147 107 153 135 126 4 82 76 152 176 160 198 175 195 174 174 106 55 44 59 200 4 3 134 182 159 84 17 114 50 3 94 19
180 158 73 87 186 99 184 101 160 67 133 159 73 192 130 60 28 47 5 17 169 200 75 6 44 198 100 177 151 115 90 130 64 96 61 27 104 11 127 162 96 129 63 155 75 158 14 61 1 115 100 105 185 73 151 149 64 54 87 87 37 151 198 138 164 51 102 28 65 15
195 26 86 154 36 169 84 50 191 86 38 138 143 46 113 103 66 148 156 36 140 29 86 158 108 133 106 82 182 158 31 112 25 148 196 197 75 155 92 102 135 177 41 194 31 139 178 113 185 197 91 147 63 58 24 7 54 142 166 18 73 180 8 32 26 93 155 180 191 9
160 10 169 155 91 188 47 64 18 143 194 200 192 69 12 101 106 100 90 20 94 146 62 150 109 171 110 6 137 121 114 49 35 197 152 94 97 106 184 16 181 195 3 109 44 7 150 115 74 174 10 65 82 185 108 46 191 130 190 99 127 141 132 88 54 25 190 37 53 81
129 39 36 133 193 97 176 140 91 32 56 36 184 120 156 81 177 116 130 55 75 40 79 115 194 168 150 106 200 164 72 40 100 103 156 12 15 69 187 120 4 82 25 181 152 163 191 26 26 60 132 4 147 73 120 133 186 14 182 79 135 191 56 110 95 170 95 157 84 163
88 51 196 194 48 156 19 81 153 125 1 113 154 91 72 147 182 109 3 184 121 117 165 76 147 53 190 132 21 137 179 177 102 154 107 33 197 110 21 153 75 104 42 113 111 45 147 158 60 105 126 119 148 22 193 87 114 35 133 163 106 140 39 111 132 169 176 7 149 169
167 197 49 177 44 22 20 79 13 171 193 186 139 82 177 131 88 100 77 38 144 23 173 59 83 168 74 17 128 61 21 56 131 24 112 134 145 144 48 123 109 65 142 175 102 52 65 109 54 2 147 149 121 56 113 191 158 90 88 6 111 20 45 173 168 4 4 186 185 178
89 27 80 54 177 184 193 70 144 44 166 38 140 86 195 169 34 72 112 2 155 177 78 36 150 23 42 98 171 24 75 30 178 75 47 166 139 169 174 160 169 92 168 130 17 136 106 186 153 41 6 131 173 104 2 100 21 71 143 70 105 20 153 182 59 74 119 195 41 158
19 90 114 182 9 187 146 73 50 151 7 199 167 119 44 39 70 72 52 19 43 82 126 164 194 68 30 87 90 54 86 6 144 183 162 20 57 77 36 64 138 167 157 123 143 184 178 73 157 81 85 146 195 179 75 63 11 3 80 147 33 121 179 179 92 106 196 188 89 155
125 169 52 115 170 128 67 135 59 156 94 30 74 57 186 167 24 172 177 166 63 110 112 135 82 103 13 64 118 75 154 150 147 112 69 102 147 106 38 121 127 43 26 5 63 119 58 92 128 110 128 6 177 177 161 154 46 149 176 53 163 122 200 193 146 44 16 150 87 148
4 42 26 174 169 116 141 68 83 20 27 5 100 55 46 46 61 173 186 126 58 95 55 120 146 150 148 148 23 48 47 75 26 130 143 56 199 140 136 195 5 190 167 122 194 76 28 4 15 16 79 148 187 182 137 11 190 127 80 171 93 60 86 97 79 87 134 66 14 174
20 35 162 94 165 21 172 170 152 6 175 24 164 171 48 65 175 32 196 38 17 13 165 179 84 36 96 157 188 79 82 142 3 96 31 91 7 138 157 12 3 15 32 111 173 102 62 142 133 134 29 81 73 127 42 74 143 89 101 122 189 25 122 21 82 4 58 187 23 158
132 198 122 133 115 83 136 179 197 112 11 85 72 148 39 57 55 142 161 63 32 121 121 43 133 132 173 116 61 131 20 33 192 142 94 86 114 12 196 75 78 88 169 176 79 197 36 38 163 199 123 122 102 72 22 41 115 151 95 52 162 51 86 124 105 86 29 128 146 68
38 9 112 2 91 126 190 14 104 115 147 197 1 20 83 98 23 86 166 56 142 20 143 8 118 47 42 58 13 109 120 24 122 137 82 200 120 32 58 146 137 184 169 16 49 126 122 88 19 66 121 95 134 176 88 106 24 135 37 62 64 184 185 10 175 151 109 114 45 65
33 147 7 82 65 79 72 92 155 167 34 23 14 182 94 163 60 196 169 57 164 60 75 1 110 21 81 110 52 134 35 27 199 44 16 56 88 84 144 102 119 177 45 174 147 86 162 51 26 145 81 103 173 142 183 100 100 30 34 185 73 192 57 104 166 124 93 34 84 63
122 51 145 57 58 154 68 19 183 95 199 44 138 182 117 88 87 34 114 158 95 170 142 108 53 70 123 118 117 134 4 141 60 44 160 65 137 111 57 142 194 199 89 73 71 87 46 43 94 7 120 9 157 195 99 150 143 128 63 39 39 84 10 28 147 123 123 42 170 85
82 35 163 8 111 72 104 8 95 18 32 195 111 184 129 40 40 65 40 159 147 183 165 167 55 119 16 154 159 124 1 80 146 190 174 57 29 166 43 176 112 94 176 143 137 23 82 63 128 174 145 74 94 79 158 101 152 119 91 156 52 89 84 153 68 7 169 198 113 30
135 17 143 84 199 36 108 126 176 158 92 181 115 99 176 160 52 139 133 132 52 85 135 12 164 52 158 167 25 160 156 52 186 16 177 43 154 124 154 110 99 20 94 41 155 66 129 181 138 162 119 150 25 76 52 62 127 129 73 195 200 123 72 184 8 69 14 78 89 123
2 140 90 30 73 158 40 143 89 77 121 148 56 103 66 199 157 20 196 60 29 10 175 163 111 56 111 87 41 28 65 135 48 174 81 56 54 140 143 128 109 135 105 122 41 198 21 52 87 20 83 183 106 151 44 200 117 45 11 114 23 121 138 58 121 122 97 194 109 122
3 50 23 43 190 22 71 67 153 191 118 76 199 81 38 27 189 95 65 51 173 128 136 105 117 90 121 123 145 17 156 146 60 103 133 54 126 1 84 30 112 179 6 51 108 88 74 190 113 186 69 102 197 26 113 111 186 171 122 20 7 160 188 120 158 62 120 85 145 156
166 180 122 83 102 47 178 18 108 109 195 99 79 111 41 93 127 15 24 100 75 69 26 35 5 31 33 72 88 41 123 89 110 41 60 15 123 20 83 169 193 81 74 147 130 85 17 166 108 121 18 190 192 148 55 106 84 8 39 54 74 161 99 169 104 120 179 151 49 118
193 34 167 62 12 17 37 79 156 88 75 68 171 28 193 26 190 154 181 150 92 107 129 86 106 66 144 16 93 40 84 185 136 7 103 88 36 35 9 191 127 35 179 61 53 130 160 111 93 65 16 1 116 135 142 119 91 40 105 184 12 138 2 19 47 199 1 69 46 32
50 131 174 170 110 120 12 108 116 139 17 54 163 175 144 10 98 177 17 58 25 145 107 70 55 111 79 20 4 135 41 113 84 153 182 71 48 9 79 52 198 139 98 75 179 88 101 87 20 85 24 72 8 57 115 144 113 25 189 45 111 180 57 14 87 199 73 46 176 155
179 44 134 45 176 178 3 42 128 27 66 132 157 139 42 118 109 91 107 128 54 64 97 199 197 113 85 11 76 161 57 156 141 157 182 53 123 22 187 77 193 118 84 80 127 9 1 157 148 162 99 193 171 118 102 17 176 165 183 23 13 46 8 131 17 153 42 61 94 29
121 85 26 119 166 47 75 74 36 58 58 36 140 27 66 137 86 158 29 129 93 122 164 3 170 138 26 96 122 15 90 39 21 191 92 35 140 72 162 30 185 95 28 16 100 174 47 2 156 76 63 135 148 34 139 46 43 124 169 147 102 87 149 179 48 29 143 48 169 5
18 74 24 46 171 134 19 128 158 196 47 78 196 87 89 7 83 188 155 120 147 98 157 78 144 1 97 128 11 146 166 74 55 198 154 143 119 143 116 25 105 112 14 54 187 53 62 192 146 34 59 4 184 133 89 117 153 147 196 73 142 54 144 54 84 125 116 20 66 138
50 84 17 72 160 15 179 138 182 36 121 133 157 180 191 102 43 4 26 100 58 199 137 179 95 3 81 134 142 72 136 95 181 101 49 123 114 176 164 30 136 106 174 28 24 153 96 112 43 3 117 142 172 53 163 18 74 197 184 120 42 32 25 152 57 177 6 85 41 157
100 47 183 32 4 8 166 95 105 141 132 9 162 108 159 24 132 32 79 9 18 60 71 112 16 53 84 14 26 8 35 127 193 99 120 71 88 157 85 198 9 130 151 173 24 84 149 186 91 158 88 180 148 194 70 46 89 176 20 178 10 179 49 71 198 139 182 108 119 184
56 146 165 155 115 54 26 141 189 134 165 74 74 109 30 55 59 22 79 164 96 118 171 129 198 140 64 179 101 35 41 94 33 30 171 142 177 4 153 163 50 167 54 106 104 155 51 70 191 35 171 51 103 157 139 98 123 31 185 200 17 117 141 41 91 179 57 169 46 25
28 51 130 145 51 78 144 63 158 19 13 145 130 81 60 42 158 71 29 164 122 52 34 85 138 140 61 113 34 125 192 57 147 59 190 181 150 94 145 161 81 22 122 129 161 41 164 44 49 143 16 152 26 60 159 27 158 161 35 3 78 112 160 140 88 81 63 185 71 143
48 138 28 114 91 163 190 195 167 36 142 15 151 55 62 174 101 140 145 190 107 94 140 67 5 87 98 5 148 159 30 115 97 186 191 179 149 31 130 164 25 199 45 18 34 52 12 71 185 20 163 171 78 41 167 130 83 150 114 3 23 134 98 129 108 162 95 31 74 152
65 95 172 70 57 140 68 18 39 70 180 184 103 29 191 78 162 69 186 64 197 186 27 165 133 185 156 78 37 72 160 11 199 31 181 98 45 191 199 14 108 126 10 106 28 51 34 51 46 99 75 117 48 37 73 50 28 12 46 41 138 31 8 101 179 127 69 80 159 60
186 179 124 150 184 105 78 144 110 83 73 147 61 28 110 125 87 44 90 75 116 93 70 9 52 1 102 159 198 186 149 10 129 152 134 64 126 123 183 81 25 178 146 155 47 48 195 13 44 132 75 4 41 190 84 145 34 149 93 74 63 64 118 49 189 137 85 155 136 96
60 141 146 132 38 107 110 81 54 99 194 56 87 60 2 58 59 195 107 9 32 107 46 120 181 54 60 44 12 119 17 77 36 48 72 59 144 34 117 58 93 193 187 186 62 84 79 56 177 196 131 84 173 125 73 5 23 59 78 173 184 86 76 162 111 4 186 48 183 185
33 70 65 167 191 132 98 5 148 31 40 71 142 126 46 116 48 36 32 137 18 61 88 99 62 185 170 106 29 100 83 107 187 19 66 162 58 89 46 44 162 45 30 192 43 146 21 36 71 2 108 47 47 138 59 112 106 9 25 98 157 85 14 23 136 98 65 105 135 49
137 75 31 46 1 56 113 64 191 56 120 65 63 160 110 93 67 51 112 58 150 7 128 111 165 95 83 62 193 142 38 40 71 66 5 11 24 22 62 171 141 171 40 56 112 45 191 28 78 66 187 90 149 34 107 149 140 16 177 104 136 196 163 3 138 99 124 63 27 98
171 129 13 197 101 105 139 90 158 119 32 106 101 197 107 73 75 51 195 184 63 43 104 126 49 22 22 98 168 32 133 200 176 142 34 20 115 45 90 194 50 162 23 91 152 112 63 139 144 144 148 72 193 169 180 200 130 162 1 164 71 1 51 134 80 200 129 22 15 123
121 172 22 126 176 90 68 40 82 28 89 103 89 160 87 36 129 149 150 46 11 71 126 79 142 112 31 195 155 39 30 44 68 173 27 106 120 66 147 4 177 37 194 17 128 106 55 107 82 40 91 136 26 94 32 65 195 6 190 153 19 48 133 73 35 179 131 160 128 54
136 97 140 115 189 69 2 195 199 67 166 116 63 194 165 124 32 20 62 10 176 106 69 81 93 50 193 117 12 4 55 97 104 184 138 12 49 39 41 200 140 102 107 188 37 86 1 171 2 184 25 122 129 24 111 112 35 197 175 173 149 158 16 9 132 20 183 64 22 144
99 97 106 102 18 44 67 126 89 58 173 163 85 35 163 103 122 38 99 125 70 198 173 181 187 168 117 168 33 7 35 17 58 195 22 164 120 17 134 26 27 181 74 29 62 32 88 147 132 193 66 183 68 169 79 23 43 145 171 165 47 125 36 109 142 133 91 183 161 123
67 70 27 2 97 196 13 45 117 184 190 31 128 60 91 158 9 117 41 124 25 70 112 115 47 52 197 93 73 178 95 103 120 145 66 26 80 4 198 100 92 150 95 17 182 10 70 29 103 107 157 118 50 17 145 55 30 146 140 146 46 115 156 119 166 141 2 144 188 113
164 15 33 164 18 58 17 187 38 161 195 45 87 104 51 174 56 128 23 24 147 90 83 173 179 48 83 152 100 152 14 184 131 44 80 120 170 148 107 52 153 187 1 129 30 154 133 73 1 87 66 185 71 98 123 124 54 138 190 63 177 196 10 16 55 97 109 144 48 134
53 86 159 32 195 109 113 80 194 127 88 128 68 77 70 52 120 124 25 80 3 27 8 104 147 78 76 175 59 62 10 28 193 99 55 2 12 53 174 164 44 70 124 154 151 191 100 99 161 128 137 6 30 142 130 70 62 133 129 135 111 18 87 192 192 165 100 196 134 17
