10 	
10	11
1	6	6	184	1	
1	27	9	72	2	
1	75	9	108	9	
0	6	6	163	4	
1	94	3	215	1	
0	28	4	121	2	
0	80	2	100	5	
0	66	7	198	3	
0	5	4	117	6	
0	52	1	21	3	
196 133 39 166 89 131 136 77 54 172
69 175 160 190 24 157 137 94 158 51
162 89 8 177 79 192 152 78 124 89
66 140 169 197 11 19 192 87 37 66
164 98 146 139 24 9 165 162 25 59
27 5 88 20 96 40 19 25 104 78
4 88 17 12 91 125 198 100 149 187
87 161 37 8 131 71 156 138 90 108
188 14 180 135 50 175 92 191 20 76
164 158 64 76 162 132 135 111 189 126
199 50 19 146 104 48 75 32 67 167
