30 	
0	55
0	2	9	19	7	
1	1	7	28	8	
1	7	8	44	9	
1	9	2	62	5	
0	4	1	98	7	
0	4	7	19	3	
1	5	1	82	9	
0	4	7	62	2	
0	3	2	39	6	
1	2	5	92	8	
0	1	6	107	4	
0	6	9	73	6	
1	7	7	93	2	
0	2	5	21	6	
1	4	9	0	1	
1	1	2	36	6	
1	7	7	43	5	
1	4	6	110	4	
1	2	5	45	2	
1	7	6	32	3	
1	2	7	66	1	
1	2	7	95	6	
1	8	5	67	8	
1	5	6	14	8	
0	8	3	87	9	
1	2	8	57	4	
1	2	2	1	2	
1	5	8	112	6	
1	4	1	24	9	
0	9	2	25	9	
154 112 27 150 134 121 89 169 170 200 31 41 177 130 166 157 128 173 111 65 101 131 138 4 71 172 34 105 148 99
14 184 147 7 69 105 138 5 59 47 38 76 9 20 40 182 33 182 26 25 79 52 3 173 56 27 14 41 112 185
179 17 90 155 146 23 116 69 10 191 95 1 26 80 72 22 160 163 112 127 186 32 136 149 117 175 164 133 28 136
84 185 75 145 147 196 174 133 187 179 16 104 118 30 40 13 49 163 106 163 7 175 106 46 20 109 17 93 45 83
153 75 59 178 82 44 24 198 3 129 147 134 39 127 42 196 119 50 135 31 84 28 150 37 177 91 156 113 167 184
162 43 193 3 6 41 149 120 159 136 29 166 105 88 90 167 97 175 49 173 77 127 81 19 74 74 197 133 114 114
6 184 114 38 48 71 57 110 185 143 157 158 46 139 193 11 19 3 55 154 72 181 1 31 131 175 138 70 10 78
13 144 126 144 168 61 119 3 168 144 6 69 134 82 181 167 14 172 48 73 60 108 43 112 116 136 148 154 178 37
182 194 129 135 114 19 194 19 172 94 2 104 34 192 191 110 104 103 37 100 137 83 129 3 6 72 166 60 145 69
162 130 141 70 107 72 165 117 148 165 130 37 78 119 190 153 11 197 36 112 110 78 197 146 78 194 142 61 138 20
99 157 11 51 47 172 145 16 192 45 174 84 89 179 77 185 126 28 187 81 86 98 99 110 163 55 39 111 115 19
38 19 26 57 136 187 152 52 26 102 24 46 13 47 39 165 188 3 27 86 106 94 123 62 21 110 183 171 78 75
112 182 78 46 41 20 87 37 79 36 107 90 131 123 173 116 95 79 64 42 145 149 17 175 162 25 149 83 113 37
129 62 107 106 45 95 172 6 29 102 78 41 67 102 181 49 183 54 74 24 157 13 76 106 13 123 56 34 78 36
88 49 70 10 130 137 187 67 125 170 14 18 142 170 139 76 111 188 157 191 63 96 182 81 178 182 127 142 120 74
154 127 130 87 115 109 34 179 162 71 122 169 176 76 107 7 58 152 162 146 65 74 183 56 136 39 188 172 1 194
90 134 81 35 20 99 67 193 100 116 177 66 167 74 187 47 132 133 29 38 85 46 86 83 85 196 101 178 172 19
87 5 38 16 3 15 32 128 97 122 176 42 156 176 99 31 146 153 4 173 176 15 129 23 114 118 123 154 42 75
125 86 99 103 154 159 18 186 145 90 183 200 68 63 175 135 64 4 177 135 192 143 69 154 27 115 5 43 136 77
99 61 174 146 157 21 21 186 138 59 54 149 36 31 60 93 64 68 158 92 4 125 75 1 87 108 113 169 188 58
175 138 121 26 94 72 58 128 88 74 140 6 37 191 48 39 157 42 184 157 162 189 131 171 23 15 112 58 136 156
64 173 123 117 191 38 104 148 39 68 41 63 44 157 191 20 178 42 167 108 155 61 188 7 176 49 122 153 53 71
55 67 145 103 32 108 76 168 130 29 175 2 127 36 162 70 111 141 90 82 43 75 197 52 91 32 94 124 20 140
79 156 67 170 20 161 58 32 88 128 5 73 35 95 196 60 82 44 110 159 84 186 29 183 126 21 21 181 196 58
83 159 78 182 142 97 183 189 56 130 129 107 144 5 7 8 78 114 99 189 103 84 61 181 28 168 170 121 15 166
163 69 5 169 70 188 139 191 189 181 133 11 22 43 104 159 173 129 182 82 60 26 146 126 104 45 66 132 16 9
1 168 102 132 156 200 28 16 168 162 197 18 149 28 36 61 150 149 11 119 145 9 173 17 110 90 7 175 129 82
185 98 90 97 21 117 94 163 100 144 199 24 69 188 144 159 139 130 36 110 35 163 58 118 101 160 104 22 66 4
100 86 56 88 93 196 11 191 11 176 167 51 8 142 194 139 133 87 69 73 101 187 66 128 103 147 74 22 131 80
82 26 103 37 101 129 71 62 128 182 124 67 26 156 140 187 145 61 104 12 26 163 10 193 149 37 152 171 136 147
30 142 67 132 137 142 41 132 56 69 72 70 118 72 11 115 94 157 88 180 35 3 151 67 183 96 50 38 91 21
