70 	
47	50
0	5	6	318	2	
0	7	3	193	3	
0	6	2	460	7	
1	4	8	201	9	
0	3	9	156	7	
0	8	7	520	8	
1	6	2	631	7	
0	1	1	614	3	
1	7	5	650	8	
1	4	2	564	9	
0	1	6	148	4	
1	6	2	192	6	
1	6	6	311	5	
0	4	7	30	1	
0	8	7	209	5	
1	5	9	66	4	
1	5	7	714	3	
0	8	5	187	6	
0	8	9	608	1	
0	5	2	99	5	
1	9	7	598	1	
1	8	9	366	3	
0	2	3	459	5	
0	5	4	594	9	
0	1	2	701	7	
1	3	9	468	3	
0	4	4	195	2	
0	1	8	423	4	
0	9	3	579	7	
1	7	9	396	6	
0	2	5	396	1	
1	8	7	230	2	
1	4	4	340	5	
1	4	8	178	2	
0	6	2	271	7	
1	5	2	447	1	
1	6	8	555	3	
1	7	1	477	1	
0	9	9	64	5	
1	4	5	685	7	
1	4	9	424	3	
0	6	6	607	3	
0	7	6	506	7	
0	3	5	412	1	
1	6	2	277	8	
1	1	4	548	8	
0	8	4	15	1	
1	5	1	180	2	
0	1	8	481	7	
1	6	5	386	4	
1	2	8	600	5	
0	8	1	62	7	
0	4	5	691	2	
0	8	5	107	6	
0	9	5	5	4	
0	7	1	373	4	
1	3	2	98	3	
0	7	2	502	4	
1	3	1	52	4	
0	9	7	622	5	
0	4	3	516	5	
0	5	3	558	9	
0	2	1	610	1	
1	2	1	54	9	
1	7	4	127	2	
1	3	1	89	7	
1	9	7	25	9	
1	6	4	40	2	
0	2	3	565	6	
1	3	5	101	7	
120 103 83 113 113 171 163 104 140 148 161 146 2 88 16 4 20 189 41 123 142 105 66 105 174 156 11 141 99 138 127 122 50 131 102 130 37 66 16 135 199 97 104 55 47 164 122 93 163 102 70 45 197 2 150 28 115 30 138 3 179 139 19 35 43 62 131 87 120 23
144 32 52 129 146 40 159 41 68 47 154 13 140 45 98 26 156 82 116 125 192 82 36 78 125 113 119 99 80 39 8 76 182 156 12 197 19 93 28 185 10 130 87 75 126 113 143 19 20 189 154 38 32 45 178 22 189 84 46 187 182 143 12 168 54 91 73 30 67 139
107 51 51 138 172 25 54 16 58 125 107 67 141 4 148 58 96 127 196 152 81 196 193 64 48 20 179 178 15 44 2 181 62 51 150 143 85 192 26 43 183 156 165 73 197 192 143 67 5 30 36 49 120 198 95 184 150 62 144 164 58 43 179 192 120 171 80 198 180 109
73 16 29 197 90 1 82 163 104 195 95 86 20 31 111 84 63 59 127 183 107 193 133 127 7 197 50 6 192 191 116 121 148 11 199 105 135 105 124 82 32 185 115 139 8 76 152 74 42 157 50 100 198 8 32 102 124 166 91 195 28 134 161 28 48 115 9 4 197 90
36 48 149 149 139 71 49 123 6 86 155 60 104 96 189 180 106 48 133 160 103 191 41 123 170 44 68 77 182 25 147 13 1 92 153 195 4 184 24 78 25 6 75 99 61 126 76 81 148 146 46 176 139 162 3 122 66 124 68 5 157 144 63 57 106 194 193 178 4 181
108 173 196 49 145 62 47 165 43 2 118 35 195 172 111 188 178 5 131 121 127 27 26 95 196 49 117 2 128 156 116 94 100 85 128 3 41 155 3 134 19 138 143 61 164 78 82 162 22 179 114 71 42 187 51 79 117 160 84 73 117 91 133 28 102 43 55 38 23 157
83 183 193 71 54 145 186 185 147 36 131 139 16 155 197 148 158 75 128 4 66 77 172 151 128 29 3 99 180 106 7 182 118 99 151 66 71 70 69 15 199 17 104 76 113 44 83 163 78 66 53 112 125 48 42 61 139 59 91 104 192 194 33 102 117 150 104 13 54 189
91 121 24 115 96 33 91 159 62 93 84 7 185 92 93 179 28 53 199 149 14 139 196 2 111 28 103 187 53 166 188 23 150 5 177 155 103 31 81 118 76 4 77 132 153 64 117 41 32 91 136 127 183 131 195 199 139 151 76 9 195 187 193 82 177 20 142 168 9 117
174 164 192 45 8 141 29 13 192 179 47 86 185 142 36 163 120 156 121 75 74 62 86 65 83 20 121 129 10 40 49 181 32 146 124 162 93 174 190 198 196 78 27 94 47 180 80 91 61 196 18 33 3 41 36 179 138 34 109 31 137 80 153 109 30 27 125 88 15 188
101 137 141 164 179 95 187 5 199 157 48 119 155 153 157 200 187 107 39 185 101 73 186 196 139 192 141 73 169 196 93 196 95 33 53 16 193 88 147 141 187 103 60 132 156 77 83 190 73 169 66 134 31 12 150 193 56 149 111 62 144 57 10 27 58 79 111 3 94 83
104 82 133 161 43 81 107 54 44 194 74 182 62 123 3 148 99 97 11 25 192 133 102 65 192 20 199 112 137 129 194 128 189 128 73 22 36 129 41 170 28 165 43 112 92 104 74 180 108 133 63 19 119 90 1 81 165 70 136 55 167 63 183 28 55 162 15 111 72 160
68 176 134 135 112 74 100 103 46 7 62 180 184 65 86 1 120 185 60 170 138 184 22 166 69 4 1 114 185 82 29 174 15 9 100 119 105 178 182 59 16 7 21 137 123 67 196 51 63 162 103 33 8 170 178 186 151 175 83 68 27 7 196 154 163 111 61 168 34 15
28 76 97 131 28 52 127 98 76 112 165 192 33 11 121 181 13 186 5 1 11 126 64 18 157 164 179 146 38 33 31 80 156 197 80 184 145 178 91 37 143 83 50 50 16 180 93 99 192 153 71 86 45 142 154 166 96 144 177 183 114 168 114 124 186 101 199 81 49 70
113 162 168 135 52 115 52 115 180 114 111 117 37 61 109 183 53 110 198 163 40 119 197 99 46 113 14 6 85 200 65 116 164 9 29 186 20 38 173 51 73 179 181 78 3 127 22 156 82 22 99 59 188 107 33 168 162 187 50 77 56 95 8 133 168 102 118 59 51 91
189 132 101 42 183 125 165 103 3 68 4 146 7 21 64 68 126 146 118 150 57 160 162 111 87 163 183 166 19 23 95 164 75 117 67 10 45 178 140 162 115 27 172 44 114 117 5 87 123 17 45 197 31 108 42 28 2 29 111 148 26 189 28 27 156 44 146 52 81 1
142 156 9 196 143 66 27 174 14 10 78 107 196 191 48 50 168 123 134 1 102 108 167 17 18 99 27 7 79 45 146 197 70 59 193 86 98 122 7 156 62 17 72 57 115 34 23 82 187 183 142 163 136 163 184 71 89 153 113 125 124 62 12 100 44 191 3 27 151 40
66 22 7 76 184 107 83 104 11 170 169 190 80 198 36 12 26 8 78 51 155 186 169 101 148 193 115 174 111 95 58 144 146 22 182 19 123 166 76 59 144 197 69 146 96 85 196 87 26 103 18 23 159 178 175 142 40 182 24 110 54 17 140 115 196 71 130 102 30 53
80 94 67 152 89 161 198 59 83 127 137 85 178 66 30 146 168 85 6 151 64 41 187 86 34 7 163 184 165 178 169 118 76 156 171 169 72 45 74 40 103 109 38 38 184 162 42 178 117 7 183 69 65 140 48 117 173 105 142 108 16 162 190 146 32 152 57 171 15 117
122 176 177 45 112 36 195 136 117 72 150 32 108 92 35 141 49 11 69 111 20 134 82 159 133 147 69 32 96 88 171 61 152 23 129 6 115 27 10 191 62 126 44 166 175 68 38 155 141 38 119 104 145 188 45 172 9 69 114 63 75 20 34 171 86 79 142 19 153 84
110 184 4 62 76 103 151 109 56 49 150 13 34 110 51 131 84 51 40 170 109 12 121 91 123 148 46 168 154 190 188 151 186 110 9 32 18 98 72 72 43 101 161 126 75 181 31 19 51 87 84 17 28 17 69 77 4 156 190 44 76 16 79 42 44 14 133 28 112 134
3 117 26 38 22 170 98 108 68 161 101 42 192 167 98 118 159 12 18 109 129 76 85 200 99 140 162 167 138 32 73 144 18 133 14 167 144 160 25 62 85 101 64 134 5 130 126 75 52 96 22 80 8 141 150 123 8 89 94 33 145 74 119 195 52 30 178 60 84 122
191 96 74 34 179 82 28 44 24 19 20 156 19 131 108 176 105 31 167 163 74 10 96 152 21 141 113 148 97 181 133 166 47 23 76 99 62 104 196 114 193 97 129 87 101 63 188 112 67 102 122 18 59 24 181 68 47 138 33 73 135 90 166 78 36 197 88 58 178 81
153 179 125 192 87 113 20 169 7 70 143 139 122 72 44 101 163 112 85 188 127 88 178 177 117 91 68 158 43 93 63 112 38 44 90 77 161 114 54 82 108 199 12 87 98 131 160 156 130 23 156 91 87 14 73 83 196 176 139 7 137 141 127 200 197 42 88 194 170 141
21 188 7 71 8 148 2 17 34 98 61 99 152 49 5 48 192 31 15 74 4 115 167 156 15 149 67 99 100 109 142 42 54 26 149 177 136 24 172 29 120 117 68 182 152 73 59 63 2 189 70 104 182 42 121 14 56 128 114 138 11 186 166 50 115 168 124 140 142 12
103 29 28 7 114 174 192 136 37 129 66 39 17 92 46 15 72 77 45 126 3 168 160 109 93 175 188 85 61 130 16 127 133 84 31 172 143 17 58 17 124 99 48 31 33 20 124 145 121 157 189 105 161 126 90 122 8 77 189 185 112 44 28 54 148 139 147 51 93 129
148 185 75 199 31 49 186 46 144 149 173 94 92 46 186 147 181 194 28 118 111 3 17 171 45 117 168 17 80 20 136 89 77 59 97 165 193 200 60 62 16 21 89 91 112 126 47 80 95 102 67 12 52 72 92 18 122 25 34 140 188 177 114 11 171 8 197 178 66 53
57 17 151 18 143 9 61 2 198 163 194 52 167 198 102 8 10 95 191 160 174 58 102 37 80 105 145 12 77 182 111 102 199 54 200 139 180 116 13 21 196 142 138 60 66 66 23 128 130 180 100 130 23 1 56 143 32 167 21 189 40 2 137 27 78 114 83 107 156 95
192 67 160 186 193 154 9 72 54 36 15 158 8 71 18 14 94 78 81 25 99 32 198 139 39 97 40 103 52 118 100 128 66 152 49 19 117 47 103 95 71 9 200 37 33 8 163 98 199 63 27 100 117 115 145 180 106 3 104 42 175 48 149 158 111 121 139 83 167 188
18 88 47 62 18 153 35 25 93 124 124 76 70 11 21 40 129 104 21 94 45 62 31 153 102 27 143 120 128 4 124 163 79 52 178 112 43 6 102 35 145 117 48 163 32 99 114 143 166 104 8 156 195 186 17 177 4 129 159 164 190 59 22 184 145 129 41 98 133 9
25 32 136 164 77 82 197 40 33 187 139 192 29 178 61 98 143 154 2 39 105 78 26 78 123 187 17 64 139 30 91 104 59 86 190 164 81 20 143 24 97 92 141 18 145 46 30 123 130 148 71 44 42 132 42 37 74 34 51 116 9 51 126 2 66 102 20 132 163 117
197 133 175 60 11 186 76 117 115 184 170 30 189 8 177 190 113 117 91 133 184 193 183 29 10 188 159 76 67 149 62 123 64 55 138 163 164 156 77 97 7 32 66 90 122 42 122 55 112 153 40 132 21 45 55 89 20 116 152 195 154 95 136 102 97 197 162 182 4 36
162 27 95 126 29 38 164 40 86 81 129 138 63 175 178 104 185 185 132 106 43 121 86 33 72 90 129 23 113 90 122 55 38 58 147 20 47 62 191 83 138 129 198 132 5 41 66 10 153 187 42 48 1 57 3 65 28 177 180 29 157 85 62 149 54 144 166 87 159 1
36 123 156 195 164 176 199 7 152 56 194 178 127 136 80 118 153 66 148 130 32 73 145 105 126 54 124 63 130 90 112 31 14 47 141 62 94 124 138 24 28 49 80 169 77 8 45 146 21 12 10 139 7 120 63 2 57 82 155 92 19 158 173 177 187 61 91 200 177 183
183 170 21 36 20 99 117 63 72 22 174 171 159 20 3 197 32 155 39 162 128 113 102 193 85 130 15 10 136 93 17 38 96 179 29 183 29 153 132 94 122 116 145 8 199 39 152 81 184 45 145 105 107 25 35 121 153 130 49 183 69 87 119 198 159 151 65 134 99 34
2 38 25 142 84 47 35 60 28 167 64 40 60 4 144 150 133 195 102 172 180 11 166 197 91 33 197 94 168 192 30 76 37 164 60 80 188 103 41 27 114 23 51 63 26 146 65 85 81 139 167 165 45 144 139 200 48 37 189 172 145 160 53 101 191 121 111 120 81 119
190 161 16 33 56 23 81 92 68 19 13 198 175 124 5 153 198 63 110 3 146 1 145 145 160 85 137 170 189 80 27 105 1 115 97 183 43 13 52 88 128 77 131 57 12 26 60 193 148 62 93 178 79 142 178 130 45 114 98 192 147 110 63 120 83 66 192 27 76 133
194 151 46 37 39 88 187 194 109 148 43 162 165 120 4 73 104 30 60 154 157 77 84 89 94 63 155 166 91 151 97 69 197 135 154 55 133 61 60 196 47 111 39 116 124 138 20 144 122 12 161 172 78 25 66 153 13 41 200 173 93 19 53 185 25 174 113 123 199 64
13 141 91 102 55 110 193 130 21 120 182 154 14 123 73 124 103 66 126 91 191 142 184 19 171 73 176 127 15 147 103 171 76 47 120 122 47 42 191 165 115 191 180 170 98 40 59 94 67 16 29 104 129 184 166 105 159 38 142 153 125 175 96 36 65 92 35 100 186 193
15 27 30 41 65 127 37 70 88 140 109 186 107 152 160 58 151 85 29 113 32 145 18 3 34 42 61 23 122 193 188 186 169 134 133 28 127 137 156 200 49 16 58 70 76 170 147 31 146 72 15 11 166 73 51 62 78 54 126 113 82 175 116 12 70 147 136 46 89 104
120 85 90 169 33 11 54 97 151 189 95 177 142 154 168 15 177 146 173 173 6 40 115 1 94 99 86 12 89 40 92 104 101 27 73 11 115 112 53 110 82 156 151 109 141 47 173 88 93 114 31 182 29 58 198 192 82 147 168 124 90 167 197 162 197 63 11 49 50 11
47 8 86 87 117 139 169 6 33 179 98 193 141 50 54 162 33 25 63 22 19 179 171 10 91 11 25 84 147 126 46 106 158 40 100 30 187 159 173 99 13 9 162 199 151 77 115 84 92 1 39 187 177 92 134 61 12 145 73 198 175 95 102 103 42 1 60 13 114 18
191 133 112 51 178 36 158 13 178 3 80 39 176 81 26 53 149 20 61 64 27 178 61 73 3 161 60 189 118 56 168 59 43 195 188 14 192 62 173 46 116 49 110 65 11 164 23 38 113 175 44 40 73 165 117 148 101 40 98 43 70 199 76 5 123 75 121 103 107 170
43 129 13 105 133 62 91 186 8 138 85 86 57 113 54 76 182 21 58 163 114 26 36 162 48 62 49 21 78 96 75 175 92 56 146 89 124 72 176 134 54 128 80 18 45 14 165 59 50 88 128 137 42 35 66 157 194 73 12 189 61 41 170 26 2 49 168 141 118 114
86 119 119 25 84 190 4 200 155 161 25 48 50 129 1 91 69 95 111 199 54 157 61 170 18 112 144 136 104 117 129 53 192 185 95 161 92 93 84 27 104 179 163 95 109 27 5 153 49 111 111 78 19 77 74 73 92 153 141 194 87 26 176 126 108 164 174 38 174 21
41 129 174 41 134 107 5 115 175 28 175 85 133 174 4 33 187 44 59 68 90 189 191 55 36 110 59 18 169 58 49 69 54 134 156 150 194 100 92 77 153 23 60 4 147 56 71 189 12 99 171 8 32 73 24 137 132 73 69 191 57 121 169 39 169 67 103 123 143 82
100 12 48 108 85 90 172 125 123 127 80 129 12 151 59 129 118 5 60 102 102 124 171 180 55 1 114 34 34 82 122 61 27 194 76 3 108 84 151 175 23 89 197 151 47 161 13 166 70 80 31 72 123 50 168 150 36 173 107 60 86 195 185 160 131 180 185 122 132 160
197 45 89 89 185 88 118 153 50 179 71 48 56 111 144 73 156 110 135 65 130 42 90 175 79 72 176 119 177 104 185 163 140 119 188 189 133 125 121 49 143 81 37 140 147 54 172 42 34 41 156 3 153 82 177 55 182 56 155 58 197 31 190 197 90 198 2 13 132 7
87 188 86 15 156 115 113 154 120 57 22 60 154 24 101 86 42 195 94 20 125 189 24 55 113 142 30 165 193 54 182 121 198 30 130 165 108 64 2 156 30 93 11 52 8 66 132 173 74 85 121 153 75 12 145 30 10 136 152 137 75 119 143 58 62 67 186 36 75 93
99 13 150 6 149 134 101 195 105 10 182 44 83 145 136 187 200 44 63 112 112 168 199 176 121 74 175 47 114 120 39 121 122 111 171 160 142 132 145 136 196 31 40 13 31 26 125 99 70 128 168 87 64 105 19 155 121 104 70 180 186 166 8 10 146 14 166 173 34 105
129 166 115 87 135 188 164 59 155 189 106 96 16 15 40 106 140 17 140 171 18 162 132 120 144 32 177 113 179 63 112 39 126 128 3 39 58 50 82 111 70 78 127 46 115 138 60 34 89 153 8 87 22 46 123 25 159 191 24 194 8 90 106 74 89 43 162 149 126 3
129 189 122 183 47 147 150 136 13 78 55 17 188 48 63 61 137 29 124 23 5 168 2 20 177 105 172 92 33 51 182 37 44 2 10 174 173 176 28 92 111 82 113 4 47 27 134 25 69 10 1 53 97 12 145 132 86 200 115 117 85 52 28 25 99 175 146 23 119 183
137 186 176 68 44 188 186 100 79 35 140 131 34 135 55 17 129 149 136 93 39 110 146 33 127 101 159 66 67 136 104 64 174 23 114 130 122 194 137 106 42 102 111 2 141 155 97 44 114 188 67 144 107 193 119 59 195 67 94 170 192 48 179 105 5 37 120 58 35 24
39 7 176 130 67 175 93 131 184 16 4 101 116 96 126 198 171 161 23 40 95 175 184 90 79 176 137 39 190 185 98 58 54 73 186 24 44 34 198 172 146 81 188 143 56 195 152 7 116 72 136 186 87 38 200 174 113 93 30 157 191 200 172 102 178 179 6 3 81 83
103 133 137 39 128 126 112 42 42 167 136 60 129 37 108 90 166 1 13 61 56 9 189 31 139 171 103 160 91 14 126 196 96 184 112 77 73 180 61 25 45 28 48 157 77 97 1 142 80 25 156 187 60 1 38 150 148 42 39 22 121 153 191 162 159 121 98 57 171 160
2 64 82 84 108 187 29 17 160 111 113 146 101 142 139 168 138 11 156 29 45 55 100 29 13 45 51 179 108 79 50 70 169 194 57 123 163 122 192 180 99 172 56 156 11 182 174 150 150 102 53 172 161 46 188 88 127 177 113 104 111 49 33 101 44 169 38 152 69 98
96 63 34 118 41 166 178 133 96 66 47 133 189 200 29 185 151 85 190 188 121 100 189 58 197 35 75 189 156 50 200 170 167 47 171 59 36 187 160 70 78 49 86 152 54 193 1 185 116 149 97 39 81 120 172 17 41 126 112 162 53 55 138 123 194 169 138 125 112 44
14 110 30 118 134 19 40 119 83 139 67 75 58 117 73 194 113 1 155 137 23 38 195 34 133 196 193 125 120 168 89 145 17 168 116 66 12 133 173 96 129 190 75 89 106 61 146 175 81 111 18 79 187 16 124 177 152 50 163 106 181 172 173 193 43 111 135 171 92 81
62 53 74 167 103 99 129 131 22 123 7 172 57 65 21 56 181 155 1 94 9 175 30 13 128 45 77 21 137 63 42 183 13 170 157 65 106 52 155 7 107 197 88 158 161 178 185 162 44 97 123 91 29 192 104 196 158 191 9 92 146 45 56 19 182 174 73 136 163 103
188 131 6 186 124 86 75 190 25 182 102 114 152 105 161 85 35 73 39 124 138 191 135 58 14 111 52 142 112 10 139 132 3 55 1 171 58 145 91 176 25 167 125 81 102 130 200 90 114 107 7 47 134 46 168 176 164 106 4 94 81 198 57 119 20 6 158 124 136 192
26 74 114 43 171 56 98 191 110 174 170 4 176 94 34 84 140 52 54 48 34 73 177 170 115 36 56 23 86 133 77 59 98 146 70 30 87 62 142 87 89 50 143 134 124 196 165 64 16 163 162 20 4 122 112 169 48 114 3 171 155 8 176 43 39 32 44 89 31 83
125 40 187 70 137 71 179 76 140 93 125 139 81 73 134 34 139 180 197 157 73 123 22 8 94 47 175 11 83 91 91 164 11 106 88 147 96 170 17 179 33 61 143 143 72 90 35 112 162 120 150 61 142 128 99 70 167 199 1 95 162 5 181 162 46 50 23 155 26 128
137 40 50 54 117 200 98 184 42 166 185 7 25 85 111 125 85 74 145 143 194 102 192 34 175 179 57 187 177 119 98 162 24 11 65 72 101 89 170 60 6 15 103 27 157 192 181 89 5 135 27 35 112 118 96 71 176 80 87 70 176 135 184 138 64 129 175 10 71 155
168 71 4 37 50 197 187 56 46 73 69 165 139 107 87 138 180 144 1 170 34 96 132 142 84 185 42 34 189 138 171 2 188 130 20 176 36 28 60 79 64 134 9 8 78 185 11 188 13 102 17 148 53 152 15 58 179 43 92 80 114 167 35 21 1 13 72 173 142 48
80 100 52 58 156 138 137 152 142 77 117 92 167 182 47 183 159 38 82 89 144 79 100 183 180 80 153 66 51 81 78 118 131 172 197 48 147 44 57 90 192 116 20 65 84 40 31 77 46 185 62 105 195 32 167 153 114 69 115 85 50 113 169 190 78 62 171 148 180 141
117 173 3 113 177 121 31 114 103 140 141 39 62 41 194 67 53 14 166 73 53 10 43 52 184 152 18 127 129 47 132 79 168 18 124 189 34 62 74 174 57 101 85 16 49 152 111 51 174 19 11 165 74 63 71 61 198 71 42 5 60 57 192 19 88 200 112 18 85 184
154 157 191 59 63 152 41 187 6 84 16 48 7 98 63 111 5 102 18 110 48 21 179 76 88 125 100 36 73 184 134 80 109 178 52 169 182 66 138 41 105 182 72 56 140 147 72 126 122 64 8 117 34 44 186 194 50 20 35 62 161 151 19 13 108 148 98 163 111 76
125 91 46 94 19 156 73 112 110 144 55 173 15 170 6 192 25 5 164 199 142 121 30 44 112 194 146 25 157 152 141 80 39 80 39 7 101 76 46 101 197 147 109 10 112 101 21 46 72 40 155 84 24 105 127 185 142 194 95 139 98 142 110 151 98 170 119 110 33 106
72 99 50 71 101 108 48 64 51 173 26 161 104 44 20 92 185 99 122 121 29 52 187 91 91 18 4 58 51 147 6 162 182 54 193 44 84 72 179 130 96 71 97 21 118 101 37 23 199 197 113 126 45 127 166 170 133 19 50 143 80 158 83 49 2 11 56 158 150 116
165 115 168 181 97 28 40 136 70 75 149 41 192 70 41 13 27 133 198 46 78 140 93 121 178 110 37 53 87 138 175 88 134 71 81 114 60 157 69 23 129 200 29 50 117 108 61 44 6 17 174 25 130 32 7 176 161 187 128 189 100 195 126 164 64 175 72 34 59 82
2 60 5 140 186 195 182 171 113 197 77 73 171 195 31 148 172 173 23 142 42 145 12 37 25 26 39 28 73 32 173 156 160 73 93 8 41 46 112 144 81 51 55 15 7 179 134 176 159 157 106 168 55 111 131 160 164 22 63 164 57 1 120 35 123 98 115 11 35 187
194 141 84 133 130 180 44 68 197 92 130 9 64 91 163 41 190 188 37 1 61 108 200 74 93 65 171 3 159 68 102 29 61 168 197 181 142 199 37 107 80 13 64 162 111 81 117 60 85 141 171 140 88 62 35 78 62 186 33 98 31 22 135 179 137 64 54 110 169 128
