100 	
11	17
0	71	7	4039	6	
0	7	7	1551	1	
0	74	2	1149	5	
1	18	9	1591	4	
1	87	4	4348	7	
1	97	5	451	9	
1	95	3	1594	4	
1	15	3	3372	2	
0	57	4	2963	2	
0	71	8	125	9	
0	35	7	4112	5	
1	74	1	1773	4	
1	63	2	1542	8	
0	48	5	1997	6	
1	88	5	941	5	
1	91	6	2878	6	
0	29	5	1819	2	
1	83	2	4952	6	
1	38	2	5203	2	
1	5	8	1737	3	
0	3	9	4945	3	
1	73	8	3115	8	
0	29	4	3867	4	
1	31	3	788	2	
1	70	9	1852	2	
1	44	8	2990	1	
0	98	1	4297	9	
1	80	8	1088	6	
0	50	2	3474	9	
0	2	7	2732	5	
1	87	5	4690	4	
0	84	7	115	6	
0	42	4	3972	3	
0	22	2	1009	4	
1	82	2	1211	7	
0	4	5	905	6	
1	77	5	4897	1	
1	48	6	2085	9	
1	95	9	3171	5	
0	10	2	758	9	
1	38	3	39	7	
1	61	4	3449	4	
1	53	5	4868	3	
1	80	3	1039	9	
0	95	3	1275	4	
0	10	7	3823	5	
1	86	9	262	2	
1	42	3	2969	8	
0	39	8	827	5	
0	48	3	1311	7	
0	1	5	1733	6	
0	18	1	4802	8	
0	41	5	3203	6	
1	86	7	2951	1	
0	18	9	3748	6	
1	27	7	1023	3	
0	41	8	3389	2	
0	93	5	3555	8	
0	63	9	1313	8	
0	68	9	950	9	
0	62	5	1516	4	
1	44	4	2398	4	
0	92	5	2731	5	
0	72	5	845	9	
1	85	1	1402	7	
1	72	1	4071	1	
1	36	1	4833	9	
0	5	7	2386	9	
0	75	3	128	4	
1	12	8	2887	5	
0	51	5	333	9	
1	49	8	2668	2	
1	65	2	439	7	
0	86	5	737	8	
1	60	7	674	8	
1	35	4	3234	5	
1	29	2	2157	3	
1	25	3	5179	3	
0	66	6	4322	7	
1	25	2	3355	6	
1	24	1	762	9	
1	74	2	3357	8	
0	16	7	2146	9	
0	58	9	3557	5	
1	41	9	963	4	
0	90	2	200	2	
1	19	6	2785	4	
1	33	7	2474	1	
1	43	3	590	6	
1	52	4	1001	9	
0	82	7	4119	6	
1	51	3	112	3	
0	30	4	5255	7	
1	9	6	4621	3	
1	60	3	3339	5	
1	83	5	4864	6	
1	12	3	3971	5	
0	93	8	967	2	
0	98	6	3496	7	
1	97	4	1386	1	
157 130 164 142 200 33 142 57 168 18 26 142 3 129 140 154 106 26 123 183 46 12 24 14 103 180 43 116 158 73 71 164 12 172 96 10 39 43 199 175 100 198 49 100 6 153 31 179 28 24 154 67 127 114 17 176 149 104 76 54 9 144 36 94 148 139 132 52 177 112 157 18 135 20 51 129 53 160 64 8 113 185 177 177 75 84 106 155 84 179 37 38 14 90 14 85 152 96 130 34
94 102 64 88 93 154 41 125 143 15 25 147 101 51 101 160 61 146 6 119 73 86 129 184 164 64 29 168 131 13 160 82 44 53 36 44 93 2 162 28 161 68 166 152 127 101 195 95 71 165 88 54 17 84 139 121 118 58 87 176 163 86 164 10 196 33 28 102 150 143 119 28 144 91 146 12 93 165 186 179 9 198 23 175 75 29 167 3 48 20 73 46 123 173 127 97 112 147 178 131
114 165 19 52 8 121 129 110 7 104 196 193 30 151 164 198 48 111 100 76 41 41 117 59 45 177 137 3 4 199 27 67 197 5 100 135 97 49 139 48 92 102 2 61 79 136 14 43 16 63 132 182 7 103 96 199 162 155 156 93 78 94 162 102 47 197 165 166 44 44 32 150 41 140 147 169 24 108 4 65 139 19 94 143 130 2 64 41 129 5 131 58 193 56 124 185 198 34 152 97
153 31 22 97 197 110 123 199 197 150 30 22 169 60 180 76 10 147 10 118 41 135 151 91 152 185 63 78 80 76 73 150 137 73 181 1 166 145 61 151 49 1 183 145 182 199 30 102 160 4 36 152 28 75 129 85 112 116 103 127 157 126 1 88 73 139 114 167 89 189 71 80 136 22 50 159 98 117 47 4 7 193 12 31 86 175 197 47 177 183 188 143 74 69 15 46 23 2 73 191
97 22 88 124 17 146 67 62 104 40 79 15 51 25 20 139 193 111 167 92 100 18 56 61 80 71 70 188 121 174 114 136 171 51 136 84 33 137 192 16 97 27 133 78 92 6 14 62 138 126 33 8 48 152 41 6 72 120 38 186 152 81 80 49 123 6 83 46 156 30 85 176 62 193 57 166 114 113 134 127 169 123 94 37 163 143 98 146 77 144 191 23 147 102 179 159 167 9 128 167
185 150 70 156 121 153 199 152 187 135 163 166 166 177 66 51 63 172 29 167 17 35 189 123 77 196 8 14 98 188 78 82 24 95 151 51 129 148 167 186 116 174 18 113 26 137 55 124 32 93 103 42 135 194 106 119 126 45 52 132 50 23 161 125 165 7 149 63 113 65 104 138 189 152 11 168 120 72 166 5 85 29 66 93 70 57 92 82 74 189 186 172 54 132 113 49 25 200 135 112
98 88 77 59 152 41 55 87 200 191 40 5 129 192 150 107 77 176 10 156 41 179 100 42 197 139 163 78 25 112 122 175 131 159 194 106 113 46 170 52 57 72 77 84 52 192 165 144 52 140 31 140 35 15 133 112 36 82 15 174 99 62 109 19 140 18 146 145 181 70 5 188 30 1 11 160 85 183 129 4 165 45 21 152 155 140 38 76 101 29 154 107 59 79 177 71 76 22 107 4
59 188 89 130 179 193 168 10 12 56 52 83 88 162 111 158 115 169 197 43 76 165 185 173 36 90 166 137 145 57 84 138 115 159 155 96 44 136 73 20 34 132 148 137 101 113 9 13 169 178 129 169 126 131 100 125 45 38 52 198 11 175 173 95 180 156 124 175 1 86 125 59 26 174 87 14 47 26 74 168 92 188 3 11 75 3 141 152 151 152 170 1 170 113 62 47 100 2 87 88
116 176 48 93 23 133 67 19 174 111 179 26 129 150 25 140 2 12 125 85 33 59 32 51 7 100 90 48 58 63 177 139 15 129 30 9 67 184 33 57 98 85 118 33 143 21 99 197 198 155 199 64 58 116 13 12 141 77 11 113 81 109 170 184 171 27 114 2 99 93 21 161 167 131 118 97 36 155 154 17 104 21 112 50 33 86 145 115 96 32 45 133 133 120 137 197 71 178 78 12
121 31 87 37 25 188 25 186 34 120 35 29 65 68 193 86 18 188 155 5 133 146 192 69 8 27 178 153 50 121 50 62 137 129 76 20 26 153 165 33 147 195 132 117 67 118 89 172 109 48 28 26 39 144 163 6 103 108 34 23 128 54 114 40 133 91 125 126 94 189 19 56 189 89 71 7 10 160 193 152 124 84 181 76 19 80 111 111 180 68 189 113 149 86 79 108 15 130 124 160
80 155 15 4 68 19 157 59 21 143 135 101 102 26 20 49 18 135 111 143 120 6 22 171 69 84 199 114 88 185 61 36 31 81 97 20 190 83 32 24 58 28 96 133 35 160 50 117 157 185 179 49 68 10 63 59 97 13 194 60 23 124 54 97 54 146 100 131 91 8 81 174 47 101 90 195 99 53 110 73 71 162 60 15 40 189 192 25 185 89 133 15 105 46 18 17 86 198 132 134
142 126 139 181 19 93 70 181 170 168 185 155 163 99 68 145 145 88 15 155 49 171 43 155 50 149 89 7 18 154 125 52 119 49 29 134 45 191 29 146 82 100 21 178 110 69 118 144 103 94 66 57 11 143 189 122 178 45 146 153 137 196 21 178 30 167 156 154 119 112 200 190 38 114 95 5 145 111 40 114 78 63 84 85 65 111 48 105 119 150 47 158 197 142 13 88 30 16 54 14
169 196 192 81 146 180 43 50 120 168 87 137 16 52 101 118 80 177 168 93 127 18 53 61 98 16 14 178 5 194 114 24 194 124 3 154 113 102 33 131 186 70 130 68 80 63 185 164 35 107 92 34 31 63 135 170 81 16 124 174 73 133 176 97 22 123 154 194 164 182 188 138 97 197 98 192 66 190 135 137 8 7 95 57 137 161 62 190 168 148 146 7 9 65 50 5 193 105 39 115
195 114 199 84 35 141 139 84 177 144 17 32 61 189 48 147 48 148 117 108 66 34 175 160 55 119 55 7 31 95 188 119 122 138 186 92 113 65 95 185 24 118 183 29 120 72 93 16 72 117 50 123 161 14 11 2 121 156 9 54 157 179 97 84 113 134 122 32 61 66 162 57 147 73 109 88 76 199 136 95 87 106 113 146 143 163 1 1 161 93 83 48 64 76 140 182 171 189 107 48
12 5 48 150 156 6 161 95 73 157 145 127 164 52 113 192 67 141 77 53 147 126 99 196 112 185 36 49 63 25 15 181 18 78 126 194 34 84 83 54 194 196 60 53 122 157 22 53 2 42 63 60 11 180 103 144 98 57 89 115 141 29 64 103 142 141 3 199 129 138 76 2 41 21 1 149 147 26 7 29 172 105 131 24 85 198 116 112 106 27 60 11 18 183 24 79 158 28 114 141
168 8 85 198 103 101 71 89 18 57 189 31 117 169 94 29 135 23 27 37 46 54 107 81 131 25 163 114 197 4 70 110 169 80 185 86 87 3 121 95 76 113 127 182 39 137 156 187 55 21 171 131 73 190 83 105 6 69 12 29 173 57 194 154 127 121 118 76 17 105 44 73 61 189 29 58 152 133 192 32 33 55 141 150 35 133 126 90 33 21 17 25 87 37 41 47 51 108 145 27
54 45 181 124 102 115 22 154 101 134 128 140 146 109 121 84 107 171 158 97 144 174 164 22 82 65 81 98 74 107 140 122 184 42 104 134 100 171 99 154 34 11 58 130 183 114 136 96 181 182 119 69 135 169 128 67 126 108 117 61 27 155 166 170 1 63 92 42 71 185 47 67 27 45 170 197 62 188 133 36 190 195 183 62 64 199 49 20 101 4 71 112 11 176 57 91 48 146 67 51
128 26 174 55 77 158 43 65 90 157 104 28 94 47 9 17 130 175 146 87 61 75 19 26 193 12 84 109 140 78 49 143 33 161 46 194 124 36 43 59 3 135 106 50 93 60 186 30 198 113 25 196 62 148 107 55 128 15 49 70 153 96 97 110 178 91 198 112 40 88 48 130 1 7 198 48 92 156 185 107 58 6 140 69 60 136 157 61 108 99 92 143 174 89 48 147 37 146 173 114
74 135 82 26 9 10 137 182 18 52 170 65 124 10 136 169 158 94 33 178 2 99 168 79 29 89 2 8 121 120 151 137 151 71 155 171 124 11 57 90 19 197 125 8 55 199 71 151 50 36 171 146 83 26 90 64 77 91 189 71 78 4 52 4 61 41 105 144 192 166 5 153 72 91 35 95 152 183 200 47 198 65 191 52 51 42 139 9 179 170 11 148 77 102 48 161 154 194 60 177
65 15 55 170 200 96 33 139 29 182 93 68 8 181 125 151 195 12 189 34 68 162 96 190 57 33 99 11 46 193 47 5 62 163 126 107 42 198 23 46 120 101 23 102 63 187 67 173 73 72 5 134 47 103 105 35 116 47 105 44 194 66 126 59 111 146 148 164 174 49 50 121 76 89 25 164 64 133 191 168 146 41 20 62 76 182 167 42 113 165 58 190 82 194 37 43 193 185 70 55
107 187 89 49 23 49 40 197 158 113 65 152 24 5 69 104 62 67 194 108 125 30 197 26 172 145 105 176 149 112 11 113 186 32 199 135 18 94 138 157 172 154 70 196 132 113 144 69 145 31 123 87 110 113 84 38 170 137 11 88 146 111 11 147 60 55 29 79 190 21 47 36 59 175 139 80 152 192 123 170 8 8 61 152 27 78 28 8 115 142 59 128 66 98 137 133 198 145 115 128
129 84 161 146 91 74 82 54 187 103 102 146 168 53 195 163 106 8 107 175 14 91 66 11 159 24 51 163 173 167 113 161 30 91 176 186 145 21 130 31 114 76 135 178 16 178 10 190 87 136 74 174 129 62 25 24 74 100 95 104 121 155 84 11 168 3 150 62 106 109 64 182 60 137 189 159 165 170 18 30 80 100 176 74 124 141 83 3 196 72 123 9 123 168 180 117 96 47 68 186
64 104 78 183 130 132 114 43 16 176 24 77 170 135 186 1 107 159 57 180 136 168 101 160 181 49 155 2 160 89 76 64 5 199 18 93 152 112 188 118 133 83 76 191 163 88 31 77 62 95 192 152 70 66 182 134 185 53 143 147 128 105 181 58 65 91 27 46 171 168 129 60 149 148 103 61 28 49 32 23 126 98 135 131 21 199 78 135 31 64 8 28 117 55 183 7 16 40 192 169
155 85 69 102 76 192 138 75 11 145 94 76 88 195 185 20 35 26 73 72 29 114 190 79 10 118 183 131 170 8 90 57 71 61 172 13 107 66 2 73 17 127 6 26 161 132 94 119 146 157 96 127 94 188 107 37 151 106 160 98 19 64 94 135 131 167 133 38 46 199 31 3 59 44 81 194 37 124 25 18 117 99 132 169 11 54 25 107 136 34 159 5 90 76 69 172 8 73 113 116
155 78 13 90 174 43 130 87 70 103 43 118 149 100 173 154 46 104 190 23 140 181 125 24 125 85 136 30 187 152 162 82 56 175 57 167 193 187 126 124 9 72 9 175 45 9 82 193 91 7 161 195 115 8 7 187 112 114 191 192 185 37 129 109 43 77 51 144 103 138 157 65 97 33 148 31 178 115 18 32 174 131 113 73 2 40 91 159 128 44 33 162 149 115 7 85 139 41 130 176
10 111 38 122 5 54 157 70 20 42 137 12 78 132 77 22 186 75 20 22 169 85 88 2 101 41 81 87 43 82 157 108 139 74 59 79 186 82 92 189 25 175 153 172 181 192 114 88 4 125 154 88 56 81 54 113 183 54 176 4 56 59 174 83 28 46 186 135 150 98 60 4 29 159 142 89 58 84 188 35 191 90 175 31 7 37 108 173 145 104 197 58 94 35 107 14 2 69 157 151
147 179 7 188 155 154 11 137 181 198 198 18 27 74 122 46 135 161 10 114 41 106 15 76 188 61 152 57 107 92 116 75 125 88 175 153 109 136 17 88 134 146 77 50 198 17 67 198 42 69 8 72 111 174 118 92 136 69 91 163 24 96 6 118 181 101 50 27 51 110 200 59 162 89 88 147 42 177 36 137 26 49 183 166 62 132 111 191 161 13 73 16 143 94 80 92 73 49 99 92
82 97 139 65 155 137 197 132 55 5 127 130 56 112 190 180 188 87 30 177 154 82 8 71 10 75 93 154 122 57 90 123 183 187 39 8 131 109 110 64 117 149 140 34 36 45 11 115 12 147 148 144 60 16 39 175 91 97 137 114 158 107 200 43 126 153 15 11 30 172 99 69 29 117 195 170 196 155 68 160 92 173 98 82 110 23 59 15 30 79 183 33 4 9 141 130 45 73 26 46
170 91 162 1 80 140 87 146 44 58 81 55 178 6 171 135 154 7 7 192 80 150 44 173 93 23 53 16 109 88 114 162 152 187 47 7 75 85 134 61 194 172 25 158 93 23 122 96 103 144 145 40 157 11 167 102 85 26 177 54 29 189 128 45 178 116 128 165 170 120 173 191 174 29 121 13 133 188 123 98 43 192 68 104 26 153 39 103 140 59 190 142 97 156 159 60 178 179 69 27
138 170 125 28 20 113 198 17 200 74 33 93 77 12 138 48 107 118 35 125 25 158 199 27 172 22 59 129 195 42 48 60 104 130 129 151 45 13 145 35 138 40 135 67 188 187 42 58 33 95 42 111 66 46 53 142 146 94 124 169 46 187 86 135 100 28 8 80 8 76 164 141 81 86 151 144 88 111 167 115 85 120 171 8 13 132 133 185 45 186 26 160 93 134 103 77 28 41 52 146
26 27 102 114 168 55 159 82 75 175 125 84 171 184 90 137 90 12 144 51 75 159 189 103 75 180 138 122 54 121 117 25 29 197 25 49 30 138 65 129 75 177 36 141 94 41 113 167 43 140 107 48 72 141 29 112 39 33 80 2 195 193 114 90 137 11 168 38 49 89 28 21 140 6 66 150 123 159 185 64 152 98 107 22 198 187 169 38 105 7 157 111 99 95 146 38 3 20 33 90
199 167 33 187 13 106 42 83 96 44 81 51 1 34 79 105 119 50 38 130 104 126 84 76 167 132 127 67 199 145 44 25 104 168 148 193 84 83 198 107 144 105 189 151 88 187 120 120 108 122 22 118 175 126 63 54 47 115 59 32 102 142 175 74 45 130 181 17 194 4 16 75 151 10 149 104 31 176 92 27 1 33 184 25 176 185 23 114 42 126 42 45 88 158 41 26 183 19 126 106
177 64 151 76 82 175 119 89 195 141 41 175 127 179 34 173 170 37 8 183 181 18 95 75 161 47 84 44 67 68 193 80 54 188 192 109 149 116 113 65 51 52 31 117 10 116 99 25 130 2 128 55 16 95 101 73 68 48 116 30 52 72 132 27 34 58 145 179 130 189 94 135 101 173 39 19 180 60 91 147 68 188 89 73 40 175 148 122 107 68 78 195 122 57 180 109 21 57 91 31
110 6 91 196 88 182 8 122 149 94 24 120 80 175 135 152 127 171 145 26 121 57 34 65 21 11 174 104 160 184 37 53 108 167 141 55 119 106 191 33 85 57 92 106 77 151 162 112 166 11 135 55 41 182 18 171 195 119 190 1 179 87 99 114 127 3 56 36 148 70 162 57 194 33 187 193 124 163 47 167 117 179 144 197 33 18 13 16 117 57 11 26 18 41 101 72 107 71 55 78
145 74 47 130 189 50 151 88 179 66 173 47 52 44 12 77 80 35 191 90 170 169 162 159 83 166 101 94 13 50 97 187 20 15 169 90 158 16 43 89 143 108 122 139 163 25 111 11 3 21 165 194 33 135 90 91 95 166 91 34 122 58 134 125 117 86 82 91 68 88 26 44 156 112 195 71 12 115 106 81 10 125 14 40 68 172 33 89 46 124 129 139 96 14 138 21 149 78 52 69
4 138 147 124 128 161 151 120 63 104 157 169 200 153 31 30 107 29 63 114 170 114 153 43 106 100 171 160 158 45 119 126 6 171 109 35 67 1 181 178 138 199 193 41 86 88 2 25 142 149 163 137 86 36 24 66 82 122 96 199 24 86 6 40 76 82 126 7 27 15 76 44 172 109 191 53 74 173 146 102 7 97 56 111 101 130 172 126 115 137 177 153 119 21 7 165 124 179 127 141
178 103 166 103 49 33 149 5 18 146 50 79 104 36 40 196 118 60 43 65 155 51 108 35 3 99 52 167 141 5 103 176 81 99 9 109 85 88 22 180 137 121 188 29 106 137 157 26 91 104 70 145 128 155 18 118 35 187 190 135 29 186 34 83 105 58 149 40 117 194 110 49 136 33 106 100 134 6 87 121 194 59 68 39 33 189 175 101 27 103 185 108 38 60 124 86 157 175 94 41
132 82 11 125 11 198 186 43 167 16 88 199 33 163 58 78 164 23 43 161 22 75 156 134 137 66 177 141 80 113 96 100 114 61 137 111 16 67 80 172 118 104 66 46 20 71 123 98 30 33 82 98 7 131 174 36 199 112 18 39 142 120 91 90 38 104 125 17 175 138 173 94 171 105 114 144 8 87 175 77 125 81 72 49 88 2 196 111 128 50 84 29 86 150 53 175 120 59 38 87
199 104 72 58 23 199 131 49 162 57 162 89 151 192 110 197 27 139 199 44 137 44 4 192 53 104 93 41 25 80 7 160 78 125 110 64 3 70 18 188 29 138 14 191 109 156 36 115 189 61 44 12 1 131 106 2 180 189 163 194 75 141 16 157 28 173 51 42 193 134 12 19 136 197 33 46 102 129 102 95 101 80 70 46 149 192 18 124 167 30 45 35 25 44 15 173 184 29 56 158
91 14 26 180 110 25 159 77 161 193 55 79 79 40 199 6 9 97 126 157 153 47 15 49 24 148 72 1 134 107 53 109 98 170 180 188 19 47 66 22 44 96 45 81 125 88 146 70 154 55 63 176 128 27 168 190 60 5 138 38 110 160 168 26 82 155 172 3 90 35 78 166 87 197 133 50 131 4 94 20 31 32 39 142 54 49 197 20 117 45 103 71 133 70 95 130 159 70 96 69
115 193 88 67 69 14 51 92 21 89 190 140 138 74 129 123 95 81 36 180 143 152 139 16 191 180 164 5 178 199 172 188 128 91 189 96 79 177 25 13 135 112 144 145 11 5 72 105 161 191 111 2 73 11 145 166 142 194 2 39 93 68 53 96 85 37 78 179 29 103 180 85 61 74 6 143 85 48 159 163 17 111 200 177 120 40 8 184 115 157 62 86 95 150 195 67 176 176 58 193
4 154 133 166 116 35 72 11 136 122 66 35 113 133 125 112 20 64 45 72 6 126 40 68 108 157 159 199 132 19 136 142 124 21 130 116 144 89 70 129 125 45 161 194 132 77 9 150 191 93 156 6 108 120 195 120 122 42 13 121 28 111 143 143 101 63 39 28 57 115 106 68 82 65 17 194 104 106 27 3 23 103 146 39 122 24 108 95 178 117 8 2 14 26 75 40 196 10 93 195
122 161 155 105 138 56 169 20 17 87 49 181 119 46 33 128 14 128 174 189 79 102 40 55 30 133 125 21 16 159 44 92 82 67 98 97 13 35 140 91 34 98 118 107 86 135 35 45 97 136 110 81 56 152 45 68 146 134 197 58 22 79 52 67 19 67 34 40 95 180 40 86 117 45 184 143 114 79 63 198 28 119 143 131 91 77 100 30 18 137 77 10 137 3 22 73 57 23 178 48
76 191 104 139 17 153 134 94 124 4 191 105 110 101 72 159 108 112 139 11 113 167 103 140 190 170 191 94 74 39 77 142 151 190 101 22 105 171 106 118 57 149 199 38 102 83 84 131 93 175 154 189 2 138 153 102 40 151 76 17 101 186 177 197 178 20 152 89 121 109 22 42 112 14 144 192 111 34 37 84 19 152 32 188 87 9 55 176 146 131 92 27 50 118 1 190 194 121 166 62
146 164 66 77 149 97 56 76 131 46 50 200 186 171 61 187 41 6 196 28 139 98 12 45 129 182 36 189 165 128 98 45 6 151 135 17 14 156 193 32 105 105 200 87 153 18 118 26 51 89 36 72 7 42 83 43 112 135 54 110 49 30 139 73 79 188 37 175 102 69 46 134 94 27 184 101 126 11 28 107 97 89 170 15 181 52 58 183 54 86 50 56 50 25 8 117 200 61 97 13
9 3 69 144 93 60 43 14 87 172 75 21 53 73 56 142 163 40 164 136 87 64 76 67 149 101 26 34 188 50 54 178 57 6 34 44 146 11 143 191 171 18 128 28 140 75 67 105 138 91 1 138 120 56 94 125 188 8 55 49 60 185 109 38 146 92 88 182 60 100 118 32 92 189 6 63 174 48 52 167 88 105 175 167 122 8 31 137 44 117 200 4 151 173 126 65 142 187 96 131
115 49 27 188 174 57 121 125 139 50 164 102 41 15 103 8 74 87 165 142 70 33 61 193 5 164 31 66 147 73 10 166 31 176 79 82 153 196 189 58 68 184 112 30 85 12 4 30 88 29 56 59 65 136 88 74 71 41 128 182 167 62 161 81 86 23 143 75 27 141 152 154 184 153 45 130 35 15 193 148 74 62 77 62 172 168 131 120 103 45 182 195 87 57 8 100 126 5 41 50
114 66 47 88 62 43 28 107 173 187 57 131 117 124 58 90 159 192 176 188 35 165 19 17 134 94 115 87 190 107 85 39 175 88 104 47 153 70 89 154 25 122 91 53 102 168 69 135 163 155 39 123 159 84 5 159 149 52 3 77 20 14 61 135 85 32 38 33 108 123 59 97 21 70 87 77 159 115 189 189 32 91 54 171 27 152 180 119 164 62 98 92 71 120 15 139 159 172 185 194
152 98 190 51 116 53 137 15 145 148 55 24 186 25 120 9 32 76 4 115 134 22 67 68 147 161 131 98 107 123 69 12 161 165 104 103 9 115 96 165 11 172 174 105 199 151 44 174 163 126 83 31 165 101 114 111 76 181 63 32 54 186 25 81 139 153 16 146 174 13 90 65 196 67 60 42 102 24 104 119 177 140 19 83 112 77 39 168 39 131 179 33 180 119 153 120 93 88 68 181
136 20 125 22 187 118 176 50 84 28 5 150 41 197 112 106 102 188 56 163 57 64 198 121 195 182 124 151 142 22 156 118 81 19 1 66 91 112 77 153 88 60 85 87 155 58 162 6 7 163 11 52 172 9 167 123 164 52 165 129 96 147 132 116 20 60 22 40 86 33 114 37 151 15 12 173 12 118 56 18 127 105 71 29 181 56 87 138 120 106 62 105 194 133 177 85 71 128 63 128
105 127 192 20 156 20 39 123 150 122 19 49 50 167 15 28 138 185 67 159 179 191 30 197 180 146 70 35 112 25 11 61 186 197 87 163 136 157 120 53 142 37 66 72 134 181 106 159 67 147 163 34 141 183 20 54 148 168 92 133 119 36 89 146 57 89 155 12 63 25 2 77 175 86 64 89 177 157 118 171 90 26 44 22 191 154 143 127 62 122 200 67 34 35 183 51 74 176 41 16
107 2 187 2 12 164 52 123 66 13 83 76 54 197 144 120 14 154 48 114 21 87 197 168 193 169 72 23 5 184 116 155 39 198 112 105 22 14 78 156 6 3 148 120 21 53 176 186 178 7 189 35 175 173 173 141 55 74 24 117 119 188 126 122 63 48 147 139 114 31 51 143 135 33 30 114 67 16 84 60 120 175 61 143 46 157 139 4 157 146 142 33 103 172 94 133 37 154 45 18
61 74 20 175 159 94 60 54 175 53 175 104 194 194 74 105 54 167 104 149 103 48 79 68 103 153 13 114 178 117 119 18 69 34 193 13 162 37 177 158 49 155 165 130 108 139 114 192 83 153 15 150 59 90 106 6 193 167 176 83 4 4 146 150 143 84 88 80 185 120 136 19 132 192 21 131 151 89 184 96 161 170 77 42 158 177 51 179 137 192 14 103 167 175 144 107 128 42 95 50
195 181 121 77 78 112 56 140 44 38 53 182 72 4 152 177 166 3 144 48 106 149 27 21 61 73 154 165 125 197 77 46 155 134 33 45 38 65 160 121 20 186 102 199 174 197 129 154 43 44 139 32 74 40 197 97 36 55 79 68 112 77 149 70 148 142 119 200 78 181 56 61 121 53 80 137 132 150 42 147 113 142 46 189 46 100 188 5 20 41 114 55 77 65 71 71 73 109 117 91
19 146 36 165 32 51 151 88 2 117 183 163 10 175 124 147 175 36 164 171 5 59 162 187 140 183 105 12 137 193 85 70 171 68 188 170 188 199 122 13 156 28 13 63 141 55 73 19 122 125 91 88 109 188 43 124 61 83 116 20 169 59 190 91 121 137 193 89 38 144 157 17 195 176 135 160 132 149 127 5 139 44 103 175 144 43 13 89 42 128 121 143 156 199 42 93 148 86 92 13
182 37 177 60 157 191 138 45 179 195 119 143 88 187 63 111 11 172 56 100 25 184 132 162 67 42 177 173 194 63 38 153 6 121 36 163 137 181 101 6 124 123 98 97 125 79 118 10 162 72 33 101 136 96 30 121 106 140 132 25 68 120 147 195 109 143 97 153 139 140 14 11 11 5 138 193 152 110 158 143 142 98 158 6 73 128 135 109 182 93 184 29 125 128 182 65 125 91 7 17
50 193 32 127 79 98 120 142 68 99 62 128 163 78 199 138 136 47 15 155 40 84 197 120 117 128 19 30 30 67 171 190 94 62 54 18 17 102 31 26 25 80 64 159 200 100 19 193 129 193 66 82 138 92 132 61 100 71 97 39 139 19 55 1 21 98 65 81 25 3 55 198 27 38 79 122 61 106 194 23 119 64 50 160 97 150 149 132 171 150 134 129 23 14 151 117 119 35 138 124
66 55 30 106 80 125 103 11 200 197 140 127 124 73 28 103 123 6 5 197 110 32 130 60 130 111 145 127 146 49 123 58 173 194 143 161 28 175 80 121 169 73 52 87 130 137 122 87 93 138 59 119 135 44 23 99 106 1 166 163 25 154 183 148 11 170 194 24 111 123 65 110 170 153 39 53 162 6 145 101 56 28 155 155 123 88 123 49 23 170 134 85 92 89 80 60 20 89 60 85
117 122 132 200 174 109 55 180 156 71 103 134 200 155 88 55 152 128 198 98 107 46 103 142 20 86 17 123 90 97 174 65 76 102 116 98 62 85 57 149 6 147 70 12 142 110 98 40 43 78 77 1 89 88 90 130 153 174 122 114 100 115 130 103 160 185 27 116 181 102 111 101 158 180 147 182 115 47 21 17 140 190 91 67 178 76 47 90 197 128 125 126 57 81 66 50 156 167 100 68
170 106 35 121 12 125 144 34 93 113 71 194 191 124 130 105 186 2 101 152 55 171 142 87 43 23 137 131 190 1 153 16 147 196 4 1 187 199 103 65 89 105 25 115 166 182 14 64 36 77 35 8 104 172 134 125 119 55 2 170 156 93 126 13 7 158 81 62 13 20 8 189 193 132 65 25 59 191 162 112 141 13 53 101 199 127 25 101 187 17 146 114 139 50 58 149 117 91 193 143
18 16 81 73 192 124 138 152 4 3 190 186 160 72 4 82 80 184 125 111 194 131 84 169 170 115 74 114 142 85 44 197 173 25 171 180 54 8 147 99 136 26 119 15 23 99 97 100 168 32 161 87 122 86 169 14 105 180 120 4 37 30 63 102 10 69 26 70 197 97 103 195 94 184 17 10 82 190 89 33 86 97 140 2 62 22 25 115 124 52 40 136 49 100 191 83 160 107 124 113
134 142 175 129 128 142 174 171 157 95 46 1 117 81 98 160 15 147 40 135 72 31 80 32 165 137 163 42 200 22 130 118 25 97 169 90 135 123 107 62 127 7 58 30 35 160 182 137 23 38 12 102 29 109 90 144 179 102 2 88 153 163 66 167 106 167 17 8 179 68 108 12 44 167 110 178 34 131 127 77 154 25 19 4 87 69 91 79 192 6 39 13 45 190 99 41 87 13 150 168
89 130 61 115 26 79 174 40 40 130 8 174 68 62 101 44 44 127 188 35 144 131 82 188 136 131 114 153 155 121 97 39 187 16 153 152 132 90 72 20 23 75 154 119 49 67 153 76 196 47 129 78 5 125 132 179 161 124 93 70 60 52 64 54 117 174 128 124 89 146 98 2 184 85 78 189 59 154 138 171 40 11 172 84 182 30 94 153 4 122 116 5 96 170 153 179 81 98 98 44
84 80 132 81 104 182 137 180 21 137 77 105 193 180 194 168 63 59 180 33 136 153 146 44 92 93 123 141 158 126 115 112 83 140 131 153 74 196 135 55 142 128 52 58 36 195 149 59 122 77 18 132 34 59 92 143 155 117 182 140 78 115 21 109 57 119 5 157 32 64 163 124 155 92 133 170 91 197 18 22 118 71 42 60 39 149 38 196 197 164 5 86 194 48 131 144 19 100 33 80
16 173 116 140 87 200 163 109 5 99 105 18 84 27 180 197 177 35 104 4 69 67 147 149 189 76 57 162 40 65 5 21 170 3 45 189 69 134 88 97 169 126 96 51 96 57 56 108 165 7 2 125 127 40 149 191 150 100 71 90 84 180 99 93 183 3 158 93 3 140 105 77 113 127 71 147 59 156 6 82 83 23 67 118 102 85 69 133 146 29 23 62 186 71 168 157 198 117 183 50
85 90 31 90 74 170 99 27 41 198 124 174 123 175 79 142 176 135 35 170 130 119 114 157 108 163 197 120 17 96 110 164 85 17 193 78 91 11 13 173 13 28 192 186 129 48 10 44 9 135 182 176 85 141 180 120 124 165 45 155 91 200 59 185 14 143 47 186 139 157 168 193 14 38 124 12 83 9 43 37 29 110 78 99 169 129 112 2 160 88 173 51 127 88 186 95 173 176 52 124
9 5 116 125 150 21 73 195 118 194 62 17 58 89 104 99 188 18 28 113 38 98 24 49 52 92 22 1 88 32 194 128 99 158 161 79 33 166 198 103 111 138 40 184 175 84 34 127 115 101 32 114 109 132 163 162 171 1 181 155 137 200 157 94 158 54 64 138 152 107 168 103 38 139 165 158 189 3 7 17 130 138 169 42 84 65 12 182 43 11 176 189 174 93 121 42 69 50 3 197
194 11 179 120 57 169 118 82 184 109 112 97 134 192 103 41 65 58 74 144 181 143 10 15 175 37 1 174 7 48 37 95 8 198 10 146 75 91 89 39 185 39 25 54 128 121 151 57 77 143 51 24 7 97 72 63 66 105 37 98 192 104 143 165 114 77 88 152 106 17 180 74 67 184 79 138 156 128 150 119 175 24 81 5 48 108 90 57 134 25 31 110 169 163 171 178 70 194 191 192
107 147 190 102 124 113 125 46 129 42 175 21 111 114 88 158 128 112 5 178 51 148 5 197 165 112 60 183 62 14 106 189 74 159 20 25 60 47 129 29 102 160 127 162 76 64 196 80 38 114 146 140 14 16 119 162 160 117 128 43 70 9 151 94 122 54 39 99 41 150 25 190 34 43 18 57 174 50 125 192 167 129 141 94 68 121 54 123 186 35 120 190 107 17 25 196 91 176 39 78
14 22 150 63 57 47 148 35 57 36 43 86 162 12 178 169 163 142 97 178 64 40 195 84 176 36 149 114 176 78 158 101 170 6 105 195 54 5 185 184 30 167 78 108 114 181 10 157 33 165 45 55 58 192 79 80 120 51 63 82 27 54 19 72 167 156 28 43 164 162 71 21 50 18 51 37 92 47 21 47 140 87 146 18 76 26 80 3 8 69 191 47 62 69 197 157 83 127 154 40
118 20 142 1 116 20 72 142 22 81 11 153 112 153 51 63 39 105 97 64 54 37 36 197 6 42 50 161 87 65 142 98 84 42 175 195 96 45 63 84 187 52 107 190 55 178 42 60 73 31 147 26 2 192 62 114 105 38 149 117 137 41 82 116 146 5 6 45 111 136 173 144 43 160 4 14 96 177 142 48 89 8 191 10 114 166 23 22 183 31 154 67 10 23 11 86 180 189 41 48
14 69 89 164 158 12 45 121 63 108 123 51 96 41 164 14 24 116 132 191 163 129 137 194 88 155 57 46 96 184 193 118 112 109 194 92 55 153 166 14 188 183 2 154 170 169 39 38 178 6 129 161 107 97 41 156 30 177 56 66 149 180 36 4 39 64 74 20 45 198 160 161 162 85 60 91 123 200 154 84 77 86 12 163 64 154 120 135 20 18 60 3 109 25 46 125 137 120 199 67
171 129 180 2 32 60 96 146 44 74 23 15 24 162 58 160 116 88 53 160 7 35 146 73 39 138 89 148 59 160 197 182 29 62 139 121 16 118 87 143 14 32 42 22 96 105 12 116 174 184 34 136 77 57 149 30 174 137 162 9 94 140 197 142 148 140 191 80 184 158 187 149 104 72 138 157 138 82 143 113 44 108 87 90 130 82 30 114 122 63 180 193 20 111 66 54 94 106 157 106
126 46 74 72 9 97 44 79 55 131 57 159 61 60 95 49 150 36 64 124 175 160 162 79 115 145 72 133 14 51 147 67 24 23 60 171 136 69 91 143 131 142 156 55 29 92 48 25 2 95 145 69 197 125 98 83 200 37 81 128 176 160 54 195 43 192 143 143 150 135 13 170 2 52 39 178 129 162 28 193 89 55 60 94 177 23 56 186 90 128 117 172 197 2 3 96 62 189 143 28
167 50 118 111 184 13 61 63 65 7 149 101 49 106 1 2 71 94 22 30 50 81 96 99 146 82 114 75 12 103 78 184 180 119 61 24 43 4 50 200 74 156 147 44 88 93 40 31 75 180 48 15 171 120 32 135 174 118 70 106 179 62 57 177 36 66 185 52 72 83 161 191 91 80 8 74 163 10 9 193 20 51 5 156 30 144 74 125 120 133 33 136 175 6 167 174 160 188 117 7
2 47 121 92 77 102 107 49 102 144 92 60 84 63 68 8 147 23 4 71 138 47 179 59 10 15 113 2 132 88 121 68 98 108 117 102 9 135 65 153 23 173 151 165 114 198 129 134 57 68 69 16 166 126 128 40 111 74 66 66 105 60 105 29 167 96 174 180 3 54 164 185 173 141 190 193 57 128 157 111 80 51 133 191 154 75 121 144 186 25 177 183 66 168 151 102 153 56 76 114
93 79 84 163 58 5 48 72 87 37 200 195 164 65 117 137 157 91 157 195 96 133 151 42 183 71 5 121 120 63 54 94 186 172 2 156 102 173 103 2 121 188 194 40 123 185 63 29 81 175 27 19 107 143 22 21 199 192 40 134 113 13 76 100 197 78 10 195 146 189 54 149 140 45 96 140 180 65 74 52 157 146 43 65 1 154 197 189 164 142 34 164 64 49 50 118 149 82 93 139
81 27 35 98 10 123 58 78 46 157 80 72 122 23 143 33 45 159 107 162 103 86 125 154 101 174 78 173 36 113 119 59 187 140 144 138 79 159 185 62 37 123 78 194 151 86 187 55 14 6 45 177 161 109 29 116 85 155 194 84 143 151 127 139 142 81 14 77 47 186 85 104 192 46 35 47 138 177 101 78 38 22 157 117 84 144 174 104 145 5 135 84 65 18 34 161 25 163 54 150
161 152 73 77 49 3 156 47 106 169 92 99 134 70 196 155 83 114 154 23 5 134 166 72 43 76 29 114 31 39 186 19 48 71 110 17 184 116 139 48 38 178 63 9 18 79 185 56 69 153 19 18 108 199 74 108 161 81 23 125 32 62 168 199 99 114 136 63 94 36 16 151 128 133 67 117 46 180 117 182 82 99 4 141 112 194 57 68 149 186 115 126 187 43 93 44 30 129 39 85
72 146 22 137 53 162 87 154 18 148 65 97 133 196 144 107 37 44 28 179 10 133 151 77 169 49 142 160 111 80 75 57 61 196 87 41 66 180 77 34 14 43 76 87 130 84 11 125 94 25 188 60 129 60 105 53 92 71 174 108 180 198 51 60 38 196 70 32 7 173 147 6 92 115 122 141 167 36 113 81 181 143 89 167 188 113 52 158 183 176 21 90 92 33 57 161 178 25 149 196
131 173 80 44 50 46 91 181 123 72 80 99 45 174 138 67 90 92 73 3 8 141 191 151 100 97 189 199 70 101 94 46 24 178 48 72 178 56 55 31 3 92 152 96 194 38 6 36 32 112 43 160 95 191 164 166 17 34 66 170 65 4 81 111 193 47 135 143 188 25 197 49 56 163 89 125 115 161 198 15 36 41 33 72 123 129 132 93 143 141 30 65 150 96 29 46 37 10 156 179
66 152 11 64 20 193 133 176 47 199 142 51 132 49 43 189 66 98 7 121 62 146 166 50 157 34 107 171 106 166 121 194 43 7 29 57 104 74 145 135 25 85 173 17 33 36 4 147 80 177 98 59 45 22 109 99 137 92 61 98 96 10 132 162 33 101 28 82 186 40 116 22 32 22 166 59 103 76 18 43 84 121 147 43 160 72 30 14 68 114 114 113 6 146 120 196 68 137 122 188
88 196 1 63 154 101 126 6 180 129 1 174 159 158 114 39 53 19 141 32 117 124 45 126 89 197 33 36 85 183 48 114 176 95 99 162 1 28 185 48 186 115 96 193 97 28 32 63 195 96 134 83 179 199 74 20 109 104 194 120 36 78 19 18 5 122 80 37 153 167 164 94 171 79 47 18 153 182 30 137 52 145 35 184 115 139 162 75 189 16 149 161 148 45 33 107 84 9 179 116
193 156 50 146 56 121 147 126 137 74 108 114 165 32 194 107 173 32 46 42 75 71 73 59 195 116 65 163 184 142 71 159 102 150 81 122 173 21 43 47 16 129 9 73 46 88 154 132 96 164 99 148 27 98 45 158 183 180 161 5 120 2 101 131 183 46 182 111 160 110 196 131 8 69 81 147 164 57 73 166 104 151 130 103 175 19 58 114 106 55 76 72 117 159 76 11 198 54 59 17
49 167 25 9 100 102 56 184 23 158 114 51 124 107 42 11 58 180 46 79 192 152 84 14 60 46 182 33 77 37 144 38 139 122 180 106 36 199 149 75 2 35 56 86 181 162 54 124 86 125 199 124 65 169 93 7 14 45 14 145 57 91 51 170 52 67 95 59 87 3 158 38 103 186 83 151 111 2 55 200 188 30 63 121 97 29 163 180 159 22 72 191 75 148 48 173 194 105 82 128
13 129 178 91 47 73 107 64 72 13 83 65 189 146 19 114 135 194 185 34 154 33 9 97 89 156 95 140 186 24 85 78 136 124 21 99 8 110 155 60 193 103 199 61 60 159 25 160 115 162 92 15 170 164 93 108 29 144 3 71 63 26 62 152 130 178 91 14 152 6 192 159 103 163 73 93 195 98 101 25 107 137 76 188 100 15 80 167 87 196 110 94 174 152 21 3 53 51 19 142
188 109 6 48 49 1 179 108 73 13 52 18 169 161 91 131 57 120 151 142 173 79 143 149 26 101 43 60 144 68 139 80 11 157 100 23 184 27 172 98 198 132 39 107 47 134 102 144 62 155 87 140 50 101 104 38 174 41 15 122 26 199 68 83 157 74 146 138 88 148 104 90 92 184 196 127 33 130 102 131 7 134 76 13 191 69 43 135 126 112 177 44 133 146 129 127 86 106 196 96
87 136 154 82 48 124 19 154 120 99 108 93 15 79 15 3 176 193 163 118 98 108 78 175 154 90 43 189 44 63 110 35 142 151 41 173 145 139 30 62 99 35 134 97 121 53 111 136 79 150 90 135 36 195 88 77 110 159 199 47 105 176 147 94 170 98 195 27 61 15 21 152 168 10 102 101 139 147 68 146 153 140 193 98 71 134 143 61 29 140 180 23 55 136 37 137 165 57 21 112
187 26 199 130 29 49 175 86 73 54 104 120 48 73 148 74 146 158 93 151 56 189 65 61 62 119 109 21 191 44 182 69 91 49 64 35 150 133 89 74 36 8 144 122 30 200 57 111 80 22 181 112 37 199 148 96 83 87 32 135 31 190 197 127 120 193 150 190 78 91 119 12 151 87 179 56 18 1 130 2 174 57 36 175 70 185 191 107 68 56 25 18 161 88 144 178 98 150 197 151
6 43 153 155 133 40 30 68 166 46 137 84 109 26 166 196 173 168 62 32 71 174 59 160 129 136 51 26 157 91 74 155 168 95 136 63 76 137 36 148 77 137 97 160 14 18 162 34 92 162 6 146 33 132 88 109 71 156 24 79 187 148 79 18 178 47 173 69 66 45 91 19 140 144 43 42 110 13 62 9 184 48 193 88 67 113 88 98 162 95 123 75 65 189 50 104 63 53 100 8
159 12 88 47 5 99 151 134 37 126 178 94 4 114 69 80 59 66 66 49 141 9 60 99 101 37 30 10 48 120 77 34 25 101 47 168 194 8 1 158 29 13 116 123 116 176 104 147 170 125 48 60 68 85 52 102 121 170 80 117 95 16 117 80 122 29 170 53 24 9 129 52 23 189 185 88 124 127 112 53 33 179 163 19 120 167 131 159 159 84 184 40 188 86 120 75 174 76 64 33
181 61 80 20 148 114 49 85 144 95 115 86 48 23 92 119 177 49 173 177 125 168 140 128 69 3 146 151 186 83 78 199 60 81 97 182 169 35 58 14 20 187 128 121 122 177 100 91 144 31 109 194 137 130 122 116 32 181 177 71 13 67 14 56 200 114 86 163 2 116 85 30 49 106 104 21 121 10 34 191 160 163 90 173 44 56 44 165 199 157 25 15 104 32 149 89 152 19 15 185
172 63 85 178 33 54 169 120 63 137 112 135 28 162 35 22 112 148 120 188 74 186 64 156 169 200 13 162 30 181 54 140 104 142 22 147 36 134 39 8 60 37 149 78 14 41 30 172 105 176 177 4 63 18 106 9 89 29 150 29 13 172 133 179 3 3 61 76 37 185 166 63 60 45 7 10 104 173 7 95 53 54 127 76 171 67 192 84 165 199 83 106 102 147 46 187 71 36 131 183
127 21 167 86 138 45 157 99 180 80 84 30 132 162 124 163 39 153 109 114 30 109 184 9 126 111 103 135 76 141 75 34 95 90 186 185 121 96 37 6 146 163 78 72 133 20 125 159 57 41 180 68 134 106 177 111 197 153 44 55 155 111 108 75 116 58 132 31 70 102 55 165 83 171 97 134 82 192 139 172 127 49 121 7 55 129 198 114 178 193 138 100 25 172 67 57 52 8 123 166
170 107 181 165 150 42 160 109 40 30 169 186 122 65 31 23 107 66 85 177 186 109 82 168 48 83 80 47 63 144 21 32 187 142 1 73 107 170 61 60 113 173 158 102 134 69 93 8 119 174 17 102 39 43 21 189 45 169 71 88 45 125 163 14 116 92 194 25 30 140 179 186 23 157 198 8 58 69 45 57 122 105 78 30 179 178 96 130 157 155 7 80 13 114 73 143 179 46 89 30
135 178 82 194 177 139 47 13 191 189 104 122 150 94 85 154 129 188 4 194 57 107 17 185 57 67 152 194 67 9 116 53 40 86 185 112 131 115 188 53 22 99 15 113 183 42 143 130 164 142 10 8 176 29 179 158 23 108 109 50 40 29 83 128 133 148 177 193 160 152 13 37 2 3 161 4 81 54 176 194 184 109 73 135 170 12 196 19 150 147 97 64 141 78 87 92 169 82 33 26
111 48 152 108 83 152 103 192 190 99 179 131 128 126 85 76 175 89 141 94 173 24 105 131 109 66 136 182 163 198 117 108 7 27 76 110 90 19 147 106 102 126 151 84 59 103 196 198 137 176 30 70 76 22 198 31 56 131 26 79 21 131 111 7 150 62 95 87 25 186 36 170 106 125 144 25 86 68 136 83 117 44 191 121 92 195 179 192 82 157 33 7 182 64 55 61 134 119 84 102
4 82 8 121 22 160 116 53 17 62 187 122 3 154 164 53 10 52 33 70 165 149 120 153 166 41 5 178 4 78 37 17 57 85 198 74 96 43 193 84 113 115 197 189 89 94 100 147 157 26 103 139 2 55 85 167 106 194 77 59 190 198 85 56 85 200 43 27 9 172 112 47 196 68 28 121 97 64 141 64 106 119 106 34 197 11 72 142 85 86 172 118 60 31 183 147 153 40 114 67
92 82 7 67 161 33 28 117 160 3 16 154 96 168 10 108 126 141 91 183 173 66 121 181 115 188 128 117 9 12 30 56 179 37 188 130 116 146 89 159 139 181 2 8 147 130 43 90 197 18 48 127 191 90 53 102 84 45 69 45 75 146 91 61 170 176 52 8 133 160 173 140 56 166 196 189 142 2 107 143 41 39 60 64 114 6 135 28 99 9 172 193 191 103 18 163 101 174 64 53
163 129 55 32 38 37 103 171 154 119 174 89 118 120 169 199 14 81 127 4 105 35 158 86 87 175 188 79 162 157 18 17 122 80 187 123 106 35 14 100 104 131 192 144 45 40 14 182 1 16 14 73 188 5 17 41 65 122 195 158 159 11 193 115 44 158 189 141 176 72 117 86 42 151 39 144 44 31 93 102 156 75 103 145 109 63 101 101 157 176 5 176 80 31 133 160 161 112 86 59
84 135 154 50 115 140 184 186 88 175 169 170 43 42 49 173 20 134 36 8 136 158 91 66 109 93 77 28 194 141 167 35 64 78 3 62 37 16 84 32 179 17 113 69 18 39 72 104 22 35 23 191 132 110 163 137 2 29 18 27 16 139 88 188 131 92 25 6 31 20 151 123 106 3 164 19 167 74 123 168 190 13 181 130 141 4 197 21 2 98 95 191 10 182 193 192 10 194 78 12
