20 	
30	62
1	32	7	408	8	
1	72	3	212	1	
1	96	2	240	8	
0	89	7	109	2	
1	49	9	723	6	
0	96	1	502	2	
1	93	5	685	7	
0	65	1	901	6	
1	64	5	94	7	
0	84	1	480	4	
0	64	9	370	6	
1	75	4	79	6	
1	15	9	312	6	
1	55	7	141	3	
1	76	9	664	9	
1	73	4	735	8	
1	10	4	772	2	
0	32	8	613	7	
0	91	2	274	7	
0	29	9	421	9	
148 43 119 111 199 14 14 8 35 130 105 29 42 63 75 36 167 155 115 41
139 111 24 135 76 199 2 186 176 1 66 69 8 197 191 110 68 102 64 15
160 147 197 96 95 174 130 113 43 72 109 199 4 58 99 42 28 141 47 102
16 161 54 92 36 59 53 121 83 21 111 114 197 55 179 195 104 200 127 192
166 77 156 8 180 116 84 36 174 48 30 44 132 52 129 76 29 161 10 39
20 179 52 60 76 33 192 109 78 184 110 122 159 61 183 192 128 83 88 85
61 85 144 44 34 88 112 23 14 142 156 98 40 37 102 87 22 34 111 79
49 180 149 58 180 24 51 185 118 133 158 175 152 16 28 133 119 161 149 118
4 48 177 116 20 182 21 14 102 185 189 74 12 86 50 144 47 174 128 110
59 132 142 180 39 98 66 154 34 175 92 142 16 80 44 104 21 177 109 23
27 191 76 2 120 169 111 20 32 12 55 59 96 24 23 43 3 43 10 147
77 89 157 145 196 84 38 56 143 59 148 80 94 195 125 151 57 177 157 81
74 21 63 111 198 200 196 32 135 110 59 10 17 165 70 33 183 156 148 190
41 90 153 151 60 160 27 107 108 128 67 46 108 109 106 136 50 144 7 42
106 46 67 189 120 73 149 119 148 88 152 48 176 146 128 161 43 125 187 86
27 95 154 44 16 159 37 2 130 65 92 61 145 161 191 189 181 156 85 55
141 49 108 190 141 111 137 106 3 41 100 123 190 46 141 71 38 68 59 188
15 194 34 72 85 95 180 95 156 189 144 102 49 70 89 122 64 127 113 8
166 198 45 90 75 89 4 46 123 166 35 88 13 153 174 46 133 178 49 107
4 43 92 79 114 28 122 38 124 99 118 162 144 194 33 19 23 188 96 41
171 68 13 61 166 123 136 76 179 155 6 114 73 190 157 183 99 186 145 75
