70 	
17	47
1	8	5	403	6	
0	4	4	141	5	
1	4	1	389	2	
0	9	1	33	5	
1	6	7	62	9	
1	5	8	450	5	
1	9	5	104	5	
0	4	2	177	2	
0	4	7	140	4	
0	9	8	398	6	
0	8	7	497	1	
1	5	9	208	5	
0	3	6	417	5	
1	3	1	112	3	
1	8	4	219	5	
1	6	7	32	4	
1	4	8	136	4	
1	9	9	566	5	
0	5	4	320	3	
1	6	4	9	6	
0	3	1	224	7	
1	9	1	275	8	
1	2	9	265	8	
1	3	2	543	2	
0	9	3	167	6	
1	6	9	299	2	
1	6	7	257	8	
0	6	6	138	6	
0	7	6	386	2	
1	9	5	286	9	
1	7	4	122	2	
1	7	2	399	1	
0	5	7	41	7	
0	9	7	396	4	
0	1	5	245	8	
1	9	4	493	4	
1	1	4	53	8	
1	3	8	448	8	
0	2	8	20	6	
0	3	9	34	7	
0	8	7	515	2	
1	7	2	504	9	
1	8	5	419	4	
0	2	2	439	7	
1	3	5	301	5	
0	2	3	388	4	
0	6	9	118	8	
0	2	3	377	3	
0	9	6	263	6	
0	9	6	188	6	
1	6	9	244	7	
0	3	7	258	8	
0	1	3	463	7	
1	6	7	367	2	
0	9	5	357	6	
0	4	7	344	6	
0	6	2	160	9	
1	6	8	545	5	
1	7	8	119	1	
0	3	5	171	2	
0	2	9	425	8	
0	8	4	148	2	
1	6	4	239	9	
0	7	4	501	2	
1	6	9	66	3	
1	5	1	139	4	
1	5	4	479	2	
0	3	8	325	6	
1	3	4	126	5	
1	1	2	427	7	
88 181 187 98 135 58 105 93 120 154 195 4 26 171 109 2 116 146 137 120 51 56 131 25 128 2 100 89 54 33 39 181 133 39 65 115 32 93 158 78 162 98 102 156 55 125 57 154 185 45 66 55 28 140 158 122 197 6 133 92 59 113 157 27 156 117 98 114 184 18
137 176 157 197 36 200 30 25 104 38 107 71 40 86 121 79 193 152 141 2 17 90 84 146 114 53 102 113 52 146 75 47 149 157 146 156 117 72 9 125 125 112 70 7 113 21 140 90 9 135 124 140 47 17 16 154 171 138 107 160 63 183 60 169 91 52 130 107 173 102
168 13 55 151 21 20 107 122 160 142 162 149 77 150 164 30 162 155 54 42 171 114 81 182 51 48 99 9 173 26 148 189 74 141 118 177 157 3 27 74 81 144 1 187 50 154 51 11 21 197 86 50 156 199 40 82 17 121 17 105 25 177 52 73 173 34 40 110 41 102
40 145 104 102 61 61 95 127 129 77 67 78 102 43 76 10 40 159 48 130 166 152 81 88 154 43 180 16 99 19 57 177 200 72 94 11 118 9 170 44 137 197 155 65 180 194 24 9 44 3 198 104 71 69 50 28 107 147 200 154 87 174 144 194 120 195 34 154 108 44
92 89 176 179 174 51 91 112 174 33 113 55 120 45 173 12 159 92 173 25 19 76 105 124 78 108 177 197 52 149 133 97 152 1 60 128 129 127 200 60 82 171 54 109 67 120 85 16 22 171 106 98 19 80 110 183 79 137 53 38 95 18 197 103 88 165 60 164 174 69
110 185 80 75 18 35 55 103 158 106 43 49 132 109 144 83 187 178 129 156 131 110 26 24 10 142 154 191 196 6 199 50 63 72 186 147 192 7 185 101 185 188 182 161 35 32 65 24 70 79 9 44 128 112 38 96 39 13 30 124 148 46 137 97 169 76 186 60 149 105
65 86 69 44 44 171 41 170 7 45 140 123 7 180 150 33 36 168 167 14 69 80 99 69 150 177 199 181 2 182 37 189 175 71 84 40 31 69 88 171 14 41 37 3 22 68 194 92 114 49 48 192 116 57 66 19 17 157 45 83 184 145 104 145 182 46 171 50 31 95
89 148 71 135 144 151 181 17 156 9 170 5 100 56 46 168 117 109 131 44 103 144 24 104 5 188 17 60 17 34 8 11 163 138 46 112 93 191 191 30 169 38 19 54 189 136 134 56 185 159 62 13 191 81 164 9 11 17 86 192 82 43 172 24 80 99 11 24 39 178
6 105 91 113 143 121 198 154 28 9 107 161 65 194 103 119 160 150 20 8 8 33 199 146 166 181 116 61 2 80 130 184 119 18 118 138 60 130 127 80 91 34 180 37 159 3 153 119 178 94 93 193 99 40 53 143 86 185 27 26 140 26 100 110 7 44 107 29 133 24
172 44 48 114 70 198 134 63 5 95 43 15 73 77 81 127 56 77 63 103 39 189 105 8 30 37 122 71 119 59 28 121 76 132 54 192 191 181 120 45 24 162 101 185 88 150 166 56 100 27 132 169 175 191 49 79 141 172 181 42 106 152 78 120 91 150 105 156 163 192
29 84 200 105 140 135 164 124 15 180 175 29 68 113 66 168 52 77 60 70 45 84 183 171 2 95 63 126 16 200 131 90 84 53 163 1 131 95 147 4 107 95 41 25 68 128 160 160 93 118 101 15 111 30 114 195 6 181 117 47 31 13 165 135 19 16 109 125 197 137
11 95 134 37 185 187 111 144 54 99 122 7 102 26 17 125 163 114 23 19 157 96 136 55 197 7 74 171 66 118 84 99 82 129 119 193 166 50 126 101 16 75 49 137 165 178 85 84 191 142 2 109 95 77 54 19 74 94 167 100 90 92 184 75 72 199 28 12 71 127
37 77 94 9 47 76 42 6 48 101 147 174 130 100 46 181 148 169 24 82 125 82 92 116 190 103 10 92 49 57 164 165 162 41 124 39 165 68 86 156 39 107 135 140 38 193 136 193 157 152 114 11 171 121 156 120 71 32 187 155 157 35 17 134 166 145 152 32 101 73
38 163 89 123 171 81 26 91 166 175 101 157 105 104 66 21 4 172 137 168 15 15 99 21 44 69 33 15 8 13 49 127 146 2 19 33 139 156 4 2 61 177 92 33 184 154 154 133 139 61 79 117 70 178 117 196 78 31 154 91 129 171 105 37 102 92 3 72 1 98
169 150 83 72 107 168 81 71 154 86 24 123 55 96 92 6 99 150 187 139 166 136 84 163 110 40 198 191 128 106 191 119 1 70 131 144 83 7 26 130 4 145 134 15 48 91 163 168 11 192 114 25 138 199 83 103 71 113 168 169 71 113 197 15 89 80 86 30 79 40
152 99 114 166 16 20 72 92 26 55 185 168 176 112 171 114 138 64 119 153 102 33 126 156 1 93 164 123 155 59 124 73 83 160 138 8 50 195 181 116 129 157 107 10 27 27 25 128 24 170 28 43 130 131 125 108 7 36 17 173 151 93 196 171 136 59 160 58 6 32
115 25 184 110 91 111 5 46 123 183 4 176 57 136 166 15 157 64 58 122 72 68 66 63 87 30 21 187 150 138 115 3 41 158 180 17 91 25 39 179 15 94 153 114 117 12 112 110 85 84 47 38 195 47 48 135 61 83 163 197 57 55 172 28 198 179 74 102 190 155
92 61 117 30 125 126 113 118 80 91 58 169 117 143 112 81 166 85 160 139 195 143 90 14 117 177 59 132 98 136 89 25 17 12 129 110 55 167 178 176 195 139 171 74 14 99 67 44 185 98 181 194 138 74 150 96 166 44 109 58 41 129 165 110 14 77 20 62 5 186
181 1 83 21 186 96 84 26 186 95 55 33 151 48 86 194 131 60 146 61 143 119 80 7 192 65 168 72 89 53 12 141 79 171 146 59 101 194 139 104 190 171 45 94 79 156 8 20 133 144 150 145 198 135 144 119 190 183 29 178 30 157 38 147 68 172 164 161 87 6
47 52 52 175 156 1 141 80 54 194 145 68 125 1 59 121 1 175 93 112 156 146 151 174 99 173 49 127 94 115 131 26 106 52 41 141 187 154 7 72 133 142 79 12 62 67 166 140 143 195 200 95 12 115 96 155 38 179 34 94 26 147 37 108 54 150 196 91 83 110
193 32 62 78 35 165 86 175 197 152 71 174 149 140 64 29 11 67 200 49 143 19 198 79 182 67 173 114 77 81 186 88 66 161 184 110 156 77 60 15 93 26 18 33 72 119 184 139 90 136 95 191 200 1 191 195 165 124 110 9 88 75 64 34 113 98 83 32 97 47
98 130 132 118 34 118 13 127 116 45 13 85 67 131 197 58 87 16 114 48 8 185 69 134 7 120 158 48 119 152 105 154 116 108 154 139 178 166 64 97 194 103 59 178 74 162 191 164 14 130 150 122 121 3 144 45 171 15 91 63 164 177 75 43 56 146 174 93 145 23
80 36 162 49 27 60 123 174 90 83 106 145 11 3 60 17 71 55 22 65 191 186 179 18 30 65 148 130 173 194 84 111 81 29 141 74 108 140 151 3 187 148 20 101 7 166 21 9 156 104 135 127 63 67 176 137 87 54 191 92 193 53 103 72 147 172 137 160 146 162
101 114 108 120 103 145 145 28 5 50 64 38 16 16 200 24 4 33 83 53 71 48 23 38 147 64 101 96 13 118 44 134 28 18 149 92 35 77 199 123 115 109 124 174 32 110 108 39 70 13 3 1 161 134 6 197 4 106 77 19 41 124 151 126 182 133 145 192 85 30
130 69 66 109 163 67 152 15 107 82 10 140 178 105 87 163 39 58 182 148 21 10 47 178 105 165 167 21 167 72 74 21 196 126 175 13 163 96 16 139 32 25 63 69 114 103 197 78 142 30 124 154 186 60 200 59 103 162 145 171 58 193 48 48 184 199 157 191 81 165
131 178 80 30 97 133 101 186 156 17 63 102 54 158 42 168 27 105 79 50 91 193 31 58 134 113 94 121 162 88 71 126 93 22 185 32 82 143 114 195 187 19 151 140 131 117 189 118 189 99 34 134 19 190 175 118 90 193 185 39 61 74 198 52 30 178 73 118 121 103
35 77 90 132 86 128 97 47 113 52 194 171 140 158 53 155 54 19 50 62 109 152 130 187 73 170 25 15 153 23 65 140 17 87 71 68 187 96 45 132 179 186 185 102 132 127 99 168 157 107 32 28 86 186 50 26 44 7 161 41 117 94 161 148 200 180 196 146 41 37
156 16 98 97 75 189 52 183 123 75 41 3 44 149 1 170 10 124 54 34 126 91 187 20 119 104 124 88 148 114 169 166 12 102 37 123 125 144 78 8 152 54 65 32 1 160 40 152 134 94 54 105 113 1 99 47 6 96 185 72 132 12 2 122 44 51 164 105 178 181
122 142 86 139 61 52 18 66 56 10 32 82 184 69 191 30 15 102 32 105 86 111 4 54 73 119 170 98 64 155 65 60 54 51 45 98 54 188 145 95 102 163 91 37 198 44 5 81 192 38 66 7 69 168 6 49 26 113 133 45 134 160 137 173 181 173 168 33 184 45
196 199 145 67 198 49 105 72 69 23 129 53 27 129 162 117 159 8 112 129 103 140 26 15 146 52 171 197 193 106 177 68 107 70 89 149 91 195 143 38 43 32 10 156 163 101 115 82 70 120 44 45 194 115 66 103 38 111 41 6 156 138 30 31 51 33 8 32 56 74
104 19 97 185 199 196 4 161 3 168 168 38 97 187 77 44 46 116 167 194 124 82 50 130 109 65 127 100 23 197 56 4 176 146 44 121 85 19 61 184 159 89 190 165 41 18 132 200 32 1 73 87 16 28 55 165 101 189 78 59 148 13 149 3 6 190 128 4 14 33
24 23 128 195 6 152 168 157 175 160 54 150 33 98 174 135 180 167 45 117 157 147 175 56 105 44 175 36 94 141 77 26 183 71 86 200 111 105 91 113 32 42 199 68 109 7 165 69 195 54 61 193 200 165 92 63 40 133 67 168 179 165 165 5 21 78 33 87 67 164
68 80 119 197 98 69 108 63 73 59 125 15 173 157 69 174 187 85 135 160 101 51 160 179 7 88 166 51 166 95 66 77 151 49 156 161 29 84 83 174 117 148 122 22 77 20 26 199 83 56 69 61 41 12 48 88 139 70 77 157 195 125 136 54 129 50 199 7 23 141
6 100 145 39 5 100 169 93 16 199 196 3 46 25 196 50 6 196 104 139 160 199 185 21 31 86 200 17 38 56 153 92 137 157 121 79 37 34 118 165 185 174 1 18 87 87 102 49 147 8 21 130 97 177 70 85 4 131 110 26 47 41 66 3 63 93 137 100 124 55
170 85 129 71 6 162 36 138 80 68 29 58 93 102 8 45 75 90 109 110 87 20 23 7 153 62 80 20 39 94 174 109 45 176 59 54 114 21 73 11 115 148 95 22 97 125 128 82 59 32 44 137 145 114 171 118 72 83 135 178 119 109 106 24 182 35 91 58 156 163
77 105 147 186 24 187 38 22 74 91 85 158 69 96 133 25 3 134 80 28 108 128 19 97 197 115 19 128 150 132 165 173 51 95 38 3 113 119 27 164 88 159 107 10 47 163 25 98 102 39 199 80 55 42 148 177 24 104 187 179 55 123 174 100 130 165 112 196 137 55
145 174 92 78 17 178 107 47 42 30 25 99 182 80 54 81 172 45 125 193 138 17 26 112 59 59 66 97 182 25 104 89 85 153 28 110 125 22 154 124 83 95 169 95 50 175 63 10 52 157 82 67 142 153 146 19 119 115 128 134 173 66 144 120 47 160 84 43 76 2
2 139 150 186 37 59 113 133 134 78 45 152 75 187 78 118 45 128 127 120 5 43 106 75 75 8 168 104 11 2 165 83 41 102 96 118 45 98 123 22 88 28 117 129 160 21 119 170 34 168 195 161 138 65 23 142 156 113 161 126 177 136 44 21 113 193 163 119 47 190
84 160 115 45 161 38 93 179 1 138 162 157 54 186 176 39 18 150 23 133 54 164 95 114 183 14 53 99 91 169 116 155 171 169 29 56 50 177 35 154 156 149 189 117 104 81 102 44 135 195 36 141 69 186 149 181 61 84 63 20 175 57 140 60 125 90 8 148 106 139
95 115 27 154 105 139 199 152 142 58 90 120 75 136 160 174 22 31 130 199 92 118 138 192 119 119 85 85 48 67 107 140 75 66 14 43 107 82 34 13 73 146 123 25 60 48 160 134 150 116 104 6 99 33 151 110 16 39 131 62 103 54 21 79 51 134 7 90 1 118
137 30 66 183 123 85 162 103 14 91 6 181 121 26 47 200 109 92 55 21 154 66 200 105 95 170 10 76 21 163 125 187 56 141 200 60 80 142 89 28 160 30 68 136 31 168 48 149 101 39 190 72 27 131 126 159 58 90 126 22 155 129 117 1 76 175 188 66 126 189
171 150 113 174 138 151 80 140 123 34 100 165 50 96 30 160 146 182 156 160 132 160 49 116 73 3 60 121 22 194 157 149 82 147 63 193 139 37 97 22 59 198 184 85 195 110 86 34 7 196 176 114 158 161 155 99 23 110 191 109 191 47 131 106 77 17 7 145 180 55
3 75 104 56 72 62 197 149 18 100 86 85 109 105 35 105 41 68 83 157 25 165 21 12 25 77 54 114 77 126 196 168 27 128 80 149 103 193 113 139 119 177 46 51 140 96 198 81 107 131 163 120 70 36 136 74 125 15 137 89 67 125 16 30 36 68 136 6 128 1
30 69 193 155 174 100 46 87 169 34 65 90 175 51 149 69 81 3 101 184 115 65 140 75 182 12 163 23 119 77 5 10 120 90 3 156 101 3 18 185 95 171 161 190 22 13 158 34 3 161 196 49 97 57 57 9 154 141 110 64 177 1 14 42 57 132 165 13 26 22
15 183 15 167 178 191 77 100 84 85 139 86 41 55 138 68 174 195 172 19 20 184 55 109 84 124 152 196 187 177 175 162 95 39 168 61 95 172 98 148 130 117 157 190 8 69 56 9 101 28 100 28 184 40 13 50 146 68 132 68 46 166 98 168 172 121 103 185 59 190
134 138 175 158 111 38 106 82 183 4 174 82 158 28 8 157 158 97 53 47 132 58 92 87 26 146 155 58 116 116 120 91 190 185 136 77 101 161 125 170 140 11 25 23 153 182 185 125 158 149 14 92 44 172 128 111 81 144 116 190 170 96 148 77 47 120 143 45 76 77
71 176 21 27 128 126 161 120 186 183 22 176 28 69 25 68 175 3 58 56 97 150 174 124 93 85 96 136 128 131 156 84 151 134 90 52 179 50 126 38 180 195 62 22 195 81 56 62 62 58 162 125 196 7 199 97 119 121 93 200 72 66 140 124 88 31 40 4 148 62
47 129 145 159 27 43 156 167 27 90 14 74 143 34 44 111 74 158 198 156 169 179 198 94 156 184 49 157 38 80 25 35 189 165 92 184 38 2 137 137 112 87 85 172 27 154 197 116 186 1 42 184 158 27 34 13 51 86 156 100 131 82 121 20 49 39 28 79 132 121
190 108 45 190 174 136 198 148 49 46 5 94 89 189 102 129 132 179 13 40 175 50 99 106 90 172 121 53 175 83 75 185 148 48 75 191 198 126 59 85 188 183 167 81 61 132 180 189 91 51 66 146 101 72 82 3 60 63 8 79 121 10 158 27 8 190 149 145 150 26
19 186 10 179 77 144 71 184 99 109 67 34 102 37 91 60 198 121 102 194 63 122 94 79 98 182 181 167 114 64 47 73 185 107 72 53 132 117 39 28 65 187 183 172 140 200 37 176 25 125 170 150 73 61 22 117 44 77 26 98 99 156 19 60 161 200 123 68 172 192
41 28 163 184 3 18 126 26 124 73 30 191 175 65 1 128 194 17 45 124 6 53 73 18 65 71 112 6 98 111 196 184 112 159 29 25 118 39 111 185 31 91 136 138 142 181 146 73 114 55 51 151 113 99 120 115 53 86 97 27 93 152 71 184 95 115 165 48 121 175
157 18 128 109 48 70 113 144 147 152 145 94 174 7 158 35 25 175 81 171 25 23 142 186 3 56 10 145 102 66 35 28 154 160 51 41 24 13 6 22 43 44 189 11 83 81 81 103 187 133 76 3 150 102 187 177 144 78 132 176 67 48 75 131 173 135 23 12 147 193
92 137 101 174 178 124 24 54 190 10 160 22 65 28 176 154 133 99 161 179 164 57 107 8 59 75 102 1 34 3 110 54 98 69 175 6 64 1 109 170 36 97 126 122 26 79 81 54 18 95 132 123 56 116 112 66 170 95 189 16 120 127 89 50 141 61 132 1 88 68
19 7 147 81 178 177 1 173 122 180 200 140 103 144 33 108 79 58 189 60 174 64 77 53 35 123 144 123 39 73 110 127 62 191 109 41 53 189 141 20 72 103 189 92 164 88 60 89 172 125 187 49 137 11 154 8 126 200 120 121 106 161 79 155 97 23 193 63 3 166
22 184 188 6 184 200 52 46 104 186 183 164 20 126 35 27 183 87 176 65 178 150 187 149 180 144 22 66 74 19 4 102 37 5 134 130 189 135 70 92 39 119 129 75 87 135 123 94 128 19 155 44 123 40 120 111 76 194 44 37 57 182 106 146 72 4 7 38 54 50
127 64 181 32 5 31 44 200 96 109 129 9 60 97 194 26 167 44 142 162 115 181 152 68 16 118 122 6 135 27 112 114 98 108 141 82 162 41 168 191 162 29 179 96 143 70 170 196 41 197 177 105 158 160 51 191 26 67 48 99 197 166 131 56 164 192 21 137 81 96
127 129 113 151 159 181 138 62 41 199 97 49 167 39 92 67 122 103 72 167 21 56 97 168 49 16 200 171 168 2 12 152 114 65 1 108 34 83 133 41 106 126 86 167 197 194 194 2 104 55 113 96 166 46 163 37 105 187 126 57 84 153 181 10 61 3 165 106 18 92
38 44 151 81 66 20 114 182 8 151 175 117 134 108 195 106 64 21 35 26 24 17 120 129 29 176 195 134 64 110 135 39 159 109 146 99 177 54 116 36 195 126 103 86 21 52 125 60 63 18 179 136 105 101 11 25 49 2 186 30 149 184 142 45 61 64 138 106 169 115
190 157 72 172 154 160 20 125 117 193 18 139 198 47 38 166 31 59 36 139 57 22 170 22 19 51 135 70 140 171 92 119 72 193 85 14 27 57 79 120 13 183 97 136 44 119 168 77 79 200 149 12 139 82 153 76 13 17 167 120 126 165 174 40 108 130 72 165 77 169
7 198 149 68 82 142 192 95 187 167 156 12 178 118 20 154 131 29 117 85 128 58 40 170 196 21 26 62 109 150 150 60 153 29 101 120 150 169 91 36 160 50 92 159 76 46 164 49 128 137 102 52 171 34 105 88 51 20 64 19 153 169 31 49 84 175 175 58 28 78
43 70 22 131 108 134 16 83 164 105 180 54 5 102 37 165 163 133 119 31 121 140 159 131 157 197 6 186 131 115 130 128 92 18 59 18 74 197 3 162 83 139 54 132 132 9 44 199 45 120 94 126 33 174 159 34 121 131 88 127 41 132 147 62 114 37 165 15 157 30
68 140 171 97 119 6 82 1 4 170 83 187 162 184 118 145 119 4 144 153 95 118 76 145 143 115 116 24 135 63 25 153 44 108 33 43 41 153 116 142 67 170 46 131 155 85 42 92 92 66 72 106 38 98 122 21 55 193 171 6 194 56 69 23 98 157 179 76 94 182
181 166 196 173 172 173 160 150 156 16 87 78 174 181 145 12 18 196 149 101 133 74 94 124 119 95 59 34 162 196 106 154 157 51 152 126 131 59 67 141 109 42 30 14 181 1 134 64 74 63 127 108 103 109 84 59 24 38 100 85 164 61 54 51 187 101 166 124 68 24
137 7 15 182 193 15 166 167 169 92 57 170 174 76 157 106 158 90 143 96 109 107 149 181 100 121 73 168 102 34 185 23 36 27 130 70 10 133 154 55 21 9 134 123 87 101 186 55 130 96 41 25 16 128 90 38 102 58 148 91 127 52 107 75 111 93 170 115 136 180
75 38 69 13 112 98 117 70 117 155 174 22 155 18 125 161 185 38 29 95 88 181 146 159 64 117 148 195 31 34 94 108 114 41 179 49 82 32 115 65 175 111 141 114 195 55 88 41 124 192 60 47 128 158 36 130 59 20 174 125 74 177 183 107 168 2 20 200 159 91
45 196 200 133 163 94 97 63 120 122 117 139 107 107 3 139 152 147 150 37 100 48 3 27 17 54 69 116 51 85 179 103 114 123 150 146 23 80 50 76 147 140 199 105 10 130 33 171 78 108 24 149 112 116 159 104 139 145 110 23 89 60 146 53 69 192 189 36 156 123
182 125 42 128 131 17 117 85 20 68 142 68 151 32 81 107 83 38 71 135 3 122 195 5 58 153 107 121 97 93 104 80 49 181 3 116 80 49 193 109 100 187 162 69 71 130 117 118 40 11 120 196 123 182 93 10 130 129 162 8 189 31 185 118 132 128 66 193 163 173
45 129 34 155 67 196 185 62 145 104 158 11 186 94 20 166 24 23 162 44 99 108 149 154 80 185 58 125 176 178 147 111 13 82 40 169 52 20 155 22 152 118 164 63 56 55 25 72 75 75 87 155 32 1 33 94 65 28 109 98 49 43 51 84 199 170 50 137 103 176
152 140 69 124 15 55 58 181 199 70 172 169 147 152 181 163 122 120 172 160 34 178 29 39 84 90 5 30 58 59 118 39 116 50 168 99 129 13 22 78 124 117 27 62 39 128 81 18 195 81 99 176 6 44 137 112 165 88 4 191 100 161 142 29 179 178 43 94 120 56
90 94 127 178 61 137 115 121 163 78 13 146 63 37 159 166 13 161 36 150 85 147 33 78 144 44 17 122 66 164 198 174 137 174 45 20 49 82 134 57 142 47 84 28 121 98 115 113 69 196 174 18 120 173 72 194 66 10 45 173 7 10 91 5 149 49 52 151 160 183
171 10 193 183 6 14 80 17 183 150 174 172 101 102 137 102 162 14 151 153 1 127 31 11 34 126 95 114 85 104 11 93 147 125 140 72 63 16 19 155 72 161 114 30 22 181 131 34 102 177 115 172 107 190 17 45 184 104 24 143 44 190 49 22 172 191 59 199 76 48
