80 	
72	85
1	72	2	968	8	
0	82	4	1658	1	
0	26	7	1319	6	
1	48	1	654	4	
0	55	7	902	2	
0	71	2	658	2	
0	75	1	1411	5	
0	62	3	1086	1	
0	99	2	71	1	
1	60	7	1227	6	
0	96	6	1969	2	
0	82	3	1895	6	
1	52	8	685	6	
0	56	4	237	1	
1	73	3	719	6	
1	77	2	1196	3	
0	8	4	1880	3	
1	16	4	1998	6	
0	58	9	2014	6	
0	94	7	2010	9	
1	48	6	784	6	
0	82	1	13	9	
1	21	3	205	9	
1	70	5	226	7	
0	97	9	402	2	
0	33	2	1027	1	
1	9	4	1884	1	
0	66	4	1929	3	
1	90	6	977	5	
0	35	7	1397	1	
1	69	5	490	1	
1	52	3	1758	6	
0	34	8	389	8	
1	83	2	1003	5	
0	13	8	1977	1	
1	52	7	1376	5	
0	39	5	969	2	
1	55	9	634	1	
1	50	5	439	8	
0	75	7	1455	1	
1	18	8	1715	3	
0	36	7	1718	3	
0	82	6	1044	2	
0	65	5	1862	4	
0	24	4	361	4	
0	58	7	999	8	
0	98	2	1665	7	
0	72	7	539	7	
0	25	6	1452	1	
0	4	9	426	8	
0	34	2	1572	1	
1	91	6	913	2	
1	86	9	1490	5	
0	7	5	1991	9	
0	55	4	73	9	
0	54	1	1211	5	
0	54	7	2039	1	
0	28	5	152	1	
0	33	8	309	2	
0	48	8	1200	6	
0	18	8	646	3	
0	11	9	938	9	
0	54	1	1067	3	
0	25	6	125	8	
0	48	2	927	2	
0	3	8	1795	7	
1	37	8	223	8	
0	74	9	809	1	
0	75	7	1163	4	
1	63	2	479	8	
1	10	2	54	2	
1	47	8	697	2	
1	11	9	38	6	
1	26	5	908	8	
1	13	7	1198	9	
0	66	3	28	1	
0	88	5	1849	8	
0	27	8	910	7	
0	76	6	1943	8	
1	46	6	1948	5	
35 173 50 177 19 167 186 166 133 125 70 147 157 149 68 192 6 43 96 119 11 171 117 26 195 74 40 73 137 180 159 153 26 32 61 142 67 99 139 109 13 108 102 169 97 9 146 180 168 152 6 182 90 57 46 14 74 94 3 95 7 174 18 60 198 116 44 122 73 25 26 149 73 34 99 65 157 72 149 166
147 154 150 71 185 128 75 11 18 109 192 175 182 111 73 46 132 176 31 165 179 188 63 71 91 76 24 78 7 84 179 94 145 107 91 78 73 5 14 20 176 76 69 163 24 144 80 20 135 195 63 90 11 115 109 156 44 99 21 39 35 166 50 104 137 89 196 134 172 102 17 88 93 29 182 193 80 198 148 79
25 73 84 141 161 61 65 55 160 54 49 41 119 191 144 40 18 130 81 161 184 44 151 149 78 68 117 35 188 67 23 9 8 125 178 129 181 8 3 163 81 111 155 36 78 104 134 89 199 176 172 162 60 152 36 152 115 109 144 123 173 78 165 126 74 100 121 159 72 147 176 158 183 113 7 155 110 39 198 193
192 189 85 53 13 114 71 66 100 197 91 61 95 129 2 17 111 122 127 11 138 89 58 40 128 75 182 180 121 148 153 111 156 106 55 43 28 188 22 134 181 55 183 95 65 110 128 146 196 139 181 104 15 14 75 146 158 30 190 7 82 165 91 185 168 72 90 87 170 47 128 170 139 24 151 140 9 162 171 80
119 173 106 80 73 100 67 59 160 84 27 16 36 148 12 156 79 179 70 172 25 44 130 1 29 112 54 89 101 30 45 127 170 165 100 148 152 14 111 132 145 145 155 55 138 134 155 163 61 191 97 143 132 90 129 89 83 173 37 90 194 124 72 200 151 200 74 65 181 128 100 82 9 92 18 100 29 166 175 176
10 93 46 138 41 191 15 149 155 120 100 139 51 171 26 195 73 114 118 16 67 13 57 71 51 94 138 123 146 186 17 12 114 49 135 55 76 79 134 187 47 100 139 150 18 73 121 109 165 149 175 196 110 47 55 73 130 109 89 26 101 48 75 5 7 87 164 148 136 198 135 153 10 192 109 197 177 134 200 84
126 78 164 121 104 45 126 20 144 101 166 28 39 87 197 166 142 24 122 162 70 118 41 48 164 1 22 5 11 115 179 117 113 147 28 26 139 108 134 85 78 186 111 88 155 112 137 23 7 13 133 37 186 54 48 106 157 79 14 81 194 60 194 83 108 118 4 109 130 29 36 167 22 11 36 194 185 165 109 73
80 49 148 7 118 117 54 144 144 167 54 147 104 17 185 103 197 43 86 140 166 125 9 188 135 84 63 87 160 145 62 72 21 187 198 182 103 129 22 184 87 44 57 156 18 152 182 172 74 120 14 195 28 98 122 35 37 36 76 167 63 98 135 113 149 108 183 110 84 199 30 79 89 189 63 197 184 88 55 140
78 140 103 83 13 67 29 44 74 157 121 103 78 40 132 195 195 18 69 40 4 137 154 167 65 84 119 169 73 71 87 26 134 6 190 75 3 24 79 199 177 100 158 122 148 138 20 30 7 22 32 75 50 195 127 34 89 35 70 19 32 94 112 107 89 55 122 68 53 139 109 177 49 26 62 27 17 182 22 93
88 2 4 90 194 57 99 151 8 193 117 137 63 140 188 28 130 68 174 49 122 138 95 111 131 87 123 127 24 174 156 51 131 149 195 150 45 62 167 139 179 181 5 118 111 62 195 63 182 62 115 166 85 1 167 146 197 89 92 154 61 162 41 117 102 55 183 62 199 137 75 124 132 61 47 137 87 80 68 78
33 152 58 154 189 73 16 13 139 133 16 197 156 120 95 84 102 44 110 71 184 83 160 66 102 80 92 4 5 6 124 23 79 161 86 134 31 149 7 178 147 103 27 46 126 74 195 33 12 100 179 195 128 100 157 186 85 20 184 65 79 196 179 174 107 99 58 71 21 71 159 41 153 65 24 144 164 76 31 47
10 113 43 27 127 115 27 21 28 106 22 33 160 62 197 125 32 2 85 61 1 94 67 174 169 155 90 2 144 27 112 111 118 80 121 4 76 112 94 185 67 181 195 154 136 140 12 122 11 65 66 196 85 107 5 77 121 33 187 26 8 31 146 81 18 172 91 190 127 161 81 115 122 51 134 185 40 149 61 19
127 45 60 33 52 149 142 116 105 117 19 164 114 22 56 158 123 75 131 41 91 32 169 33 61 107 68 125 152 145 171 39 34 37 53 67 29 180 138 35 45 9 52 82 159 119 19 122 184 76 162 61 168 156 146 15 187 180 96 83 87 46 135 92 197 199 12 131 134 139 186 193 92 137 141 93 43 135 161 138
191 7 158 135 182 38 39 30 38 172 83 4 172 81 172 22 158 47 154 142 97 71 84 167 129 37 98 48 171 188 40 95 117 57 39 8 28 150 68 93 145 188 74 89 98 18 43 184 168 165 85 71 41 34 168 9 32 168 130 13 19 39 79 39 192 175 35 41 88 156 130 127 172 10 70 44 180 27 44 156
194 74 84 116 55 148 174 3 134 3 168 23 25 156 92 87 147 99 147 164 194 42 6 171 115 44 90 186 80 75 79 14 164 175 41 72 87 185 136 15 159 148 8 179 38 198 183 140 19 126 96 175 5 194 20 41 49 44 54 68 60 18 94 185 185 168 62 2 166 13 36 36 113 134 126 190 183 105 106 139
166 108 98 141 185 108 1 121 71 194 108 104 55 192 188 67 184 26 18 48 178 164 125 44 64 59 50 49 6 114 19 116 138 128 45 176 135 106 87 40 143 37 68 96 59 179 104 166 137 86 126 151 171 107 20 61 65 142 121 187 28 71 16 111 145 130 193 90 177 21 131 178 180 172 197 115 151 102 69 199
28 75 43 43 65 101 124 184 97 184 12 106 82 78 28 3 76 62 109 29 34 177 118 113 53 22 192 26 104 88 112 182 146 47 187 92 125 15 3 73 12 178 100 30 188 143 60 112 6 183 187 148 169 187 36 72 128 135 13 93 173 175 32 113 58 116 11 97 140 153 119 155 126 190 136 106 42 178 173 78
183 125 104 21 50 124 113 96 25 56 117 104 191 129 20 98 197 99 94 186 26 26 70 199 174 194 85 66 75 7 36 61 108 38 114 90 194 124 29 155 192 95 94 104 89 29 85 80 73 146 58 189 60 134 117 70 3 170 22 99 144 155 184 96 99 50 12 129 161 87 172 162 159 16 191 110 14 189 180 156
156 106 161 189 49 39 32 45 196 56 40 185 127 94 147 75 114 11 183 67 126 106 114 51 177 65 153 129 4 78 176 195 200 90 14 162 58 190 89 158 180 102 12 121 47 93 78 117 147 28 63 148 167 182 57 187 118 149 96 57 78 92 14 88 65 124 160 54 129 198 184 42 181 21 55 70 174 180 41 17
153 40 64 100 85 37 175 190 192 33 177 61 133 39 99 134 62 69 72 169 67 14 102 62 95 31 41 46 154 130 132 34 133 49 10 76 66 40 50 71 178 152 61 105 183 165 19 36 95 51 173 99 107 156 18 141 198 193 36 59 52 190 174 94 187 78 159 160 186 132 138 168 54 48 15 88 125 162 64 13
114 31 123 68 10 178 23 63 1 68 40 86 169 139 84 121 173 63 73 170 63 4 165 12 166 49 30 87 190 129 108 53 76 167 33 193 47 96 81 130 117 97 24 108 36 76 108 68 162 22 13 75 96 126 186 109 60 168 17 80 22 175 149 40 32 15 53 47 200 68 6 114 110 19 63 60 103 56 50 12
120 73 150 23 61 136 106 170 79 168 17 3 88 28 49 19 154 9 59 194 113 181 159 83 106 163 155 103 89 92 186 49 41 143 171 149 179 180 13 139 171 25 138 78 65 24 48 124 119 171 93 166 168 81 108 72 139 142 128 167 168 13 143 21 115 89 22 24 88 69 33 172 71 173 173 120 157 114 177 37
43 13 22 14 49 61 123 61 124 124 171 101 190 68 43 20 181 132 74 151 173 196 29 95 176 85 158 188 192 124 142 166 131 45 146 28 184 189 154 16 141 8 27 101 32 93 177 134 80 105 195 115 33 44 113 4 73 141 56 94 58 64 42 145 157 26 67 113 134 126 85 102 27 42 159 46 75 181 11 160
148 25 67 58 137 8 46 60 44 43 108 147 39 29 95 17 83 182 185 47 132 74 172 143 30 53 114 149 102 145 165 170 151 68 140 123 78 140 6 65 53 132 31 110 23 191 146 168 174 51 138 108 86 89 88 170 13 14 20 130 56 106 9 80 159 131 96 66 32 4 24 149 26 121 191 47 77 113 131 186
20 43 144 176 112 176 164 17 177 144 44 101 47 149 154 179 119 73 145 152 163 140 22 4 175 105 157 70 183 116 102 17 16 187 125 166 68 60 70 30 113 170 150 25 38 76 25 68 90 32 140 13 59 147 69 15 190 184 77 105 35 126 173 143 122 8 35 70 63 93 62 115 17 116 177 198 62 1 61 195
48 111 151 85 138 180 44 103 100 3 192 85 191 55 190 43 100 160 96 141 165 96 144 39 37 149 31 47 133 196 129 98 100 139 141 83 134 113 63 143 5 172 62 137 6 127 23 163 46 131 157 2 195 5 108 175 18 111 39 35 120 2 92 19 131 5 123 108 68 181 110 164 174 30 200 113 94 7 10 70
3 182 137 36 147 68 67 132 55 18 108 109 30 182 199 55 189 40 87 158 4 102 173 185 128 53 50 68 174 12 155 189 38 80 200 49 98 80 160 163 56 44 3 77 147 63 24 69 162 26 32 28 123 109 119 74 112 10 143 113 51 34 55 164 127 144 138 80 41 100 74 102 31 67 134 29 68 88 50 85
4 37 47 113 39 150 42 100 66 147 25 24 90 116 76 147 106 87 16 166 29 30 106 77 192 152 20 80 112 11 64 74 101 3 75 98 11 113 150 75 143 157 192 134 95 135 142 24 178 32 191 170 151 106 190 20 86 143 70 96 132 8 75 116 152 5 139 156 123 141 54 145 50 71 68 150 85 104 147 162
97 102 190 48 141 164 60 71 67 121 104 25 86 109 102 175 138 180 121 88 74 57 158 129 27 160 150 44 189 118 63 28 8 28 110 132 16 18 100 38 95 67 109 99 47 146 190 68 160 30 89 198 21 125 106 58 167 75 142 100 61 187 53 96 121 195 86 166 70 6 167 15 92 114 192 128 168 183 100 87
179 194 156 106 58 200 9 147 146 165 52 188 182 61 150 36 56 176 64 149 188 172 99 61 103 62 83 71 11 114 88 78 48 113 47 175 178 183 125 45 134 60 9 75 148 127 35 199 200 54 109 8 119 181 112 179 134 92 146 70 31 166 114 59 71 89 138 70 15 124 125 32 143 82 126 79 32 154 131 186
157 123 75 176 127 197 111 145 80 17 63 39 79 18 66 3 159 82 187 175 70 134 100 130 94 177 119 105 121 106 177 183 125 48 117 151 62 138 62 160 60 41 162 51 98 105 49 131 3 155 177 109 122 117 47 16 125 166 6 102 181 100 44 82 150 89 153 12 74 54 132 91 8 109 196 5 57 129 28 45
45 63 9 81 194 151 55 67 129 145 65 14 54 103 193 17 188 165 129 144 2 146 69 192 188 166 3 138 59 144 184 199 151 30 145 104 155 47 120 135 155 172 128 180 133 16 127 196 159 37 31 85 126 112 151 135 43 191 169 107 138 125 197 16 6 46 166 97 89 159 118 86 150 32 169 169 82 67 24 177
162 90 163 34 7 198 163 27 112 172 84 130 107 87 167 199 30 40 15 81 79 159 68 76 175 122 8 195 174 95 170 110 23 164 126 174 185 167 91 140 177 79 120 115 192 124 169 77 141 164 159 19 38 153 126 178 74 123 181 55 4 64 112 101 55 89 18 181 81 140 198 17 36 191 128 6 54 5 58 23
72 72 190 67 58 120 14 48 114 103 183 153 98 194 126 88 112 107 190 114 39 104 197 199 133 161 120 188 130 19 32 34 84 102 27 77 100 182 38 178 159 200 100 126 73 188 80 28 27 143 48 56 101 95 188 116 149 51 112 154 143 125 174 183 26 121 73 49 84 140 10 40 66 64 6 130 12 47 79 38
127 95 171 89 181 161 171 173 14 49 9 33 151 132 138 73 80 36 4 80 187 103 39 34 12 156 49 31 11 27 60 24 70 173 74 116 198 33 146 55 42 144 69 106 156 105 16 197 107 44 93 117 75 173 137 56 188 197 78 34 137 169 95 46 65 26 21 59 7 14 54 109 191 193 141 25 5 23 101 16
120 192 185 76 41 165 4 115 99 18 136 2 162 199 165 199 88 177 52 4 191 36 169 110 161 129 151 64 117 107 151 46 174 4 77 194 90 65 96 122 182 135 131 32 91 90 194 116 111 113 44 53 54 143 122 63 184 169 103 126 41 104 17 22 4 182 147 35 113 198 18 36 94 27 79 69 106 60 43 168
121 168 92 27 127 146 73 11 162 113 45 9 135 5 1 194 78 61 105 171 198 41 10 169 41 166 162 176 145 83 93 44 191 26 30 180 99 180 109 171 106 190 84 89 144 196 95 19 194 171 71 145 83 158 86 82 59 112 61 132 141 47 24 38 75 60 38 9 112 91 94 52 54 171 146 140 2 3 7 138
91 188 172 117 135 18 52 135 35 164 176 149 18 175 68 109 89 135 38 14 179 172 128 47 53 16 56 191 41 39 157 90 93 56 44 13 43 45 55 173 158 144 46 14 188 137 83 86 141 21 175 175 17 109 42 144 75 146 82 99 85 23 24 156 32 91 47 56 65 62 186 105 59 21 141 196 97 183 116 114
60 164 197 35 16 25 73 168 104 132 176 78 55 126 108 164 108 69 94 143 174 13 10 182 64 89 78 144 174 149 22 81 41 29 149 77 1 44 25 78 122 6 129 61 192 182 31 98 113 39 168 99 68 1 56 105 40 13 2 67 123 104 37 183 121 68 7 195 130 130 50 184 93 142 188 6 147 73 199 115
115 4 135 16 5 83 153 98 133 100 121 157 47 100 79 110 178 165 61 1 175 77 168 82 170 131 10 92 24 10 11 145 181 12 181 15 164 177 82 107 126 98 87 143 3 105 154 34 83 196 63 59 13 116 8 127 130 8 41 120 53 195 76 103 105 83 164 149 117 32 190 113 81 88 135 130 102 25 152 53
63 169 167 38 125 136 136 9 77 84 112 91 14 150 141 173 13 78 115 169 112 104 24 36 71 197 88 123 3 31 158 35 139 5 33 161 30 81 110 107 151 182 178 138 139 44 130 45 32 164 172 96 197 185 87 144 169 106 69 47 125 136 110 14 88 35 98 151 26 119 6 69 13 197 28 75 88 142 44 102
8 193 97 115 156 198 145 17 129 194 11 95 14 73 144 180 60 49 195 63 111 144 165 86 11 51 48 14 38 140 154 107 112 86 119 190 44 80 114 125 1 115 159 182 128 145 107 114 22 69 198 173 28 73 134 92 103 8 149 49 75 99 167 186 179 192 20 167 73 124 93 119 6 93 65 154 39 87 32 135
188 5 143 149 83 40 172 39 96 147 107 130 198 40 181 198 183 37 53 173 95 155 53 20 136 89 16 100 175 139 139 151 116 180 94 18 185 126 162 66 162 6 37 96 4 101 76 169 186 164 49 190 162 200 22 62 144 26 75 89 146 81 76 123 144 21 167 181 153 113 184 200 165 152 182 195 178 162 178 96
144 129 170 18 160 129 117 56 59 27 39 95 183 137 193 28 148 179 124 56 31 185 149 36 94 9 41 53 108 133 23 31 163 84 149 27 11 73 1 2 151 48 15 110 8 39 77 65 195 126 124 32 62 52 189 43 93 88 188 158 31 109 87 65 1 54 37 91 31 95 191 184 66 54 111 198 132 80 51 145
147 126 118 38 58 193 123 200 159 94 58 96 170 147 157 142 81 159 164 32 159 133 124 55 9 126 170 107 68 87 42 141 94 61 14 174 52 7 12 67 31 125 188 74 43 173 61 10 53 25 125 21 34 78 162 23 90 199 60 34 129 112 180 150 84 133 178 2 97 10 55 90 44 119 34 64 196 198 91 13
176 149 94 151 115 75 128 168 47 17 121 120 178 87 171 108 185 144 188 199 90 25 92 45 116 167 39 146 143 132 136 179 97 123 66 79 130 75 13 26 45 182 50 58 100 94 126 46 62 108 143 120 115 70 173 27 56 49 199 50 24 61 172 199 157 133 62 189 116 178 113 75 188 169 158 142 66 189 76 185
88 72 61 67 10 80 105 47 96 144 110 173 153 87 88 176 158 156 188 9 160 79 94 54 58 79 7 51 196 131 53 71 17 34 6 156 93 104 159 197 136 12 87 10 24 154 196 167 140 44 59 113 89 125 72 40 41 8 59 140 189 174 199 137 36 20 181 169 151 100 5 2 3 151 57 183 128 20 46 50
89 7 147 109 141 177 70 111 197 137 195 8 177 9 76 200 6 130 131 26 169 197 145 138 11 62 186 39 26 6 35 9 100 23 157 80 99 181 153 169 7 170 38 162 39 122 159 18 71 196 77 104 124 172 161 26 159 141 112 14 12 33 187 130 53 196 165 154 96 39 133 121 153 150 117 144 157 195 74 107
95 116 191 165 122 115 89 169 99 174 109 27 62 38 136 31 159 14 156 99 30 34 177 138 82 119 103 62 62 190 179 58 195 177 15 114 52 146 80 2 64 168 90 88 114 196 69 140 51 20 85 112 130 15 131 98 19 153 155 61 79 52 62 43 95 66 99 155 33 98 62 153 181 155 84 56 56 166 158 190
36 91 187 122 11 28 37 59 171 112 113 170 73 147 192 110 102 175 49 52 20 21 184 82 79 111 15 83 79 141 161 112 80 186 191 171 192 140 55 171 192 61 90 120 153 32 156 154 174 19 86 39 1 12 91 61 19 9 81 187 159 92 167 130 48 190 196 196 184 94 190 4 124 81 69 166 132 43 51 61
166 165 138 173 28 27 29 93 173 14 21 95 37 136 83 161 10 133 77 152 29 1 109 59 1 134 67 42 25 101 184 82 157 48 180 185 48 196 93 36 67 68 190 116 110 184 94 5 99 192 142 158 29 187 85 143 26 143 122 181 197 196 113 64 96 40 193 89 63 147 191 157 159 190 146 180 162 32 129 8
166 84 61 156 3 53 120 85 163 118 36 64 178 46 192 86 98 154 110 136 150 119 150 112 127 11 1 199 72 155 170 166 18 187 149 58 7 180 149 47 129 138 55 151 174 123 93 95 95 172 159 3 19 116 65 45 194 197 168 57 109 191 47 185 4 173 22 170 91 30 6 20 7 114 160 161 171 101 109 50
25 44 97 38 98 99 115 125 167 61 129 185 106 151 190 152 141 57 120 36 86 139 61 84 137 39 167 17 34 72 68 188 9 22 96 131 144 93 108 183 150 155 92 104 120 90 80 59 94 96 42 73 196 26 97 110 24 30 42 181 21 23 81 6 21 173 52 108 195 29 41 141 58 48 128 102 154 150 124 108
189 131 72 147 195 199 167 200 133 103 186 103 33 22 17 167 33 196 67 200 95 84 19 83 48 60 3 84 8 70 113 112 76 77 40 143 63 183 70 151 97 126 38 3 6 106 65 129 182 139 107 157 35 100 154 55 84 176 160 140 100 66 80 127 155 173 52 152 41 10 95 107 16 161 145 6 42 115 62 20
13 114 169 91 180 161 123 126 136 157 199 109 180 10 140 124 104 37 54 141 82 12 56 60 153 111 183 30 61 75 150 48 80 115 10 91 2 187 109 160 197 35 39 142 191 175 140 160 146 89 15 154 164 15 36 177 147 50 18 113 74 10 137 83 19 113 103 2 125 13 112 110 192 158 108 53 85 150 69 191
175 22 1 153 12 175 155 59 79 103 183 179 93 36 39 50 44 187 144 71 152 169 35 49 171 105 142 76 101 85 80 111 31 12 63 162 171 49 179 47 160 169 175 113 168 19 183 184 195 139 5 31 110 160 21 196 6 181 46 137 131 1 197 195 15 12 160 189 18 62 69 28 63 9 162 179 105 132 135 190
166 175 129 175 181 10 132 29 42 141 109 65 41 5 195 178 168 43 175 122 53 85 180 157 41 3 121 1 190 21 115 97 143 122 131 161 179 71 136 4 137 167 91 104 158 117 19 68 39 120 72 32 183 176 55 16 94 191 49 149 97 160 113 83 112 155 75 120 103 47 11 102 93 30 21 29 80 105 25 90
45 32 85 21 197 111 71 168 13 78 11 95 60 69 86 136 181 90 194 111 43 143 96 93 27 199 181 43 170 161 37 83 48 120 47 26 49 160 162 185 181 93 181 3 116 126 5 118 48 8 49 166 97 171 103 26 187 2 35 159 149 5 98 64 158 44 5 133 189 70 137 165 77 14 97 191 91 140 136 72
104 57 166 200 172 94 15 30 107 31 22 148 20 196 99 111 104 89 151 159 92 9 143 117 125 200 89 53 86 187 7 93 151 181 183 129 126 39 113 56 193 60 62 4 90 106 66 125 200 1 134 151 124 64 177 92 160 70 47 57 151 126 195 99 177 73 179 118 161 122 161 121 97 195 125 158 162 19 96 91
145 70 31 67 152 162 80 23 103 38 134 116 84 77 137 191 20 114 149 69 19 50 6 79 193 83 193 104 162 29 122 28 74 14 77 8 91 193 127 164 104 196 17 114 197 3 10 33 196 128 121 166 117 151 176 104 94 81 193 94 105 101 173 138 60 56 109 22 192 109 195 160 139 18 14 99 52 94 153 172
111 20 168 167 18 182 94 50 188 47 167 76 200 9 77 184 130 97 74 38 196 137 71 124 9 26 148 160 61 73 21 36 58 61 175 85 84 170 100 84 70 77 76 159 186 199 86 59 139 108 81 163 139 190 114 114 115 54 142 48 141 14 174 27 59 177 117 149 85 66 70 125 106 138 11 96 85 195 168 20
127 52 152 158 125 81 91 10 108 103 134 3 30 12 146 146 189 8 10 148 112 29 130 69 132 42 24 174 12 127 161 29 65 144 60 23 153 178 164 151 174 74 165 136 9 117 5 1 52 194 166 78 196 47 137 64 146 181 185 143 39 51 45 137 41 74 58 200 134 87 84 67 96 7 196 164 191 86 155 89
111 12 91 18 9 135 19 127 9 132 162 147 69 62 134 137 158 18 38 130 145 96 136 75 2 87 115 179 58 99 199 151 105 10 68 103 160 107 156 52 97 47 119 140 96 97 57 77 148 124 182 81 126 67 51 35 128 58 22 72 126 186 194 198 45 153 28 116 160 5 27 15 94 173 36 112 192 81 180 153
65 190 193 179 5 189 138 117 97 182 38 88 68 106 61 196 23 6 15 22 29 33 105 131 179 49 71 171 135 192 103 58 2 28 83 89 124 142 29 154 179 165 23 193 150 43 130 33 177 179 99 168 93 133 177 40 142 21 28 75 117 15 179 15 25 115 132 73 25 21 88 193 90 41 154 39 149 45 88 161
200 117 51 41 119 19 89 167 88 198 143 80 2 26 110 196 199 64 164 14 4 159 121 130 29 183 57 150 199 173 123 69 36 129 96 182 142 17 78 132 94 73 135 51 68 24 194 61 138 118 35 180 68 173 3 110 168 10 190 143 79 11 97 113 56 122 18 76 91 80 140 15 101 152 154 114 122 68 47 86
175 22 96 33 29 173 148 94 162 126 134 14 154 115 152 122 61 152 26 181 60 61 123 127 170 104 114 19 156 76 182 77 50 3 142 47 49 4 34 69 197 104 54 150 69 168 109 132 141 90 139 88 54 111 152 17 185 65 159 7 15 66 146 37 49 160 43 58 28 167 156 179 134 87 14 78 101 104 160 146
149 31 198 159 143 64 89 118 178 181 188 197 47 110 41 62 156 2 116 90 108 58 97 176 197 93 120 169 53 193 171 195 196 200 43 150 187 98 111 8 182 27 149 5 22 44 112 158 196 34 97 40 18 190 140 142 40 171 98 148 118 131 158 93 2 193 80 5 192 76 188 176 183 30 180 174 136 49 186 175
162 6 130 143 148 182 124 13 189 49 126 39 93 67 41 81 101 36 51 195 3 72 63 192 39 84 122 90 126 116 158 61 9 115 70 141 107 58 113 144 89 135 44 94 81 66 100 174 32 111 95 174 190 62 57 85 72 75 115 32 44 184 10 186 193 67 50 150 80 52 95 193 56 104 78 67 27 200 16 113
14 113 28 85 167 11 131 85 181 105 90 129 182 114 42 77 170 33 131 85 109 182 150 148 94 37 47 26 35 136 151 106 13 148 153 193 157 91 85 62 84 194 141 36 69 31 126 63 136 76 117 164 42 68 181 82 118 200 71 175 29 91 140 84 39 144 116 137 90 1 147 79 18 140 133 199 44 86 161 30
82 30 76 147 48 37 91 54 34 66 173 16 160 5 187 182 167 18 31 37 23 187 169 144 108 66 93 128 168 185 27 172 143 181 100 82 74 46 79 44 187 171 32 169 47 30 177 68 193 45 173 52 134 11 3 43 16 131 29 175 8 21 102 14 180 65 40 7 119 36 8 117 180 24 167 14 52 34 20 103
22 194 146 78 62 122 185 43 153 96 186 56 188 74 108 200 73 15 2 36 91 61 198 139 119 168 90 58 122 164 25 181 95 165 150 6 50 172 136 121 26 36 29 94 88 87 134 145 28 113 113 147 54 104 190 86 188 105 166 145 174 154 170 113 93 44 154 11 40 125 184 89 182 119 140 186 114 183 161 106
119 26 137 46 167 35 69 158 131 31 157 86 134 194 37 156 14 156 40 194 185 96 84 61 116 32 193 182 182 89 185 130 53 197 123 126 27 65 71 103 115 5 51 168 192 153 179 157 104 10 6 8 135 101 101 16 157 77 123 194 64 158 154 90 178 82 159 71 27 36 110 52 90 44 20 41 57 193 200 27
148 147 58 196 125 73 192 190 41 81 28 141 176 112 82 25 73 140 160 193 141 110 130 144 51 52 174 169 170 69 59 108 76 7 178 120 146 67 181 116 37 30 77 194 6 70 106 190 60 95 18 44 63 129 87 174 17 173 130 169 157 129 170 147 92 162 43 70 31 160 131 45 63 25 19 113 6 156 79 162
161 72 130 40 110 7 45 163 116 108 155 163 95 155 186 193 149 143 42 163 181 185 199 47 183 70 3 83 64 137 180 71 139 142 38 12 130 44 99 109 154 189 33 12 157 198 29 34 100 61 58 61 92 128 66 81 12 143 31 170 16 8 147 19 56 77 135 6 163 73 13 45 56 4 180 174 192 96 56 186
41 28 172 105 32 69 62 68 175 86 89 78 132 198 109 101 75 189 49 35 139 92 2 160 188 29 46 33 174 173 109 6 33 124 190 49 134 122 24 135 35 61 197 181 55 95 46 59 88 94 129 181 16 114 35 104 11 168 110 1 63 163 76 8 64 190 48 162 187 183 182 41 18 36 10 199 40 65 46 178
109 35 6 20 48 50 121 99 147 173 140 75 172 57 21 62 170 109 109 25 172 48 174 66 181 123 166 190 72 144 178 12 116 72 24 11 63 179 198 112 37 100 150 66 113 89 77 78 138 20 83 141 186 24 22 103 198 42 62 197 152 48 164 52 86 41 86 28 110 12 41 195 155 96 79 41 80 47 26 86
190 193 122 132 111 111 100 19 95 69 88 56 45 138 15 198 195 46 14 84 3 102 153 52 132 1 185 45 78 94 18 39 126 180 9 52 100 10 176 155 165 102 28 184 138 28 187 113 75 104 157 146 51 86 8 24 97 10 42 187 75 71 193 99 152 169 119 33 168 7 140 150 174 43 161 130 34 41 116 119
171 178 113 97 43 103 67 54 115 162 65 33 95 62 41 156 187 187 15 3 133 102 121 157 118 24 28 8 148 136 61 9 71 164 153 172 29 73 21 149 43 122 167 79 90 183 13 101 143 4 104 128 45 143 127 146 117 137 66 104 107 188 1 135 31 127 153 100 100 56 4 188 150 139 35 113 150 108 4 103
56 3 22 164 62 38 1 10 166 90 124 75 147 38 147 145 4 28 31 124 108 171 53 147 193 38 84 34 67 115 50 28 31 174 69 48 119 1 138 101 25 157 200 20 174 110 163 102 160 128 137 157 89 69 180 196 12 122 71 3 56 172 127 87 104 197 59 132 60 180 197 12 19 114 5 73 117 155 15 96
17 179 67 65 53 151 54 16 68 111 199 107 158 156 124 70 71 37 99 70 126 49 193 98 116 65 147 173 147 94 99 100 64 120 28 105 183 57 114 170 39 156 102 50 124 193 1 134 166 92 64 6 34 56 35 148 146 134 76 87 195 128 9 64 43 73 20 34 197 82 151 71 33 104 26 176 124 185 154 27
10 69 93 193 101 22 167 169 156 112 196 135 57 87 80 167 8 64 174 122 66 23 5 85 91 38 148 85 49 69 147 68 42 33 17 61 74 178 128 102 112 87 180 27 7 41 108 132 195 68 72 87 113 74 20 97 174 18 104 102 170 63 103 19 2 66 84 33 197 92 17 177 63 104 50 66 45 113 105 161
