40 	
59	69
0	6	6	200	3	
1	3	2	80	5	
0	9	2	143	8	
0	5	4	139	9	
0	9	2	276	6	
1	8	2	180	8	
0	4	5	190	1	
1	8	2	17	5	
1	3	1	156	5	
0	2	6	240	6	
1	4	2	213	5	
1	9	4	253	7	
0	1	3	151	4	
0	9	3	250	8	
0	8	1	121	2	
0	7	5	272	4	
1	4	3	181	4	
1	1	2	201	7	
0	1	7	213	8	
0	7	7	255	9	
0	4	5	33	8	
1	6	8	167	2	
0	4	5	71	8	
0	6	5	159	9	
1	5	6	165	1	
1	4	9	282	9	
0	5	2	280	5	
0	2	6	176	7	
0	5	3	8	6	
1	1	4	211	1	
0	1	6	138	2	
1	3	1	97	9	
1	9	1	196	3	
1	2	1	220	8	
1	6	9	260	5	
0	4	2	196	2	
0	1	6	143	8	
0	5	7	9	8	
0	1	1	93	5	
1	9	4	145	3	
186 193 192 199 36 196 64 72 48 193 39 69 135 45 2 173 138 111 167 62 195 180 26 100 105 69 56 111 176 74 101 94 170 175 23 122 52 132 167 151
186 77 161 101 59 138 42 136 175 120 18 54 129 170 66 118 93 159 41 5 41 117 159 39 161 35 46 159 65 71 177 130 132 133 74 43 31 158 166 169
68 48 116 35 198 61 138 84 11 8 158 61 186 187 187 75 7 141 197 48 139 132 4 157 117 131 159 62 100 19 103 5 166 182 44 34 143 151 102 7
109 57 31 151 74 91 149 28 190 97 117 134 179 161 192 54 124 138 44 89 128 27 184 46 132 79 88 87 52 93 173 64 144 62 89 141 196 179 148 3
91 111 16 48 155 183 175 12 180 14 193 138 125 168 90 90 109 164 167 83 11 16 53 141 133 140 41 37 82 41 113 17 98 200 165 102 84 151 42 92
45 12 100 49 41 186 105 28 59 137 145 86 33 108 157 37 190 71 121 54 44 26 100 26 101 180 53 104 93 62 101 133 133 155 28 178 36 124 183 152
86 179 42 160 161 84 68 146 108 143 132 185 180 176 118 177 49 194 194 140 25 157 12 49 171 162 189 192 144 142 187 196 148 90 52 153 40 82 115 112
11 78 110 6 120 56 158 48 191 110 67 89 182 163 72 27 89 137 167 180 10 152 197 89 127 199 38 121 3 103 183 147 56 15 63 135 12 173 166 16
101 68 133 173 22 10 195 195 139 51 24 20 168 26 129 170 10 159 169 76 84 26 109 143 195 145 93 91 122 22 75 97 116 179 137 161 183 129 151 132
171 156 128 147 154 48 150 151 8 126 142 181 182 78 32 34 59 15 50 168 47 162 17 161 46 6 97 122 107 178 126 116 7 18 74 87 163 77 127 57
103 198 47 38 57 71 136 143 25 84 128 187 45 73 99 18 36 195 36 145 161 129 159 85 153 78 91 168 48 61 87 157 163 105 26 149 9 7 125 30
89 159 19 25 166 7 76 128 57 188 123 170 118 181 84 9 81 190 179 193 68 180 186 90 194 168 76 174 42 181 32 146 7 13 155 52 32 36 43 108
164 88 179 81 63 138 172 73 25 146 141 178 147 80 103 110 86 153 192 127 118 56 73 129 10 6 156 9 46 152 129 147 177 146 160 85 73 152 128 102
168 88 46 135 97 32 2 167 71 194 112 152 124 141 82 39 101 84 53 43 30 124 86 184 146 144 157 180 76 165 187 151 106 24 164 78 136 135 93 103
35 150 139 62 169 138 75 183 62 154 3 54 117 114 129 134 137 91 121 148 49 190 6 164 168 138 85 136 151 101 20 74 58 109 154 24 66 8 7 126
179 103 174 8 183 48 18 114 115 153 41 52 190 166 167 68 111 1 24 160 28 199 53 131 153 24 134 74 105 76 5 52 174 77 41 69 131 48 187 52
17 9 50 6 103 20 123 190 126 30 115 20 108 137 74 91 57 152 123 28 151 196 192 175 99 86 38 166 180 23 105 82 152 145 10 166 183 140 167 163
94 72 82 147 35 97 25 179 119 81 71 36 47 99 176 54 75 97 32 170 50 21 126 22 175 102 188 98 4 176 14 125 122 70 176 169 69 185 62 62
53 21 117 191 78 155 62 28 163 18 2 147 184 39 9 121 160 112 157 73 198 136 152 43 179 51 116 3 58 41 146 46 99 142 189 196 66 75 120 168
71 156 34 81 48 97 24 125 27 173 8 103 116 74 56 64 62 83 39 28 185 157 60 9 8 150 165 190 85 57 23 105 78 160 37 5 163 27 86 163
24 184 73 168 78 65 152 28 176 98 166 39 174 85 11 24 8 137 74 98 97 57 181 165 180 180 113 30 144 190 59 40 73 24 48 69 103 21 128 98
105 38 142 104 189 173 30 188 144 42 197 167 113 148 68 13 109 11 173 172 84 145 121 151 140 194 139 111 98 191 95 3 28 6 1 106 124 140 2 199
1 56 159 147 157 175 60 100 121 9 169 16 124 43 33 147 137 85 200 9 151 162 65 129 112 175 73 35 83 193 163 62 133 68 178 23 102 11 178 175
150 119 39 27 138 138 82 48 196 130 8 65 40 6 51 6 28 170 193 104 171 199 165 92 133 67 79 107 92 52 59 11 45 46 10 70 193 174 169 26
129 121 157 22 40 156 68 167 122 159 79 164 86 131 80 79 184 164 199 5 110 51 106 78 193 172 44 74 191 101 121 123 54 137 73 164 132 124 1 13
48 100 43 21 186 102 199 189 141 158 71 61 133 199 24 152 81 74 189 143 124 138 98 121 165 27 186 188 86 81 78 166 153 186 101 70 45 58 146 178
49 9 115 56 135 106 55 42 69 84 137 65 20 45 37 149 28 136 106 118 10 36 79 8 26 181 160 18 19 80 67 42 107 22 193 74 92 13 171 141
140 110 167 185 160 192 138 158 49 176 197 162 174 80 167 85 4 25 140 32 96 89 16 39 124 72 188 119 56 111 156 8 22 170 78 38 121 105 167 162
92 39 179 120 150 141 40 58 184 78 35 93 12 152 98 128 50 156 144 121 70 185 123 138 146 138 30 45 177 43 192 53 152 62 78 122 190 37 67 2
152 72 13 165 37 28 132 197 158 130 71 142 20 29 116 86 143 104 145 147 141 88 42 71 99 82 99 5 82 69 57 55 12 11 45 50 143 156 137 27
23 123 10 94 86 20 64 199 147 176 147 167 148 77 193 109 59 38 74 170 135 50 10 119 80 112 155 36 193 127 47 87 42 132 25 112 26 183 121 169
65 57 12 25 86 74 185 33 142 28 51 107 21 81 81 14 59 161 147 118 88 151 153 129 175 117 34 168 178 78 102 2 114 145 127 169 10 34 16 143
60 18 8 91 42 102 107 55 97 106 104 133 115 99 116 175 3 118 154 145 31 88 169 128 85 24 151 114 188 50 194 125 8 200 37 7 58 74 64 64
142 22 106 121 149 29 142 65 85 57 145 166 92 129 86 60 131 141 178 86 34 136 183 70 37 197 124 92 53 78 87 133 132 176 179 67 157 67 148 138
73 60 189 184 11 20 31 199 94 40 58 67 200 26 122 27 159 128 197 24 4 141 128 20 184 140 63 155 176 12 196 125 107 50 108 13 87 119 120 105
37 168 48 159 3 192 157 107 166 6 193 196 137 32 68 125 85 190 12 85 27 59 194 197 37 154 21 134 149 198 198 71 147 159 29 6 125 155 131 43
192 71 191 22 121 66 74 97 72 99 163 10 157 67 38 11 43 181 87 53 23 55 15 116 80 154 51 109 142 158 122 113 79 196 25 130 177 189 60 118
160 1 107 182 49 101 56 4 20 40 12 25 41 85 130 84 63 9 68 24 115 143 143 134 142 13 56 141 133 195 190 200 41 200 130 42 152 113 105 82
127 26 4 180 115 124 41 157 15 59 182 47 71 189 180 34 168 151 86 176 138 138 23 114 175 58 31 108 42 99 63 145 129 152 83 66 45 142 30 8
18 119 46 74 80 114 36 5 76 131 137 109 83 25 43 113 138 118 5 180 190 104 104 1 16 30 162 120 162 18 125 56 59 45 54 25 59 59 6 4
92 20 86 32 76 80 95 193 156 6 63 147 39 27 154 67 108 112 182 3 39 41 162 81 110 12 174 172 121 149 18 159 44 21 159 58 116 2 76 118
