40 	
10	87
1	6	1	174	4	
1	1	1	152	6	
0	6	8	157	3	
1	4	1	139	2	
1	1	2	113	4	
0	6	1	188	1	
0	1	8	58	6	
1	4	7	77	7	
1	7	1	46	1	
1	1	6	27	7	
1	9	9	190	4	
1	5	2	51	3	
1	7	1	112	8	
1	5	2	71	8	
1	7	2	32	7	
1	1	8	177	9	
0	4	8	122	4	
0	3	2	156	5	
1	3	4	62	8	
1	4	6	175	5	
1	7	6	164	9	
1	2	2	156	9	
1	2	3	6	9	
1	5	2	93	4	
0	1	6	3	3	
0	7	4	60	4	
0	4	3	190	7	
0	5	8	107	1	
1	7	9	54	8	
0	3	9	89	9	
0	3	2	127	9	
1	8	4	162	9	
0	4	9	180	1	
1	9	6	185	2	
0	8	2	154	7	
0	6	8	77	7	
1	6	7	134	6	
1	6	8	101	3	
0	6	1	92	9	
1	7	2	3	1	
110 29 91 177 191 193 102 166 97 109 105 114 118 76 30 48 78 56 65 166 104 125 164 160 146 22 167 151 149 196 68 35 130 114 100 198 194 159 146 15
64 2 188 57 192 141 47 101 191 5 165 182 14 169 51 200 84 53 43 174 193 88 37 180 11 31 172 149 59 170 64 108 136 173 84 43 18 188 31 176
116 163 44 127 105 177 185 74 49 36 98 179 27 16 80 175 134 186 80 173 39 198 182 157 42 75 79 83 99 172 99 137 92 143 166 38 34 65 92 92
57 7 85 92 192 29 29 103 50 186 72 36 190 35 126 165 97 91 152 191 32 20 156 114 33 119 94 140 19 120 180 93 198 61 193 164 77 154 54 164
121 58 195 98 60 28 153 87 92 148 26 101 71 108 54 106 123 134 28 111 188 198 9 37 162 19 83 35 88 149 17 25 183 137 176 101 49 172 44 33
97 189 22 159 139 47 62 95 50 38 128 47 53 7 94 75 152 82 23 83 138 46 100 176 147 195 24 86 23 80 98 48 173 35 5 175 96 181 38 146
167 128 178 117 67 99 34 155 137 3 131 99 38 80 11 126 27 145 3 107 79 185 181 164 116 117 42 84 109 37 145 40 97 34 79 20 56 153 142 127
129 182 168 118 51 60 169 18 81 156 157 118 163 152 92 106 198 186 78 21 75 8 37 117 87 59 31 85 120 12 67 29 112 199 17 96 35 124 65 45
33 197 156 73 181 160 9 131 133 137 91 5 157 141 76 52 186 99 150 192 148 109 8 62 75 59 84 160 123 46 98 114 107 107 143 129 84 40 177 46
52 49 111 52 69 96 171 34 116 37 24 85 83 107 154 35 158 87 191 10 124 27 122 128 14 171 86 24 54 189 34 85 98 85 95 178 26 78 2 198
144 34 135 131 63 36 74 18 193 75 26 31 161 118 199 156 162 34 147 167 164 127 111 88 96 167 175 19 90 21 102 197 190 159 195 176 145 149 148 18
199 19 42 108 122 64 24 164 125 94 180 123 3 51 76 23 33 35 173 200 197 126 184 78 92 54 102 156 40 38 159 10 146 66 188 131 51 30 41 40
87 23 44 32 79 84 196 183 58 21 34 180 114 31 145 52 29 179 73 62 183 197 73 143 116 115 86 34 30 51 56 138 164 154 111 177 82 45 143 38
85 26 22 185 86 170 131 133 168 47 188 126 142 26 55 39 174 60 10 11 174 80 163 75 144 189 182 144 106 78 21 199 139 127 116 106 69 145 178 175
3 148 82 93 17 11 164 42 126 152 146 15 82 139 193 151 32 10 136 25 73 78 96 175 139 168 29 12 35 131 60 27 71 140 32 121 52 139 81 39
78 52 38 129 9 85 41 26 61 15 97 111 41 47 3 63 132 82 142 188 84 102 200 36 110 66 184 184 34 145 159 103 2 104 19 153 180 176 144 125
8 19 89 76 17 128 56 62 117 193 191 6 162 183 67 148 11 71 107 44 199 134 53 64 184 69 86 185 96 23 20 129 47 57 43 60 56 127 86 100
129 35 49 196 38 137 43 113 78 125 106 60 29 85 154 57 119 72 93 16 170 195 121 175 14 106 32 158 17 109 57 39 172 103 168 177 151 114 119 37
112 80 52 142 156 18 68 3 54 98 36 146 45 162 177 38 164 81 111 185 3 125 85 41 34 123 111 191 111 97 118 79 75 31 87 200 113 103 99 196
190 29 49 182 44 167 139 98 162 66 198 112 188 196 70 193 125 124 61 183 115 28 149 133 127 129 101 58 160 110 78 177 45 82 71 106 100 24 150 56
84 117 137 71 115 190 94 125 33 197 74 176 36 84 59 180 70 143 69 109 160 129 50 72 27 190 14 29 17 172 68 127 154 186 141 197 22 71 122 16
70 81 75 84 150 135 21 110 108 168 41 155 165 48 21 3 31 15 152 127 111 15 150 183 27 13 84 76 200 13 11 134 132 84 138 20 145 104 139 45
172 29 46 44 139 80 4 106 105 5 119 151 38 48 105 180 57 136 122 130 139 122 129 150 192 69 145 192 146 98 141 9 66 17 174 137 29 149 78 180
100 68 153 47 170 79 111 24 28 43 140 184 138 115 41 107 112 137 67 44 129 138 81 53 85 11 107 6 120 119 122 166 139 124 90 109 180 94 200 121
78 30 35 62 77 145 41 91 56 154 105 67 89 104 103 36 182 47 91 82 46 108 1 104 179 141 83 169 168 168 84 177 33 154 153 44 5 114 178 186
151 52 125 83 16 106 108 60 125 122 180 151 108 66 84 30 4 5 74 7 2 17 20 72 161 15 26 13 39 193 114 86 170 150 186 111 107 94 65 119
137 135 38 163 156 135 190 173 165 123 112 53 19 102 118 179 146 120 46 95 3 75 176 200 157 16 40 121 51 185 45 186 199 18 120 53 114 63 131 168
187 96 93 106 135 187 29 45 31 124 11 85 198 191 145 81 162 54 115 125 172 157 90 22 31 162 77 8 179 88 146 102 197 39 156 38 77 179 119 32
171 198 115 183 110 77 26 94 180 89 88 36 186 78 169 149 113 65 49 142 101 127 165 84 50 137 153 159 73 11 186 19 146 48 170 38 50 156 30 118
152 118 43 149 184 79 96 83 54 195 110 113 160 200 25 145 37 178 108 106 122 137 139 64 6 68 25 26 165 45 41 178 94 121 115 51 107 99 116 124
198 1 154 93 46 93 124 21 130 11 165 45 95 181 177 152 98 175 108 9 40 10 6 46 139 109 123 88 106 130 148 63 76 63 159 71 25 149 22 46
119 149 153 85 17 17 106 125 75 32 21 31 83 93 7 164 150 104 41 119 157 145 73 1 146 107 118 51 84 87 118 190 82 195 24 129 174 4 159 135
93 180 92 28 178 164 39 165 29 64 34 137 102 186 159 133 88 169 99 143 100 152 101 160 138 175 4 150 53 170 170 63 75 51 172 119 25 112 44 155
198 15 143 41 37 9 94 193 151 10 124 184 9 177 53 87 122 61 10 10 168 137 62 163 104 37 187 40 2 25 79 75 178 178 83 152 184 1 142 71
139 63 103 35 158 12 186 83 76 170 114 143 38 199 28 157 67 173 9 46 163 110 159 89 117 69 132 193 26 125 117 70 18 26 2 68 102 2 88 60
19 177 79 70 93 68 44 87 176 144 89 158 165 73 156 40 58 177 98 70 67 175 128 29 66 56 121 165 122 39 101 172 113 146 96 21 102 174 128 178
38 11 65 177 20 189 88 157 76 144 190 11 157 24 154 80 23 101 157 128 180 107 117 131 40 55 169 173 168 86 160 110 93 126 138 74 145 87 16 88
22 150 63 25 39 113 43 193 124 78 100 175 186 88 86 63 199 187 13 159 141 190 7 116 116 11 82 109 56 187 116 54 111 2 182 104 104 99 200 23
112 59 18 58 93 14 92 107 110 182 104 166 158 88 190 88 181 108 137 119 42 18 59 57 132 101 107 22 13 82 135 197 45 94 126 2 8 115 15 122
116 97 75 16 95 61 119 95 2 192 2 41 99 76 133 63 130 128 20 18 27 5 85 123 142 72 20 51 112 122 13 187 118 83 67 185 40 4 186 42
36 199 163 168 83 122 153 120 109 193 181 160 83 51 176 51 69 121 80 75 154 80 52 175 147 172 11 134 150 176 7 190 69 69 115 183 171 100 78 6
