70 	
4	11
0	12	5	658	1	
0	7	4	2381	5	
0	81	3	1484	4	
0	46	9	2657	9	
0	20	1	164	4	
1	37	5	2800	3	
1	88	6	2056	3	
0	22	3	1641	7	
1	32	9	1424	4	
1	16	2	1817	3	
1	25	1	374	2	
1	51	4	1774	3	
0	69	6	579	5	
0	87	2	3247	2	
0	73	2	1285	3	
1	69	5	2389	1	
1	33	4	485	4	
1	85	2	3179	8	
1	70	8	385	7	
1	29	1	1976	9	
0	49	1	1085	9	
1	44	3	2679	2	
0	37	6	1879	7	
0	29	4	1725	5	
1	57	4	1778	7	
0	50	2	2301	2	
0	23	6	2504	4	
1	39	3	2746	2	
1	55	2	1388	2	
0	72	4	2543	6	
1	11	2	2314	7	
1	17	1	3247	4	
0	6	1	1694	5	
0	58	6	1246	7	
1	91	3	204	5	
0	17	7	1486	5	
1	6	4	3146	4	
1	68	1	2450	5	
1	74	7	485	5	
1	2	3	161	2	
1	56	2	144	9	
0	15	7	2757	2	
1	39	2	3211	9	
0	17	9	2183	3	
0	96	5	1994	7	
1	76	6	3207	8	
0	93	3	1864	3	
1	73	1	589	8	
0	64	6	2747	5	
1	73	3	1906	5	
1	28	2	769	3	
0	93	2	2459	6	
1	48	4	3158	1	
0	47	1	432	6	
0	59	8	2785	4	
0	42	6	2071	4	
1	62	6	1497	7	
0	59	1	1474	6	
0	37	2	904	1	
1	29	2	1032	3	
0	51	7	2269	8	
1	30	7	1438	5	
0	2	6	1357	8	
1	82	7	843	2	
1	30	4	3073	3	
1	35	3	1536	4	
1	81	1	405	7	
1	89	2	1511	6	
0	73	3	2094	9	
0	3	1	326	7	
116 110 169 30 197 43 173 17 60 151 141 37 144 81 100 89 152 71 1 68 62 188 14 4 95 108 179 1 84 20 121 169 92 56 64 111 10 15 116 58 87 6 151 110 156 155 29 9 98 141 74 149 47 76 50 96 43 73 78 136 66 77 166 105 81 160 62 155 152 97
53 115 38 121 29 157 68 72 76 179 161 52 156 83 47 186 62 148 132 145 32 112 169 61 27 68 190 120 129 23 86 4 163 33 156 149 124 173 105 185 90 114 90 7 147 25 190 98 158 44 79 29 118 31 196 123 188 35 195 162 42 13 7 190 180 159 145 15 190 16
167 164 23 50 47 157 2 130 189 5 82 155 107 114 135 194 116 112 17 61 36 39 162 46 27 68 92 152 107 16 101 103 25 48 39 161 21 186 185 146 191 39 170 57 22 4 24 31 86 109 16 199 195 87 195 27 173 144 138 176 97 9 9 53 19 51 73 152 159 81
178 116 70 89 177 198 137 25 28 161 119 172 166 12 43 77 197 66 109 13 196 28 126 186 30 178 123 140 182 149 74 159 9 33 82 82 164 195 179 111 88 150 50 165 131 20 135 144 26 116 88 124 51 73 192 119 160 188 182 95 132 159 6 116 66 87 17 101 96 26
162 117 130 199 111 15 146 45 165 151 30 197 78 170 87 158 176 143 84 42 127 68 164 99 63 166 44 103 29 165 34 65 36 133 33 162 133 10 116 159 113 106 71 194 193 143 128 200 169 27 85 101 187 27 197 45 42 93 188 107 112 22 85 135 190 106 59 73 135 39
60 67 38 109 95 64 6 47 131 131 199 74 43 111 136 36 180 152 123 173 177 39 57 124 86 25 175 135 41 34 148 35 133 139 94 35 147 144 198 191 58 68 53 56 189 184 192 102 92 83 181 14 185 9 129 41 159 32 39 117 112 91 125 176 150 160 183 85 193 150
104 98 83 91 104 149 33 179 104 159 11 191 185 134 135 184 130 98 81 56 185 184 131 126 176 50 110 107 144 137 65 195 60 184 168 97 39 177 182 177 92 37 198 7 145 156 117 1 152 41 105 137 133 92 75 175 156 26 33 198 92 152 106 125 21 62 196 66 37 152
160 112 138 128 21 46 74 102 195 194 178 39 170 138 6 117 21 176 9 126 57 115 160 169 91 188 109 103 107 78 145 135 9 178 138 122 160 99 109 159 38 3 186 13 37 92 105 184 43 27 43 68 28 104 118 31 81 108 30 175 89 176 181 17 169 42 58 178 24 89
136 166 88 89 156 47 184 164 31 125 21 37 193 130 166 53 180 124 154 127 125 121 34 171 14 102 129 57 77 149 127 49 137 117 36 31 94 67 21 161 150 136 80 61 169 123 88 116 98 184 51 171 167 2 155 133 171 32 110 124 138 138 128 145 198 122 20 20 151 16
174 160 84 61 56 185 149 83 48 117 19 49 177 55 147 10 115 116 63 192 145 141 196 106 15 134 184 170 20 132 80 141 50 189 160 162 190 66 91 49 73 3 193 167 91 12 49 76 115 157 30 89 167 92 56 152 63 147 47 58 90 153 19 158 184 181 17 182 80 164
12 170 93 28 173 183 43 100 84 72 142 40 97 98 106 190 189 102 168 181 186 123 42 53 128 119 58 73 34 6 26 32 10 151 125 171 148 175 118 45 50 11 138 4 36 143 53 178 17 13 187 31 150 126 162 194 195 93 114 96 170 17 158 27 163 80 104 198 169 16
26 59 185 4 179 90 10 93 24 53 183 141 98 122 11 103 11 105 78 2 158 3 42 178 13 52 9 84 191 60 39 49 104 53 188 46 45 146 170 63 12 158 87 200 80 88 36 38 44 91 108 146 41 103 73 17 62 89 136 69 25 10 153 82 44 140 183 2 146 188
160 77 83 183 176 5 47 56 45 8 184 86 41 167 118 195 13 195 80 22 153 146 119 109 38 200 183 40 44 198 23 139 13 62 65 90 57 128 22 64 148 87 65 85 105 128 68 167 101 142 4 54 65 82 49 2 169 122 86 150 26 16 33 167 163 59 91 118 172 58
82 183 59 72 195 37 150 162 98 134 87 95 7 37 135 173 136 192 126 196 100 139 193 11 97 172 134 118 189 72 198 177 151 93 50 11 23 183 126 130 66 116 92 180 3 80 57 166 84 96 148 170 186 73 156 62 175 115 108 182 160 61 184 169 147 198 107 124 163 132
136 163 144 180 6 124 109 51 87 54 21 52 111 63 8 14 122 200 4 143 130 153 7 133 76 54 76 11 120 50 122 147 38 21 97 127 7 164 200 6 1 130 12 149 155 92 170 71 124 153 135 183 44 139 91 140 127 29 13 3 11 107 106 84 132 166 73 157 78 187
63 61 102 21 42 5 183 55 108 15 148 135 164 73 74 148 72 11 154 200 62 193 177 27 10 169 14 126 127 12 175 93 167 21 74 42 30 34 161 17 5 50 120 56 54 43 23 132 113 64 183 176 25 31 46 130 26 141 120 125 13 19 24 17 8 12 30 142 93 41
5 11 113 33 59 140 119 68 15 17 169 13 38 174 98 36 161 83 81 142 27 164 57 8 87 113 6 187 46 11 103 143 168 77 154 19 130 84 176 114 50 181 76 176 158 127 113 37 99 190 133 26 59 37 180 172 17 33 155 59 55 61 24 132 143 77 3 2 61 135
81 121 129 6 96 192 31 92 81 13 91 156 175 36 68 135 163 5 162 50 189 181 200 177 1 198 33 34 133 50 131 104 77 39 54 174 110 70 147 47 118 134 23 79 125 190 180 184 58 27 105 98 174 185 68 69 33 91 168 40 140 195 45 158 27 83 16 192 129 178
52 112 153 45 77 176 49 182 41 197 6 155 146 27 147 162 110 2 71 175 74 148 73 27 36 11 170 114 70 127 148 143 42 12 156 14 181 158 141 84 103 68 67 141 29 57 47 177 163 34 106 57 189 131 130 2 2 159 134 115 175 171 93 116 63 39 77 76 62 27
69 30 133 58 51 45 186 165 82 132 164 157 154 41 171 179 31 84 151 14 158 61 190 12 167 94 39 105 40 172 67 62 177 165 191 95 135 22 190 146 96 21 60 58 113 26 91 54 152 183 43 163 60 15 187 191 121 124 166 186 58 111 65 21 125 41 157 9 6 117
67 156 105 111 156 173 187 96 47 101 58 66 67 14 141 127 168 132 30 46 115 157 21 8 152 100 171 141 17 141 6 2 170 171 81 99 59 183 1 115 37 4 184 73 159 83 105 7 191 124 194 145 169 37 12 117 157 173 90 14 190 135 19 195 180 131 89 84 122 199
126 137 167 74 33 150 148 60 190 108 150 78 86 63 127 34 67 153 82 114 1 136 116 99 9 7 73 33 138 107 147 6 163 129 61 185 156 110 41 175 172 158 107 100 149 171 98 32 141 43 192 48 69 168 47 126 143 6 5 89 76 172 97 173 9 20 43 78 63 124
5 18 9 104 173 105 42 32 158 95 64 103 13 159 109 123 112 86 48 179 191 103 168 22 25 194 129 35 172 63 159 103 167 21 164 135 112 91 87 109 196 16 114 178 95 109 43 134 67 135 5 63 167 69 77 119 124 83 78 63 90 18 8 167 40 33 154 193 1 75
116 143 132 160 102 133 45 180 54 145 4 168 86 185 103 59 62 95 64 111 95 190 33 80 154 164 150 133 86 109 28 162 89 102 45 128 99 74 118 78 13 200 12 69 10 156 62 106 152 39 26 38 151 41 146 122 4 46 118 50 58 117 115 100 123 34 137 125 130 89
118 106 37 34 199 34 100 98 122 158 145 175 197 167 74 85 147 136 12 71 35 1 31 147 63 31 25 167 189 172 109 196 69 141 164 200 186 89 28 163 120 176 104 195 162 66 155 42 133 176 83 182 24 63 104 119 32 155 170 83 150 54 65 15 53 118 22 95 130 115
97 40 25 102 111 55 45 19 190 166 117 56 113 116 155 86 186 112 131 131 168 145 148 53 78 36 136 157 121 14 121 114 107 3 51 3 38 74 128 109 138 44 19 60 162 108 14 60 85 137 23 139 8 140 32 113 195 91 194 177 1 88 59 9 34 11 152 78 24 68
19 173 73 120 9 150 118 155 17 169 86 22 22 104 86 115 52 125 158 149 54 166 152 114 30 102 38 20 120 162 74 178 153 85 150 183 144 163 52 105 141 70 91 175 87 177 139 160 57 117 178 8 21 79 70 148 11 27 157 59 168 5 89 3 120 78 67 61 95 175
192 130 194 92 196 82 69 187 167 192 193 191 118 98 28 72 187 103 120 126 111 47 9 79 152 176 113 187 90 75 196 12 190 114 189 176 45 12 192 44 124 72 73 96 195 4 198 47 139 112 148 44 33 52 78 126 158 6 58 94 182 119 90 79 5 7 12 197 98 181
131 29 46 194 75 34 72 84 139 121 93 134 39 134 197 63 52 183 75 65 99 158 72 9 79 132 137 91 28 50 142 173 51 131 72 154 176 128 153 65 130 73 47 53 113 37 154 179 113 181 49 145 153 194 99 42 1 188 195 167 101 91 25 1 112 87 198 16 108 132
29 127 23 138 184 112 124 170 32 20 117 91 42 128 28 121 198 5 33 94 83 152 107 11 44 51 103 107 74 138 81 137 28 171 41 100 92 198 81 197 86 113 38 175 108 5 124 125 60 173 162 199 163 116 133 111 143 117 195 33 164 159 105 3 172 197 3 100 20 93
167 57 102 82 31 108 171 148 24 113 4 3 132 73 67 98 165 45 181 171 19 83 145 71 14 60 126 14 75 118 147 31 90 122 70 84 184 121 183 4 57 78 72 62 8 89 167 200 162 140 26 92 52 174 109 29 38 102 159 31 104 112 129 101 68 73 48 22 157 45
113 59 135 128 117 129 105 176 162 147 49 59 79 12 146 104 135 88 119 16 1 33 122 169 19 34 118 199 194 28 22 81 101 164 135 43 82 68 65 36 64 24 154 11 183 122 71 98 180 145 81 188 79 91 7 38 77 2 200 19 141 83 185 37 164 162 152 124 176 66
198 72 148 76 25 78 180 142 145 33 41 69 58 192 132 62 48 27 156 132 46 165 10 9 19 112 104 50 178 12 141 176 81 118 1 134 95 169 158 140 151 187 163 1 17 98 107 95 127 166 35 72 41 95 170 146 70 69 25 94 51 92 93 183 192 173 140 125 110 177
156 115 180 114 50 106 148 27 158 46 137 12 13 6 191 16 78 81 165 49 126 66 193 162 94 147 121 52 166 197 199 184 180 178 172 63 89 106 22 71 27 38 73 197 4 131 23 144 107 69 108 46 76 73 138 142 38 62 123 103 145 84 68 180 37 169 174 77 40 196
45 20 108 62 172 87 50 198 77 76 120 154 90 87 65 198 30 139 85 32 59 139 189 24 20 199 61 186 48 11 113 104 197 89 186 30 29 74 107 33 132 106 183 200 142 144 170 175 170 125 65 147 66 133 125 49 143 157 96 50 125 185 144 151 128 9 125 167 26 44
104 42 57 130 179 197 182 17 135 112 196 140 192 1 109 97 56 86 110 55 48 164 53 19 145 78 156 62 187 65 114 116 189 189 85 188 146 4 64 95 195 158 144 91 148 1 133 181 7 128 157 135 10 134 70 9 139 120 169 75 72 194 56 26 180 187 139 56 24 31
71 165 96 130 144 37 162 166 192 110 141 143 66 136 62 138 118 181 90 47 133 89 92 118 167 97 52 118 126 181 116 196 88 28 52 14 40 118 184 112 43 94 89 7 33 152 137 6 29 107 109 38 8 49 131 27 170 63 75 23 51 198 105 40 159 146 113 79 108 145
96 177 166 58 22 29 41 14 135 12 8 52 14 36 120 171 162 145 42 1 146 172 65 22 26 178 30 38 4 143 169 47 10 38 25 10 122 193 159 118 7 16 113 121 59 43 64 38 152 173 67 104 34 59 27 45 167 131 51 159 151 66 27 22 195 124 86 175 13 52
116 83 151 179 80 126 77 113 2 136 70 167 165 196 38 112 132 46 8 42 6 75 110 170 70 86 132 39 147 22 136 46 36 199 116 175 12 149 146 14 200 35 89 27 131 39 83 8 134 29 180 120 84 101 146 8 35 103 125 186 194 180 15 172 147 135 12 44 3 77
24 143 191 155 61 28 144 184 5 198 72 169 148 21 52 49 36 78 168 111 119 192 50 179 101 169 78 196 118 120 71 68 66 99 182 136 35 40 21 153 14 108 58 16 194 148 101 153 91 158 182 67 135 84 168 8 45 196 81 86 149 52 84 92 149 78 42 45 141 100
37 194 169 113 131 160 154 85 38 29 6 73 189 196 102 20 112 10 46 44 96 185 25 41 38 170 25 52 123 140 82 165 150 91 143 101 158 190 180 53 159 171 35 175 160 76 16 41 27 172 53 14 41 117 152 62 138 164 187 28 107 56 105 88 131 162 148 176 6 104
192 119 48 92 47 98 65 38 60 8 129 145 87 81 15 31 94 128 169 44 196 117 154 47 132 63 86 62 45 36 75 55 103 170 189 46 183 92 17 140 4 116 74 87 187 118 64 162 4 188 198 157 51 142 102 67 110 172 74 200 180 160 123 145 175 58 137 69 196 45
59 108 82 84 173 159 13 192 185 7 77 82 43 46 143 30 128 25 38 161 44 83 110 20 31 120 73 35 58 10 141 172 152 13 178 26 71 33 76 173 123 17 66 63 8 198 144 34 48 141 17 194 134 161 24 74 80 126 150 64 113 57 89 179 173 98 6 105 156 150
151 106 91 86 150 61 14 113 46 93 38 145 107 145 43 3 70 26 23 70 53 24 172 179 14 187 122 34 180 138 25 22 156 74 163 46 101 101 68 43 110 58 146 179 188 141 152 27 30 168 25 177 97 81 83 187 95 17 123 136 113 122 57 62 100 66 147 13 125 62
175 61 182 60 40 159 164 39 87 70 23 15 43 112 48 122 26 62 139 4 54 127 159 1 120 198 80 13 86 76 28 6 172 114 163 196 2 61 149 165 105 156 94 151 137 18 38 1 133 26 105 126 121 65 136 171 78 24 124 188 121 174 122 65 83 192 199 111 69 182
122 155 38 80 196 165 82 32 124 84 145 168 22 137 134 189 139 6 141 114 39 22 90 123 157 181 120 29 83 17 9 3 154 59 198 179 1 152 75 140 60 171 25 175 184 139 7 142 79 74 92 181 43 150 101 18 52 77 47 108 10 109 38 59 127 142 136 109 115 51
145 2 122 83 83 123 104 50 60 193 180 15 90 167 98 66 185 168 162 134 142 131 134 15 129 39 67 42 150 124 77 1 26 42 19 143 191 181 100 70 13 133 148 122 135 184 179 179 2 140 12 28 131 100 67 148 13 173 52 66 156 167 119 82 116 2 6 130 87 18
185 132 3 5 128 18 40 133 171 59 165 78 121 44 71 163 9 139 10 4 68 132 72 130 199 139 108 42 70 179 102 129 73 164 117 56 149 194 189 200 83 190 49 168 182 70 126 147 43 155 86 33 189 74 6 105 122 2 68 113 80 86 130 31 58 108 108 106 164 66
108 5 40 33 74 53 200 54 157 152 149 77 168 16 168 102 21 59 80 187 169 183 42 126 159 61 122 130 96 63 125 133 109 84 42 166 11 164 109 4 84 69 78 75 2 104 133 32 165 124 56 179 48 31 72 177 104 194 121 99 42 52 105 117 48 112 164 166 16 10
95 193 78 184 151 26 91 168 82 101 144 58 115 70 64 106 32 4 154 149 137 99 174 179 30 53 166 9 149 84 164 76 113 140 18 140 30 26 161 155 33 36 70 149 103 168 92 23 46 129 112 136 15 50 84 101 9 167 157 114 200 25 166 19 9 174 62 26 193 90
72 46 156 57 175 98 109 118 194 15 126 55 48 24 147 194 149 38 88 165 200 23 100 19 90 57 182 91 177 93 109 52 183 109 27 84 138 11 12 36 41 143 174 154 12 69 56 35 162 10 121 155 111 12 1 20 184 142 120 70 55 63 86 72 138 68 28 44 17 21
51 20 169 121 115 94 192 59 188 64 179 69 192 81 141 108 122 110 134 52 86 70 196 111 21 61 145 47 151 196 104 136 187 77 19 110 171 52 47 13 68 103 139 118 137 137 163 151 170 37 186 46 133 35 166 169 140 51 89 55 191 182 105 159 141 11 175 162 155 80
165 191 71 158 160 63 14 107 98 45 107 198 124 12 118 51 188 12 96 166 147 5 21 121 15 30 150 144 43 76 190 170 16 81 124 133 127 24 197 35 61 191 16 133 67 146 66 37 110 170 162 160 76 171 144 108 89 8 38 190 78 28 158 170 97 189 149 198 152 125
36 108 56 179 64 89 183 154 94 61 2 191 127 184 54 72 167 111 185 192 154 59 25 159 72 170 35 42 146 33 199 200 143 89 178 150 25 141 143 19 3 47 162 30 61 117 100 135 44 87 17 40 54 40 141 148 178 129 66 40 56 125 44 34 70 3 34 121 145 172
28 138 134 25 164 164 43 133 121 194 199 107 67 107 78 73 17 32 14 122 68 137 24 60 47 193 114 66 196 127 167 55 125 86 46 23 133 162 140 161 145 178 170 152 164 153 111 10 83 11 191 50 102 11 34 188 4 156 98 94 131 177 153 71 95 150 60 85 50 149
58 137 150 199 158 48 28 21 169 176 70 75 194 157 48 198 178 168 90 10 135 187 155 48 200 35 73 140 24 153 186 63 145 44 88 93 189 113 7 66 97 40 126 87 93 86 77 47 151 156 90 4 47 160 154 178 104 138 55 90 188 70 129 59 153 158 126 127 7 70
164 58 80 165 49 25 98 179 159 42 183 57 141 66 25 37 14 104 15 70 183 86 22 6 87 174 103 163 19 21 17 92 188 132 74 132 147 124 175 178 120 114 47 10 132 179 92 125 113 118 27 123 9 18 98 67 32 27 120 56 176 44 161 133 168 144 38 116 116 86
79 25 159 25 139 43 122 2 180 61 7 9 147 93 93 20 100 80 152 104 44 54 11 119 4 144 59 119 164 140 39 84 55 135 162 126 16 93 84 134 171 23 80 143 24 41 118 141 58 102 89 197 27 168 123 156 18 106 44 68 196 72 92 153 12 72 96 85 180 65
91 182 40 46 15 8 56 15 62 166 77 126 154 151 138 85 22 23 66 15 104 149 133 43 194 141 98 143 118 161 10 168 120 147 36 135 149 72 56 181 113 64 171 112 164 117 115 74 175 98 170 83 61 75 99 25 79 190 39 147 85 80 80 30 45 115 34 127 76 198
92 68 65 109 119 63 169 96 51 107 95 157 46 4 123 76 71 51 90 178 200 155 199 24 141 75 153 78 108 70 174 121 8 109 87 74 25 56 15 46 25 164 196 93 168 58 6 78 200 25 112 157 177 138 93 117 45 30 60 128 145 153 197 181 18 171 173 104 143 91
111 106 53 3 153 102 142 196 95 192 92 55 45 122 191 94 196 70 169 56 200 200 50 6 157 33 78 17 149 60 73 6 8 124 16 9 36 31 151 199 138 194 60 199 15 65 52 69 113 57 179 46 112 8 130 81 52 167 186 163 131 132 116 146 163 193 130 128 49 55
39 8 70 71 77 185 191 38 13 62 129 77 93 144 184 189 32 21 132 11 65 195 129 164 198 4 192 38 159 68 86 66 42 25 32 184 155 120 59 12 191 171 153 6 156 179 181 63 28 18 114 199 106 2 174 84 26 195 61 120 20 128 41 169 8 7 28 180 51 111
111 37 154 178 85 28 60 3 44 134 49 122 120 102 98 86 37 24 93 72 177 84 26 75 150 48 11 101 170 89 185 64 5 107 161 31 58 32 146 144 167 66 183 71 57 43 160 135 72 166 150 123 80 122 173 81 131 186 37 11 194 30 29 74 109 185 156 180 85 151
111 164 24 147 184 135 153 45 4 71 188 161 16 107 14 177 177 185 61 8 161 69 170 158 190 49 131 199 90 58 136 78 14 161 67 138 177 166 123 175 150 18 65 11 91 141 135 198 167 194 153 117 138 124 7 91 49 80 79 80 157 159 108 135 52 111 143 73 17 151
158 58 70 88 174 168 105 83 30 104 146 110 21 129 117 6 138 46 121 101 183 59 126 116 166 20 157 32 136 17 196 104 94 144 132 146 46 168 84 178 100 107 108 57 35 37 121 171 128 144 136 4 193 31 150 1 144 188 133 140 105 79 164 52 164 146 87 10 169 57
45 130 92 117 29 82 125 68 68 176 171 80 192 76 23 122 143 184 123 58 191 75 107 86 68 97 3 46 46 86 77 146 135 134 5 85 12 51 75 49 156 42 83 192 125 198 128 26 27 6 159 139 30 29 113 148 69 149 107 128 177 66 187 96 63 160 107 17 179 155
8 80 4 171 122 61 136 196 79 136 162 3 128 54 83 45 113 36 182 39 124 102 93 181 110 9 84 11 9 76 116 99 3 60 36 200 135 126 60 186 135 120 162 195 72 195 111 43 139 64 191 159 118 16 81 131 147 100 120 25 194 21 192 112 190 170 112 84 62 5
45 145 146 5 74 188 131 192 49 154 77 22 56 78 182 29 171 56 48 198 88 108 55 139 187 44 148 196 10 108 140 79 114 89 69 37 22 119 100 194 156 99 163 180 25 45 181 15 38 126 161 38 78 147 43 32 20 46 35 44 40 81 70 93 18 147 41 10 74 142
93 133 168 185 44 137 172 146 93 6 84 46 164 7 22 51 114 90 73 4 168 47 59 161 186 3 9 166 43 15 193 89 177 180 195 162 87 24 173 88 99 51 63 87 127 117 37 13 103 127 65 154 120 60 40 40 188 115 133 18 177 68 160 76 149 142 42 197 136 21
160 36 85 19 197 20 92 134 12 49 79 100 141 14 116 160 171 184 73 172 170 161 152 144 36 88 70 94 124 108 169 22 166 44 33 64 138 124 80 164 193 149 83 94 3 164 166 141 168 143 80 92 50 61 185 58 163 133 47 187 138 102 81 68 99 83 100 37 32 116
28 112 127 31 166 154 92 88 157 60 45 48 85 143 44 194 135 98 161 162 4 139 154 42 5 93 30 189 66 75 54 51 174 2 80 190 199 76 52 141 17 170 93 10 180 85 29 160 167 113 92 67 184 40 159 5 154 151 70 94 76 176 109 77 154 169 98 182 84 94
