10 	
18	38
0	80	5	77	9	
1	86	9	191	5	
0	8	4	377	5	
1	93	5	286	8	
1	23	4	121	8	
1	33	1	429	1	
1	1	4	49	7	
0	88	5	414	4	
0	30	6	436	8	
1	92	9	411	8	
147 39 102 83 146 187 56 66 151 120
95 2 176 76 148 166 189 121 118 142
163 59 185 44 168 92 99 146 62 83
159 96 130 86 133 171 35 109 157 129
1 124 95 73 171 101 93 105 177 187
8 125 119 58 48 73 93 18 155 184
46 4 183 80 145 101 47 27 155 53
199 45 62 175 67 125 173 5 12 33
139 129 157 194 149 200 43 29 114 83
15 161 27 23 74 92 2 3 79 87
169 48 169 20 68 54 174 24 150 78
