10 	
10	31
0	9	2	51	2	
1	1	8	14	4	
0	1	1	79	2	
1	1	4	48	6	
1	5	7	18	3	
1	9	4	57	6	
0	5	5	63	4	
0	5	1	14	3	
1	4	8	25	9	
1	5	2	77	2	
73 38 118 77 14 37 177 122 109 121
92 165 127 26 30 196 173 122 146 169
73 185 149 108 176 22 40 110 69 199
135 76 136 166 83 115 153 140 178 169
46 81 83 152 15 169 39 194 147 77
138 179 95 168 123 13 197 130 168 197
30 176 36 25 111 74 148 144 198 186
115 21 86 159 152 169 6 185 96 45
118 46 83 158 18 105 161 39 70 171
69 144 66 27 160 58 169 54 162 97
157 158 183 64 192 92 2 32 118 107
