60 	
7	89
0	4	5	45	1	
0	8	8	93	8	
1	8	4	0	7	
1	7	5	59	6	
0	1	6	35	5	
1	7	7	75	8	
1	3	5	0	4	
0	8	6	79	2	
0	5	8	97	9	
0	8	2	23	2	
1	3	1	137	4	
1	5	1	120	7	
1	8	5	135	4	
0	6	1	104	8	
1	7	6	127	2	
0	3	9	80	4	
0	6	8	42	8	
0	3	9	119	1	
0	5	3	57	5	
1	6	9	121	4	
1	2	5	28	7	
0	5	3	125	8	
0	5	8	92	1	
0	3	3	19	9	
0	5	9	94	8	
0	8	8	131	3	
1	4	9	106	7	
1	2	5	98	8	
0	5	3	88	4	
0	3	7	95	5	
0	9	3	81	8	
1	9	1	87	5	
1	3	6	150	6	
1	9	9	49	3	
0	4	6	101	8	
0	9	5	19	2	
1	3	4	72	6	
0	1	6	37	1	
0	6	3	59	7	
1	9	6	150	8	
0	7	1	108	6	
1	8	5	30	1	
1	2	3	29	4	
0	5	2	63	5	
0	5	6	18	8	
1	1	9	27	5	
1	7	4	84	5	
1	7	6	107	6	
1	3	3	144	6	
1	5	2	28	7	
1	4	5	71	9	
1	5	4	1	8	
1	2	4	88	2	
0	2	8	62	2	
0	7	5	130	8	
0	1	5	123	6	
0	8	6	49	4	
1	3	7	145	2	
0	8	2	1	2	
1	3	8	97	3	
184 63 138 184 8 93 94 146 191 96 149 29 18 42 127 34 124 200 155 170 98 86 128 120 96 158 105 196 103 146 151 126 72 152 35 23 124 51 117 32 37 157 184 68 23 38 20 23 145 14 77 133 165 149 63 31 81 133 134 187
81 38 161 92 186 27 43 133 188 63 129 52 52 7 33 110 67 113 191 185 3 162 64 61 162 192 123 73 32 61 26 21 134 81 120 34 19 143 175 131 156 64 61 95 54 81 171 59 110 154 55 40 65 1 11 6 97 69 131 181
88 42 88 64 153 112 89 25 159 179 151 17 4 156 112 54 9 140 156 197 14 81 12 91 18 120 44 14 181 116 52 39 184 24 104 150 147 192 102 58 119 108 172 93 51 156 120 175 45 19 67 35 148 126 17 92 186 116 198 1
18 103 94 148 31 17 111 23 137 170 81 58 128 109 128 154 13 111 34 82 45 149 106 102 56 79 85 27 77 144 200 81 5 170 177 171 194 6 65 120 67 65 119 120 138 187 162 125 159 119 121 71 142 23 162 70 90 109 22 53
40 165 174 117 150 101 5 94 176 51 27 93 96 89 74 83 146 39 83 77 135 192 79 19 185 38 38 197 37 195 129 62 46 140 108 22 102 78 116 179 4 72 81 160 182 191 100 50 133 50 176 154 69 26 200 18 113 46 98 102
60 17 48 3 198 76 130 129 19 100 22 54 69 122 12 83 109 32 54 57 2 194 172 79 13 44 53 34 197 61 43 135 80 140 189 49 33 64 184 32 200 83 124 163 101 7 137 5 91 146 101 73 60 12 23 127 192 141 49 107
105 78 190 181 117 151 66 164 82 123 43 146 133 176 25 199 183 1 143 81 34 73 127 148 198 199 145 63 56 184 20 93 130 10 18 150 10 180 79 141 70 18 117 121 91 198 17 92 116 75 167 180 161 71 5 90 69 153 183 196
81 128 128 176 9 18 176 49 121 179 104 20 32 51 95 117 33 198 125 71 185 13 71 161 127 196 162 90 48 140 99 50 109 60 136 14 83 157 111 87 121 6 4 5 157 57 128 156 64 182 197 152 177 44 19 154 62 65 33 81
77 193 52 161 188 69 89 19 189 27 62 179 50 66 92 50 8 124 82 24 75 46 116 85 154 81 164 98 199 75 125 142 26 51 198 21 91 137 140 137 50 46 72 58 194 112 187 56 119 198 16 126 153 40 164 21 102 41 86 144
50 121 198 42 124 168 101 43 39 200 91 11 7 197 154 148 59 170 35 136 44 89 189 90 88 5 137 163 200 176 111 133 65 132 184 37 187 112 69 80 130 132 157 111 14 51 41 153 2 3 185 103 180 14 17 53 26 106 83 167
19 87 129 43 26 180 43 156 97 60 48 200 69 175 158 32 86 180 101 190 18 106 97 56 89 6 48 42 68 138 3 72 12 50 22 73 144 38 139 184 107 85 13 152 191 38 19 63 155 166 47 96 55 83 74 59 135 184 106 152
24 89 94 164 76 54 187 181 175 101 27 200 147 194 64 91 117 42 120 38 184 19 181 181 180 67 183 171 130 101 9 30 40 8 175 52 141 15 86 22 144 6 63 24 89 155 140 130 95 163 71 190 84 118 99 7 136 64 115 5
90 123 103 100 129 142 82 162 84 56 16 65 34 1 16 30 172 190 35 91 19 160 133 117 186 60 72 115 150 141 28 78 191 114 42 182 179 163 128 120 62 175 67 124 8 63 156 113 135 68 127 5 64 176 46 58 181 11 109 182
67 154 61 48 180 137 23 197 79 13 125 171 111 26 165 141 11 94 180 61 45 79 98 133 168 68 7 107 92 16 196 197 99 46 121 100 104 177 142 34 79 89 124 125 122 197 150 190 196 53 99 130 99 46 177 200 145 26 159 44
44 17 126 30 136 178 87 167 192 7 89 58 167 72 188 58 39 65 25 133 144 4 27 111 122 151 28 83 49 101 86 162 194 146 36 180 32 145 8 108 75 32 40 73 192 133 100 193 42 97 165 155 123 89 60 44 157 124 123 54
144 56 154 114 11 7 126 167 9 164 143 85 154 36 79 136 135 12 25 77 75 32 31 40 24 11 127 77 134 51 120 179 103 49 195 112 71 190 44 10 177 124 125 55 55 80 163 63 124 11 150 26 27 5 15 198 15 65 151 127
20 168 108 139 69 108 183 197 82 89 2 7 146 161 192 28 117 35 192 158 24 123 42 155 67 15 186 136 124 191 151 57 187 139 171 98 68 152 108 177 92 39 152 120 106 73 56 35 59 176 191 126 144 19 124 74 156 54 171 57
133 39 189 199 180 46 108 55 195 109 166 121 36 66 194 161 18 6 175 98 124 196 57 46 24 37 111 117 27 31 75 90 59 91 46 43 90 52 149 56 63 97 195 198 193 192 92 18 33 144 25 188 105 114 188 30 189 146 26 79
38 66 6 69 118 94 125 195 148 44 62 25 72 98 147 192 162 8 31 7 133 70 141 180 136 42 137 57 21 57 169 51 169 81 175 91 136 147 193 188 51 171 191 34 184 32 72 168 88 64 144 113 61 183 129 44 97 12 138 80
11 88 1 155 144 154 8 27 154 156 190 2 111 47 189 34 97 173 54 178 49 60 84 156 102 198 182 103 42 41 109 174 73 121 77 40 56 33 139 131 101 94 33 40 177 154 40 74 20 54 66 175 106 47 42 107 96 113 147 186
46 85 127 78 176 136 102 187 190 134 89 155 124 128 92 137 100 150 122 188 18 74 64 93 145 167 96 169 129 124 8 139 75 71 3 6 136 64 171 192 110 110 160 39 143 27 114 130 158 1 50 25 70 130 33 144 57 13 100 131
25 192 90 3 175 38 158 63 71 21 44 134 139 113 83 33 96 78 105 132 16 29 109 137 22 166 141 35 92 70 171 142 195 112 174 190 10 37 28 152 127 189 166 197 142 37 14 189 181 131 72 12 47 121 13 194 49 87 61 71
86 200 168 197 122 178 86 147 183 37 80 167 132 3 171 167 49 61 189 48 184 68 86 85 142 74 57 65 198 95 21 173 69 143 66 172 104 148 2 184 199 126 117 21 82 11 151 46 79 74 196 122 174 198 162 191 26 2 69 100
30 135 192 5 67 177 153 162 187 18 83 173 114 62 4 46 138 171 130 129 146 74 59 91 180 124 168 136 106 34 67 58 127 75 9 136 120 9 94 21 99 89 61 8 94 164 106 86 21 79 87 2 185 107 82 128 76 56 86 31
166 85 77 24 52 188 153 115 68 167 137 27 128 87 9 83 134 104 62 125 130 111 44 69 105 86 52 104 53 63 163 6 43 145 46 45 197 61 96 27 13 90 62 195 120 41 86 147 75 196 150 107 42 102 190 2 81 64 44 39
21 174 192 120 71 145 21 157 61 150 52 191 20 186 72 98 134 20 139 189 162 122 65 161 178 71 28 70 50 84 30 128 195 64 155 99 48 93 102 78 47 134 13 12 86 110 123 193 41 60 151 91 157 63 153 69 62 136 40 136
178 61 41 174 41 129 18 88 19 52 182 12 46 114 137 137 194 171 181 47 77 195 26 62 68 129 84 138 168 46 84 102 101 50 72 116 18 199 18 71 31 195 71 102 181 197 2 38 146 36 158 94 64 198 69 115 62 180 161 74
178 152 192 54 87 89 143 27 88 128 199 143 123 106 63 185 78 182 57 128 133 109 188 128 95 39 190 116 91 167 138 140 57 40 24 150 3 58 31 188 82 178 19 168 10 179 18 85 160 139 55 80 55 189 158 135 139 94 38 169
66 193 121 159 76 88 98 6 81 194 27 40 194 162 75 184 171 85 20 8 145 149 55 102 49 123 70 161 114 136 141 79 75 147 152 171 11 42 130 46 41 84 146 60 111 52 116 107 95 151 74 123 166 200 171 175 48 197 14 71
199 72 59 174 189 8 81 153 123 137 143 44 155 87 12 89 39 123 196 140 3 160 35 43 29 39 19 77 12 100 125 38 67 79 153 59 109 186 159 129 84 144 52 157 85 175 131 105 41 105 5 103 41 45 11 106 114 136 40 15
156 26 80 90 73 9 194 104 195 120 194 81 134 99 40 131 79 195 199 109 145 18 159 190 71 149 193 65 195 162 49 191 121 71 129 174 181 127 143 187 61 23 135 44 30 36 144 120 151 183 13 188 168 45 28 124 198 124 178 125
40 40 75 131 35 192 195 176 160 114 82 48 2 82 189 61 116 50 81 87 49 35 100 1 134 183 91 71 23 68 80 165 27 73 49 69 154 142 147 147 65 116 68 26 76 45 59 158 187 137 64 162 141 47 120 129 110 132 178 39
161 84 128 31 163 46 2 67 129 18 24 138 194 150 163 166 171 1 45 41 128 41 29 187 69 187 111 64 191 153 68 143 27 77 159 168 164 124 62 36 36 186 68 135 172 175 127 52 31 123 24 128 29 197 41 39 189 49 26 31
162 99 149 12 39 185 132 131 22 199 189 31 99 163 64 79 53 174 137 35 198 162 197 16 100 158 191 197 44 64 145 57 88 150 190 50 68 119 188 54 44 46 56 91 96 179 96 189 98 164 91 154 25 170 100 104 1 13 146 24
145 20 33 138 88 17 138 39 152 1 200 92 1 25 129 122 97 145 155 88 146 12 100 179 38 78 187 28 56 191 145 141 36 38 123 116 176 10 99 164 186 147 30 115 33 87 189 148 84 138 131 6 3 45 46 30 62 20 178 161
149 34 142 26 64 95 66 147 68 170 161 120 91 64 151 50 192 38 138 101 48 39 123 17 183 22 66 74 96 160 114 109 17 102 173 7 97 42 17 105 32 4 166 188 34 19 52 125 163 45 59 93 66 160 39 179 7 175 48 100
39 7 183 57 75 92 54 52 169 25 8 176 167 116 177 10 74 91 10 179 199 153 154 94 81 136 88 157 78 50 156 102 139 176 47 134 68 177 168 12 36 123 94 41 89 11 145 143 55 47 200 13 128 31 155 34 9 15 109 14
16 26 72 99 91 62 24 199 142 54 92 7 162 134 185 149 19 72 197 53 14 2 54 195 47 32 190 145 199 61 68 161 89 151 96 188 22 70 142 93 41 48 117 111 65 26 69 42 2 38 148 178 7 132 26 2 70 97 8 63
42 170 187 162 27 116 109 132 121 183 62 113 26 120 108 14 114 38 10 65 38 199 31 58 8 26 91 84 11 115 33 118 177 92 185 86 132 8 75 50 132 26 54 111 58 133 68 183 141 164 126 66 62 80 107 34 20 85 5 102
134 114 165 107 117 43 185 86 150 189 32 143 37 135 170 140 192 54 54 67 172 141 51 119 163 159 127 53 101 11 133 187 158 154 137 125 174 45 76 118 20 140 146 107 58 140 84 161 177 130 145 38 129 13 6 127 42 58 24 166
164 121 127 88 36 98 44 75 118 170 5 151 149 1 61 104 151 76 89 167 97 104 102 157 139 124 159 121 15 143 119 192 161 100 173 75 124 45 125 23 92 67 32 88 132 161 16 192 148 144 124 108 49 95 192 147 128 116 101 130
183 64 119 82 122 129 36 37 178 182 171 188 124 16 33 90 95 52 198 135 30 131 178 88 58 73 190 142 154 54 40 56 127 42 195 2 36 106 19 197 113 51 151 46 78 154 173 96 189 167 40 147 156 157 110 181 136 147 197 51
37 13 69 129 55 152 35 141 122 101 61 104 124 133 112 85 123 196 138 54 43 141 71 50 77 34 174 173 6 103 185 103 103 16 66 40 80 81 158 165 79 102 141 118 113 184 140 98 187 8 2 162 149 159 192 136 145 49 91 57
78 53 142 97 84 62 93 12 143 147 128 179 54 174 125 5 19 145 52 175 29 165 110 178 99 23 85 156 76 102 141 123 176 172 174 44 55 173 16 64 168 154 23 144 59 122 39 71 8 180 167 170 138 16 197 18 59 20 1 186
129 12 181 107 119 127 190 189 115 188 156 100 181 84 73 74 29 135 159 54 2 172 36 69 177 167 2 13 60 56 186 36 65 145 115 195 195 34 96 81 80 73 33 33 128 131 58 12 72 33 59 20 71 23 130 137 167 125 147 58
81 21 79 193 85 55 42 176 96 22 57 115 93 157 61 47 60 27 43 198 14 84 145 93 188 71 111 125 90 5 72 107 177 183 19 123 45 95 166 199 184 149 154 127 93 96 115 48 169 119 23 23 38 4 130 88 161 191 112 168
2 51 137 90 70 8 41 157 57 32 150 147 186 130 58 198 147 21 111 200 94 83 35 72 105 153 141 44 86 113 159 67 78 81 66 151 151 13 73 43 142 116 144 6 92 19 30 178 21 38 157 20 150 41 43 134 111 3 15 15
190 17 155 101 13 114 174 165 120 88 16 198 195 32 175 177 151 172 8 82 84 84 25 173 142 116 81 2 120 38 95 84 26 197 45 169 123 175 65 118 23 15 118 188 27 197 192 136 74 9 138 72 197 71 55 9 21 161 160 184
39 82 178 76 47 153 73 143 95 67 49 33 61 90 3 160 198 153 1 125 6 47 199 114 86 119 31 171 86 143 29 153 164 153 14 80 155 101 181 123 189 102 42 67 11 113 3 61 30 141 192 196 162 41 55 187 108 13 44 109
62 51 114 59 8 83 82 145 108 79 106 25 62 67 200 200 161 146 196 75 35 35 56 172 58 158 25 148 69 146 9 192 147 157 111 4 38 25 94 28 10 123 35 14 142 122 147 127 69 21 31 55 76 187 145 81 178 55 41 171
127 170 102 15 71 163 190 72 148 53 162 143 66 127 32 49 107 110 103 173 125 20 5 35 74 24 120 73 154 170 71 74 32 152 126 94 76 31 199 83 59 40 6 47 153 52 128 184 63 7 157 73 159 111 119 98 9 135 136 95
173 146 43 143 197 169 142 165 168 56 177 54 158 139 50 173 135 151 189 137 165 111 127 49 1 173 126 40 164 49 51 51 165 30 187 28 4 79 62 120 149 174 124 131 169 166 158 104 102 24 106 134 146 32 95 94 200 35 105 13
161 32 58 188 16 29 131 44 73 105 59 114 23 54 43 166 124 106 198 63 127 45 52 127 192 90 45 44 89 146 47 117 103 22 177 69 170 11 145 90 60 14 112 95 79 161 38 173 2 129 168 26 18 94 92 42 92 56 126 198
59 50 108 82 3 141 171 86 83 183 143 90 48 181 161 85 121 137 151 95 124 16 31 198 39 33 35 21 90 150 161 74 143 135 164 133 169 100 139 189 155 58 122 5 74 196 22 159 1 58 127 141 174 110 71 88 132 20 178 46
134 89 156 161 97 138 87 25 19 58 64 47 142 11 12 58 93 124 47 92 48 127 131 14 188 88 176 10 55 45 196 47 151 115 78 197 151 84 186 123 170 46 69 110 46 43 101 188 23 153 120 90 73 18 147 175 110 54 53 160
36 160 128 46 164 2 122 123 156 40 128 11 149 128 111 74 131 80 117 155 139 76 104 162 135 45 125 104 129 98 152 96 99 105 51 108 186 74 109 191 105 97 43 74 32 188 127 119 85 112 75 98 125 133 200 102 174 60 42 93
58 92 178 2 42 134 81 11 164 194 168 113 110 190 11 132 188 60 160 146 112 123 155 59 150 94 191 70 106 151 112 75 102 46 159 135 85 50 117 174 197 127 87 18 18 23 112 183 7 23 167 45 46 160 113 86 60 26 53 55
97 26 9 56 63 114 105 141 170 39 87 175 194 156 119 199 12 78 115 151 195 144 196 17 142 21 130 134 39 191 193 140 64 129 74 170 54 53 51 191 179 28 82 107 31 41 151 88 115 117 8 169 19 134 35 73 191 55 18 183
97 165 190 26 127 16 41 108 175 48 36 182 131 177 68 161 94 161 82 136 85 138 9 144 173 37 15 145 67 145 77 174 28 64 186 82 39 82 68 44 179 182 83 183 68 23 37 76 17 187 63 182 4 5 26 29 58 6 139 136
4 8 28 158 194 163 50 43 148 131 4 197 194 177 54 50 126 55 187 119 89 120 168 58 39 111 154 26 162 175 43 168 161 35 116 170 132 8 52 95 181 152 194 61 95 34 165 52 163 177 121 55 85 167 160 91 13 94 155 147
188 79 128 32 82 54 91 136 106 96 35 26 56 114 151 179 19 58 46 98 95 96 83 95 22 137 166 53 23 36 125 198 73 115 200 155 87 61 173 16 51 54 36 184 156 114 198 141 52 86 16 142 187 124 171 53 46 171 147 17
