100 	
2	45
1	57	6	1350	2	
1	95	5	2138	3	
1	59	1	6008	7	
0	17	3	6909	8	
1	75	6	3727	8	
0	15	8	461	8	
1	90	6	3959	5	
1	26	9	6077	8	
0	29	8	2022	2	
1	41	7	182	8	
0	56	4	5913	3	
1	76	6	2947	8	
0	98	9	2710	3	
0	80	7	1333	8	
0	34	5	6782	4	
0	89	8	943	9	
0	8	4	373	3	
0	64	5	1053	2	
1	6	7	4825	7	
1	62	9	6614	9	
1	87	6	2056	5	
1	67	7	646	6	
0	66	3	6889	7	
1	71	4	1297	1	
0	60	9	2350	1	
1	15	7	66	9	
0	23	2	4449	9	
1	28	2	1388	8	
1	64	2	4715	8	
0	40	1	6004	8	
1	76	7	2898	8	
0	52	8	2794	4	
0	2	5	2212	9	
0	75	2	6982	7	
0	61	8	715	2	
1	6	5	2947	5	
1	56	5	1310	7	
0	45	9	1229	9	
0	46	3	2971	9	
0	25	3	5819	2	
1	49	1	4689	9	
1	20	9	4573	3	
1	45	1	2116	3	
1	10	4	4205	9	
0	83	1	4307	1	
1	35	7	2151	7	
0	73	4	3532	4	
0	17	5	5453	5	
0	50	6	370	9	
0	4	5	6452	9	
0	81	1	870	7	
1	78	1	440	1	
0	38	6	165	7	
1	33	8	48	5	
0	88	9	6239	8	
1	46	5	5047	9	
1	16	5	4083	6	
1	95	4	6405	1	
0	77	4	6062	4	
0	43	9	5626	8	
1	53	3	4926	9	
1	29	7	183	2	
0	55	2	348	6	
1	23	8	3929	3	
1	23	6	5357	2	
1	48	5	494	1	
1	33	6	5222	2	
1	54	4	4873	3	
0	57	7	3656	2	
1	20	1	6208	8	
1	56	3	2521	9	
1	81	7	1041	1	
1	14	8	347	3	
0	99	5	3142	6	
0	17	3	1476	8	
0	27	2	4398	3	
1	10	6	6905	8	
1	80	2	995	4	
1	74	3	328	6	
0	51	2	5483	8	
0	84	1	5219	6	
1	24	3	384	5	
0	44	7	2148	5	
0	39	7	180	5	
1	41	8	1472	9	
0	78	3	5127	8	
1	52	4	242	8	
1	62	2	578	5	
1	55	3	5290	5	
1	3	1	3432	8	
1	29	8	5880	2	
0	45	9	6140	8	
0	60	3	4603	5	
1	24	6	740	8	
0	43	2	944	7	
0	99	3	2699	6	
0	32	3	2045	3	
0	50	4	3494	9	
1	33	9	2563	3	
0	57	6	2404	3	
181 161 97 93 196 121 16 110 131 117 68 42 186 51 178 150 30 73 144 193 71 190 184 132 43 48 28 22 14 161 143 95 7 42 81 42 130 45 55 155 156 105 22 62 97 9 79 79 31 95 102 127 120 15 95 57 107 148 131 51 57 16 130 136 183 145 48 160 137 104 66 160 36 69 120 49 179 184 1 90 28 85 129 132 169 77 132 52 51 169 134 9 176 52 134 11 35 97 153 41
146 160 29 184 77 64 104 196 100 34 192 46 129 173 137 152 74 5 129 21 153 44 188 184 127 146 33 113 179 41 121 127 165 122 79 93 47 131 176 45 20 114 24 174 18 164 8 104 170 101 63 118 35 149 163 170 192 50 84 157 190 127 116 2 47 37 148 69 78 16 29 11 49 171 156 84 84 94 119 195 88 21 83 124 83 3 102 28 103 168 72 102 105 40 100 179 8 186 71 100
18 99 25 187 133 79 66 47 62 21 172 156 121 33 161 190 141 153 117 101 24 96 79 26 140 166 121 132 49 59 20 71 196 3 50 30 99 9 61 30 23 20 119 50 122 163 174 157 184 192 183 83 64 156 66 129 2 63 144 168 103 142 56 65 151 54 151 137 199 130 96 48 163 10 194 40 55 75 18 17 152 95 114 123 9 53 195 156 31 88 28 19 71 70 58 98 198 56 179 111
78 72 44 13 4 84 117 184 38 173 171 60 63 85 105 71 139 181 161 154 28 182 64 180 169 36 81 16 54 185 122 141 151 142 107 9 130 26 126 200 180 8 54 15 21 139 179 99 67 31 62 10 61 42 32 153 102 120 28 25 10 110 7 88 17 39 125 192 121 53 192 96 54 45 114 62 51 3 58 143 47 126 188 100 58 48 178 146 142 167 155 112 127 156 19 183 29 108 22 174
103 178 86 139 10 192 167 79 16 195 72 46 125 87 131 36 173 170 188 30 120 176 133 96 67 101 140 144 118 25 67 109 178 141 43 24 59 171 138 72 82 153 106 164 99 67 43 88 54 6 47 123 136 148 139 26 126 61 27 73 112 101 80 152 90 52 175 181 23 167 91 43 139 91 121 51 113 2 80 69 118 182 93 186 62 130 83 37 132 53 136 15 124 37 127 158 18 184 185 104
57 8 59 111 127 54 138 199 123 180 112 12 88 156 191 191 46 47 86 1 167 133 175 70 88 11 72 183 14 134 86 35 58 64 129 98 70 89 88 130 128 98 127 96 156 36 138 43 143 129 67 192 44 133 108 85 29 172 120 82 126 164 83 196 3 128 58 79 124 158 28 75 153 164 190 113 175 163 158 42 132 89 158 148 47 171 183 177 3 89 63 1 145 37 113 125 71 200 57 3
57 7 98 139 37 55 144 40 180 141 7 198 36 149 12 148 148 73 61 34 44 164 15 123 176 75 141 74 6 196 121 122 195 19 8 52 180 138 180 119 17 101 55 195 173 98 57 123 21 116 99 26 41 105 185 95 145 102 58 178 43 136 143 113 17 199 12 34 183 200 82 189 141 183 53 73 35 178 191 113 60 19 166 199 116 28 51 49 104 27 116 174 179 39 131 174 149 176 65 157
22 169 113 10 78 182 140 142 92 150 172 166 148 55 65 180 97 152 171 166 41 184 161 198 82 11 107 108 165 106 137 195 110 167 149 169 36 148 53 166 53 146 17 197 53 182 196 73 94 126 14 124 87 110 67 124 166 82 90 54 36 115 159 22 98 38 68 39 91 32 141 52 162 77 197 4 45 11 3 92 131 46 59 114 97 137 82 169 109 191 178 104 195 51 112 84 35 6 129 71
64 109 135 103 121 196 35 68 52 22 77 102 1 185 193 52 21 145 38 92 11 144 166 157 24 190 148 86 8 68 122 34 133 83 150 141 182 87 119 9 47 185 6 153 181 180 13 99 4 1 86 193 95 40 43 72 95 95 84 195 61 173 188 72 109 171 70 5 12 15 130 12 29 191 148 55 112 173 183 87 161 63 128 76 112 74 163 102 107 186 103 197 197 51 4 193 191 35 147 52
90 2 47 62 43 26 104 44 35 167 3 169 61 59 33 22 32 194 60 22 122 152 68 11 19 113 9 24 18 105 133 35 172 55 31 59 30 124 40 77 43 151 74 165 198 160 109 105 69 145 138 53 95 187 77 165 108 84 83 193 95 97 58 60 39 42 21 33 174 115 159 104 190 126 55 179 147 113 20 102 3 31 72 148 200 58 162 83 120 83 136 118 192 90 12 97 135 123 54 18
134 49 73 163 38 68 149 22 58 85 118 70 162 198 58 94 117 121 93 178 8 51 93 19 158 75 173 14 104 83 16 169 116 175 159 161 63 54 154 60 177 134 144 161 189 177 50 73 15 139 164 28 32 103 167 75 14 183 8 15 77 196 155 33 73 66 85 90 17 19 64 144 198 16 38 105 152 18 155 43 193 141 70 95 161 70 118 197 54 33 49 141 100 111 73 139 35 38 50 9
65 13 178 126 166 78 6 37 41 120 97 45 55 19 22 190 18 20 187 194 190 86 50 106 144 12 10 168 164 196 123 124 35 128 3 154 94 94 106 54 142 93 163 159 117 174 29 90 154 181 166 112 16 108 139 112 32 48 161 144 20 126 53 11 180 3 63 51 79 183 1 147 47 26 54 58 140 149 36 128 89 102 124 104 121 145 90 27 196 49 52 173 159 184 175 117 199 132 20 125
104 36 43 102 192 29 130 114 102 71 49 34 197 67 160 122 117 51 25 62 153 151 24 38 83 187 80 108 34 190 128 90 75 166 41 141 131 80 74 130 152 101 123 149 101 61 18 191 195 89 178 141 106 38 83 196 42 154 65 187 23 79 128 199 112 93 31 94 154 41 40 81 188 7 137 42 113 106 191 184 142 23 70 118 173 95 93 171 50 77 163 17 198 20 149 7 68 66 83 116
70 198 46 74 92 76 104 17 47 39 197 23 156 164 68 69 102 20 161 135 181 196 22 169 84 31 90 95 12 137 20 186 7 179 53 139 152 145 158 29 198 70 6 85 146 148 21 113 163 143 169 95 155 185 110 193 129 56 42 22 96 57 166 113 157 2 87 192 196 95 112 133 106 11 62 89 167 169 158 61 123 139 182 15 43 93 151 64 196 101 164 200 179 69 89 122 197 2 58 200
49 43 85 90 165 197 150 191 118 68 109 110 34 68 169 13 79 41 16 74 132 103 82 82 78 94 26 193 114 20 16 71 140 140 175 116 102 103 39 4 11 143 17 105 2 174 138 54 164 155 196 196 81 62 199 51 120 91 138 73 152 112 156 107 50 175 26 102 55 93 99 139 166 160 112 116 27 77 134 39 51 40 24 141 12 1 123 79 196 111 73 182 169 36 174 88 137 147 124 39
9 116 103 11 167 125 61 126 171 171 122 198 130 21 158 109 20 27 194 158 47 68 46 194 161 5 133 63 190 140 16 17 63 114 123 107 109 54 99 172 171 108 164 54 89 90 101 73 100 176 192 73 192 136 176 55 70 174 133 177 194 29 43 156 127 6 156 192 72 168 156 184 101 55 94 33 2 120 56 65 136 67 186 14 106 30 10 53 164 5 15 36 192 183 6 198 100 52 97 71
82 60 12 195 143 9 140 59 20 184 113 32 127 147 107 195 90 43 87 162 131 104 67 19 148 50 50 16 14 59 161 19 46 22 32 134 142 62 155 80 60 50 52 25 66 83 4 48 150 176 41 5 98 79 174 181 187 10 137 137 94 57 117 127 3 156 17 35 188 138 28 181 37 20 141 123 63 1 27 65 95 144 66 40 184 24 110 98 8 86 35 137 178 57 50 83 94 163 21 187
129 54 150 120 111 96 155 109 88 19 17 83 193 179 160 119 164 191 121 84 54 6 1 100 146 65 110 133 146 3 131 19 108 16 111 179 119 80 36 87 7 6 138 19 56 53 119 85 141 143 74 199 4 27 103 3 166 80 112 5 145 158 169 113 104 12 98 194 167 175 180 174 172 145 64 163 148 103 84 48 109 65 86 19 96 81 18 196 126 6 68 128 146 12 88 51 1 42 30 168
25 161 73 139 182 23 26 71 130 103 90 73 169 45 35 118 27 70 177 121 5 159 176 152 38 168 125 115 172 73 6 75 69 129 103 170 83 162 182 150 173 84 80 67 146 116 115 5 25 188 76 45 85 103 72 75 76 160 200 142 34 168 116 63 71 71 103 81 62 38 80 13 191 163 135 150 31 159 161 109 144 138 147 34 112 59 137 108 195 47 98 61 26 69 105 39 37 21 35 151
147 31 75 68 137 76 161 152 6 48 4 13 188 130 45 3 184 176 140 55 110 143 30 57 146 109 33 33 11 182 125 47 178 125 108 189 7 127 190 74 51 154 128 161 12 126 98 162 69 90 3 98 157 21 101 79 84 141 39 122 55 41 163 106 126 16 48 200 124 190 42 194 150 174 182 36 135 35 144 38 20 84 44 50 103 130 93 181 143 188 152 90 49 147 38 102 65 69 191 64
96 147 105 85 83 86 42 49 112 168 120 138 134 20 128 176 165 162 150 120 149 36 37 193 189 192 25 27 18 93 77 126 164 156 83 18 84 27 199 90 8 189 101 26 180 113 143 140 117 62 79 180 78 36 160 104 95 118 104 61 16 4 39 10 11 16 66 85 125 199 100 103 58 78 22 15 51 15 184 149 23 181 37 75 83 119 99 3 114 107 120 88 197 109 197 119 8 20 155 57
164 79 56 16 196 99 28 28 131 61 196 114 26 101 156 150 9 38 41 40 137 42 11 69 85 103 161 185 193 123 195 93 164 71 19 90 104 19 198 53 52 76 14 110 5 61 127 136 132 161 97 25 153 63 50 56 166 126 108 100 112 165 30 1 95 149 39 52 192 74 176 30 75 26 122 127 34 186 154 39 162 179 10 114 94 23 7 58 91 61 164 27 154 32 157 143 7 128 50 133
51 77 75 71 197 125 188 124 47 116 192 161 23 2 24 152 39 34 28 133 9 106 121 97 97 55 1 149 73 175 135 77 138 101 16 174 113 62 178 71 180 50 67 141 34 109 30 67 141 83 88 160 45 8 160 117 112 96 63 146 116 154 83 87 107 49 32 50 74 1 5 16 76 126 178 158 145 124 171 114 108 173 62 185 178 20 90 134 136 66 6 32 120 2 19 161 86 124 22 187
84 138 189 132 126 99 169 13 2 41 77 176 125 20 154 140 189 150 186 162 16 194 141 198 47 53 115 159 133 39 32 152 48 114 145 97 155 84 113 110 98 141 176 30 67 163 121 117 67 84 103 92 72 153 124 100 57 18 11 185 111 101 170 128 79 86 1 132 102 124 86 142 5 71 10 64 93 178 80 132 12 83 37 9 83 32 33 119 88 174 64 6 166 119 75 139 105 107 177 184
54 64 79 38 185 80 173 75 147 101 18 14 67 47 102 46 128 120 19 35 54 112 38 189 1 183 182 106 50 39 116 44 143 78 126 135 6 86 19 126 156 123 177 183 162 115 166 162 156 109 125 125 156 186 135 125 108 5 167 34 128 37 90 133 128 33 110 60 62 36 42 127 49 173 170 38 51 113 76 96 177 11 51 74 2 49 126 35 32 144 195 120 192 64 197 15 174 185 120 87
189 90 58 162 56 81 61 109 100 158 49 39 151 176 122 135 66 117 124 86 141 121 12 75 198 138 200 199 200 53 125 86 13 107 129 39 193 29 169 78 175 163 182 2 182 39 54 184 148 181 190 5 35 145 6 100 171 143 138 107 4 38 137 155 106 162 2 111 65 162 174 98 190 155 85 49 27 13 45 198 2 72 127 28 12 143 4 132 81 17 135 55 27 38 14 50 171 43 109 133
95 51 159 49 189 86 34 61 161 131 125 48 119 6 58 187 80 36 130 116 32 45 119 163 194 153 175 26 140 49 116 121 20 157 196 71 58 182 71 49 157 156 152 47 154 87 113 4 66 56 106 2 86 196 171 5 56 119 73 36 196 162 37 79 142 182 183 47 64 5 175 68 183 32 172 146 102 130 194 87 14 123 190 60 88 191 191 1 108 125 63 182 55 120 65 97 178 138 123 103
88 103 88 85 105 42 177 92 67 109 186 158 5 66 152 46 125 66 36 195 138 194 79 30 38 173 123 50 144 87 182 160 53 156 4 6 70 161 79 27 60 192 165 172 178 12 175 195 105 76 47 133 138 5 77 19 150 139 177 53 18 83 146 50 159 105 170 26 22 125 174 68 33 117 167 105 62 97 69 38 59 32 197 54 26 186 27 137 142 51 109 1 85 155 200 159 107 178 187 182
51 129 88 151 186 186 2 196 9 197 77 116 53 66 134 74 2 29 10 111 179 119 119 138 141 121 21 194 15 44 6 173 88 71 17 16 177 73 50 199 171 187 170 7 82 133 153 114 61 105 192 11 100 81 165 198 126 40 47 144 162 109 178 169 50 101 93 137 195 162 167 75 120 186 197 124 138 157 147 124 162 188 144 66 178 155 95 3 100 188 186 59 1 109 89 163 56 14 178 111
42 86 21 125 102 76 37 33 193 15 165 180 55 131 22 188 4 179 8 146 2 199 151 137 80 35 107 30 36 120 15 176 192 91 144 189 160 190 36 149 174 81 180 166 184 27 190 180 132 83 200 172 133 18 106 30 70 32 144 67 49 68 120 41 98 101 78 90 79 87 58 19 39 95 22 182 148 158 5 137 89 47 102 77 40 13 145 142 130 32 125 124 79 192 40 150 86 163 151 140
49 138 74 42 170 133 91 59 97 61 47 183 73 34 146 149 84 158 61 121 119 185 61 80 76 138 65 128 83 72 176 7 13 24 18 86 123 107 106 66 108 93 71 119 83 7 52 45 60 179 22 75 160 116 60 176 118 106 148 25 62 116 17 48 9 139 129 30 122 185 9 67 32 6 122 172 8 169 45 45 185 71 79 23 141 50 170 11 134 26 85 98 34 179 108 94 111 121 37 190
75 64 168 56 90 38 145 171 66 89 44 144 17 139 36 146 200 32 7 4 163 23 46 20 91 5 7 37 150 85 55 180 5 76 185 61 98 46 92 94 131 197 194 56 130 123 14 39 104 197 137 1 182 68 155 164 56 121 42 137 123 98 2 57 57 25 24 185 111 10 67 64 76 12 85 89 83 16 10 46 92 130 63 20 37 16 160 118 27 92 174 126 3 42 55 146 162 43 147 171
108 51 133 189 120 4 108 40 134 8 101 51 55 193 108 2 31 113 21 55 72 129 98 78 71 81 174 95 175 147 66 152 25 180 191 73 107 168 68 35 178 71 63 134 71 11 139 104 6 198 163 61 145 150 30 90 11 142 13 47 76 24 140 7 42 187 135 155 62 188 129 137 6 115 54 9 45 68 182 92 5 27 182 120 162 118 24 141 102 58 32 178 114 188 41 62 78 50 189 179
8 163 68 182 147 82 75 37 80 43 4 8 191 138 65 120 197 86 80 160 158 135 132 137 148 67 67 128 98 11 94 71 138 9 89 181 22 23 176 195 149 102 71 79 73 167 176 58 116 3 180 190 115 56 98 199 193 165 24 176 50 67 173 92 79 25 111 7 130 196 121 91 38 91 102 67 130 156 26 188 91 71 72 112 169 21 26 6 154 25 59 92 50 183 150 96 134 30 80 94
79 177 70 141 134 66 26 59 186 167 199 184 146 147 130 194 50 159 1 10 89 87 166 165 158 107 189 65 28 81 164 165 187 108 162 151 193 73 11 20 132 165 100 82 178 101 117 151 129 179 116 120 108 64 148 191 103 121 151 9 191 32 6 75 33 144 172 21 8 122 155 137 176 52 24 159 128 131 1 35 99 64 106 29 145 119 59 183 134 111 88 57 127 5 69 94 189 154 11 81
195 58 3 62 76 193 92 150 40 14 76 189 174 184 178 95 77 80 97 177 67 4 104 14 141 118 109 13 44 32 180 99 195 59 29 31 135 20 43 18 192 45 85 2 68 104 165 72 16 139 148 77 100 5 75 126 46 30 164 40 38 190 64 189 45 90 195 188 121 134 21 29 4 101 118 23 149 30 117 97 21 37 126 32 118 150 86 126 131 198 58 77 150 68 18 15 128 53 70 33
58 198 199 183 132 151 6 142 20 12 25 90 187 162 74 88 22 190 38 169 111 19 45 150 65 5 70 175 68 167 186 52 101 36 26 89 131 149 156 5 77 83 137 57 48 71 43 155 56 149 188 164 186 126 23 101 133 35 152 37 65 102 31 140 139 168 150 143 84 119 155 23 94 86 126 147 96 13 187 123 46 175 129 168 21 93 141 120 10 33 31 151 68 49 64 81 51 18 58 1
112 130 58 62 71 42 101 1 194 95 166 160 175 128 62 86 99 147 157 167 16 34 105 188 47 36 66 38 47 88 189 200 144 175 1 67 8 26 72 14 183 96 30 142 58 146 26 194 175 20 128 48 162 172 55 161 35 133 135 79 28 46 62 187 184 106 137 172 194 76 184 140 72 85 22 113 32 108 20 75 36 42 143 147 47 116 181 53 59 95 169 22 103 120 52 179 81 76 180 164
158 118 146 36 44 64 62 113 171 84 35 156 161 62 196 24 184 161 102 100 95 164 100 158 16 181 130 95 151 59 31 56 95 33 23 87 149 200 89 131 174 17 31 90 156 134 143 3 22 80 71 25 13 26 199 88 38 18 193 30 200 94 77 103 177 198 167 39 179 166 26 129 49 21 133 180 6 52 122 4 128 131 10 154 134 26 9 56 134 121 82 94 195 47 114 56 194 177 88 11
130 37 189 75 15 11 86 81 198 171 156 151 34 106 97 43 176 107 50 40 168 168 196 126 1 97 128 189 185 132 130 89 37 136 90 104 21 80 47 1 24 144 56 36 127 129 179 69 109 17 188 85 68 17 123 24 93 195 46 113 74 6 169 35 136 70 28 174 156 23 55 10 198 14 1 192 94 24 117 179 151 96 60 117 138 175 133 153 132 9 158 185 95 32 2 136 139 196 150 76
32 103 79 14 41 54 152 73 131 92 45 135 24 94 193 192 20 67 180 135 28 98 81 93 151 59 15 131 53 41 146 59 36 131 31 86 131 7 163 132 56 190 89 184 69 90 189 47 18 59 4 146 181 79 9 59 200 135 131 112 55 19 164 54 162 168 158 117 171 159 97 34 39 143 178 117 143 115 61 136 94 55 140 95 71 99 87 35 106 90 11 173 51 70 169 198 74 169 53 193
145 186 60 44 57 76 56 53 72 171 51 171 114 175 110 55 123 141 166 82 54 110 140 158 88 8 106 172 40 143 12 88 173 197 141 115 43 46 66 85 150 158 142 185 178 153 91 98 87 160 183 118 127 127 57 168 148 16 166 61 79 12 35 36 38 108 41 115 161 40 30 100 114 26 137 66 44 75 187 21 49 116 146 53 177 66 44 183 144 154 49 158 129 44 11 101 112 140 140 170
93 174 20 191 32 90 108 195 51 16 104 120 120 26 43 56 176 14 144 17 37 2 143 55 188 115 16 193 31 117 105 161 157 46 45 141 47 196 1 107 111 99 40 167 77 178 198 93 179 180 132 114 14 70 52 186 170 57 139 154 56 80 28 28 119 65 177 119 184 20 162 195 76 85 190 52 198 94 162 159 197 141 125 20 5 161 126 129 86 194 15 45 96 183 89 130 130 197 132 46
56 179 48 187 138 194 199 45 156 114 113 5 197 100 142 116 31 192 121 96 131 48 130 37 52 38 200 94 129 4 131 25 51 2 154 165 45 121 62 33 177 131 79 35 29 141 152 56 60 12 157 36 123 154 19 47 86 140 86 98 160 12 164 163 181 192 134 104 72 102 107 164 8 34 103 111 8 148 33 94 117 108 134 191 110 165 70 33 57 121 175 11 192 26 160 60 127 92 170 145
180 53 176 181 135 23 17 4 154 60 58 74 159 180 3 88 111 21 184 168 115 40 129 169 70 30 28 2 58 178 43 152 32 157 139 82 4 139 160 173 46 156 200 118 59 26 73 124 174 143 147 42 108 57 139 160 43 39 52 186 55 182 140 48 144 115 134 114 11 74 31 38 17 53 195 31 157 131 82 125 93 81 33 52 98 168 113 142 43 50 159 178 121 158 9 140 137 141 83 78
61 165 109 115 19 175 170 163 124 78 85 120 134 139 184 141 55 145 45 2 144 14 197 96 181 20 157 148 125 132 51 70 7 192 114 120 78 116 193 4 38 155 58 30 6 169 46 128 75 100 38 100 166 32 26 134 127 195 152 79 174 95 44 88 61 120 121 16 103 8 16 79 36 32 90 118 89 8 21 3 43 52 94 4 124 184 70 199 92 171 108 149 184 31 104 190 168 100 182 1
41 122 102 51 119 111 32 170 64 102 78 34 60 33 177 149 185 137 130 137 109 109 152 191 37 113 113 182 150 68 155 165 176 138 17 195 152 177 122 58 83 11 182 45 15 104 102 70 130 115 87 38 85 90 79 105 187 111 185 42 81 192 192 43 132 82 130 98 151 99 28 30 31 191 78 129 49 87 71 57 190 68 2 182 52 120 135 77 174 70 87 64 194 160 160 129 5 68 10 8
48 1 120 74 119 71 74 112 112 124 179 124 153 60 76 124 156 75 99 27 91 51 157 46 153 18 39 123 193 95 77 168 88 80 63 137 12 157 176 169 41 87 74 198 39 186 71 119 188 191 173 24 14 191 44 69 71 78 155 53 169 65 60 9 151 43 84 101 61 43 49 71 156 5 39 71 50 1 188 16 143 86 154 67 152 55 15 26 81 22 179 96 187 186 159 98 176 102 162 140
106 130 60 21 190 194 22 109 147 36 186 87 138 172 74 21 81 156 40 180 126 130 30 192 63 102 100 1 42 158 83 83 121 47 89 78 133 70 104 89 117 140 106 48 153 67 32 117 175 106 15 63 138 167 122 88 125 193 136 78 66 141 11 105 14 116 184 58 63 55 5 175 39 104 94 191 137 124 173 93 80 29 68 129 191 192 52 121 164 198 63 85 133 34 96 104 96 28 136 64
74 96 111 130 43 119 48 194 1 10 169 119 77 19 41 21 62 188 168 24 131 133 81 173 23 46 173 161 169 6 183 183 130 86 154 116 191 176 184 125 18 117 4 129 23 4 51 88 20 49 152 73 6 172 86 18 115 181 47 149 134 152 200 125 157 62 21 41 11 134 7 39 39 138 154 115 196 57 76 138 128 166 104 62 35 127 39 123 96 158 105 81 117 164 170 161 65 78 162 105
141 85 134 54 157 22 17 143 115 103 55 8 154 181 99 143 27 79 19 176 111 87 8 198 49 123 85 135 96 113 88 85 129 6 100 173 85 12 71 77 107 100 184 161 179 105 7 181 79 71 88 55 54 177 164 192 168 169 38 22 156 108 143 140 9 131 99 184 132 50 160 67 134 145 133 126 1 162 51 116 32 37 6 182 126 14 78 158 66 145 29 9 64 188 103 69 120 85 64 183
162 110 142 105 109 102 172 185 170 78 121 72 118 78 45 171 102 162 15 107 45 34 36 46 26 144 180 98 130 60 174 103 98 167 52 3 156 200 62 188 175 133 172 194 122 186 78 144 37 31 144 20 116 102 144 171 40 97 146 134 145 4 22 114 64 19 72 146 28 149 72 149 133 154 74 44 183 116 91 83 34 10 12 104 17 69 133 62 177 195 165 115 20 99 33 148 77 141 46 199
84 9 138 50 158 173 32 15 150 8 96 151 17 104 143 30 114 175 83 15 123 5 127 130 125 142 198 97 195 144 127 79 82 101 104 136 193 154 2 152 59 103 97 197 130 16 102 79 63 144 67 132 112 181 40 80 184 114 61 81 111 129 46 131 170 36 139 26 3 115 139 26 23 140 48 30 87 150 30 7 152 34 114 76 75 6 121 116 83 178 148 49 44 26 67 118 95 121 151 68
146 180 146 39 119 4 88 86 80 19 152 35 145 122 164 117 72 106 117 19 60 89 117 29 44 142 173 164 89 134 75 100 19 59 118 94 18 107 19 174 192 157 19 178 86 30 118 44 162 110 115 9 132 12 54 166 75 62 123 172 178 161 7 111 104 173 71 54 41 62 69 107 85 35 56 120 7 49 157 99 166 8 19 90 157 24 182 178 76 143 133 132 68 115 80 112 4 96 192 132
160 66 165 56 30 97 114 8 96 120 37 190 1 168 135 116 21 133 45 147 20 189 9 20 68 77 143 64 169 177 11 9 102 195 142 192 193 4 114 103 68 173 140 3 170 3 52 40 4 44 55 3 191 49 97 136 190 120 152 140 158 118 140 137 176 43 43 89 66 65 25 53 72 108 73 110 199 77 60 24 41 1 191 86 182 148 122 125 128 96 196 130 3 43 150 94 42 19 195 200
102 122 139 88 72 12 23 199 109 173 14 76 38 98 72 87 40 189 147 113 197 12 141 16 125 101 197 130 191 178 149 91 11 90 10 90 28 140 186 71 35 88 57 11 26 89 6 159 9 109 84 50 32 195 85 168 135 148 172 140 64 64 161 92 41 130 182 198 5 1 43 120 169 93 170 81 149 32 183 83 6 144 139 111 18 152 60 62 173 85 140 186 110 41 168 74 49 68 72 60
40 132 147 88 8 198 19 106 195 161 31 11 26 42 174 64 81 161 189 97 42 62 44 155 114 191 132 27 33 168 174 30 29 1 140 189 11 35 193 22 15 131 14 100 126 107 14 151 94 186 91 86 106 145 68 6 19 14 33 10 183 170 152 64 106 80 104 51 112 156 128 196 85 65 47 167 84 60 186 119 130 80 56 158 5 181 45 65 97 198 15 47 124 29 175 62 77 42 128 160
90 147 97 178 66 169 177 66 13 86 159 15 36 46 178 55 139 21 34 165 154 47 140 30 143 109 172 155 4 197 187 64 156 177 133 75 131 165 107 189 114 132 164 115 67 200 84 67 74 45 100 30 14 17 139 81 107 137 113 160 137 5 16 41 193 52 200 192 168 82 130 22 122 159 85 14 120 65 39 89 96 197 105 72 97 17 161 125 23 36 149 134 10 68 15 156 27 186 171 111
124 44 164 152 158 111 155 135 20 191 63 177 155 106 128 18 52 153 182 50 94 192 70 134 55 74 183 160 89 53 29 177 17 27 67 183 69 120 97 167 37 76 24 153 29 77 65 110 173 107 117 30 51 169 196 92 21 113 69 85 90 130 115 146 52 32 21 176 41 73 25 94 180 38 122 169 142 187 15 22 26 100 200 44 46 74 4 9 120 117 113 15 173 190 155 31 196 80 93 124
163 45 31 22 85 71 143 175 15 150 132 198 117 27 92 160 185 129 123 95 49 171 122 135 51 127 127 151 188 18 149 123 139 118 33 118 168 69 33 30 177 73 67 8 135 85 23 185 79 150 174 136 116 129 153 39 67 111 89 171 154 101 167 87 28 168 99 192 169 36 133 188 136 172 189 185 62 102 168 21 36 104 57 12 159 117 36 159 188 130 3 105 150 93 37 96 50 61 101 73
186 8 103 92 169 105 178 126 50 164 53 78 122 156 126 16 98 108 164 154 124 114 25 97 107 147 164 100 19 109 151 116 150 149 52 10 19 78 118 173 90 108 146 165 50 71 190 38 109 121 62 22 73 94 112 152 21 22 67 162 113 98 164 89 18 159 46 24 81 89 87 13 131 32 189 90 12 161 44 40 42 137 198 24 46 69 58 7 112 104 35 5 37 94 119 166 165 91 51 96
157 195 61 96 128 99 155 28 56 141 186 4 157 44 162 164 26 32 116 153 28 63 45 128 163 55 26 144 125 184 113 182 1 88 4 75 179 24 61 18 63 167 99 188 147 197 21 37 116 190 118 45 38 191 83 24 106 150 5 141 84 140 52 146 125 133 132 173 105 136 99 16 21 150 157 75 172 161 43 77 74 7 183 171 90 107 74 125 174 31 78 95 199 84 193 22 162 196 130 88
12 31 147 72 46 122 126 121 78 76 5 31 52 119 64 132 54 142 130 93 153 129 115 144 6 15 200 72 12 8 139 185 67 11 33 136 193 19 79 40 29 3 29 75 31 143 167 169 136 109 157 192 187 140 78 36 4 183 121 2 174 63 22 135 59 44 100 37 137 113 95 146 25 162 195 4 198 61 78 69 91 137 79 124 76 198 59 135 67 76 110 47 148 166 112 7 12 199 141 152
176 43 123 83 95 155 73 121 30 142 97 107 114 55 8 89 47 38 102 195 45 62 90 5 60 125 138 49 163 160 69 179 179 63 90 62 50 95 143 40 195 96 89 109 159 187 188 41 147 141 65 76 35 165 155 134 109 128 107 58 29 87 94 145 132 102 169 112 102 158 142 101 21 37 90 154 183 126 4 4 161 147 145 112 33 199 21 198 172 109 110 180 93 149 175 11 112 21 23 169
118 43 164 126 4 168 22 156 181 18 140 57 169 74 126 33 46 7 99 17 17 23 75 42 22 141 65 16 44 198 42 58 30 81 199 69 16 189 196 4 114 28 186 132 3 40 1 163 84 84 186 199 169 198 120 13 173 101 43 10 99 94 196 41 47 191 187 170 99 97 178 35 83 21 103 122 24 195 155 109 115 185 179 42 114 188 154 151 113 63 23 139 124 133 59 6 62 90 106 198
171 73 60 92 74 50 1 173 112 35 98 160 197 63 51 104 4 81 51 58 116 197 79 93 96 60 116 30 33 200 136 186 108 59 132 98 26 159 94 121 167 165 182 18 165 104 62 35 112 149 24 53 174 143 186 139 153 134 115 102 127 122 161 10 151 47 129 13 160 179 14 47 116 106 56 18 200 21 181 82 74 173 169 120 178 167 78 198 188 70 172 162 66 170 129 111 117 6 188 40
29 65 159 131 93 97 138 110 139 15 73 145 115 170 87 139 117 107 16 136 143 80 140 129 122 153 144 92 117 175 107 100 59 117 49 122 139 188 196 182 145 19 14 32 131 130 43 39 24 121 112 90 48 175 105 122 100 27 200 5 159 172 147 17 187 167 160 88 16 34 73 183 108 162 191 78 120 200 157 60 17 22 78 178 66 15 135 183 72 9 35 156 59 131 195 66 95 37 85 106
151 82 50 51 194 41 120 156 100 189 200 68 5 185 44 159 125 52 80 150 176 140 106 73 89 6 73 199 195 189 68 126 47 178 158 126 53 10 37 14 89 51 145 199 97 4 142 24 198 26 133 155 114 61 87 12 98 170 163 149 187 79 155 177 65 41 171 99 16 125 182 68 71 149 28 15 82 53 71 48 195 17 87 117 38 85 198 133 108 1 114 21 30 119 64 109 13 17 137 151
4 127 35 7 33 59 146 77 105 71 5 17 198 30 145 17 29 4 60 71 75 92 145 46 119 185 145 142 104 114 81 96 77 1 7 9 81 81 102 24 152 63 7 47 125 164 58 152 150 6 45 135 125 100 107 97 155 2 171 131 91 116 162 151 65 134 17 155 14 58 12 63 195 122 14 124 28 17 145 136 121 197 26 162 162 86 134 166 195 170 93 65 134 16 167 189 110 194 27 69
9 64 145 64 46 165 59 143 142 106 146 101 109 25 123 19 97 87 129 133 67 162 167 198 24 7 30 191 195 83 5 166 123 63 152 103 40 89 102 189 12 42 178 81 70 194 165 19 151 189 46 104 136 116 108 23 148 20 13 129 44 145 134 121 112 94 194 142 160 82 166 147 10 80 158 59 56 181 137 125 49 126 34 121 150 55 33 70 63 194 125 150 82 92 30 130 137 53 116 180
141 143 133 145 3 140 152 26 70 47 1 42 29 104 170 178 196 35 199 109 4 142 155 44 119 145 85 154 157 64 146 94 58 134 78 152 45 26 192 188 104 131 121 121 46 67 6 123 160 112 93 110 198 2 117 154 153 88 6 111 143 167 72 5 63 171 94 96 79 6 113 117 126 132 56 136 83 104 168 35 73 176 68 49 150 55 48 86 157 112 171 18 145 53 102 185 154 199 37 114
58 145 193 89 139 98 32 116 58 18 129 106 107 38 77 62 70 72 173 91 129 12 17 181 66 55 194 137 48 190 49 61 98 112 198 3 147 112 50 39 5 57 181 54 5 11 104 154 121 1 51 138 93 127 38 167 113 103 176 66 98 63 53 179 115 52 129 125 146 188 173 12 145 165 185 171 159 11 107 138 64 65 177 18 162 183 86 57 19 149 84 130 177 161 180 164 143 92 88 173
5 107 67 151 186 93 93 121 176 131 81 65 69 90 98 178 107 118 151 19 78 176 149 61 199 137 70 21 186 101 139 157 10 160 13 56 109 3 47 40 42 150 156 100 120 166 132 82 104 155 151 24 6 15 20 66 159 130 158 193 35 41 16 125 134 111 129 188 151 191 153 35 56 195 186 106 18 99 197 142 65 73 139 5 95 100 90 11 194 54 126 145 14 155 152 132 121 156 14 95
168 32 50 100 73 103 101 108 153 73 177 188 10 91 129 75 183 101 94 120 123 154 1 198 21 26 169 67 146 139 44 136 95 76 156 44 197 1 2 26 191 108 147 49 173 65 107 120 55 182 82 164 7 50 105 75 10 44 114 133 163 185 42 174 62 125 142 177 45 115 49 147 13 60 141 106 22 191 39 117 96 128 157 109 181 29 19 64 41 67 134 106 77 45 124 49 23 72 142 117
130 29 39 148 161 8 79 185 111 150 199 114 167 54 62 92 188 53 64 33 12 37 173 90 130 185 84 39 129 149 7 155 56 68 37 183 167 128 17 173 145 149 180 140 172 174 196 166 113 90 107 15 7 180 103 146 192 136 191 146 106 81 16 146 110 116 46 93 159 75 6 194 39 138 152 33 156 41 88 79 19 68 186 197 68 62 33 50 90 73 165 164 163 91 162 54 179 111 182 186
124 91 48 134 167 3 5 2 81 59 79 147 197 140 115 145 81 164 112 8 38 147 80 39 45 113 186 117 53 200 175 117 6 166 156 9 91 32 7 118 82 54 104 80 197 96 68 34 6 197 80 176 164 54 154 74 135 57 119 87 6 193 97 20 144 17 18 121 56 43 100 13 198 197 16 71 179 73 61 70 5 168 13 170 18 13 112 184 143 94 84 196 44 159 155 29 21 191 111 191
95 71 35 163 159 109 97 196 140 116 3 84 84 53 112 4 192 7 145 102 5 55 113 10 141 150 137 91 32 105 186 109 24 73 10 69 8 48 143 86 183 101 107 174 140 165 147 198 17 62 117 43 143 67 65 178 23 120 165 31 54 70 113 99 127 175 153 89 74 102 27 174 117 139 73 115 190 111 122 110 19 93 108 115 105 96 115 109 117 40 67 105 25 66 131 162 173 170 48 85
186 93 97 49 171 16 60 183 53 78 151 169 160 195 111 58 99 23 35 51 191 139 86 184 192 28 30 48 197 32 199 12 130 108 154 178 51 158 9 138 130 76 118 182 22 74 183 105 107 90 80 133 169 178 118 87 145 100 106 34 159 102 104 63 54 33 139 52 27 79 117 63 30 95 16 74 40 160 109 140 145 158 13 79 172 144 89 15 111 192 128 134 80 100 67 151 119 123 25 190
73 13 158 192 111 184 122 170 135 147 35 176 106 153 41 45 74 177 118 122 138 13 1 76 10 105 192 198 63 24 95 118 126 118 162 67 104 189 7 80 106 20 33 192 79 5 63 1 133 147 9 59 35 134 171 184 64 182 82 124 7 180 157 115 114 56 50 170 45 38 180 14 78 31 159 106 124 179 154 185 70 25 138 146 112 65 118 132 108 177 27 166 186 194 143 67 147 181 189 87
102 151 145 189 40 166 64 101 33 73 113 164 17 152 103 108 180 60 163 109 16 16 133 53 101 125 32 181 191 144 66 54 159 123 66 170 99 127 23 83 46 68 118 1 16 147 127 106 18 14 175 52 114 128 184 4 63 172 93 121 75 52 89 87 171 165 190 135 169 118 23 31 195 141 145 32 139 38 123 137 167 3 110 13 66 25 53 133 1 99 186 68 48 3 145 30 193 34 135 93
99 14 5 193 194 54 105 102 122 145 2 46 91 25 103 103 127 185 35 62 115 170 10 140 143 121 98 3 102 182 89 46 22 101 45 121 143 195 132 149 60 112 66 9 63 125 80 149 47 78 197 95 14 88 57 118 75 93 79 156 32 156 105 116 105 124 194 12 72 124 168 22 145 46 185 185 188 81 11 75 165 54 59 117 143 149 182 2 49 30 53 141 128 26 9 133 151 21 193 156
65 76 34 108 124 105 122 148 162 35 176 96 111 70 29 129 179 25 92 125 27 177 6 163 25 164 13 52 189 37 126 63 18 39 44 41 188 128 83 24 125 124 18 9 64 61 118 151 140 23 112 165 188 9 8 58 172 128 122 162 191 109 37 111 113 107 181 182 171 137 34 131 72 185 114 15 198 81 2 181 141 162 105 81 166 6 38 166 191 56 13 24 138 136 200 148 164 181 132 166
137 173 25 124 76 107 118 42 109 79 25 176 93 160 165 109 125 179 4 58 47 140 17 138 92 176 200 166 149 24 182 193 100 2 24 95 171 14 200 7 139 119 144 70 123 120 181 189 56 76 110 10 69 56 18 148 92 111 25 63 18 20 79 150 179 138 8 111 53 130 121 47 44 95 39 164 139 200 79 23 118 70 23 198 94 106 42 124 79 1 35 58 196 49 58 10 112 104 24 38
185 47 64 106 50 22 88 39 45 37 107 152 75 162 149 24 157 175 101 97 125 108 80 101 92 74 22 72 123 158 42 152 42 120 14 130 71 56 171 112 178 191 8 76 150 114 152 189 99 6 85 113 183 59 146 176 179 65 115 9 134 52 1 10 142 190 70 83 174 110 34 8 170 75 31 141 38 2 20 79 88 172 106 157 97 48 144 183 134 48 120 123 188 63 42 72 107 147 41 159
120 173 75 12 15 146 148 46 137 174 8 37 180 80 50 30 143 141 123 82 91 121 18 24 81 55 122 81 172 114 149 67 41 11 25 48 142 94 55 135 30 69 121 180 42 71 185 82 161 101 33 159 136 84 183 187 160 197 163 152 198 122 176 126 144 32 106 22 147 186 164 77 51 46 138 23 153 9 76 164 127 141 198 97 112 117 186 179 125 187 67 125 190 175 136 153 31 99 84 136
168 80 10 125 43 191 38 143 91 120 84 6 191 104 63 139 86 188 152 59 112 63 115 78 52 152 183 168 125 47 15 32 17 53 144 50 151 137 156 13 35 131 64 191 18 114 15 117 58 53 196 107 24 120 29 35 106 142 117 128 137 84 167 87 156 194 61 186 91 114 83 33 131 53 195 173 179 168 134 137 11 158 116 61 50 152 114 70 178 148 127 70 113 8 149 196 23 143 154 197
23 104 124 52 43 46 184 40 134 110 24 93 121 140 123 103 110 99 109 86 153 167 197 165 67 20 109 68 53 46 149 45 115 142 3 107 31 170 52 27 118 154 46 171 186 2 90 92 43 146 34 53 141 34 150 63 7 59 153 125 79 139 141 150 33 182 18 25 121 95 64 50 147 172 12 146 43 31 149 25 1 198 143 79 78 8 158 163 85 84 114 145 194 38 81 37 30 126 173 82
197 130 142 82 184 114 15 133 164 178 48 117 116 135 182 48 94 73 145 35 82 162 127 176 18 16 185 127 52 186 14 148 164 91 41 73 115 90 21 180 119 9 182 160 112 186 50 84 44 84 129 75 103 107 128 23 133 83 178 64 108 177 122 150 26 181 137 124 61 72 85 30 166 7 174 170 4 149 177 47 20 37 37 155 129 13 171 57 129 174 14 189 76 79 19 15 148 22 177 93
81 188 1 18 165 88 105 55 126 24 9 148 134 16 188 85 149 22 29 21 150 110 82 96 151 27 161 108 133 157 120 117 199 73 116 93 94 173 111 13 16 95 130 123 190 176 102 4 109 185 75 189 145 29 2 132 3 14 17 116 19 101 59 135 1 197 39 184 121 8 89 199 31 56 88 47 191 70 73 122 148 94 26 59 90 88 130 110 183 63 31 17 14 85 190 113 54 11 192 93
3 139 102 85 7 91 2 151 120 154 161 142 9 79 178 89 192 95 35 166 36 187 114 83 178 121 18 92 47 30 122 53 69 7 141 165 91 121 198 31 138 180 177 192 163 152 6 164 51 57 58 176 105 195 81 89 178 67 43 113 115 52 154 39 69 49 72 62 61 32 83 66 177 60 187 60 192 76 151 194 44 179 154 14 124 19 13 187 1 69 189 64 161 88 24 6 24 18 52 115
62 56 90 156 88 45 106 101 1 137 150 149 143 92 100 100 135 109 21 177 20 130 36 24 75 164 39 146 195 38 61 140 65 108 117 186 14 118 106 47 114 117 142 161 196 118 21 132 139 182 153 148 72 69 197 40 162 2 190 80 45 174 36 32 165 3 41 164 112 152 78 63 45 78 181 96 44 141 118 6 72 23 189 145 97 12 22 134 17 77 119 106 79 53 137 123 85 182 138 171
106 37 152 99 1 68 85 18 100 176 39 120 130 101 162 105 193 184 162 122 101 37 9 78 66 167 154 141 155 122 9 102 16 49 36 51 164 161 57 147 45 193 197 173 10 93 2 128 89 135 47 31 47 200 29 104 130 92 32 149 59 107 8 107 161 73 18 78 22 53 120 112 95 177 151 23 180 99 28 186 23 182 18 43 50 110 92 74 50 18 166 89 194 183 92 101 35 24 137 171
100 75 160 100 86 71 155 3 125 183 28 177 30 130 194 22 49 175 44 190 110 108 139 118 46 161 98 86 49 187 11 118 110 197 5 35 109 60 177 2 139 106 186 90 62 168 179 16 44 64 146 194 106 86 72 137 130 93 42 53 85 174 94 54 6 55 26 143 26 188 170 110 68 200 40 68 40 11 149 192 48 115 105 10 151 32 7 85 153 76 91 113 73 191 189 159 43 28 198 184
136 142 109 158 139 195 95 107 36 198 83 196 135 143 200 63 139 197 67 58 184 181 18 185 160 76 101 46 21 127 47 7 164 36 197 178 45 50 107 108 50 64 11 162 47 50 82 106 68 149 67 147 151 160 9 135 46 70 40 11 13 116 111 7 172 118 117 142 40 135 186 116 17 195 100 87 71 145 119 145 102 182 153 54 49 38 16 136 167 191 62 66 126 120 151 56 61 55 107 78
194 195 110 11 65 7 23 123 67 143 61 61 12 135 174 147 131 153 148 123 197 75 56 130 78 119 171 59 112 145 167 141 50 42 138 196 190 80 138 19 3 88 87 58 177 55 27 111 28 50 182 182 127 66 44 197 100 39 145 147 83 169 52 87 67 164 165 121 176 48 51 100 174 73 169 35 111 138 183 172 18 22 37 165 36 143 183 150 28 16 32 29 178 191 147 155 150 188 167 75
45 56 22 58 102 51 73 94 137 147 164 163 136 11 35 101 126 141 14 107 114 134 144 80 176 108 125 16 58 27 111 130 165 164 43 164 49 42 185 56 150 1 145 88 69 185 159 29 24 53 48 30 146 123 109 98 91 72 51 139 117 105 162 98 120 143 79 146 33 4 123 39 183 154 71 68 100 67 128 74 176 13 30 164 171 131 188 58 193 159 101 158 135 127 97 52 98 70 41 82
152 73 178 98 194 111 57 163 74 1 141 113 177 183 193 59 17 49 186 145 60 94 119 181 67 197 92 53 93 75 1 51 62 147 199 74 41 161 87 150 14 56 47 44 14 44 118 102 171 169 94 31 95 165 159 171 90 24 144 149 96 111 135 85 124 187 84 23 158 157 60 3 57 165 83 200 189 151 147 178 172 170 163 13 175 8 28 159 130 38 169 168 37 74 40 95 61 157 60 190
26 85 196 181 176 186 161 10 174 133 192 116 133 119 134 101 167 120 46 114 91 32 155 127 163 175 140 146 199 62 7 20 47 9 50 183 54 7 94 129 191 134 3 77 35 41 6 32 170 96 110 120 65 18 20 166 148 97 167 35 100 156 158 19 193 18 74 176 84 177 18 53 43 38 168 163 78 178 153 141 139 177 198 90 102 6 130 90 135 162 132 178 106 60 186 171 51 116 135 52
33 50 166 102 159 65 43 139 190 21 161 26 196 52 133 172 152 123 143 116 131 110 89 46 176 167 75 135 122 20 165 89 40 189 98 153 50 82 14 61 4 109 196 1 119 16 61 197 80 145 123 19 98 172 142 194 18 149 98 199 24 102 96 167 119 73 140 20 4 117 191 49 144 61 175 137 194 120 164 197 175 157 112 34 143 138 192 173 165 195 195 150 95 181 102 55 85 129 183 141
198 67 12 40 79 177 77 199 1 127 73 56 66 174 142 32 66 15 157 107 84 122 31 21 92 112 128 3 51 47 199 4 69 196 37 100 170 154 185 116 122 171 186 51 154 178 190 134 88 51 26 82 63 177 190 162 106 87 99 19 46 187 125 50 122 76 186 186 69 148 76 88 164 1 14 187 199 23 118 44 99 4 52 119 181 147 77 49 138 7 117 39 12 64 48 96 183 124 21 133
198 179 182 140 12 63 127 47 73 60 85 87 171 97 86 83 156 3 132 61 43 131 70 108 151 22 25 103 3 123 69 170 192 148 103 79 114 102 162 27 130 14 123 182 110 100 131 176 22 197 179 177 166 14 13 156 193 159 5 9 5 38 197 96 69 148 47 102 171 92 169 193 135 165 161 2 118 159 89 101 23 148 151 54 172 54 9 135 156 23 18 70 176 91 43 116 38 133 63 118
