100 	
11	12
1	40	4	558	8	
0	13	8	2121	6	
0	81	6	2797	9	
0	23	4	6853	7	
1	59	6	4448	3	
0	5	5	6703	4	
1	54	9	4813	5	
0	59	3	2426	7	
0	13	3	6827	1	
0	96	5	4998	7	
1	92	6	2125	8	
1	72	6	5572	3	
1	43	3	6504	7	
1	92	6	2485	6	
1	38	2	5166	2	
0	43	7	6071	2	
1	72	5	1114	1	
1	96	5	5474	3	
0	22	5	750	3	
0	5	8	344	5	
0	63	7	2652	5	
0	61	8	5692	8	
1	1	9	2591	1	
1	76	9	528	4	
1	29	4	1532	3	
1	6	4	6259	9	
0	8	1	6852	7	
1	64	7	1647	4	
1	94	7	2342	1	
1	59	7	3822	2	
1	77	4	2883	2	
0	6	2	3954	1	
1	70	5	1659	5	
0	83	9	4469	9	
1	9	1	1889	1	
1	28	5	5344	4	
0	52	9	4100	5	
1	3	1	4489	9	
0	32	6	2450	2	
0	83	6	3890	6	
1	7	8	2881	4	
1	99	7	4072	2	
1	18	8	2304	1	
0	55	2	3209	1	
1	39	1	2047	7	
0	28	5	1134	3	
0	20	6	5599	8	
1	79	3	852	6	
1	25	8	1402	2	
1	81	3	4608	3	
1	68	8	366	1	
1	76	2	2114	4	
0	90	6	175	4	
1	67	8	2322	9	
1	29	1	6656	5	
0	44	2	5596	7	
0	21	4	3421	4	
1	30	3	4892	3	
0	22	5	3396	9	
0	13	7	5399	2	
0	93	7	3804	4	
0	78	6	1072	3	
1	24	7	2089	6	
0	95	4	3857	9	
0	11	7	567	1	
0	54	2	2031	6	
0	54	6	6790	6	
1	45	4	2545	8	
0	9	7	2606	3	
1	96	8	6397	5	
0	60	6	1225	5	
0	56	7	244	3	
1	50	6	3520	2	
1	47	1	6530	5	
1	14	5	6199	7	
1	11	2	654	1	
0	62	2	2655	9	
1	37	5	5626	9	
0	6	2	68	1	
1	16	1	6278	1	
0	20	7	1652	3	
1	9	2	3999	3	
0	85	9	1619	7	
1	35	7	6845	5	
1	42	5	3540	7	
1	25	6	6614	2	
0	26	1	2679	2	
0	40	6	1951	4	
0	11	3	5579	5	
0	89	5	7016	5	
0	26	3	1931	7	
0	14	6	6234	3	
1	69	4	1640	7	
1	65	3	6513	2	
0	77	4	7031	1	
1	14	1	4912	6	
1	98	3	4737	7	
0	87	1	6718	6	
0	91	6	1948	2	
1	25	2	1496	1	
123 32 87 144 168 58 158 104 191 117 87 158 14 67 168 11 77 120 130 186 4 176 125 29 48 66 125 192 72 86 58 102 130 52 136 27 77 172 31 149 76 81 109 156 108 80 175 63 25 189 80 78 9 165 186 37 51 32 154 52 160 172 89 33 148 13 173 65 171 138 111 150 150 99 183 55 183 14 17 4 99 151 96 48 120 144 132 156 151 180 3 51 130 142 79 112 102 138 172 48
199 55 34 165 194 118 5 114 191 119 156 35 135 68 10 192 145 82 10 161 111 124 144 46 135 64 96 81 135 58 138 125 144 11 42 111 124 89 155 95 118 154 57 1 44 68 104 177 43 187 84 146 110 41 123 78 27 173 41 147 130 97 158 91 72 93 83 91 4 14 77 68 134 34 50 132 38 149 16 11 139 200 92 130 19 47 87 139 13 141 161 42 44 51 128 53 121 31 125 90
177 151 142 51 150 24 195 27 132 149 150 65 177 3 98 5 141 110 128 101 163 163 65 26 2 128 26 147 89 51 151 97 22 12 15 157 75 40 160 22 73 69 199 74 70 35 56 173 101 71 98 99 94 52 188 62 42 150 105 173 74 68 15 93 33 17 182 40 195 133 138 23 60 57 84 44 178 120 99 142 168 93 95 18 131 138 25 4 181 135 31 139 142 193 22 5 104 73 34 23
13 101 100 47 78 158 180 115 79 122 128 87 131 198 24 36 79 124 169 53 196 81 10 26 110 128 18 181 21 174 112 130 102 64 139 185 10 33 136 81 163 126 53 193 76 103 161 1 9 196 73 21 100 35 30 80 55 70 78 195 85 105 181 145 173 47 76 21 66 117 7 189 114 58 150 129 158 196 35 177 13 107 47 21 31 129 68 189 131 68 10 83 125 141 193 19 26 46 68 160
109 159 188 39 151 36 165 57 190 18 119 44 62 37 33 87 79 75 185 102 41 76 51 87 176 18 130 165 62 10 15 164 14 130 33 172 90 147 30 35 136 110 33 148 112 182 45 156 141 5 121 164 7 89 92 96 146 104 167 171 9 58 141 125 10 133 117 150 9 157 63 60 64 9 95 180 88 198 140 41 112 57 97 58 19 105 23 172 158 3 161 112 178 173 120 34 140 153 75 191
35 79 75 92 122 137 85 96 105 153 121 152 50 131 95 27 79 87 184 91 189 190 35 143 21 77 19 140 108 73 193 111 4 186 18 144 75 20 5 165 170 176 80 90 35 17 78 113 73 189 98 43 171 171 25 50 113 70 89 157 29 11 9 152 28 68 197 133 70 24 20 3 92 25 88 27 1 36 111 124 2 192 76 140 44 76 159 199 82 107 43 62 178 71 6 115 164 80 197 21
160 76 93 138 11 23 134 27 56 86 88 169 80 184 22 174 11 41 2 186 185 97 5 134 149 1 110 61 197 155 53 41 7 110 182 166 76 199 92 100 190 113 118 147 8 176 39 65 167 62 45 38 102 173 192 36 94 149 199 102 118 19 176 199 128 133 113 176 136 153 90 119 114 139 7 17 187 129 69 64 71 105 73 43 62 159 19 181 3 89 200 179 186 185 191 190 94 116 172 139
187 180 163 57 152 41 165 151 200 168 59 99 25 193 104 198 113 156 187 150 159 169 88 173 171 3 22 132 185 168 99 55 152 33 37 95 176 23 35 197 30 117 47 19 101 70 85 63 160 160 42 151 118 179 49 109 195 200 77 178 146 72 108 51 104 21 187 42 147 34 89 186 1 146 43 174 10 122 27 13 51 144 132 177 31 11 90 59 111 1 143 101 125 40 180 130 82 87 95 72
60 39 90 132 59 5 59 101 164 117 158 50 160 95 45 141 147 133 77 183 59 109 85 70 113 86 25 163 124 57 7 45 151 7 48 85 39 159 172 187 5 175 6 178 72 38 104 129 130 69 64 86 60 157 180 43 91 91 12 88 122 143 188 99 168 23 117 190 96 32 156 59 17 119 91 27 83 87 171 91 40 140 36 106 45 68 47 181 171 131 40 137 2 162 183 176 154 78 163 5
69 2 130 94 115 187 99 114 126 94 142 84 148 69 43 47 171 59 165 40 2 141 104 55 85 23 197 13 178 68 53 121 104 119 89 135 184 163 145 194 11 50 126 50 112 84 182 41 42 90 68 97 113 144 155 149 106 84 65 185 19 78 168 65 8 188 155 128 195 5 102 30 195 105 34 112 95 57 33 69 114 78 132 153 55 163 90 89 149 7 159 118 62 194 159 110 61 102 7 190
195 50 163 73 150 138 31 58 37 152 98 146 188 14 198 80 143 128 110 63 184 184 19 48 129 2 52 91 107 4 24 154 38 169 193 52 170 150 195 175 18 152 42 126 96 138 91 123 143 192 166 23 49 68 158 163 49 157 128 134 143 129 132 29 138 34 109 171 95 88 159 101 46 126 93 163 173 45 18 6 145 44 99 77 107 99 103 190 198 141 83 65 131 102 54 175 162 17 38 162
11 34 192 38 92 97 130 96 79 197 13 179 167 196 111 66 36 80 142 18 146 198 15 77 88 14 94 171 162 34 157 86 123 122 178 68 189 8 29 76 10 151 140 199 115 144 6 41 145 141 111 186 166 176 93 128 24 32 55 195 129 182 103 13 66 171 23 198 94 134 145 38 22 31 177 124 147 187 41 121 127 83 107 16 29 43 113 8 167 50 75 25 175 136 95 171 154 99 89 174
189 122 75 168 144 18 6 126 38 17 158 80 109 189 62 130 179 102 21 183 104 82 72 81 33 34 37 172 10 9 163 20 156 155 80 192 173 180 16 90 112 188 37 15 142 43 156 161 65 39 116 85 171 147 122 36 186 155 138 178 144 44 106 152 170 5 3 120 88 123 94 188 84 36 173 6 27 79 28 127 21 179 95 82 75 123 145 168 104 133 179 132 85 160 161 46 14 31 36 2
197 199 85 17 3 85 63 153 155 78 91 61 127 6 35 57 174 188 56 48 2 54 63 152 128 42 34 102 23 18 152 169 125 83 124 26 128 152 28 25 143 149 167 82 72 145 179 142 81 129 192 174 62 107 117 95 42 86 167 46 199 150 131 167 117 38 183 22 197 44 82 166 59 54 91 68 129 42 156 27 149 108 49 18 71 125 30 166 84 94 65 132 197 155 93 9 18 163 51 139
90 61 168 135 148 39 138 198 110 199 186 199 65 127 112 37 78 176 200 47 29 14 199 124 125 51 40 53 116 148 21 75 83 190 45 98 60 159 181 57 182 174 60 122 185 120 179 199 137 80 91 88 18 76 182 25 56 40 173 45 132 164 72 29 45 39 93 111 101 60 189 172 57 191 1 112 144 150 142 96 30 105 188 184 171 52 107 147 128 197 57 22 85 137 13 58 179 2 139 51
35 142 141 79 109 79 132 35 198 105 67 62 177 54 29 119 65 156 192 150 90 103 196 38 27 184 23 166 189 116 54 144 56 112 31 28 146 151 156 28 101 152 172 80 72 119 199 31 152 135 173 178 32 194 135 14 128 186 194 17 169 63 51 69 134 153 73 74 182 111 52 82 75 111 188 170 86 150 51 55 25 23 137 182 167 131 77 45 139 50 173 34 176 196 15 52 77 87 120 115
112 134 61 169 40 34 10 166 153 119 155 22 185 87 45 116 184 190 48 49 183 39 137 171 149 10 147 70 184 72 156 98 195 175 21 24 119 83 146 7 130 154 179 80 124 11 193 187 38 53 196 59 70 149 110 172 187 46 122 191 3 47 146 165 117 60 85 55 127 191 81 77 98 48 40 125 126 175 123 199 92 68 85 10 147 100 127 189 160 164 109 152 135 187 195 199 181 70 111 39
14 181 193 157 78 80 43 139 90 27 181 30 113 68 92 15 171 89 118 110 170 99 172 195 95 26 76 119 49 18 31 6 4 183 175 93 51 43 111 61 190 102 109 20 182 124 178 123 132 43 1 130 17 31 138 166 123 134 23 196 28 37 46 98 78 102 45 100 161 105 24 182 116 4 80 9 58 73 71 76 111 37 65 40 103 52 20 177 120 3 20 163 89 200 20 148 46 127 56 141
25 94 160 93 11 172 31 160 145 78 141 28 184 156 168 12 38 154 82 37 108 151 92 69 190 86 68 83 36 57 7 110 11 12 64 131 37 120 34 61 113 87 104 112 35 99 44 63 146 109 181 116 166 69 192 113 193 18 39 181 55 177 76 68 54 41 134 54 170 131 138 155 143 172 88 14 191 149 55 14 42 34 177 3 39 191 157 132 117 15 158 92 62 164 113 107 70 129 189 1
19 165 165 150 164 86 100 12 187 137 97 116 56 137 74 192 19 67 103 199 144 165 11 146 178 7 54 162 84 89 75 1 139 70 113 105 186 187 89 123 7 15 171 173 149 198 4 198 170 169 155 42 158 81 93 7 93 173 89 144 24 83 137 187 143 157 9 160 197 165 100 88 7 2 80 39 127 35 17 53 117 22 123 17 25 126 38 39 77 183 30 16 106 101 144 181 111 103 121 92
158 14 123 51 70 103 52 59 170 114 154 94 118 121 24 179 73 100 126 48 74 151 38 69 32 199 15 65 21 108 93 14 47 182 189 44 150 116 45 72 184 60 1 143 67 169 54 29 182 105 187 9 153 175 120 164 14 187 2 61 11 16 48 200 180 187 106 141 116 107 200 142 192 149 119 85 29 170 36 167 70 158 194 123 104 200 191 126 143 175 188 166 44 122 25 156 7 81 64 169
165 113 116 106 112 8 173 39 186 89 139 68 133 73 79 131 92 35 103 87 1 184 169 6 195 169 74 103 103 60 116 20 141 142 167 28 53 64 198 131 43 27 33 164 183 79 145 149 62 171 184 46 7 98 1 26 191 4 158 7 8 98 194 69 87 23 189 62 165 131 76 63 33 79 111 63 9 189 140 94 13 16 91 12 151 96 69 56 145 198 81 143 57 194 32 35 132 163 108 48
160 1 74 104 185 188 87 89 92 175 148 24 82 52 49 114 65 30 100 29 154 138 130 25 57 188 79 142 200 154 180 175 7 58 48 42 71 108 167 33 40 139 2 103 161 173 141 149 4 52 154 117 177 152 200 119 176 34 138 177 59 179 42 181 11 164 184 9 177 170 169 187 179 14 174 197 88 55 54 136 197 45 158 44 142 28 78 120 85 110 5 101 104 45 27 55 48 1 115 197
158 96 122 90 78 150 74 65 60 63 175 140 161 90 43 134 1 35 122 78 164 126 164 187 193 125 45 183 131 158 38 87 82 33 67 187 149 14 53 47 64 100 167 152 110 81 61 158 46 54 148 79 184 142 16 148 28 116 70 62 10 68 66 4 106 36 109 67 96 126 94 175 175 56 45 137 157 119 15 79 114 116 136 79 63 192 75 130 138 2 16 146 173 52 123 92 158 173 67 168
91 20 8 17 56 108 72 147 41 90 133 20 71 177 4 26 187 135 88 33 91 55 182 146 89 95 45 81 167 148 60 21 87 69 191 17 23 128 125 106 34 108 101 57 42 154 65 185 103 92 10 39 70 152 65 104 149 122 24 62 118 70 71 5 111 188 3 28 122 67 32 51 12 165 152 16 146 150 84 158 139 4 136 76 66 36 178 125 80 182 66 27 58 180 115 16 154 62 117 115
149 190 29 123 142 95 99 87 179 155 80 200 131 129 40 102 174 48 140 30 175 71 16 74 193 88 63 129 38 25 168 27 154 164 64 13 96 130 72 194 52 165 98 83 130 3 35 45 172 166 117 53 2 4 82 146 10 130 109 127 128 36 106 131 1 43 101 175 172 140 178 93 155 48 3 61 96 167 82 149 68 170 64 7 52 104 200 185 186 99 142 162 162 1 92 41 48 156 11 60
85 21 122 142 57 7 112 119 133 133 119 88 22 133 192 100 41 85 75 75 190 95 137 73 137 175 162 125 77 63 150 130 141 153 186 173 140 62 91 106 78 28 140 13 188 35 180 49 13 195 122 162 69 196 133 190 107 106 104 36 185 75 40 168 122 7 31 130 20 24 162 197 132 104 143 35 107 175 196 138 99 57 158 151 71 42 26 51 77 17 61 182 5 16 190 140 9 67 38 29
71 44 173 115 43 24 198 33 82 129 31 134 132 192 154 111 170 6 195 60 70 72 15 159 30 199 161 15 106 137 94 12 192 67 138 167 75 29 63 183 118 100 88 92 4 79 169 89 9 189 123 166 40 173 118 107 54 175 7 150 102 44 114 96 179 20 143 44 127 197 71 124 95 25 33 96 76 24 42 96 47 143 169 138 183 85 100 92 86 181 2 198 94 195 119 3 108 15 78 65
196 173 170 45 62 50 47 113 126 154 23 34 93 87 23 126 60 99 170 156 145 184 69 188 57 62 156 27 108 82 39 24 181 36 137 140 55 182 14 150 7 196 133 164 84 149 151 79 125 81 29 5 138 8 71 100 14 30 168 151 135 78 24 8 156 72 111 73 183 101 158 89 94 43 97 99 185 193 67 50 169 179 129 70 24 60 136 120 131 168 97 65 41 183 16 174 130 96 41 75
20 13 95 45 3 50 8 67 96 98 108 102 5 168 200 34 127 191 115 68 42 130 173 75 67 8 28 106 87 17 19 197 144 3 35 169 107 69 139 154 82 144 6 72 62 60 155 46 19 81 140 64 147 200 9 15 188 127 142 167 28 118 56 36 13 175 159 76 180 177 93 144 30 51 73 81 144 124 26 147 161 126 197 168 10 193 129 51 41 98 113 16 197 3 27 149 72 70 88 160
82 81 130 15 186 18 174 140 154 111 175 115 71 155 49 134 27 191 121 121 136 93 128 102 78 43 76 112 25 74 173 85 102 127 42 183 72 164 35 196 59 94 6 46 141 122 102 36 169 30 116 55 162 9 56 6 34 113 87 88 49 124 157 56 122 109 40 175 163 49 30 52 79 115 2 148 200 124 75 2 143 160 101 79 64 107 116 32 136 189 24 20 42 116 100 117 48 25 84 95
50 53 196 80 197 23 125 142 90 97 194 91 68 113 176 17 147 171 64 66 55 124 26 139 63 95 27 152 20 25 26 33 182 182 168 89 166 167 193 166 143 48 32 85 113 104 75 20 140 57 95 76 97 15 7 179 169 117 15 167 143 92 54 19 114 98 146 72 153 93 128 66 116 143 152 141 89 90 182 166 147 141 186 72 155 96 34 198 76 46 89 196 119 85 73 1 197 99 47 193
156 184 121 163 199 37 82 122 14 74 174 19 47 188 182 195 103 87 20 159 173 19 106 84 138 52 5 107 69 163 57 4 104 13 1 155 37 37 56 154 184 91 45 37 36 143 68 141 83 97 178 96 164 72 48 54 2 98 17 171 170 114 190 167 192 13 193 108 154 65 153 17 178 76 184 155 177 171 137 133 200 105 171 136 25 16 151 132 178 148 33 90 2 169 120 130 161 159 79 26
181 4 40 153 14 17 57 7 25 29 1 161 192 5 138 138 9 103 200 57 164 41 9 187 13 62 18 88 118 57 39 116 2 128 181 150 98 190 80 108 113 173 192 40 198 114 17 135 156 104 109 176 141 52 183 27 105 9 76 162 60 68 112 22 86 173 15 60 167 138 138 148 198 36 4 69 114 105 35 53 196 153 87 81 50 45 60 111 121 35 194 162 111 85 179 42 164 68 173 72
185 8 26 181 70 193 19 43 63 41 61 176 91 193 73 199 143 60 13 198 66 154 151 200 116 189 30 124 72 46 147 16 13 42 69 49 54 16 169 86 59 111 150 192 40 148 156 161 133 189 66 177 193 122 124 72 87 170 40 122 128 94 145 36 185 5 38 73 189 33 69 11 119 102 96 165 148 168 98 73 69 4 129 48 101 140 170 154 133 26 72 132 95 92 148 182 21 165 11 135
176 101 157 190 115 169 75 42 106 41 22 24 56 6 5 171 6 104 131 3 36 48 159 98 114 138 27 1 85 39 44 150 178 181 145 76 38 89 26 7 195 147 91 99 133 79 145 190 191 73 75 70 103 189 128 95 47 14 194 129 49 47 150 161 83 167 3 140 175 181 4 12 173 199 166 200 86 119 134 78 132 1 193 136 20 58 45 51 36 19 173 127 192 153 68 95 61 109 44 186
161 2 135 125 173 196 108 60 32 88 80 88 36 180 8 112 31 148 60 43 140 79 92 178 183 29 118 32 146 55 175 26 186 11 6 151 100 33 122 113 1 26 193 195 12 91 132 194 119 36 15 119 54 79 132 80 42 19 182 51 113 34 99 145 115 169 116 125 170 80 141 41 104 80 22 112 75 78 105 113 115 17 113 38 21 30 62 147 35 136 119 53 132 51 41 55 41 57 166 63
13 19 184 55 160 162 149 111 74 76 148 132 169 112 125 167 189 42 161 175 66 193 66 87 153 116 27 120 124 198 99 151 72 12 138 53 125 180 25 66 173 196 171 53 125 191 108 49 200 186 108 73 200 73 171 141 123 76 138 67 175 182 90 113 172 25 80 13 63 147 180 190 107 115 8 2 171 49 121 131 111 99 38 136 113 191 33 47 68 104 113 170 134 166 13 139 174 92 19 182
1 160 96 54 115 19 43 4 34 91 76 174 153 49 2 112 108 81 192 88 128 155 150 85 102 127 137 33 186 19 46 189 23 7 66 138 177 143 151 153 88 181 46 142 181 21 116 142 186 30 187 58 2 66 138 63 8 136 150 49 32 103 106 63 105 153 171 159 130 60 151 188 53 47 174 46 20 34 68 79 2 49 164 26 156 174 180 106 37 136 179 187 89 69 69 153 74 98 161 39
11 82 136 125 109 63 105 67 33 164 176 37 92 25 127 8 36 179 113 128 162 200 176 46 199 5 114 81 178 162 65 157 104 182 165 118 134 105 32 33 182 32 98 96 15 100 187 134 32 48 79 143 90 134 105 104 27 173 143 156 96 195 12 80 59 128 49 196 185 67 40 173 64 9 164 68 166 38 81 6 107 103 29 130 191 148 109 83 119 168 44 158 121 77 98 88 143 133 148 78
57 45 184 169 166 101 197 162 120 71 57 165 110 103 119 23 80 182 163 169 189 93 195 196 185 69 92 78 109 144 19 163 2 108 115 185 86 39 153 24 166 34 167 109 108 131 12 41 185 22 81 114 33 94 11 98 104 132 123 21 182 48 3 93 195 72 126 169 4 31 182 185 181 156 100 116 68 147 12 183 103 149 168 56 4 79 133 7 101 196 21 182 63 73 96 121 105 195 61 89
34 166 176 41 101 167 117 138 114 123 199 182 135 119 99 121 185 20 200 192 165 78 197 170 49 189 158 30 4 146 49 45 68 101 189 18 16 60 118 20 166 56 114 182 189 146 63 25 52 38 124 39 119 147 126 173 72 5 75 57 153 53 41 96 166 24 76 49 147 85 129 183 59 109 186 166 67 171 75 146 81 128 137 125 122 156 22 199 154 42 111 169 193 60 162 76 194 171 91 134
45 198 134 86 140 188 96 23 129 48 191 68 106 40 137 2 135 35 81 158 114 171 76 192 162 25 37 140 31 140 142 171 144 174 118 165 5 155 1 46 38 68 176 190 176 181 122 194 86 57 147 95 156 53 54 4 77 106 109 86 12 181 129 32 136 36 97 2 57 24 34 10 72 81 89 89 117 59 189 122 122 23 102 148 69 157 144 189 93 67 76 20 124 19 136 164 24 68 106 1
71 91 14 147 156 167 110 161 52 177 190 68 71 80 91 72 99 120 191 197 36 55 1 6 95 54 17 10 107 130 85 127 127 56 164 61 193 101 13 166 169 148 38 128 114 104 118 137 139 108 48 81 38 31 177 22 106 10 120 119 33 141 149 57 12 117 77 185 158 184 1 23 175 18 74 133 104 82 118 154 99 145 149 9 19 43 100 197 38 147 43 129 5 10 159 49 175 107 79 104
185 16 179 67 59 59 3 198 147 53 200 87 20 183 157 83 105 180 158 162 200 14 28 151 73 27 166 23 49 105 103 31 172 120 78 156 132 96 93 102 190 5 123 181 42 46 2 165 22 97 109 41 164 37 190 98 195 186 112 75 188 158 35 108 124 193 96 117 176 13 10 197 59 136 155 185 178 187 162 9 174 74 94 18 11 54 16 200 151 170 82 44 71 181 18 107 118 6 140 198
123 54 143 30 38 105 61 91 34 44 199 107 149 39 108 127 182 43 39 12 25 199 26 101 116 42 13 1 177 88 134 138 159 32 103 189 7 35 50 97 151 125 138 82 200 151 105 52 173 191 173 174 121 182 94 24 33 33 175 127 94 23 15 76 191 132 73 67 194 164 136 150 168 22 168 80 171 4 98 93 3 176 55 65 199 194 26 108 40 141 2 148 19 36 94 177 27 188 185 136
3 172 185 27 92 145 57 73 189 60 39 53 97 51 52 103 184 6 85 135 140 71 166 125 99 75 183 57 16 161 2 120 110 44 11 88 14 108 145 98 13 85 8 18 148 136 128 147 67 119 81 113 75 122 77 153 98 148 84 181 200 3 149 111 190 132 194 162 152 143 99 168 111 49 113 90 119 33 93 150 199 48 9 177 93 151 90 39 129 111 27 26 152 130 66 106 62 190 122 2
82 115 12 151 149 25 16 11 162 23 92 20 66 167 121 54 17 17 183 100 131 92 84 63 130 41 82 44 154 21 10 92 64 20 156 72 64 87 155 74 8 132 101 10 10 110 141 179 85 71 106 146 48 156 170 125 128 96 181 46 176 149 52 66 53 130 15 170 34 180 62 9 37 78 147 111 174 129 194 147 115 25 70 180 63 152 106 112 55 53 99 194 47 57 199 45 107 5 182 2
23 184 152 163 98 193 121 100 17 21 192 6 48 169 7 97 9 32 46 175 36 23 62 182 99 129 18 19 137 163 61 180 50 170 8 199 128 165 136 46 174 92 73 92 1 62 163 73 62 168 188 176 77 70 109 101 46 70 23 10 46 9 117 87 132 11 169 170 112 111 22 53 86 144 120 59 33 163 102 14 95 156 135 94 27 72 195 142 150 117 78 19 61 133 200 54 97 165 156 12
58 131 182 49 120 20 179 43 134 71 114 7 37 113 194 168 43 106 11 197 82 145 154 102 153 6 17 29 22 58 61 53 111 66 81 96 12 157 136 173 47 184 121 148 35 200 73 152 153 153 134 161 69 74 42 186 182 85 64 65 28 165 86 4 37 93 66 84 6 87 32 88 140 70 144 89 62 154 145 111 1 41 4 23 137 59 158 172 14 19 104 169 147 159 49 118 73 117 10 188
199 73 155 73 35 192 51 111 173 172 86 97 84 184 167 184 58 95 36 80 74 92 8 84 40 17 137 60 189 124 58 16 108 12 143 178 130 165 101 4 173 32 55 104 75 130 17 22 127 91 23 16 26 121 101 80 197 34 164 190 104 71 185 179 72 45 40 160 12 194 189 179 156 31 159 156 147 38 96 164 88 38 162 162 130 62 198 148 122 56 151 91 100 11 157 195 23 30 102 65
63 147 40 13 76 121 153 61 41 150 180 162 43 68 16 168 89 32 34 23 142 145 191 125 115 109 8 153 16 197 10 139 189 8 105 138 200 177 3 108 191 113 145 61 134 100 46 149 154 48 112 144 17 172 54 88 26 7 9 155 166 52 145 23 99 108 102 138 179 169 164 199 141 103 144 160 127 3 196 161 141 68 32 137 168 52 134 49 63 32 11 144 191 158 151 121 24 142 122 44
122 114 140 196 92 16 38 160 124 35 41 59 58 40 155 177 46 17 1 5 49 189 200 91 61 142 155 111 62 54 73 190 67 182 8 160 167 22 48 170 139 113 179 61 68 151 135 187 94 179 5 27 100 49 167 129 150 100 43 5 128 63 19 165 182 185 152 72 182 125 9 80 195 62 143 129 140 192 153 50 94 88 72 14 196 30 60 129 164 198 1 109 164 102 64 16 180 142 73 171
121 88 21 195 166 63 185 2 83 199 107 140 88 120 27 195 173 178 197 105 181 155 184 112 109 64 59 128 164 100 124 160 22 82 195 98 83 49 70 195 8 62 146 109 164 4 23 51 70 11 108 190 153 76 118 17 158 172 109 189 38 116 102 56 106 134 120 90 42 140 107 142 185 148 156 171 187 120 56 169 40 200 136 23 9 31 157 101 23 93 80 7 87 113 63 5 178 57 53 188
120 133 77 140 49 9 155 76 128 164 62 185 69 198 85 159 20 29 159 39 129 159 87 171 166 143 147 127 37 70 151 90 22 98 53 166 128 56 74 50 56 200 170 70 105 62 84 28 154 76 97 160 135 3 6 3 84 85 190 146 38 39 6 83 171 66 75 69 82 79 166 161 147 134 2 6 4 20 31 37 25 95 32 136 187 102 65 136 156 191 142 171 179 66 94 22 186 187 64 55
104 62 21 1 39 155 80 12 9 110 52 85 131 127 59 200 38 119 77 68 198 51 105 196 62 97 90 122 196 58 135 166 76 59 29 104 93 189 117 153 100 173 65 44 56 65 33 36 17 164 61 44 79 95 61 51 138 161 23 199 130 113 72 197 47 134 118 164 57 149 175 125 89 55 75 36 45 41 168 40 184 116 188 146 96 57 47 172 143 15 5 155 73 174 82 133 187 39 73 4
105 56 176 4 27 187 187 42 197 173 52 140 195 60 200 105 93 100 17 6 99 158 163 20 48 28 48 19 13 142 81 26 95 14 13 126 75 132 179 129 61 90 48 182 83 31 12 52 18 131 154 55 50 27 155 57 108 45 134 10 162 193 127 48 64 74 111 3 135 47 90 54 40 98 159 22 16 112 111 10 190 197 34 145 32 177 61 22 87 163 10 99 166 51 27 38 199 150 161 85
172 99 2 136 168 194 11 124 150 191 39 100 29 132 52 137 194 98 9 177 92 39 98 93 128 34 14 31 43 154 25 47 181 22 2 62 52 191 22 130 126 75 38 52 167 6 179 153 37 159 146 121 2 123 145 193 101 165 116 197 139 134 187 117 171 151 179 120 115 53 7 165 64 199 183 9 179 186 51 47 134 193 47 115 33 172 23 168 134 154 117 199 69 45 190 171 20 15 78 119
82 47 116 193 107 111 43 159 82 184 182 191 81 48 200 73 69 151 151 5 113 38 198 4 93 65 29 113 115 6 44 176 101 56 7 189 133 166 17 194 78 59 117 6 13 72 158 65 47 95 132 179 187 188 101 155 90 79 61 91 37 58 106 185 16 60 66 54 94 164 157 45 26 113 41 47 5 17 149 198 120 122 163 195 31 6 151 88 85 82 84 170 9 127 103 56 12 115 185 121
109 60 178 128 83 35 67 86 10 174 77 18 81 61 120 106 14 155 68 143 134 75 41 118 50 99 14 60 120 158 151 87 33 106 13 154 78 119 31 24 58 109 167 78 43 29 183 104 28 27 158 16 16 149 31 123 72 16 184 175 131 19 151 121 196 56 102 76 101 127 103 195 77 123 51 100 190 136 106 75 84 20 190 199 74 145 106 49 38 56 110 90 144 17 149 109 136 25 127 116
171 46 153 65 194 92 35 181 133 149 192 129 102 108 111 197 153 102 27 100 15 42 103 97 166 62 131 88 83 147 3 139 63 11 162 120 196 92 71 14 39 172 191 189 197 62 183 197 42 187 113 148 155 38 23 72 77 76 22 80 91 48 99 161 159 52 156 122 155 58 173 152 167 9 25 14 37 168 97 39 188 132 1 20 155 169 179 131 21 89 65 162 91 183 127 183 35 143 46 170
176 91 53 58 50 93 59 29 151 95 69 5 159 145 79 75 182 156 14 148 5 50 140 3 46 174 35 196 200 108 109 17 170 161 115 21 13 122 178 111 93 115 137 177 103 77 158 139 34 113 76 152 115 141 132 76 156 136 92 7 106 23 71 27 195 155 197 12 199 75 57 178 152 43 13 81 12 137 93 124 180 191 145 89 8 129 94 18 92 148 47 164 118 99 79 59 86 60 21 193
48 25 99 36 191 192 64 133 179 191 63 78 92 91 39 7 118 9 181 74 60 160 117 174 97 154 150 56 154 77 56 113 41 159 44 192 78 136 101 126 37 72 104 6 192 175 200 58 8 130 163 116 53 125 163 59 40 27 159 62 172 177 94 185 72 136 145 79 84 163 122 83 73 82 170 25 61 30 42 176 155 200 128 127 182 84 125 8 53 84 1 14 42 23 107 23 96 69 129 29
179 89 69 93 80 83 95 31 31 81 23 22 67 93 41 137 116 18 70 5 127 4 43 90 148 131 181 27 199 126 177 118 24 187 117 111 20 76 70 24 10 159 28 18 21 26 93 189 56 68 89 20 197 104 88 176 107 34 27 94 82 109 71 116 85 112 65 51 14 89 36 69 139 140 77 191 164 15 109 145 29 20 55 19 189 105 115 25 77 32 54 49 62 29 199 134 64 155 14 62
96 140 103 115 114 57 189 137 63 160 103 36 139 134 199 17 48 55 69 38 88 67 168 29 56 118 43 112 195 33 130 23 112 182 120 120 133 68 47 67 96 63 148 163 106 43 86 165 78 85 86 191 134 193 154 95 66 173 86 162 192 132 80 121 188 117 150 29 34 90 48 153 2 58 68 146 118 193 193 63 16 154 180 199 28 74 195 18 65 192 55 179 191 197 15 51 126 194 200 95
164 59 194 113 92 153 156 180 132 52 42 181 180 33 195 90 57 182 119 44 107 9 190 178 72 71 117 105 125 3 56 114 131 176 60 145 121 118 45 144 113 16 60 2 84 88 32 6 9 97 112 159 68 196 41 19 91 139 3 187 194 114 113 138 67 74 152 101 21 147 65 83 169 118 34 152 93 50 195 43 96 151 144 102 64 126 82 197 14 162 165 83 190 84 66 166 94 57 29 189
23 129 91 153 104 61 109 192 111 33 55 117 149 112 139 25 142 74 137 159 164 177 81 16 50 84 46 71 4 54 37 72 90 67 157 15 121 195 61 96 105 200 179 106 144 76 81 2 158 161 146 187 22 71 87 160 147 73 102 163 124 140 101 129 125 190 22 18 90 173 94 158 129 50 188 181 120 136 186 169 46 26 155 77 137 53 113 1 188 130 135 112 83 125 37 54 180 55 51 176
185 24 190 34 56 107 110 92 114 113 107 73 90 158 78 76 150 64 53 99 176 38 127 118 122 74 78 179 84 197 2 191 35 81 101 8 17 6 122 119 77 47 164 23 129 164 97 62 83 178 109 106 159 4 53 132 130 77 8 172 50 180 72 56 32 16 33 88 35 116 125 56 174 130 123 44 79 179 191 191 53 161 170 13 89 142 71 47 111 119 184 162 178 88 114 79 130 109 77 23
99 93 4 24 5 148 70 2 174 123 62 151 62 86 193 198 60 155 98 116 98 7 71 169 3 80 99 71 153 106 171 64 120 19 151 40 42 117 31 179 85 32 158 149 168 122 51 39 112 43 79 161 183 166 55 106 37 43 186 44 95 115 41 27 122 61 118 185 81 114 180 196 135 12 68 20 85 154 24 162 24 126 113 41 105 108 30 51 43 190 152 13 154 109 73 81 5 200 40 15
129 11 112 100 53 4 24 164 50 18 190 67 117 30 76 177 80 181 87 144 107 78 111 179 143 56 67 11 52 125 154 116 55 199 65 195 170 178 21 71 74 158 117 149 96 137 172 150 196 194 41 37 145 98 118 132 189 52 84 169 10 52 196 157 173 16 37 168 56 98 121 196 195 45 12 75 186 36 185 129 91 199 55 149 65 182 54 11 117 66 70 79 143 8 163 20 191 167 78 20
114 172 161 6 178 71 105 194 199 183 155 17 24 162 131 17 96 143 176 43 38 175 58 66 3 65 122 164 185 195 163 34 44 14 106 142 64 2 181 180 190 105 37 85 193 164 11 30 114 192 90 49 80 72 129 21 179 117 40 102 61 193 77 7 3 93 138 176 19 156 47 87 12 27 93 138 68 68 97 48 193 59 61 180 150 86 192 142 28 21 5 60 101 181 123 124 67 88 136 60
184 26 112 104 109 112 140 164 49 37 79 199 98 99 71 179 124 143 68 177 153 42 108 3 91 101 132 148 18 197 25 76 141 4 106 53 116 16 149 66 190 102 106 31 106 16 15 131 101 152 84 96 55 143 170 172 97 21 48 43 6 65 48 168 66 157 121 193 191 151 158 197 55 148 152 112 70 8 32 158 117 149 195 5 189 101 90 185 85 33 144 20 54 109 43 69 185 70 113 175
100 115 38 176 60 120 37 35 192 64 87 24 33 187 135 151 137 180 83 71 46 153 34 14 171 83 84 115 37 121 153 61 184 94 129 187 66 162 174 157 69 108 173 40 14 153 176 155 87 195 137 35 171 150 62 178 12 88 56 179 14 157 53 180 150 40 176 44 53 123 109 200 73 101 113 92 79 107 44 143 114 64 169 172 72 197 80 102 13 123 15 62 7 66 64 174 125 76 194 158
142 43 4 161 7 27 76 80 12 49 91 137 170 156 43 184 72 52 179 44 20 28 26 72 113 23 173 15 85 48 65 130 64 132 169 134 13 147 143 95 18 130 75 197 174 187 134 26 167 46 59 119 65 131 84 127 28 188 152 118 171 111 138 187 33 43 33 2 138 51 165 41 147 132 135 194 169 115 24 183 95 64 168 80 82 8 26 23 71 7 127 153 49 39 136 90 115 56 43 23
124 105 90 82 35 52 1 34 189 35 55 102 112 102 167 124 183 100 64 30 46 38 58 106 45 37 124 35 156 39 200 134 158 110 123 26 161 13 44 8 152 186 46 72 102 194 147 78 132 32 140 167 58 61 62 124 166 24 66 112 134 125 6 16 79 140 189 42 126 93 198 172 44 21 167 79 156 136 186 185 184 181 157 7 136 156 150 135 152 33 33 124 55 129 4 132 198 112 101 188
183 62 83 143 42 162 74 72 8 107 11 78 57 120 168 35 153 71 158 28 42 19 19 70 50 187 44 181 122 1 10 30 38 47 13 82 7 87 25 43 39 138 79 113 29 18 60 107 198 137 64 28 35 82 129 200 50 65 47 82 98 38 65 176 65 76 77 31 41 28 4 113 81 157 164 25 96 32 110 47 101 104 133 43 152 110 2 23 120 25 16 121 101 187 123 170 21 39 157 43
144 5 38 8 185 149 96 56 77 141 102 31 50 172 158 13 44 61 187 125 169 85 161 192 86 34 133 78 36 112 133 19 37 132 85 95 66 140 187 6 176 55 193 147 48 125 72 192 107 96 170 126 88 45 99 101 193 144 188 59 99 128 16 185 64 193 2 138 120 130 199 186 79 143 69 84 109 4 26 195 28 145 143 45 40 106 10 17 182 82 29 83 124 176 63 113 39 175 162 13
192 43 126 129 160 185 130 36 76 155 51 172 141 119 28 188 91 171 17 143 199 97 169 63 72 8 74 68 6 177 98 154 99 97 156 115 197 161 188 77 95 82 172 101 104 187 18 188 139 105 75 95 172 116 120 155 114 23 191 107 63 93 110 76 157 54 17 186 97 135 119 50 52 140 8 82 9 165 78 101 3 9 138 99 123 99 65 177 160 119 84 89 15 142 112 8 184 37 167 147
199 31 43 88 139 52 48 86 36 79 105 3 192 125 175 72 143 83 164 6 176 26 45 90 197 128 113 139 84 150 6 53 155 149 30 179 67 141 45 76 96 163 106 17 190 60 138 130 95 68 196 30 83 161 52 79 16 29 141 199 61 66 109 88 9 129 154 24 185 115 172 172 90 151 36 192 185 49 39 59 9 167 10 85 120 154 129 60 23 164 72 157 22 56 27 135 179 100 185 11
4 194 30 70 195 62 34 21 84 167 41 98 150 71 92 77 103 193 101 176 15 176 93 18 176 166 189 136 3 118 102 158 157 72 41 53 49 181 164 157 188 154 49 164 18 93 113 55 84 161 123 161 128 164 98 91 110 184 179 180 100 132 28 104 56 189 57 9 186 88 17 167 156 117 174 113 51 169 64 23 19 146 58 197 130 150 134 70 73 19 34 109 136 72 50 94 35 96 180 132
16 177 95 112 119 107 60 33 53 82 175 89 93 94 186 187 41 121 154 79 30 99 1 172 70 32 1 21 39 156 193 20 180 132 22 186 195 56 34 113 80 195 188 100 144 28 113 83 55 4 102 68 161 10 19 163 109 9 10 179 137 190 22 177 161 154 28 184 111 93 60 56 197 83 121 103 48 143 25 117 135 92 125 61 124 105 44 169 14 40 91 6 34 22 51 199 138 170 136 149
49 93 102 198 174 187 34 191 142 20 102 8 104 66 165 10 72 17 66 179 174 124 29 70 172 173 82 133 71 164 121 47 153 133 33 154 167 19 85 159 114 155 158 77 146 163 164 169 178 192 138 161 90 175 165 12 176 176 166 93 46 169 90 73 123 23 109 99 149 124 27 195 32 13 100 7 7 128 126 179 68 115 128 41 137 60 122 86 64 106 98 164 75 66 57 168 163 103 199 10
159 149 150 150 190 166 32 188 95 187 185 150 195 116 144 61 200 47 184 28 181 185 115 173 62 113 146 163 97 192 162 94 166 82 189 161 103 13 185 48 134 189 29 149 143 183 107 196 169 122 198 182 90 170 128 63 92 75 108 32 53 162 15 138 98 193 142 87 134 164 175 153 70 87 58 118 191 184 128 60 117 31 77 116 177 143 33 120 146 66 144 136 175 58 55 137 110 121 191 176
21 45 104 25 35 199 79 85 27 111 133 170 20 200 200 144 99 99 117 98 93 57 44 44 112 77 153 57 81 94 67 78 189 181 90 112 74 190 196 63 111 112 47 114 82 12 152 63 70 3 160 107 41 12 145 132 62 128 121 29 179 143 157 40 163 38 36 194 133 106 102 110 142 66 47 112 68 110 185 21 104 150 146 184 48 80 120 92 90 192 176 143 74 155 133 158 26 14 147 16
14 24 18 57 36 182 16 22 155 171 138 103 149 175 82 114 58 144 142 95 107 49 145 74 5 169 68 10 41 7 173 112 108 133 28 39 36 151 145 41 69 9 166 144 192 65 19 2 3 44 75 106 171 108 116 136 135 46 138 82 63 162 17 121 39 95 165 158 180 43 188 77 68 45 7 102 50 136 21 120 136 10 104 144 190 121 162 197 144 98 179 34 103 82 123 5 11 51 105 40
197 57 57 38 56 165 170 193 11 38 149 86 182 3 154 189 136 136 107 75 48 161 78 42 56 112 3 106 150 65 70 90 76 128 171 44 145 40 99 84 67 175 103 193 21 194 124 158 62 175 146 115 121 193 196 15 144 26 167 194 95 53 45 133 169 77 89 10 108 7 149 17 73 34 14 173 177 154 166 143 12 170 9 14 187 99 165 165 167 76 28 112 191 37 102 143 186 88 129 180
12 189 104 29 76 11 50 161 142 95 50 108 107 48 19 105 156 66 65 182 142 156 168 23 61 131 11 112 197 173 69 18 142 30 107 28 37 48 124 22 27 179 51 47 159 141 125 10 137 160 154 18 26 81 143 183 86 182 104 26 16 198 59 22 186 7 197 19 107 173 197 111 23 111 37 43 91 74 79 65 78 137 54 67 151 69 168 167 40 60 113 38 30 6 142 15 104 17 170 109
65 119 13 187 90 94 60 159 179 73 89 182 44 62 10 158 104 199 103 78 196 25 107 146 75 72 79 170 169 30 60 23 95 173 153 79 165 9 132 13 198 149 168 74 69 106 11 113 151 94 155 36 143 147 22 111 155 43 194 108 101 121 197 170 166 104 174 77 77 62 8 14 175 76 96 200 181 106 7 1 84 93 147 76 81 114 58 146 22 122 26 47 56 26 171 177 111 6 175 30
79 44 129 199 148 20 196 163 65 11 112 188 170 43 149 116 172 170 80 111 99 71 161 21 45 136 141 71 167 97 185 178 159 12 8 178 182 153 59 5 13 144 96 3 82 195 48 52 100 45 53 175 165 64 2 172 98 192 152 73 43 115 12 88 76 95 65 65 105 135 174 84 192 94 162 68 49 199 110 102 103 44 73 200 176 113 78 37 3 131 158 151 126 100 21 163 44 170 124 41
16 124 56 159 104 9 177 182 155 67 126 27 163 80 137 24 128 196 191 61 72 144 193 53 107 95 159 74 58 37 53 35 4 91 37 135 154 9 22 153 55 38 163 18 10 114 106 144 141 176 60 5 29 21 158 94 54 131 191 198 110 38 8 50 118 33 115 40 183 149 37 46 88 159 189 5 86 185 75 192 50 104 183 90 75 185 57 132 184 15 118 28 139 61 149 163 154 198 38 7
130 55 43 97 38 111 189 83 10 193 103 3 20 196 182 142 29 126 128 36 62 68 66 33 135 180 23 1 43 115 183 158 181 103 89 73 47 188 75 69 61 119 177 129 146 98 19 99 21 54 14 103 139 174 8 55 57 51 101 49 104 179 119 41 68 85 19 31 54 20 63 132 19 37 91 150 194 179 138 151 58 1 68 41 83 29 75 109 30 179 40 22 143 188 18 41 52 194 6 168
74 161 162 10 159 192 191 75 184 163 155 184 114 116 12 176 81 35 172 172 153 111 112 136 55 107 96 49 148 163 76 58 65 51 100 33 125 23 77 36 102 169 148 95 106 124 176 40 110 77 93 56 3 146 74 8 99 9 25 167 34 26 77 198 131 187 31 31 66 11 25 136 101 17 17 76 94 8 136 53 13 123 160 6 142 21 17 20 98 67 145 20 162 69 82 49 145 144 192 60
161 190 24 152 4 34 171 55 81 157 158 123 2 156 158 102 32 59 7 159 157 157 75 43 72 187 115 45 192 57 91 128 189 164 1 159 38 41 121 108 102 49 34 28 2 131 93 35 191 106 46 182 153 52 68 185 140 114 15 58 162 103 52 172 90 101 2 168 127 70 200 170 200 143 189 67 170 136 68 78 170 74 65 94 145 34 21 93 162 118 61 114 22 113 19 22 194 199 78 187
128 71 124 137 187 97 35 187 29 74 110 16 17 178 188 135 189 181 110 79 91 100 37 49 116 147 185 192 48 26 89 195 199 81 84 185 198 99 25 45 99 125 41 91 86 110 176 39 5 136 16 126 111 154 180 104 37 123 83 121 32 154 94 120 80 193 74 89 16 135 110 77 115 45 48 96 102 92 62 171 117 111 171 100 192 151 76 157 15 105 30 161 147 102 171 179 132 158 36 77
80 38 1 72 159 161 84 96 82 51 157 4 123 123 194 115 62 2 102 31 197 98 90 65 4 163 37 176 174 121 143 34 95 38 23 140 80 33 114 140 183 136 192 200 56 79 164 99 82 41 46 93 197 12 163 117 183 153 13 80 73 28 164 92 152 64 147 185 147 58 179 172 159 147 71 51 157 10 119 178 195 154 84 42 42 19 139 21 78 145 155 14 104 58 52 130 58 169 130 161
127 186 11 146 63 178 194 60 194 72 48 132 89 36 125 27 42 180 152 132 145 145 83 40 191 67 164 155 168 39 100 22 71 44 80 142 53 25 164 28 122 154 37 141 7 161 197 72 33 134 69 181 123 155 17 28 156 151 162 61 167 63 165 38 89 129 34 55 142 78 171 97 99 14 121 183 143 101 49 67 13 95 120 152 65 132 95 186 11 132 21 13 162 156 48 75 42 26 163 17
60 88 85 195 2 61 6 33 70 29 123 58 180 96 120 180 54 110 66 153 172 50 48 122 75 15 42 102 86 48 177 90 194 169 104 199 2 159 158 4 171 82 156 132 63 148 182 182 106 41 139 30 67 149 152 5 158 85 16 191 195 141 153 170 188 169 136 6 130 37 89 26 107 82 76 128 21 188 94 113 67 4 130 69 112 94 196 94 11 16 89 86 66 74 132 49 49 47 104 26
133 158 48 120 40 157 108 111 54 136 122 154 22 77 96 124 78 48 118 150 159 150 164 114 51 67 153 200 99 140 132 42 34 105 20 148 74 160 76 25 87 173 9 1 111 34 69 52 132 199 12 62 43 116 166 87 138 152 83 48 197 181 26 1 103 17 48 152 138 31 186 171 174 153 169 29 72 116 78 192 47 13 123 123 181 167 129 142 154 195 57 82 122 76 117 46 116 159 79 140
170 58 60 90 12 136 21 195 171 67 62 55 90 78 169 32 111 10 59 169 107 41 9 178 54 194 190 158 200 103 39 122 196 141 61 153 13 47 179 26 54 122 36 192 22 59 193 179 123 100 10 25 168 182 160 72 82 196 193 187 75 190 172 62 23 52 179 163 86 35 59 70 9 132 89 148 114 54 69 24 140 9 119 33 196 85 35 32 35 149 114 197 44 31 172 14 45 183 72 6
162 147 175 23 182 132 193 91 146 14 179 14 73 187 30 152 46 171 157 86 156 8 45 47 109 172 192 152 56 181 40 168 158 69 22 18 92 193 108 45 58 154 79 19 37 83 2 30 26 73 175 69 166 176 5 182 192 187 81 102 22 93 157 166 56 94 150 113 158 142 108 84 4 117 100 35 172 192 137 36 148 123 10 48 115 64 24 14 9 164 199 82 195 32 60 15 94 31 99 167
117 26 195 55 149 24 43 113 117 4 177 147 5 93 79 50 124 16 117 157 139 62 190 198 84 172 87 125 101 187 193 180 167 10 106 195 73 63 5 165 175 183 173 90 34 168 65 162 148 135 38 12 88 158 142 50 3 94 15 58 193 75 22 114 59 93 23 138 59 109 145 74 57 6 5 142 33 166 49 192 51 46 116 125 82 161 92 78 143 133 66 53 176 34 83 68 137 115 6 127
