80 	
60	80
1	40	4	1536	5	
0	60	4	1111	6	
1	97	9	3537	4	
1	92	9	788	3	
0	37	3	199	4	
1	3	1	2041	5	
0	79	9	1876	8	
0	77	2	2246	5	
0	21	4	2900	4	
0	35	8	3721	6	
0	17	6	1372	8	
0	89	2	3260	4	
1	87	6	2963	5	
1	3	2	1717	8	
0	24	3	2618	8	
1	16	2	3346	4	
1	39	9	2023	8	
1	19	8	2808	5	
1	36	1	3561	8	
0	54	2	3077	5	
1	30	3	2915	1	
0	75	9	1221	6	
0	91	9	1104	3	
0	11	4	3286	4	
0	11	6	3888	4	
0	18	1	4083	3	
0	73	6	787	1	
0	16	3	688	9	
1	10	4	3461	8	
1	80	9	675	2	
0	6	1	2645	8	
0	67	4	1568	1	
0	66	8	380	1	
0	85	3	3316	1	
1	40	8	1278	7	
1	19	7	1196	7	
1	68	2	2169	1	
0	86	3	1360	7	
1	6	2	1025	9	
1	44	4	3726	7	
0	28	5	2206	7	
0	78	2	1281	1	
0	78	7	2299	8	
0	96	9	1739	5	
1	12	2	133	7	
0	41	7	2211	6	
1	28	2	1086	8	
1	84	5	2462	6	
0	86	6	1113	1	
1	45	8	2392	9	
1	95	5	2514	8	
0	84	2	3336	8	
0	82	7	3082	9	
0	81	2	476	4	
0	81	5	485	3	
0	9	5	3968	2	
1	53	3	1756	5	
0	52	9	998	3	
1	73	3	2157	3	
0	68	8	2355	3	
0	7	4	2092	8	
1	77	7	522	1	
1	8	3	16	2	
0	23	5	835	3	
0	9	1	350	3	
1	53	2	408	5	
0	82	9	3140	5	
0	71	4	2396	1	
0	31	7	3390	2	
0	21	7	2244	1	
1	30	5	1713	3	
1	81	4	2445	1	
1	33	4	111	5	
1	86	3	3361	7	
1	62	1	997	7	
1	83	7	1617	1	
1	56	1	834	9	
0	42	3	1632	2	
1	84	5	2837	3	
0	75	7	3838	5	
20 182 158 21 181 19 73 34 4 177 130 15 49 133 173 55 167 131 15 118 40 18 194 12 188 61 98 11 85 100 193 131 124 57 113 84 15 40 146 159 145 134 61 26 28 198 165 82 157 63 30 158 168 165 1 39 120 29 44 46 43 28 81 96 200 43 157 190 158 85 21 42 133 172 95 42 180 47 25 107
175 142 101 196 161 188 126 158 127 70 45 146 47 69 9 89 149 167 52 129 172 99 56 36 175 12 160 82 93 92 90 23 58 39 89 120 101 151 123 124 95 30 137 21 185 150 48 87 52 37 118 147 115 121 176 124 34 115 47 101 122 25 7 6 67 124 190 138 127 5 72 49 180 16 187 131 83 78 50 169
134 195 45 132 15 64 23 101 79 174 104 80 179 190 122 181 24 189 82 63 69 37 21 7 105 137 97 168 3 150 147 47 76 96 91 178 173 50 160 2 92 153 178 80 140 106 69 82 159 145 16 191 6 198 183 49 150 78 199 151 48 111 84 83 53 55 171 37 183 92 77 123 107 155 57 195 162 5 36 88
90 19 167 47 34 107 70 67 138 6 11 138 4 131 149 86 118 121 200 133 57 56 35 152 10 84 184 115 12 118 186 1 160 151 179 78 134 196 188 171 152 155 184 104 164 126 103 131 188 54 66 176 65 89 29 131 162 104 158 9 53 128 121 60 142 131 137 13 143 76 184 94 112 187 177 63 143 94 178 19
85 189 127 80 134 164 89 63 79 151 156 162 76 119 62 31 176 16 196 76 153 25 187 87 54 31 102 163 185 107 164 196 143 17 21 156 178 98 79 109 162 133 65 16 165 196 144 23 112 183 3 135 55 115 110 11 176 130 85 53 43 158 131 69 57 153 121 171 30 177 43 50 180 62 147 47 113 97 42 171
189 36 40 120 57 163 116 148 43 124 198 200 65 120 47 61 192 26 176 162 28 62 55 29 108 56 10 76 94 57 183 148 27 140 116 75 34 81 16 42 87 4 169 45 155 25 164 129 140 4 22 136 200 111 194 20 144 57 72 149 191 146 98 52 104 188 67 116 33 61 126 146 119 47 119 83 69 87 25 82
16 169 136 148 99 175 185 2 29 39 94 66 49 167 39 29 167 189 72 4 61 57 131 182 85 140 184 112 56 83 33 110 195 56 71 6 18 191 112 125 151 38 173 9 192 46 141 175 178 25 133 49 3 112 127 110 66 135 6 25 178 191 183 179 63 46 31 59 104 121 186 191 187 70 128 172 174 18 137 120
135 46 45 80 116 149 51 167 187 165 174 76 132 129 144 112 70 112 6 5 62 101 147 37 26 123 198 49 77 97 196 58 109 79 45 139 134 92 188 15 100 86 127 139 57 59 155 45 20 82 142 189 23 56 155 51 5 141 175 156 145 35 37 13 42 89 198 38 90 133 193 9 161 70 106 51 145 76 107 29
138 120 50 182 112 49 138 162 150 149 159 88 25 38 7 106 117 143 82 31 129 135 49 180 99 96 108 85 120 192 171 3 35 40 129 133 121 195 181 174 110 66 180 197 103 137 33 69 32 116 102 27 133 180 98 140 149 20 75 193 36 106 105 182 40 164 112 180 7 11 33 47 101 8 35 115 74 108 186 85
72 109 97 110 21 60 118 180 174 26 80 57 147 137 42 183 121 187 117 98 70 155 27 112 77 136 58 92 172 69 118 106 91 196 10 175 102 117 89 89 9 189 33 167 167 91 33 143 35 149 169 106 19 19 189 81 188 133 76 72 107 101 102 123 111 144 187 192 2 153 101 73 135 20 167 177 186 12 188 109
116 181 43 54 67 25 115 172 163 61 188 35 30 118 5 127 115 157 61 3 52 31 107 123 134 2 54 33 144 134 199 128 152 113 144 4 88 112 34 101 6 31 19 91 90 65 144 28 138 155 81 42 57 39 90 98 91 42 18 193 154 51 68 75 82 55 34 60 5 133 96 189 70 50 17 21 120 52 113 81
195 176 154 70 140 7 74 6 177 36 85 33 166 165 141 102 60 114 54 181 106 115 131 165 61 109 113 140 72 15 198 79 15 182 152 143 105 105 184 143 186 169 125 121 131 80 195 196 24 70 177 96 6 16 196 58 150 114 15 156 149 180 14 72 42 190 92 172 109 12 170 140 120 20 194 36 37 4 164 73
162 39 152 106 96 50 90 156 152 73 43 17 133 101 77 198 147 111 126 143 14 22 27 6 171 111 72 165 160 68 114 189 135 98 121 51 78 72 145 180 98 20 142 185 88 63 52 4 187 54 78 168 172 169 16 8 180 200 197 56 147 200 68 86 119 27 24 64 32 200 62 54 163 91 172 181 49 45 116 51
156 166 67 116 148 103 134 148 11 146 93 191 176 147 145 91 160 27 152 193 140 129 3 116 23 108 183 129 195 169 164 117 190 127 14 113 128 18 7 10 92 36 8 57 75 156 33 75 26 133 129 13 70 80 32 174 193 13 198 88 200 17 101 179 112 185 51 147 114 20 59 54 192 126 187 67 39 148 84 170
182 140 55 4 155 18 178 13 156 17 117 148 71 65 1 129 96 61 194 172 47 146 112 102 51 143 162 35 144 121 175 134 146 1 61 5 52 60 73 26 35 71 113 195 134 9 70 32 10 108 147 91 103 184 165 49 109 72 92 124 44 170 79 123 97 26 194 129 85 191 98 80 70 119 69 199 106 13 108 114
37 37 121 70 86 178 20 154 66 110 86 90 177 114 130 93 67 156 23 169 200 104 94 163 108 193 25 72 94 144 105 186 195 83 176 158 69 40 99 51 63 137 17 71 23 186 125 26 35 104 189 124 159 97 131 122 15 157 52 11 60 151 41 100 111 6 128 193 173 53 26 115 40 16 149 194 120 120 196 31
107 174 154 73 196 16 80 128 64 166 103 62 97 170 147 137 45 111 120 156 8 173 143 49 157 176 140 12 41 146 119 49 74 18 58 86 117 110 28 185 144 9 6 72 66 160 193 2 142 84 135 126 192 15 148 83 154 182 120 49 8 186 151 132 70 126 183 101 63 82 184 90 42 97 10 96 52 197 11 61
50 41 71 141 139 3 49 41 74 193 188 27 95 198 86 25 151 148 63 112 53 198 35 128 72 26 57 57 32 47 72 48 79 31 103 66 98 76 63 189 52 151 19 188 83 37 62 17 4 189 111 180 23 172 51 93 13 1 142 49 148 124 153 71 142 89 194 137 82 89 52 45 71 105 50 149 59 157 39 19
166 45 54 175 34 82 139 52 44 67 112 37 193 191 140 76 183 122 158 114 118 196 26 171 167 196 113 174 112 67 21 146 19 104 1 115 183 138 9 196 142 112 85 192 115 180 114 59 173 17 13 167 121 67 190 150 100 42 45 47 118 123 199 53 13 17 31 182 25 136 151 42 50 12 85 169 158 190 176 11
173 107 34 140 77 79 160 125 191 116 69 79 117 124 6 46 87 13 113 170 126 63 92 83 148 93 108 178 125 111 26 150 114 42 139 88 111 109 30 6 87 106 123 21 197 30 180 117 113 136 103 149 10 171 171 122 125 141 190 103 33 173 115 82 138 199 12 54 17 143 72 59 5 7 92 11 12 59 124 136
35 147 137 150 18 172 10 71 38 36 178 150 133 1 154 123 33 65 143 52 186 58 129 68 185 194 189 4 61 45 20 181 147 56 157 71 16 125 116 68 87 52 93 148 138 2 79 85 196 118 79 49 124 186 117 173 174 158 184 98 174 114 50 138 108 144 75 169 179 109 17 173 24 21 128 18 83 6 158 16
113 47 162 62 164 37 163 151 183 137 3 57 129 89 39 68 146 32 76 184 18 160 191 118 28 140 52 43 29 82 136 113 128 36 145 24 168 8 63 156 134 21 92 7 34 17 139 181 91 3 7 103 131 15 97 156 108 156 129 197 100 131 90 75 9 194 69 104 88 117 70 77 16 22 54 23 186 199 130 133
142 123 22 95 50 152 168 144 45 112 121 189 105 139 191 67 114 153 82 150 36 185 101 127 194 42 138 126 54 48 84 142 127 199 80 184 93 146 197 130 69 6 89 50 85 127 20 90 155 122 26 169 169 173 14 194 128 51 114 92 176 139 41 91 87 132 173 158 92 115 79 97 184 39 152 129 172 188 83 27
150 45 176 177 199 20 191 160 82 109 20 83 106 190 119 111 84 161 57 31 72 175 20 198 147 5 49 66 186 149 36 4 106 113 136 50 161 82 4 42 103 135 190 64 155 171 23 181 66 70 158 145 84 150 163 5 100 145 58 142 3 177 133 163 11 8 130 194 44 36 92 120 85 32 4 2 108 89 128 6
191 44 184 186 59 127 191 65 1 116 133 41 56 151 104 70 1 17 172 105 112 98 157 200 171 57 136 112 47 166 200 196 124 12 93 120 82 181 188 142 19 51 84 95 102 78 110 78 55 137 130 22 110 102 67 195 153 115 163 27 43 79 126 158 110 49 103 141 199 149 46 103 29 153 128 80 4 156 125 48
78 146 130 24 181 140 190 8 169 64 85 65 116 132 177 136 172 151 57 5 161 90 184 151 149 33 70 159 178 9 41 58 196 54 127 32 104 172 41 105 106 144 168 91 197 180 36 91 94 89 47 153 166 157 126 131 87 146 33 70 8 95 144 21 35 73 111 130 28 129 125 14 147 137 18 179 67 100 65 69
1 131 24 131 94 131 130 122 110 116 67 38 196 118 120 31 97 109 5 60 177 8 43 68 85 131 7 88 60 95 33 197 106 104 144 136 75 37 199 63 152 85 2 189 148 138 103 72 19 126 116 199 141 168 108 21 185 141 179 1 23 61 86 196 57 94 63 45 107 106 172 24 187 65 100 160 165 192 154 67
87 133 19 86 69 66 7 199 167 199 151 186 36 183 96 21 151 53 45 151 177 110 188 110 153 186 36 168 94 62 15 126 138 34 134 166 67 197 141 5 127 59 171 152 142 96 130 131 155 62 12 122 178 144 110 19 143 2 97 63 160 151 21 184 73 161 93 104 17 48 125 194 200 138 188 165 103 110 155 180
188 31 110 15 130 3 56 46 120 193 12 4 83 150 84 84 96 132 132 54 191 27 111 141 125 7 17 111 125 1 119 194 186 27 85 109 134 132 64 94 85 138 154 90 108 192 52 154 195 117 15 32 49 95 50 45 151 119 13 54 5 107 3 68 97 139 178 116 172 141 142 32 185 91 4 25 175 153 50 76
64 33 166 57 136 124 81 40 4 49 190 156 3 10 105 85 36 177 99 188 130 17 187 22 13 192 114 37 111 159 11 113 88 87 32 103 143 9 59 36 68 29 159 195 85 192 188 139 125 31 97 29 79 134 191 182 126 106 107 153 145 162 107 42 162 77 118 115 48 80 195 121 117 119 71 72 60 41 148 78
26 175 137 57 16 195 128 127 159 65 141 188 179 70 142 158 21 62 187 196 130 113 182 134 141 192 105 72 111 197 143 152 40 88 199 80 32 91 82 63 172 62 92 156 99 150 130 154 25 183 124 101 130 73 25 137 184 25 121 167 9 158 11 34 93 120 149 48 127 123 64 10 36 191 183 95 29 32 87 200
194 82 26 40 36 149 39 50 75 139 26 8 131 100 23 149 193 50 176 56 87 62 197 90 76 155 189 103 43 29 182 33 63 77 179 48 51 127 80 95 74 32 54 181 124 76 2 100 51 11 137 22 130 168 15 126 108 163 92 199 31 66 132 179 100 128 187 78 84 23 112 180 188 15 88 78 163 102 79 123
146 146 130 200 61 38 145 41 143 178 90 114 1 167 175 179 28 48 59 193 168 116 147 192 39 76 33 58 21 7 47 5 47 169 20 148 26 156 53 77 111 126 7 82 33 37 64 184 11 25 58 197 185 27 81 78 185 157 126 104 42 134 185 12 180 122 70 173 182 6 132 100 199 94 129 130 37 97 182 41
86 6 36 64 171 156 40 23 102 79 46 27 178 138 96 30 22 74 162 109 127 50 85 13 112 38 12 72 85 10 40 38 83 90 67 174 184 34 39 12 41 129 2 43 88 12 180 151 62 83 47 131 183 101 58 106 55 67 194 94 11 62 171 63 36 138 21 153 15 94 155 66 30 75 111 93 36 33 30 152
75 83 100 11 24 89 153 88 137 66 163 8 179 144 22 98 81 3 100 183 143 27 107 85 38 160 192 161 68 147 81 156 78 110 196 94 102 75 10 114 113 102 36 14 23 158 128 5 163 81 84 49 36 16 151 191 59 108 199 20 136 65 147 195 74 192 17 172 119 126 189 80 24 54 184 52 171 24 141 62
155 149 157 192 134 124 103 120 191 77 147 63 18 176 14 19 160 69 117 111 71 29 129 71 147 58 157 164 50 114 44 35 114 69 50 16 184 169 82 49 120 11 192 166 48 128 122 36 89 63 191 127 90 21 48 114 131 69 39 100 61 23 52 146 187 196 69 68 175 64 5 180 20 11 31 179 150 122 185 96
49 130 200 156 125 149 78 40 159 139 5 29 67 131 124 95 174 17 102 99 46 154 41 152 193 173 86 139 24 12 171 57 116 18 158 31 157 111 24 157 128 192 196 25 93 25 184 59 142 53 10 131 64 92 153 130 162 115 10 71 158 83 198 34 95 192 145 194 89 182 135 139 179 59 104 76 105 186 15 118
91 49 105 102 31 138 61 140 3 196 44 100 83 98 41 123 76 145 51 194 142 9 199 122 36 137 164 170 5 12 170 67 171 42 119 168 172 15 110 178 8 13 191 133 67 130 152 87 124 136 183 154 170 174 2 135 110 156 147 29 134 97 172 45 126 170 29 72 78 159 138 96 9 162 192 94 48 103 27 34
85 42 174 196 141 153 108 21 188 92 11 7 171 168 73 137 20 142 23 87 184 133 31 174 71 34 45 168 54 159 145 127 29 23 184 30 119 138 63 165 177 69 29 68 71 183 144 19 113 63 93 154 103 78 143 54 52 176 187 90 69 110 75 179 39 16 74 93 120 47 56 59 84 140 147 57 63 77 126 181
175 76 41 111 117 65 41 25 49 37 85 73 26 7 19 39 109 109 75 200 83 13 3 126 102 155 99 46 44 21 54 64 22 150 78 7 154 55 45 75 144 57 162 31 56 126 37 111 76 8 114 61 165 64 145 45 41 33 63 62 21 57 160 5 132 93 15 178 131 200 83 61 172 183 17 83 72 53 188 21
2 58 42 175 157 23 58 117 4 170 74 24 99 179 142 142 2 38 139 114 17 89 35 85 19 34 10 165 53 196 112 70 11 98 128 169 106 9 114 146 144 14 152 49 108 40 159 46 111 167 144 40 28 130 92 199 79 194 69 159 139 171 186 151 144 194 32 190 97 175 34 43 182 52 173 66 87 94 121 142
69 175 47 89 124 1 27 2 162 116 164 55 98 48 164 119 46 82 54 84 88 55 172 26 150 66 170 194 158 89 51 25 156 35 117 130 87 89 145 26 92 135 5 161 185 110 160 31 176 110 42 17 41 167 106 6 149 178 33 51 97 153 28 4 145 148 115 67 129 98 181 145 180 79 61 27 24 49 108 66
53 81 47 59 189 185 46 200 92 167 86 157 159 78 26 23 33 156 191 57 183 125 88 100 20 196 178 106 193 57 55 27 163 147 110 109 31 161 137 86 134 93 164 65 152 27 18 52 29 40 116 136 68 152 66 136 94 94 154 32 9 174 128 34 139 74 120 18 179 13 12 89 128 83 6 86 97 46 81 53
155 131 90 76 69 67 199 42 145 38 179 39 2 102 32 189 154 89 42 59 90 82 41 149 78 82 32 59 76 169 50 122 124 55 23 132 98 91 130 4 115 45 100 2 121 159 58 50 127 127 41 77 129 47 83 132 75 41 123 177 133 28 12 38 176 139 127 124 148 182 36 106 13 9 56 163 89 188 107 90
170 3 53 68 46 71 82 169 157 74 34 81 24 79 99 52 70 44 193 103 192 200 119 117 1 62 139 86 175 186 157 123 59 178 131 164 143 86 134 81 151 182 183 98 31 121 46 142 98 19 156 52 121 54 69 43 123 187 154 190 119 137 167 72 104 196 144 183 146 8 185 179 94 53 165 81 18 192 52 187
88 179 148 164 154 37 20 122 66 186 7 19 82 93 57 149 136 182 43 24 189 98 185 140 66 187 171 110 102 121 29 162 174 83 56 186 139 154 129 97 143 157 156 144 149 63 51 45 75 195 35 62 157 68 118 44 198 120 33 70 6 135 171 182 191 150 72 12 15 72 139 126 186 68 107 59 175 41 61 188
151 41 135 139 33 110 134 106 58 180 163 112 5 36 189 153 100 54 97 3 169 181 1 191 147 100 17 61 164 161 147 168 34 35 31 116 178 185 117 78 174 57 167 138 44 179 66 171 145 135 84 86 16 45 143 73 74 125 185 146 43 5 42 85 42 78 52 82 87 170 168 57 185 19 152 34 65 23 147 117
135 57 148 58 125 192 168 162 20 192 42 48 122 188 152 168 59 23 188 109 2 4 164 119 193 47 51 136 87 153 18 107 131 108 142 186 82 129 94 17 96 123 100 28 118 133 139 31 31 196 162 67 38 199 132 96 55 137 57 52 102 95 163 90 150 124 147 45 96 93 16 144 139 31 45 28 197 99 147 141
174 35 44 176 106 156 175 123 108 64 70 96 143 71 197 138 69 122 192 19 193 138 143 107 21 159 80 162 123 24 122 102 65 145 31 77 96 100 9 67 63 122 128 141 52 55 124 37 87 91 45 44 14 44 9 199 157 22 92 16 150 8 74 160 81 107 26 77 200 103 87 44 3 164 141 23 47 159 2 122
140 48 106 20 75 49 146 113 85 130 45 55 175 77 1 52 63 48 158 9 93 47 179 27 24 135 21 134 74 188 8 35 9 184 153 164 68 113 42 200 144 90 94 38 158 12 195 180 168 118 198 34 3 24 53 46 121 154 99 88 197 12 102 153 179 2 132 179 123 107 104 14 83 92 161 113 128 94 22 42
8 66 123 194 164 192 63 175 178 109 166 8 67 89 26 83 3 144 79 29 116 58 169 80 43 170 23 37 60 124 52 80 164 159 81 67 140 43 51 135 197 24 105 173 101 10 67 93 13 72 68 184 167 4 89 49 163 95 48 40 75 119 133 1 133 178 24 64 116 85 102 102 76 79 86 61 111 191 78 11
173 74 198 16 86 51 186 86 20 134 128 59 188 55 190 53 155 148 136 148 118 157 182 109 49 80 64 154 72 141 130 99 109 140 36 82 113 63 23 183 198 104 43 20 91 1 88 136 64 153 56 39 18 147 60 95 167 159 34 24 194 18 158 167 56 140 48 101 1 150 171 172 126 46 7 157 150 160 134 198
132 51 75 181 106 177 26 43 145 183 68 163 188 43 188 108 163 153 81 199 150 87 68 27 72 159 58 42 87 131 45 124 99 70 149 187 89 197 161 170 5 139 143 84 153 132 32 89 185 195 53 122 120 26 27 7 41 197 147 64 59 188 10 83 169 28 45 7 199 37 114 42 114 106 141 39 192 152 187 200
35 100 29 75 7 183 166 52 136 129 5 9 102 127 170 147 97 176 148 1 126 13 88 180 150 87 62 14 190 81 174 144 68 171 62 43 189 100 169 121 6 64 119 199 50 112 49 198 76 19 190 39 26 194 113 175 98 77 48 140 137 49 18 137 28 52 59 109 13 9 139 141 108 10 142 81 153 84 12 158
141 194 164 135 138 185 166 94 55 137 190 21 159 121 74 49 33 130 77 191 168 32 52 157 132 34 48 130 173 103 110 30 160 8 44 162 84 166 131 163 181 13 151 65 151 101 100 156 182 93 1 46 12 124 47 170 131 147 38 137 197 76 184 153 77 100 69 187 138 97 6 174 164 172 84 147 29 148 123 110
6 83 184 78 4 94 193 101 52 186 116 56 199 118 192 48 140 44 60 108 41 71 66 81 200 48 42 162 170 30 3 119 91 129 134 47 32 157 44 74 183 146 127 193 8 165 176 31 79 191 104 170 30 82 20 153 155 35 82 62 158 70 43 4 140 112 131 143 54 167 125 22 129 37 175 21 121 22 64 2
179 161 115 7 43 10 29 4 79 192 175 125 199 122 54 89 46 116 195 116 165 189 116 193 139 8 82 85 19 104 70 187 182 89 134 29 171 20 68 196 47 55 61 56 92 119 51 174 179 120 160 200 9 46 88 127 15 110 104 100 46 36 192 133 83 20 34 35 143 36 181 185 199 132 102 106 84 19 153 194
118 190 41 181 140 33 67 14 36 24 42 102 83 80 36 90 116 31 65 147 101 138 162 166 45 40 48 33 167 156 139 38 7 163 20 135 137 93 61 99 49 182 43 5 120 79 45 172 149 195 95 110 165 160 83 199 166 172 159 69 46 192 181 83 153 105 129 69 101 75 164 158 183 116 121 107 69 63 96 174
86 160 164 9 135 68 139 10 153 45 176 146 4 55 68 150 147 25 12 148 123 87 84 118 168 77 74 44 190 33 76 103 54 34 147 157 154 166 112 69 169 1 11 192 185 185 155 156 30 132 83 107 11 109 33 76 99 153 156 22 124 169 71 63 8 149 127 24 10 50 20 116 102 113 197 94 20 98 62 184
153 74 37 82 145 158 156 61 14 34 29 67 27 60 97 137 23 120 43 167 132 180 182 41 44 119 93 192 27 5 52 84 67 66 91 200 78 18 190 11 171 127 101 53 83 56 12 78 103 19 106 34 173 57 63 182 73 15 87 81 123 37 154 41 144 170 1 145 83 6 30 169 50 159 32 159 28 126 94 191
81 14 192 25 77 1 24 43 147 46 4 130 160 187 111 125 14 56 195 17 180 102 32 48 71 84 78 151 107 24 129 75 46 167 178 69 74 158 109 148 144 106 15 148 63 104 128 51 9 165 50 122 59 30 85 79 176 168 169 190 59 20 18 43 66 49 84 152 68 21 115 170 149 89 95 119 136 123 122 157
145 155 127 182 172 25 186 68 150 145 104 3 126 147 131 171 180 128 52 153 106 32 26 71 166 103 29 183 43 84 86 45 26 151 171 107 35 111 46 181 130 162 38 47 24 16 107 22 41 96 139 18 157 45 107 90 15 51 37 50 177 151 152 7 110 51 72 118 93 140 102 5 124 110 87 126 193 74 143 10
90 119 30 79 26 34 179 119 106 183 194 164 53 140 95 175 155 73 123 3 59 97 22 106 98 99 131 88 166 131 83 190 90 129 45 110 67 178 99 149 43 53 169 169 11 160 148 74 42 87 131 64 132 47 56 24 127 117 57 68 166 28 136 97 155 138 48 113 28 64 149 138 93 103 181 68 179 180 145 151
87 124 45 51 162 149 5 99 190 12 67 81 61 158 65 76 11 105 163 147 49 4 93 169 98 87 142 109 71 189 24 38 141 20 191 68 182 95 162 15 78 191 186 40 84 70 63 119 133 42 180 149 183 22 175 163 108 10 168 105 188 194 44 62 38 179 21 78 176 48 126 71 54 199 172 59 104 79 47 12
106 118 177 133 199 79 101 27 159 200 105 162 99 178 37 73 30 154 113 93 8 175 181 131 11 194 2 111 132 44 29 159 69 165 151 132 81 142 147 126 20 42 197 6 161 104 16 170 70 61 94 122 7 38 136 133 32 92 107 155 194 148 151 133 167 180 69 28 188 116 169 193 46 29 41 93 40 77 107 138
90 130 66 28 8 101 55 116 161 119 51 9 138 191 78 119 85 121 158 12 187 197 178 138 47 179 82 122 163 187 54 111 144 76 134 153 170 166 74 194 37 73 174 151 2 94 106 56 78 114 154 54 177 72 19 73 140 90 41 142 91 4 109 197 154 90 93 100 161 186 199 155 18 129 46 102 92 4 22 42
165 118 180 102 197 124 132 110 19 106 185 36 22 114 24 191 174 122 156 137 34 18 134 129 100 155 87 187 5 137 12 19 98 25 9 66 50 7 36 97 35 131 41 160 128 76 32 119 117 11 125 70 73 73 19 182 191 66 77 98 64 103 68 181 20 193 39 136 150 185 41 181 20 91 181 40 185 98 41 80
92 57 37 173 58 116 105 179 179 179 153 165 50 172 89 17 108 45 132 194 188 57 32 47 77 187 101 104 71 168 102 73 180 73 7 61 150 103 49 99 61 170 107 110 90 88 102 146 170 68 90 196 188 118 150 38 133 27 53 141 108 170 47 162 113 110 140 76 104 20 43 49 65 165 192 131 173 37 107 153
30 145 38 179 27 117 92 107 134 170 47 162 1 78 45 114 186 80 169 182 45 128 144 127 116 36 189 15 167 36 177 93 172 63 39 109 187 137 49 162 36 92 103 147 122 65 15 66 18 23 125 166 147 190 154 187 95 153 148 149 66 32 57 141 108 135 115 122 193 199 31 5 26 109 192 83 103 131 152 181
187 96 146 167 130 140 188 112 112 44 113 102 4 136 129 186 171 170 123 108 77 178 197 29 32 146 61 75 121 4 89 175 70 188 200 23 121 178 99 88 23 166 27 118 128 58 192 70 23 133 51 109 126 17 112 52 164 72 189 83 89 94 172 189 90 176 147 27 20 190 36 87 163 70 186 192 152 158 142 22
31 151 31 32 42 187 54 73 91 73 20 189 48 138 110 84 60 55 183 76 51 46 66 196 189 62 52 73 64 56 196 84 175 115 95 140 180 77 132 187 26 16 23 142 145 103 80 47 7 64 88 137 92 56 113 195 88 60 46 167 84 20 6 81 103 75 193 178 46 110 30 169 24 170 124 31 128 59 24 51
27 185 153 80 156 116 17 4 47 66 112 24 101 118 174 120 86 46 77 40 196 168 148 111 162 7 103 109 171 147 90 105 122 177 98 194 150 58 93 132 62 144 126 176 41 28 135 29 119 184 122 171 21 17 44 81 129 3 76 123 40 118 36 153 115 40 78 74 194 26 151 158 16 82 140 180 5 119 41 101
188 166 16 70 65 60 68 109 182 183 144 120 94 95 55 117 21 9 115 71 117 126 85 94 82 40 145 62 159 53 60 119 184 166 115 106 81 103 164 172 88 180 157 32 169 124 188 96 76 122 190 24 18 93 62 163 51 150 35 136 148 85 129 158 172 37 79 43 9 103 131 6 132 174 71 199 140 154 86 37
113 17 109 117 163 85 178 144 102 63 22 39 14 34 152 23 176 7 130 80 170 61 197 27 25 54 66 127 179 200 129 103 132 69 19 8 184 180 51 84 27 36 113 135 19 160 7 137 59 122 74 172 77 106 152 10 55 108 198 81 125 171 94 114 175 35 18 62 187 45 127 143 44 147 149 39 54 125 58 85
168 42 194 44 176 196 8 108 21 62 152 71 87 110 17 136 133 2 112 29 69 18 153 106 25 179 92 87 71 18 169 104 55 140 150 120 139 158 122 70 144 25 130 112 102 3 105 104 24 30 7 173 16 193 19 42 50 196 149 50 70 193 193 179 146 120 60 112 117 42 146 176 88 170 77 192 165 92 29 119
60 170 66 56 38 120 78 116 27 41 71 120 133 198 2 45 38 176 154 126 127 165 35 6 136 35 153 117 168 132 35 131 25 1 114 90 145 180 188 53 50 45 105 130 21 68 102 86 187 146 187 125 127 147 63 166 106 37 173 194 59 154 71 195 101 105 99 13 23 96 199 68 33 6 77 106 191 48 72 19
185 177 26 87 86 60 14 17 176 101 50 112 48 146 173 180 156 119 184 140 188 152 11 128 66 155 36 57 125 142 197 101 127 99 52 190 53 141 66 107 3 191 66 192 49 91 41 64 37 102 135 95 16 146 19 154 125 89 29 151 95 151 133 61 46 152 112 74 69 22 149 21 169 177 115 136 165 191 159 91
125 2 138 167 134 57 88 91 16 167 115 198 68 170 2 169 114 64 187 16 23 173 72 164 20 11 57 147 124 90 96 62 1 56 127 105 172 164 19 183 128 158 130 88 77 20 69 104 155 112 65 112 79 182 176 62 103 116 68 121 151 67 22 41 158 145 115 189 68 138 122 104 54 175 136 72 83 44 137 83
36 22 140 59 139 19 130 58 2 114 66 162 153 53 36 23 169 116 64 181 179 177 60 130 131 168 56 78 47 148 28 189 91 7 97 167 60 61 154 175 145 200 174 4 35 100 147 65 87 146 161 83 35 157 24 93 14 22 127 181 17 20 157 140 154 32 102 119 163 10 89 70 108 57 132 54 111 152 136 91
179 68 179 148 36 17 155 167 91 123 192 43 174 120 192 26 94 27 24 184 194 183 113 122 38 60 158 155 138 196 18 111 168 49 36 44 146 127 190 63 106 163 128 99 123 87 70 47 151 180 75 3 50 45 1 59 92 64 154 63 44 50 160 119 15 38 72 128 192 191 28 20 174 42 118 167 98 116 34 171
115 92 91 132 94 186 26 62 32 78 64 61 173 194 59 88 128 109 166 85 168 63 194 99 110 46 149 57 197 82 166 161 53 73 196 4 7 117 172 131 182 57 123 180 29 15 73 58 131 179 154 127 114 65 169 18 131 63 34 4 150 175 82 34 97 195 41 123 100 119 15 183 77 21 158 171 56 52 135 183
