20 	
20	71
1	24	6	244	5	
0	30	4	1335	1	
0	76	6	1559	4	
1	1	6	582	8	
1	36	1	483	1	
1	59	8	1331	8	
0	77	4	644	9	
0	9	7	726	5	
0	53	9	222	8	
0	46	5	1597	5	
1	21	7	923	6	
0	93	3	1014	7	
0	49	5	751	9	
1	94	8	1607	2	
1	78	2	534	4	
1	54	1	427	2	
0	55	7	861	5	
1	93	3	754	6	
0	99	9	1407	9	
1	37	1	5	9	
43 35 174 173 27 6 172 117 64 111 174 80 32 10 137 68 105 121 120 189
152 174 24 42 86 160 60 131 150 78 79 14 191 188 195 180 114 126 17 88
66 70 101 52 140 170 123 102 125 62 182 191 135 181 97 18 72 118 50 63
153 90 174 38 97 1 168 141 13 22 95 72 83 172 134 7 1 66 166 12
98 28 164 175 87 196 125 70 143 190 174 66 17 57 101 110 106 139 88 142
133 112 195 152 139 164 46 69 72 54 77 51 97 21 117 149 18 171 76 17
37 65 121 28 26 14 49 87 96 100 95 143 130 170 153 5 34 199 124 140
60 24 113 6 38 182 116 134 127 52 165 130 45 170 33 188 164 127 146 56
10 123 35 91 164 121 101 89 2 100 79 66 45 126 188 43 185 131 151 197
158 109 14 187 142 175 157 166 159 173 164 115 90 179 56 121 91 133 80 123
180 121 177 45 129 90 58 160 140 58 79 79 32 152 19 33 145 37 18 49
170 175 118 6 81 35 102 102 9 67 151 26 127 117 39 51 161 11 179 136
142 190 17 104 89 141 63 197 183 95 138 43 30 6 38 16 126 70 94 195
52 72 120 145 73 69 159 51 23 63 199 151 95 58 16 197 89 19 31 17
113 96 95 50 76 94 65 92 68 64 56 175 118 189 76 159 47 93 145 103
134 106 76 188 73 31 65 45 163 160 168 80 98 16 117 143 175 142 143 6
120 195 159 94 114 189 190 74 70 124 186 100 22 12 25 179 37 10 155 184
140 61 197 188 175 106 150 22 161 27 172 31 19 176 79 12 200 59 43 93
121 145 37 139 136 6 81 54 144 109 181 80 142 200 99 12 13 136 124 71
163 50 149 33 56 120 83 16 18 46 33 17 55 198 84 123 171 103 53 78
172 131 27 80 199 181 118 7 91 176 107 163 169 183 151 2 121 7 177 16
