100 	
6	34
0	8	6	567	9	
1	51	2	4931	8	
1	55	6	3553	3	
0	66	1	4758	3	
1	40	2	773	2	
0	24	5	3334	9	
1	97	5	273	6	
1	32	8	1456	5	
1	37	7	2617	7	
1	10	9	4	9	
1	36	8	1315	2	
1	54	3	2971	4	
1	63	8	2693	3	
1	58	4	942	6	
0	36	1	1002	9	
1	68	6	624	6	
1	53	5	4309	6	
0	67	9	2051	3	
1	34	6	1839	4	
1	99	6	854	7	
0	87	4	208	2	
1	97	6	4502	9	
0	13	4	262	4	
1	64	7	4253	9	
1	54	6	588	6	
0	7	4	522	6	
0	67	4	4437	4	
0	24	3	2014	8	
1	90	2	988	5	
1	78	5	824	2	
0	11	4	326	3	
1	96	1	4615	1	
1	25	7	5021	9	
0	33	4	3153	8	
1	35	3	2431	2	
1	12	2	4838	6	
1	8	1	1474	5	
0	57	5	372	7	
1	86	1	1317	2	
1	15	6	1793	8	
0	72	7	1631	9	
0	80	3	4618	5	
0	72	4	824	8	
0	13	4	3222	9	
0	99	8	4639	1	
0	94	4	2026	2	
0	27	7	878	9	
0	64	8	1113	1	
1	34	3	1512	4	
0	71	3	607	3	
1	5	9	4850	1	
0	96	6	1959	4	
0	18	8	1358	8	
1	71	6	4933	8	
0	88	4	3401	3	
0	64	1	4943	9	
0	91	8	3678	8	
1	90	6	3022	2	
1	89	6	369	4	
1	32	1	4887	8	
1	47	7	2765	7	
0	46	2	1054	1	
1	39	4	2707	2	
0	96	8	2522	5	
0	53	1	5033	1	
1	25	7	2161	8	
1	36	2	1182	9	
1	10	4	4395	1	
1	49	9	853	9	
0	47	1	310	1	
1	67	9	2443	2	
0	54	5	2720	9	
1	41	1	3006	6	
0	12	3	2940	8	
1	26	1	4021	8	
1	2	3	4597	4	
1	78	8	2256	2	
0	6	2	696	7	
1	98	5	1496	4	
1	18	7	4050	1	
0	53	1	878	5	
1	45	9	372	1	
1	9	6	4042	1	
0	54	5	4541	3	
0	95	6	4632	6	
0	20	5	710	5	
0	86	3	3338	8	
1	67	5	1057	3	
1	18	2	2129	4	
0	13	1	4734	8	
0	90	3	159	7	
0	28	7	2743	8	
0	65	8	4210	8	
0	65	1	704	4	
0	97	7	2043	2	
1	41	9	1709	8	
0	39	7	80	6	
1	70	3	2816	8	
1	19	6	2104	9	
1	64	3	1419	4	
68 174 81 39 102 42 44 136 20 72 109 162 1 92 62 91 197 172 100 14 15 192 8 194 9 161 19 75 10 154 194 181 84 1 117 66 37 93 59 36 55 185 7 176 30 110 172 92 117 126 113 154 66 180 146 95 188 65 13 158 66 82 75 136 90 167 98 108 129 166 84 64 12 2 3 81 97 45 143 41 182 21 1 190 139 52 61 15 167 65 44 146 117 31 177 198 91 22 24 48
147 52 42 148 103 200 171 7 80 124 200 90 90 23 181 113 80 19 198 191 69 76 120 149 163 152 80 124 177 187 198 37 5 182 13 106 42 1 34 75 78 119 100 61 105 175 184 76 142 58 19 178 21 155 94 59 185 78 195 158 99 175 49 45 92 22 157 117 23 116 199 40 1 131 38 185 112 157 41 151 104 191 108 92 89 77 137 137 55 109 94 189 187 192 19 2 176 145 166 96
51 159 93 5 118 131 112 38 160 18 47 148 195 132 136 115 80 33 47 137 69 39 50 163 113 26 77 97 174 89 160 47 54 42 80 95 126 87 2 163 198 116 47 185 192 121 167 126 103 177 21 99 88 81 82 114 191 12 89 2 132 97 90 44 50 172 166 187 146 60 86 168 119 53 41 31 19 80 124 171 55 118 191 117 138 70 172 102 140 155 74 151 172 103 28 162 33 148 93 115
160 5 13 186 39 151 178 88 129 20 70 192 38 135 188 92 190 138 173 71 146 156 116 55 31 188 49 33 162 121 3 39 104 100 128 158 48 143 198 150 147 179 132 153 35 25 98 147 66 33 157 15 40 29 19 76 158 119 175 180 78 37 44 40 161 173 183 162 42 34 133 46 26 41 133 4 133 70 1 92 74 200 60 60 158 9 18 170 6 85 158 174 89 158 136 164 181 77 137 156
163 139 153 53 121 172 127 144 66 7 44 61 153 69 95 125 63 189 197 27 151 159 44 121 156 151 32 146 36 59 146 135 39 140 58 31 130 125 59 200 168 73 178 156 93 154 150 91 59 163 23 141 67 42 39 163 67 6 111 193 151 22 65 128 67 112 81 59 114 177 4 132 195 75 103 15 24 175 23 179 43 57 177 95 87 95 199 32 82 159 54 5 68 193 144 160 110 58 131 89
146 183 27 96 94 191 62 11 12 123 20 17 129 104 100 194 124 2 133 153 181 174 72 7 5 116 115 29 189 191 20 107 84 177 166 141 173 89 108 41 56 77 118 95 134 146 92 90 10 95 194 115 160 138 104 157 28 1 119 190 120 30 196 169 2 103 172 33 33 99 199 53 88 55 174 128 109 192 96 116 104 90 40 188 13 168 108 134 187 92 189 82 114 115 22 37 191 16 129 120
196 138 62 109 20 101 16 20 138 166 19 176 37 33 91 130 137 111 16 139 61 197 116 54 59 181 156 134 54 156 149 1 163 101 6 25 34 1 178 32 148 141 67 6 64 199 120 98 52 172 50 159 19 75 17 3 12 92 146 107 163 64 163 42 178 119 21 117 171 121 195 64 150 120 143 138 115 11 42 28 81 182 60 93 146 129 166 82 113 106 38 93 47 15 64 108 158 71 143 169
90 14 109 19 7 54 111 110 91 62 69 119 24 43 132 62 44 182 155 82 128 9 135 151 13 12 191 103 50 157 87 112 168 170 59 114 58 63 6 29 64 23 91 159 84 58 132 199 179 7 39 175 111 109 60 167 99 115 173 65 51 169 4 57 32 172 121 26 150 96 102 191 78 75 102 171 41 38 33 180 60 109 169 68 44 94 91 84 45 172 144 154 177 45 135 168 194 110 170 30
59 45 88 86 105 132 193 4 95 173 200 116 97 63 112 146 130 87 109 47 49 200 63 29 40 92 34 164 126 74 173 104 21 55 83 159 62 14 148 148 158 99 153 137 28 37 17 93 72 199 35 110 94 70 191 140 177 160 179 161 86 194 150 69 182 188 82 14 180 118 30 199 44 40 19 99 150 151 13 77 55 84 13 42 149 91 77 73 78 185 11 106 131 67 101 154 110 25 147 89
119 149 178 73 11 93 91 193 82 104 23 44 199 168 189 104 56 38 191 133 170 73 186 152 175 44 98 113 56 128 176 112 147 10 95 192 47 15 40 11 72 19 72 36 165 41 52 127 188 16 128 151 197 180 25 135 14 97 190 121 45 87 27 117 65 11 194 154 163 34 105 94 72 102 138 49 102 170 10 149 21 165 179 149 3 80 42 77 110 83 119 142 109 36 50 156 64 4 190 28
58 69 156 174 9 153 57 100 103 17 1 9 157 169 144 26 64 197 35 32 145 84 189 133 197 119 79 153 85 75 80 77 119 144 167 196 198 108 94 142 192 141 13 23 149 145 196 42 19 47 88 150 160 66 164 70 108 64 37 112 57 170 127 119 127 116 43 175 123 184 191 119 43 73 67 96 21 126 184 118 148 67 5 79 36 105 125 142 116 35 9 18 142 20 82 171 154 36 130 36
23 77 80 100 139 13 173 172 48 102 99 131 7 134 124 41 196 75 130 21 7 43 34 129 107 88 128 139 140 12 135 193 86 122 200 124 160 47 3 66 191 142 6 30 16 196 33 13 1 138 97 122 157 167 122 22 149 31 91 123 176 176 73 15 27 175 141 128 141 15 80 18 82 120 147 186 25 200 65 159 174 124 85 114 156 1 31 38 138 115 109 60 77 25 126 133 72 52 55 53
63 158 68 31 54 33 85 151 97 9 79 87 190 195 189 184 145 149 193 32 175 97 142 146 196 118 111 97 126 98 159 119 40 137 115 87 150 158 13 31 79 40 28 184 162 64 163 184 124 41 147 70 100 172 195 95 80 30 3 146 131 25 6 116 74 182 37 117 136 165 112 121 88 58 10 41 32 162 159 13 119 50 20 24 130 135 62 132 186 84 65 195 62 196 199 27 94 164 66 57
49 173 7 172 74 189 46 200 191 19 79 138 7 73 190 17 190 163 41 30 85 80 93 63 86 21 2 27 25 118 8 147 20 17 8 144 199 33 58 154 156 142 151 117 127 195 52 70 162 192 16 179 62 3 114 68 175 8 164 123 107 172 10 87 17 181 88 31 11 13 12 94 151 80 96 123 149 121 9 145 98 119 107 172 79 9 179 82 31 63 42 96 190 39 159 51 192 48 110 84
147 1 78 121 132 7 5 37 47 131 88 48 13 21 168 110 140 87 44 142 23 23 161 138 49 34 153 65 95 99 150 72 76 176 131 126 165 150 31 120 139 11 115 112 66 59 92 193 171 128 197 7 170 97 84 56 20 188 67 104 75 128 120 120 146 153 52 48 104 161 102 136 81 85 84 23 160 33 137 107 194 79 156 145 146 82 194 138 87 158 73 14 90 36 4 111 91 38 134 147
49 138 95 104 160 113 7 55 99 155 171 142 18 56 174 185 168 157 64 93 6 57 25 85 159 120 71 47 90 36 63 1 30 20 78 158 112 180 10 150 119 57 174 178 200 115 195 185 114 102 163 116 132 25 140 82 191 7 106 141 49 11 126 70 169 120 98 23 74 1 90 52 138 138 54 161 1 94 128 93 167 77 117 16 72 143 122 125 182 179 15 125 64 53 24 97 101 90 165 190
63 16 99 9 182 12 174 4 56 104 91 122 92 115 75 186 176 11 46 92 192 62 24 159 192 56 138 129 135 64 12 43 116 194 29 51 186 42 68 47 44 24 15 196 74 14 63 147 68 44 196 175 2 88 192 7 30 6 20 33 94 123 197 51 23 80 197 7 44 56 173 81 180 54 139 134 38 12 61 188 39 119 101 99 143 65 137 141 174 98 144 32 48 86 98 132 107 12 151 158
9 91 66 164 129 175 28 127 52 187 96 37 197 108 162 25 17 110 156 173 129 173 64 95 104 151 110 127 146 184 49 126 154 117 142 11 111 70 87 54 111 53 21 82 17 153 57 23 158 159 68 144 157 72 68 124 26 117 19 146 183 192 97 126 140 186 129 184 188 120 161 152 5 196 177 96 15 88 192 78 34 185 76 200 158 82 128 27 123 52 20 50 34 87 190 192 147 54 169 143
64 190 102 20 147 175 51 125 92 108 103 199 89 6 114 164 122 91 34 112 85 136 156 33 156 174 164 49 7 50 62 82 106 119 116 181 187 161 196 123 82 45 200 200 168 195 138 169 14 159 67 167 197 154 9 27 90 158 21 73 45 99 76 101 161 51 159 187 9 175 58 22 10 147 186 68 100 87 130 179 135 90 130 152 20 94 173 168 118 37 103 87 105 147 87 198 14 162 158 120
26 83 193 90 177 10 115 78 11 75 2 200 59 141 106 42 122 48 190 104 44 85 130 13 81 195 171 109 15 156 26 182 92 163 6 48 159 131 174 40 56 86 159 58 40 50 180 48 89 39 186 44 126 164 45 101 118 23 109 94 73 16 137 66 38 163 130 102 77 163 99 130 53 139 33 39 130 86 38 54 160 144 14 170 169 131 76 28 177 66 20 177 106 14 198 155 145 89 185 9
155 105 188 136 1 23 200 147 101 21 32 157 112 53 163 74 166 191 108 170 99 181 142 190 71 93 113 168 197 131 129 134 39 35 130 126 123 5 149 125 146 32 28 169 87 21 37 51 66 56 64 195 115 22 5 54 38 10 91 87 23 192 165 130 47 89 70 55 196 138 150 93 2 148 11 85 153 194 175 176 86 196 197 180 49 80 189 123 58 195 10 37 13 41 190 121 150 150 77 153
199 64 189 180 169 192 75 138 169 188 102 1 139 112 193 178 98 156 169 194 192 10 104 19 184 188 17 9 87 145 162 163 5 25 173 115 163 58 162 110 154 187 84 120 162 120 84 115 50 10 183 38 125 186 127 175 42 104 73 171 172 86 166 120 173 112 115 145 36 21 148 113 190 148 37 116 2 39 19 148 49 130 21 63 160 195 102 24 136 125 151 172 11 158 110 9 128 128 95 152
158 90 4 44 53 160 130 173 43 198 87 180 48 109 21 53 18 176 178 133 174 48 86 47 3 148 45 147 26 187 115 25 101 33 149 118 135 53 17 90 171 10 96 159 54 87 83 153 143 70 162 152 112 52 127 146 99 133 125 122 45 169 180 40 44 111 29 56 34 102 139 130 133 189 136 63 133 169 172 138 31 67 16 32 183 175 26 172 84 4 137 196 34 21 2 159 193 53 73 182
124 59 175 37 13 98 78 193 6 61 10 85 128 91 98 196 20 83 172 82 11 11 123 104 118 30 78 172 150 171 137 200 142 25 147 128 188 200 121 132 114 109 25 100 57 38 35 182 52 41 64 90 42 58 75 94 15 73 132 156 134 123 106 102 139 30 166 186 67 172 136 4 95 93 83 16 188 127 89 54 164 22 108 48 115 74 24 124 194 77 194 176 44 163 21 4 62 116 77 153
168 198 28 114 17 5 91 117 198 48 94 137 24 198 20 40 138 91 56 33 27 130 103 29 48 58 104 105 67 137 17 166 169 167 30 192 20 26 148 188 13 143 76 161 155 52 178 187 146 70 119 119 155 55 178 185 130 54 121 36 27 1 17 139 106 39 65 20 143 105 199 73 185 53 162 20 117 177 190 89 150 55 156 33 56 109 169 99 109 111 124 55 109 163 53 133 38 129 16 76
72 139 26 114 147 163 109 140 191 163 108 5 85 128 89 83 31 32 107 53 27 187 162 14 119 1 142 149 132 24 183 37 190 118 51 104 109 191 57 69 95 179 61 28 86 143 104 139 35 18 21 196 200 49 113 89 85 149 7 155 81 145 113 59 39 169 32 60 189 184 22 73 41 200 184 193 27 27 42 199 140 192 190 92 49 104 74 19 47 87 175 12 174 45 14 126 60 62 130 114
101 75 124 37 47 51 88 119 4 183 150 134 65 174 105 132 141 200 25 179 103 61 4 121 190 14 25 48 28 170 174 189 37 63 41 162 29 106 52 40 16 182 177 196 5 185 7 137 181 86 74 183 87 58 22 76 127 127 19 167 60 157 154 50 85 146 51 187 155 94 87 111 7 57 158 108 4 182 72 164 66 196 73 136 94 101 157 104 121 193 63 185 111 69 161 108 80 187 77 46
4 151 47 199 170 7 21 91 154 163 99 27 179 170 175 3 3 175 80 138 131 163 79 68 8 81 35 188 4 123 32 177 105 48 175 196 122 10 169 6 140 36 70 25 168 54 180 137 62 81 167 31 93 57 11 48 164 69 152 70 71 114 20 74 110 103 51 25 2 173 155 104 137 188 164 158 41 98 38 165 44 27 192 6 37 32 22 165 106 54 10 196 60 62 146 14 165 197 117 147
75 73 47 3 178 70 91 195 154 100 192 13 38 91 10 184 95 138 176 158 78 126 9 121 87 91 5 57 67 185 103 24 131 56 2 144 191 114 158 119 129 27 21 52 189 67 68 132 76 145 124 36 51 46 12 95 141 97 86 64 47 152 41 117 200 6 128 128 22 26 94 32 43 71 116 158 156 81 22 181 136 44 150 134 28 118 199 88 144 46 171 165 94 187 110 171 141 151 47 90
69 142 96 64 113 151 117 108 25 82 101 77 10 85 73 156 62 38 181 120 44 101 58 46 82 170 192 95 159 42 95 75 27 183 177 103 135 7 9 7 87 7 150 56 189 12 10 54 12 189 158 126 104 97 100 193 31 23 70 24 25 107 179 81 138 189 101 128 21 121 198 16 79 57 30 135 83 175 58 96 194 100 71 2 148 121 78 130 174 140 137 10 107 56 41 173 122 106 99 135
39 147 87 25 67 63 61 143 160 28 91 138 59 56 88 112 134 126 147 117 21 53 19 190 199 5 177 54 139 178 79 92 139 177 107 154 140 104 171 97 113 12 143 134 110 166 98 44 193 148 161 12 46 1 186 34 39 22 95 191 116 97 76 3 146 5 197 39 3 16 78 85 12 193 30 102 56 198 75 107 86 183 132 20 192 61 100 151 66 58 63 95 153 22 165 95 167 124 196 139
6 149 75 35 164 151 114 106 9 144 86 31 192 192 100 106 18 183 145 64 1 93 154 148 176 43 33 122 128 47 84 28 31 148 144 150 11 105 21 63 152 12 168 89 66 79 180 39 123 48 190 61 110 63 11 47 98 63 185 141 83 144 9 132 172 180 119 9 185 167 187 34 149 122 150 41 121 15 34 200 11 38 128 17 160 78 36 198 136 34 67 195 145 121 75 48 192 124 163 114
137 3 58 57 134 141 85 1 29 23 87 50 15 69 195 58 194 163 62 71 78 19 63 79 143 128 104 95 125 166 7 14 66 82 27 1 21 34 130 73 185 85 126 60 94 82 54 52 64 72 14 93 6 58 178 129 78 103 88 59 198 153 56 123 136 67 102 99 99 10 61 53 171 56 186 135 92 149 195 174 123 162 8 2 125 4 136 184 173 155 61 97 96 101 7 166 167 127 97 77
21 162 173 117 64 28 128 110 46 155 46 103 30 114 148 14 93 123 34 125 73 106 7 76 52 79 190 8 76 166 150 78 124 105 140 32 188 152 169 10 5 147 153 31 34 165 113 22 193 78 29 22 19 119 91 130 151 2 128 71 188 47 32 198 118 197 103 130 169 32 56 156 24 98 80 168 102 147 176 100 175 108 9 126 116 184 89 67 111 118 21 198 64 47 128 188 112 58 115 177
96 63 130 107 64 78 4 32 45 74 65 22 176 98 29 137 30 138 132 111 55 200 57 109 11 162 111 135 139 43 78 144 110 144 127 7 62 132 153 189 66 131 188 61 96 76 155 143 120 11 172 101 100 144 115 21 10 158 4 96 141 42 114 38 191 158 79 188 175 1 50 106 16 20 154 12 53 66 46 39 116 102 42 127 107 176 142 57 167 187 104 68 88 200 97 1 116 139 104 73
110 36 14 19 57 85 35 198 82 133 44 29 115 19 36 59 52 131 185 88 78 41 44 55 145 155 150 147 169 151 137 74 15 68 90 37 156 107 44 123 71 135 46 148 193 72 167 18 45 30 169 46 90 76 114 24 95 57 113 146 105 46 154 125 178 52 61 154 151 112 47 72 161 109 120 44 2 74 78 73 175 8 55 153 151 63 58 51 48 25 196 43 176 82 150 71 56 47 99 55
80 197 99 166 48 43 164 159 33 155 125 22 29 6 89 184 127 133 48 117 62 144 20 56 113 101 197 87 96 77 28 4 191 49 132 156 135 200 57 165 109 105 15 123 190 154 199 114 75 73 157 148 113 88 181 125 183 24 101 38 8 68 125 91 151 20 6 77 115 180 53 189 57 110 69 151 192 13 182 197 187 72 169 103 18 16 85 123 97 81 165 24 18 40 171 41 72 198 169 76
57 116 77 175 66 64 192 196 111 110 171 182 65 145 126 147 200 86 153 60 7 72 120 94 86 66 18 6 25 189 139 161 12 132 51 158 57 33 120 94 76 154 7 199 41 33 74 28 105 56 63 138 24 112 157 15 154 126 151 74 169 152 165 31 12 76 13 47 155 183 145 161 48 24 116 96 134 61 151 11 188 16 109 35 180 116 84 157 49 72 146 147 42 123 91 135 66 60 99 156
42 145 51 16 17 109 169 155 174 167 2 38 111 94 172 121 69 88 93 158 197 61 172 182 30 49 177 40 173 38 172 14 181 93 115 110 196 132 43 157 97 62 147 67 74 56 65 67 74 200 78 167 190 16 139 186 3 68 14 108 7 200 36 79 5 150 200 6 111 110 169 14 7 60 182 82 42 22 55 44 50 38 174 142 149 95 5 183 15 98 97 88 111 190 65 13 169 53 125 51
46 103 120 77 16 23 150 182 193 157 15 190 165 35 198 103 143 122 69 9 58 46 32 16 9 76 2 31 14 105 92 37 108 117 60 114 157 161 146 105 103 41 87 73 157 54 145 46 169 195 149 47 59 85 2 128 20 190 33 88 107 2 49 146 5 47 89 130 4 17 76 147 136 32 120 100 50 58 178 55 172 107 104 171 45 128 181 45 196 62 91 188 96 200 34 37 155 180 124 181
70 118 87 76 147 177 198 20 117 15 89 127 66 190 163 113 14 155 117 174 51 40 5 184 179 114 66 67 3 170 129 33 94 97 65 76 123 119 5 9 34 64 179 22 167 48 117 1 17 66 79 161 74 184 117 6 89 30 64 121 2 101 75 61 155 137 47 4 114 108 98 97 22 168 188 9 58 48 46 46 158 112 70 124 31 104 155 97 193 29 134 155 123 24 127 157 156 54 115 145
8 102 181 176 4 48 125 82 32 185 47 122 79 162 199 197 178 49 198 156 16 131 93 144 182 13 49 41 13 34 28 71 100 158 182 179 193 149 100 175 170 25 56 171 195 34 135 172 129 155 149 1 35 22 72 92 64 167 119 70 29 26 16 67 24 180 75 153 56 200 102 172 131 74 93 1 124 159 100 104 15 53 75 78 184 10 65 134 100 83 74 60 11 171 21 143 121 18 178 112
167 64 163 92 172 194 23 16 20 85 62 102 28 151 111 46 80 27 14 151 10 193 160 20 92 187 62 161 1 72 21 4 166 152 41 86 43 132 138 55 67 155 188 176 13 114 158 180 192 104 66 95 188 31 17 120 40 193 119 46 83 129 135 84 199 39 55 28 178 68 71 115 115 98 54 64 153 145 11 41 80 131 142 97 8 19 183 112 167 90 143 195 27 56 50 141 5 148 86 145
51 132 118 34 11 91 9 143 87 118 31 28 196 80 103 26 124 156 111 84 162 88 76 94 64 70 84 43 129 103 84 30 50 51 176 97 85 130 61 140 177 3 32 167 141 129 184 94 77 105 68 74 90 39 200 54 125 15 184 35 95 7 39 107 129 168 170 62 18 139 63 73 101 106 20 58 42 56 62 69 116 122 139 152 62 40 198 131 47 60 32 126 160 59 47 191 13 12 72 61
42 94 108 9 96 144 16 154 17 30 71 151 179 4 42 120 51 88 68 37 123 129 82 197 26 176 98 10 55 24 93 73 59 123 27 60 183 113 147 71 165 122 135 37 82 126 198 31 30 178 142 62 153 142 150 197 41 126 63 78 52 87 65 41 49 55 78 153 113 116 26 30 30 48 176 120 33 136 2 125 38 61 30 81 194 68 71 176 73 121 142 67 41 132 198 12 158 15 189 109
91 154 65 119 120 100 125 70 12 12 41 34 29 28 176 74 130 194 156 12 112 68 48 192 110 75 162 44 65 76 82 92 168 26 149 149 103 75 143 65 21 69 77 51 40 20 93 151 130 190 71 198 184 185 45 15 75 77 6 111 58 71 183 105 62 154 10 170 180 14 90 155 4 177 178 74 107 55 193 90 177 32 43 132 123 139 67 63 12 63 150 72 108 57 149 64 142 176 77 192
47 199 110 149 40 37 83 123 2 64 129 43 135 131 28 29 73 41 187 161 114 192 104 77 55 38 120 111 67 54 95 140 93 58 117 167 101 37 191 198 76 21 42 21 165 150 158 13 168 64 141 66 67 109 135 54 57 159 191 38 95 56 94 58 55 62 185 154 31 142 57 149 120 117 144 60 64 129 33 62 166 14 50 68 10 52 189 87 141 138 117 29 194 14 115 193 57 110 196 5
126 25 55 34 166 94 21 32 30 78 187 188 192 42 184 191 148 36 103 41 12 64 76 178 3 52 68 78 84 164 8 75 94 1 30 183 28 111 140 6 51 158 121 18 128 92 131 49 169 178 126 104 43 97 19 101 41 77 148 16 25 2 24 31 111 180 96 115 111 142 159 152 19 182 26 149 101 103 28 108 64 51 64 13 170 85 57 178 186 109 32 178 172 54 161 33 178 172 154 80
31 90 193 89 171 177 44 47 45 131 177 19 79 4 143 49 86 11 77 164 6 94 106 43 102 165 42 111 13 119 151 136 10 163 177 151 27 172 162 125 188 99 68 124 27 144 31 145 108 71 100 38 182 21 5 116 97 22 5 121 15 17 33 184 77 49 68 89 193 12 156 197 167 17 137 168 100 78 53 30 176 77 51 112 115 168 18 5 63 168 177 35 176 66 21 65 49 125 94 29
148 108 42 104 184 163 59 118 174 7 126 189 147 6 22 158 65 172 49 1 188 8 71 26 176 67 133 88 147 79 64 130 71 126 121 56 112 48 45 53 142 158 81 182 98 155 75 121 2 25 80 196 32 168 34 5 98 5 156 60 23 7 2 199 142 33 15 41 107 120 99 127 181 187 115 84 108 86 66 64 195 32 142 79 192 66 73 47 107 54 41 67 32 51 92 44 196 185 182 177
92 21 104 170 40 23 8 169 121 57 61 44 35 184 27 152 105 114 145 74 190 30 94 124 74 110 9 9 122 70 109 87 136 31 178 100 59 107 149 120 13 190 105 184 192 138 198 42 107 72 124 128 142 15 15 92 79 192 100 132 181 1 185 158 61 111 42 7 131 107 101 75 19 168 53 88 120 121 154 182 199 63 17 169 141 111 75 148 168 11 194 53 127 57 6 19 4 102 92 167
51 32 186 48 124 110 141 180 77 56 83 11 187 8 129 141 197 64 101 12 91 21 98 75 184 102 50 7 167 62 86 139 199 196 44 54 108 106 149 121 103 60 190 26 48 145 58 72 53 13 69 176 95 145 34 50 91 76 6 32 74 18 3 172 57 26 144 167 92 165 182 18 14 12 115 192 168 151 109 169 59 12 172 130 106 156 64 185 42 4 112 121 93 165 151 198 68 24 137 31
171 197 94 176 35 103 127 99 107 101 194 116 42 191 122 105 120 189 30 39 198 143 43 163 90 171 118 54 61 81 102 182 94 195 7 45 200 199 120 9 178 35 139 170 111 137 85 44 178 169 186 52 12 95 100 183 86 66 77 67 123 84 157 190 10 5 43 122 80 71 142 27 96 145 143 121 18 98 135 1 76 63 161 12 58 99 199 105 85 131 112 184 44 155 181 22 145 189 23 158
25 102 155 177 94 135 197 148 94 121 30 81 198 6 38 43 131 67 89 112 101 78 31 3 146 184 63 10 46 15 179 10 1 151 193 116 190 194 44 34 112 135 77 32 28 197 24 156 74 106 100 64 34 132 61 17 65 119 152 66 149 197 120 109 184 144 5 75 183 161 38 72 106 44 142 188 33 133 84 35 132 58 197 114 95 119 81 99 21 20 105 169 99 156 166 55 65 38 62 57
49 128 98 124 45 91 50 1 77 59 30 60 161 15 149 122 126 108 199 33 103 132 132 137 101 102 39 114 17 188 131 90 163 28 18 121 135 177 57 70 61 150 32 11 98 94 50 165 123 57 59 176 13 90 155 11 114 110 188 38 161 83 136 76 190 199 98 87 80 168 53 57 134 132 195 127 184 186 138 117 173 108 133 37 132 125 89 38 151 107 76 142 166 13 13 36 153 198 128 9
122 116 99 130 187 193 29 20 17 169 185 158 9 183 45 43 89 14 151 173 41 176 112 169 197 194 30 187 26 49 197 173 59 195 116 99 118 12 46 66 59 78 125 107 84 77 8 23 54 4 195 44 40 14 54 158 13 199 76 95 147 101 134 189 59 8 179 197 176 175 156 48 141 177 69 62 66 139 70 22 161 4 130 105 103 150 78 83 156 49 54 78 8 134 33 27 185 70 91 39
177 16 70 140 36 119 35 134 40 1 35 170 24 101 50 112 63 95 36 60 88 147 136 68 15 183 179 145 157 42 183 10 25 138 128 82 153 8 148 173 137 149 25 43 34 177 61 96 63 21 10 88 107 41 84 14 74 90 81 146 5 95 22 150 103 144 100 62 175 167 142 14 12 170 80 55 59 170 149 32 174 175 147 21 83 81 38 111 168 35 28 130 50 170 162 132 77 18 82 91
155 3 165 100 176 177 21 89 184 14 109 1 19 95 78 74 3 100 38 51 85 99 112 187 91 35 111 38 11 87 15 87 49 71 172 146 86 45 53 200 16 150 157 188 193 103 44 76 110 177 16 134 109 7 67 192 154 63 123 162 114 15 50 65 80 146 180 69 28 80 181 139 55 116 150 139 144 7 40 83 42 131 78 128 152 184 16 121 164 61 161 83 178 66 81 78 178 64 20 6
112 143 133 145 174 139 79 61 65 62 86 27 138 78 113 193 66 167 54 187 154 138 41 147 142 166 148 77 193 29 29 197 102 194 91 106 127 199 44 2 35 105 147 195 188 58 31 12 4 35 72 68 189 121 135 110 46 142 90 26 26 58 6 82 171 124 75 84 87 24 192 142 185 197 51 182 128 147 167 15 115 105 42 8 79 112 198 123 161 91 66 81 107 25 27 148 177 181 61 69
90 165 100 176 56 171 122 62 13 153 108 183 53 35 167 199 112 189 195 194 71 119 109 96 61 159 111 138 108 75 183 71 188 49 144 113 79 175 99 50 78 200 46 31 111 18 72 170 34 73 124 37 194 114 84 5 148 176 186 191 16 115 51 56 12 171 107 85 112 166 190 67 168 66 34 148 158 156 5 109 153 63 89 117 43 86 84 97 143 153 31 73 194 172 60 98 51 185 145 63
52 99 197 191 142 3 99 30 87 191 65 52 61 107 25 112 191 22 44 81 52 102 17 180 41 77 60 42 107 38 46 121 60 106 59 104 66 183 68 61 25 123 181 19 91 64 20 147 191 163 116 154 138 176 15 19 8 167 10 46 159 139 166 40 59 99 80 63 128 67 95 79 121 158 88 20 186 28 23 152 16 11 140 26 88 70 154 197 78 82 168 39 45 13 29 55 101 102 160 96
195 189 137 177 55 169 153 97 137 55 42 89 183 90 164 135 97 72 103 85 95 183 129 67 199 128 58 57 156 148 2 80 187 199 91 80 146 82 90 66 2 161 35 95 80 184 195 48 125 56 123 13 194 14 37 2 163 80 180 122 20 101 91 177 136 152 73 122 88 47 3 82 189 172 200 187 68 37 14 171 46 141 10 81 26 3 6 171 177 164 62 53 14 119 24 5 197 128 25 115
152 92 6 28 133 60 44 160 168 92 20 144 91 150 141 97 116 182 74 196 171 126 142 181 130 145 51 141 154 159 67 159 4 185 138 52 78 107 140 124 172 85 83 196 84 54 154 68 179 192 108 135 177 163 172 78 142 19 2 146 25 103 97 59 149 131 116 166 61 167 196 184 8 187 165 156 61 5 56 18 176 67 185 144 119 106 82 14 121 198 79 7 187 169 139 91 106 179 60 133
95 86 105 23 138 46 48 180 85 96 34 108 4 194 150 62 143 23 21 74 158 38 199 37 39 157 111 155 159 53 116 159 147 189 48 132 135 10 80 86 35 190 100 64 146 69 86 155 90 169 3 174 19 58 180 144 106 1 148 154 76 26 71 161 200 36 108 90 36 94 30 29 169 196 34 100 98 128 174 176 92 4 149 131 165 131 168 136 67 66 131 153 40 4 30 15 152 9 170 23
125 18 177 3 103 116 101 155 161 1 167 110 156 118 81 107 158 86 37 195 113 48 56 144 180 33 147 122 125 136 102 26 200 128 122 176 58 53 123 163 127 116 98 126 2 191 15 55 185 50 169 137 174 110 2 142 142 129 108 24 190 101 47 108 12 36 139 1 135 19 79 95 51 5 121 181 43 159 63 86 114 148 110 117 78 18 168 74 1 84 4 187 81 192 4 33 165 122 174 23
30 149 2 23 169 143 157 79 175 154 167 100 78 151 125 101 44 116 124 154 200 41 81 20 41 98 23 55 144 199 19 42 140 40 22 81 69 7 111 106 51 77 19 2 66 191 58 7 118 82 55 173 183 53 6 61 37 68 149 177 111 187 125 27 56 28 141 181 74 109 140 131 30 89 71 156 104 2 102 196 1 109 108 83 112 36 63 7 181 93 23 134 193 122 67 99 172 131 142 10
173 195 94 75 78 187 140 144 181 145 109 109 158 54 192 18 79 80 188 83 26 48 85 40 114 156 169 100 103 147 185 135 132 135 5 16 128 177 56 195 137 198 200 39 27 54 162 191 150 51 98 158 34 107 101 164 122 55 115 97 181 61 154 68 93 89 168 142 84 51 166 27 48 38 49 126 174 25 99 42 162 91 138 151 29 182 125 188 37 151 99 80 24 91 16 152 96 79 198 54
15 68 67 115 129 9 144 99 152 90 26 136 125 190 154 76 19 89 40 74 59 53 92 137 167 106 34 157 32 157 37 172 89 36 65 33 44 155 140 146 199 112 116 76 75 49 90 141 45 180 138 54 174 7 194 64 9 103 33 196 193 191 150 55 8 153 93 123 186 7 198 118 14 146 179 35 40 8 64 121 84 171 112 143 34 104 67 132 128 29 190 168 25 127 107 167 176 122 12 26
56 134 75 174 19 181 28 106 57 21 81 186 133 102 68 30 69 170 85 142 21 16 27 166 30 75 84 59 16 111 36 156 173 82 30 130 8 70 61 25 146 161 108 108 148 72 133 18 42 6 170 13 57 5 6 97 26 157 47 159 144 152 92 48 89 136 144 182 188 152 143 168 104 35 89 129 69 178 86 60 47 145 28 195 95 3 144 66 200 16 126 3 156 28 112 162 174 195 135 26
88 7 198 183 57 88 165 103 110 174 149 189 2 115 111 162 169 15 61 136 63 54 3 171 95 20 181 163 149 65 61 125 3 152 98 185 135 145 147 171 1 105 162 75 155 38 169 51 190 194 143 171 162 51 88 168 75 144 110 90 176 34 85 152 170 19 10 194 16 19 153 85 64 125 115 147 115 146 2 97 59 139 125 172 51 167 63 125 138 121 152 93 64 175 116 192 90 39 129 165
182 152 142 52 171 81 104 147 195 47 199 157 129 121 178 100 54 73 191 24 185 92 14 116 36 155 74 111 92 21 150 120 198 21 12 119 192 197 69 84 161 198 62 182 145 42 75 39 85 48 172 72 25 58 112 83 139 56 86 111 86 7 87 149 7 100 138 48 45 21 191 182 51 181 55 193 91 94 77 127 163 136 158 129 23 13 122 166 181 174 72 127 185 180 43 186 91 145 38 50
135 11 79 41 117 17 14 36 64 27 123 12 188 44 19 37 5 127 104 22 88 70 3 81 67 183 93 130 49 164 178 80 61 56 6 28 85 4 42 58 5 199 117 24 142 26 16 144 102 64 151 196 113 197 131 192 59 169 116 164 194 31 99 151 125 79 163 182 41 29 53 27 19 196 117 181 24 51 161 140 108 147 99 44 118 129 195 165 28 93 67 113 118 12 136 4 134 144 67 128
153 126 127 103 175 15 171 150 57 107 80 11 125 77 83 174 111 105 94 55 153 107 173 184 108 160 55 123 87 161 158 199 146 67 195 58 124 117 170 93 162 118 54 167 113 197 188 64 67 168 99 6 55 51 174 72 96 181 12 119 24 88 9 177 75 38 150 158 33 134 149 126 78 40 83 89 192 131 124 165 132 29 111 178 151 192 18 158 50 143 192 52 150 92 147 61 185 130 106 84
107 52 198 56 19 167 11 131 64 140 165 38 176 119 107 188 89 34 25 156 22 198 93 14 163 69 125 117 151 36 146 61 139 87 114 77 94 19 25 56 192 34 102 20 180 35 189 123 125 36 156 66 121 84 107 59 61 42 184 32 79 195 121 103 159 66 143 18 192 70 5 165 41 173 74 171 83 192 40 82 174 6 142 111 18 89 85 59 144 153 183 2 17 158 132 90 118 58 133 99
99 120 197 69 82 103 28 40 19 170 108 166 200 158 126 49 117 57 78 177 155 113 106 168 126 116 26 81 32 143 91 76 102 97 149 1 45 77 8 23 48 159 82 19 75 30 164 124 5 183 89 79 189 62 110 136 64 28 34 24 177 185 87 124 90 104 90 42 110 69 86 167 50 28 200 109 109 22 70 116 79 61 92 168 65 17 149 155 168 103 70 106 146 124 17 78 15 2 144 119
193 128 128 54 132 59 157 47 89 179 186 167 171 14 18 78 156 143 114 140 77 191 62 70 61 179 155 179 34 174 125 113 115 10 15 176 4 134 158 22 95 142 163 149 71 119 197 41 169 11 86 6 93 34 198 120 178 20 17 37 178 155 158 33 14 152 135 24 182 3 13 192 101 63 49 99 166 54 44 141 182 28 102 129 18 135 173 3 166 69 176 78 161 169 110 29 17 184 179 164
29 26 179 53 100 196 47 49 175 176 54 166 176 26 67 88 86 120 117 130 110 97 107 98 173 199 114 138 119 126 146 2 49 105 16 158 37 153 156 191 146 194 75 161 190 58 60 175 6 169 62 180 98 11 80 70 198 172 45 18 169 142 25 155 28 133 169 171 59 78 41 170 139 65 177 77 153 193 107 186 8 111 168 157 180 110 10 168 98 110 108 88 184 89 130 78 52 53 15 131
192 129 198 177 9 89 162 166 168 140 118 177 10 56 126 133 95 189 174 196 164 134 154 143 63 67 172 101 45 2 57 62 180 74 30 116 120 117 196 44 138 161 56 133 147 112 192 154 136 41 145 88 61 153 10 44 67 60 173 184 80 92 57 59 142 174 101 74 181 75 90 164 34 50 175 87 126 77 154 8 32 55 133 36 159 11 10 200 76 78 166 161 67 39 51 76 189 73 16 149
19 6 144 143 45 98 134 76 189 163 10 101 94 29 93 150 161 85 86 186 185 27 131 137 102 186 6 1 22 41 198 123 50 171 13 191 82 153 168 159 69 162 41 160 63 41 153 13 133 137 197 59 1 52 125 68 41 12 176 157 135 46 149 12 116 54 113 39 134 142 49 90 119 27 23 78 198 83 107 170 132 195 153 134 12 2 98 155 61 72 71 158 143 15 91 169 92 107 84 150
181 19 78 199 14 76 72 101 181 100 111 159 121 140 149 175 100 148 114 20 93 105 31 102 191 92 40 18 119 74 25 156 141 43 100 30 104 194 122 52 86 91 12 192 154 76 159 25 133 103 85 58 7 39 32 57 172 185 2 52 8 102 188 173 106 56 76 55 108 176 48 37 86 128 195 12 61 163 186 161 32 191 116 117 173 49 52 50 200 134 171 98 24 52 24 143 54 136 70 63
144 162 46 134 153 80 88 145 118 152 192 153 140 131 50 187 37 99 180 19 107 63 200 17 128 200 151 29 198 76 193 64 120 160 113 194 190 14 41 53 117 105 100 147 171 161 49 130 190 1 79 143 88 22 106 61 51 67 198 146 148 37 22 51 90 133 173 154 158 54 135 42 39 35 7 199 195 175 36 194 127 118 184 21 28 86 197 97 43 95 154 62 84 179 182 15 156 99 33 162
82 11 14 168 30 24 146 98 123 153 127 85 186 32 172 28 19 48 26 130 2 79 192 148 13 190 102 29 110 99 132 166 170 83 111 169 140 107 184 95 133 191 150 10 14 115 122 11 63 162 166 62 48 160 9 75 180 40 45 183 35 105 34 106 167 173 43 35 91 83 50 171 126 84 133 189 21 174 62 147 124 54 5 147 30 44 66 46 148 102 46 115 14 161 137 169 117 170 133 37
184 21 147 87 23 54 144 145 98 119 129 189 36 191 98 129 151 195 63 25 187 162 135 120 118 4 184 126 179 170 155 4 189 132 153 160 32 124 125 66 64 63 182 80 33 136 161 194 106 129 76 195 178 138 196 121 22 30 7 88 100 183 91 27 113 38 180 88 119 42 141 162 156 128 67 138 76 81 171 65 30 18 53 188 4 29 181 164 164 74 114 30 96 56 45 182 58 61 5 190
21 66 157 32 165 149 91 44 85 64 163 189 83 124 36 54 154 3 61 68 189 79 3 106 123 169 104 111 184 121 15 190 88 36 126 197 192 193 43 84 133 156 58 111 89 170 200 111 121 66 68 68 100 81 125 147 3 81 82 63 112 106 160 120 62 69 44 96 137 86 148 11 133 20 168 185 183 62 61 160 55 103 124 66 32 31 102 50 143 136 184 96 162 55 98 62 198 173 172 154
59 81 46 14 128 34 180 147 3 63 57 38 114 90 124 196 27 140 54 126 46 75 16 166 166 139 102 167 22 8 115 1 108 47 119 86 27 62 129 46 53 86 179 117 143 120 142 32 77 157 83 24 147 97 99 108 35 140 30 9 189 43 189 146 119 126 147 159 106 174 80 147 82 11 41 162 37 29 72 104 137 19 162 69 181 57 141 166 44 15 48 71 7 122 143 36 171 193 121 63
86 155 59 164 140 54 192 178 57 6 24 114 72 130 66 74 75 113 135 13 65 143 161 48 158 172 100 29 126 87 90 29 29 88 109 44 164 37 182 180 142 72 84 31 87 181 165 57 96 20 134 91 177 142 132 91 83 199 55 169 139 111 76 191 49 189 152 40 122 4 147 41 10 164 99 43 84 139 100 30 22 100 92 106 109 100 161 195 85 42 123 85 51 1 158 48 89 70 177 171
193 5 181 154 18 95 46 7 87 25 81 68 181 94 148 59 150 183 88 63 68 156 122 189 179 131 100 115 167 22 179 102 173 94 171 68 96 111 181 42 130 118 163 176 161 66 52 101 26 188 101 163 152 15 109 31 144 89 126 20 17 50 28 100 166 70 76 7 192 168 58 155 135 62 140 69 3 23 37 58 106 191 100 130 125 44 173 169 124 34 29 54 94 69 170 129 87 37 4 89
148 200 117 41 185 121 191 69 41 154 61 113 165 28 106 17 135 144 190 50 190 63 92 2 22 9 2 9 79 45 172 85 172 186 37 125 58 134 70 84 71 142 21 6 35 157 80 154 85 28 26 12 25 159 117 33 98 64 112 42 139 14 186 62 68 59 74 7 139 36 52 14 85 115 67 187 154 131 85 48 80 11 152 73 123 67 15 178 84 154 189 33 192 68 99 38 179 133 81 44
68 95 97 83 78 4 63 60 11 120 120 120 68 134 162 102 23 54 200 114 139 99 20 150 192 85 195 168 186 77 170 44 118 84 6 13 126 163 19 98 105 196 72 14 194 82 194 103 89 23 36 9 151 184 20 174 199 27 80 132 144 36 155 199 133 20 153 11 151 173 106 77 137 13 70 99 29 168 194 189 59 193 37 87 175 116 36 93 130 108 71 48 127 90 99 64 3 143 13 169
69 77 30 130 30 188 83 185 196 38 27 26 149 4 66 117 3 126 11 119 131 98 175 179 74 55 40 196 151 159 152 107 60 29 146 32 164 9 17 8 88 182 200 143 184 17 71 86 170 199 58 1 112 66 84 171 130 18 130 3 84 134 93 89 183 131 28 135 30 134 174 25 152 81 8 180 7 164 90 6 5 4 158 190 63 191 124 133 190 190 38 195 150 185 119 81 5 96 166 92
163 37 170 168 71 146 100 174 41 161 179 132 127 155 59 97 110 199 166 32 119 70 99 12 169 71 95 23 1 139 135 162 82 85 83 44 145 48 70 100 40 195 124 29 117 23 125 96 104 130 168 185 12 174 104 160 173 193 18 157 191 14 98 116 83 149 132 164 2 21 184 190 92 186 31 126 147 30 182 166 5 176 135 70 57 104 78 70 22 48 176 107 70 182 65 166 145 102 117 108
86 100 196 189 155 126 111 116 100 150 170 196 68 197 75 198 39 50 102 148 153 114 10 42 9 180 167 124 29 198 164 44 170 176 89 190 120 7 163 151 189 167 134 189 171 191 36 96 137 99 155 157 124 16 194 7 75 50 135 120 139 15 161 45 57 6 114 4 87 189 128 29 200 180 67 178 58 33 162 12 97 45 3 114 110 72 31 49 48 12 96 125 101 136 73 38 88 160 39 132
10 56 91 44 56 158 171 114 179 44 196 112 61 7 7 76 77 108 140 192 163 192 139 80 31 92 52 25 187 65 109 170 177 98 184 103 73 100 89 27 15 17 151 173 53 8 114 154 26 155 165 63 92 163 153 56 11 38 158 2 59 90 14 134 13 5 11 176 134 76 190 23 6 8 171 64 125 12 110 29 106 18 76 37 167 113 164 59 157 46 152 17 4 81 32 149 16 91 117 75
86 186 77 129 87 106 106 43 79 193 140 186 176 166 75 110 6 70 155 106 26 133 72 16 159 48 137 123 152 48 104 74 112 3 33 51 162 155 104 182 177 128 115 177 198 106 154 198 26 111 32 186 92 133 77 126 15 130 152 115 25 55 48 158 25 47 191 137 82 80 56 137 19 9 6 41 130 3 109 49 125 193 39 124 32 63 97 27 127 164 49 24 118 42 103 128 146 185 126 188
22 33 91 65 147 84 138 115 173 199 90 100 39 140 28 146 79 167 200 200 145 143 98 173 8 103 128 116 188 99 200 95 128 184 16 104 189 67 169 200 95 156 38 151 179 32 28 182 35 190 162 115 103 49 136 44 40 74 144 128 59 122 158 128 31 32 8 76 144 89 18 61 190 100 126 94 129 89 60 146 87 141 34 29 31 135 124 78 86 155 97 177 196 86 44 8 36 35 111 8
103 25 54 39 32 52 131 7 32 74 122 114 132 116 13 119 195 185 123 99 99 61 82 133 165 129 190 47 168 117 19 193 78 16 169 133 25 179 154 30 120 31 174 128 108 196 137 120 151 185 174 32 1 168 107 180 22 69 95 62 161 152 137 128 96 192 114 20 65 12 147 109 21 185 122 9 179 193 21 95 17 128 188 95 53 48 56 184 105 197 9 181 113 129 21 174 86 138 14 33
74 166 61 199 127 146 137 101 111 16 109 178 4 133 180 16 111 29 39 78 88 5 190 84 198 7 160 183 30 26 26 10 200 85 147 108 142 79 49 20 153 29 66 81 130 123 70 174 32 74 174 187 52 58 155 46 49 59 119 36 26 50 199 10 88 152 125 109 88 25 187 47 168 17 31 75 70 170 156 70 155 7 26 148 20 61 70 193 66 82 71 63 87 95 88 109 100 86 133 160
74 76 102 131 82 161 34 43 184 40 95 44 2 106 172 121 119 167 150 103 104 166 169 134 158 128 21 187 134 61 35 91 139 95 31 55 198 16 144 94 24 8 63 26 167 144 199 23 137 62 58 69 19 55 103 11 56 117 30 34 81 75 123 138 24 22 177 120 174 171 71 103 189 46 165 173 70 155 169 195 74 126 128 144 58 194 64 80 186 81 108 100 131 198 188 155 77 48 142 162
139 141 113 166 39 47 54 101 92 63 105 153 16 11 52 175 184 138 120 152 20 128 102 76 11 73 134 161 181 21 74 101 200 167 142 179 151 31 15 21 92 154 10 103 120 101 95 76 148 197 175 180 112 51 60 99 87 6 20 132 139 125 68 125 61 197 84 165 147 148 22 35 192 34 74 74 168 133 10 157 176 145 163 2 26 25 68 34 155 28 32 21 16 174 78 137 11 90 139 32
186 3 23 35 108 107 185 169 83 127 192 191 104 149 197 82 48 127 119 96 156 191 55 72 189 169 56 167 1 49 43 42 107 128 89 95 13 187 47 23 167 183 178 25 160 81 139 4 180 139 150 128 45 189 171 161 200 174 189 4 107 69 153 198 51 114 158 148 70 33 71 49 185 156 164 110 156 123 122 33 48 98 96 191 199 4 157 110 107 90 122 5 12 90 77 22 54 147 145 158
78 30 28 187 196 79 8 116 102 164 60 162 137 137 62 122 80 71 54 108 148 34 35 41 143 129 40 109 127 42 77 74 13 151 12 166 196 82 58 118 149 147 41 182 16 94 59 108 164 110 117 173 41 53 33 160 141 162 82 175 22 89 145 48 112 107 48 147 139 45 106 159 61 64 95 35 163 101 57 46 42 45 140 152 60 54 12 121 97 37 154 38 119 77 65 159 161 78 189 51
