10 	
11	12
1	88	3	398	5	
1	90	1	138	4	
1	28	5	502	5	
0	43	4	949	6	
1	4	2	302	2	
0	92	9	805	9	
1	14	4	1062	2	
1	28	4	514	7	
0	82	1	350	9	
0	73	6	890	9	
54 164 146 192 187 36 138 12 40 117
128 93 115 174 95 136 68 49 92 150
114 199 82 85 194 145 134 87 145 62
195 130 94 70 58 141 127 44 163 94
147 172 36 11 2 95 138 41 182 12
51 61 107 75 60 52 50 80 162 30
51 85 148 58 62 40 190 77 140 110
79 139 173 125 24 80 71 184 167 5
32 42 51 181 102 123 116 50 156 95
92 138 4 131 76 86 172 66 54 78
138 47 39 74 82 16 106 66 132 85
