20 	
30	57
1	78	5	31	1	
0	47	1	478	1	
1	15	3	161	5	
1	23	9	459	1	
1	41	4	298	2	
0	78	2	14	2	
1	88	9	338	8	
1	61	5	160	3	
1	87	1	152	6	
0	62	6	89	1	
1	47	1	110	5	
0	85	8	443	1	
0	87	3	277	1	
1	7	6	284	3	
1	90	6	506	5	
1	2	3	140	7	
0	76	6	156	7	
0	3	2	59	6	
0	2	1	99	2	
0	40	9	171	5	
68 77 180 156 170 134 31 13 61 85 83 132 169 125 31 31 16 193 192 180
37 82 151 74 87 177 44 22 117 88 128 141 157 165 90 128 17 93 39 181
159 150 21 189 132 67 33 98 175 21 99 183 187 167 77 153 176 35 137 181
178 19 129 166 20 119 100 151 147 89 92 52 117 160 49 156 103 157 3 117
12 120 167 191 33 198 106 141 20 170 185 5 154 63 171 104 80 179 79 29
101 107 67 38 56 90 174 49 99 127 17 11 191 76 135 176 27 77 116 70
49 82 95 7 141 161 64 17 158 82 67 187 148 144 146 25 110 113 53 169
12 111 196 188 104 173 177 129 12 136 52 76 170 63 135 25 85 164 82 28
131 154 186 144 176 130 29 169 122 70 28 179 178 140 165 65 129 56 87 132
193 121 27 11 187 196 58 99 180 152 174 139 55 170 58 135 133 39 33 162
136 40 62 40 28 114 134 170 166 196 95 72 162 109 107 18 145 18 130 104
124 22 106 19 24 84 5 142 86 147 144 53 88 148 121 69 102 28 31 68
49 101 83 13 66 113 92 41 131 79 101 65 17 1 74 156 158 145 118 85
151 15 103 102 198 64 171 113 47 150 62 102 172 62 16 162 196 152 159 130
21 126 176 73 86 155 200 141 70 85 152 120 92 40 124 103 113 40 193 23
195 177 16 142 45 157 37 24 150 198 72 74 183 103 20 178 85 12 81 141
166 47 6 3 155 100 155 193 17 76 79 146 45 81 125 112 103 159 63 32
179 99 37 198 49 88 125 193 180 100 152 119 156 90 111 15 87 126 147 125
112 158 31 151 73 197 114 151 141 129 81 68 78 37 129 191 22 39 173 112
163 81 198 195 108 159 25 9 1 65 158 84 184 180 14 198 131 131 10 130
56 87 33 149 188 73 104 166 100 93 89 26 166 151 173 113 124 41 160 117
