50 	
55	70
0	7	4	10	1	
0	3	6	15	2	
0	7	4	66	6	
1	5	1	231	3	
0	9	8	203	5	
0	5	8	198	9	
1	4	9	136	2	
0	2	8	55	6	
1	4	6	196	4	
1	2	6	177	5	
1	3	2	82	9	
1	5	3	175	4	
0	2	5	174	1	
0	4	6	225	7	
1	3	6	220	6	
0	4	7	204	8	
0	5	1	67	3	
1	3	6	45	1	
0	6	3	178	9	
0	9	9	25	6	
0	4	5	12	6	
1	5	4	103	1	
0	3	2	48	1	
1	5	8	151	2	
1	3	6	105	2	
1	3	3	189	1	
0	7	7	39	6	
1	7	3	79	6	
0	2	3	6	5	
1	4	7	193	4	
0	4	2	97	6	
1	2	6	55	8	
0	4	4	186	6	
1	6	9	72	2	
1	8	3	24	7	
0	2	6	64	6	
0	5	1	92	1	
1	5	6	223	5	
0	3	2	34	1	
1	6	3	30	7	
0	7	1	24	2	
1	1	5	12	1	
1	7	6	54	3	
0	5	1	8	7	
1	9	8	175	8	
0	9	3	96	4	
0	1	8	128	2	
1	7	4	168	2	
1	7	1	154	6	
0	1	3	107	3	
186 191 3 135 115 141 152 65 41 125 193 40 40 7 96 123 32 101 162 36 149 74 43 37 1 17 176 30 196 191 130 35 123 66 48 166 107 88 170 170 76 93 63 186 9 8 8 89 162 94
115 73 192 24 66 146 125 77 123 191 76 123 64 114 7 76 23 7 106 171 103 189 175 13 92 72 62 196 118 27 67 132 186 80 5 190 39 60 166 17 105 155 83 188 53 136 97 50 192 18
52 55 144 145 40 136 64 16 26 106 27 71 22 52 106 196 113 170 94 160 163 24 126 194 89 48 81 48 140 100 97 171 46 175 122 135 50 68 164 99 56 21 156 134 172 62 153 136 4 111
49 176 39 135 192 110 61 99 8 124 48 62 145 5 78 178 43 10 33 125 19 24 65 159 41 26 48 25 183 22 173 173 115 5 111 106 148 190 141 160 109 90 58 155 99 162 149 68 61 173
101 11 147 86 89 99 129 139 32 115 55 140 165 68 134 68 73 9 174 170 79 95 194 157 161 12 127 25 193 80 28 70 42 44 159 172 27 110 148 18 153 97 135 173 85 67 133 52 23 63
90 128 15 36 125 161 40 140 155 186 118 77 32 98 7 4 149 140 100 72 16 153 55 114 42 52 51 150 66 126 188 41 149 25 187 186 31 102 47 34 11 77 160 24 183 172 100 102 113 44
156 152 62 112 62 48 111 189 75 70 15 40 86 166 78 33 103 42 192 78 179 122 94 5 138 68 43 148 162 110 90 98 117 94 26 8 97 19 35 136 99 165 54 90 174 199 127 73 126 49
109 165 146 55 113 167 95 47 129 189 118 190 173 52 2 46 24 71 197 175 26 178 24 80 18 6 9 144 153 141 125 23 198 46 185 187 120 116 175 119 166 156 121 68 107 137 49 196 131 54
68 12 88 176 88 160 84 115 18 56 7 73 144 24 188 28 24 140 174 80 94 155 68 171 36 196 104 1 182 23 26 82 26 174 113 4 70 95 7 132 146 120 171 31 153 94 116 169 41 42
129 49 109 49 35 172 30 117 50 109 1 85 73 95 157 185 181 115 2 121 77 109 121 35 133 103 106 51 67 144 79 6 44 126 115 105 11 40 193 94 144 94 17 12 5 165 56 64 128 103
11 178 7 192 164 100 149 166 25 8 1 137 99 115 97 176 55 99 163 145 171 7 156 193 40 193 42 137 168 57 73 192 73 165 111 186 39 161 112 133 122 91 114 60 75 40 130 162 8 185
125 136 29 161 129 94 147 94 50 118 103 84 103 189 130 173 137 82 76 5 123 67 122 162 148 194 146 103 191 171 72 21 73 174 17 112 28 77 172 19 106 104 59 190 25 150 186 98 163 57
34 131 39 6 130 1 140 134 16 168 198 22 135 53 87 152 175 7 44 194 148 80 178 168 13 133 45 73 150 91 83 192 131 173 67 182 135 24 179 49 17 150 118 198 87 2 34 19 38 111
72 152 74 174 174 185 188 165 74 80 106 58 14 7 54 96 119 43 139 179 167 134 141 51 69 63 110 140 88 40 157 165 160 57 64 81 186 26 30 58 15 12 59 159 13 2 113 153 137 122
159 153 51 97 99 90 47 137 27 75 121 100 114 131 119 52 112 39 8 196 172 84 20 177 173 33 176 192 108 177 90 126 71 52 147 69 140 104 192 191 179 24 125 144 130 82 183 112 1 160
137 112 15 158 181 11 68 150 130 132 137 97 125 75 8 175 71 45 166 144 80 131 86 179 145 112 80 176 129 195 84 92 7 148 117 36 176 75 14 97 150 121 110 19 3 41 118 97 53 164
128 71 32 172 140 110 19 95 112 183 79 8 178 116 22 191 155 110 193 96 165 90 131 80 5 93 80 62 43 121 115 68 122 176 60 60 21 174 157 123 132 49 179 92 38 155 136 179 46 89
155 14 155 16 75 43 108 169 179 10 167 131 128 56 96 158 80 117 200 113 109 194 124 109 21 154 164 58 23 145 93 155 14 77 134 30 69 126 48 94 26 176 91 118 8 43 71 98 164 164
22 177 49 60 63 66 153 54 194 116 56 99 65 186 39 165 19 3 18 178 78 11 47 99 86 169 134 76 75 176 89 173 91 122 180 108 61 161 196 74 29 176 103 21 122 86 5 44 86 86
35 184 198 7 142 142 13 29 113 2 96 106 183 155 68 15 20 91 81 142 41 46 162 138 37 181 176 22 48 43 26 102 26 173 187 31 18 59 177 88 181 29 20 186 134 57 141 1 83 122
21 94 80 70 75 167 1 18 33 95 35 17 112 179 176 48 93 97 164 137 116 144 67 196 78 177 162 192 96 57 114 153 173 127 56 6 120 11 167 198 118 176 33 92 54 59 181 174 176 182
123 84 89 57 164 191 126 54 182 139 47 156 77 149 122 181 54 38 115 117 18 117 64 111 113 134 148 6 110 5 116 62 140 9 30 130 2 194 197 41 200 32 182 168 54 189 196 114 139 31
167 191 49 36 89 148 138 77 84 9 136 191 167 127 28 2 110 91 118 140 120 149 13 111 25 81 132 132 95 116 52 196 158 29 7 35 39 3 80 90 67 148 136 30 135 188 53 51 4 122
71 86 105 58 150 21 169 142 112 194 164 173 182 162 141 197 3 82 143 168 85 149 9 75 60 100 121 139 27 150 22 4 101 112 162 147 44 97 43 34 124 5 26 104 176 73 126 70 19 100
169 13 107 14 7 43 99 25 26 76 37 52 125 105 110 140 66 59 86 87 9 80 169 164 169 186 142 163 50 68 21 129 106 64 129 15 180 162 75 77 171 168 143 54 105 37 52 98 58 192
104 164 46 188 86 197 37 158 178 150 5 132 116 151 120 130 140 7 95 119 50 42 114 182 28 101 137 16 35 179 190 104 186 103 180 62 81 71 191 13 170 85 137 28 176 153 130 121 150 75
83 15 29 143 26 105 65 191 111 108 66 123 118 26 189 190 127 14 108 6 160 84 109 60 80 95 170 131 97 190 122 90 2 181 27 5 1 166 29 199 80 87 149 63 104 194 52 78 143 170
155 167 53 104 57 99 77 193 93 53 88 68 147 33 165 67 164 50 190 56 136 45 197 139 72 80 67 140 67 151 82 118 60 73 12 110 162 111 81 30 112 168 69 116 143 108 60 48 74 64
144 185 31 132 183 87 78 87 115 134 68 62 166 9 83 155 102 5 139 49 12 167 125 37 66 42 61 128 124 155 192 28 50 196 161 190 194 131 102 72 115 164 131 199 77 13 157 31 117 124
70 4 154 38 43 47 53 173 34 65 130 108 83 118 98 197 42 19 15 133 130 117 128 195 150 75 56 104 57 141 129 60 173 81 71 59 51 95 133 84 81 12 114 50 87 194 185 160 106 118
127 93 109 4 1 200 75 172 40 8 190 9 79 98 36 66 97 47 165 187 10 16 66 169 10 82 88 94 186 128 123 120 38 147 198 15 18 126 4 91 152 100 27 26 6 164 150 82 19 53
10 62 34 133 17 69 161 20 180 169 116 114 23 61 61 114 22 131 86 123 169 165 46 185 2 165 104 2 75 83 10 180 22 92 8 38 198 154 12 59 48 91 122 37 5 196 105 105 9 155
197 118 115 116 71 23 143 66 179 117 142 88 108 10 134 23 54 172 6 135 190 31 69 198 93 116 181 146 175 184 55 132 31 102 146 19 186 89 170 54 133 120 9 66 167 136 200 196 119 190
24 182 145 135 25 137 50 152 104 12 119 26 181 125 148 108 169 113 83 96 104 190 90 173 98 186 173 109 65 194 28 50 59 70 58 30 145 70 67 150 124 182 28 153 117 55 138 81 74 30
7 7 83 10 190 16 47 115 12 160 40 168 39 83 80 22 21 176 130 139 129 184 169 141 125 75 136 149 78 162 196 161 158 95 190 200 94 54 110 137 163 98 166 165 31 50 65 8 104 10
48 85 90 82 48 11 161 165 82 36 14 24 66 83 98 198 154 89 4 1 73 183 14 178 159 178 46 41 127 91 13 106 155 54 156 194 172 109 87 87 93 113 82 114 161 38 108 2 178 87
116 188 136 156 127 18 74 142 84 180 15 149 47 196 73 14 116 44 1 190 117 112 178 177 16 47 131 4 133 147 169 197 106 103 154 76 149 8 129 3 32 146 106 152 149 11 118 140 93 21
151 21 79 51 15 53 179 15 181 113 6 7 55 184 126 105 157 27 94 108 6 9 181 109 113 39 27 179 54 48 167 165 115 55 15 110 41 32 22 14 47 52 2 133 197 68 21 127 110 84
127 60 179 141 35 136 30 51 63 37 72 130 132 163 30 126 50 177 154 4 74 23 20 6 194 118 71 74 96 111 198 148 30 13 69 189 128 104 129 51 177 190 150 176 187 156 48 18 70 149
3 67 23 145 100 174 109 180 194 177 44 29 67 37 116 150 43 166 133 83 91 151 167 178 50 195 103 30 136 96 113 188 158 39 59 197 67 41 162 23 31 137 199 111 185 188 38 118 79 120
165 167 109 100 32 176 194 165 42 25 113 116 74 5 53 145 134 50 116 70 145 81 140 140 92 111 163 43 98 37 130 101 137 197 61 167 76 47 148 119 138 23 97 34 177 73 115 135 160 71
132 183 89 25 69 147 183 149 12 56 77 89 132 103 127 67 176 8 74 14 82 28 136 21 57 176 100 48 27 164 120 198 102 30 124 61 68 112 84 126 96 40 85 105 60 26 197 141 164 141
54 14 168 54 156 6 182 61 82 186 1 97 139 124 17 51 33 6 94 80 185 86 31 91 52 189 154 48 167 120 25 193 103 59 130 172 51 115 96 16 18 60 168 70 102 126 14 139 151 81
23 111 160 139 6 161 178 183 62 2 37 64 186 89 150 72 3 44 152 130 172 56 75 164 108 54 92 175 20 194 94 198 90 63 180 39 199 149 15 92 82 68 9 83 141 159 161 148 110 25
17 46 35 169 89 151 169 11 156 55 72 9 146 191 121 117 72 148 49 93 153 169 162 196 66 51 40 99 190 96 117 47 58 42 34 159 68 178 8 4 77 127 175 192 115 171 73 105 90 141
165 20 193 95 172 149 146 153 6 146 119 197 77 139 69 147 179 185 60 156 50 43 72 164 60 185 85 58 112 82 2 62 180 172 111 137 173 135 157 113 124 132 20 83 100 194 125 112 95 83
100 87 85 66 80 38 88 19 41 72 35 69 12 199 81 20 149 104 147 6 150 32 28 162 183 11 171 34 119 136 35 98 55 43 40 82 156 42 99 44 179 65 43 102 50 56 162 83 89 197
72 147 171 174 175 5 63 20 62 47 134 163 48 13 46 2 134 16 9 171 186 85 126 185 108 90 73 19 135 185 147 85 34 20 143 188 160 121 67 144 190 186 57 163 89 185 26 41 73 41
115 69 21 100 165 26 48 139 45 105 156 136 35 7 150 196 75 72 110 44 162 145 16 166 169 28 83 191 15 148 35 94 97 28 9 23 132 22 155 91 38 2 36 107 87 50 65 159 54 25
21 4 122 151 128 48 111 148 51 180 105 25 59 126 141 29 62 20 191 148 159 136 89 29 12 189 86 60 165 128 139 10 197 33 125 130 173 97 200 68 181 28 29 72 51 200 47 49 153 175
18 44 173 66 66 84 57 14 105 49 111 53 3 152 72 157 119 80 24 52 86 2 170 103 115 141 129 87 116 187 144 200 185 104 71 166 138 48 50 117 113 175 45 26 40 87 154 34 16 35
