30 	
9	11
0	1	4	55	2	
0	7	4	72	9	
1	7	2	58	6	
0	9	3	50	6	
0	6	6	37	6	
1	9	9	7	8	
1	8	9	24	6	
0	7	3	16	4	
0	6	7	46	8	
1	6	1	25	4	
0	8	8	18	8	
1	3	7	52	4	
0	1	2	23	6	
1	1	5	55	7	
0	2	1	74	2	
1	4	6	43	6	
1	8	9	44	6	
0	1	7	52	5	
1	2	4	11	5	
0	3	5	22	6	
1	3	7	6	5	
1	8	4	47	7	
0	1	6	21	4	
1	3	1	7	6	
0	9	1	61	3	
0	5	6	32	1	
0	7	3	39	9	
1	6	7	41	9	
0	4	2	26	2	
0	7	8	56	1	
89 145 27 141 146 91 166 4 13 101 116 196 86 122 113 97 75 116 107 68 138 54 93 118 43 144 34 114 96 60
196 75 16 69 66 176 147 31 98 83 79 163 164 143 158 72 153 36 15 154 23 75 18 2 159 134 111 138 25 163
79 116 3 22 177 199 103 24 160 48 7 40 199 84 1 59 87 49 42 150 129 34 26 194 190 155 199 150 43 191
192 169 68 172 93 131 59 87 2 191 74 98 78 194 145 78 96 66 106 9 49 127 40 162 189 187 195 175 7 8
22 196 117 136 200 143 59 64 43 54 111 175 96 138 159 177 10 129 40 66 171 197 13 17 94 106 79 168 190 116
153 46 57 34 63 97 4 39 146 25 111 103 181 152 158 106 111 140 191 164 2 141 46 144 11 56 102 186 91 166
122 98 61 1 10 76 134 166 7 34 167 171 163 106 191 172 191 97 64 108 10 152 42 167 16 47 9 35 158 46
28 46 179 20 177 33 132 148 135 162 43 3 193 87 38 142 148 129 157 198 15 14 180 125 171 87 191 50 1 140
19 157 18 23 110 193 76 125 181 105 3 59 45 39 85 81 79 86 182 179 140 34 188 180 143 71 115 173 65 113
171 102 63 113 137 171 152 162 169 179 155 17 118 22 199 143 49 138 118 182 85 82 3 51 160 57 114 78 119 32
4 41 146 161 166 111 154 125 150 173 11 52 108 190 183 62 126 159 96 109 139 172 166 123 176 68 23 7 128 99
62 179 26 151 172 130 169 177 194 56 141 154 16 135 129 141 167 14 55 107 26 167 49 101 19 187 50 128 35 131
32 199 149 59 31 113 159 18 3 50 107 15 118 117 97 161 24 119 69 29 50 117 159 36 100 146 105 38 88 142
29 30 56 45 96 178 112 166 193 33 149 160 50 159 39 45 51 124 90 72 7 120 135 13 55 84 108 169 84 180
73 20 140 64 38 161 72 75 113 19 91 176 49 22 101 106 139 141 125 152 83 158 164 75 106 29 32 35 181 71
138 23 134 92 113 57 140 1 173 178 159 63 71 119 200 180 52 118 35 154 71 123 46 126 3 33 156 95 109 41
165 127 18 97 119 99 181 165 78 147 146 185 170 36 46 147 23 191 39 93 43 10 160 163 22 111 56 153 22 195
47 153 198 72 78 74 88 155 188 135 65 60 138 40 160 60 1 94 173 31 151 126 49 36 165 137 155 150 119 128
185 94 67 19 176 194 197 197 58 151 159 199 59 22 145 126 51 194 178 66 190 156 188 63 160 83 123 73 194 141
81 116 102 10 127 129 174 113 14 163 142 156 191 20 170 116 136 48 200 199 179 64 28 67 114 28 26 45 17 73
2 22 45 100 172 155 89 177 40 87 141 128 90 108 34 79 43 35 191 55 26 131 149 102 20 23 143 120 104 177
111 10 9 120 46 143 39 181 198 64 3 46 166 104 172 86 170 49 147 150 166 80 95 61 107 55 183 125 116 40
106 144 155 168 74 136 174 109 54 152 152 164 119 141 102 9 101 22 39 33 158 53 178 3 163 1 50 178 176 169
181 135 114 116 112 97 154 17 135 162 8 192 75 137 125 166 170 34 118 191 23 11 51 87 4 153 17 186 14 195
101 15 144 200 21 178 160 142 152 164 21 44 126 176 177 69 10 119 168 2 149 64 141 162 14 82 123 108 144 99
85 51 93 188 8 102 159 14 175 17 63 121 169 51 97 167 133 74 149 159 108 80 87 132 5 87 177 197 24 21
193 183 142 48 27 156 162 129 154 80 182 48 168 66 60 153 107 156 57 132 148 102 11 10 14 7 157 199 156 157
195 63 29 141 186 148 162 186 7 154 129 94 61 154 112 50 75 25 22 148 115 61 164 175 31 134 58 87 64 189
133 54 52 40 1 31 189 170 51 128 48 96 7 105 24 83 30 50 177 48 191 100 11 7 125 87 72 16 92 46
16 10 56 79 77 187 118 182 69 110 22 122 123 127 143 88 117 171 107 154 39 79 29 14 46 20 38 23 59 27
100 57 67 183 91 28 163 11 194 199 60 136 27 89 21 180 76 86 113 72 90 18 68 158 85 146 154 7 100 37
