40 	
0	13
0	30	9	2759	6	
0	43	6	1011	9	
1	48	2	130	1	
1	48	1	1959	3	
0	30	7	1274	2	
0	98	7	715	3	
0	10	7	1294	6	
0	89	2	2201	7	
0	73	6	3187	3	
0	10	6	998	7	
0	87	5	3385	6	
1	97	3	214	1	
1	98	5	147	7	
1	83	4	1764	6	
1	63	2	1223	5	
0	63	9	2159	4	
1	58	9	408	9	
0	4	4	2559	7	
1	99	4	189	7	
0	18	2	1286	2	
0	77	2	3131	2	
1	5	1	894	7	
0	97	7	424	5	
1	73	8	2474	9	
1	91	8	617	1	
0	5	9	3342	6	
1	95	1	446	2	
0	94	6	636	6	
1	42	7	317	4	
0	43	2	2938	2	
1	45	9	2687	9	
0	86	9	597	9	
1	78	5	3141	6	
0	9	4	2053	4	
1	90	5	761	9	
1	99	3	3262	6	
1	44	7	1919	5	
1	36	7	3417	5	
1	5	6	1402	7	
0	59	4	2081	4	
24 159 191 163 194 186 133 36 110 182 59 184 61 132 45 54 26 142 149 72 145 46 75 176 123 80 52 152 134 146 140 149 168 150 76 164 97 74 88 153
112 57 16 177 147 133 101 42 53 71 194 116 127 193 189 27 72 80 189 18 138 141 4 84 169 111 94 140 189 171 37 130 34 142 72 68 41 43 157 54
67 187 109 96 30 178 97 28 88 26 78 95 10 20 37 98 70 163 14 32 172 131 103 2 146 111 22 64 200 94 103 69 199 96 42 129 173 82 25 193
88 47 112 189 46 95 30 197 18 77 185 184 174 3 62 156 150 100 30 82 75 172 185 157 130 198 161 70 167 50 177 90 76 200 33 136 110 112 65 117
150 156 67 38 147 15 90 131 14 191 181 79 59 52 25 183 11 146 98 172 78 169 97 98 3 154 63 73 153 41 104 142 147 142 51 14 199 119 25 126
25 161 19 186 88 47 65 45 100 56 101 6 183 126 166 110 170 187 4 61 5 30 149 83 69 165 63 126 133 18 194 175 198 197 119 11 32 47 102 4
133 177 109 58 51 129 70 43 73 47 56 11 67 73 129 82 28 179 79 199 93 113 161 197 63 200 137 8 99 153 174 64 120 91 169 10 155 56 131 138
46 51 95 26 200 186 169 86 111 51 7 156 156 97 147 198 125 184 128 32 106 138 151 126 84 15 196 79 74 107 50 62 188 134 137 55 126 65 68 3
147 42 117 84 198 115 44 190 97 21 49 77 26 102 127 40 81 186 136 139 82 86 112 37 147 100 156 77 57 38 47 100 74 33 107 124 105 155 57 97
110 184 194 167 123 112 35 196 61 47 3 155 1 79 161 179 83 121 31 70 87 199 162 71 88 113 153 171 22 171 184 141 11 110 31 80 15 147 186 7
187 162 176 134 102 17 76 96 22 84 25 66 196 118 163 79 10 133 102 21 78 170 88 112 135 42 78 200 43 40 112 120 29 96 76 43 21 117 38 140
165 39 25 77 63 155 16 152 104 35 14 34 12 84 80 128 55 6 162 59 6 116 170 174 54 25 18 44 134 63 183 46 3 140 38 89 67 181 133 72
107 199 177 125 8 139 57 166 118 59 27 49 126 32 108 170 173 84 127 94 101 98 198 98 163 103 116 40 181 169 51 121 68 83 19 32 56 193 100 46
60 116 94 62 102 69 150 122 188 141 29 192 191 9 95 75 17 128 1 129 23 148 37 70 98 45 86 13 84 2 168 81 110 45 76 80 193 36 137 147
181 100 153 9 71 65 96 145 146 69 135 62 37 135 36 89 196 28 117 190 112 190 103 180 155 35 129 2 188 13 76 72 87 85 33 21 12 54 191 5
152 89 79 179 36 128 9 184 88 200 117 130 2 93 155 149 51 48 152 127 37 157 166 104 36 150 96 18 81 4 154 30 23 131 53 62 93 52 39 88
180 44 190 104 11 24 85 70 184 35 6 172 137 16 93 129 174 6 61 58 24 182 19 189 78 164 174 16 146 124 178 74 80 20 91 45 20 73 71 113
7 45 30 143 198 46 42 158 190 60 29 138 150 8 151 4 162 59 70 43 142 173 92 175 133 83 7 129 192 124 119 68 118 40 130 123 113 30 85 126
61 73 144 144 4 34 23 193 25 80 141 136 54 197 152 129 149 70 12 80 4 63 85 149 153 160 37 85 162 183 79 119 156 31 7 95 200 166 85 96
51 116 10 43 13 27 64 194 61 31 78 85 114 149 91 181 89 65 194 88 121 39 126 115 111 47 107 154 190 143 134 83 44 120 140 34 32 36 101 175
58 172 109 68 84 113 142 192 148 30 13 142 88 78 46 138 143 80 82 48 98 21 154 98 130 178 100 86 43 24 185 55 77 6 144 104 6 158 131 98
37 63 151 69 34 154 178 25 12 24 154 3 92 11 18 45 93 89 186 124 122 96 16 189 141 133 156 116 148 194 119 142 68 189 111 6 28 141 117 167
178 111 78 168 128 151 26 69 183 66 80 81 175 55 151 46 68 152 83 51 170 6 198 87 94 192 143 109 115 133 141 199 114 27 90 173 174 25 166 143
165 192 35 133 143 67 134 189 190 107 36 188 181 51 96 187 187 190 103 64 165 100 101 195 114 153 92 171 160 67 162 67 78 195 45 92 154 57 148 92
158 168 141 163 182 87 25 21 50 55 98 150 90 159 123 91 23 83 165 177 27 54 25 127 186 110 27 164 140 183 113 126 13 192 191 154 165 97 43 86
64 142 100 177 96 45 31 46 9 156 101 198 120 97 38 146 14 95 32 122 156 148 66 18 166 57 193 39 139 196 144 170 125 26 77 134 120 66 156 165
114 146 75 7 76 35 165 154 141 95 168 52 180 7 49 54 17 87 140 94 151 117 159 20 47 195 84 187 135 152 162 165 92 189 106 196 137 74 157 179
178 125 123 127 40 144 61 62 42 200 28 26 162 12 8 178 3 168 86 14 175 131 163 164 164 99 93 101 96 163 121 62 124 127 24 183 51 195 108 138
126 39 184 53 3 142 56 187 127 59 139 25 144 43 34 92 137 198 171 162 25 141 78 122 75 138 186 107 155 195 11 51 90 132 59 103 105 136 30 174
58 53 44 172 138 21 141 164 188 71 59 72 95 122 134 124 108 76 117 2 36 99 141 169 195 134 123 77 104 119 46 146 156 5 31 124 58 121 12 31
21 136 4 14 123 155 175 150 56 141 30 101 148 49 120 111 64 11 89 182 143 95 163 89 174 190 71 22 95 144 49 140 98 80 113 16 174 45 41 39
25 184 85 48 192 97 37 58 159 40 186 59 128 185 12 100 138 8 12 134 61 97 70 129 38 94 136 53 141 105 133 87 127 187 100 52 17 95 29 111
53 9 95 101 194 161 68 144 152 185 139 48 37 36 25 70 187 78 168 119 97 52 4 36 151 65 145 198 179 54 49 75 144 43 173 4 70 90 88 141
182 86 45 76 179 182 6 21 105 86 59 167 110 192 115 192 64 26 123 116 194 120 84 60 127 127 169 34 127 156 177 166 85 148 88 28 138 22 96 141
133 38 66 121 8 22 64 116 14 92 71 89 96 132 89 154 113 54 11 35 106 127 182 72 177 162 68 141 78 129 85 55 15 116 11 55 83 11 102 130
8 177 76 172 164 48 104 138 99 134 18 84 72 29 97 40 89 111 113 114 98 125 82 139 166 96 111 77 30 29 25 116 3 39 48 97 158 82 77 155
162 48 107 44 124 3 117 131 108 1 119 62 106 116 190 111 105 150 193 77 158 147 149 43 155 122 177 175 26 138 147 6 119 56 38 86 139 36 34 83
163 5 79 94 53 194 64 141 71 178 161 101 76 146 197 184 91 91 76 37 90 43 116 167 166 38 65 161 131 126 158 181 39 32 64 20 161 127 13 4
63 4 87 12 142 155 132 98 158 42 21 193 98 132 200 58 147 194 129 154 178 11 137 65 165 195 3 180 7 80 172 145 120 88 89 134 1 70 57 154
91 167 24 45 12 32 101 190 197 32 111 157 176 183 199 148 168 46 96 179 7 136 48 102 177 197 107 71 9 193 59 186 137 74 69 92 162 150 39 165
129 174 49 43 77 11 183 16 199 171 197 160 105 73 57 127 94 168 158 86 179 27 22 116 193 121 183 115 69 131 144 133 170 52 95 127 31 175 166 97
