50 	
11	12
1	3	3	3719	3	
0	19	6	2420	2	
1	92	8	623	5	
1	62	8	1605	4	
0	39	5	305	5	
0	19	5	4230	3	
0	6	7	2025	6	
0	40	3	1196	5	
0	9	1	4365	2	
0	83	3	2209	4	
0	69	3	509	8	
1	56	8	3610	3	
0	64	8	1845	4	
1	85	1	2259	9	
0	5	5	1946	7	
1	6	8	1075	3	
1	40	9	700	4	
0	36	8	1589	1	
0	85	3	3069	1	
0	72	7	1247	5	
0	84	1	4141	2	
1	11	8	1816	9	
0	58	7	4311	3	
0	46	1	2922	8	
0	30	8	3599	4	
0	94	3	3907	9	
1	8	1	3440	7	
1	23	8	3229	9	
0	45	2	2636	7	
0	39	1	219	7	
1	44	6	3515	3	
0	24	7	2845	4	
1	88	4	3938	1	
0	46	9	1685	3	
1	51	1	1788	8	
0	50	8	2403	2	
1	27	9	1337	2	
1	73	2	1608	4	
1	74	2	72	3	
0	88	6	2284	8	
0	2	4	3334	2	
0	31	7	1543	2	
0	96	6	2604	2	
1	2	7	4306	8	
1	45	8	527	6	
1	9	1	3373	7	
1	53	6	4049	1	
1	14	7	1578	8	
1	17	8	352	1	
0	86	2	3001	3	
30 5 11 78 38 138 180 6 60 162 122 163 56 40 83 18 102 155 200 182 146 41 1 57 9 9 35 130 19 50 151 109 112 45 103 48 195 17 74 112 128 194 38 163 98 51 82 154 184 35
9 12 97 86 95 193 105 47 10 160 138 188 199 149 191 62 39 43 72 42 90 26 195 163 67 200 151 164 85 77 133 21 119 8 37 56 37 174 111 186 137 142 105 113 89 23 27 58 182 95
131 182 153 146 3 85 192 22 169 69 135 174 152 105 149 187 191 196 99 11 136 106 36 104 177 133 80 152 20 35 27 94 2 91 77 166 51 59 53 4 151 46 78 81 13 161 1 140 18 124
107 123 82 84 124 76 162 169 44 42 146 3 16 87 4 166 51 8 82 87 45 188 60 60 85 67 141 190 123 134 177 55 142 73 81 50 54 25 52 109 176 10 148 138 121 130 154 173 43 11
20 184 15 186 64 23 174 112 116 154 50 61 155 164 53 2 51 12 199 142 19 188 54 6 92 66 147 175 84 174 12 50 4 117 35 105 158 38 134 144 127 37 190 15 168 156 121 196 26 100
49 84 178 73 28 96 8 174 8 144 69 144 50 44 134 189 162 161 186 32 158 80 138 29 73 94 81 22 143 110 174 190 167 54 78 72 35 100 173 85 141 66 92 5 41 55 153 31 94 72
48 79 34 124 136 185 44 71 64 64 18 85 196 73 137 51 87 77 170 138 187 31 11 55 53 103 62 1 36 189 138 61 196 87 70 101 97 122 75 66 177 30 111 200 64 55 69 147 154 140
191 61 195 36 59 162 45 60 111 34 161 4 124 54 18 140 157 46 10 61 140 170 129 10 20 166 13 127 154 52 138 181 54 189 192 48 144 140 147 175 44 46 193 44 106 171 150 128 147 80
110 189 68 78 88 16 198 7 32 139 124 104 9 120 44 84 61 126 170 98 126 28 177 50 19 55 98 23 126 135 115 44 22 58 105 171 141 157 28 102 35 84 144 136 29 14 97 96 118 139
51 182 125 195 85 19 75 150 92 80 33 174 181 92 32 4 74 168 49 24 195 151 164 62 46 54 62 150 12 183 158 130 144 36 111 54 139 131 71 106 81 92 162 166 174 80 3 56 164 186
14 127 121 91 63 25 107 116 167 143 68 50 88 25 71 132 70 46 158 34 116 172 57 183 138 136 168 180 94 60 179 139 147 64 89 91 87 189 102 162 90 85 38 15 67 199 165 20 185 125
46 102 71 12 111 37 193 52 114 91 116 199 135 112 148 43 183 135 188 10 100 56 187 190 149 10 29 199 128 98 33 142 137 36 71 77 198 185 126 140 53 44 58 95 67 195 168 50 104 180
134 42 80 40 30 143 79 21 100 25 27 81 170 8 37 181 30 115 162 30 176 140 145 133 32 88 110 31 192 35 64 178 66 27 187 131 152 20 35 81 133 155 45 200 178 126 7 20 178 155
123 80 133 173 11 56 151 158 173 131 121 53 166 159 112 159 52 179 81 31 103 150 104 13 109 6 160 176 65 65 87 99 80 45 80 45 93 50 132 117 197 40 131 165 106 191 18 197 136 115
12 63 136 162 164 159 112 151 35 43 30 69 86 124 78 167 76 31 96 25 195 148 133 73 44 85 87 189 133 85 166 74 151 180 84 48 161 94 114 68 86 46 51 146 99 81 116 137 1 27
15 53 196 97 147 130 90 81 50 198 85 174 74 101 89 84 111 59 60 21 194 72 92 153 72 161 6 55 21 49 107 191 170 2 105 20 135 29 127 59 1 49 170 197 131 157 199 102 170 140
74 59 11 15 157 128 72 33 146 151 109 84 178 151 94 54 56 12 179 108 85 184 116 194 112 98 84 28 59 72 26 167 85 104 199 59 175 189 149 154 145 10 163 130 94 185 151 110 12 42
19 35 102 61 198 20 192 28 116 38 94 54 166 76 49 108 66 41 15 200 68 112 183 178 9 105 49 96 144 132 187 8 127 184 157 57 79 6 106 108 145 84 122 28 136 191 50 101 8 170
49 59 34 65 111 11 9 168 163 65 86 152 94 122 121 143 74 7 12 72 63 30 151 96 27 80 93 148 81 63 70 15 149 155 16 10 75 145 26 34 66 191 70 103 27 75 37 158 82 129
176 76 181 106 94 139 190 10 4 128 27 36 22 65 106 110 193 178 131 2 82 100 153 134 13 123 65 181 21 27 164 192 42 176 26 83 159 85 29 109 36 186 72 11 143 188 175 93 53 150
80 27 183 75 95 74 90 25 133 94 126 82 25 170 185 87 165 89 17 7 92 98 184 65 65 64 115 180 95 70 77 50 1 78 192 164 165 131 70 17 27 61 190 131 80 55 164 73 41 167
16 77 182 70 179 51 171 92 137 194 182 170 118 137 44 176 11 22 54 193 181 61 9 126 46 3 60 140 159 19 28 136 68 39 133 140 153 116 115 187 30 20 151 99 89 159 67 24 63 145
15 42 3 67 15 100 191 25 190 8 81 30 111 107 37 27 104 156 164 170 48 179 171 110 178 28 78 95 171 113 32 181 157 92 38 55 16 95 161 54 107 41 130 136 14 196 145 26 32 135
20 77 2 23 32 4 154 4 128 13 166 143 87 73 135 35 200 170 81 63 6 101 56 2 9 36 127 86 82 57 98 19 139 18 104 115 151 167 124 188 182 63 25 7 177 84 26 66 149 77
12 54 86 136 83 100 79 20 19 83 98 199 2 139 173 112 121 58 70 48 197 59 36 131 50 84 171 76 3 81 63 153 171 149 131 25 40 49 98 7 43 76 116 48 64 71 48 116 188 79
149 37 30 2 18 117 139 59 8 130 196 173 5 111 124 81 198 40 143 142 114 24 55 60 117 115 153 180 174 115 199 155 102 78 147 83 4 173 126 106 75 11 135 170 156 51 193 40 183 56
72 200 72 47 159 170 1 190 155 173 61 17 186 130 113 60 42 72 105 8 179 110 149 28 114 59 29 85 122 38 56 136 61 2 57 123 97 124 132 61 168 64 126 149 38 91 66 130 2 190
61 173 75 112 32 52 194 160 187 19 109 165 188 170 117 153 19 154 76 16 6 193 76 81 67 180 47 40 91 18 6 57 90 96 86 123 53 95 109 108 37 162 192 149 66 112 15 44 151 23
196 39 165 44 7 177 108 169 146 62 171 47 193 189 133 51 98 94 52 89 127 181 141 165 94 182 52 100 6 154 4 42 42 1 136 34 127 61 185 13 118 124 42 144 65 166 192 89 3 148
129 69 58 26 155 56 67 26 196 121 121 166 186 59 54 121 177 39 131 50 118 74 77 182 90 50 66 32 5 148 140 150 3 30 184 131 80 117 17 169 66 58 195 192 65 63 11 49 43 18
68 177 157 185 20 167 85 34 147 152 52 91 101 108 91 99 170 126 108 63 48 153 157 167 167 133 144 22 117 193 110 97 95 117 134 131 6 64 71 180 107 59 60 194 26 177 58 7 124 15
131 183 81 184 125 49 51 125 35 85 9 24 19 179 89 38 173 130 28 30 159 8 137 1 87 124 35 181 188 197 138 94 192 6 129 113 165 35 124 111 67 38 131 151 58 34 121 99 97 128
189 112 78 132 149 191 53 72 136 136 116 121 23 197 28 174 107 155 15 30 18 93 95 110 67 127 196 22 59 19 37 128 86 25 197 154 54 21 172 169 109 51 59 186 156 102 181 121 140 152
46 157 100 56 15 137 187 67 22 57 61 170 151 143 196 135 21 176 58 136 154 23 61 55 171 38 10 50 133 150 117 16 5 131 105 148 35 164 176 152 31 172 124 37 52 41 96 180 61 38
112 132 91 4 36 195 8 24 146 90 150 41 25 141 161 120 87 187 76 139 138 65 97 130 101 100 107 27 44 30 13 76 65 167 1 130 104 147 187 192 110 1 86 40 186 115 86 38 198 81
62 6 60 79 13 33 87 145 26 115 176 86 135 131 150 160 24 196 144 131 183 89 6 166 36 198 148 47 157 46 30 111 130 128 14 90 37 114 195 49 92 96 12 81 180 25 87 103 154 150
195 120 185 165 93 53 80 100 194 162 153 115 2 58 138 109 195 99 17 43 96 145 50 30 129 119 168 4 147 41 164 141 72 104 141 2 23 70 180 71 166 136 97 184 72 19 86 74 82 140
78 124 79 118 47 178 169 153 158 152 16 105 80 161 45 48 85 30 160 122 9 22 70 32 39 171 80 5 136 84 23 111 52 184 171 17 188 163 84 24 129 177 67 169 143 6 54 11 177 29
159 184 7 65 188 115 74 160 91 95 69 128 76 113 72 71 32 130 105 59 29 118 34 135 165 14 197 106 24 196 60 56 37 51 12 23 63 47 137 173 98 149 186 175 140 200 171 150 94 20
162 1 149 82 140 102 105 15 189 160 67 142 167 163 36 58 2 66 62 103 150 193 103 47 17 143 191 34 102 116 81 55 41 92 125 71 130 172 148 9 161 65 55 39 135 199 18 63 86 188
165 134 130 200 183 8 27 46 155 26 162 51 140 143 59 103 56 66 34 42 161 9 107 137 68 118 3 126 139 156 187 105 138 104 3 80 67 86 44 166 106 103 173 176 85 52 130 39 102 8
43 65 186 1 180 169 79 14 102 164 141 38 128 84 141 76 85 44 194 49 129 57 198 33 143 170 52 16 92 30 21 145 200 152 48 172 131 143 97 126 49 199 23 179 36 180 171 93 154 94
88 153 81 62 199 30 122 193 105 131 140 68 24 40 94 2 111 85 136 162 12 141 169 77 119 119 184 186 28 168 67 98 34 189 17 23 116 104 199 56 34 89 2 145 15 164 112 94 91 6
128 194 194 184 81 146 161 109 187 47 98 200 160 111 165 58 166 66 54 31 129 40 130 55 61 171 101 110 44 58 102 141 63 134 127 166 80 58 42 62 118 38 136 178 143 142 88 7 115 68
95 150 6 9 53 77 23 27 189 84 11 167 22 115 166 148 99 149 95 197 185 109 105 4 194 162 139 160 114 25 88 155 150 108 90 45 18 178 126 75 172 110 76 18 95 174 13 141 67 80
156 127 149 179 109 172 131 53 130 152 199 157 56 159 10 28 2 3 48 66 106 92 153 151 5 168 40 165 185 49 154 192 100 56 189 164 20 56 31 171 18 129 7 40 90 31 34 149 200 105
121 172 184 15 146 118 106 183 79 95 193 3 29 28 10 47 123 49 90 7 3 163 70 79 171 79 200 121 48 110 126 157 69 100 66 85 88 44 184 51 168 89 52 192 145 28 113 16 35 27
113 163 184 4 141 109 48 198 6 1 68 185 13 66 25 59 145 30 137 61 125 28 45 118 69 49 153 158 1 198 71 68 65 61 147 32 9 131 130 63 173 45 77 199 33 98 128 50 12 195
89 179 101 111 174 6 67 143 168 38 94 168 166 183 48 5 33 28 177 121 172 54 85 165 131 115 41 41 89 95 62 80 111 91 3 173 195 178 114 65 180 138 44 164 52 84 9 78 142 116
120 110 43 94 15 79 37 59 56 173 45 79 76 118 28 151 62 172 101 108 33 148 139 159 200 137 11 163 71 102 86 27 197 130 60 59 162 66 21 33 35 62 107 102 131 170 135 117 69 82
167 172 10 120 193 159 184 87 141 173 2 148 76 7 141 127 59 69 142 1 61 38 176 82 108 139 69 177 54 149 160 75 42 47 92 200 83 88 163 133 140 151 136 91 66 151 6 176 82 184
