30 	
10	45
1	8	3	179	5	
1	8	4	41	2	
1	9	1	65	5	
0	9	4	105	8	
1	2	4	189	5	
0	4	6	146	5	
0	9	6	214	2	
1	4	6	143	4	
1	7	3	26	9	
0	4	6	155	4	
0	2	4	4	5	
1	8	7	117	9	
1	1	3	79	9	
1	8	4	173	6	
0	3	3	66	1	
0	2	4	228	6	
0	3	7	60	3	
1	5	6	139	4	
0	1	1	173	9	
1	5	3	79	1	
0	3	1	118	8	
0	1	5	77	6	
0	6	1	18	6	
1	7	8	106	1	
1	7	8	105	7	
0	5	6	17	8	
1	2	9	222	3	
0	7	1	76	8	
0	6	5	14	6	
1	9	1	46	7	
183 62 17 105 54 174 119 32 125 4 116 86 69 199 107 150 83 38 5 76 123 14 145 183 159 174 81 169 158 119
110 56 135 73 72 125 144 163 158 34 12 69 37 198 25 168 181 74 36 123 195 47 176 10 91 85 30 61 72 24
6 60 99 197 22 74 84 75 12 151 115 153 25 59 60 102 122 190 4 144 51 31 141 79 64 27 105 171 168 189
1 24 19 85 32 106 22 38 37 46 148 54 30 164 125 162 127 159 110 94 40 1 31 69 40 5 136 38 122 59
83 12 142 153 178 85 52 14 22 136 151 108 130 136 95 160 74 146 198 112 20 139 70 137 128 106 27 43 80 90
85 194 32 102 114 35 108 31 62 117 178 48 140 185 191 74 106 63 136 108 155 151 184 14 160 34 192 26 47 1
161 102 60 59 52 157 176 99 102 186 123 181 42 184 8 139 155 196 197 58 194 152 69 139 125 88 31 103 86 22
42 49 78 193 34 37 115 131 135 132 178 6 174 184 30 10 158 40 191 177 39 150 59 8 197 195 55 144 80 42
165 168 44 48 48 52 115 86 80 20 38 164 188 143 177 69 38 32 131 84 184 82 84 51 166 118 173 143 144 73
72 92 104 81 33 96 176 8 154 143 200 60 106 108 56 170 99 195 73 145 190 112 162 145 56 94 104 192 173 159
105 115 132 121 197 102 137 195 84 25 131 132 80 4 40 86 82 118 91 134 62 151 81 65 22 74 47 39 62 90
143 197 125 103 90 185 5 100 7 40 34 151 51 196 145 80 57 109 70 106 72 107 96 135 158 192 178 43 165 185
5 110 57 7 151 181 165 27 32 159 145 11 40 50 191 146 85 49 43 109 7 32 152 53 164 33 20 174 133 85
143 148 13 136 20 139 165 189 101 18 197 26 13 8 81 83 161 192 39 53 65 47 135 176 156 126 66 41 158 39
17 32 30 19 147 173 24 132 126 118 80 8 189 34 70 80 138 52 76 118 93 41 119 40 3 84 62 105 40 176
18 115 157 73 190 93 85 98 119 67 120 107 156 160 54 200 188 48 4 78 183 182 11 56 117 41 45 117 41 132
74 41 165 182 189 22 38 197 28 28 88 91 58 112 139 178 137 176 9 121 87 53 37 164 149 174 125 156 79 128
77 179 136 107 58 167 39 13 51 200 100 161 146 49 42 194 141 173 136 140 199 55 187 96 173 95 103 124 108 143
193 196 199 117 23 190 58 186 36 158 104 108 151 3 116 122 121 143 138 45 25 145 91 187 22 37 169 5 129 31
160 121 13 75 115 102 151 34 121 80 87 134 89 2 28 41 198 104 145 38 130 167 49 26 54 191 119 6 82 13
141 12 36 52 100 109 7 125 13 131 138 176 81 106 34 20 100 16 119 120 16 51 46 75 177 190 65 98 31 70
98 86 78 39 174 141 88 50 15 156 41 129 39 70 138 176 181 50 172 106 59 77 92 178 184 79 100 9 148 176
76 11 127 142 160 43 82 107 184 187 26 80 128 58 115 97 161 102 103 48 108 89 149 4 134 44 150 188 139 152
69 91 35 154 139 171 64 32 38 159 119 174 54 124 58 172 16 66 18 178 48 200 44 69 115 37 43 185 114 147
171 61 113 98 41 116 94 157 174 12 1 168 22 74 50 190 64 175 166 132 173 114 5 137 26 103 118 184 106 62
86 165 70 82 2 103 149 145 93 57 191 18 144 96 128 73 135 66 19 158 184 133 12 172 104 70 163 194 195 150
182 33 151 159 90 167 170 110 1 55 168 161 174 172 39 129 24 76 191 181 78 108 98 137 189 59 18 40 120 11
55 76 75 56 87 160 5 146 73 89 102 84 195 157 71 147 97 33 116 13 155 172 24 113 109 123 76 92 112 41
13 200 14 13 24 90 87 59 49 124 44 126 41 155 7 156 21 103 176 25 199 96 18 49 94 192 175 20 121 191
41 3 110 58 106 40 146 75 19 87 77 171 159 56 26 156 146 11 168 66 182 84 107 196 136 13 193 66 42 102
25 32 103 174 187 124 30 6 112 4 79 120 125 34 177 156 123 182 172 113 140 92 145 145 128 78 163 7 90 141
