40 	
33	59
1	17	6	1198	5	
0	47	7	1522	2	
1	84	5	1053	8	
1	7	4	132	5	
0	30	5	1160	4	
1	47	8	640	8	
1	6	2	287	7	
0	31	7	607	9	
1	14	8	1366	4	
0	45	2	833	9	
0	19	5	959	3	
0	39	4	565	6	
0	46	8	818	2	
1	80	4	468	2	
1	96	4	1363	4	
0	76	6	470	4	
1	45	6	508	1	
1	85	7	1319	8	
1	61	7	222	9	
1	76	2	965	3	
0	57	6	192	9	
0	26	3	1166	2	
1	42	8	888	3	
0	24	9	1033	4	
1	59	9	1715	2	
1	52	4	114	4	
0	7	9	882	6	
1	5	4	1158	1	
1	76	9	766	9	
0	62	2	1228	2	
0	65	2	85	9	
0	25	6	1325	9	
0	32	1	1598	2	
0	15	2	1170	3	
1	18	7	267	6	
1	11	3	463	9	
1	35	7	1322	6	
1	94	9	1073	2	
0	46	2	417	1	
1	58	6	1687	1	
171 173 192 25 151 48 66 129 145 161 74 87 137 151 35 140 146 87 117 150 159 77 128 180 117 141 28 12 62 41 42 125 118 52 16 53 177 181 185 80
121 65 1 93 69 102 43 84 173 142 196 39 76 38 163 151 58 68 30 164 21 40 163 143 65 68 6 131 20 150 180 89 72 17 94 142 153 11 35 49
40 50 11 164 186 172 107 63 40 150 169 110 14 71 157 173 54 59 199 135 55 15 101 85 103 49 86 49 63 90 200 199 108 139 96 155 11 101 52 154
140 195 126 141 7 45 11 96 177 92 99 51 30 8 17 132 136 125 189 118 60 118 66 144 138 144 49 82 99 97 162 63 13 59 180 95 176 29 90 86
33 29 190 96 62 85 179 90 162 104 199 176 152 153 163 188 58 26 144 40 171 3 41 48 127 123 60 189 170 90 65 98 63 31 181 122 73 77 68 117
57 12 84 76 81 68 90 195 134 107 148 49 119 126 74 148 126 72 116 176 78 65 77 41 139 125 45 200 62 84 53 146 68 3 11 80 144 80 88 198
20 45 146 197 46 147 139 150 65 92 137 64 118 21 67 24 32 146 193 87 120 15 142 191 2 122 77 173 142 194 190 164 48 97 191 128 87 143 199 36
122 80 103 111 23 50 121 187 106 152 159 89 167 142 23 56 133 179 78 60 37 15 182 92 80 13 137 45 131 3 100 59 20 18 187 104 86 51 63 153
183 51 104 174 155 191 33 165 128 4 75 63 161 16 116 4 195 18 28 22 183 105 29 90 100 95 64 171 39 92 161 157 190 172 98 158 171 175 132 132
40 154 65 70 7 128 76 175 91 25 62 59 197 79 10 161 3 76 49 98 50 132 102 50 132 35 191 75 138 62 135 38 12 34 138 130 164 144 98 26
57 157 177 102 53 12 28 34 15 135 160 144 144 94 162 197 194 177 74 116 25 18 180 191 38 97 72 163 105 133 188 22 139 179 115 115 89 58 180 181
64 114 51 163 38 47 191 156 98 174 85 150 127 10 167 42 27 41 128 100 138 112 174 22 156 19 83 135 8 14 162 77 189 70 194 171 54 184 95 131
164 94 199 96 105 114 120 38 29 37 86 123 138 161 70 16 189 3 120 140 90 36 39 45 131 95 78 192 112 44 86 189 20 126 111 5 133 153 162 3
90 12 30 107 66 40 10 117 40 107 200 103 52 118 151 136 99 195 12 69 36 54 80 102 61 190 189 172 37 18 163 95 166 68 120 117 27 92 100 67
80 23 171 144 1 160 22 159 63 94 38 68 30 88 6 151 192 151 112 88 150 181 48 138 64 138 127 184 27 76 41 84 182 7 55 74 133 116 173 120
22 34 16 12 68 58 119 11 54 47 60 48 75 73 91 81 13 173 160 77 38 87 184 19 76 33 90 116 27 10 127 32 81 99 70 138 195 179 42 130
27 7 165 33 6 34 144 113 114 113 171 68 65 120 15 34 43 149 120 89 66 147 31 11 147 26 57 166 69 127 170 121 124 77 73 77 186 100 118 153
34 77 1 164 58 175 183 158 149 5 130 140 88 41 185 190 6 177 14 133 128 121 3 80 150 72 104 111 177 18 154 87 74 37 27 64 190 63 127 125
182 138 78 162 197 111 157 39 109 171 6 2 134 130 200 180 58 93 109 174 119 82 60 160 25 5 145 94 30 198 161 94 23 142 197 93 167 165 66 188
68 122 87 125 28 163 134 29 88 32 159 25 61 153 66 176 142 82 64 30 115 16 87 107 156 76 82 61 170 78 17 85 74 128 48 117 85 188 115 135
70 95 96 102 148 110 159 183 88 58 146 170 103 12 143 128 54 25 168 73 158 51 79 118 117 13 19 16 69 16 87 133 84 77 53 19 171 171 130 70
47 40 111 49 188 133 159 14 106 197 72 31 180 142 51 64 85 127 69 127 59 28 36 107 73 16 112 83 75 166 161 97 68 3 163 179 53 151 39 45
125 72 196 96 196 74 129 178 143 145 57 133 61 122 155 96 33 115 152 183 183 31 81 179 53 143 166 22 161 62 16 165 152 99 193 116 125 179 200 77
13 102 67 142 84 139 196 38 75 74 129 11 107 98 22 153 1 102 71 62 72 154 131 29 182 145 111 21 73 40 185 28 95 116 6 63 62 67 89 108
40 29 16 24 198 33 146 168 35 132 21 135 15 96 154 122 104 104 27 197 74 154 112 170 93 176 2 46 167 173 134 109 190 175 184 112 193 190 135 94
24 88 175 70 151 69 39 159 184 148 168 81 17 20 100 186 141 198 62 129 161 144 129 44 80 129 132 96 111 29 198 11 18 192 125 65 102 78 103 190
129 117 76 54 52 23 45 37 123 86 97 140 164 105 2 145 79 174 152 68 162 184 64 36 156 26 185 141 125 173 9 119 154 191 86 174 107 112 178 7
109 7 102 74 121 25 28 148 133 160 188 65 117 144 172 189 72 5 162 6 119 66 148 49 148 116 64 83 70 116 47 14 53 62 53 5 71 9 109 32
25 126 195 124 9 59 150 8 2 50 195 3 11 3 112 29 198 200 79 30 191 180 30 110 79 129 128 126 58 32 103 64 70 118 190 69 130 119 176 112
177 29 10 142 142 156 58 23 63 37 73 197 119 67 140 198 112 155 31 35 121 82 29 143 26 175 48 92 97 195 27 181 173 200 143 44 197 127 58 73
110 4 77 114 93 153 128 113 104 182 153 42 107 76 55 50 29 36 136 146 107 152 120 107 30 126 120 15 98 38 73 97 13 136 62 186 11 182 105 104
171 52 147 198 97 174 7 112 148 80 123 76 159 109 193 70 195 173 70 119 125 57 63 18 80 45 51 138 153 116 167 9 161 83 162 193 23 89 200 144
37 165 96 67 103 45 103 86 104 195 14 126 118 199 189 161 171 6 126 3 89 4 116 68 113 11 152 83 74 132 157 88 58 55 11 55 195 86 105 146
153 53 193 178 35 33 104 10 111 94 75 113 179 109 28 187 87 28 149 187 53 147 85 133 119 96 42 115 140 143 193 68 115 19 86 156 94 92 129 39
93 187 21 93 16 20 197 58 138 72 140 136 195 87 194 100 58 61 120 113 93 57 140 168 187 159 118 61 26 150 86 139 46 74 172 170 138 123 54 11
190 128 101 112 47 159 17 197 86 19 191 184 175 144 90 133 157 98 62 85 136 53 117 183 49 193 142 60 188 179 138 190 94 194 168 72 73 85 119 82
131 21 135 35 93 96 200 138 154 96 90 198 62 50 65 99 169 39 11 83 81 82 200 184 195 111 39 24 181 107 16 185 192 197 200 88 150 74 38 37
49 172 86 31 124 158 72 145 65 70 95 157 8 122 131 135 51 12 155 41 174 55 12 148 163 26 148 141 178 122 4 10 109 10 87 20 195 173 79 15
179 89 33 7 53 180 192 58 170 171 200 145 188 160 155 19 105 99 101 175 149 34 64 139 192 54 41 134 135 174 193 122 74 179 63 9 149 91 3 179
13 174 106 62 139 79 120 24 167 198 173 28 188 196 53 74 169 123 184 107 27 153 19 92 126 40 132 14 128 71 48 151 178 84 50 121 73 167 75 81
67 125 196 56 95 19 59 93 108 143 164 89 182 1 22 34 22 83 167 28 136 199 83 23 70 27 195 120 89 133 194 141 176 76 137 86 4 76 188 47
