20 	
50	69
1	6	9	63	1	
1	4	5	17	4	
0	9	3	100	7	
1	1	7	80	9	
1	7	6	62	1	
0	7	6	113	3	
0	3	8	84	7	
1	5	1	20	8	
1	2	9	105	3	
0	7	6	110	1	
0	3	3	172	5	
0	4	8	108	9	
1	6	9	174	1	
1	1	4	118	4	
1	5	5	39	5	
1	1	8	73	1	
0	5	2	15	1	
1	7	7	29	9	
0	4	2	145	4	
0	1	1	37	2	
75 93 56 56 3 64 183 195 72 147 81 46 10 99 187 147 169 28 75 27
85 14 15 167 139 36 111 19 31 5 4 63 128 168 122 137 36 64 136 86
24 155 98 30 31 13 34 162 100 58 166 62 54 171 135 90 142 124 170 11
12 19 2 166 199 158 18 44 119 173 57 160 168 130 88 43 120 200 179 199
66 127 152 107 99 38 95 33 123 116 142 155 51 148 105 103 30 179 56 60
197 61 139 176 71 140 9 91 69 135 55 146 185 46 138 175 53 135 125 18
86 118 48 32 178 200 156 41 48 125 133 78 64 95 44 14 76 198 45 166
166 102 187 104 89 189 43 104 74 195 40 26 25 64 108 64 82 146 149 27
59 58 7 76 17 25 67 123 172 24 37 26 179 22 118 108 16 51 27 144
18 69 34 70 56 137 19 161 95 165 46 73 96 89 94 121 25 179 84 6
78 137 89 185 139 79 86 89 115 109 36 27 191 164 161 41 38 129 105 20
30 152 51 124 34 172 4 160 80 186 137 96 182 185 175 151 53 45 110 187
178 74 195 70 10 18 18 149 1 158 121 21 182 40 69 14 135 33 103 84
175 99 147 57 120 22 162 167 51 54 179 61 25 194 16 36 187 174 187 139
43 141 42 186 27 182 44 88 194 191 106 182 178 174 43 185 179 181 151 3
72 33 12 143 4 8 13 4 66 195 183 111 177 17 117 18 78 128 162 167
173 144 87 41 93 147 184 172 43 73 82 47 154 59 120 159 91 185 90 56
78 195 87 4 113 181 140 41 100 52 156 110 10 100 17 1 151 124 164 67
105 180 121 164 6 172 138 107 152 54 163 190 99 92 136 161 102 66 178 118
91 135 182 9 53 66 82 88 6 200 10 176 56 181 177 51 49 73 105 139
53 101 119 196 102 177 27 92 131 102 164 184 28 148 74 145 194 179 96 58
