80 	
37	51
1	7	6	55	1	
0	2	7	63	7	
1	4	1	86	1	
0	3	6	276	4	
0	7	7	5	7	
0	2	6	179	3	
0	6	5	68	8	
1	6	1	199	9	
0	7	7	167	2	
0	5	5	241	5	
1	3	5	331	5	
0	3	6	342	4	
0	3	6	36	8	
0	2	1	361	8	
1	7	4	194	9	
1	8	6	125	6	
1	8	7	64	7	
1	2	1	111	8	
0	5	6	59	8	
0	6	5	337	2	
0	1	5	304	3	
1	9	4	353	5	
1	3	4	169	4	
0	7	2	186	4	
0	7	6	367	1	
0	9	6	192	9	
0	1	3	84	7	
1	8	1	208	4	
0	6	8	148	6	
0	5	2	142	3	
1	3	3	82	5	
1	1	8	284	4	
1	4	4	222	7	
1	6	4	92	9	
1	9	7	9	4	
1	4	9	252	7	
1	3	6	60	4	
1	2	1	212	8	
0	2	9	167	6	
1	6	1	51	4	
0	1	5	109	1	
1	1	7	248	2	
1	2	1	16	8	
0	1	7	186	9	
1	1	6	18	6	
0	6	4	93	5	
0	1	4	169	6	
0	5	8	229	6	
0	4	8	79	3	
0	5	3	333	4	
0	6	8	147	9	
1	8	7	90	2	
1	6	6	94	3	
1	7	9	253	6	
1	5	9	78	3	
1	1	5	12	2	
0	8	8	174	4	
1	7	5	113	1	
0	4	3	84	2	
0	1	9	159	9	
1	9	6	311	6	
1	4	5	287	5	
1	9	6	298	7	
0	7	5	75	5	
0	5	7	140	2	
0	2	5	119	4	
0	5	4	196	3	
0	2	7	151	4	
1	8	6	144	3	
1	8	8	87	7	
0	2	5	221	9	
1	7	3	29	3	
1	2	9	36	4	
0	6	3	111	6	
1	1	6	58	2	
0	7	9	338	1	
0	3	7	139	9	
1	7	1	110	1	
1	5	3	22	9	
1	7	4	313	7	
103 119 11 74 163 133 21 93 199 40 83 179 39 196 88 66 12 7 163 27 178 109 164 44 53 76 38 78 128 117 164 160 153 42 62 180 15 142 179 157 83 182 90 115 59 133 141 136 50 148 108 46 24 17 125 5 158 138 141 169 46 158 106 4 116 68 88 70 166 79 157 22 198 26 123 70 117 135 154 116
127 156 127 67 175 111 49 132 180 52 35 32 187 160 188 118 52 13 185 97 64 111 104 118 103 113 119 170 102 138 72 81 196 111 44 42 37 196 170 140 160 23 17 150 166 90 106 35 166 50 15 146 8 104 18 18 105 185 115 18 20 158 196 77 34 113 173 53 90 89 132 193 38 142 157 93 108 122 87 193
183 93 34 89 118 9 26 108 148 191 140 158 1 86 109 132 106 179 119 118 106 173 47 11 172 121 160 170 39 29 23 145 110 69 84 22 87 23 60 169 21 64 46 166 128 49 107 182 73 117 153 5 9 52 107 108 54 175 162 12 87 119 100 81 133 200 94 160 136 33 113 26 57 46 200 48 100 172 163 26
119 186 4 165 180 186 53 193 197 155 188 173 143 147 157 184 161 126 64 78 16 24 132 71 194 5 62 172 40 98 70 170 153 126 16 117 56 182 71 36 183 67 65 180 133 185 148 169 146 181 159 27 16 163 133 111 92 54 21 163 196 158 19 104 138 105 174 88 29 60 36 97 77 42 175 8 9 70 132 188
115 74 22 26 94 39 66 39 117 101 148 192 38 99 27 37 145 139 170 128 129 122 168 2 138 144 10 61 106 50 149 10 183 158 135 27 170 78 182 60 59 186 120 114 23 199 179 173 115 114 82 31 71 179 141 49 89 20 113 16 10 160 69 147 123 55 112 55 190 183 13 129 96 85 197 31 49 51 137 71
110 4 24 41 80 150 149 196 188 117 91 193 178 14 67 148 184 105 15 102 36 5 107 90 45 107 114 172 78 82 19 99 29 133 55 51 36 103 35 167 56 32 120 45 56 67 143 124 19 186 183 73 171 177 104 150 129 35 191 60 24 58 18 160 197 43 82 12 74 143 120 157 104 172 144 71 171 118 117 193
82 112 27 178 81 106 37 30 136 25 64 54 170 133 152 196 200 197 45 55 117 11 40 48 59 21 36 60 182 117 13 171 189 195 111 136 180 98 58 157 68 135 123 88 185 179 53 166 44 63 74 106 3 167 2 118 176 56 174 7 79 84 182 144 35 153 143 151 119 186 9 65 80 75 198 142 25 61 50 20
4 29 119 20 200 166 150 198 97 82 128 110 41 137 189 178 113 52 178 57 87 196 173 118 9 22 154 128 157 150 146 105 40 165 51 25 169 108 135 13 97 78 60 168 78 57 43 62 52 188 146 154 68 14 71 48 119 25 162 57 61 120 107 97 2 148 192 197 147 133 15 72 25 31 135 194 22 129 153 63
3 177 107 89 60 10 87 8 91 106 84 153 4 109 22 80 75 80 86 26 11 78 57 130 174 32 117 161 75 45 200 100 73 151 198 59 19 81 73 87 79 193 46 48 123 99 48 28 116 179 88 107 65 82 84 108 178 182 85 167 65 53 44 54 174 95 41 17 102 12 97 117 150 54 22 31 22 143 123 176
17 127 155 43 149 90 97 58 179 93 126 181 124 88 184 198 105 156 12 147 139 126 108 45 71 187 30 126 108 29 163 92 186 31 121 122 160 29 116 148 34 33 141 102 178 89 190 172 51 138 188 75 138 10 133 169 177 137 148 87 137 57 43 88 169 9 39 188 111 37 52 101 37 30 140 167 1 147 56 88
48 189 191 3 153 98 16 1 180 72 174 166 161 14 113 112 180 52 49 64 107 1 168 2 42 80 150 101 149 111 183 67 118 102 164 127 194 85 103 118 13 158 147 169 81 156 113 152 88 192 179 22 101 194 151 196 112 125 74 40 106 182 103 41 132 122 37 108 75 161 122 73 14 146 63 147 56 118 159 62
84 154 47 164 165 92 108 132 94 7 158 100 78 24 165 141 31 128 83 116 172 17 107 90 140 178 171 155 110 133 11 150 165 102 183 135 136 131 178 141 74 146 95 107 25 121 176 102 85 22 76 62 187 122 89 165 48 106 31 44 171 46 35 57 154 118 126 105 192 45 178 194 92 54 64 46 132 61 4 172
115 31 137 166 133 27 114 195 118 21 112 151 102 79 72 190 35 138 26 82 131 80 139 123 25 77 59 32 36 169 10 125 87 36 190 92 46 75 31 59 85 140 73 98 62 198 40 55 45 16 63 41 148 97 89 37 158 33 2 148 154 185 199 67 77 27 26 163 37 187 8 182 164 64 49 91 9 188 164 64
194 25 32 156 159 121 9 117 198 129 77 57 30 82 60 29 169 161 185 163 3 21 168 137 17 27 71 188 139 76 144 128 51 55 97 10 128 6 34 83 16 76 176 50 83 162 2 101 111 107 53 163 38 130 188 59 151 69 99 58 16 134 152 28 141 46 1 183 18 156 122 76 49 183 174 7 170 165 34 126
85 74 123 47 196 107 69 148 183 36 140 42 94 200 118 60 83 126 42 7 31 137 121 180 169 99 9 135 161 101 99 114 69 51 181 145 193 75 187 199 198 180 198 199 124 144 195 12 7 158 44 71 89 55 121 17 21 95 148 151 66 136 7 77 117 66 43 100 165 63 76 7 140 143 159 133 54 99 1 118
181 197 25 165 197 178 57 177 122 154 149 138 10 169 40 1 199 44 144 181 16 136 90 181 128 114 184 123 122 65 63 152 109 3 17 86 92 15 44 133 15 20 28 193 183 74 87 164 3 65 170 172 130 54 111 135 98 13 35 115 112 59 7 176 5 83 137 114 21 45 130 26 158 99 185 62 129 196 195 55
115 195 56 190 125 19 108 27 121 173 189 18 1 124 70 111 72 25 23 78 96 170 157 130 189 172 49 33 34 80 161 52 139 58 151 152 42 200 65 23 85 134 167 88 40 141 166 69 94 156 130 158 56 123 36 163 163 42 57 174 170 13 84 26 46 200 198 91 54 23 115 146 42 197 128 145 102 128 79 150
198 190 6 16 20 46 31 165 132 68 58 15 154 46 88 37 138 76 173 110 98 144 117 133 104 130 112 118 178 135 30 144 106 36 199 16 2 7 66 114 49 91 35 169 17 5 145 200 53 72 124 177 132 41 6 7 171 105 37 36 56 63 138 115 45 117 200 134 19 6 180 3 75 189 80 196 160 86 56 93
31 29 189 175 58 82 166 56 33 43 94 190 41 25 153 114 45 87 123 184 101 125 108 76 75 37 12 114 4 103 156 58 117 27 94 79 185 191 37 154 109 98 12 195 81 168 189 106 137 81 32 47 62 52 189 131 2 114 96 152 156 178 152 173 67 174 90 58 92 104 193 154 142 17 61 10 30 27 197 105
105 108 38 18 56 160 35 3 172 99 72 195 173 162 111 18 183 4 153 27 116 15 29 186 93 150 167 14 73 198 82 121 130 147 158 3 18 91 182 169 175 65 187 104 96 42 199 30 160 80 68 139 139 104 41 39 159 112 189 150 47 10 159 151 96 145 131 134 54 192 96 190 122 48 37 38 77 138 197 189
143 100 1 153 124 157 163 93 176 170 167 113 15 169 198 174 40 108 38 58 6 180 18 136 134 61 140 22 138 112 94 61 33 67 99 91 193 168 116 31 193 90 146 165 20 78 47 159 120 108 107 29 106 48 174 56 145 188 158 29 97 138 65 144 166 63 132 180 134 125 137 26 123 94 38 73 57 67 97 118
106 48 71 40 43 13 190 54 89 50 68 179 80 113 100 29 47 134 191 28 11 198 100 199 132 136 116 176 65 138 131 132 66 58 37 65 166 159 7 119 185 76 12 118 79 113 128 98 56 125 22 64 152 146 59 93 65 39 130 123 182 185 34 26 86 75 160 166 194 153 152 57 180 153 174 164 152 69 110 100
173 106 7 135 44 38 25 103 91 118 75 30 120 76 58 1 84 110 78 104 191 187 28 42 41 172 171 35 130 132 29 169 198 116 152 33 85 182 3 176 75 123 180 117 188 190 86 116 2 44 116 123 98 66 4 4 57 146 79 103 99 180 130 60 125 195 130 184 171 173 79 10 47 166 154 133 155 24 51 18
148 173 23 130 75 172 189 159 21 56 99 5 51 129 20 21 63 132 132 181 95 97 123 92 57 194 172 141 185 69 169 141 154 101 89 134 154 77 50 166 27 187 160 179 191 12 44 75 55 56 11 49 139 42 112 180 18 71 181 151 73 76 186 77 197 173 44 64 79 146 22 54 42 60 100 17 183 99 12 194
23 174 68 92 64 156 122 3 179 120 97 130 155 104 154 72 98 103 21 140 128 141 136 20 84 101 154 60 88 9 166 33 103 89 34 154 72 68 156 38 133 135 174 151 105 108 31 5 177 22 82 191 8 117 135 11 82 61 150 40 189 110 199 31 18 74 61 199 103 34 30 94 124 105 118 88 178 53 51 61
4 193 148 98 93 14 124 179 173 55 174 24 36 99 150 114 21 114 92 53 56 5 128 68 180 32 81 31 78 109 197 172 48 66 11 94 97 76 38 114 132 144 11 37 52 130 89 76 172 57 59 175 78 171 178 32 98 15 166 197 98 77 35 149 177 110 124 116 95 59 172 27 76 124 158 175 59 17 59 41
115 112 67 7 28 5 100 46 24 1 159 190 104 135 21 47 66 76 197 92 157 41 76 32 60 127 4 55 187 30 79 59 137 115 155 56 58 91 187 63 71 78 148 137 128 142 14 192 181 116 80 133 154 37 79 174 3 65 31 86 31 57 107 102 77 121 74 152 52 177 173 30 184 84 33 13 68 143 97 38
136 18 92 84 142 126 78 199 163 5 94 17 154 135 110 33 191 42 16 198 4 33 73 88 6 101 27 92 78 111 171 17 85 61 66 172 171 140 123 169 140 41 107 177 52 42 130 36 189 25 18 138 24 78 123 71 135 177 191 9 137 143 182 162 147 30 13 138 78 98 167 13 118 22 74 156 107 112 33 109
27 74 195 189 80 123 79 43 182 40 15 118 69 19 20 147 188 14 175 8 90 134 72 16 198 111 59 52 168 56 149 182 129 46 178 74 180 143 42 177 79 143 187 19 7 143 138 162 13 162 84 168 54 139 112 117 20 147 197 138 148 160 21 194 169 196 185 58 55 130 84 143 186 185 152 7 116 79 139 48
118 91 28 35 53 78 43 59 27 78 90 35 30 158 191 104 78 145 138 99 9 84 13 1 20 61 46 79 140 197 56 158 148 11 40 14 38 127 128 9 129 65 70 137 33 33 35 6 178 126 94 162 78 119 44 124 4 52 74 67 43 115 192 196 145 45 44 144 133 100 200 186 33 39 77 57 88 43 179 46
169 18 79 129 185 46 67 6 10 143 58 60 140 116 119 128 60 118 11 87 40 177 90 95 106 22 63 54 39 18 84 199 59 145 94 147 24 87 100 149 79 190 39 107 72 94 133 33 110 118 4 169 152 187 29 58 132 11 96 91 145 96 55 68 186 193 176 55 158 199 42 2 33 52 189 189 139 127 179 2
143 22 35 148 88 51 145 91 190 3 174 128 178 107 75 191 96 124 113 197 106 190 84 169 26 185 48 41 29 24 156 73 88 97 10 23 24 162 163 192 133 14 66 114 170 133 77 86 42 86 76 189 173 196 31 108 4 175 160 198 152 73 199 125 170 16 164 18 97 87 87 158 6 38 106 26 64 171 185 54
180 169 196 72 120 161 165 148 24 167 50 151 87 15 199 93 195 138 80 15 51 1 62 139 199 181 67 193 30 56 185 39 15 66 140 38 42 182 192 54 76 48 163 112 172 191 64 40 141 131 98 31 124 61 183 69 34 2 70 24 129 61 144 19 70 85 22 191 110 183 160 113 101 70 71 170 78 14 74 193
9 118 37 128 36 180 115 161 169 129 57 112 197 83 105 198 128 10 78 171 67 85 170 138 122 6 3 20 103 193 174 115 189 71 168 158 109 74 140 116 116 165 190 49 32 103 123 180 67 57 125 32 176 162 49 102 25 75 148 44 9 129 146 188 110 76 162 121 39 170 23 148 80 191 198 60 3 168 196 46
21 85 45 4 133 83 172 32 126 82 62 190 127 47 182 124 79 78 32 192 145 80 175 182 21 158 57 107 4 104 153 129 116 57 176 139 60 190 20 174 94 178 190 196 68 55 136 18 10 143 16 59 101 4 16 55 177 70 107 132 115 165 91 108 190 23 34 90 6 3 102 115 167 57 118 199 24 65 186 7
98 197 19 21 122 167 197 119 171 174 197 153 59 86 97 66 195 147 109 92 177 75 125 57 51 109 2 52 162 171 200 175 76 88 78 13 197 10 152 116 18 153 185 24 43 59 38 5 135 38 106 102 89 162 86 42 94 133 78 32 53 31 54 27 166 175 178 131 168 29 43 147 71 36 147 154 130 54 179 185
34 67 161 15 31 120 151 39 38 112 161 167 198 67 38 200 56 53 149 1 101 143 59 99 95 101 187 123 130 50 97 91 71 148 153 83 23 25 169 45 147 108 160 133 93 182 178 22 113 153 35 109 150 143 196 30 147 119 101 57 24 151 95 66 39 20 192 109 93 171 110 77 110 175 89 99 109 116 140 56
43 66 59 16 173 123 65 174 26 115 83 31 69 176 171 140 40 183 29 175 120 170 151 43 158 69 69 34 138 162 108 76 194 163 169 107 133 19 60 86 64 92 85 55 129 188 18 68 36 147 144 14 170 122 109 91 148 94 185 140 24 134 109 176 193 12 157 134 121 91 146 62 151 2 78 111 84 105 110 132
17 71 110 147 1 21 169 166 156 189 72 161 39 141 145 114 157 118 14 176 62 75 91 111 177 24 69 40 185 143 154 5 4 117 181 115 103 174 12 158 121 134 105 177 188 126 200 33 43 74 102 117 184 164 16 8 137 57 10 160 184 153 172 98 22 82 157 101 5 177 150 95 6 8 81 180 40 163 189 77
186 11 198 120 114 23 73 86 13 28 21 118 9 153 148 19 139 155 30 66 22 82 19 69 89 32 98 168 66 99 40 69 179 112 129 97 189 37 184 116 101 53 180 123 196 133 81 51 67 150 135 170 135 121 182 90 50 189 46 134 74 35 81 42 77 133 155 190 46 150 60 82 73 198 138 50 112 140 169 163
5 82 24 91 70 16 110 72 180 17 158 175 79 51 145 78 61 173 116 49 147 142 58 161 95 164 11 93 166 1 52 42 33 46 40 12 13 177 111 93 164 31 57 63 19 149 126 69 74 163 162 11 61 7 140 15 2 189 52 100 155 23 105 108 26 146 52 18 48 131 102 67 4 47 34 14 95 124 7 22
62 121 198 8 155 50 155 35 68 144 197 152 125 181 186 34 129 73 99 121 18 22 165 101 65 148 8 28 135 102 156 175 109 68 2 29 31 199 113 84 10 35 172 16 119 137 107 196 138 22 23 140 190 177 113 96 7 102 132 124 83 120 27 23 51 30 85 104 57 92 71 152 7 180 162 124 176 97 173 77
181 60 174 35 195 52 71 57 87 54 45 138 103 100 144 37 130 130 98 8 42 166 139 184 181 130 174 83 57 144 105 56 78 6 159 98 52 61 172 54 181 126 159 83 120 100 63 16 57 67 103 102 4 64 125 180 143 199 74 119 72 193 137 125 94 104 58 163 23 52 33 1 120 191 175 79 16 152 5 117
103 105 171 163 163 152 152 111 92 69 20 163 68 160 33 69 22 165 15 71 42 139 103 138 84 41 164 34 19 63 92 28 111 46 15 155 60 20 89 143 106 29 119 25 115 81 121 132 129 117 79 14 105 190 121 73 165 29 199 188 14 149 159 179 171 37 193 135 94 46 117 37 187 66 78 16 178 67 56 143
126 12 195 142 12 43 123 167 49 29 186 21 190 93 195 103 62 115 90 141 75 118 51 24 15 45 50 11 161 103 146 84 78 193 25 197 122 21 64 194 187 76 157 167 93 166 49 162 18 107 69 83 104 176 95 89 31 12 155 109 28 5 110 101 8 164 71 48 107 32 188 61 196 28 131 63 125 131 20 170
115 45 176 140 10 153 5 42 71 172 9 56 113 170 90 175 161 29 196 64 133 103 94 32 32 4 3 96 156 46 46 190 86 188 193 88 175 182 99 53 59 10 66 70 198 25 148 29 190 118 126 31 1 178 6 56 77 114 111 23 100 191 118 162 53 94 125 94 192 129 114 144 122 77 106 129 7 106 173 99
90 143 46 37 198 123 139 171 60 54 104 64 156 116 189 34 87 163 33 184 149 151 11 87 5 47 80 89 120 139 15 104 194 63 197 152 47 170 127 95 117 66 115 127 195 22 165 173 118 121 113 48 73 19 43 43 106 125 153 69 68 17 9 137 92 31 142 89 60 172 23 54 190 40 145 125 170 52 58 158
35 174 192 128 21 96 168 140 132 150 160 13 12 43 140 43 200 16 73 152 177 122 169 42 184 184 63 15 5 155 87 83 154 137 91 9 188 14 44 166 133 3 141 11 57 138 133 23 149 107 114 34 13 86 31 177 74 178 146 50 82 146 108 174 51 112 101 165 164 69 175 52 188 199 21 152 49 5 151 140
184 40 78 99 148 52 92 91 32 139 80 103 51 187 164 176 18 90 77 164 120 83 95 82 153 18 152 32 184 10 129 98 68 58 79 132 35 36 55 18 174 191 131 84 20 11 93 140 44 119 115 133 162 184 61 115 154 124 116 135 112 94 98 177 151 178 6 98 97 135 100 116 45 97 167 50 36 120 165 10
49 135 95 58 98 42 189 124 163 85 188 44 186 100 70 190 130 119 165 169 113 127 22 17 130 146 92 122 135 143 114 140 164 109 66 31 39 182 30 105 196 163 10 179 11 39 29 184 28 198 65 14 158 3 145 58 40 176 195 168 9 18 117 50 35 45 1 200 184 57 5 10 136 128 99 81 147 124 26 29
152 183 174 102 56 27 123 10 137 10 114 51 132 92 61 93 131 7 110 43 54 54 9 173 156 185 10 25 107 75 22 149 165 104 46 126 196 56 115 31 158 138 10 132 98 77 114 96 21 6 139 192 92 115 173 17 103 137 82 133 141 33 156 84 83 171 35 88 159 24 156 47 91 63 176 19 193 162 40 67
93 23 142 134 3 161 103 197 101 10 36 190 181 117 67 100 21 30 153 199 169 44 175 110 96 93 64 23 115 192 14 103 51 32 74 174 68 94 184 113 21 115 110 53 146 184 42 63 163 158 180 31 117 146 63 61 138 41 81 49 74 106 149 34 25 100 172 89 43 11 119 153 47 142 11 132 191 15 86 138
98 196 146 117 48 38 62 173 105 141 175 199 83 124 164 4 154 198 96 89 121 86 99 169 163 166 117 150 4 84 172 25 69 59 109 191 182 144 10 98 58 195 98 161 101 55 109 108 148 196 57 121 49 117 178 108 106 61 69 171 67 27 142 142 166 65 16 35 106 92 51 21 92 120 61 161 48 119 107 60
158 28 57 28 159 91 53 88 27 187 116 198 110 182 149 163 59 20 16 15 99 140 199 131 125 45 21 129 122 114 147 56 56 123 181 154 54 5 162 78 111 47 59 90 124 27 18 145 48 118 132 142 33 44 119 191 88 8 159 39 166 158 94 120 102 192 172 144 125 181 197 60 14 136 135 114 160 114 103 15
96 22 119 164 88 186 170 124 150 92 138 123 77 106 130 139 5 88 46 112 163 51 156 171 1 10 14 129 171 114 189 89 171 189 150 109 21 87 95 9 83 152 133 73 11 118 79 39 103 83 95 168 154 104 149 166 27 133 125 58 199 138 178 136 15 35 175 176 182 39 179 77 12 2 84 110 42 10 139 64
138 133 18 132 41 57 167 88 118 79 102 10 4 68 154 71 72 79 29 145 145 85 13 89 173 165 134 144 136 192 149 89 104 172 6 132 25 2 154 135 154 155 79 24 18 64 133 50 158 119 196 147 66 33 199 118 83 171 122 4 93 49 65 44 139 60 193 117 72 158 144 58 6 15 200 24 2 57 110 8
59 115 49 148 75 16 88 43 75 199 73 60 17 125 22 22 168 20 119 100 101 27 70 27 67 170 22 63 107 56 32 151 182 69 11 76 18 75 152 26 80 87 186 143 193 178 190 72 148 47 118 163 43 1 152 56 115 161 151 160 58 83 131 140 163 1 33 196 172 73 154 68 196 79 7 182 198 139 33 200
183 41 197 25 199 71 193 83 174 140 64 135 46 91 113 145 162 130 167 57 5 97 129 95 117 34 137 194 34 59 197 131 80 93 97 134 25 42 168 168 156 164 99 72 79 172 149 6 27 66 157 39 27 122 39 81 6 130 192 112 92 47 200 71 8 133 46 137 43 1 152 80 54 150 86 120 95 57 162 8
139 28 183 115 103 114 185 121 99 48 187 34 113 122 34 173 23 13 199 66 110 23 73 126 128 35 117 109 15 84 106 168 47 191 59 132 152 107 12 21 142 135 167 2 192 145 84 47 30 6 135 48 61 179 122 34 161 109 106 10 51 58 98 162 47 160 74 165 151 93 182 56 165 172 11 83 75 85 13 36
177 188 33 54 90 145 102 71 153 128 192 152 30 65 85 134 168 134 79 13 99 66 147 157 140 90 118 4 126 179 116 151 68 54 134 189 25 124 197 43 173 129 106 195 109 39 172 47 135 70 10 160 23 130 135 190 182 58 159 144 174 27 23 27 66 103 179 159 48 1 192 154 7 89 189 106 185 150 25 127
189 109 176 1 35 11 54 110 185 33 63 140 90 35 13 180 170 175 100 190 156 138 91 155 116 150 38 96 150 72 178 129 119 119 8 98 196 31 150 148 52 174 86 5 137 104 178 28 28 131 81 103 90 53 131 55 1 176 147 74 55 83 63 47 136 96 173 12 158 52 61 32 1 76 88 104 15 94 1 151
36 122 172 83 58 136 90 9 118 126 140 49 63 87 18 70 120 20 200 93 126 148 72 177 147 182 88 164 18 1 13 91 23 163 65 166 50 102 40 50 182 170 74 96 129 199 35 120 74 7 85 41 41 144 102 130 85 92 200 104 45 158 44 144 97 112 68 164 87 175 122 152 158 184 172 65 69 109 130 163
78 130 129 164 73 158 55 137 80 3 177 67 183 53 58 136 75 29 153 54 136 81 93 139 170 196 76 200 162 126 190 32 96 11 121 121 156 83 188 179 13 36 115 124 67 50 126 179 27 199 188 111 90 120 63 118 91 73 32 132 74 34 106 194 154 56 72 185 28 140 43 41 200 39 55 198 3 77 138 24
149 102 69 2 59 48 101 184 35 195 93 131 162 22 58 5 164 7 13 139 71 171 41 135 138 96 181 82 23 2 28 78 147 169 200 143 122 113 141 85 102 154 104 133 42 179 142 164 146 157 13 90 44 199 151 25 89 66 124 110 144 59 61 200 35 47 16 132 113 42 180 198 139 177 50 196 73 51 22 179
196 58 182 36 2 183 120 84 46 13 17 29 169 158 123 101 129 111 182 143 128 47 114 64 2 154 26 75 154 43 164 9 108 116 103 103 1 94 35 69 32 178 72 105 196 133 85 135 173 109 2 178 81 78 174 145 82 72 161 188 10 181 131 101 169 144 181 146 41 66 109 29 34 72 182 21 189 97 133 2
72 83 196 28 52 194 11 93 80 98 124 196 146 128 40 20 112 133 120 170 68 169 79 81 77 114 97 29 59 152 188 16 96 174 35 64 14 177 21 89 121 59 21 68 19 82 85 18 68 61 62 87 17 145 136 6 49 4 42 58 104 168 67 185 93 85 112 40 5 138 7 121 86 94 117 49 94 79 115 27
59 93 87 34 72 128 17 199 24 200 31 45 58 191 169 27 52 170 172 171 105 118 126 164 159 99 81 26 48 38 55 20 101 129 41 77 86 44 101 72 80 52 10 44 33 136 125 34 59 194 108 50 68 39 58 9 132 23 55 197 190 120 55 135 181 153 174 39 107 191 61 51 155 103 130 128 26 2 15 141
13 118 61 165 3 13 34 135 30 173 95 42 64 20 89 153 35 80 47 156 75 103 161 126 2 80 38 93 178 164 33 82 179 80 80 121 125 126 162 112 146 176 71 10 48 118 15 91 194 95 70 195 74 135 154 63 186 96 90 127 99 193 25 120 48 31 159 186 172 185 165 54 189 34 166 50 25 133 58 35
39 179 7 161 127 142 107 2 36 87 41 139 121 181 84 146 104 131 112 21 16 90 195 162 151 25 20 24 193 192 8 168 158 91 102 59 189 148 113 4 163 179 121 189 17 64 64 23 88 34 63 150 13 191 113 162 69 98 134 84 110 99 120 87 45 131 65 158 32 150 124 185 149 150 168 30 125 89 96 132
33 84 140 130 42 129 184 177 86 127 66 135 143 9 152 49 125 197 176 164 58 57 52 198 110 61 48 25 49 188 149 106 161 122 160 176 106 162 36 147 187 165 79 172 158 190 47 21 176 184 30 144 180 103 192 82 143 85 51 107 4 192 91 38 148 16 159 183 186 63 114 87 5 14 113 102 122 170 80 53
16 74 70 61 102 87 61 67 105 114 179 110 183 180 124 191 14 31 31 76 182 197 37 127 99 140 63 176 110 96 182 162 47 93 180 181 114 51 37 197 69 54 67 104 161 178 79 169 151 35 186 113 5 147 114 102 92 47 83 112 39 188 193 48 62 112 84 168 54 155 135 138 24 79 108 21 86 45 165 5
198 167 173 34 177 142 110 138 96 169 168 105 77 40 83 15 170 198 50 125 192 169 147 126 86 187 44 47 104 20 62 23 45 147 110 135 198 178 187 169 32 42 75 132 194 79 166 86 67 157 150 93 144 83 132 122 81 108 134 166 8 18 154 74 72 57 91 44 75 58 12 51 42 104 57 50 193 76 80 58
131 21 82 100 95 127 177 29 187 15 4 191 31 64 119 144 170 142 29 153 101 71 165 30 123 93 179 81 15 184 45 100 200 181 131 85 10 108 86 85 5 61 75 153 62 25 163 50 139 49 179 92 92 138 83 24 124 9 112 120 176 115 106 17 117 80 26 14 163 22 98 166 166 127 137 182 103 138 79 157
200 192 185 145 70 177 127 22 76 26 30 33 146 54 72 200 53 1 129 106 130 142 98 139 177 128 85 178 35 20 38 32 76 159 181 107 59 110 91 96 78 96 171 150 4 27 171 142 55 113 82 91 177 26 92 55 173 37 61 198 67 26 84 182 28 84 33 101 112 81 167 192 46 48 80 60 176 58 10 21
36 75 195 11 150 177 88 26 169 190 132 49 39 122 7 118 119 73 13 78 17 186 121 151 125 142 100 136 150 52 94 152 14 46 23 74 181 40 144 170 67 132 110 191 3 38 65 117 9 193 177 109 197 134 150 189 182 123 194 103 153 83 134 160 187 71 95 186 167 140 127 37 70 5 9 32 82 172 176 72
136 43 11 172 2 91 28 23 168 35 120 136 114 197 91 82 109 83 170 170 93 37 105 129 114 104 195 136 128 113 73 77 120 67 155 96 198 196 188 65 184 124 110 25 4 15 109 106 191 162 196 18 82 36 173 72 123 170 134 11 194 13 183 157 32 42 20 129 111 90 47 114 43 173 8 140 99 161 151 4
185 85 114 54 156 14 32 122 48 37 37 73 69 152 185 30 3 107 175 68 69 193 76 78 111 25 62 143 29 200 60 44 162 186 75 97 25 18 97 147 96 171 173 150 111 70 190 29 27 36 70 31 189 173 75 46 84 80 141 134 22 141 95 92 38 130 78 16 148 132 52 127 194 54 14 113 13 77 188 98
118 128 97 193 139 21 32 107 49 60 95 142 156 36 156 129 197 103 99 13 128 197 148 59 92 79 157 142 133 135 76 167 95 180 61 136 192 83 139 140 165 98 134 73 164 12 200 19 156 177 184 67 18 39 37 131 104 67 58 179 189 196 200 63 70 173 6 36 177 125 13 68 58 183 114 125 70 29 32 160
189 93 20 142 161 121 68 44 99 29 33 110 135 166 185 98 23 127 135 141 119 192 11 98 130 164 158 107 88 153 177 79 9 187 181 42 32 147 122 175 172 179 87 106 92 134 77 176 51 121 113 35 107 114 93 158 184 163 135 83 35 115 166 166 119 168 173 102 152 119 99 121 153 143 43 26 164 105 16 130
8 46 89 173 94 26 60 3 124 180 150 179 122 96 105 198 184 77 181 66 21 108 119 68 124 175 70 161 73 178 190 1 46 106 3 64 75 148 200 147 115 53 17 172 188 19 121 30 173 156 172 128 60 200 80 46 107 30 76 138 38 55 94 112 46 162 127 100 89 92 189 21 164 193 182 149 160 168 183 43
59 127 39 9 131 97 151 34 61 101 7 96 159 38 158 83 57 24 198 60 127 3 181 39 134 156 130 31 7 29 87 7 67 157 7 61 177 26 121 162 90 115 170 78 104 196 165 144 141 91 73 150 82 141 110 133 89 109 10 117 107 53 119 128 82 149 170 53 134 43 64 164 173 86 109 69 67 63 132 143
