50 	
2	90
1	45	5	859	9	
0	35	5	157	7	
1	4	3	285	6	
0	57	6	284	9	
1	33	5	1170	1	
1	2	2	747	4	
1	42	4	1016	3	
1	45	6	893	5	
1	21	9	271	5	
0	16	2	195	6	
0	99	7	47	7	
1	99	7	520	7	
0	4	3	753	1	
0	29	1	357	4	
1	42	5	738	5	
0	9	3	139	2	
0	23	9	361	6	
1	82	3	207	2	
0	17	4	216	8	
0	78	5	730	2	
1	65	1	239	7	
1	33	5	859	6	
1	50	7	62	7	
0	67	3	962	7	
1	68	2	1111	5	
0	74	2	125	8	
1	86	2	358	5	
1	32	2	656	7	
1	66	9	2	6	
0	44	1	256	5	
0	46	1	640	3	
1	69	3	993	5	
0	53	9	1159	6	
0	65	8	661	1	
0	86	4	205	3	
1	68	1	524	3	
0	10	5	85	1	
1	19	7	779	5	
1	73	2	918	3	
0	52	6	958	5	
1	51	5	923	6	
1	99	9	1137	7	
0	3	8	111	9	
1	37	7	149	7	
0	81	5	813	4	
0	46	7	745	3	
0	9	6	389	1	
1	50	7	944	9	
1	74	9	912	2	
1	83	8	495	4	
98 144 57 56 23 83 34 186 125 159 15 200 183 192 147 169 196 16 106 67 198 176 124 167 52 64 14 57 121 129 79 88 166 107 16 190 154 112 32 145 119 141 125 198 196 161 132 141 165 95
17 84 164 51 191 37 81 106 148 118 187 46 154 92 113 118 81 27 68 69 149 26 167 194 51 185 17 154 200 123 192 187 56 186 181 122 131 96 38 198 65 65 125 41 152 151 101 166 18 190
88 55 105 34 57 77 46 126 102 111 89 194 176 77 136 9 49 22 56 97 47 140 167 32 179 59 145 41 142 45 28 88 59 200 144 100 92 24 162 178 111 23 148 90 100 118 176 35 162 162
174 168 20 16 136 194 185 107 184 128 115 134 170 192 42 81 114 95 136 95 104 94 166 51 156 95 139 95 79 119 112 17 150 45 67 32 107 199 144 14 143 162 80 196 16 136 149 79 101 85
78 54 82 73 146 46 81 15 114 179 15 26 12 151 180 199 30 155 64 86 190 83 100 133 35 82 9 120 152 76 46 165 105 172 65 120 146 102 32 185 85 188 97 154 140 68 72 46 91 18
18 115 172 19 192 149 145 66 186 68 102 120 35 124 154 71 198 80 65 21 45 183 76 66 13 168 168 92 200 88 50 82 55 18 66 27 113 65 150 182 152 200 160 144 182 141 107 190 101 180
46 76 24 27 90 161 55 87 124 134 39 68 7 166 82 142 59 24 112 43 73 2 18 141 12 4 187 195 16 111 122 146 187 68 138 194 198 119 191 131 104 33 106 122 139 111 196 6 164 195
59 131 62 31 40 170 156 154 161 113 153 48 194 61 70 88 83 112 197 122 65 118 90 91 63 87 198 74 54 39 147 8 121 97 21 197 54 126 114 72 135 135 31 53 77 99 160 88 134 21
189 77 95 188 97 87 192 163 51 112 84 178 194 183 3 69 23 150 178 51 62 160 79 165 38 31 163 57 166 197 59 52 81 148 183 134 122 96 102 14 44 64 108 158 31 184 44 174 37 80
167 166 52 141 27 34 119 61 190 192 75 29 142 173 75 20 6 60 1 77 161 120 149 163 129 129 147 104 119 187 50 137 107 79 76 129 124 142 172 10 116 154 9 93 100 175 155 73 198 84
22 130 65 82 160 107 150 46 104 188 177 43 6 104 32 120 25 160 183 158 43 58 125 112 47 93 71 99 54 78 143 68 21 198 49 110 76 93 138 68 30 153 191 179 123 36 66 86 32 18
152 200 47 105 39 7 80 135 119 182 84 180 43 143 197 140 26 91 52 8 134 159 82 140 46 192 3 110 171 115 91 54 65 134 76 150 104 90 73 49 146 29 19 59 162 190 78 197 35 126
43 195 176 191 50 29 192 139 152 58 15 120 19 196 124 190 48 7 84 128 5 59 75 171 88 7 133 43 159 108 34 126 196 200 96 63 88 74 25 125 198 110 186 28 23 120 177 96 65 135
87 13 130 28 9 3 146 51 164 4 97 25 186 121 45 127 24 58 95 191 53 125 73 142 136 73 134 91 163 58 154 200 161 44 163 177 170 154 57 91 154 78 115 143 174 136 170 68 20 185
185 190 161 94 136 117 5 37 191 65 63 164 183 77 72 143 107 27 122 157 53 39 7 83 110 5 159 24 14 73 3 79 156 36 63 8 3 68 111 127 82 164 24 159 8 142 113 86 86 198
154 100 190 97 74 197 17 93 55 75 16 71 97 155 35 56 99 107 160 121 195 162 81 22 13 74 1 38 152 91 189 178 159 71 29 125 70 117 48 145 104 66 100 68 11 21 177 185 46 64
59 195 123 47 145 76 173 100 113 14 164 105 57 129 68 147 124 179 129 94 131 54 18 33 118 36 192 94 2 9 39 84 82 105 177 86 162 189 102 109 109 153 161 54 103 142 9 34 148 8
137 120 75 127 54 197 131 7 107 91 136 174 130 6 78 73 86 26 3 51 30 21 23 14 179 147 141 71 196 1 64 103 23 83 40 110 126 2 33 136 29 152 137 122 1 123 120 116 155 179
136 96 135 123 94 70 185 88 19 26 154 27 153 23 109 1 77 77 87 83 50 166 36 63 27 62 152 98 148 123 17 69 195 88 187 23 188 116 42 22 199 42 85 98 45 127 152 95 28 99
28 11 105 48 179 148 155 3 28 185 20 69 113 104 59 200 117 156 78 173 169 146 164 184 17 118 37 146 73 199 133 6 25 173 160 46 172 122 14 35 156 108 27 76 149 132 92 125 167 4
64 7 63 141 145 1 131 176 157 53 128 33 193 192 172 82 81 182 124 125 5 96 90 46 61 115 145 59 173 153 180 88 23 54 23 69 37 94 53 112 98 59 40 121 140 122 49 189 9 114
73 14 6 192 37 75 10 171 15 135 127 190 13 188 123 171 55 9 83 137 92 59 24 45 90 46 137 188 57 146 31 20 19 178 103 20 40 85 12 81 58 59 19 119 124 111 112 165 84 34
193 59 20 7 47 1 159 95 119 188 132 187 105 53 178 169 183 181 9 92 57 154 158 197 123 194 61 42 160 186 100 52 85 162 146 103 12 38 23 107 99 91 78 191 66 103 161 30 3 126
121 151 89 32 129 5 151 30 37 54 13 18 109 91 73 147 58 138 90 163 155 94 138 143 14 96 27 184 103 179 176 192 167 50 118 123 86 178 55 112 91 107 55 105 27 5 33 158 144 50
127 66 187 103 37 80 40 70 114 118 26 94 78 9 31 174 33 142 109 163 145 109 56 161 110 90 116 94 124 177 180 31 138 68 175 98 171 137 169 84 136 120 106 97 90 51 32 98 67 4
146 37 185 102 179 154 189 192 17 83 9 89 138 51 63 116 178 145 57 47 113 73 136 55 89 177 197 187 77 152 91 142 51 170 200 162 141 35 173 181 132 36 108 129 135 44 21 29 177 45
106 47 167 2 119 198 94 89 81 37 198 172 165 64 189 191 95 2 175 72 125 35 9 20 122 6 140 136 28 175 18 171 38 194 121 27 104 57 109 116 118 76 133 147 36 132 31 190 28 109
157 156 162 83 75 180 57 24 82 34 150 169 59 48 25 149 91 18 103 76 40 161 107 24 181 60 175 19 153 41 126 26 5 117 183 91 197 161 122 1 17 166 148 197 110 9 67 150 38 126
200 8 40 146 102 127 155 99 65 148 24 99 44 97 115 127 44 137 184 93 112 149 134 9 170 84 162 157 190 62 195 36 163 70 98 59 18 146 157 99 111 95 57 108 134 102 182 141 179 77
134 189 92 188 125 192 83 91 43 60 191 61 156 90 104 197 149 174 131 19 160 97 29 173 31 126 58 122 134 55 10 54 155 52 71 15 109 191 160 48 81 7 175 112 98 119 141 112 90 167
40 139 13 33 164 56 172 141 159 183 92 50 3 191 180 43 167 26 111 107 178 148 116 137 150 78 60 99 65 138 48 6 145 150 117 3 7 97 148 181 191 65 75 28 93 145 147 3 162 26
31 99 168 104 38 110 86 153 119 131 151 167 188 93 190 108 17 37 110 174 58 17 109 70 68 190 55 38 1 99 57 76 105 133 118 37 151 137 135 20 158 73 182 70 20 13 92 76 109 184
180 112 64 159 196 163 55 158 148 70 44 199 116 13 199 119 89 95 64 48 23 25 166 82 170 194 118 46 140 170 75 131 46 159 34 126 174 31 89 37 118 27 83 176 84 78 11 101 24 5
195 38 145 157 109 49 114 169 99 160 138 151 84 21 175 117 15 182 51 9 55 77 170 79 28 168 25 54 83 148 80 147 100 63 144 161 94 125 121 191 144 188 99 21 171 44 115 11 117 135
36 151 164 192 55 162 148 61 170 52 195 79 139 194 109 198 33 122 177 179 56 76 69 189 23 144 95 130 161 94 81 2 6 134 115 164 143 75 31 190 64 48 141 91 160 162 89 193 140 108
59 25 36 56 57 63 5 195 195 63 3 170 104 56 35 42 144 22 26 152 174 125 189 184 196 51 148 117 114 90 21 162 185 172 85 161 189 90 97 132 147 75 142 171 72 199 124 55 141 23
79 178 18 120 62 168 122 150 87 15 89 12 153 61 14 181 4 121 73 122 128 64 192 171 107 98 128 166 162 130 154 73 8 20 100 94 196 67 24 93 183 148 61 184 144 135 92 115 160 107
174 26 156 76 9 111 72 174 68 83 17 1 67 131 143 169 6 120 27 100 146 97 192 56 106 26 179 193 196 68 35 63 123 82 176 125 90 76 171 155 65 112 142 57 94 104 81 106 119 145
182 66 51 133 195 81 37 88 157 112 146 186 30 163 46 181 76 144 188 60 103 67 63 68 158 47 125 17 183 162 47 190 165 63 126 189 116 63 122 161 169 3 76 65 100 77 12 19 58 38
116 11 86 10 121 166 147 47 18 124 23 134 54 67 64 81 66 74 141 159 28 28 94 76 190 92 44 34 200 156 52 78 21 180 174 152 130 125 147 18 16 136 192 40 79 10 65 18 62 56
15 149 86 172 195 105 59 189 150 76 167 175 96 126 189 54 65 83 9 162 108 18 111 18 67 29 171 174 86 71 59 6 171 191 105 84 114 66 36 35 67 70 167 106 89 90 32 112 85 37
57 101 34 1 96 43 144 3 21 193 150 67 78 50 134 29 92 189 45 126 85 124 153 135 35 179 11 145 198 124 14 83 150 29 50 75 192 54 108 199 171 182 152 185 100 143 64 85 145 64
21 95 7 137 74 155 183 170 166 25 128 177 92 126 176 74 98 95 193 113 53 82 163 33 200 83 57 108 103 110 45 135 98 5 100 148 46 124 152 100 141 51 140 12 2 46 44 166 168 109
76 51 160 27 83 190 195 70 20 56 111 92 91 53 132 29 117 62 128 185 173 104 77 168 71 162 9 115 197 18 148 132 176 56 46 52 5 52 165 186 57 50 48 101 130 177 75 199 172 184
161 154 134 64 26 44 47 75 170 176 188 6 99 76 161 142 105 131 37 136 27 98 132 109 149 75 56 144 58 64 138 172 22 191 122 122 145 90 45 76 112 150 63 192 193 91 31 66 132 113
36 21 77 171 138 11 25 62 83 135 133 123 192 38 134 179 99 88 126 40 4 16 145 71 24 12 135 58 28 157 71 153 10 154 96 60 14 44 150 143 189 198 161 65 186 97 96 35 147 40
16 18 161 37 67 158 173 154 194 125 71 70 123 2 5 127 89 73 24 5 10 101 119 68 11 124 175 167 64 166 194 75 80 138 35 181 140 42 200 80 71 150 77 55 135 165 122 102 105 50
180 60 48 136 128 43 95 45 27 166 75 68 135 89 86 67 57 43 150 86 125 30 47 195 117 5 31 99 29 28 40 112 173 80 87 24 198 125 66 134 198 70 106 126 129 39 95 16 135 122
52 92 53 73 130 170 26 191 166 173 75 116 90 14 31 189 91 70 70 5 94 93 180 190 193 117 16 24 154 78 90 190 61 88 183 182 102 94 132 130 54 14 46 100 15 94 82 34 25 127
108 184 147 12 64 58 117 141 181 181 71 9 161 145 137 95 115 67 26 79 7 178 5 120 198 157 92 173 11 163 172 123 166 140 194 34 113 15 135 158 52 133 18 170 152 130 38 150 23 199
170 22 32 6 184 63 31 103 35 59 24 188 82 28 129 104 177 17 11 158 39 173 182 31 47 2 120 160 134 171 103 59 3 9 137 191 93 56 104 138 151 103 68 59 168 82 179 72 39 112
