50 	
0	61
0	5	9	425	7	
1	4	4	226	7	
1	5	8	90	1	
0	9	9	366	4	
0	8	5	246	8	
0	5	5	106	6	
1	5	5	445	6	
1	5	9	185	8	
0	4	5	245	6	
1	4	7	443	5	
0	2	9	189	9	
1	7	7	236	4	
0	8	2	345	9	
0	4	9	270	8	
0	8	8	384	5	
1	2	2	57	6	
1	5	1	427	4	
0	3	2	24	3	
1	1	4	230	4	
1	1	3	270	4	
0	5	9	169	8	
1	6	4	37	5	
1	1	6	142	6	
1	6	9	151	1	
1	3	4	213	5	
1	6	7	246	7	
1	5	2	175	5	
1	5	4	419	6	
1	5	8	189	4	
0	2	9	49	1	
0	6	2	59	6	
1	7	3	118	6	
0	1	2	453	4	
1	5	6	50	1	
1	1	8	215	8	
0	3	7	191	4	
0	1	3	262	4	
0	2	1	442	6	
1	5	5	36	7	
1	4	7	280	2	
0	8	3	32	3	
1	9	9	236	3	
1	8	9	394	4	
0	9	3	235	8	
1	4	6	102	5	
1	5	1	144	7	
1	2	4	443	7	
0	1	1	389	9	
0	5	7	253	1	
0	5	8	83	3	
176 131 37 46 165 133 197 131 13 61 44 138 187 58 100 16 151 70 85 172 80 44 145 51 105 162 51 104 159 120 60 11 84 61 19 185 72 93 161 100 143 151 152 160 40 29 137 45 18 64
66 55 137 103 146 7 123 46 70 1 96 68 87 153 143 91 192 182 190 11 5 97 135 98 97 196 97 174 148 127 195 162 57 183 72 19 191 19 4 34 67 151 5 65 103 30 49 21 147 77
174 18 18 115 189 121 178 196 49 110 28 51 162 52 103 90 15 84 151 177 58 8 154 118 193 194 9 173 172 16 6 18 187 119 155 13 23 55 101 60 167 134 173 132 65 198 191 155 194 23
168 24 190 42 193 47 190 144 22 17 145 141 163 104 142 197 68 60 66 133 145 169 20 134 193 63 121 149 60 118 76 27 49 125 161 66 113 66 50 94 47 99 69 110 126 176 166 39 123 101
80 185 66 193 193 197 82 24 105 49 159 88 144 43 18 67 50 200 156 197 172 94 196 36 186 95 99 2 24 114 169 162 187 66 21 91 4 4 114 115 5 171 80 83 151 4 63 14 75 45
115 55 33 102 104 168 35 37 78 101 122 80 38 180 55 134 157 176 84 93 53 148 38 182 142 26 182 145 128 49 169 177 65 184 28 98 8 196 44 19 176 45 8 183 142 119 144 43 112 183
114 118 69 3 129 134 141 91 79 39 39 46 120 46 106 39 96 128 138 153 126 15 94 181 6 155 81 44 184 49 103 97 18 60 155 101 167 119 37 142 192 103 93 11 188 3 198 185 90 44
119 82 36 45 31 187 82 86 112 40 13 112 72 73 16 38 52 159 26 173 170 45 146 147 169 147 167 122 167 171 74 125 64 165 50 27 10 163 117 167 36 49 55 117 1 168 101 55 121 190
200 141 77 58 20 149 112 125 39 21 7 117 66 188 140 10 108 38 146 73 119 159 76 103 20 16 149 84 47 69 82 81 175 71 167 137 19 124 73 85 80 194 26 93 145 131 161 71 17 149
69 60 97 188 157 114 190 179 144 41 85 200 197 109 99 39 76 183 67 138 100 198 200 141 138 41 122 196 77 81 183 173 89 141 134 111 89 187 192 153 89 180 9 178 61 185 124 91 6 139
96 200 168 92 184 175 108 110 142 2 31 136 44 77 20 130 116 18 50 27 53 28 55 137 196 194 190 125 112 155 129 194 137 56 187 42 36 141 82 28 62 91 43 175 49 70 37 126 57 137
101 36 198 34 175 58 150 178 147 75 22 149 80 107 185 76 112 78 70 31 4 112 33 28 24 191 171 6 192 90 139 42 144 99 73 40 195 7 170 185 132 181 176 127 41 113 162 24 171 174
144 153 145 118 71 97 198 161 177 41 105 90 25 156 92 23 183 194 1 27 41 85 165 87 157 106 193 24 138 27 70 112 184 6 65 142 76 123 129 125 9 53 94 32 71 34 20 118 42 38
149 146 12 134 101 176 112 66 68 75 4 13 36 191 102 164 2 192 175 15 45 147 80 81 134 143 29 151 141 175 50 154 33 189 142 124 71 164 93 149 95 138 132 145 107 183 84 165 178 24
157 131 168 92 198 82 2 88 16 189 82 12 59 193 30 172 17 131 33 94 9 77 77 44 180 132 163 148 115 126 66 152 108 49 61 171 9 72 11 184 147 144 95 144 168 43 184 89 155 68
186 152 139 58 58 165 115 129 66 59 112 110 95 113 8 122 184 34 165 177 60 132 109 96 177 52 40 60 117 118 85 39 181 51 3 16 69 195 89 123 41 26 26 186 141 98 165 16 175 71
77 6 145 122 199 108 147 167 136 193 14 53 143 33 1 141 161 62 123 125 185 190 144 25 45 147 170 89 28 72 91 39 6 141 172 137 52 87 112 96 143 44 71 146 169 4 121 187 78 7
70 142 56 50 154 181 66 14 22 132 53 132 38 162 2 90 189 172 193 183 122 133 166 129 141 11 16 11 136 40 128 155 182 23 141 67 71 197 121 192 15 155 93 9 189 145 56 140 26 100
39 141 5 129 106 115 120 70 79 103 147 171 85 84 98 61 53 197 198 181 92 115 96 19 194 128 52 78 111 87 136 162 195 108 114 143 74 92 194 12 150 130 16 199 31 19 5 64 79 115
58 164 52 71 56 34 87 148 100 178 76 142 142 111 97 147 192 169 136 124 44 148 87 135 75 149 98 111 20 49 52 73 7 2 116 82 83 21 116 49 20 84 18 59 56 137 131 26 139 28
144 101 135 186 24 93 108 186 194 14 106 115 126 3 88 115 146 122 160 17 23 94 177 22 168 60 49 69 59 54 65 122 138 79 163 95 67 147 177 51 14 33 119 196 200 147 58 96 23 56
111 198 161 176 190 175 50 43 8 152 12 133 191 85 171 68 165 118 137 151 18 162 169 40 174 31 69 199 113 177 184 103 186 97 178 89 188 119 166 25 46 121 44 104 197 93 87 64 69 108
124 32 84 104 15 162 1 116 28 93 126 145 80 87 178 188 81 181 13 165 50 36 99 21 48 197 29 131 127 57 116 199 170 87 172 114 82 173 159 29 21 101 122 157 92 156 136 52 44 122
34 51 116 153 56 49 92 43 162 9 85 46 5 101 87 138 77 183 127 20 43 61 130 30 140 93 122 53 172 81 174 193 200 122 82 84 73 165 135 48 11 30 142 8 68 197 193 134 171 71
171 37 131 62 15 196 110 195 127 66 151 71 192 100 36 22 97 95 45 121 130 168 89 186 173 64 115 167 74 56 8 120 140 9 37 183 174 82 53 101 73 29 84 118 83 118 158 37 156 160
32 182 49 186 135 40 2 37 142 200 118 133 179 168 60 124 37 148 127 116 11 135 103 115 158 71 49 39 131 35 191 119 140 195 191 99 28 162 15 58 56 139 182 58 183 197 92 168 97 62
38 132 134 28 33 34 98 90 43 184 21 89 161 167 188 80 26 60 54 89 196 2 9 69 74 109 149 27 13 32 135 181 4 23 152 186 117 189 134 130 27 94 193 179 150 141 5 2 27 116
96 182 145 167 73 195 125 79 144 195 33 194 157 183 20 161 163 182 34 14 192 120 14 20 189 110 151 179 106 50 117 30 171 154 82 11 45 65 124 51 60 21 3 175 89 138 96 137 161 144
132 112 135 109 149 69 144 50 142 90 143 64 43 42 104 184 160 188 137 53 10 69 15 198 9 198 1 116 13 64 140 168 113 122 49 132 147 78 78 79 158 44 179 165 1 160 35 8 75 118
26 166 124 166 51 166 101 71 94 185 35 118 155 43 105 162 24 180 69 88 4 80 187 173 112 19 45 126 57 108 45 95 8 71 153 97 129 65 116 115 111 124 134 28 103 86 54 20 49 61
188 153 197 73 134 162 38 168 43 112 14 116 173 65 199 94 112 12 183 160 44 43 90 32 126 116 126 121 30 113 73 38 60 13 31 66 171 14 140 72 45 55 188 76 165 165 4 131 188 45
173 9 197 50 106 68 44 34 186 184 186 18 199 94 44 173 66 106 7 104 31 80 171 147 103 164 61 20 186 10 32 67 53 4 190 28 57 139 62 86 125 170 57 22 62 150 135 113 20 72
142 51 128 176 187 145 23 112 63 54 198 145 156 41 197 14 122 164 1 33 4 15 59 55 30 195 7 20 170 61 25 7 185 76 38 56 183 13 56 113 173 23 65 191 141 169 76 134 117 4
160 4 38 133 106 88 105 54 160 150 135 174 74 25 16 60 159 36 154 141 145 179 94 147 156 134 147 41 87 87 36 60 123 197 93 196 71 114 101 118 163 192 195 71 10 15 41 199 34 184
6 8 6 153 143 71 9 5 69 20 92 123 149 20 58 164 73 35 170 183 53 127 144 8 72 84 142 31 33 93 200 195 87 135 51 180 99 118 116 81 104 65 20 61 9 137 121 112 108 4
177 95 65 3 167 140 17 128 20 31 147 156 74 70 169 142 52 71 148 9 161 65 172 198 162 20 145 195 53 142 15 81 30 86 11 16 165 197 4 116 181 45 167 115 68 112 186 46 68 154
181 22 87 163 46 196 84 4 167 142 33 135 184 86 102 52 29 107 173 38 108 35 108 197 3 196 138 18 139 166 131 88 23 179 197 11 10 174 67 82 3 11 41 46 185 198 129 70 122 92
194 7 183 84 39 188 44 23 86 142 191 7 157 155 18 65 16 25 178 64 190 57 193 40 88 182 176 93 86 163 54 51 40 129 15 22 196 180 119 148 1 66 189 179 39 122 142 123 20 56
62 177 125 40 145 107 181 167 113 144 125 9 43 56 122 57 143 98 14 195 155 13 116 16 165 72 44 157 157 150 74 69 17 168 186 135 163 52 67 181 197 182 6 154 78 190 118 134 61 107
29 24 41 18 42 168 64 90 165 106 66 120 62 62 198 148 10 106 193 27 10 189 113 40 150 116 46 50 177 160 139 36 192 57 126 142 87 80 159 58 102 181 170 30 67 152 16 78 137 135
45 126 19 130 31 189 138 148 27 70 175 165 84 72 22 82 104 43 195 168 173 121 159 131 138 177 190 18 62 69 101 196 56 191 182 144 147 98 39 90 199 27 29 117 137 80 60 65 42 45
142 109 132 190 188 141 145 43 93 34 48 46 199 61 114 193 84 126 58 123 103 83 140 191 51 96 150 90 159 111 9 121 190 49 170 138 23 168 81 108 81 4 34 186 200 125 62 88 119 37
49 144 100 89 90 62 88 10 118 162 110 193 181 51 133 75 71 57 24 82 140 165 110 137 126 110 103 196 97 197 154 72 148 150 76 147 10 190 174 21 76 74 145 161 26 200 184 27 87 104
45 24 142 111 6 74 195 12 180 149 125 155 171 200 64 34 167 193 116 194 105 2 54 7 164 15 36 129 94 162 180 196 126 2 32 39 117 32 35 160 20 44 14 175 191 58 179 152 111 10
12 162 177 94 44 153 41 88 47 83 149 150 128 173 24 166 160 8 191 142 84 52 80 76 103 111 10 178 129 199 136 139 199 134 112 36 29 121 190 88 151 114 162 142 143 154 102 108 146 138
200 76 157 82 105 78 38 38 30 159 68 187 181 69 36 190 10 85 85 140 97 136 11 82 54 102 156 135 32 193 159 177 29 133 192 104 116 86 51 32 12 88 189 195 187 73 109 88 49 197
76 160 137 154 76 89 104 95 68 97 130 19 97 47 1 97 95 185 154 52 146 86 194 133 80 80 158 193 166 113 96 146 148 19 199 56 42 162 104 91 169 101 75 24 70 151 119 40 151 16
185 100 194 140 131 174 55 118 3 180 68 52 170 45 61 170 77 135 187 63 98 57 111 191 104 49 100 106 118 142 26 83 5 42 106 41 49 67 79 35 127 137 10 41 10 58 52 196 71 159
101 36 173 163 13 8 103 134 82 145 164 43 101 51 158 76 57 84 71 28 121 162 90 81 66 65 176 34 187 88 28 14 85 28 124 131 139 81 108 100 17 147 29 147 183 109 57 127 166 133
4 7 187 193 18 12 192 97 34 134 169 153 109 108 196 46 41 61 174 108 75 150 52 133 122 87 52 118 160 114 170 3 132 151 20 146 123 200 80 200 66 87 77 96 25 129 195 13 7 34
190 87 79 161 190 106 144 64 64 98 198 21 112 122 66 60 90 52 8 46 102 98 23 189 13 84 150 11 130 81 27 79 63 193 94 96 149 129 102 176 179 123 64 84 41 118 125 129 70 117
