40 	
2	57
0	44	7	308	9	
0	10	4	438	8	
1	42	6	408	7	
0	48	9	974	5	
0	99	4	744	3	
0	58	5	474	4	
1	15	3	85	2	
1	84	4	1018	3	
0	84	6	561	9	
1	14	8	305	1	
0	21	9	525	8	
1	16	8	689	4	
1	32	8	1013	9	
1	76	1	222	7	
0	28	7	579	8	
0	90	3	916	2	
1	80	4	353	6	
1	27	4	97	9	
0	40	7	91	1	
0	2	1	910	9	
1	86	5	849	4	
0	42	6	487	6	
1	47	4	245	8	
1	72	7	173	1	
0	54	7	604	2	
1	31	6	447	3	
0	97	2	335	1	
1	72	9	410	8	
0	80	4	423	1	
1	48	1	501	1	
0	57	7	1035	9	
1	81	8	137	5	
0	39	5	439	6	
0	68	5	729	1	
1	56	5	349	1	
1	86	1	621	8	
1	94	3	199	4	
1	84	6	437	2	
1	90	5	675	3	
0	10	3	782	6	
191 198 161 130 71 160 10 112 26 123 119 1 156 184 100 123 59 156 122 82 182 169 104 145 45 158 164 53 156 110 39 193 21 85 10 191 118 52 90 10
12 99 76 81 140 198 66 26 37 21 187 199 28 162 84 17 198 129 146 90 19 163 30 120 86 127 139 106 137 177 92 195 21 110 115 52 6 102 146 59
66 112 66 46 2 94 161 79 172 189 149 139 34 161 131 144 66 67 33 188 163 140 166 86 194 25 45 195 54 194 194 52 182 18 167 107 26 134 22 152
187 199 1 178 119 1 125 178 138 57 40 83 135 132 46 32 16 31 80 17 199 50 138 19 53 77 161 121 160 81 1 26 98 49 67 107 182 135 164 146
87 95 190 151 147 81 142 169 167 200 14 45 88 107 82 162 138 145 67 66 81 131 37 15 43 174 161 148 156 107 70 145 195 179 196 63 50 148 152 185
44 103 133 197 123 191 188 92 36 33 117 125 96 28 10 138 90 191 84 28 89 18 83 81 44 108 122 23 168 21 176 98 172 74 183 93 117 184 136 86
137 14 48 34 58 198 73 117 42 134 170 7 133 96 170 122 93 161 166 186 88 194 60 2 70 187 34 4 87 172 68 80 7 2 56 21 192 29 46 174
129 148 90 155 60 168 125 99 68 84 39 189 184 12 116 86 90 198 22 120 131 85 9 108 160 118 96 17 50 4 45 155 5 171 191 95 185 140 85 176
139 69 91 60 134 72 100 190 158 44 4 69 51 18 112 91 118 94 191 69 56 15 163 118 167 138 142 79 2 55 95 177 184 119 127 138 182 15 39 52
84 7 51 172 51 139 141 156 101 123 80 106 166 121 99 106 171 34 198 161 121 199 194 61 176 55 162 188 109 7 8 1 24 22 115 33 52 195 137 19
151 93 108 111 177 118 117 129 177 13 180 53 124 44 133 142 106 167 146 11 119 169 129 112 134 145 50 144 150 107 95 33 76 59 46 149 142 7 99 146
13 142 167 35 166 126 111 33 67 43 125 197 64 85 164 82 144 50 46 3 110 122 133 170 159 87 122 89 6 160 193 72 122 123 117 160 139 55 95 129
29 192 200 136 124 194 80 46 86 118 109 167 77 25 35 95 60 77 55 30 104 115 64 159 88 187 79 174 70 27 48 6 143 18 88 185 75 52 198 156
53 84 11 60 17 73 184 176 3 66 111 177 140 41 149 21 105 41 143 126 137 185 178 35 7 80 12 59 172 114 70 43 12 98 199 114 177 140 70 195
84 50 67 17 57 79 151 122 78 169 133 200 195 106 24 80 1 88 115 93 47 20 102 80 173 109 200 46 115 114 192 59 171 114 27 88 133 104 178 28
55 55 55 93 114 177 47 94 41 127 88 163 19 117 48 174 89 99 141 176 185 53 95 158 59 143 71 73 90 87 76 118 178 62 170 35 117 57 184 175
32 21 72 107 195 98 39 185 46 134 181 72 187 113 45 133 148 128 135 178 1 24 62 30 25 79 147 198 69 31 108 18 168 50 90 183 100 115 196 156
70 185 142 152 59 97 51 63 45 114 31 81 52 65 133 39 150 180 72 74 170 57 175 33 26 133 127 194 1 168 118 30 195 41 155 104 55 61 48 85
48 155 184 106 138 133 59 67 8 86 73 176 29 115 170 71 44 97 180 71 145 102 156 65 98 37 131 5 137 8 27 195 148 15 48 127 86 85 70 190
150 67 111 125 124 132 76 103 164 128 24 72 42 22 162 118 67 171 18 11 125 18 141 125 58 145 75 167 81 96 104 56 189 136 179 189 117 33 53 106
29 47 178 19 184 46 68 24 167 3 144 75 12 155 131 39 94 124 19 120 101 60 170 57 128 193 156 192 40 165 46 74 117 188 80 76 70 31 137 115
74 92 154 83 78 169 64 141 165 174 68 118 69 29 151 102 95 157 71 129 112 23 1 31 26 190 171 60 66 176 69 38 142 115 105 13 85 161 173 82
107 109 18 180 176 98 30 130 180 193 147 136 111 78 51 53 44 85 164 144 199 20 37 118 49 100 140 73 38 143 40 197 195 97 136 47 47 9 84 88
34 184 173 158 23 124 66 96 41 195 30 154 176 120 115 48 8 144 196 169 142 89 58 117 189 158 163 132 169 66 88 128 121 4 41 46 59 200 156 108
75 200 187 188 46 33 118 8 80 46 117 159 68 65 102 76 179 145 200 197 27 122 97 180 176 196 151 112 43 60 53 162 99 148 25 49 139 32 172 91
52 151 132 56 83 36 1 179 193 103 35 78 146 89 63 152 54 122 168 71 125 107 59 121 77 91 122 90 7 70 72 43 39 180 110 4 19 26 182 149
30 177 44 103 14 198 15 17 161 66 186 183 142 25 156 48 61 27 30 147 63 184 189 56 190 109 90 147 85 103 17 100 60 22 78 52 95 180 106 137
86 119 189 155 189 21 156 197 66 65 42 72 42 108 120 110 122 150 95 124 4 156 156 109 121 196 142 7 9 51 17 88 157 175 171 116 69 46 20 135
125 58 163 96 104 36 32 97 117 49 85 126 146 73 153 142 145 164 100 5 191 47 149 141 17 77 24 90 139 62 149 1 198 74 176 34 178 72 178 173
67 28 75 112 100 162 182 127 98 38 78 13 166 112 32 109 116 160 58 79 172 115 103 62 142 174 105 69 182 70 23 106 195 39 166 163 165 93 181 57
177 63 198 64 137 88 117 106 140 141 118 113 176 97 193 20 162 177 120 198 81 39 53 200 166 121 180 70 103 45 186 26 141 182 116 197 8 15 56 54
58 97 43 198 74 179 52 168 105 125 125 136 39 34 27 29 50 121 25 190 57 46 56 45 42 98 97 60 57 19 181 3 86 129 1 119 195 110 196 125
91 154 77 9 81 135 121 86 176 93 67 24 22 166 64 55 5 165 182 81 74 6 40 196 50 117 9 156 41 155 32 66 123 168 128 90 34 58 109 125
145 67 19 78 102 156 180 148 62 135 128 127 92 104 73 45 86 81 24 77 83 130 85 28 5 145 107 66 143 175 52 89 121 80 145 165 179 197 71 156
197 45 18 116 130 97 179 153 90 91 129 176 9 79 192 15 180 57 65 59 164 178 159 138 148 153 99 120 28 166 17 88 151 3 18 77 103 142 14 177
130 147 113 184 8 127 183 162 77 37 198 143 174 4 155 39 108 63 138 112 135 127 54 182 147 41 128 148 178 118 106 156 33 6 102 59 43 127 10 140
175 124 114 109 138 163 77 133 140 13 187 110 34 157 37 110 140 197 188 194 175 27 15 50 153 123 167 200 172 46 98 4 119 88 5 86 193 133 47 155
106 22 46 149 197 54 137 195 13 22 168 24 126 188 150 48 132 118 82 50 186 23 25 168 126 109 200 48 35 143 43 40 97 7 88 83 102 162 102 32
68 10 157 166 124 122 104 68 24 94 21 77 117 21 116 4 50 34 182 98 14 92 144 70 70 9 121 109 76 99 45 121 50 37 62 33 12 126 91 164
61 86 195 144 10 3 135 159 120 36 153 138 37 56 52 158 18 61 4 1 190 142 185 57 135 166 54 161 169 31 175 7 25 70 1 14 168 11 43 103
94 156 119 158 56 20 129 103 54 6 8 160 183 167 78 158 147 124 48 112 163 143 132 187 58 158 135 72 171 25 32 134 155 82 173 106 24 162 143 48
