80 	
24	51
1	93	8	5705	9	
1	8	3	1632	2	
0	24	4	6114	7	
0	16	5	1695	1	
0	13	5	7145	4	
0	75	5	5666	6	
1	58	4	243	1	
0	51	4	5337	9	
1	42	6	1940	8	
0	45	5	6766	4	
1	79	6	6503	3	
0	54	4	4583	1	
1	44	5	2835	7	
0	52	9	6483	4	
0	87	4	5344	1	
1	60	5	6275	1	
0	73	4	4564	2	
1	7	1	2025	7	
0	56	5	3697	2	
1	92	9	3006	7	
0	76	6	1789	3	
0	60	1	3019	7	
1	14	5	1596	1	
0	55	4	4684	5	
0	16	2	5986	2	
0	54	5	2477	8	
1	94	1	4864	1	
1	24	2	638	6	
0	79	6	1160	6	
1	40	4	1032	6	
1	60	7	2364	8	
1	21	5	3183	1	
1	39	3	4899	7	
1	25	8	6460	3	
0	49	5	5821	5	
1	90	7	4684	3	
1	18	8	6237	5	
1	35	8	5646	4	
1	77	9	1646	1	
1	52	9	2798	2	
1	13	1	1760	4	
1	47	4	5914	6	
0	33	4	184	1	
0	45	3	5746	8	
0	55	3	7174	6	
1	81	1	795	3	
1	80	1	6247	8	
0	42	9	1306	3	
1	49	1	3567	4	
1	3	9	4432	4	
1	48	9	1728	2	
1	55	7	1837	8	
0	46	9	1187	8	
0	32	7	2313	2	
0	74	6	4528	1	
1	2	5	6597	1	
1	43	2	5552	9	
0	10	6	3019	8	
0	11	5	6935	3	
1	50	5	4856	1	
1	14	4	2846	3	
0	15	1	1791	9	
1	64	2	6765	7	
1	23	2	3209	3	
1	94	6	4433	2	
1	65	4	4410	5	
0	51	9	3843	8	
0	85	4	7199	5	
1	19	2	1807	2	
1	38	3	5937	7	
0	61	3	341	9	
1	66	2	2974	5	
1	20	3	2651	4	
0	5	1	3467	8	
0	13	8	1094	3	
0	69	3	7220	2	
1	13	7	2993	1	
0	25	2	3363	9	
0	72	4	1804	9	
0	6	6	1615	6	
39 128 46 86 125 32 144 86 74 99 47 113 29 165 54 171 121 158 71 190 83 101 60 89 15 173 102 177 80 127 60 51 60 9 56 44 51 57 32 176 133 185 187 148 43 112 34 186 188 136 12 180 95 188 178 54 45 37 26 158 27 73 18 60 57 92 197 160 184 157 129 118 122 52 62 27 140 11 33 76
156 43 44 45 9 134 68 150 158 82 121 157 196 52 1 17 136 24 161 69 1 79 142 160 94 135 168 120 196 49 128 55 81 146 124 134 130 132 65 67 150 62 97 101 12 33 71 182 108 155 2 192 196 57 145 22 111 142 177 190 2 53 137 51 191 50 4 75 194 106 52 14 29 100 66 77 15 90 104 138
132 11 119 179 112 20 66 85 57 68 174 126 63 96 67 67 75 115 46 144 6 166 132 85 42 119 52 55 88 165 156 90 81 117 27 12 173 3 155 31 138 4 180 102 14 162 42 62 1 150 111 32 65 6 21 128 61 179 118 112 100 184 165 169 168 58 69 18 20 100 167 71 171 178 52 106 134 105 87 77
50 35 175 159 25 176 152 131 123 70 134 179 164 62 27 71 76 59 137 97 45 132 116 38 11 186 185 180 196 32 190 57 120 87 93 18 155 96 50 96 45 183 194 88 99 20 1 87 146 113 139 104 99 127 96 42 165 138 59 54 103 6 121 152 49 99 97 83 181 194 75 9 176 94 97 43 146 48 38 50
124 182 8 46 191 144 24 100 95 37 54 6 172 27 49 133 33 152 109 59 36 126 122 34 126 26 142 169 183 195 139 92 57 150 85 81 200 155 32 121 167 136 25 13 108 46 120 18 34 105 30 168 126 194 10 139 133 161 154 26 132 3 152 10 143 76 36 119 67 57 86 143 113 152 177 60 66 54 94 186
199 151 55 40 162 64 14 158 71 3 161 113 154 90 105 144 12 47 71 182 47 99 56 54 79 179 178 91 111 190 164 131 158 200 121 12 106 61 187 125 111 64 187 55 62 30 150 140 184 147 141 195 158 8 128 21 190 161 149 6 47 123 110 57 124 198 3 180 122 52 112 3 53 56 198 59 86 164 67 90
11 103 49 48 43 179 27 113 200 19 16 68 20 128 113 102 111 174 158 25 110 197 21 88 23 82 146 93 167 91 85 123 127 187 47 90 133 142 39 40 117 29 72 186 199 9 170 38 195 97 98 32 157 20 171 85 163 175 152 150 192 67 32 78 4 79 115 22 23 142 137 125 77 57 76 108 62 185 181 173
34 122 49 80 68 60 8 62 37 181 44 187 153 81 94 70 99 110 166 181 166 91 157 82 15 147 117 182 163 140 113 199 157 188 121 28 95 19 11 189 159 10 111 43 11 43 153 101 139 197 40 150 92 58 4 70 51 177 30 41 140 88 118 89 13 109 121 93 165 52 139 111 88 75 174 72 22 145 86 175
161 55 48 189 169 144 200 148 41 57 181 83 134 69 181 171 30 141 72 136 131 161 109 181 172 181 93 85 137 160 135 159 128 32 100 25 96 122 29 64 145 65 43 93 176 141 165 53 28 26 116 187 200 182 196 55 146 159 102 165 26 193 57 26 29 110 116 11 25 112 23 169 36 190 200 162 37 200 99 196
143 44 188 97 16 185 166 24 175 140 146 141 27 136 133 110 38 128 166 189 6 43 150 107 102 150 171 171 15 144 85 30 183 28 32 100 29 76 113 175 58 135 156 185 183 127 156 4 68 47 2 140 5 56 40 4 181 119 78 89 116 40 46 59 1 64 6 50 149 182 172 74 39 62 90 1 148 109 52 66
128 33 149 106 14 167 180 59 49 13 117 127 60 102 66 138 162 81 1 91 68 185 120 48 119 192 55 68 137 50 44 136 20 148 24 43 116 14 195 137 48 69 144 98 199 93 51 74 168 192 198 72 127 179 153 71 69 34 10 131 153 71 68 102 32 77 192 164 27 43 75 122 136 106 60 96 78 124 69 46
57 119 143 78 163 54 185 139 7 163 117 13 29 48 92 151 46 124 166 36 158 41 55 61 72 77 49 170 2 93 93 137 84 35 72 61 190 20 67 31 105 193 98 34 66 90 44 169 122 158 162 6 7 124 185 49 38 117 32 138 35 51 134 181 142 154 170 153 48 64 57 135 116 88 52 169 136 65 1 40
169 89 48 198 46 149 84 198 89 12 90 33 43 22 8 142 152 177 79 49 48 141 88 83 178 72 159 118 194 73 192 163 156 162 141 163 133 115 121 190 149 168 186 45 3 104 70 49 148 140 16 41 149 79 111 99 171 163 113 107 80 108 199 23 62 104 191 1 68 155 101 110 7 114 138 29 197 158 163 135
61 76 80 180 43 133 162 40 169 15 48 166 154 135 86 17 165 104 56 70 152 189 177 174 2 69 142 154 92 102 152 180 114 8 83 1 183 23 182 35 24 110 22 138 51 29 75 125 192 87 174 188 123 23 58 56 183 124 45 12 68 31 157 93 147 29 138 61 131 192 66 116 84 133 114 57 7 79 82 62
126 14 151 26 171 54 185 58 34 168 72 154 97 196 200 109 137 138 40 9 29 121 41 21 82 143 145 15 129 78 93 173 116 38 135 173 57 89 173 200 18 177 149 52 93 199 41 57 87 164 25 8 20 149 171 12 145 192 73 90 45 162 54 93 31 15 70 189 192 81 62 199 119 139 164 182 133 111 185 61
107 81 67 32 141 108 19 103 74 38 80 79 101 89 3 43 86 76 95 141 17 142 131 198 23 99 25 177 51 152 178 2 147 22 6 96 152 134 48 113 99 114 184 84 40 67 4 8 44 90 76 47 149 37 158 168 117 20 88 36 9 74 59 53 180 68 69 186 67 26 190 170 109 134 63 33 120 193 159 10
14 66 121 77 59 179 169 42 182 6 86 102 179 184 198 79 113 47 28 134 6 165 130 97 149 170 70 103 15 151 137 12 194 142 115 143 97 61 118 94 74 66 18 49 149 25 135 102 23 64 192 164 3 164 39 184 142 35 4 27 78 155 94 20 66 127 34 121 40 87 125 33 1 112 78 166 81 42 9 115
191 134 140 39 15 54 107 190 7 149 124 137 97 20 116 159 110 37 7 192 134 39 91 25 57 27 158 192 33 111 93 7 23 180 37 98 28 177 135 11 41 156 90 5 184 53 1 61 133 28 112 33 146 31 71 200 80 39 88 185 132 42 197 87 2 189 71 18 21 50 127 21 84 103 51 173 110 69 127 26
85 36 161 51 30 68 183 116 7 76 78 197 82 189 95 183 96 179 170 163 103 86 167 106 165 127 1 25 193 164 190 129 191 81 83 130 20 182 104 161 118 30 126 126 41 180 106 177 17 129 164 49 111 161 55 79 44 87 37 69 104 99 14 138 77 130 93 91 125 54 54 172 171 102 129 18 82 143 197 48
106 24 32 124 138 58 179 60 151 153 99 149 33 110 58 57 166 47 165 114 45 129 120 69 41 170 125 197 77 186 63 13 72 174 149 101 79 116 117 185 136 52 15 166 46 169 124 137 66 35 182 145 200 150 135 191 82 170 71 51 79 68 69 21 79 37 61 103 173 20 73 192 111 109 153 98 2 56 131 76
170 77 134 8 156 172 126 41 82 189 190 166 12 85 42 192 100 6 90 161 165 154 8 116 195 103 123 5 92 76 24 46 53 63 63 153 53 165 15 159 133 198 13 20 78 86 18 73 71 164 136 169 155 142 191 186 167 1 120 99 182 52 165 176 6 108 35 155 177 107 112 107 7 139 72 121 104 24 163 39
11 109 121 195 8 138 34 151 198 148 14 156 163 18 186 132 154 73 166 17 97 9 86 169 55 72 183 6 16 55 196 53 193 144 199 28 127 104 200 116 82 1 11 27 112 118 111 187 25 190 165 101 159 99 56 5 40 17 37 122 10 192 146 143 16 200 110 35 179 34 83 3 17 85 172 89 156 174 126 11
1 12 67 3 150 149 16 24 129 110 43 98 67 43 24 119 57 32 64 187 152 190 37 80 82 122 101 188 30 8 113 120 95 91 82 21 96 169 116 171 188 14 3 34 111 91 141 197 199 164 137 192 50 159 163 57 17 198 112 28 93 113 56 67 165 82 91 73 121 169 37 194 106 5 73 191 164 171 81 46
181 61 183 40 74 25 160 59 24 68 28 50 120 9 106 93 5 30 15 124 186 140 146 154 102 127 79 49 37 156 21 104 78 104 56 169 170 177 52 159 179 83 173 22 97 124 181 20 159 177 110 178 172 153 88 8 30 22 49 14 164 69 197 194 199 149 137 112 182 139 190 96 6 30 4 27 97 196 49 87
150 21 163 170 100 159 38 73 24 187 159 56 102 127 72 200 160 169 66 93 196 47 67 151 154 147 33 89 185 33 26 175 157 167 128 73 95 150 123 56 186 179 46 2 15 11 125 195 157 96 85 40 127 109 89 20 161 149 37 37 65 91 92 196 192 108 21 143 112 55 114 39 40 180 22 192 4 23 133 62
132 43 8 47 149 16 114 153 150 4 163 179 82 103 160 191 27 89 192 39 154 95 151 133 1 157 1 148 4 72 25 55 90 69 6 6 152 148 107 144 176 117 50 74 57 191 189 146 61 114 116 114 15 187 123 12 19 155 104 94 109 178 110 122 123 30 137 133 1 65 100 119 182 107 20 73 36 3 195 129
110 37 82 71 130 192 50 142 114 56 83 174 15 121 107 47 37 137 33 28 22 18 5 103 161 174 61 153 147 8 120 126 81 190 197 143 156 133 54 149 143 38 1 116 13 181 47 135 14 80 56 54 155 94 57 55 147 112 62 136 76 196 179 161 84 29 125 136 41 130 156 112 17 60 11 62 38 129 168 55
95 6 56 8 55 177 196 108 192 106 105 7 5 72 51 40 65 57 13 30 156 173 127 190 187 148 103 187 48 66 99 38 190 65 101 76 113 155 81 116 81 199 165 72 27 23 95 109 111 5 5 22 169 62 67 102 55 22 131 85 23 68 155 198 35 113 56 9 31 70 89 14 161 155 7 124 11 93 121 155
187 151 185 186 77 179 59 114 195 67 132 157 64 139 191 148 56 100 200 144 200 172 134 157 190 70 48 22 197 141 111 82 140 82 145 188 163 38 43 50 163 163 119 87 134 52 115 148 123 31 31 49 24 27 64 189 113 50 95 87 64 166 19 110 41 81 104 56 32 109 134 166 5 141 27 169 55 159 85 1
114 20 157 167 110 114 38 118 172 70 101 176 23 78 178 178 136 101 19 51 105 47 120 143 169 118 42 163 7 196 4 90 13 113 118 107 145 130 142 96 111 1 88 94 15 52 197 138 32 27 183 194 133 22 28 43 7 32 187 65 163 191 77 63 156 73 49 77 37 103 40 82 135 40 133 1 127 99 82 120
66 122 127 152 162 54 200 180 26 132 84 145 130 128 138 170 147 120 115 64 173 186 82 112 132 164 49 126 30 190 198 117 146 152 152 162 49 185 113 129 25 146 33 165 62 152 62 151 168 25 161 46 76 103 113 9 116 123 109 3 200 123 5 88 110 60 33 159 112 44 32 72 124 147 36 107 186 88 141 81
32 84 174 36 83 21 159 101 19 96 182 200 89 175 70 92 61 121 155 142 100 58 102 120 148 193 51 103 136 175 121 92 32 113 132 23 181 122 70 73 103 156 192 19 158 39 73 192 145 69 85 39 135 56 153 163 106 38 38 83 111 70 8 41 23 29 187 43 176 92 91 25 40 101 29 136 165 192 176 105
178 29 26 57 96 35 162 32 84 163 26 162 138 184 50 89 122 191 18 110 27 184 64 67 191 157 157 42 113 154 103 19 118 42 163 134 66 113 119 35 38 62 15 66 21 70 163 106 167 41 39 181 101 76 178 82 108 69 24 187 33 26 153 51 82 95 158 32 19 29 54 29 155 55 42 154 136 46 43 40
116 71 69 168 36 74 106 22 45 110 13 185 80 150 77 182 75 93 22 86 148 6 26 47 108 172 108 23 70 95 106 76 127 50 113 133 84 119 126 108 7 74 70 75 80 158 170 106 158 146 190 112 100 61 50 125 16 11 36 3 79 118 33 109 87 141 183 104 148 145 56 91 137 63 58 79 193 117 127 99
165 188 117 160 190 156 121 196 159 42 85 112 86 3 177 15 129 192 18 128 58 116 66 95 36 92 151 96 138 82 138 149 32 100 74 12 152 152 165 73 144 191 163 2 127 111 10 23 114 59 51 82 157 126 136 95 132 3 151 188 33 180 195 106 93 187 83 138 94 200 197 16 36 89 84 47 16 197 58 69
118 56 174 142 25 30 42 29 72 106 124 81 60 1 93 173 192 30 9 119 94 191 77 58 85 3 105 60 59 199 126 118 166 57 199 102 40 120 2 37 195 55 83 79 178 118 98 49 12 48 38 55 28 132 21 122 35 147 153 78 122 145 188 38 151 158 52 59 106 24 163 77 30 120 54 60 7 152 10 190
171 43 192 144 175 132 65 38 29 7 96 92 89 100 13 7 103 93 97 157 43 11 110 200 153 59 131 52 31 21 27 103 10 66 57 200 16 77 171 123 160 167 191 67 11 78 118 181 78 153 91 38 110 93 51 97 178 165 74 59 137 113 106 138 65 185 198 9 138 76 112 158 159 88 167 52 99 25 88 84
11 71 145 167 185 51 57 94 116 97 14 127 148 157 162 33 164 132 111 101 34 117 111 167 19 70 116 176 60 58 40 87 25 20 66 187 183 53 44 47 163 40 105 36 16 143 53 5 122 127 59 158 142 159 123 55 176 89 93 102 92 6 111 27 27 136 48 88 169 193 1 179 24 12 31 84 57 48 42 133
25 120 136 32 91 164 24 89 61 27 108 185 191 89 24 95 191 139 151 71 31 19 95 101 89 96 81 44 1 58 36 128 85 181 153 97 29 58 74 65 80 75 44 100 93 148 166 143 113 195 31 60 18 183 14 143 132 106 184 51 147 170 122 132 144 191 8 139 150 73 46 191 120 96 47 177 131 153 195 165
183 20 78 149 156 64 70 180 53 117 123 12 39 107 111 174 155 48 39 121 195 160 117 121 118 130 133 119 190 104 42 95 122 158 108 4 136 3 75 73 23 173 76 62 139 82 75 127 195 102 39 92 70 130 57 150 19 6 160 35 27 83 153 164 113 94 192 36 142 167 56 51 198 72 71 17 20 14 30 78
117 136 154 85 178 182 141 68 199 18 49 118 196 158 185 114 150 164 17 182 146 119 145 183 158 102 184 48 52 116 37 76 134 98 80 159 118 58 155 91 157 6 92 89 61 82 40 67 102 26 59 58 44 7 32 147 29 45 142 148 175 85 185 148 16 37 85 2 105 196 185 188 20 86 79 178 43 108 115 42
167 188 178 62 72 184 110 89 20 178 113 78 86 198 124 180 158 190 16 178 98 68 58 162 178 140 30 187 155 57 149 47 31 101 21 157 172 76 133 169 129 189 186 155 144 89 14 115 53 52 181 145 154 27 69 91 14 151 173 34 47 150 47 109 54 76 105 104 75 70 141 136 115 55 5 81 98 93 41 171
93 127 12 103 137 129 169 100 42 75 173 149 142 34 137 167 2 169 56 123 51 70 197 159 11 29 71 99 77 137 26 104 160 4 34 87 7 78 60 59 180 64 116 163 125 128 130 64 198 36 180 195 15 90 197 106 72 160 162 100 27 197 108 116 108 141 48 163 183 155 33 37 92 69 39 178 100 188 75 141
164 90 79 147 19 60 118 10 177 31 164 42 149 153 64 48 161 9 54 199 176 50 59 157 71 194 177 163 90 14 152 181 191 23 10 78 194 157 94 85 116 39 43 105 185 136 73 164 128 185 157 150 10 85 18 140 106 87 159 89 118 67 77 126 114 19 57 114 152 24 150 197 151 40 130 38 1 123 41 167
120 63 162 177 144 67 192 142 200 198 157 184 98 180 4 167 89 193 98 48 156 36 126 193 132 101 102 1 102 21 172 121 91 173 74 177 98 16 176 125 3 103 149 4 30 113 92 29 155 63 76 54 120 12 78 181 42 174 180 118 103 99 84 194 192 157 140 157 93 200 137 142 115 9 116 131 52 165 171 54
87 47 78 143 124 69 24 190 59 111 151 63 174 102 180 110 117 2 199 94 100 77 156 128 13 90 105 66 189 128 9 62 88 122 152 133 31 35 15 181 175 140 179 155 174 169 24 68 84 195 103 143 82 184 137 185 44 135 169 111 96 65 150 65 62 172 115 56 91 106 79 16 181 36 57 166 139 74 144 174
59 155 169 65 106 104 112 170 155 151 190 33 8 140 92 25 78 85 116 30 138 130 181 179 121 42 28 68 170 70 144 194 31 30 92 49 170 169 99 57 38 177 27 57 3 185 120 168 103 186 65 47 137 53 70 8 96 18 142 67 100 145 22 118 89 94 87 148 3 186 34 146 114 133 39 193 52 42 149 1
94 2 46 7 150 86 56 99 23 106 135 124 197 149 127 140 11 198 65 36 120 132 131 161 78 143 116 195 74 54 147 122 114 105 140 135 69 134 59 88 176 186 105 52 53 26 113 152 21 103 83 24 127 181 196 58 64 173 128 191 146 90 61 177 157 75 137 178 172 62 119 33 132 26 99 134 84 107 51 18
188 174 132 74 141 63 49 103 48 164 73 26 88 38 127 174 189 91 30 38 10 83 183 56 21 32 148 23 85 98 185 181 189 21 126 81 186 151 74 119 175 95 156 83 132 113 80 110 107 43 81 12 46 60 100 63 129 52 114 157 34 41 108 156 60 163 57 39 165 34 192 132 28 102 165 161 55 186 86 199
152 43 194 130 162 105 96 99 126 191 29 149 16 56 79 152 70 173 116 130 19 67 143 6 182 78 137 193 200 86 36 157 49 127 66 47 84 170 59 183 195 38 17 159 181 114 170 23 153 46 123 147 200 148 47 128 117 184 56 132 14 90 140 125 77 77 183 55 122 177 164 131 200 197 81 87 72 58 105 144
31 114 187 105 14 38 18 71 52 162 144 61 69 152 148 4 140 109 42 107 143 94 10 109 108 7 157 4 37 33 61 95 8 72 106 47 119 54 132 151 130 195 157 194 10 165 20 11 37 72 75 7 154 26 77 57 3 106 100 83 68 186 125 126 172 130 46 200 13 140 190 97 149 170 8 86 33 121 176 117
126 12 100 85 189 44 53 142 141 103 78 35 78 17 55 86 169 84 186 124 154 150 86 28 126 185 149 180 125 71 139 166 199 163 168 154 24 123 45 153 60 77 168 78 149 88 41 35 66 72 26 46 40 54 70 133 19 102 74 23 46 175 18 8 148 16 161 191 35 196 154 142 171 136 136 161 103 178 10 22
185 23 162 64 88 39 140 13 197 160 66 86 100 152 96 151 78 102 194 165 191 26 21 9 44 200 77 172 15 38 186 108 127 151 112 8 81 148 36 42 70 101 21 101 4 71 132 151 98 77 85 184 4 62 133 192 63 70 85 124 46 132 172 92 188 155 195 3 107 27 147 161 70 18 83 20 130 128 170 116
81 159 132 156 192 2 4 24 140 51 152 124 169 177 143 115 199 20 174 148 163 1 157 9 154 199 170 67 171 118 102 190 172 133 1 80 78 97 142 153 1 96 122 160 162 6 83 64 103 177 32 144 32 36 171 40 93 185 21 112 166 194 62 178 66 190 22 181 61 145 13 118 76 102 6 111 164 66 150 123
115 129 194 121 124 101 103 188 27 151 54 140 162 22 145 111 189 186 200 74 85 57 194 158 29 117 164 25 171 22 112 19 186 153 182 8 107 15 82 28 166 136 187 81 83 136 28 10 21 100 188 29 193 61 109 117 27 153 23 200 48 5 85 122 86 35 59 34 124 10 8 151 53 185 15 36 137 89 103 51
128 149 85 38 123 107 141 179 190 54 83 187 186 26 95 43 93 45 135 141 43 12 38 132 104 193 7 104 14 183 160 149 126 113 183 153 142 110 74 184 30 107 72 51 171 181 150 67 63 72 133 141 94 130 87 162 36 106 5 42 31 182 88 59 125 85 40 118 98 88 41 41 100 63 34 36 20 97 80 195
157 12 127 61 143 72 78 66 117 72 111 47 4 125 149 21 11 13 98 76 191 46 163 89 35 21 167 81 112 99 186 40 117 193 75 68 64 29 35 105 69 135 40 63 137 168 108 55 191 98 164 20 34 18 70 171 192 64 191 42 129 116 41 197 30 171 141 142 92 32 2 83 16 167 46 96 163 62 17 91
188 170 168 164 37 160 118 193 191 122 183 131 167 43 8 131 122 78 15 80 101 177 110 44 180 135 124 48 109 105 191 165 18 40 136 62 168 150 195 10 116 31 84 60 166 95 153 169 116 17 95 179 32 100 98 76 75 77 103 151 197 73 49 88 115 177 4 22 7 107 19 62 43 80 197 6 170 1 191 126
30 48 21 5 173 65 134 72 44 126 23 85 180 162 10 113 166 178 136 89 95 37 191 72 190 5 45 28 195 44 65 156 87 109 37 114 79 132 27 123 101 151 186 169 118 19 107 32 100 198 1 45 117 59 116 100 112 94 131 184 135 79 87 51 177 31 25 196 199 75 27 193 192 195 89 73 4 69 5 45
182 145 5 118 25 151 110 29 100 179 123 195 23 128 3 124 143 68 142 2 107 163 97 148 64 134 18 76 31 147 196 56 122 200 100 42 150 33 13 18 94 2 19 14 40 154 179 84 10 168 66 133 60 185 188 130 81 84 62 196 163 11 19 42 91 62 48 102 6 15 124 174 128 21 198 126 99 68 190 200
120 117 171 138 142 165 157 60 166 25 66 58 55 65 99 188 168 116 196 108 35 192 24 160 66 108 175 138 195 65 151 61 9 22 200 181 18 84 50 150 114 98 37 22 109 119 63 74 161 84 174 47 67 30 11 161 27 188 187 29 136 141 123 17 105 147 83 20 104 87 138 107 68 57 1 86 133 113 44 177
133 42 122 30 30 41 28 140 176 87 5 48 177 81 164 26 53 126 121 123 199 58 167 93 87 194 155 167 200 73 161 133 155 2 94 81 24 174 76 88 35 4 44 161 75 181 60 190 27 27 119 42 110 182 52 105 189 56 161 73 32 76 187 58 23 172 90 186 45 150 27 14 146 173 125 167 142 49 43 161
170 142 93 64 160 71 54 45 174 79 5 165 44 46 41 196 197 199 22 34 121 172 45 66 168 148 122 111 133 15 153 73 169 114 172 125 161 142 84 19 103 12 82 93 195 78 74 49 104 41 122 162 177 180 3 145 188 81 115 145 195 43 37 55 182 140 103 39 25 18 7 90 179 184 151 168 136 48 159 96
162 17 83 132 101 68 103 47 108 187 74 121 32 35 75 170 106 57 177 15 171 173 45 43 107 85 48 178 66 116 38 190 97 185 55 41 90 195 142 75 120 191 17 46 53 2 28 177 2 119 128 159 185 160 144 193 1 27 168 200 93 82 18 158 50 25 44 46 39 148 194 22 83 64 80 51 10 61 186 158
40 126 117 192 80 56 96 136 139 171 145 165 3 78 79 160 2 142 80 131 157 150 103 13 45 73 191 77 79 192 199 189 117 171 146 164 148 62 163 59 155 53 155 200 45 128 149 21 176 61 61 24 187 97 105 189 11 64 6 2 120 74 68 8 41 117 92 51 112 188 6 102 99 85 60 58 127 66 133 160
69 153 7 166 106 167 65 101 135 71 92 59 136 71 72 9 160 151 19 199 171 14 32 81 87 96 163 182 29 83 84 65 186 53 68 196 181 167 35 120 80 41 155 160 122 137 59 107 28 88 109 62 117 164 111 149 69 82 109 92 175 172 36 97 63 108 39 73 151 128 89 41 97 100 29 160 79 85 162 57
77 129 151 18 149 79 37 112 100 97 61 153 90 81 34 2 35 105 76 140 87 190 173 112 103 90 169 148 163 23 43 25 182 37 147 64 42 171 135 173 105 175 150 101 77 90 30 87 74 26 30 7 104 9 36 115 186 149 4 191 51 40 18 133 162 129 109 87 62 154 147 70 194 9 130 5 9 85 39 34
92 171 13 146 179 152 175 170 125 118 194 163 27 183 150 71 65 118 68 148 24 181 38 35 146 103 195 121 91 113 24 131 24 126 114 138 10 11 112 55 57 17 1 25 128 46 137 59 158 72 165 140 138 106 121 84 36 86 67 67 141 59 70 177 3 110 159 41 136 54 157 43 63 83 74 45 146 139 153 183
123 49 21 169 126 122 77 183 44 108 121 135 91 36 97 40 147 81 127 7 98 25 168 17 128 119 66 172 25 191 32 60 181 73 63 102 125 156 23 127 88 118 69 179 156 52 167 1 144 140 147 45 134 33 22 148 17 39 46 167 107 65 2 156 151 59 117 134 189 86 163 87 156 27 58 175 115 25 121 46
121 94 37 57 45 135 54 18 196 195 147 175 1 88 113 193 2 83 128 159 196 70 145 16 90 160 179 48 13 124 151 64 34 181 133 28 178 150 93 151 168 106 120 97 3 159 35 192 86 197 159 113 30 20 39 200 197 160 113 21 94 156 130 189 72 155 127 193 188 126 195 10 105 38 103 166 4 134 34 123
113 139 107 157 71 24 172 31 99 4 73 54 92 44 158 153 48 146 16 199 155 185 121 146 114 190 170 172 8 38 190 120 160 114 15 192 84 75 200 41 195 164 38 173 105 110 3 27 185 45 34 176 95 135 189 194 27 29 31 141 168 127 179 41 139 70 29 66 82 145 188 43 156 6 178 141 197 99 72 62
52 161 199 15 32 123 15 124 110 7 140 21 128 160 147 114 39 142 118 101 61 99 28 88 156 197 140 55 6 140 55 24 67 171 200 17 113 151 54 179 129 85 183 22 40 5 125 74 181 137 68 4 34 101 59 42 103 88 90 16 182 75 120 193 170 35 162 34 180 143 159 193 155 80 58 26 49 130 49 87
51 51 28 133 183 56 104 87 4 83 69 145 185 151 8 154 83 176 193 40 185 173 110 181 166 23 84 110 154 173 175 173 3 46 122 187 185 115 198 127 84 21 101 58 26 4 40 29 161 52 46 20 179 144 40 54 61 176 72 40 42 5 199 165 162 72 135 177 93 121 65 87 85 24 141 38 72 188 90 154
185 200 8 54 76 167 158 42 185 82 59 180 3 144 117 192 173 156 99 124 134 141 75 104 30 38 115 122 176 14 183 100 195 136 40 63 151 61 58 51 13 114 178 181 110 178 187 14 142 148 155 188 168 83 75 4 94 21 188 15 10 77 14 21 95 71 100 160 44 197 3 40 43 6 181 136 62 178 86 47
135 67 16 72 162 18 74 50 177 50 146 135 52 149 120 164 49 168 47 111 165 140 58 59 141 171 62 55 63 89 114 167 76 183 111 103 74 77 124 115 38 115 125 71 88 198 170 150 50 161 165 141 124 91 44 178 84 169 125 31 79 61 50 75 88 132 82 69 7 92 115 85 195 197 59 151 107 64 152 83
37 175 4 138 97 96 193 92 46 164 113 1 12 102 12 165 64 130 129 13 158 171 47 98 175 120 86 197 198 108 57 107 65 134 116 60 179 27 139 186 73 121 110 102 36 24 198 68 9 137 70 75 124 54 143 154 179 51 157 92 73 179 146 43 83 125 108 171 14 18 89 88 37 109 24 181 40 118 35 160
113 127 73 175 39 87 117 128 140 176 71 1 152 37 144 101 161 43 40 76 166 94 72 103 82 80 128 2 77 156 171 192 199 128 142 105 152 153 55 112 192 116 109 169 152 134 42 105 99 72 195 192 107 143 105 22 170 40 1 23 132 196 55 193 191 159 167 99 135 117 75 118 138 109 54 167 114 168 123 96
130 82 175 129 62 61 12 98 16 136 195 111 59 98 152 185 186 159 124 169 165 72 171 196 77 122 9 89 145 185 173 177 168 74 167 62 117 3 34 30 183 29 57 153 92 157 179 130 53 154 142 57 5 71 6 149 130 24 113 158 6 91 144 85 138 157 33 41 164 174 181 107 33 139 4 170 76 182 200 10
78 12 76 22 110 174 191 72 133 139 32 101 176 105 72 153 61 142 20 154 83 50 169 186 158 110 75 81 133 136 118 120 54 35 50 74 196 43 145 129 98 181 12 163 154 171 86 123 142 90 134 190 156 28 113 1 39 20 19 59 183 121 122 52 91 134 85 195 94 153 139 44 170 40 166 186 185 128 89 27
130 10 5 183 49 78 1 193 154 129 144 25 141 160 185 174 87 187 175 192 99 17 90 177 70 25 139 129 66 13 41 112 182 194 105 65 169 130 62 157 175 32 122 174 68 33 132 80 32 156 161 136 55 164 56 41 2 139 178 165 12 101 98 104 165 18 154 28 154 41 141 140 131 52 64 198 20 44 99 12
21 152 151 140 121 72 108 114 95 169 120 63 116 46 18 92 96 149 152 189 182 109 69 159 175 102 88 105 168 105 171 173 111 25 62 48 127 143 65 198 89 75 36 199 6 7 14 32 177 111 120 125 39 165 188 50 112 9 61 64 190 112 179 176 67 125 197 65 49 196 50 44 124 64 41 29 45 106 182 130
