90 	
38	47
0	76	9	5833	8	
1	64	8	6083	3	
1	24	1	918	4	
0	42	9	3795	5	
1	64	8	5743	2	
1	6	2	3044	7	
0	69	6	5945	2	
0	31	6	6644	2	
1	15	8	2170	2	
1	25	8	957	8	
1	35	9	5321	2	
0	59	2	547	6	
0	71	6	1385	8	
1	90	7	5594	8	
1	59	3	5165	5	
1	23	7	2765	2	
1	58	5	1319	7	
0	44	9	2207	2	
0	52	3	3020	5	
1	54	1	5321	8	
1	45	8	3871	6	
0	14	7	599	7	
0	22	8	1631	6	
0	73	5	1838	8	
0	79	3	4374	7	
0	94	9	3825	7	
1	53	8	614	8	
1	98	3	5710	2	
0	38	2	4211	9	
0	3	9	4314	9	
1	89	8	4550	1	
0	38	7	2967	2	
0	50	7	1900	5	
1	55	4	5971	2	
0	32	5	4830	2	
0	19	9	5391	1	
0	79	4	3901	6	
0	57	5	2015	9	
1	16	6	2901	9	
1	4	9	3779	1	
1	86	9	2856	4	
1	55	3	332	5	
0	76	4	218	1	
1	31	8	389	1	
1	67	8	171	9	
1	56	9	948	9	
0	53	9	1427	2	
1	39	2	2388	2	
1	93	6	2428	3	
0	43	8	2524	1	
0	53	4	4127	9	
0	10	8	2398	1	
1	52	3	488	1	
0	2	5	2508	9	
0	26	4	6475	4	
0	85	1	4575	5	
1	94	8	3115	7	
1	96	6	490	1	
0	65	2	3421	4	
0	3	1	1406	7	
1	14	5	2538	9	
1	95	1	751	5	
0	88	4	4274	2	
1	87	7	3381	7	
1	48	1	6781	9	
0	81	7	192	9	
0	10	7	4182	1	
0	70	2	2670	3	
1	24	3	3797	1	
1	64	4	3191	8	
0	68	3	4846	6	
1	52	7	6113	3	
0	54	2	2060	3	
0	27	6	2948	8	
0	11	3	4662	5	
0	77	1	1892	8	
1	86	7	6465	3	
1	10	1	2541	4	
0	99	7	3364	1	
1	58	8	1747	1	
1	39	1	1010	6	
0	62	6	5803	2	
1	47	8	4011	9	
1	6	9	1632	6	
1	80	1	1728	6	
0	5	6	4252	8	
1	42	7	3842	5	
1	92	1	2676	6	
0	42	3	5580	5	
0	70	2	6355	9	
127 154 32 179 5 1 45 66 5 173 102 29 182 114 21 51 145 160 103 10 184 52 11 47 8 6 187 73 98 138 128 44 6 163 24 117 24 189 51 41 183 161 161 143 46 12 142 117 139 74 190 142 12 167 120 62 65 92 15 55 80 20 38 88 189 136 143 37 168 93 42 56 21 188 142 144 122 91 194 85 139 169 140 73 68 98 50 41 115 186
111 131 164 10 101 113 61 108 150 126 165 113 171 43 186 88 9 26 12 143 187 148 156 69 131 107 102 51 45 82 151 148 98 105 161 111 87 50 22 147 102 111 27 32 175 38 161 36 64 86 19 174 171 97 26 139 28 126 99 38 142 35 173 69 93 146 142 169 177 13 80 95 50 138 37 84 101 25 197 167 84 149 36 24 107 192 58 54 132 62
29 85 125 144 6 6 48 146 180 70 120 105 49 57 32 66 196 139 138 107 148 190 30 192 27 76 195 133 86 82 150 103 102 133 2 180 122 159 111 171 149 123 123 165 121 147 189 67 124 156 87 59 9 171 39 185 157 12 120 113 97 61 49 89 184 67 174 187 114 141 129 154 112 33 185 96 107 131 140 92 188 150 169 75 45 199 70 77 119 183
144 185 110 121 149 28 85 117 138 155 28 111 92 30 14 119 24 90 18 50 69 49 187 99 140 113 137 25 199 66 87 153 111 57 101 95 171 9 117 93 124 155 75 64 193 102 11 41 85 65 1 181 192 48 130 73 25 189 109 128 160 2 80 39 112 37 32 142 139 122 102 141 105 149 66 168 27 186 188 104 29 80 84 199 186 75 76 93 37 103
159 94 101 137 121 85 50 28 118 141 91 81 25 16 120 88 167 19 143 132 177 175 151 133 43 63 94 117 110 14 1 65 16 92 90 29 77 153 101 170 1 79 50 1 46 135 174 100 82 84 64 148 126 134 65 66 91 55 62 24 72 198 9 173 148 34 22 18 86 31 5 126 86 94 93 137 37 110 114 84 10 192 186 84 12 40 107 161 82 97
74 99 198 18 178 20 171 25 77 83 186 139 151 42 73 165 146 133 122 6 83 35 93 179 65 98 49 160 157 31 166 116 106 7 26 1 145 26 114 99 171 180 192 174 82 143 41 33 121 172 132 171 92 117 168 125 161 151 126 66 82 5 144 24 32 200 92 73 64 107 50 91 62 54 178 98 152 134 129 163 71 123 169 68 22 154 35 173 120 21
105 72 73 118 193 52 59 53 1 2 188 164 195 53 117 50 112 61 47 13 100 91 158 44 105 57 169 189 163 166 143 126 21 118 141 180 183 4 179 143 94 138 118 31 99 45 198 161 66 113 194 57 99 4 156 167 171 71 20 41 183 5 100 65 67 123 151 117 37 61 56 7 144 166 163 153 62 63 53 183 81 140 84 195 35 171 134 182 41 197
79 174 106 135 84 32 57 112 184 84 78 74 12 1 96 161 122 60 79 124 77 196 57 172 5 52 9 67 67 1 75 185 44 165 46 67 183 74 200 142 111 72 155 93 151 1 160 75 104 92 23 165 127 131 123 20 129 168 170 59 166 22 59 132 116 67 56 80 111 173 33 148 176 185 133 167 68 87 107 50 105 34 199 70 71 120 162 155 186 197
131 165 15 35 103 34 94 187 53 71 177 190 18 76 45 120 9 35 35 83 172 26 143 57 31 97 27 173 74 56 2 100 161 21 110 128 39 49 182 23 57 83 67 76 9 17 10 78 87 195 70 169 156 165 64 137 101 22 111 39 173 163 37 173 21 38 66 60 39 16 157 110 158 84 100 113 65 106 190 71 190 112 14 38 196 78 43 176 51 160
163 18 181 197 188 74 146 128 55 113 75 133 44 15 198 6 106 34 114 24 120 131 196 53 161 158 174 4 41 139 114 53 147 147 139 179 69 142 114 169 183 114 3 193 29 102 24 57 54 58 116 112 43 154 97 190 116 11 112 164 29 70 8 95 27 155 117 197 51 29 25 40 32 191 89 62 31 153 155 87 156 171 116 173 13 94 169 175 15 148
54 125 128 152 100 109 93 19 64 194 81 85 162 100 129 38 195 100 28 45 143 112 35 163 168 148 93 13 165 176 19 160 191 87 122 36 151 86 149 41 150 98 182 44 165 72 107 149 34 24 129 125 29 50 65 190 8 148 132 190 183 59 186 155 62 156 79 99 158 38 186 40 164 132 16 188 122 26 63 5 102 26 53 17 118 175 3 154 151 66
30 6 100 32 125 190 20 81 164 170 199 47 111 106 144 18 195 200 123 196 40 44 150 171 183 12 17 93 40 51 182 199 83 1 199 28 181 99 182 152 136 136 140 71 168 171 110 50 12 65 21 184 139 107 44 40 71 148 83 57 178 113 12 141 88 101 79 88 87 21 21 27 18 65 199 196 70 138 6 181 154 63 160 173 163 193 55 15 183 177
1 16 169 190 153 12 173 140 113 104 73 32 169 64 37 75 88 76 189 49 86 167 129 2 118 21 199 118 29 18 173 159 83 187 154 105 94 73 79 1 174 188 104 97 150 190 77 66 28 40 122 182 2 142 158 140 140 119 110 176 3 198 57 1 35 160 95 37 74 52 161 176 181 47 34 130 135 44 104 174 190 160 93 133 187 155 16 25 167 49
106 59 32 38 148 188 177 174 4 113 118 64 110 103 174 53 30 127 56 135 151 125 148 1 105 198 22 18 13 79 6 180 105 6 156 33 198 121 84 195 58 110 162 102 153 27 90 17 150 23 78 100 192 88 120 36 67 105 128 59 91 171 135 99 50 96 125 31 162 153 40 121 185 92 71 20 181 199 69 33 156 53 183 13 170 53 114 193 55 151
39 156 79 18 45 95 165 197 125 150 10 189 78 191 159 189 84 119 14 113 167 185 51 56 106 31 125 59 75 25 115 167 158 178 168 115 46 153 171 14 56 109 12 120 122 194 182 16 148 145 99 140 19 53 163 160 105 25 133 64 123 147 63 176 54 174 115 69 198 69 128 35 154 19 38 98 56 41 91 126 13 43 47 47 92 190 49 124 193 177
52 30 102 57 102 137 63 53 14 6 65 155 14 13 14 35 192 84 116 37 54 108 6 83 138 43 57 20 147 195 167 95 81 72 93 124 127 52 7 70 196 193 144 3 76 131 137 61 51 196 74 147 195 38 97 89 111 94 199 124 138 65 148 4 102 190 142 23 123 83 64 14 92 132 43 4 127 172 72 104 151 122 158 180 107 84 152 93 37 13
87 55 17 153 164 124 13 57 107 138 98 187 59 75 10 4 155 69 124 24 29 155 42 78 152 96 101 43 194 147 152 142 38 104 120 154 190 200 142 138 150 184 111 160 72 98 127 14 171 107 148 24 17 102 161 114 128 86 1 159 29 46 99 164 85 19 66 129 194 67 53 121 165 76 8 117 133 31 113 27 112 174 2 59 117 40 70 161 75 161
53 9 164 62 72 6 194 151 161 5 61 195 113 99 72 138 19 39 118 16 39 37 27 62 39 113 80 89 31 109 92 74 80 52 61 123 184 200 194 77 84 177 185 126 141 27 39 163 12 50 197 195 23 109 53 42 86 8 68 88 144 30 161 181 169 180 8 92 48 129 96 115 169 87 79 19 183 187 48 199 146 65 125 102 166 16 40 73 139 120
173 120 137 166 174 130 136 161 187 61 26 121 160 54 143 112 24 108 7 107 156 89 118 97 74 97 75 105 143 119 181 198 183 15 124 165 89 51 61 141 177 36 179 127 93 8 102 69 31 156 71 198 118 53 119 178 184 103 152 137 13 96 102 140 161 98 185 8 43 30 28 164 105 155 193 24 50 145 134 174 180 27 65 63 4 76 108 31 20 177
21 22 32 147 26 113 117 2 3 197 167 63 107 70 65 157 185 75 161 81 2 139 86 47 134 41 79 86 43 175 45 154 38 39 53 197 33 5 24 107 119 129 119 69 188 58 82 140 142 60 181 123 106 85 158 137 196 51 42 149 126 135 56 61 200 31 54 101 147 28 199 66 90 3 73 199 93 13 29 11 131 36 125 24 129 110 155 1 177 161
26 189 192 29 167 91 146 147 7 66 47 131 83 88 101 84 122 172 18 70 101 105 72 65 145 17 85 84 27 150 122 79 123 8 19 99 138 106 165 94 46 82 31 145 182 123 12 116 178 14 126 24 94 34 47 120 71 198 138 108 148 199 12 79 190 147 43 173 137 179 11 94 30 85 47 160 44 98 5 159 177 112 166 172 137 141 146 54 146 24
3 120 46 86 193 127 11 194 93 100 158 177 74 15 13 140 61 27 132 110 65 16 34 62 33 82 64 128 183 103 132 98 78 132 151 140 109 195 49 30 142 163 33 63 53 10 71 144 96 136 47 74 90 86 63 60 165 36 119 197 48 46 31 122 94 132 113 82 138 68 120 55 104 95 88 132 150 169 173 35 9 90 13 163 142 57 50 19 118 68
138 176 58 129 101 63 130 75 135 69 124 58 186 20 145 182 66 80 129 42 164 101 141 179 148 117 197 77 171 1 59 68 113 35 19 156 104 71 180 153 14 136 44 73 170 191 140 92 181 166 150 176 125 171 138 120 198 195 7 124 111 152 138 68 152 10 65 149 182 192 142 88 18 53 173 157 57 36 139 89 94 8 75 30 197 2 7 200 89 80
23 124 110 91 7 113 110 120 44 187 58 3 103 5 47 53 171 189 62 116 30 109 110 130 153 73 64 160 99 136 15 65 146 132 106 80 112 132 190 195 100 28 98 52 75 25 155 157 132 60 174 9 94 156 148 171 110 152 36 28 143 169 117 5 167 61 37 189 160 15 156 121 76 119 50 175 22 168 1 134 65 190 162 132 35 51 9 51 149 9
61 194 143 20 109 41 37 62 195 61 140 56 128 60 65 51 12 132 45 197 39 69 1 170 117 163 64 49 8 193 14 88 137 189 96 187 133 42 80 98 181 17 34 48 116 61 111 71 45 190 192 66 159 61 179 17 68 39 44 37 143 149 45 38 168 51 143 194 130 109 106 4 186 115 1 26 112 108 75 193 149 111 114 20 59 100 15 17 7 18
114 36 200 7 32 87 148 88 143 116 11 26 150 176 36 53 193 80 49 53 80 57 136 42 47 52 84 112 123 152 172 195 133 194 133 77 156 39 28 1 20 144 61 165 121 161 12 108 99 185 8 73 168 66 106 131 169 30 125 56 88 127 6 44 158 174 198 173 152 190 14 96 169 93 48 58 109 94 49 52 171 140 32 22 149 26 116 102 179 153
55 97 171 15 60 161 90 152 182 10 102 13 81 183 172 195 28 87 121 50 153 132 28 135 199 133 196 179 195 168 109 148 128 192 76 186 95 82 97 7 43 186 126 40 24 8 22 37 96 19 119 84 71 62 177 151 8 22 3 165 36 125 6 174 189 50 116 41 93 97 29 68 122 52 68 143 199 189 39 5 131 45 105 69 173 149 132 184 151 162
98 69 50 65 146 180 126 163 78 167 100 59 116 107 70 128 61 31 113 20 4 61 18 14 176 95 21 174 84 71 166 78 13 172 55 77 96 183 30 128 140 21 114 56 132 43 19 100 166 154 46 74 138 110 21 103 184 103 164 89 76 155 150 60 146 196 56 163 139 193 183 65 32 128 77 33 39 138 178 66 77 38 86 165 4 146 69 178 83 27
53 11 105 64 106 12 146 62 58 129 172 173 189 28 140 110 102 170 99 55 166 124 48 9 107 159 156 14 102 6 175 133 148 136 198 196 184 77 29 159 121 154 6 150 195 17 12 163 119 48 153 117 185 191 6 102 25 125 145 94 131 1 178 200 147 149 38 191 110 8 133 176 18 135 189 186 121 34 21 77 115 144 166 161 124 172 128 24 200 55
3 38 142 34 105 181 189 145 138 58 97 161 17 89 47 72 29 53 56 98 81 96 129 53 78 37 70 109 111 199 178 98 156 109 88 46 94 148 26 129 43 189 57 183 128 18 125 132 115 89 32 191 17 74 53 188 2 169 99 115 40 9 150 11 194 26 188 50 32 134 104 10 87 108 178 90 101 15 10 34 73 78 197 132 127 113 119 75 175 67
27 108 119 154 137 163 82 191 132 196 11 91 56 196 18 92 24 172 78 65 187 75 182 19 177 75 137 94 59 104 88 195 91 186 189 187 172 29 126 194 15 168 106 96 176 41 40 39 14 174 79 152 63 135 41 91 14 46 18 169 161 56 21 136 20 174 148 161 111 174 57 136 181 58 160 18 182 21 134 53 66 28 197 1 191 155 164 30 36 80
77 142 165 14 162 131 165 74 39 21 21 170 100 134 19 100 3 92 174 131 139 166 196 74 77 52 3 97 182 91 174 43 107 12 140 193 130 80 127 87 71 82 93 31 176 110 51 55 100 46 153 55 126 15 101 122 102 20 103 52 6 27 156 123 126 107 22 77 43 69 105 33 54 56 101 17 60 172 49 153 64 33 153 120 178 86 22 51 184 32
144 42 31 22 196 62 78 125 111 142 156 90 114 150 46 6 181 155 97 195 94 39 153 20 148 96 38 175 144 187 41 177 156 65 90 179 37 177 195 18 141 127 160 144 133 81 161 1 64 65 114 129 176 57 161 50 77 128 25 188 93 126 119 87 49 43 47 43 81 148 1 174 32 100 64 77 154 51 145 118 198 125 116 142 132 178 22 118 53 176
33 63 112 115 52 58 182 16 22 132 2 186 45 5 60 81 186 55 196 100 165 95 114 113 56 12 109 83 171 82 164 77 189 137 65 74 179 94 1 113 79 171 24 44 64 35 13 130 157 183 135 76 2 153 98 94 56 156 135 68 76 93 47 108 66 158 104 76 200 129 150 84 122 96 129 125 6 183 102 101 189 190 91 3 34 191 6 95 68 62
31 65 122 184 161 121 76 194 7 103 119 16 1 54 22 102 8 90 65 83 37 131 158 47 94 178 59 9 54 127 105 179 75 137 154 136 130 174 68 141 198 25 95 146 168 43 105 173 143 21 169 11 18 4 189 45 60 115 33 82 64 7 128 86 161 177 20 61 200 154 63 56 65 119 133 90 24 12 86 102 137 80 104 42 46 127 195 97 128 76
41 36 99 81 42 154 195 142 157 93 61 97 182 182 73 148 77 140 146 188 16 122 131 78 57 133 142 145 118 113 1 200 64 78 116 23 9 177 46 129 112 129 68 178 175 41 46 196 19 36 187 58 194 58 182 77 171 5 148 114 32 56 180 20 72 55 183 87 83 53 30 138 39 106 43 13 140 141 139 43 171 21 117 166 144 81 50 195 17 9
128 182 52 157 146 6 3 101 112 129 71 139 19 41 50 187 50 62 73 138 13 123 10 11 118 173 76 86 117 129 134 125 108 57 91 116 87 48 130 195 105 27 139 101 55 141 61 30 144 100 45 155 71 87 21 141 36 129 176 108 75 118 38 52 132 134 163 130 172 170 62 20 6 191 150 76 92 172 167 123 169 95 179 73 90 64 148 86 73 131
106 173 183 157 170 140 150 108 9 197 53 77 13 180 186 131 91 67 97 84 126 92 4 132 64 177 162 110 22 164 141 92 173 157 155 98 70 147 62 161 37 88 44 146 148 112 69 36 71 130 50 143 18 47 14 121 109 36 105 116 12 182 98 194 15 111 112 54 18 9 109 64 59 73 161 36 95 130 118 192 71 21 135 120 3 47 163 155 13 169
16 91 120 103 162 171 171 80 111 128 66 84 53 116 112 173 73 157 73 28 154 36 81 135 149 89 114 75 100 176 188 54 29 168 62 76 102 197 187 138 155 130 178 114 174 77 132 164 77 26 106 133 47 104 86 163 24 106 133 3 97 99 33 108 163 13 77 199 143 138 63 5 115 87 36 160 35 179 60 16 123 58 120 107 73 9 159 71 190 18
127 198 37 175 4 84 145 79 87 20 21 1 111 135 126 20 137 199 139 74 158 157 170 32 152 114 135 172 32 81 125 131 128 103 60 16 79 101 110 77 42 71 168 113 119 39 195 82 107 172 195 133 49 195 107 185 41 61 13 96 177 98 8 111 8 104 131 115 187 186 183 120 114 140 175 2 64 89 184 87 36 105 147 24 99 118 193 122 148 156
137 122 114 49 167 137 187 141 38 99 100 161 64 189 117 174 106 68 44 58 44 71 168 101 195 6 127 87 197 160 20 28 143 125 136 185 105 178 63 89 98 74 180 168 113 85 188 18 20 112 11 181 183 65 52 14 105 165 111 190 148 86 126 157 174 173 16 10 18 158 87 121 6 31 93 170 68 120 107 165 200 64 123 169 23 81 29 44 23 75
148 192 172 132 64 2 25 100 181 5 8 48 84 113 10 170 166 159 39 17 6 112 55 131 126 13 2 187 198 158 81 64 9 73 45 175 29 174 110 80 28 141 32 137 142 95 90 164 176 142 32 135 62 106 187 173 187 120 73 1 46 122 167 146 151 70 153 68 94 30 154 179 161 34 53 108 120 190 161 102 174 169 98 161 29 190 66 147 117 30
157 178 191 79 70 108 148 124 185 92 79 156 119 2 8 105 84 90 189 38 95 87 136 91 79 159 170 29 158 17 101 47 65 132 101 178 1 191 105 86 79 166 59 170 75 78 106 102 82 24 68 1 198 116 76 52 164 128 29 45 60 59 144 153 152 85 159 98 102 93 103 176 21 68 147 163 172 45 49 55 130 83 106 177 132 82 196 112 3 125
23 199 9 144 178 130 72 122 162 155 111 58 150 121 145 131 70 165 128 9 17 19 124 140 24 181 83 150 111 160 22 103 29 176 172 54 181 160 82 105 20 128 164 1 67 91 73 89 84 106 86 35 6 59 84 116 18 170 54 53 108 71 90 6 111 98 81 45 147 76 193 193 132 65 19 114 17 181 94 103 89 102 106 184 112 1 4 94 120 153
71 108 119 21 177 85 142 193 111 10 76 81 152 139 9 174 98 128 95 96 135 104 28 191 66 166 151 85 81 124 92 179 116 140 198 172 189 189 12 45 21 198 62 165 4 181 70 66 166 53 8 126 80 157 42 157 194 27 35 106 182 112 123 198 83 8 160 83 10 61 155 74 167 164 165 159 80 129 35 49 75 38 28 105 58 107 40 43 10 152
129 107 64 90 62 76 177 197 151 55 62 50 181 88 2 176 11 137 98 184 193 80 145 28 12 165 138 59 115 32 165 127 133 116 32 30 65 108 177 143 128 25 30 146 63 116 1 13 66 177 94 119 154 64 137 115 159 74 43 50 86 112 66 83 102 65 16 179 7 41 164 193 97 134 49 162 79 75 17 30 141 34 74 24 74 10 38 66 140 198
16 105 82 194 154 152 185 5 193 26 70 129 88 78 103 115 43 137 75 129 115 24 27 3 8 54 1 1 45 192 195 186 55 75 156 13 76 135 136 61 190 159 117 56 155 189 20 86 38 115 84 11 46 142 66 44 146 84 148 98 38 171 143 147 78 7 144 11 20 183 70 24 84 166 167 194 161 134 1 61 52 117 62 10 194 81 115 132 152 157
96 108 67 187 184 86 132 67 27 84 39 184 37 112 85 120 75 137 88 163 143 84 26 42 51 100 53 174 87 77 178 167 87 18 191 132 126 38 155 126 76 177 81 143 30 121 29 63 43 18 42 57 70 22 159 156 42 31 25 104 144 105 35 147 35 66 7 86 10 38 6 154 79 118 60 186 131 94 88 173 42 65 83 159 33 178 111 58 142 98
190 112 13 115 123 38 166 114 141 99 173 25 184 117 63 152 65 52 40 85 132 33 29 91 31 102 60 152 141 129 136 196 65 120 199 77 7 179 156 60 63 105 139 167 107 183 22 36 12 102 11 49 179 31 51 93 55 181 85 34 23 27 144 151 159 199 76 13 173 105 141 5 12 160 88 13 116 81 39 131 197 49 36 191 184 35 75 31 46 144
119 199 124 83 92 148 9 66 86 124 54 150 110 15 15 42 181 139 172 176 139 164 168 162 100 124 144 57 164 173 175 35 128 121 87 17 44 41 15 165 200 30 69 171 57 156 9 166 175 36 106 83 143 53 126 43 66 153 8 67 125 91 15 60 179 149 97 32 13 132 163 76 110 138 112 97 10 149 178 97 141 177 134 114 127 15 181 152 16 189
189 17 5 112 178 14 137 37 70 31 88 165 34 37 14 89 187 125 91 106 169 108 176 178 71 1 155 166 180 179 45 60 113 137 198 152 49 44 107 176 44 117 163 113 200 90 68 128 60 100 78 44 60 23 180 119 77 17 102 177 196 153 102 105 96 123 10 195 4 143 117 113 198 8 197 90 8 46 158 58 157 186 23 49 184 122 169 148 56 13
94 23 147 150 184 63 130 169 91 200 28 112 176 32 162 154 45 109 31 191 129 177 47 74 124 23 152 156 182 161 73 152 93 160 126 77 150 102 134 98 5 123 46 69 190 164 21 116 34 193 53 143 28 80 17 92 114 48 105 172 4 111 180 1 110 93 68 188 89 19 162 151 7 114 92 118 61 110 76 74 136 71 104 63 100 58 7 163 6 57
78 95 42 166 166 53 122 31 81 2 110 57 109 71 40 120 91 174 99 68 3 170 38 30 47 7 161 169 178 25 175 159 157 175 8 51 36 136 69 118 22 3 198 182 11 143 195 111 175 13 101 42 135 43 78 86 75 179 70 89 120 46 69 198 14 145 26 110 189 74 113 52 46 112 151 77 103 57 122 125 123 176 69 4 177 128 9 34 163 121
162 69 128 77 61 104 23 197 186 29 122 143 111 190 124 177 142 24 66 119 62 132 101 116 82 96 64 172 65 128 30 181 101 2 74 158 51 52 157 111 176 77 3 199 67 52 43 142 140 192 53 50 88 40 41 92 104 124 76 37 44 167 80 109 44 123 77 64 6 23 60 151 126 200 156 59 51 66 15 183 83 87 65 124 200 149 172 19 162 189
121 143 75 143 134 90 29 175 54 104 33 104 28 63 92 3 185 100 192 41 86 15 92 113 86 199 195 196 43 200 93 66 65 107 36 105 171 103 21 10 184 150 143 54 14 170 125 62 127 172 154 54 72 137 160 173 150 1 180 116 136 24 173 93 68 31 78 67 167 165 10 28 43 109 3 5 168 191 115 29 165 43 56 129 187 194 111 160 113 195
139 19 60 75 65 93 65 98 47 133 117 25 43 88 123 190 192 89 192 64 167 85 127 63 128 68 45 83 138 190 46 195 114 20 78 143 53 174 38 38 112 150 57 12 50 69 142 145 184 8 143 16 186 40 114 158 181 150 106 76 174 128 159 79 107 99 107 189 114 119 189 33 83 197 116 27 147 57 88 103 102 95 17 42 185 127 70 145 137 174
77 134 178 48 157 38 178 24 167 162 91 74 183 188 66 198 111 102 74 117 85 46 72 158 190 166 73 75 135 120 184 105 93 49 45 5 89 85 30 16 17 9 181 168 197 23 54 9 127 194 165 181 177 97 73 151 140 143 173 183 56 65 93 56 110 48 12 162 2 167 10 23 30 54 53 158 154 64 192 150 89 179 7 16 36 98 140 189 159 105
178 35 172 189 97 47 112 81 28 21 149 173 79 14 87 12 162 105 162 195 162 25 134 110 169 44 57 82 81 178 97 149 105 177 128 150 147 135 192 13 140 96 33 7 30 23 35 121 46 23 162 172 128 118 179 30 35 179 79 30 90 51 55 198 113 31 192 51 84 176 187 10 72 63 65 62 200 1 105 157 55 191 44 50 41 143 23 81 148 177
147 7 119 117 120 154 150 199 69 110 3 191 27 82 55 129 3 110 17 64 116 49 130 149 41 106 23 40 17 186 142 3 104 120 158 173 4 112 93 103 134 67 152 83 42 112 123 66 41 115 10 178 54 123 157 78 128 176 145 102 154 85 1 151 6 25 194 18 141 177 171 114 167 151 66 40 22 162 9 109 16 74 88 155 63 185 133 182 13 128
186 28 33 174 160 150 115 44 37 4 142 122 29 105 8 186 5 97 51 165 128 33 157 94 146 64 142 30 160 90 197 169 72 86 22 106 43 32 199 73 64 5 80 127 118 71 55 49 179 171 155 161 193 84 96 54 15 23 154 26 154 199 199 74 110 187 153 117 154 176 18 167 67 94 198 50 84 128 101 148 112 129 70 83 99 11 18 84 118 26
2 37 163 14 137 90 81 17 33 133 24 86 101 27 117 95 198 185 96 150 154 109 191 151 12 139 32 94 66 173 41 109 173 74 76 86 91 52 29 48 133 163 23 34 37 92 28 41 189 3 105 199 122 34 12 141 189 49 46 116 84 100 56 78 140 88 107 145 53 23 179 110 83 164 141 18 155 60 194 32 79 36 20 58 107 28 109 189 114 28
94 168 18 2 163 15 154 55 176 148 29 150 23 3 39 192 4 117 150 16 166 39 23 8 143 68 174 123 82 192 4 69 4 22 66 102 129 124 136 51 194 56 200 7 2 159 167 17 176 172 153 105 141 118 122 114 177 4 24 94 115 168 174 37 27 131 104 138 73 100 90 111 179 82 87 150 120 192 33 19 140 144 25 112 104 15 162 103 156 118
146 15 97 40 100 30 132 156 178 117 111 38 102 52 59 186 109 112 62 116 114 46 26 134 141 105 24 133 9 165 4 27 152 98 138 52 111 112 157 35 54 154 126 56 157 167 1 60 30 83 86 35 77 72 106 173 103 136 53 7 99 191 29 164 177 21 142 103 4 24 4 66 19 192 129 175 192 186 168 131 151 113 185 158 119 80 155 91 45 148
193 193 144 198 139 125 90 1 30 95 122 20 140 54 82 167 150 29 99 129 98 98 149 84 199 14 63 58 119 120 186 87 83 182 140 10 100 19 161 127 36 102 12 148 48 160 110 169 2 125 32 109 83 70 114 159 161 165 128 191 48 132 107 175 44 2 83 46 125 101 89 121 162 101 156 185 169 69 67 175 143 196 198 110 137 193 18 78 180 76
17 146 4 170 177 76 30 142 134 197 82 92 116 100 193 148 136 39 26 195 85 169 10 120 93 198 101 114 16 198 53 162 196 83 180 18 115 38 178 78 128 161 168 165 146 147 118 146 31 4 75 171 20 81 182 7 28 177 18 73 130 102 164 53 116 193 168 109 169 72 96 95 79 20 120 72 113 155 87 191 54 38 55 194 112 72 199 70 158 168
165 109 184 14 180 32 2 34 89 55 112 156 120 94 99 32 99 176 138 102 90 140 166 40 97 123 86 160 33 153 193 166 46 22 183 93 59 195 110 40 19 47 65 7 200 45 83 91 34 124 190 171 175 49 94 39 109 68 140 158 82 83 134 136 150 139 151 145 110 60 197 55 25 155 117 167 26 180 157 115 121 198 113 45 84 140 35 158 57 134
78 67 108 54 172 196 65 162 170 191 60 135 38 11 161 138 2 58 60 163 60 137 118 80 154 43 78 57 195 122 7 48 75 116 95 140 147 149 124 39 199 96 29 97 40 53 146 121 176 27 139 19 18 106 72 8 197 35 43 161 64 1 95 138 7 196 129 24 197 5 191 199 198 111 13 30 87 44 152 89 16 177 123 180 116 39 99 71 169 58
63 61 174 179 128 190 132 182 151 44 33 46 112 190 76 157 53 48 14 94 43 23 163 194 147 149 198 30 83 29 29 135 171 52 6 198 196 152 29 30 92 23 95 131 98 102 46 150 181 141 177 158 15 197 115 86 115 111 137 152 121 22 141 132 119 78 41 59 28 150 145 38 4 179 188 150 62 184 100 87 180 83 13 48 160 105 21 29 124 150
7 115 24 69 18 15 52 76 39 161 36 111 103 15 19 35 158 123 146 6 87 158 190 194 138 180 43 87 163 10 100 88 180 188 188 47 134 96 154 146 53 123 45 99 139 45 48 175 5 113 133 42 43 16 171 100 53 160 152 95 159 14 103 78 66 60 123 4 53 183 5 22 91 63 126 24 115 63 101 86 69 68 65 20 176 72 186 26 185 113
48 196 4 103 186 104 6 97 11 128 153 42 186 152 133 129 163 98 111 192 156 132 9 189 71 197 186 185 35 114 149 168 75 35 148 60 124 102 196 134 101 53 68 57 178 33 39 137 106 3 61 134 48 97 161 19 44 164 25 77 75 105 120 76 143 70 28 158 112 17 40 136 152 21 181 137 183 130 94 151 8 145 10 145 99 190 2 72 97 123
120 185 160 75 35 157 118 110 44 16 164 111 187 108 4 151 152 179 103 35 69 128 138 80 198 101 60 128 105 75 127 168 150 4 179 59 159 29 145 72 70 66 143 20 132 109 64 63 16 53 122 51 118 155 141 116 161 23 93 119 160 180 98 15 158 59 35 61 162 99 112 186 116 148 123 85 66 115 163 133 38 177 153 64 29 115 48 114 151 178
63 80 72 24 95 139 71 142 74 149 54 103 23 188 71 109 1 64 193 128 94 9 18 109 174 27 161 70 119 114 199 129 179 166 153 144 4 130 58 189 135 100 106 192 24 180 76 26 159 90 190 76 80 75 147 105 119 63 92 104 189 38 65 124 161 64 118 162 114 125 125 49 169 18 72 188 43 117 120 196 194 94 153 37 6 137 192 36 13 187
43 48 99 174 63 50 41 29 118 62 132 190 87 11 49 89 93 46 22 154 185 14 29 33 180 161 154 165 192 134 24 168 129 71 181 30 164 59 152 22 99 130 40 72 164 50 108 1 80 93 163 179 186 124 142 169 154 14 130 76 137 185 69 119 5 42 39 107 50 90 199 15 108 106 166 191 140 37 113 71 68 145 98 177 196 62 114 79 16 77
41 26 182 15 94 168 30 156 38 5 9 107 157 89 16 110 177 144 97 183 199 86 39 49 190 4 44 184 163 32 110 36 153 23 34 3 126 190 182 106 12 102 171 108 189 183 107 82 190 72 96 72 119 36 129 114 192 163 13 128 31 95 43 136 98 107 93 175 91 56 9 136 97 152 47 80 164 85 161 31 156 120 19 122 37 115 44 114 148 90
105 27 188 165 28 198 93 32 17 74 17 4 15 83 55 193 171 58 194 179 96 50 75 114 109 148 128 157 12 24 183 166 24 24 57 174 139 48 99 142 53 194 181 165 196 53 67 37 73 70 198 156 71 97 182 121 16 199 64 163 142 51 4 179 46 151 64 19 106 176 162 32 98 33 84 168 96 105 173 30 185 18 75 160 55 39 13 116 58 195
169 195 109 147 39 99 153 58 102 11 144 80 67 39 136 129 60 152 144 58 127 38 139 49 8 148 189 190 200 60 152 42 197 47 118 91 173 128 88 167 7 39 37 193 14 132 108 151 51 109 9 4 63 31 17 169 50 74 16 139 138 55 63 166 106 153 69 50 8 186 123 95 74 152 61 69 181 186 58 145 139 86 93 140 141 107 6 79 24 130
182 149 138 103 23 114 184 135 139 107 147 5 123 33 45 39 133 50 51 48 157 63 28 49 177 125 197 135 28 164 46 138 128 142 23 20 180 141 70 135 163 175 61 98 168 176 170 17 134 137 88 14 136 51 90 173 157 106 19 93 106 52 17 66 176 129 106 19 153 104 143 179 84 102 139 13 157 49 48 131 2 155 93 73 166 16 35 155 89 79
36 173 165 37 74 26 186 181 115 190 140 190 102 71 57 145 127 188 80 60 97 19 91 192 5 111 80 188 30 85 142 141 158 121 143 48 153 200 71 99 60 54 195 112 137 150 21 94 109 109 177 183 86 77 158 28 138 179 140 13 38 6 141 100 79 69 83 91 26 52 30 95 113 87 15 91 137 69 121 171 175 64 55 158 154 12 140 186 78 8
58 69 42 48 77 53 155 117 67 25 56 62 57 140 143 136 25 186 100 1 84 85 23 125 184 185 165 119 130 81 30 36 36 120 166 141 60 197 119 17 62 186 149 130 199 41 101 127 18 97 122 78 87 77 88 189 26 116 172 40 56 109 11 126 44 106 162 139 160 107 186 160 101 153 147 191 136 73 39 111 144 138 191 111 188 155 161 33 109 102
62 19 93 2 199 140 42 87 114 153 36 51 183 136 46 132 1 141 56 52 13 1 17 160 169 146 44 17 33 52 25 37 182 187 57 181 31 151 88 118 57 174 85 154 38 67 67 145 54 131 107 38 147 188 194 192 116 127 63 123 156 98 30 57 100 54 166 123 163 146 123 102 151 98 162 11 150 198 190 18 102 149 110 117 82 5 172 168 38 132
53 18 113 98 27 92 113 39 41 72 192 147 44 168 46 60 57 79 94 143 62 106 111 37 168 102 134 33 173 74 59 13 117 187 112 121 78 44 169 54 142 143 110 67 66 136 186 61 36 1 128 66 137 92 151 77 118 127 194 76 168 44 39 15 28 115 151 161 77 136 54 115 172 70 97 145 123 163 90 153 52 31 50 105 142 88 58 179 197 160
171 76 91 20 54 27 158 20 88 181 80 169 46 135 149 58 21 65 111 121 151 88 158 145 138 181 51 172 165 177 39 200 110 154 87 123 32 149 36 34 113 150 68 110 64 166 147 122 150 9 149 16 170 26 122 150 58 38 173 124 87 180 106 91 153 157 4 146 156 49 145 138 8 196 160 180 3 77 127 101 62 22 109 177 74 99 31 165 194 151
66 16 90 17 160 5 64 145 49 19 137 39 74 14 187 68 118 183 136 68 117 67 40 64 165 178 92 110 112 122 30 19 169 196 193 93 18 143 147 138 193 4 140 42 27 38 176 17 96 39 20 21 118 121 44 30 172 90 156 171 81 107 65 105 55 8 12 49 101 197 6 40 125 161 32 197 70 186 66 133 137 188 2 65 12 158 169 26 182 9
20 181 92 36 119 141 1 29 32 46 61 78 11 180 133 46 38 107 195 76 102 103 159 134 182 129 86 156 16 116 110 98 48 3 186 63 76 117 191 91 178 102 73 183 75 181 100 182 115 19 141 125 55 48 133 69 94 160 20 62 5 80 152 53 144 10 101 20 37 2 168 55 182 86 86 64 191 32 156 33 72 83 51 15 94 167 72 151 181 85
43 3 53 22 175 148 137 147 53 96 32 121 197 62 54 24 60 139 76 145 56 18 115 67 65 45 60 169 50 191 31 135 79 78 163 11 76 119 189 88 109 187 40 90 108 119 139 163 8 199 112 84 1 123 61 109 189 16 109 13 152 114 21 100 6 86 123 88 19 12 16 153 101 147 26 58 77 96 114 25 135 190 33 5 91 20 18 123 41 164
68 23 23 192 12 156 63 8 47 170 41 88 103 88 179 46 39 191 198 150 51 152 126 30 52 144 164 75 139 193 105 35 155 130 31 17 38 171 141 53 74 143 147 66 145 175 108 115 195 90 149 25 91 15 190 42 101 121 113 8 85 74 178 21 187 98 175 72 164 66 63 62 193 142 58 190 173 191 195 31 28 30 121 91 16 128 111 6 114 116
129 115 123 43 143 153 86 163 160 141 113 142 182 190 47 130 48 184 24 164 120 60 3 152 29 59 176 89 87 140 10 54 109 124 57 36 116 73 43 70 161 91 148 194 17 17 172 12 42 122 82 8 10 189 156 190 136 120 18 156 112 81 2 195 13 66 181 178 179 102 93 77 191 114 143 75 128 63 8 89 10 168 147 186 40 124 8 141 155 97
94 195 11 161 168 17 155 161 53 114 56 73 126 113 145 21 46 37 25 65 40 42 31 97 153 142 143 54 35 98 104 194 106 45 12 38 147 18 146 175 192 113 162 164 20 69 121 111 129 72 148 82 130 67 16 143 199 105 82 181 145 52 48 68 154 141 188 73 188 28 192 53 3 55 9 58 77 73 1 172 90 147 145 13 134 24 52 191 154 154
161 111 23 109 194 161 113 53 93 128 37 60 55 47 1 41 132 183 32 145 189 163 17 65 42 179 125 57 47 171 26 50 108 160 23 39 57 179 35 45 56 16 127 67 162 183 19 187 43 16 39 102 188 133 91 144 187 27 43 16 146 78 86 83 127 31 38 172 127 43 196 19 97 129 196 12 64 117 106 124 90 115 99 97 105 115 130 120 67 25
61 44 198 130 78 169 5 150 46 20 41 183 85 32 154 88 106 70 73 129 132 27 142 89 23 146 21 49 122 68 162 64 15 93 10 126 174 21 48 159 138 80 127 137 83 46 102 12 68 171 122 108 62 80 7 80 182 55 16 25 29 30 79 97 52 196 31 133 17 126 51 34 60 58 40 1 193 86 122 20 161 127 66 148 188 89 177 34 140 150
160 185 167 49 109 62 42 117 111 158 176 168 99 30 181 33 12 176 186 170 75 119 14 165 149 189 178 109 93 102 200 3 121 59 80 81 122 101 73 75 81 189 59 143 169 75 108 162 138 48 173 122 11 125 32 58 3 188 48 194 51 193 26 197 56 158 175 5 122 154 187 173 127 102 105 167 138 150 88 61 33 54 23 117 86 43 71 13 96 121
