100 	
8	15
0	80	7	2670	5	
1	89	7	2082	1	
0	83	9	3867	4	
0	6	3	3220	5	
1	80	3	4314	8	
0	49	2	1476	7	
0	76	8	2902	5	
1	95	7	4288	7	
1	61	8	3912	6	
0	79	9	1654	6	
0	63	5	4816	9	
0	62	2	3911	7	
0	73	4	5204	9	
0	87	9	3282	3	
0	52	5	4258	7	
0	67	8	648	5	
0	50	2	4972	8	
0	91	5	31	1	
1	41	4	3177	7	
0	75	4	2230	6	
1	50	3	4324	5	
0	70	8	2722	9	
0	93	6	1664	8	
1	75	5	3022	4	
1	24	7	3739	3	
1	90	2	5128	6	
1	9	8	1511	2	
1	2	6	4471	1	
1	17	2	544	2	
0	26	5	4920	1	
1	74	2	2218	8	
1	23	1	3630	3	
1	84	6	5327	6	
1	65	4	2837	1	
0	22	1	1500	2	
1	5	2	1921	2	
0	8	9	3492	2	
0	89	3	2475	1	
1	84	2	420	2	
0	69	9	3774	6	
0	86	2	2226	2	
1	37	2	4034	1	
0	87	4	4796	8	
1	74	6	1195	7	
1	7	9	3222	2	
1	29	8	2762	4	
1	51	7	99	3	
0	33	3	2630	1	
1	55	3	3000	6	
1	88	8	3130	3	
1	45	2	1453	8	
1	93	9	3807	3	
1	66	8	2845	3	
0	98	4	4245	3	
1	74	4	2325	4	
0	16	4	1032	8	
0	97	5	4575	9	
1	54	7	213	3	
1	34	2	771	6	
0	36	1	1330	8	
0	5	7	1696	5	
0	46	7	5174	9	
0	26	6	2754	4	
0	75	9	3540	9	
1	97	8	1960	8	
0	29	2	553	9	
1	47	9	816	3	
1	96	8	1597	5	
0	94	9	3835	9	
1	31	9	4435	3	
1	60	1	3939	6	
0	28	4	3317	2	
0	96	5	1202	5	
1	21	7	1714	5	
0	70	1	5443	6	
1	81	7	4290	9	
1	42	9	3433	1	
1	13	6	1938	5	
1	87	3	4890	5	
1	93	8	3577	7	
0	59	7	4452	4	
0	41	1	591	3	
0	17	7	2152	4	
0	1	3	2418	4	
1	48	8	1766	3	
1	48	4	2145	8	
1	56	9	4853	6	
1	75	2	4696	1	
0	42	7	4311	6	
1	35	6	5424	3	
0	40	1	3578	1	
1	37	4	5127	6	
1	61	6	567	2	
1	39	9	1072	1	
1	8	5	1065	7	
1	80	1	1228	4	
1	26	5	3969	6	
0	44	1	2064	4	
1	39	2	627	4	
0	18	5	3037	2	
77 83 162 187 186 65 53 99 22 76 25 53 43 7 199 174 40 180 158 116 112 193 46 127 131 116 166 55 160 167 33 8 110 2 18 158 7 105 37 101 15 195 34 68 72 151 191 131 80 20 47 63 24 22 153 52 129 29 183 82 46 138 152 42 191 152 95 157 8 152 107 100 154 167 116 83 98 118 160 181 107 61 23 179 135 51 13 77 200 173 172 116 99 81 18 187 86 120 18 22
25 45 162 65 198 143 148 48 82 17 26 116 182 40 197 101 141 21 192 148 48 7 62 154 97 20 110 49 143 70 200 172 199 186 104 193 4 50 156 12 162 198 45 21 4 170 192 152 42 19 176 152 161 15 47 89 47 16 100 29 76 135 101 144 192 103 9 105 81 67 172 106 82 30 183 99 152 68 104 157 97 174 43 14 50 76 170 51 3 12 176 135 85 91 63 95 146 110 156 28
58 33 148 126 65 42 153 180 199 13 23 135 63 89 122 110 142 118 64 43 12 44 135 140 124 172 28 122 134 148 173 155 41 102 144 78 90 13 178 7 13 172 143 190 194 175 34 124 15 143 171 35 5 72 26 105 10 93 181 93 59 89 185 184 55 137 131 187 194 103 41 102 20 73 39 31 13 73 127 194 19 163 90 99 55 29 133 184 23 177 89 38 119 199 57 101 147 117 60 36
11 188 145 10 75 185 101 150 92 49 2 100 117 12 22 185 10 132 30 199 25 127 119 53 18 113 18 90 57 76 34 199 26 147 180 4 3 154 34 14 179 113 110 18 68 107 179 10 85 88 165 110 4 22 71 200 191 27 161 106 105 100 45 115 197 172 197 169 51 25 183 66 138 130 165 5 27 175 167 15 27 178 158 92 151 142 38 161 139 179 102 7 146 14 16 127 136 179 89 182
98 104 124 199 22 146 66 133 83 55 184 12 149 121 154 34 119 136 73 104 183 100 74 92 135 152 104 133 24 123 142 14 198 59 71 99 58 189 58 156 82 13 162 179 35 164 150 146 163 83 93 138 199 125 97 107 146 123 123 70 92 176 164 157 82 196 129 170 67 44 179 147 76 89 87 71 111 3 159 94 128 195 144 96 5 169 107 93 116 98 152 167 9 113 135 135 22 56 6 5
184 146 47 82 139 88 47 37 125 191 106 145 1 173 60 90 164 75 182 97 41 91 182 11 195 91 112 157 15 171 144 200 166 199 37 176 153 167 106 123 108 142 44 57 166 54 175 166 6 24 18 76 55 157 66 161 120 108 197 122 98 142 3 27 173 163 61 61 150 68 185 2 159 102 168 12 14 115 162 53 178 23 74 39 4 22 173 150 180 166 60 104 50 136 151 174 146 56 146 51
13 17 114 158 108 160 29 11 57 51 200 79 70 194 119 36 188 58 90 120 68 150 66 185 136 108 190 17 65 58 31 159 12 107 182 92 70 168 78 175 26 95 169 60 31 39 24 130 88 28 57 91 42 79 199 73 187 11 154 185 152 54 89 151 177 121 42 108 54 102 153 194 47 21 58 7 170 124 99 167 116 49 10 101 177 105 6 175 190 128 2 30 145 38 75 83 93 141 136 92
33 16 99 10 180 76 17 6 74 92 9 41 14 160 48 166 120 28 32 27 172 124 40 141 2 129 29 179 61 76 69 4 31 103 33 154 117 84 170 77 20 182 129 123 60 159 63 150 12 198 69 9 199 100 172 92 50 24 67 126 32 42 194 188 35 89 125 200 62 7 24 153 15 184 124 144 175 170 114 199 138 194 90 152 183 89 122 47 48 26 25 148 67 138 125 45 110 173 144 2
152 140 95 39 172 129 104 63 154 4 155 68 104 169 2 83 180 55 37 2 1 166 106 149 54 130 65 60 65 35 103 43 141 53 135 37 171 85 71 182 62 44 69 194 78 54 11 121 140 13 117 54 163 155 134 116 184 183 170 163 86 167 114 88 90 33 39 54 19 51 72 161 86 83 52 191 40 21 138 152 191 84 72 31 133 93 124 12 34 62 152 197 41 27 21 19 4 21 133 104
14 126 193 123 191 77 115 122 108 137 3 56 112 49 8 66 160 77 190 1 195 77 45 42 65 49 76 135 115 81 186 114 82 191 28 128 35 103 33 48 159 158 55 87 178 40 51 162 54 56 118 65 72 140 12 122 128 26 20 21 24 55 198 35 103 142 103 33 70 116 114 101 195 120 154 48 183 6 89 142 131 85 143 76 165 192 88 30 95 184 186 170 119 91 146 182 95 129 169 17
18 100 126 43 31 42 89 24 18 27 110 198 172 161 116 157 176 86 67 38 45 89 54 108 106 120 76 67 139 49 140 159 196 177 12 134 95 87 166 128 14 6 4 105 56 69 105 82 105 32 99 143 103 105 166 49 36 101 37 168 187 173 113 70 29 199 119 94 64 17 27 17 133 78 125 186 196 108 57 31 145 30 82 166 157 135 151 37 10 173 90 164 173 156 68 47 128 21 68 11
154 98 126 198 186 195 169 122 122 83 190 8 49 160 190 114 29 66 93 115 184 14 108 16 168 112 195 99 190 196 109 81 135 96 187 67 48 139 57 48 49 182 139 52 11 177 185 95 189 107 28 142 166 16 105 98 45 168 65 177 86 184 167 114 41 187 51 7 81 72 34 77 13 167 59 117 85 124 71 100 81 52 37 134 125 9 1 98 147 175 196 7 89 158 193 44 3 76 166 38
117 44 26 97 114 135 181 176 21 169 43 24 64 1 113 116 109 123 146 22 88 8 80 90 159 158 70 140 158 41 161 88 50 17 58 10 24 29 148 127 134 164 126 114 146 114 86 104 9 195 197 87 43 26 77 173 156 124 172 122 9 49 166 96 59 70 6 150 138 52 129 66 151 123 127 35 26 151 153 39 161 168 133 163 81 57 65 177 12 65 10 125 181 170 3 52 116 143 168 42
63 169 175 196 3 170 34 57 97 10 114 165 20 174 89 170 81 36 22 4 31 76 18 80 140 34 140 18 115 78 56 178 172 155 196 188 11 73 123 37 16 105 82 170 56 127 131 68 54 25 116 18 163 116 181 152 24 17 100 79 89 35 40 10 49 179 148 128 195 121 109 152 187 114 30 88 187 195 142 47 60 159 135 17 169 127 94 170 118 179 196 90 85 66 157 3 1 97 75 168
42 11 153 145 114 154 39 123 190 48 154 91 197 126 181 91 118 20 170 8 70 28 152 197 159 91 153 21 36 200 107 140 136 11 194 149 98 49 146 7 158 78 30 59 69 185 123 162 153 122 126 26 91 162 168 189 26 77 10 46 76 123 140 117 6 133 9 42 32 51 180 159 200 116 42 134 86 28 190 2 131 13 146 39 104 175 128 125 88 107 51 99 98 33 163 12 13 34 42 142
38 16 191 96 124 32 27 93 82 75 70 25 48 196 143 4 132 115 192 165 172 92 52 193 93 147 70 53 102 157 86 141 155 164 31 28 64 41 16 45 193 75 130 53 154 149 132 177 145 199 199 139 184 103 45 137 106 61 197 183 165 96 65 40 131 114 86 196 165 197 91 161 85 18 190 81 90 42 20 153 196 44 28 107 140 42 144 137 125 178 173 66 78 55 188 198 50 200 90 39
107 157 161 141 98 51 92 154 193 33 135 32 63 79 174 121 133 188 58 131 38 81 194 78 200 139 186 48 115 180 155 3 196 64 172 115 53 139 189 71 105 175 92 174 98 110 52 99 111 6 139 189 70 39 10 83 163 79 73 140 59 8 46 197 120 152 80 165 32 159 34 173 111 23 97 96 77 11 138 189 112 131 95 196 82 74 176 16 177 179 69 9 164 66 119 74 35 118 92 151
5 50 40 84 154 75 2 197 180 101 140 48 28 44 72 161 56 147 5 4 28 113 115 65 29 41 171 16 115 66 71 113 149 51 138 99 14 158 93 55 114 191 19 82 26 163 97 55 98 185 165 159 66 138 108 24 167 154 37 200 160 72 153 152 60 85 127 95 45 191 119 14 47 178 105 185 134 131 104 6 197 190 117 79 54 101 6 156 66 73 60 163 126 152 1 187 101 127 64 167
59 46 110 73 38 190 141 148 3 158 95 112 96 70 88 114 144 178 125 26 5 172 19 136 164 73 176 82 195 20 43 82 75 41 140 185 29 41 169 68 61 96 61 134 18 177 160 133 198 22 27 140 2 74 73 33 118 180 26 154 51 33 127 60 151 83 60 48 123 18 103 112 87 17 19 65 116 37 156 123 160 8 24 164 191 139 166 24 86 115 13 56 164 142 79 43 43 169 58 111
188 161 153 151 200 56 2 99 124 3 142 16 93 135 71 64 20 66 141 52 144 20 178 178 172 151 139 38 32 73 3 51 186 104 123 142 188 146 189 182 39 19 91 70 74 104 69 48 153 78 127 60 38 89 188 174 48 118 176 54 136 172 58 13 64 106 83 115 144 45 65 164 131 25 138 195 8 182 146 92 155 16 200 177 153 44 2 111 7 73 58 64 55 95 86 197 2 160 178 187
194 109 77 181 72 34 18 109 134 197 131 40 161 35 163 96 192 192 144 136 49 172 62 20 94 44 20 101 149 64 57 162 29 163 26 75 58 148 12 95 108 178 172 23 75 186 80 52 160 120 154 104 184 72 54 61 135 152 22 155 156 129 145 158 97 17 81 97 156 191 40 169 99 195 85 163 148 81 73 64 170 89 126 104 96 133 10 196 10 62 173 156 73 55 7 64 36 188 5 101
102 166 20 50 84 181 98 160 113 167 88 94 132 21 59 46 145 81 28 151 153 127 56 195 152 24 54 131 16 133 39 149 93 1 84 117 172 42 128 104 52 61 153 96 183 102 94 175 197 11 110 69 35 197 66 170 125 122 157 68 172 31 48 164 5 157 103 157 49 59 60 98 160 139 141 37 113 103 73 178 111 31 53 112 180 25 172 71 178 89 185 15 18 21 127 135 99 39 162 103
92 25 51 26 81 135 178 142 189 107 7 93 55 24 5 180 133 7 108 11 92 148 55 183 16 142 19 137 90 199 20 11 181 46 186 22 136 161 189 34 91 45 95 40 80 125 67 156 70 104 45 135 155 7 89 83 101 57 13 44 39 34 74 172 124 175 55 33 36 115 101 104 174 195 17 181 77 150 87 61 76 152 31 132 190 197 8 15 58 154 147 44 6 49 136 121 162 31 88 146
64 96 139 107 91 49 63 197 85 115 62 65 173 179 19 149 40 196 133 79 88 67 120 132 109 24 26 188 28 144 193 144 86 194 174 105 81 177 56 196 7 7 72 8 147 57 53 174 139 144 60 56 59 181 35 69 122 83 21 195 100 160 65 160 12 115 98 186 160 17 131 20 77 156 166 154 29 196 11 31 17 117 104 157 60 43 63 23 17 124 55 189 175 100 171 79 102 55 121 89
182 135 125 86 18 153 176 101 200 122 38 37 50 147 178 10 172 182 11 115 184 80 37 65 17 89 42 58 84 199 197 54 53 194 125 90 113 96 175 125 52 99 23 22 86 41 200 156 85 125 145 40 24 76 118 104 2 29 57 120 109 121 28 178 138 191 12 16 85 72 163 183 147 64 106 139 193 97 149 116 31 119 161 190 195 126 56 145 111 43 71 3 186 6 197 159 131 122 99 42
117 46 52 95 40 136 13 40 180 190 197 51 50 113 14 77 147 30 34 148 159 95 184 185 94 130 94 36 25 59 63 165 105 120 184 185 53 114 162 118 73 129 74 31 197 130 135 188 71 62 80 93 97 185 132 89 175 153 59 97 170 21 171 193 198 198 5 184 49 178 95 133 78 94 160 150 86 61 65 6 120 194 90 78 108 140 118 89 186 129 45 66 20 113 61 190 16 138 168 184
99 130 62 176 165 26 123 193 81 199 181 125 48 129 79 141 85 176 92 47 56 145 42 194 166 40 10 190 121 36 11 195 20 66 50 147 188 77 166 162 7 64 166 94 96 83 191 194 134 15 56 123 93 23 155 116 134 99 168 88 149 153 153 13 56 81 47 22 172 69 76 160 157 92 24 102 112 139 16 48 181 36 129 105 147 82 47 172 78 44 134 195 183 47 151 108 11 152 129 19
170 123 175 132 23 170 193 68 53 89 69 44 175 118 149 180 47 122 81 139 28 198 173 26 153 198 46 197 38 84 109 180 116 30 46 8 8 176 164 1 168 72 52 15 64 174 1 50 68 140 131 46 44 121 181 163 130 66 150 77 168 27 48 176 12 30 105 17 23 45 188 52 108 96 19 45 82 199 77 82 153 124 124 157 152 107 119 57 157 182 83 149 110 44 89 76 115 31 198 118
112 32 134 69 12 109 33 149 133 145 35 116 22 75 89 67 73 185 185 132 170 129 53 52 143 124 129 106 14 47 50 198 140 126 129 184 141 13 4 34 86 112 40 172 126 117 42 9 185 103 6 114 119 3 76 179 25 149 90 139 17 34 86 72 81 80 89 49 114 174 48 103 156 7 46 192 188 108 101 131 79 104 27 167 177 106 125 34 181 82 195 58 19 22 189 43 141 159 194 121
51 198 92 23 4 186 81 162 42 186 16 136 135 65 189 186 119 169 2 151 89 149 60 183 169 118 175 125 160 2 171 71 83 78 102 135 162 153 119 143 106 12 104 44 90 86 162 16 167 193 116 154 12 151 165 86 106 176 73 78 102 160 103 151 168 28 176 131 12 158 113 112 114 103 106 22 141 122 101 107 137 19 98 34 73 75 91 162 65 185 137 9 118 127 143 182 87 135 9 166
198 131 83 175 163 49 32 153 102 131 86 44 53 60 102 177 66 89 28 145 24 16 44 187 125 53 186 127 57 149 150 111 137 73 94 108 132 83 81 175 49 194 154 172 51 95 27 188 56 78 104 116 35 199 37 37 148 42 4 16 7 141 32 20 111 193 122 164 170 116 58 153 87 120 1 4 25 77 6 17 21 76 47 36 52 4 55 144 143 14 29 25 65 114 94 81 62 48 38 113
199 23 187 161 121 184 167 192 179 39 167 77 116 152 194 34 147 136 112 57 44 91 169 19 60 102 68 191 135 182 4 10 44 65 159 139 159 152 150 9 134 117 96 156 51 132 81 122 120 3 175 38 155 75 9 104 200 99 17 3 16 195 117 100 53 37 47 152 9 13 185 108 145 123 7 7 114 127 166 133 140 70 103 47 119 82 19 91 8 156 64 3 8 154 42 99 136 34 131 53
83 10 3 38 101 35 114 127 61 181 180 100 141 116 176 138 4 121 193 34 147 92 139 9 69 148 60 22 48 112 4 71 18 138 130 127 90 126 66 127 97 80 184 21 171 90 49 198 190 58 188 167 127 196 178 181 26 163 78 132 159 21 80 86 158 129 159 13 159 130 99 148 59 182 180 97 9 21 47 173 82 138 101 126 110 114 175 8 169 93 189 98 23 21 99 14 4 9 190 174
135 60 121 44 190 107 152 197 87 46 190 71 145 22 163 199 72 39 30 186 58 128 32 118 67 30 2 187 187 154 59 24 18 193 144 20 27 112 47 14 174 165 10 193 27 180 6 177 4 90 18 67 191 127 48 173 68 8 30 90 106 57 1 167 87 147 63 67 36 109 129 50 150 44 83 156 16 116 156 70 123 115 113 102 179 138 66 139 49 26 83 134 57 73 62 93 138 157 131 68
62 167 85 137 163 13 58 127 120 37 72 100 76 156 108 78 169 104 27 150 120 125 143 63 135 135 173 88 49 142 154 33 95 21 150 144 104 12 102 84 63 52 77 89 34 102 55 98 186 6 192 101 186 53 32 181 37 112 98 64 55 126 170 110 73 148 91 122 127 136 107 157 56 121 114 61 153 89 112 46 186 60 177 177 102 81 38 181 146 94 38 102 26 187 21 7 69 59 193 95
40 148 27 188 67 8 166 21 27 14 171 118 140 76 71 142 49 85 46 191 41 43 122 7 19 97 175 56 3 8 3 176 179 8 8 111 18 182 104 136 175 74 162 42 133 87 158 33 65 101 46 196 130 65 148 184 70 154 67 118 13 131 80 189 94 96 85 19 171 84 193 181 109 71 156 74 103 33 26 169 76 147 182 133 145 103 120 120 74 112 60 14 82 94 90 53 7 45 28 170
139 93 78 160 168 150 54 113 192 153 133 66 105 155 105 173 9 84 76 193 158 53 89 28 30 136 149 54 137 33 37 124 166 136 149 149 40 180 125 105 119 174 178 182 19 34 118 18 9 116 104 98 101 5 32 165 61 67 36 36 108 115 104 89 84 91 102 189 9 163 50 153 126 61 113 176 188 172 134 197 89 143 135 10 73 30 16 90 118 5 29 26 31 151 190 50 96 108 39 72
38 73 29 196 25 146 110 181 120 114 165 64 31 40 182 23 122 55 58 143 38 181 5 14 47 28 100 70 68 26 196 112 186 138 7 131 170 17 74 174 99 34 187 35 41 121 34 141 162 40 133 68 82 163 33 72 155 149 34 90 64 175 17 34 137 163 188 89 189 24 193 99 103 37 62 8 28 162 53 113 6 106 159 123 75 133 150 107 72 65 172 28 184 126 93 194 142 196 87 131
50 82 140 74 177 97 146 171 79 68 144 171 100 168 132 181 80 91 93 83 56 132 49 33 39 44 75 63 183 151 111 42 127 177 41 50 76 174 41 140 132 23 137 101 45 76 53 50 112 12 173 192 96 170 104 166 166 132 133 35 27 140 118 1 143 60 65 45 181 1 6 51 187 23 111 148 88 152 20 161 73 71 17 163 84 97 51 29 80 37 31 112 67 92 194 65 72 65 136 34
158 192 61 47 41 93 162 71 194 124 94 28 90 116 135 15 23 1 159 107 74 37 106 23 125 141 33 61 2 122 164 30 160 106 121 133 178 115 6 102 45 120 55 64 25 34 144 196 152 119 150 76 106 73 191 159 34 5 12 45 138 164 11 143 23 50 14 125 160 180 114 122 4 8 132 177 161 178 120 130 33 55 32 77 174 6 142 124 182 155 75 164 127 113 191 9 192 179 116 176
44 18 73 151 89 26 182 105 68 32 125 69 41 12 97 56 171 200 39 142 84 82 176 147 2 98 41 26 3 163 160 12 20 150 137 23 89 132 100 34 22 115 78 8 168 13 6 51 47 123 149 32 21 198 185 192 166 174 117 129 64 145 142 148 47 113 156 113 14 57 7 38 62 8 1 87 170 155 37 68 192 183 200 143 11 196 151 110 156 171 116 110 95 193 134 46 130 179 145 14
172 180 26 75 95 196 196 133 199 182 46 147 104 49 178 49 181 55 103 181 155 61 20 77 109 80 65 159 70 83 69 200 30 36 183 78 156 31 29 16 146 29 179 56 166 55 61 192 176 15 94 189 9 178 181 118 183 118 129 68 169 152 34 79 74 173 60 151 37 198 175 56 43 122 78 82 165 51 161 86 95 179 149 22 139 163 79 25 198 46 119 163 19 171 183 157 158 175 192 193
175 171 169 5 49 172 110 116 137 112 52 178 39 3 43 50 145 61 193 96 116 26 116 107 152 50 37 165 50 138 103 164 97 144 5 113 144 37 98 138 188 22 4 68 51 31 181 73 50 128 138 186 61 17 183 44 94 40 89 58 154 158 61 90 142 197 102 12 166 160 111 8 82 51 114 200 35 103 11 189 101 7 126 185 161 49 1 105 196 121 165 142 174 55 46 177 141 88 81 42
10 186 176 103 62 97 39 44 150 42 96 128 131 99 60 64 147 164 95 183 98 101 122 130 164 182 173 5 175 56 66 165 31 184 37 21 17 80 148 188 8 63 60 53 111 118 177 14 68 122 127 152 64 47 13 35 112 184 13 82 18 69 179 138 175 94 79 104 169 196 92 181 103 56 70 152 64 184 110 65 138 52 30 27 17 124 154 114 190 54 19 79 167 113 26 75 177 109 97 140
72 101 172 123 195 30 4 145 61 155 7 53 186 73 94 13 60 15 55 174 4 9 1 43 66 26 155 25 132 17 112 198 46 69 56 174 90 138 141 185 35 154 121 16 10 128 59 193 104 55 36 117 99 94 42 168 75 16 77 56 146 153 19 43 146 33 44 186 50 55 63 196 115 199 197 119 11 103 135 100 39 65 78 96 4 24 107 116 149 18 133 8 191 73 93 55 52 10 61 29
63 40 169 118 98 45 158 35 56 164 164 28 102 70 176 99 188 157 152 119 73 16 153 80 52 145 80 109 85 123 171 33 65 141 182 177 50 114 94 34 162 6 185 53 134 18 13 84 133 22 107 175 112 174 180 196 45 38 136 109 74 125 72 133 192 109 63 75 190 89 2 177 38 104 163 125 194 51 148 141 38 187 108 23 85 79 130 20 89 110 150 79 65 185 88 105 160 139 34 17
88 82 63 185 67 57 184 95 119 146 151 95 12 13 92 48 92 171 159 120 125 42 87 116 151 101 196 11 70 87 138 63 106 30 2 156 16 174 11 39 109 41 62 80 149 145 163 6 129 119 153 33 105 175 42 64 126 80 48 182 15 136 111 64 16 167 2 69 28 83 105 73 167 196 30 151 56 103 86 26 48 134 50 67 49 112 54 14 159 184 10 157 114 198 42 45 141 93 86 112
177 184 2 196 168 196 46 65 51 19 95 16 34 164 66 174 62 179 23 9 164 139 121 143 164 168 125 3 14 75 27 15 61 80 86 60 158 132 22 6 82 104 154 180 6 184 94 197 176 130 59 63 17 192 173 80 65 117 46 107 83 77 117 190 35 98 78 56 197 14 192 12 152 10 17 98 84 40 178 29 23 37 52 17 190 91 24 179 114 38 123 161 131 61 39 128 15 35 51 192
119 137 174 130 124 195 149 95 115 107 188 129 29 120 80 18 196 119 133 147 68 155 102 142 11 44 7 77 143 58 133 169 13 34 89 169 2 38 10 21 65 200 68 37 114 183 53 125 179 151 110 6 90 126 15 151 162 15 98 178 191 13 91 91 58 37 137 135 35 34 95 69 178 147 131 110 64 98 188 128 104 137 38 7 127 134 116 135 3 35 36 200 1 142 20 181 91 49 63 107
158 192 161 91 176 191 85 163 57 113 26 46 168 137 92 176 28 55 82 159 55 11 194 199 42 19 152 91 127 5 129 146 131 53 186 112 31 15 22 172 41 56 57 17 2 187 84 45 19 90 60 37 129 170 87 121 195 78 146 19 146 34 72 133 142 161 193 54 23 173 114 119 61 50 30 39 76 149 11 82 149 125 116 184 78 69 62 37 190 135 128 158 137 133 185 54 196 61 38 89
152 37 24 71 161 94 198 131 88 107 30 7 143 66 160 177 141 3 8 187 46 151 37 197 119 71 189 171 38 27 76 70 21 4 111 114 193 17 68 43 161 73 2 143 107 18 34 17 104 132 4 143 15 192 49 165 129 169 68 26 161 113 148 144 65 124 96 149 133 74 139 122 162 152 2 130 106 91 89 147 138 101 75 12 53 86 194 169 153 40 52 20 177 103 74 88 143 52 114 168
119 13 175 158 200 125 200 90 79 165 54 180 196 183 137 30 155 30 172 194 9 93 185 82 196 34 93 5 39 104 122 13 58 193 114 176 172 110 83 135 118 126 1 81 171 59 23 34 54 94 191 200 6 56 164 94 196 157 33 175 166 147 59 11 18 12 110 190 9 114 60 95 11 200 190 72 27 142 56 181 164 192 129 28 56 154 192 56 130 93 11 12 153 47 81 164 167 163 83 53
28 136 137 101 180 63 36 191 183 54 158 138 160 101 76 106 58 186 175 17 186 97 75 126 167 120 40 169 160 130 2 108 30 180 73 131 23 53 3 47 106 50 167 165 67 140 100 76 186 51 184 89 92 2 32 57 10 161 145 177 132 100 23 75 145 35 46 17 79 52 171 77 135 197 8 155 44 137 5 81 165 24 3 116 63 184 80 35 8 51 53 192 160 147 10 97 178 70 192 137
66 155 83 10 113 182 191 198 51 187 81 42 112 89 71 186 30 35 46 169 12 193 89 68 86 8 48 129 54 1 135 166 102 88 44 76 32 106 49 59 151 122 160 163 54 127 35 173 133 66 97 23 185 191 139 27 12 51 104 36 177 103 42 45 105 89 77 111 196 43 196 54 179 186 1 134 99 52 169 7 112 175 168 165 89 158 39 152 110 177 180 164 52 113 54 190 120 164 170 111
67 146 90 184 136 11 144 170 20 147 44 178 99 71 155 105 170 36 72 90 53 90 59 40 160 136 121 13 30 84 125 174 138 149 74 186 75 36 25 94 14 132 108 125 96 30 104 71 90 183 123 84 70 110 65 157 185 198 106 66 62 80 85 93 199 106 103 9 58 110 171 137 123 19 33 114 143 83 171 83 159 114 79 60 173 32 137 129 16 166 126 15 57 88 89 91 196 175 54 118
80 90 129 86 164 146 38 141 70 39 166 186 149 198 139 25 145 53 60 169 174 194 184 52 164 200 85 169 105 25 48 28 175 95 101 100 27 66 69 139 74 178 73 87 64 103 143 4 111 185 74 43 93 98 193 106 71 92 79 32 72 61 70 143 127 9 93 57 116 71 77 189 155 175 10 68 110 15 78 86 64 108 153 16 15 140 4 117 134 82 68 186 42 121 56 90 39 199 4 36
77 115 22 167 92 47 59 199 66 102 9 3 42 199 136 78 122 100 75 167 166 121 155 196 130 66 119 140 39 11 160 35 115 69 39 93 145 131 176 110 65 179 64 195 95 194 179 125 101 22 11 12 68 123 148 97 115 119 10 149 40 21 3 56 28 25 12 198 196 154 106 108 180 148 93 110 19 18 149 15 131 58 148 39 185 19 31 151 147 3 62 114 176 2 100 198 20 132 77 26
184 83 1 198 200 158 197 127 85 117 114 156 1 185 76 156 106 131 154 169 14 118 31 26 122 143 49 21 35 135 44 3 120 54 93 143 104 167 120 67 163 48 46 133 156 163 168 17 46 62 115 72 114 72 62 142 115 33 23 32 27 3 162 118 192 152 164 171 88 130 142 15 183 181 186 200 125 41 135 164 186 44 63 109 194 105 118 85 108 158 178 173 162 169 120 95 124 116 60 178
13 183 103 181 169 149 89 52 197 94 53 62 166 54 104 53 49 157 63 88 130 50 109 37 85 100 93 19 109 194 80 143 136 19 65 24 118 16 37 139 110 129 11 73 145 78 151 23 126 87 101 20 117 49 20 55 125 103 154 128 133 13 141 62 61 12 176 33 180 53 85 140 32 156 155 85 199 33 158 179 138 23 49 128 83 53 98 83 12 69 145 172 121 9 16 106 133 102 104 147
52 109 53 84 171 95 105 141 14 43 99 64 174 168 32 167 178 83 128 6 55 150 169 21 107 161 154 149 156 99 126 115 194 94 73 123 13 114 64 107 196 187 55 19 92 18 186 111 107 175 111 80 8 116 81 68 8 142 188 145 118 26 111 34 91 100 141 151 36 64 22 18 199 102 59 125 72 1 95 118 178 161 158 92 49 97 118 123 197 194 126 84 43 197 200 1 179 184 160 6
20 101 103 47 96 119 133 145 185 104 170 82 157 138 123 192 183 183 140 98 30 198 199 174 68 138 130 31 90 192 116 177 191 96 131 174 69 187 18 106 47 155 28 92 28 12 194 144 87 140 38 182 6 183 78 122 159 87 140 23 135 137 93 13 95 88 93 192 70 2 166 177 29 171 160 120 64 125 5 33 49 93 138 90 118 25 187 120 61 78 72 90 179 73 32 177 160 169 30 132
96 147 137 11 57 105 57 184 165 136 67 139 117 177 147 50 109 121 187 43 127 26 103 23 13 190 47 106 20 199 62 198 140 123 20 115 102 119 55 149 108 84 64 101 101 43 108 189 137 154 55 150 165 107 59 31 186 126 156 13 115 190 156 53 38 47 101 132 187 79 58 78 104 58 146 104 49 94 154 84 54 138 82 181 59 155 70 171 164 29 71 146 68 13 41 97 37 185 85 57
48 111 120 12 125 91 183 55 89 51 91 88 188 75 25 1 65 103 103 31 158 174 101 16 109 86 162 191 26 126 64 175 152 36 190 23 1 200 63 196 160 71 7 1 136 169 193 175 48 61 32 184 63 26 25 91 83 136 108 76 61 72 77 175 7 78 110 3 127 97 59 41 177 175 106 68 109 24 27 29 190 124 162 46 134 154 158 75 59 109 44 109 149 101 53 65 156 9 135 163
76 187 172 131 73 66 82 114 139 64 164 36 166 198 150 134 18 134 180 164 10 78 36 181 18 130 118 120 54 58 159 2 99 112 43 159 18 116 95 23 141 191 92 91 185 52 160 37 153 58 179 126 91 134 114 108 172 199 179 6 174 180 98 141 31 38 62 200 139 167 7 36 20 15 54 90 54 101 19 164 96 120 84 176 77 195 16 82 30 168 53 35 70 190 151 183 155 63 116 156
143 51 134 181 118 14 76 93 190 69 3 135 95 101 143 62 33 129 181 118 183 147 82 106 19 179 96 55 34 184 112 121 175 140 182 136 19 64 133 169 21 173 194 109 22 109 70 82 92 17 120 102 179 107 114 32 83 193 86 149 172 113 76 120 187 111 52 166 199 145 111 124 198 38 156 158 109 164 54 141 172 13 59 145 146 46 42 14 130 145 75 126 1 154 80 27 50 192 187 141
41 142 52 122 186 10 61 13 170 52 198 58 169 164 91 184 58 109 123 118 168 120 166 95 49 42 82 156 123 162 15 172 114 94 133 31 99 58 90 130 15 53 11 86 183 31 24 25 67 72 193 175 161 125 181 29 175 134 154 199 142 155 53 176 138 91 137 148 155 200 4 135 90 137 111 82 177 76 97 85 164 75 83 186 77 122 108 137 109 63 98 118 88 79 112 156 76 75 71 74
17 52 163 155 51 38 191 127 157 191 16 15 200 108 162 114 151 151 9 49 82 46 71 78 85 24 36 130 128 179 56 179 94 38 172 133 80 12 7 23 9 60 184 83 144 23 87 173 170 130 12 110 100 133 15 20 85 119 97 138 59 118 2 109 30 171 183 44 161 9 71 198 195 120 102 44 153 105 112 71 109 141 110 38 170 9 43 56 72 26 181 91 32 169 92 55 145 134 153 17
95 178 12 64 190 39 86 14 83 68 167 168 108 55 60 26 73 13 149 37 3 151 36 177 181 100 79 189 96 140 188 2 23 74 36 179 81 75 113 156 106 37 179 45 56 162 5 55 179 92 136 74 199 45 185 74 26 135 60 150 81 163 70 75 141 178 81 99 62 112 148 189 121 113 144 84 80 146 5 145 91 23 40 166 182 3 87 70 46 115 99 68 190 174 155 1 32 17 184 181
13 80 47 102 157 197 42 60 189 165 182 151 66 147 125 1 88 160 104 86 36 128 21 59 198 126 143 158 166 85 54 39 77 71 46 57 47 193 117 158 67 105 174 20 77 105 59 70 135 34 183 181 94 153 69 3 142 182 52 36 155 160 107 92 12 11 196 163 137 40 26 186 33 129 147 54 135 19 184 136 37 23 39 118 31 70 163 52 116 115 144 146 165 109 106 19 189 151 138 34
149 148 199 188 172 4 96 21 87 172 80 174 53 139 78 2 72 146 76 153 133 155 126 127 130 119 186 189 83 191 9 120 166 141 41 46 114 129 24 58 150 173 113 122 198 86 185 145 6 127 129 110 153 62 123 68 110 27 131 168 92 157 197 86 73 148 130 15 12 118 6 199 140 1 8 159 148 41 56 188 128 166 65 146 95 84 21 114 101 114 176 113 172 11 19 176 79 7 12 173
126 2 30 87 177 25 88 73 77 20 100 67 105 181 26 70 74 154 164 46 160 197 138 122 190 196 12 153 34 102 103 173 44 105 175 94 160 27 39 45 100 139 96 193 46 88 103 175 172 124 63 140 62 41 119 136 148 86 122 43 148 83 129 191 135 14 161 175 48 90 58 70 70 18 83 142 54 157 179 178 71 190 33 38 91 14 67 15 126 160 52 101 118 130 67 107 167 163 30 152
171 69 87 158 146 162 47 86 141 98 129 72 159 73 12 25 84 162 135 55 48 82 7 39 132 98 101 177 135 134 124 34 129 98 94 95 5 83 198 185 64 133 47 187 176 168 40 108 6 178 60 148 71 167 47 179 76 142 98 154 37 101 77 36 157 14 186 182 46 158 144 20 199 130 27 63 181 108 89 116 10 149 10 152 159 96 198 171 111 145 167 163 154 130 110 104 198 97 91 78
178 53 132 145 183 130 148 11 196 95 145 146 113 77 71 187 60 68 57 71 118 152 197 65 154 57 69 189 27 11 128 43 100 14 118 75 137 40 65 86 42 133 40 16 151 94 125 178 132 178 49 152 106 174 155 30 11 134 160 114 145 145 53 166 47 148 163 106 192 104 103 67 89 18 94 42 180 58 144 86 82 21 193 160 131 102 194 184 123 180 148 35 114 113 195 107 84 42 116 89
39 91 89 179 151 51 127 128 184 140 117 200 35 105 68 146 16 146 43 133 30 123 174 58 107 32 53 43 197 9 184 103 196 200 121 6 189 151 40 103 109 110 153 82 163 164 86 197 1 62 90 63 31 117 180 12 142 161 138 164 41 150 119 25 178 15 156 150 106 7 18 72 13 16 122 126 6 24 156 129 164 182 198 126 52 39 35 79 171 47 94 23 14 7 138 170 26 48 50 4
128 63 150 57 18 167 23 97 152 8 63 16 95 53 173 74 196 171 68 59 86 129 137 127 7 188 134 79 154 44 98 126 154 97 1 21 18 155 141 32 74 17 103 158 125 130 180 161 111 154 55 70 121 143 8 131 65 159 155 31 97 142 19 184 119 51 71 154 123 8 117 180 65 187 183 189 140 199 136 68 30 72 60 112 167 155 150 105 30 111 145 82 50 145 102 11 132 197 6 69
163 82 25 125 84 44 196 60 65 5 104 76 161 4 54 21 82 9 173 115 53 138 78 200 143 153 154 16 145 107 190 42 75 90 20 192 56 157 129 78 42 128 149 162 136 7 15 44 145 36 26 18 51 110 62 131 164 36 110 2 87 126 158 181 30 135 161 131 193 86 142 138 117 5 121 54 198 6 56 4 160 108 49 33 48 14 44 48 29 97 33 130 50 190 109 127 12 135 88 182
10 193 84 123 82 91 101 38 97 9 12 47 21 161 20 23 4 197 172 95 67 152 101 139 59 1 39 36 2 30 133 112 195 33 24 153 45 86 34 90 125 73 162 112 62 79 196 91 5 23 184 111 104 143 198 10 178 29 144 89 122 195 87 110 91 95 123 6 182 137 137 96 98 55 102 95 98 49 69 193 1 5 147 121 93 64 21 40 170 187 194 53 58 121 8 30 49 41 152 163
80 116 153 68 48 3 146 2 2 161 154 75 48 109 80 52 67 22 3 155 32 80 177 158 73 27 33 8 184 72 131 11 199 173 106 118 83 95 102 143 79 31 2 54 147 68 78 173 107 193 15 136 146 74 195 7 41 111 124 33 180 113 120 198 123 186 88 190 103 147 126 127 100 148 73 50 9 36 180 85 146 96 169 34 153 33 161 125 93 164 52 28 28 88 89 40 72 190 137 105
28 89 52 180 156 7 172 97 38 75 177 96 83 150 155 168 177 53 46 6 20 67 50 108 102 100 42 174 199 7 136 132 46 142 93 121 160 50 77 42 29 159 90 180 109 84 122 77 108 171 37 178 98 39 55 164 135 48 63 48 126 27 112 82 143 14 70 193 145 151 5 140 25 92 143 95 132 111 139 50 94 150 195 181 104 130 71 13 53 165 143 6 110 60 132 49 36 48 54 94
178 64 153 100 107 75 144 107 29 74 170 55 14 52 54 3 84 43 170 105 114 68 51 52 16 24 160 58 186 5 82 87 69 142 194 39 47 172 117 177 189 11 196 35 193 170 69 140 32 89 92 84 99 184 9 103 149 18 178 56 100 183 82 77 148 1 38 191 169 32 23 46 190 184 90 150 162 145 68 90 155 66 20 29 174 183 150 111 55 4 104 109 85 109 24 33 189 31 71 11
115 13 146 119 138 13 176 66 15 26 14 32 19 34 94 18 82 101 51 181 155 61 130 91 119 184 165 7 69 139 102 55 164 5 196 80 185 29 104 177 92 156 146 143 13 113 2 101 117 193 53 51 45 134 55 186 95 74 97 150 24 19 15 55 108 149 2 166 45 90 48 180 179 29 170 73 46 181 132 195 32 16 2 75 196 57 82 67 28 169 136 127 138 188 197 196 157 155 75 109
87 80 74 89 141 63 6 121 172 183 66 17 119 166 194 144 100 29 199 199 154 97 162 1 83 140 135 44 192 148 87 174 52 123 29 148 67 144 10 129 125 174 95 27 113 2 18 163 170 139 49 50 192 75 47 70 154 3 164 119 149 136 166 141 89 21 103 78 90 11 191 37 104 13 186 161 6 83 132 118 52 117 92 147 92 114 152 170 121 147 44 110 65 4 131 25 108 27 137 92
38 5 87 104 137 153 129 119 50 68 19 156 8 150 50 29 109 86 46 175 145 149 41 107 4 166 60 190 54 63 49 78 158 154 192 139 143 174 27 63 180 96 102 92 62 105 115 74 147 37 152 107 31 120 72 71 136 137 177 126 82 26 78 132 78 83 28 73 96 67 165 77 63 178 30 37 122 115 140 112 165 136 46 45 163 79 40 177 17 90 61 180 111 103 59 137 177 55 73 63
188 101 70 164 96 53 183 197 180 155 168 85 83 38 198 49 172 83 8 74 77 89 62 98 170 62 158 10 111 68 43 28 98 151 152 8 95 75 152 12 156 66 106 50 134 188 20 180 59 89 115 93 159 2 141 125 114 73 191 94 7 7 147 106 96 25 31 190 73 130 17 53 152 46 81 151 145 182 43 101 180 187 137 3 146 53 60 123 8 142 114 53 98 83 82 151 46 14 174 138
29 104 81 65 140 183 121 1 19 8 127 198 128 66 191 195 103 158 74 158 196 78 93 95 136 81 1 55 117 92 74 89 42 114 87 161 49 62 93 138 45 51 87 71 42 22 196 151 55 39 123 19 84 38 20 71 129 4 55 3 56 52 188 57 7 42 7 138 165 21 45 44 189 100 6 178 157 71 31 38 49 110 186 136 13 106 80 108 32 99 61 140 99 157 93 110 129 159 98 51
129 176 138 182 4 8 43 23 119 158 108 162 48 165 11 17 33 110 27 160 164 67 66 146 36 171 37 38 114 66 180 170 178 169 74 32 182 40 172 81 135 176 46 82 21 12 151 101 1 146 124 135 148 129 141 32 139 79 80 80 36 148 79 67 115 75 85 52 80 142 5 44 67 117 127 58 18 36 177 39 46 195 52 170 101 129 69 55 180 153 195 24 48 127 78 38 182 167 20 62
181 109 190 172 83 88 10 38 40 101 151 163 4 27 16 188 163 37 2 100 59 123 72 5 113 73 119 81 96 11 196 141 147 89 67 95 62 157 93 170 70 156 106 183 134 113 61 172 9 120 194 108 159 99 180 78 114 189 140 51 9 42 11 101 81 9 12 57 155 188 34 145 2 117 42 67 88 24 5 45 17 152 94 46 130 161 13 164 115 139 101 96 37 87 165 118 27 192 96 55
158 107 100 27 103 106 31 17 98 3 122 20 88 108 139 111 76 73 30 41 81 66 89 1 183 185 194 81 11 111 188 136 72 108 27 178 176 125 17 106 126 87 140 33 71 51 133 71 105 193 168 38 47 142 118 149 169 11 168 79 103 66 199 64 32 113 98 130 171 92 134 191 108 60 41 200 119 104 95 151 14 80 107 182 128 125 143 109 117 69 117 172 72 67 9 129 80 114 12 149
96 193 133 70 4 79 131 67 187 82 38 28 150 127 8 94 99 151 124 16 150 194 152 71 40 123 77 187 71 170 118 47 158 77 42 2 131 174 117 181 13 169 119 46 195 21 143 104 99 174 104 7 10 126 78 180 178 178 115 11 3 34 183 61 128 199 184 157 55 110 63 83 86 105 141 144 129 51 24 52 30 15 189 89 79 187 38 165 8 99 179 27 71 69 164 46 82 81 75 22
171 80 22 112 30 97 188 64 91 100 150 30 180 14 101 44 178 88 107 155 142 84 28 91 105 66 13 112 26 14 120 163 84 94 82 128 129 156 68 100 160 31 195 11 26 64 150 51 48 181 135 154 145 174 123 49 169 162 15 164 110 17 123 90 23 178 119 161 116 75 50 9 188 132 1 134 199 70 147 17 154 31 126 126 182 197 21 173 128 44 164 102 132 14 107 174 186 34 83 189
180 72 129 3 131 180 75 115 79 79 99 195 95 83 9 47 194 185 200 125 34 146 83 194 186 101 65 117 71 139 176 7 68 147 59 51 152 36 10 22 100 176 180 34 43 183 142 163 159 150 39 106 32 131 59 129 111 38 174 96 59 17 172 12 170 79 95 74 56 4 64 142 54 136 88 177 37 65 120 180 53 195 92 50 36 100 27 167 133 145 136 151 8 60 103 35 74 122 197 188
23 20 165 195 63 70 135 132 55 13 179 110 121 154 93 187 10 42 49 129 111 189 1 135 43 18 126 95 38 194 190 7 37 88 48 116 16 72 64 66 105 156 84 155 48 176 199 39 164 59 115 104 150 32 18 59 149 9 29 88 87 5 40 127 198 19 93 122 42 194 43 180 165 112 78 66 180 198 125 189 120 136 161 193 134 151 60 33 50 180 181 38 40 58 112 135 115 42 151 130
176 171 38 172 188 163 24 4 154 165 164 76 57 37 111 11 160 67 138 70 105 196 140 79 128 5 142 51 155 30 181 185 187 69 171 133 78 67 98 167 35 184 84 123 47 59 20 54 164 143 171 37 109 185 73 87 43 122 193 43 115 2 94 138 87 8 180 190 193 79 165 33 182 192 139 16 60 95 22 151 110 152 173 59 100 167 63 45 144 57 21 86 89 100 141 131 180 1 24 45
21 186 2 69 100 40 118 180 15 1 196 69 44 35 198 66 37 147 17 100 31 63 96 112 94 63 130 194 94 129 88 60 9 148 148 20 183 177 104 118 172 8 178 182 71 151 154 156 198 95 146 50 176 122 173 167 133 156 23 158 104 91 99 56 25 171 144 104 76 86 81 104 2 127 117 4 76 104 98 3 154 91 176 82 2 96 89 200 167 49 108 45 47 30 171 171 75 144 8 57
194 103 190 173 187 187 64 90 186 42 185 105 84 96 200 125 50 50 161 197 34 46 116 75 18 151 87 116 161 24 104 62 103 142 169 38 146 174 102 75 50 48 20 26 31 70 89 19 152 35 144 144 31 47 182 38 107 190 50 21 54 149 176 107 36 86 87 47 195 12 165 195 198 50 100 194 36 103 95 160 35 124 123 191 153 134 40 158 181 122 148 180 142 14 6 140 83 59 110 177
93 118 83 95 117 36 63 168 195 58 181 134 6 168 98 83 194 85 26 74 141 27 136 1 43 127 63 78 28 101 96 103 67 134 136 156 190 30 77 184 117 123 63 97 194 50 184 85 101 68 88 104 137 9 191 180 113 143 43 126 3 103 4 103 35 48 156 120 68 57 121 14 114 34 50 142 133 198 190 188 154 185 63 8 190 193 7 167 43 90 103 199 173 61 62 181 31 171 193 95
157 25 44 67 63 128 57 199 122 36 154 73 95 158 110 39 28 97 85 64 181 132 191 77 193 157 53 6 81 150 130 12 110 37 193 150 111 186 156 164 69 197 110 177 12 158 65 152 165 148 200 129 4 108 41 127 76 172 73 38 111 88 175 137 86 46 43 50 16 51 68 186 82 134 157 44 62 96 101 155 12 179 152 176 75 115 180 103 199 84 113 189 98 114 173 37 193 45 25 151
73 158 98 51 52 3 82 162 61 148 39 70 70 59 38 179 78 64 122 192 26 193 124 144 194 75 34 109 165 36 127 182 56 71 143 11 139 101 155 160 163 99 64 81 79 67 4 155 10 175 23 154 80 81 62 161 28 20 86 78 49 151 47 61 2 42 54 53 129 93 109 6 57 74 155 181 65 131 152 120 137 85 150 127 3 17 119 96 188 147 21 9 133 46 38 11 142 152 82 150
123 116 21 106 120 158 184 25 84 77 170 3 11 181 32 115 108 178 134 82 105 195 31 87 128 167 124 85 174 149 173 127 91 76 131 181 59 156 60 181 36 196 21 187 108 2 186 35 119 178 16 107 113 86 128 152 116 179 25 92 73 70 31 165 129 25 49 129 183 171 140 55 32 123 179 24 64 150 17 58 18 27 99 49 74 195 2 7 22 75 142 47 78 74 99 87 35 161 10 83
126 177 95 19 142 113 152 78 133 116 87 163 69 15 199 52 27 66 87 51 96 40 193 70 54 55 77 148 166 50 1 171 66 17 6 164 74 106 12 117 60 77 104 101 104 60 79 28 55 10 184 21 126 199 112 144 29 177 143 62 71 56 141 100 140 185 152 164 188 158 83 59 163 128 195 47 159 49 162 147 159 111 56 138 127 126 59 30 114 106 171 34 118 69 154 37 110 20 99 65
126 51 106 77 187 141 90 52 89 197 200 175 168 59 167 92 28 69 159 23 130 130 161 171 69 24 82 70 155 108 14 148 36 172 137 38 135 77 44 43 82 108 188 17 15 67 76 61 190 39 82 69 62 182 173 40 144 164 183 78 132 54 134 64 114 41 131 12 18 38 69 43 140 50 44 100 110 179 63 49 143 45 137 127 63 186 130 101 186 137 28 170 140 168 111 3 194 107 200 49
