80 	
7	13
1	67	7	38	1	
1	33	6	538	4	
1	76	9	2544	9	
1	93	2	2307	1	
0	40	1	1674	4	
1	11	6	1887	6	
1	83	3	178	2	
1	22	4	456	6	
1	59	9	142	8	
1	82	1	1586	4	
1	2	9	3777	1	
1	38	1	613	3	
0	8	7	3333	3	
1	34	8	3431	3	
0	91	7	2212	6	
1	32	5	1239	5	
1	25	2	2123	7	
0	76	8	3076	2	
1	85	1	2265	8	
1	76	9	729	1	
1	64	5	2891	4	
0	5	5	2849	5	
0	81	1	1958	3	
0	54	5	379	2	
0	80	7	2022	6	
1	71	9	630	8	
0	39	2	3603	7	
0	18	4	2648	9	
1	66	9	767	9	
1	9	5	215	1	
1	58	7	3586	3	
0	1	1	1558	8	
0	86	1	2828	1	
0	77	9	1277	7	
1	58	4	2370	6	
1	2	8	291	9	
1	21	6	3508	8	
0	62	6	3254	2	
0	63	5	2394	7	
1	72	1	288	3	
1	81	6	1198	3	
1	60	3	2558	8	
1	15	3	1797	4	
0	20	8	1598	3	
0	8	5	3613	5	
0	39	8	1994	6	
1	4	4	1150	3	
0	50	1	504	1	
1	2	1	3134	9	
1	71	5	2932	6	
0	42	5	1275	7	
1	79	8	3756	2	
0	5	8	3095	8	
1	28	5	3161	4	
1	82	2	2290	6	
0	25	2	1438	8	
0	90	7	3077	4	
1	43	4	836	1	
1	94	1	2557	9	
1	4	1	868	1	
0	75	7	4045	7	
1	31	3	1252	6	
1	3	9	3362	6	
0	66	4	1783	7	
0	90	6	1471	7	
0	84	6	397	7	
0	5	7	3578	7	
0	67	6	3436	8	
0	65	5	3559	9	
0	94	9	130	9	
0	70	5	2589	2	
0	29	3	3239	8	
0	28	8	2399	8	
1	51	8	3606	8	
1	29	8	3620	6	
1	72	8	2337	1	
1	79	7	1354	6	
0	78	7	1889	3	
0	75	4	251	9	
0	96	6	1866	1	
108 66 147 82 85 131 77 172 83 55 115 130 68 101 26 154 106 117 7 35 110 50 154 170 104 160 1 137 152 94 67 177 197 51 167 122 155 83 25 186 149 170 173 84 122 9 90 76 68 27 188 64 139 157 160 18 26 99 66 104 99 118 5 113 82 69 13 112 20 13 116 16 172 131 131 92 148 110 12 51
57 68 122 52 111 75 164 164 9 200 57 137 103 22 41 74 22 14 195 192 74 95 149 158 144 62 122 108 162 98 51 129 2 26 47 122 64 44 126 77 76 182 146 196 7 15 128 93 86 103 190 64 148 174 21 90 149 166 36 106 119 121 79 133 120 33 85 110 22 99 94 85 104 168 98 159 77 17 55 27
186 134 49 17 95 61 180 141 75 31 154 6 9 127 143 128 158 144 142 99 101 82 163 84 176 115 132 1 185 150 70 200 79 51 49 110 33 119 6 187 124 195 153 111 42 14 26 22 81 8 168 94 150 143 124 4 66 98 40 14 196 148 77 47 89 171 56 19 62 102 38 162 111 97 194 188 146 137 47 4
104 82 35 174 4 90 21 1 8 95 97 10 27 33 51 58 77 139 157 125 181 186 126 178 31 10 40 123 112 62 19 131 56 177 90 10 54 115 58 200 155 148 157 97 113 128 107 57 56 76 37 197 1 163 145 27 145 14 127 135 140 69 138 24 194 136 114 10 53 20 196 198 147 44 19 125 12 18 149 68
102 9 29 69 114 88 11 86 154 200 130 10 185 106 76 145 139 61 26 118 82 47 40 48 89 147 147 146 123 95 22 12 89 26 33 42 55 111 181 199 14 28 14 112 160 116 97 129 7 93 57 117 47 168 142 139 119 173 31 166 143 67 57 126 73 12 65 145 183 24 159 43 50 71 95 152 106 104 183 16
52 138 148 137 125 126 186 135 154 75 169 22 111 73 49 143 131 60 196 89 161 192 2 118 45 77 85 68 142 37 64 160 150 200 88 118 65 101 97 55 83 66 36 14 126 12 39 146 116 129 54 180 105 17 10 64 89 136 7 118 82 129 199 85 113 157 182 157 90 31 66 129 132 114 119 37 102 60 184 20
6 57 151 119 37 53 56 145 31 64 188 78 22 95 195 156 108 89 175 17 14 181 111 110 117 38 101 15 54 72 147 57 108 109 24 130 116 87 85 109 72 33 57 115 124 154 138 33 125 175 36 107 78 37 115 15 84 80 86 100 106 157 27 188 7 47 140 37 172 20 122 11 42 100 13 110 47 187 152 34
117 153 41 176 51 74 126 99 39 80 82 169 64 192 25 166 173 22 147 89 70 177 140 10 60 37 125 94 44 131 137 172 73 12 182 140 76 45 139 13 135 72 35 174 102 137 193 74 100 62 100 174 70 83 172 139 149 124 100 159 199 197 100 47 118 71 2 146 61 136 83 103 144 160 118 176 36 92 199 141
26 123 129 61 74 90 89 62 148 52 130 140 6 135 51 148 176 90 111 51 23 148 146 115 103 37 88 114 44 145 143 47 165 113 27 126 20 22 77 46 194 177 31 187 120 163 3 111 93 47 24 167 150 145 29 121 128 14 179 143 120 96 99 157 41 126 83 100 185 171 71 103 105 145 45 66 66 64 9 70
37 70 9 115 123 120 43 124 87 10 70 82 145 66 37 50 160 184 27 112 83 119 174 39 183 54 50 11 151 17 25 128 64 168 185 159 138 52 149 97 23 35 97 64 26 47 163 141 199 180 149 124 10 1 147 83 108 121 63 67 72 160 131 138 127 152 114 37 99 61 166 17 26 70 34 166 173 127 142 100
92 4 1 40 23 125 132 107 126 66 100 148 174 56 183 107 55 31 196 142 15 41 160 70 168 19 48 197 164 192 81 128 141 7 190 68 145 3 4 132 50 74 70 141 55 18 11 191 78 62 72 97 137 75 44 179 107 38 90 121 35 77 104 116 191 15 185 141 51 179 71 106 168 2 198 81 181 166 187 159
152 96 113 77 135 15 147 139 60 191 129 121 66 187 28 55 16 81 148 95 110 38 2 74 61 124 24 156 125 110 161 99 23 55 141 138 70 133 114 21 56 35 179 191 8 55 3 92 6 97 37 106 118 86 79 140 2 111 149 157 191 74 138 15 176 56 2 33 143 19 122 81 179 89 25 79 67 106 17 99
88 42 169 136 31 94 105 80 97 59 80 30 145 67 151 49 127 171 42 195 167 41 24 101 102 120 22 8 76 192 104 148 30 96 73 114 6 45 153 151 112 132 40 145 196 22 143 96 128 101 178 111 91 72 174 141 174 193 196 37 176 91 129 78 41 84 11 65 60 114 143 30 196 125 88 159 110 69 34 92
166 20 106 199 138 159 139 11 178 128 1 159 85 56 158 117 193 84 169 33 71 118 172 1 85 150 89 128 194 187 78 177 60 179 108 189 90 57 113 118 95 169 116 37 51 44 92 197 27 87 64 128 142 194 105 153 150 49 132 14 120 164 141 56 194 35 188 117 84 78 192 46 47 162 94 88 7 190 188 113
166 66 34 26 50 5 154 17 137 109 185 119 30 65 48 147 83 75 17 92 13 32 122 54 143 48 37 56 100 31 48 15 173 49 109 2 192 141 9 200 85 6 192 86 57 46 32 36 132 144 139 39 130 83 56 157 160 53 48 58 181 84 121 20 100 97 22 41 182 99 163 11 168 15 105 96 182 36 62 10
40 87 141 189 92 129 21 139 26 6 143 84 161 16 46 92 85 91 113 165 63 164 112 51 75 194 51 125 40 167 61 109 29 161 112 166 63 7 103 134 98 77 72 181 83 115 123 182 7 160 131 99 86 64 160 121 121 179 11 115 197 57 107 53 19 84 30 183 120 173 105 49 49 196 58 173 38 56 123 63
66 105 33 25 52 65 47 164 196 23 66 14 52 64 31 139 132 186 23 108 13 149 107 69 177 107 143 103 54 199 43 124 133 200 13 66 83 59 39 97 86 151 183 103 70 143 68 15 173 186 180 36 75 22 191 55 88 54 91 51 16 61 51 122 8 136 17 64 142 167 70 127 157 60 190 185 162 81 200 77
2 136 132 145 178 93 72 157 32 129 124 60 34 31 128 140 59 179 14 128 52 38 84 62 23 16 175 187 143 75 70 109 59 38 199 192 167 200 135 142 116 37 61 66 182 8 80 45 139 2 38 73 46 84 110 105 196 163 157 124 130 80 114 134 15 188 73 38 180 29 30 71 200 81 134 49 73 184 58 161
174 174 84 158 136 105 140 77 184 29 10 129 16 166 44 60 168 184 94 59 126 115 115 184 199 67 61 94 13 111 167 8 182 72 171 88 7 120 111 191 152 154 85 120 189 25 139 165 147 156 170 61 21 112 44 143 189 141 26 95 179 150 71 198 63 71 100 131 142 53 47 181 85 107 107 72 176 29 53 47
103 42 109 92 100 142 101 91 171 20 159 144 21 43 74 178 60 74 34 2 3 14 87 63 100 156 50 184 148 59 20 120 118 39 91 60 112 47 123 176 91 162 189 26 116 84 47 174 76 118 191 101 25 96 89 95 23 45 56 4 6 199 14 122 174 199 200 191 63 173 15 1 145 109 161 168 89 178 68 8
184 175 62 17 45 86 93 150 99 115 100 95 106 116 20 165 128 158 191 56 101 76 164 99 33 105 131 167 25 120 12 199 197 119 154 97 146 101 69 62 23 142 70 95 83 22 37 122 2 131 79 25 64 34 73 1 132 50 7 99 132 177 189 126 197 101 122 51 156 11 47 102 62 174 85 105 45 126 174 56
128 67 97 184 84 84 121 50 80 176 69 97 73 78 101 110 21 8 162 117 139 1 147 170 84 136 186 185 179 168 132 77 71 180 22 132 124 69 196 32 105 126 144 8 75 36 135 135 149 143 148 54 195 20 157 32 193 23 104 139 164 9 80 148 129 9 140 177 31 158 63 58 11 184 49 171 192 83 199 172
47 45 113 54 35 139 131 61 42 82 156 178 78 76 197 192 195 151 165 171 157 145 148 142 114 5 34 107 44 109 11 121 26 108 77 25 148 107 122 53 172 97 196 144 171 118 66 183 167 83 90 150 102 187 71 191 115 67 52 86 46 131 44 134 48 145 71 84 179 15 18 76 94 38 190 199 177 161 80 126
33 93 38 22 92 62 78 110 67 147 150 151 56 197 6 68 66 128 19 42 12 112 125 185 124 194 151 94 122 103 105 169 182 14 56 94 24 90 134 163 141 80 148 3 115 27 92 2 140 111 64 113 1 160 200 157 20 2 80 95 45 123 25 117 114 35 139 165 67 38 110 122 151 31 100 144 146 42 105 116
18 109 197 71 78 36 169 7 175 49 153 92 47 51 104 129 130 104 91 156 7 30 70 180 30 167 152 119 97 112 53 98 1 5 68 135 26 50 8 107 42 156 97 169 98 75 112 152 12 21 155 9 57 197 86 102 143 162 160 146 115 47 76 139 36 16 117 11 4 66 24 100 199 90 127 55 132 108 10 145
55 111 78 15 121 179 86 89 70 161 148 190 79 176 23 38 139 170 6 54 24 190 6 58 116 100 36 12 172 112 87 5 97 104 137 166 140 156 147 172 167 169 68 136 57 118 4 75 142 73 188 193 45 2 18 121 143 90 29 108 130 27 148 39 51 170 135 53 138 114 196 172 74 120 38 65 113 114 112 106
21 119 126 72 60 194 48 59 107 126 131 129 140 55 121 137 66 192 20 3 138 12 37 146 144 143 168 161 32 151 80 72 177 63 29 136 44 85 154 183 74 159 72 127 55 74 55 8 186 156 20 56 25 116 97 177 78 144 119 87 125 192 61 130 159 98 51 61 166 150 102 192 126 200 182 70 60 107 78 5
186 16 153 50 101 46 176 109 116 134 141 48 188 102 8 25 76 27 80 73 3 161 197 182 175 94 56 50 68 42 167 84 154 18 127 33 82 170 163 79 92 118 105 58 99 33 59 196 70 123 30 149 91 116 18 164 118 145 161 43 51 120 16 110 53 51 173 185 24 48 183 105 66 152 91 82 188 118 148 113
173 185 12 49 71 3 136 144 195 5 186 134 91 55 99 177 37 147 61 120 29 89 73 198 70 177 3 166 171 80 186 134 129 114 29 190 121 11 197 51 162 88 91 9 9 21 64 56 66 157 150 103 101 125 57 14 38 77 41 88 127 62 75 6 138 81 12 30 183 92 142 84 130 20 3 194 108 22 128 10
177 98 69 29 183 37 185 39 95 39 87 132 144 41 13 5 122 190 169 49 62 44 93 197 86 189 121 79 81 98 151 42 133 161 155 153 96 176 57 77 111 154 200 3 19 2 113 194 25 88 47 147 181 31 139 73 11 128 47 176 15 129 192 140 58 141 146 38 126 67 167 91 82 19 92 42 133 64 14 87
97 124 120 116 102 18 47 37 60 135 155 158 117 196 61 196 18 195 174 33 160 93 45 89 189 145 25 116 168 50 24 160 113 14 95 137 37 47 12 80 16 13 186 175 162 44 138 151 3 109 5 6 26 197 68 46 58 6 125 123 75 101 86 68 9 164 64 84 145 113 149 152 85 163 184 68 191 69 37 177
63 170 191 129 41 150 25 123 150 111 84 34 171 48 120 192 56 132 59 157 8 20 126 49 65 4 117 104 106 167 43 63 101 60 53 175 161 40 86 162 196 125 121 164 82 136 26 119 83 130 82 86 165 147 126 47 22 53 10 96 164 73 144 94 190 127 100 195 129 168 78 139 79 121 183 36 118 192 56 34
45 171 149 176 132 40 110 85 147 20 22 38 1 6 142 181 167 71 61 127 84 52 152 13 26 64 9 199 150 109 178 85 176 44 109 144 149 150 144 29 32 26 139 197 99 11 91 47 3 190 199 67 131 149 130 156 182 123 11 7 22 193 137 119 113 43 111 73 46 133 142 110 174 149 98 155 177 40 43 115
92 116 65 97 3 129 6 145 52 26 93 39 81 143 135 154 92 145 200 131 154 60 25 162 89 37 92 38 123 39 102 1 78 37 153 117 10 39 188 88 182 23 63 77 175 28 118 10 43 109 110 16 198 52 124 3 73 10 20 54 178 147 173 17 148 132 190 79 53 131 160 12 200 124 51 184 7 192 17 15
117 51 149 57 117 15 194 25 194 163 181 41 37 164 142 75 123 195 148 76 94 19 105 5 11 125 169 187 109 173 83 8 10 20 166 72 159 198 61 185 90 87 34 28 18 121 165 118 75 89 143 132 185 137 76 182 87 54 27 108 153 144 52 49 150 51 189 194 44 120 23 90 164 123 57 145 11 101 160 46
179 105 20 104 101 43 122 187 109 41 158 51 120 12 115 188 52 14 25 59 118 139 18 139 108 61 55 32 136 4 80 120 114 36 20 184 22 168 2 126 76 33 47 187 31 143 52 37 15 155 41 182 138 19 171 39 151 179 177 85 117 184 5 103 177 10 174 191 65 39 196 160 131 169 167 27 77 92 112 177
41 24 97 177 77 194 166 173 110 80 195 37 106 90 176 152 198 106 176 73 159 162 84 174 77 63 14 3 199 42 32 131 79 200 69 112 157 96 62 145 157 10 66 40 195 101 179 106 124 137 177 62 6 84 154 117 168 78 185 157 80 104 12 16 195 40 45 114 193 13 113 85 60 22 118 58 190 156 61 119
150 26 75 29 113 85 184 6 199 122 142 140 161 46 138 60 157 124 118 186 13 200 141 19 157 121 177 129 85 58 127 28 143 100 123 181 75 106 71 139 106 154 105 117 9 6 119 3 105 97 26 122 98 140 10 174 79 190 39 55 68 76 84 162 198 36 157 52 123 50 23 184 76 52 77 17 51 42 119 27
68 166 78 5 77 75 180 76 117 180 94 95 38 32 70 28 105 104 41 153 15 12 134 159 34 70 93 44 69 196 76 41 95 2 50 186 185 142 27 114 77 153 39 53 117 121 28 37 170 4 70 35 68 16 189 45 183 61 128 47 21 108 6 81 40 95 14 138 67 151 107 105 198 168 73 135 169 133 87 68
50 101 12 146 42 118 21 33 62 109 156 186 189 124 63 118 21 89 129 152 168 106 190 189 93 109 136 161 84 181 125 72 75 78 88 30 139 21 112 56 98 29 39 86 85 136 139 21 77 27 28 113 37 152 181 80 104 74 138 6 67 199 114 18 141 189 9 161 125 172 32 143 50 199 141 141 53 107 127 185
96 111 168 130 176 190 127 112 165 45 115 128 150 97 80 121 135 161 28 192 169 75 145 90 28 34 128 51 23 118 89 162 142 124 73 199 145 162 127 156 89 10 179 53 105 105 92 62 5 16 171 86 30 95 8 183 149 28 129 96 157 172 48 53 133 90 131 74 40 82 107 112 83 162 14 40 1 22 189 120
41 130 121 79 200 135 133 155 71 3 73 186 135 194 169 97 49 14 68 2 159 199 71 137 54 118 191 13 64 94 114 125 8 192 96 115 85 79 28 54 51 80 174 100 76 78 191 138 19 39 35 196 173 14 72 42 180 132 132 26 17 126 36 42 132 101 177 3 139 151 23 52 114 194 16 198 79 86 2 130
61 159 139 180 37 98 29 190 103 17 166 62 110 1 42 149 146 133 51 49 125 93 136 198 8 120 182 97 184 173 147 10 152 22 183 31 9 122 104 72 43 90 141 94 167 164 81 40 23 184 13 28 165 72 92 169 74 85 97 129 139 38 191 55 193 63 180 105 112 146 170 61 195 191 175 150 124 185 167 59
151 42 14 51 177 67 143 7 25 10 150 13 167 132 5 196 30 170 84 195 51 171 61 59 50 180 149 90 171 131 69 100 104 77 113 48 128 15 75 33 56 54 112 49 123 79 97 76 55 65 94 83 10 94 115 80 1 25 122 42 33 100 197 193 161 103 154 43 157 32 171 138 52 48 69 98 62 107 168 171
168 125 180 167 49 29 56 156 115 40 115 3 35 80 133 125 110 40 3 115 68 193 148 16 167 171 59 181 43 89 189 184 98 188 116 194 83 28 105 1 94 182 95 124 143 80 158 94 61 118 171 106 164 2 156 15 28 38 26 108 157 190 154 40 162 69 187 172 98 81 162 162 61 52 50 198 72 175 128 195
67 29 141 135 32 169 102 127 130 135 44 163 47 12 104 129 103 127 141 101 142 43 6 163 190 26 95 18 195 108 151 53 131 189 58 70 50 28 53 70 27 14 63 154 157 121 161 112 72 42 40 16 132 122 51 73 144 156 34 48 188 99 192 125 112 107 35 124 72 58 66 6 94 130 41 179 112 136 32 101
191 58 113 23 161 185 72 148 75 12 37 29 200 165 2 124 34 1 8 12 137 99 173 92 175 14 178 26 186 161 43 87 13 60 64 66 161 82 25 20 150 114 173 125 194 44 183 51 31 1 122 132 9 52 185 49 98 75 192 171 194 27 45 26 65 83 162 111 127 101 134 96 180 108 31 113 146 146 1 7
1 34 198 198 32 50 100 132 25 98 1 169 182 107 137 170 54 28 103 66 47 188 113 37 115 67 86 126 188 127 11 91 2 72 126 126 21 200 113 181 19 71 199 122 15 162 74 44 121 184 172 78 57 39 41 98 140 65 156 10 113 1 169 119 196 142 17 192 70 110 113 191 187 179 16 59 116 182 69 157
102 58 67 71 142 72 72 166 51 155 174 184 157 115 54 139 102 33 43 173 84 108 128 133 179 108 127 174 79 25 162 32 116 26 105 100 171 68 81 185 58 119 74 86 86 173 10 130 15 70 107 195 19 99 87 24 61 194 140 49 170 83 177 69 95 66 35 187 132 112 195 165 97 103 147 186 54 200 48 81
20 166 72 97 88 197 147 82 62 196 59 159 64 104 116 194 70 99 68 117 5 91 149 84 195 57 78 172 115 89 65 183 179 150 2 14 22 154 110 12 44 137 178 46 97 173 173 71 82 106 22 171 82 69 125 92 164 80 151 177 56 186 101 82 129 155 59 195 76 128 30 178 64 55 194 127 46 197 165 117
125 57 18 189 149 190 172 105 76 110 65 77 38 51 10 76 147 121 68 91 155 2 182 14 146 107 30 80 126 196 158 197 21 33 13 43 31 89 177 199 105 68 36 116 135 184 1 93 14 138 38 161 91 87 58 36 119 53 196 52 32 15 39 84 10 31 133 158 2 24 47 47 186 106 127 47 129 160 86 138
78 2 178 83 194 180 20 5 59 22 95 139 94 19 57 1 170 90 103 147 127 89 84 152 110 54 197 46 176 137 70 147 148 125 71 130 106 119 53 105 113 74 194 48 15 135 176 190 190 163 111 108 63 155 89 45 107 93 108 137 92 47 98 87 100 195 13 72 24 189 46 82 64 32 6 166 20 28 6 34
168 126 85 83 197 167 159 43 19 136 78 129 22 36 125 10 4 138 143 151 114 163 46 160 62 21 51 87 102 115 124 52 137 183 191 18 123 62 197 97 153 27 173 147 140 14 23 21 65 176 163 95 13 96 118 108 116 36 178 167 162 56 149 31 134 56 169 175 74 17 74 70 177 141 178 95 142 24 141 66
143 198 136 69 144 24 12 66 94 41 144 33 79 38 87 196 85 156 119 173 131 53 108 199 51 141 43 116 75 35 26 59 44 121 59 162 172 71 109 4 127 30 179 27 54 147 74 104 80 194 39 170 64 183 142 182 174 11 23 63 147 32 2 35 32 14 59 171 37 131 184 1 42 37 56 188 116 104 135 194
120 74 149 122 154 151 140 23 78 31 108 106 146 31 6 147 6 57 176 55 141 106 59 200 66 147 26 103 65 109 151 90 69 61 85 164 69 91 108 29 9 144 172 180 36 107 142 103 197 185 133 164 92 5 197 137 166 60 98 162 161 32 8 59 158 2 111 174 26 65 149 90 176 32 78 56 177 89 97 104
76 61 155 183 81 42 3 177 105 66 191 151 39 128 35 103 134 69 165 146 59 49 176 153 170 21 129 16 172 157 126 133 45 198 135 110 47 158 65 39 107 112 40 107 149 192 140 2 119 15 160 103 45 190 28 142 144 183 154 117 163 17 139 9 187 67 151 17 86 149 194 70 67 111 24 20 169 151 30 74
64 61 77 105 63 185 88 157 8 55 14 171 95 4 85 153 66 59 28 54 90 142 185 98 48 26 6 24 42 5 80 84 185 40 76 85 21 129 174 143 10 45 99 197 119 43 110 78 98 2 191 74 62 96 8 81 164 18 9 77 9 52 71 94 8 30 141 194 66 77 17 199 52 96 190 134 97 22 97 77
148 8 40 190 72 109 21 159 195 192 123 53 148 121 133 70 16 15 73 154 65 118 179 127 136 155 48 197 136 45 161 20 167 24 182 4 180 152 60 82 8 6 127 63 144 30 164 179 153 91 179 73 30 127 6 142 28 173 197 190 87 185 46 109 28 164 66 18 192 118 56 131 120 80 77 105 187 200 175 159
91 48 185 112 3 53 147 1 126 43 70 126 129 88 186 37 35 21 62 155 31 21 99 140 157 111 11 12 75 65 76 26 172 174 173 114 189 129 121 43 146 193 33 121 146 34 121 48 4 35 189 142 141 190 31 130 116 152 196 13 162 114 120 196 196 66 75 190 69 42 33 141 188 164 68 148 68 63 161 93
115 95 11 72 69 197 10 88 169 75 23 18 184 36 47 46 55 93 88 8 90 160 89 28 193 92 53 122 195 35 143 15 63 73 156 116 174 128 165 21 53 60 52 187 166 75 5 90 174 154 5 191 40 1 130 15 191 2 136 137 164 150 144 12 148 79 110 152 175 26 199 90 106 13 146 5 57 34 160 200
34 151 144 185 128 49 89 125 166 60 55 28 84 103 96 34 121 164 153 75 132 182 15 200 50 31 13 151 116 129 62 60 190 139 23 36 5 158 140 120 19 125 44 20 4 75 39 17 164 45 37 161 25 118 115 50 39 31 138 77 5 91 63 146 42 126 160 91 163 183 163 45 121 164 80 181 172 116 17 5
132 48 16 191 93 98 53 138 123 42 182 80 140 50 131 87 135 42 92 45 7 193 121 133 125 110 24 170 25 184 122 110 68 153 159 176 56 8 119 95 5 66 68 24 17 54 79 12 66 181 87 66 163 121 4 23 71 40 135 139 62 58 1 123 151 115 168 40 96 18 50 161 4 160 164 184 120 16 114 59
126 40 68 90 18 98 101 150 157 68 187 59 16 39 164 106 115 198 199 1 55 66 147 183 11 178 157 114 143 193 25 36 122 54 36 3 185 131 89 120 144 71 27 137 19 10 154 13 48 131 123 103 51 46 52 118 108 141 190 1 18 36 64 13 73 12 124 113 151 103 22 5 40 7 164 167 162 93 14 186
137 44 191 166 20 140 59 171 147 122 60 159 77 60 194 129 143 135 93 157 90 27 197 79 42 68 182 128 179 118 120 30 174 76 66 179 30 112 20 55 165 44 94 6 125 140 1 95 174 107 71 80 49 103 27 125 74 21 114 69 36 100 18 23 149 25 47 12 27 4 12 82 92 64 131 27 164 118 132 73
32 62 102 27 166 60 2 10 158 21 96 51 130 58 117 96 109 72 88 197 75 188 97 5 107 140 34 104 172 155 132 112 11 185 190 107 96 100 91 14 168 57 125 153 39 36 163 50 79 53 173 76 179 58 186 187 48 37 35 173 88 181 59 168 17 12 119 10 130 43 35 75 51 149 133 145 163 62 125 70
99 9 156 126 4 26 64 27 115 19 129 166 18 94 96 157 132 107 64 119 45 163 115 62 169 101 31 34 85 65 86 19 167 99 78 136 117 29 174 50 80 36 63 9 67 81 35 7 110 103 21 15 19 191 65 96 88 80 40 164 122 116 43 147 116 53 154 53 195 85 107 75 192 85 146 86 61 54 76 176
91 25 24 187 7 5 11 47 167 59 152 165 134 172 86 72 171 69 5 135 13 134 107 105 85 140 41 165 150 35 44 101 149 169 20 6 116 99 51 80 156 163 105 164 167 5 97 137 136 45 20 198 136 184 194 73 100 115 11 72 12 124 44 185 2 140 167 133 125 103 100 164 135 198 8 142 72 163 158 97
10 25 114 50 112 193 119 143 158 117 4 123 32 60 156 72 102 106 193 14 196 148 72 186 77 41 157 158 58 197 17 113 112 180 173 142 187 118 41 164 32 25 92 130 39 160 164 199 7 73 162 76 188 191 189 122 112 1 15 124 180 144 20 156 159 44 36 176 3 179 98 107 143 103 4 183 7 178 96 67
77 170 34 61 39 10 65 41 22 81 80 26 102 183 111 74 161 173 128 80 135 21 72 21 29 93 165 62 182 167 111 66 101 39 3 125 96 156 27 21 160 43 85 134 150 198 123 179 49 104 61 21 149 108 164 45 68 71 145 188 69 140 3 118 59 157 27 106 111 66 82 69 169 56 74 174 101 151 77 68
194 62 167 105 79 156 36 156 32 121 53 146 25 114 134 141 197 43 193 26 193 31 65 190 111 147 199 184 168 118 122 177 172 153 111 147 126 18 198 185 191 172 1 77 144 115 54 40 26 48 70 106 50 138 179 78 175 26 67 180 189 136 184 196 68 147 26 177 131 54 69 36 66 19 115 161 58 66 33 103
175 184 89 4 18 34 156 162 152 64 158 112 142 67 110 145 109 67 111 80 27 8 87 188 21 118 130 191 87 111 121 191 1 140 195 106 11 10 100 97 131 125 11 54 70 184 127 16 196 134 43 47 1 164 151 137 59 183 63 86 68 173 33 137 38 151 172 37 158 86 125 187 160 29 191 124 55 94 91 23
191 119 118 175 69 111 7 165 149 30 2 159 183 188 197 154 70 33 51 30 78 167 96 85 183 105 6 138 72 97 34 66 143 124 4 53 53 101 43 119 125 71 116 159 90 110 171 53 115 129 194 10 111 54 189 161 105 130 149 144 47 135 116 197 195 41 109 169 157 66 178 164 141 47 43 158 154 180 8 155
169 176 149 14 28 188 165 101 71 74 43 106 137 41 15 191 96 108 153 25 46 101 191 26 74 136 134 174 86 116 108 69 33 115 193 36 147 19 113 185 114 159 75 69 39 192 44 102 55 131 165 151 1 11 28 49 47 105 38 34 97 141 3 76 123 185 2 114 66 57 180 39 126 92 144 11 146 53 92 59
99 164 102 192 120 37 58 139 109 160 12 110 93 98 87 136 179 195 181 190 10 48 63 174 132 168 31 141 103 69 134 46 35 50 128 123 90 27 122 115 150 97 126 111 143 67 96 41 75 197 130 108 15 97 159 64 11 15 65 175 170 29 96 96 117 4 4 176 22 63 107 27 47 195 106 88 125 59 22 34
52 118 70 105 91 156 50 47 63 158 141 107 72 147 182 57 199 57 20 179 48 116 111 88 35 197 134 19 20 55 16 151 123 137 187 17 198 93 48 80 75 115 39 5 144 119 84 45 24 40 120 20 128 105 182 47 158 88 54 75 43 106 26 14 160 107 25 78 151 53 66 44 163 178 91 42 108 183 23 166
19 166 62 16 61 184 34 97 23 200 21 46 4 18 160 200 88 192 83 178 64 156 65 69 30 113 134 88 200 80 165 133 168 43 126 122 123 170 169 198 182 73 92 75 103 33 127 20 100 97 69 79 71 90 148 187 24 64 126 40 59 68 161 22 7 45 1 145 152 9 169 9 1 120 107 38 110 127 139 29
60 21 17 155 46 80 37 185 26 133 143 180 42 152 152 5 38 78 97 158 165 186 48 92 109 189 181 187 193 45 1 128 6 148 103 88 130 11 77 21 156 189 124 173 200 111 39 2 106 34 195 117 84 59 13 31 28 16 8 178 162 115 120 35 7 42 149 43 79 120 2 6 75 45 70 88 49 135 136 110
171 110 34 105 109 106 123 184 44 66 50 132 76 54 54 96 172 22 74 1 187 25 27 188 49 54 124 168 146 177 138 198 7 179 59 135 157 183 90 176 28 113 7 51 167 91 66 82 44 4 103 114 196 120 25 70 120 20 123 109 186 41 80 39 61 50 69 13 94 149 149 42 21 72 48 17 73 20 6 161
50 110 199 87 156 16 107 144 78 35 178 153 162 87 134 133 163 39 92 42 37 174 200 138 155 91 142 176 140 193 139 26 35 53 101 29 99 155 109 200 122 59 42 79 108 155 90 3 63 176 70 139 54 133 150 14 14 23 165 189 139 198 188 120 154 24 147 107 156 189 11 21 58 99 3 106 79 163 114 104
16 142 142 154 59 16 124 161 82 1 35 182 197 143 139 59 27 174 36 101 169 199 188 87 114 126 50 151 88 41 182 23 91 197 36 163 80 82 199 123 102 1 141 115 119 102 37 121 163 58 103 55 197 5 198 169 72 25 162 78 150 107 11 11 188 85 169 81 196 183 132 67 107 24 58 76 150 109 85 98
180 4 198 193 120 169 172 200 116 108 42 200 72 157 115 73 5 45 19 154 60 10 101 104 197 75 145 185 80 129 37 112 152 147 104 195 27 158 187 1 156 121 39 155 174 75 40 2 40 179 142 141 71 149 3 77 111 188 165 197 17 23 75 175 60 32 148 96 77 115 144 66 142 117 90 95 189 188 20 71
