80 	
30	37
0	92	3	2216	4	
0	82	4	2370	8	
1	97	6	4664	9	
1	50	1	8	6	
1	76	6	2942	7	
1	77	5	6029	9	
1	94	8	920	9	
1	67	4	1520	7	
0	83	5	4335	4	
1	69	6	5343	1	
1	45	9	3012	3	
1	28	6	4898	5	
0	53	2	3956	9	
0	9	5	628	4	
0	44	2	5268	4	
0	97	9	3210	5	
0	14	3	1296	6	
1	16	6	3749	3	
0	66	6	4805	7	
1	68	1	734	8	
1	81	2	5833	8	
0	11	6	1549	8	
1	95	4	5311	1	
1	17	8	514	5	
0	75	8	1474	1	
0	9	5	6030	9	
1	6	1	5142	3	
1	10	3	386	2	
1	22	7	4049	2	
0	59	8	3542	1	
0	52	9	585	7	
0	42	6	1316	1	
1	73	2	4971	9	
1	90	3	685	2	
0	90	1	5	6	
1	32	7	4573	6	
0	55	1	6277	9	
0	50	8	3962	1	
1	82	5	5369	2	
0	54	9	492	6	
1	40	6	1566	3	
0	98	3	5068	1	
0	81	3	6153	4	
1	99	9	5176	3	
0	50	9	5069	5	
0	22	5	5976	8	
1	81	8	1317	4	
1	76	9	3334	9	
1	39	9	5406	4	
1	64	5	3188	4	
1	15	5	5150	2	
1	43	5	4789	4	
1	98	4	2410	6	
0	9	8	3845	6	
0	86	9	898	9	
1	64	2	444	1	
0	63	1	3055	5	
0	29	1	6007	1	
0	21	3	3126	1	
1	87	1	688	7	
0	65	4	1863	6	
0	31	8	2042	5	
0	11	5	786	8	
1	52	5	3478	4	
0	7	9	2708	2	
1	9	4	3766	8	
0	49	9	3914	1	
0	4	2	2926	6	
0	98	5	4709	3	
0	33	6	2108	9	
0	41	4	619	5	
0	32	9	5388	2	
0	34	2	6122	4	
0	96	5	4729	1	
1	57	1	3492	4	
0	12	3	349	8	
0	50	6	4769	2	
1	44	6	2710	5	
0	37	9	4788	3	
1	63	5	2870	8	
15 89 50 31 39 94 175 120 1 54 113 149 93 67 80 4 148 8 5 36 56 156 43 87 200 120 141 146 176 37 188 167 76 104 120 88 141 157 70 58 88 18 139 86 166 16 35 171 84 65 158 95 139 199 164 61 169 92 91 153 167 153 115 56 172 175 23 166 113 39 37 106 80 37 70 72 110 191 75 168
12 156 68 118 148 33 4 141 142 187 162 186 167 41 108 170 188 90 44 164 189 153 136 139 113 194 171 200 162 177 189 45 1 42 190 91 152 113 156 129 35 149 5 16 185 66 5 140 2 163 103 183 102 19 95 184 169 76 179 76 41 175 184 160 103 82 185 160 97 37 50 13 170 9 4 122 183 54 95 25
188 140 180 68 182 196 70 151 74 99 44 194 200 27 84 103 13 112 65 26 172 48 61 81 115 82 148 94 179 196 55 43 25 163 154 18 62 109 194 38 180 56 127 167 109 48 54 167 94 31 128 160 161 5 100 142 107 88 163 176 196 66 105 1 133 3 15 82 148 182 83 45 162 157 143 177 116 67 106 116
27 61 149 147 182 178 149 81 77 44 159 45 145 125 163 48 78 4 169 113 7 113 126 147 14 35 11 176 37 58 58 38 2 24 192 33 193 21 166 55 128 36 64 62 2 106 19 121 169 176 78 171 188 127 137 90 88 116 197 140 122 107 119 90 81 145 44 152 159 59 51 83 154 171 129 184 156 46 108 171
8 180 59 135 34 36 195 148 166 155 132 187 112 9 91 92 56 104 182 148 92 128 69 141 175 38 141 116 1 100 104 129 20 89 153 96 61 63 50 52 173 142 20 135 128 105 116 50 102 99 12 17 87 104 185 157 167 124 98 188 91 149 136 158 105 145 150 100 66 54 79 48 174 97 109 134 73 47 143 169
79 74 167 128 48 181 16 185 73 137 10 7 12 66 122 160 38 109 64 26 127 125 134 82 3 85 25 136 30 159 82 93 94 136 139 165 169 193 181 98 76 65 79 77 32 120 157 161 189 107 53 63 144 163 114 142 38 67 161 11 36 98 156 174 53 86 185 71 164 46 20 146 175 27 159 87 28 115 191 137
169 74 123 154 117 45 139 13 132 21 59 124 139 18 128 7 195 54 13 128 34 102 145 118 195 189 193 149 90 108 24 123 48 15 78 89 13 63 84 94 199 87 73 25 48 34 50 32 98 170 118 45 28 184 80 169 24 83 22 130 153 100 102 164 41 67 73 18 129 147 11 191 168 147 68 62 133 175 148 71
69 156 172 38 17 173 130 167 166 150 121 52 63 152 49 84 193 90 31 136 135 199 187 8 107 118 153 92 55 192 87 180 88 174 37 145 112 42 74 47 100 199 122 173 16 180 27 193 32 88 71 35 112 141 16 9 132 113 164 130 185 151 142 86 131 14 67 74 57 69 191 132 193 31 23 119 71 79 30 98
7 19 133 19 99 108 131 132 132 180 92 152 187 47 184 190 41 157 11 125 9 32 117 123 133 117 166 59 67 182 168 191 17 177 136 14 99 28 189 101 42 81 156 30 174 28 133 138 113 29 50 33 172 98 116 29 150 73 140 147 161 176 128 106 173 18 57 145 170 185 128 198 65 124 115 48 5 15 42 91
84 23 46 24 88 103 35 123 172 53 31 157 168 172 160 162 87 63 113 145 38 82 95 183 127 162 200 7 19 66 170 193 122 198 125 52 165 85 44 179 11 174 193 191 91 152 168 136 98 13 159 142 85 118 144 60 125 158 13 123 192 147 198 57 141 58 3 77 78 80 152 105 59 177 125 74 113 34 122 68
196 35 14 19 182 157 171 10 3 34 88 55 6 145 72 43 147 87 129 66 191 41 117 10 47 175 80 146 199 178 88 148 46 193 77 158 40 12 100 7 114 137 110 54 142 162 154 189 59 171 190 79 43 39 98 9 138 167 26 122 39 33 21 144 164 175 23 105 4 108 140 54 180 179 27 129 76 48 31 50
122 91 155 110 79 82 79 24 18 59 162 152 88 40 142 15 165 26 141 197 178 17 65 123 87 82 4 75 4 186 80 92 197 75 93 54 169 86 132 13 37 157 14 168 147 15 89 2 89 190 70 182 186 23 180 52 77 173 54 90 43 69 74 139 91 71 111 128 49 87 107 1 164 175 14 184 93 162 64 136
185 59 62 23 70 68 146 142 93 130 150 44 195 102 14 29 78 198 95 48 106 47 76 30 146 3 77 133 95 27 42 94 53 1 83 139 197 187 88 56 119 44 155 70 158 61 178 171 175 73 38 47 61 157 136 122 23 87 153 125 5 162 181 55 10 177 101 58 93 91 31 146 143 110 89 131 97 157 69 107
109 165 192 47 10 66 92 89 94 95 177 181 41 71 13 27 162 136 128 135 149 140 97 55 74 117 165 119 50 104 29 98 16 141 31 31 56 98 107 150 115 195 32 82 66 143 126 158 142 57 125 156 10 104 124 44 111 39 61 188 142 171 112 165 39 97 157 38 156 111 28 78 124 173 184 165 117 7 120 171
192 176 159 163 192 40 102 153 148 134 168 18 98 175 99 150 56 73 56 118 111 80 79 116 73 147 110 114 173 86 109 5 42 128 57 131 61 41 179 124 167 76 22 117 137 153 107 27 168 51 142 37 200 126 141 145 110 172 149 190 117 44 63 86 77 136 125 34 105 180 38 70 25 146 14 45 149 49 72 132
176 188 81 112 185 171 151 42 78 198 11 128 10 15 95 146 107 191 107 28 83 145 133 126 187 189 171 63 33 4 193 171 127 75 190 116 53 178 149 23 113 125 130 194 47 43 87 53 50 104 48 167 49 164 196 28 152 16 133 181 141 45 19 105 34 31 183 147 47 196 27 72 122 53 62 63 7 180 142 117
65 58 145 142 15 49 155 68 62 98 169 144 79 50 146 78 126 38 51 24 126 87 54 132 183 169 186 1 159 5 60 51 139 39 54 20 18 61 110 28 183 175 52 24 139 183 151 36 110 15 97 112 113 133 18 63 53 55 64 97 196 122 18 170 2 167 177 20 119 157 92 166 7 54 15 4 84 93 150 33
189 154 106 48 53 98 142 177 134 171 195 182 77 16 116 105 91 122 112 195 100 186 95 71 189 133 19 123 164 54 118 58 10 121 168 114 11 192 74 188 117 32 30 196 146 49 19 80 35 169 166 174 161 64 65 169 150 194 99 151 125 86 32 154 183 5 68 186 107 76 93 157 131 53 105 126 14 120 20 176
28 39 160 97 157 187 135 96 62 97 34 79 98 193 75 94 53 10 72 157 65 15 48 83 21 74 109 12 9 193 142 94 75 20 191 118 95 69 62 16 15 164 53 143 152 72 176 183 191 190 115 114 59 148 84 116 23 87 57 114 187 123 161 24 146 70 195 111 142 195 186 46 47 12 165 31 60 35 8 116
14 127 4 29 131 113 164 75 80 156 134 104 168 160 113 99 71 79 13 109 105 163 131 123 126 180 34 83 139 54 5 22 165 68 171 19 132 48 137 168 46 67 22 196 149 184 164 91 153 144 126 67 94 181 176 144 126 189 35 55 172 130 58 63 99 80 93 25 177 123 126 9 62 11 27 34 82 123 174 27
51 165 32 31 176 10 181 5 175 169 57 156 88 65 57 171 41 21 174 162 71 145 64 92 164 35 77 190 175 60 131 114 167 137 61 151 15 18 181 169 178 12 177 119 143 103 159 42 94 104 80 175 118 31 34 71 58 3 98 10 113 193 12 24 130 147 19 23 74 126 68 161 151 88 43 12 103 95 169 136
42 140 113 90 69 168 12 159 166 153 140 173 37 143 53 7 32 132 120 8 87 174 61 103 73 32 154 200 20 161 79 163 16 92 59 172 159 197 54 134 155 142 34 154 11 154 135 196 106 176 183 30 84 138 22 90 81 160 122 44 84 63 88 9 34 77 166 11 124 120 13 63 144 148 182 23 198 139 40 94
191 95 156 179 138 178 132 123 36 52 65 44 84 158 23 35 15 52 194 11 191 136 170 51 80 171 9 167 44 76 14 136 112 46 192 25 44 26 189 135 16 99 49 133 129 160 27 199 153 187 159 45 42 157 94 81 24 9 20 160 133 4 173 91 5 121 152 188 141 183 33 54 11 198 84 142 49 66 4 114
24 186 132 135 104 102 174 138 94 133 171 18 84 36 63 89 34 108 74 139 183 84 20 164 126 14 168 150 64 22 19 182 139 168 98 187 56 92 54 106 200 10 199 47 18 140 75 105 72 51 34 16 191 70 33 22 40 70 88 30 171 29 67 51 105 180 2 84 114 133 180 111 200 51 4 173 24 143 83 36
75 77 54 29 158 75 103 148 140 2 56 190 175 185 153 58 41 151 169 144 162 129 106 132 133 139 5 24 48 69 125 51 185 1 15 3 23 162 135 153 97 60 183 86 126 76 183 152 26 24 156 174 82 93 6 46 92 24 65 194 164 3 39 53 79 110 113 67 198 59 60 53 106 161 153 12 1 150 181 87
188 26 68 143 158 149 110 76 184 74 118 7 85 61 187 16 83 96 87 62 107 108 98 4 172 141 190 7 57 28 1 3 131 15 169 35 34 144 68 84 39 189 38 5 166 63 111 50 196 172 8 62 44 195 77 84 194 163 42 46 84 169 97 42 15 145 38 151 125 187 94 145 157 19 176 61 93 174 157 128
147 163 61 108 74 95 79 138 198 126 173 103 58 98 109 112 4 73 112 55 154 119 151 129 170 13 161 155 144 17 130 21 167 189 31 78 47 103 35 158 80 54 40 28 165 11 156 170 131 189 160 195 82 130 2 40 127 143 90 140 196 12 138 121 179 113 108 168 178 106 78 86 88 115 145 170 152 157 101 87
46 56 3 30 150 157 55 119 66 86 140 132 187 23 78 91 16 89 26 138 187 85 159 48 58 181 108 29 161 148 194 43 170 65 120 77 119 25 85 52 153 94 191 174 129 98 61 175 94 66 28 51 82 151 165 127 158 11 121 105 136 30 121 170 132 48 165 174 46 194 178 193 97 107 145 86 36 6 58 77
137 13 4 129 91 147 197 58 8 143 55 26 49 193 110 75 148 45 122 64 25 162 56 165 90 103 80 110 62 176 150 176 121 77 171 192 131 171 20 32 49 50 23 96 59 2 138 44 49 35 67 140 68 59 189 192 173 36 38 11 80 172 103 175 173 14 160 34 18 48 193 41 185 51 185 77 82 37 5 37
110 21 80 2 25 192 15 69 180 128 4 50 32 199 133 143 182 126 131 195 171 174 49 118 200 78 162 71 137 198 9 76 62 61 32 83 151 199 82 138 21 30 195 68 12 183 180 145 172 189 5 115 108 51 23 56 73 137 2 181 122 58 175 175 131 117 98 155 35 115 37 121 50 153 144 161 25 70 173 108
193 160 179 150 128 46 128 194 83 7 61 186 97 151 126 130 88 95 115 74 181 199 52 111 129 104 114 3 79 72 200 28 147 103 108 110 126 59 196 5 133 112 43 86 113 124 158 91 170 112 179 50 141 138 186 115 31 30 91 195 171 83 155 152 39 34 199 56 59 107 81 23 95 62 36 137 195 18 77 192
97 166 43 150 5 25 153 150 95 65 194 183 179 166 98 198 22 87 144 71 71 114 37 192 19 148 159 84 107 139 44 135 106 167 78 76 140 172 3 44 171 162 54 192 157 36 187 52 147 96 80 115 114 157 176 62 25 152 189 177 185 89 154 23 89 99 194 100 78 56 111 3 28 117 92 113 100 61 127 94
141 78 3 98 161 104 18 129 117 133 65 163 94 173 122 59 114 20 200 2 153 65 64 198 156 148 183 194 46 1 38 80 39 13 152 110 18 142 4 103 105 10 134 37 139 57 32 10 189 134 70 131 17 146 17 37 36 184 104 122 37 68 194 71 95 83 188 28 46 21 43 52 197 48 152 78 156 168 66 192
149 162 81 174 172 107 14 98 41 98 58 39 85 42 25 166 21 71 2 163 147 98 103 43 38 63 108 167 52 166 150 104 57 80 101 158 42 95 135 69 165 88 133 166 80 63 189 84 149 69 26 45 46 142 113 52 182 81 144 17 62 110 47 17 78 114 140 81 27 34 54 185 106 157 77 136 87 162 88 140
98 39 183 88 71 24 10 23 75 96 66 66 148 190 127 179 173 143 93 62 28 72 177 34 96 113 152 116 171 41 162 6 71 189 181 165 51 60 92 156 13 36 150 63 147 47 59 66 138 194 160 151 120 198 10 127 14 112 82 27 165 24 31 108 81 76 105 34 173 180 81 59 40 117 20 6 136 102 156 194
187 52 90 16 195 177 87 59 194 70 44 61 55 173 140 96 100 102 177 148 69 104 184 25 173 47 76 105 29 63 160 126 52 187 185 64 69 12 114 140 172 151 115 106 141 76 166 130 75 54 69 173 92 132 67 1 183 128 84 26 91 153 80 167 88 191 26 55 132 142 113 170 124 164 110 76 161 35 103 95
84 151 185 75 112 22 178 41 53 138 158 64 126 156 80 159 65 130 14 111 75 149 60 13 29 10 114 132 184 75 187 123 83 195 131 105 117 187 74 183 195 74 192 113 162 180 42 41 77 46 193 160 37 11 193 164 171 159 99 87 174 162 41 86 108 122 141 31 52 135 192 26 159 130 187 123 182 4 110 143
62 81 166 178 147 103 3 133 9 162 146 150 144 145 34 129 29 25 68 104 147 135 171 78 50 100 27 191 142 24 1 8 18 70 176 177 26 74 136 110 186 133 86 90 12 184 118 132 162 44 104 182 81 137 71 166 71 106 113 92 171 46 200 167 3 191 158 103 147 118 90 163 198 129 126 34 8 189 178 195
78 109 175 186 17 152 57 139 169 17 161 49 160 93 143 102 123 158 44 103 93 60 157 124 121 140 56 3 1 141 29 124 18 38 14 19 188 62 28 105 115 63 170 156 5 122 75 54 175 37 136 67 140 138 197 178 163 114 167 27 70 172 14 54 143 40 200 140 5 60 38 65 109 94 189 71 100 157 175 189
152 165 110 21 188 46 10 173 37 97 158 83 15 52 133 143 52 103 80 13 107 28 120 78 67 196 140 194 24 155 8 77 100 130 35 173 187 119 16 94 23 91 54 13 19 75 147 140 146 89 172 22 142 192 145 62 96 88 196 137 117 174 42 98 52 82 139 60 7 118 143 146 58 12 159 171 46 46 95 105
12 85 187 64 81 62 11 36 189 184 188 192 189 24 71 160 75 126 151 108 74 61 136 175 167 188 110 164 128 20 135 168 4 59 194 100 198 160 49 44 40 14 169 87 76 11 95 34 120 103 130 78 149 141 17 47 22 50 145 200 124 83 175 76 25 19 133 54 173 168 32 143 18 185 176 33 176 75 52 153
157 5 156 55 151 97 9 128 137 128 82 171 168 76 138 118 76 116 14 50 59 88 128 36 29 4 139 115 23 182 109 75 149 101 36 4 112 156 161 84 30 78 108 156 54 116 1 138 138 110 26 36 113 49 137 194 121 67 101 42 184 153 98 116 200 184 131 32 105 15 162 17 93 165 193 62 19 30 174 200
25 169 174 143 125 199 124 83 174 35 182 6 43 71 181 93 200 65 61 141 91 58 34 70 145 90 197 193 133 42 24 23 130 76 188 8 169 40 190 65 87 140 52 148 44 72 158 189 52 125 1 118 176 15 169 98 93 91 149 151 93 117 62 62 164 21 68 95 29 54 113 50 23 183 50 88 110 196 196 79
115 48 158 55 192 63 118 64 47 186 119 4 10 60 7 74 145 160 110 191 25 160 101 51 185 136 126 61 8 151 123 90 1 187 177 126 127 199 102 64 157 27 148 60 136 193 148 126 54 74 15 13 124 182 20 70 176 28 138 79 107 33 106 105 1 199 92 12 134 108 51 123 104 150 168 114 109 84 195 184
57 73 4 164 146 101 77 106 38 49 100 84 173 122 110 19 191 25 145 11 15 50 51 159 50 164 73 164 108 134 76 113 125 1 177 35 134 141 100 79 143 78 144 25 42 48 171 130 129 11 58 86 199 172 8 76 146 121 68 120 22 59 118 39 134 12 48 132 65 83 105 129 162 39 55 148 7 43 137 186
163 123 25 11 90 64 184 67 114 39 38 5 21 102 128 98 50 129 66 145 60 31 57 151 161 55 105 55 12 184 74 116 13 97 56 119 128 101 57 161 67 36 31 14 190 197 56 128 24 120 62 6 61 97 105 120 192 122 153 58 72 106 29 79 200 94 84 82 157 181 104 136 182 28 150 159 16 52 142 200
69 84 199 17 92 153 189 30 56 26 10 13 37 158 32 86 155 72 126 132 31 124 194 199 25 8 94 16 38 33 120 170 54 99 194 68 26 137 156 140 79 23 47 80 18 49 79 104 68 160 61 43 139 37 161 134 33 74 48 151 181 129 122 141 108 39 121 107 162 134 110 154 131 107 7 132 145 15 108 171
28 2 29 167 175 151 163 142 106 5 145 14 74 118 187 56 182 185 5 1 175 89 184 167 124 131 174 25 83 16 58 63 196 30 67 63 113 16 147 14 138 156 159 187 15 48 119 35 153 79 103 99 43 80 52 28 76 176 78 150 74 105 78 123 20 108 121 55 167 121 114 144 142 81 125 156 189 16 76 139
97 185 131 187 122 43 67 161 200 43 60 118 28 115 16 153 45 106 67 144 22 145 172 116 132 143 164 147 55 175 166 51 187 90 185 61 147 27 134 39 7 75 150 86 154 134 102 196 5 176 91 118 34 108 155 127 92 19 133 57 10 95 153 30 86 69 144 70 109 26 145 143 56 127 128 48 197 199 168 192
132 192 78 141 2 10 34 137 68 119 155 111 63 90 106 181 41 121 72 148 101 197 30 139 14 170 46 12 186 50 91 108 80 32 83 112 183 6 172 7 40 53 76 91 164 73 150 127 19 120 49 58 186 40 90 114 102 10 9 72 29 106 156 96 55 121 56 79 32 30 56 150 192 114 168 82 167 36 4 1
10 52 38 33 131 23 39 62 37 133 35 174 46 14 178 20 187 93 1 166 135 107 160 191 102 108 107 43 200 32 62 172 10 66 27 31 173 180 9 185 132 159 159 163 52 160 16 56 167 40 181 18 26 185 130 40 80 39 9 96 18 94 24 157 115 153 148 17 77 44 155 182 149 19 39 57 73 107 32 185
177 45 142 81 155 121 81 128 61 72 55 42 25 95 75 16 30 108 33 1 110 41 165 88 42 29 31 32 87 63 70 158 77 106 75 12 12 67 184 96 162 120 95 77 168 65 98 130 26 17 128 68 173 49 73 103 39 195 68 76 100 154 178 99 196 47 158 68 141 177 134 55 124 159 175 139 38 39 27 101
176 160 105 147 28 181 22 185 168 14 70 110 76 50 85 90 144 187 50 79 21 173 30 89 129 178 152 17 4 8 104 127 76 165 161 32 29 130 121 64 10 123 138 62 19 44 153 61 27 145 175 161 13 3 104 185 56 62 18 80 139 194 113 47 9 61 199 10 167 35 144 73 141 181 48 184 139 39 170 58
95 162 36 75 84 151 75 57 60 178 137 194 176 151 34 199 172 42 120 116 177 31 102 27 48 169 31 145 65 200 48 138 103 150 55 170 33 168 189 82 174 20 134 34 50 34 111 184 75 126 179 63 97 145 27 11 64 178 13 98 135 186 103 159 20 91 34 67 144 100 167 112 186 24 159 100 94 154 63 109
183 93 31 124 3 158 3 118 178 53 165 67 47 69 86 60 114 199 178 165 116 105 57 62 174 69 146 192 151 135 94 116 138 91 128 38 44 120 181 69 128 178 157 66 27 118 22 81 170 153 91 147 59 87 141 66 181 158 25 68 64 56 43 43 48 110 36 93 60 188 135 152 2 15 142 181 179 91 7 25
55 38 119 41 85 170 61 110 23 50 191 23 70 24 137 49 143 98 162 118 172 16 130 154 198 174 1 45 33 34 48 150 68 81 136 11 147 181 117 45 39 98 161 64 149 133 123 62 47 177 164 71 195 42 120 163 13 145 49 73 128 192 17 1 29 118 158 115 112 78 127 43 105 87 188 27 170 187 134 86
47 134 69 126 169 17 47 29 7 188 43 92 90 21 173 37 132 81 161 117 23 30 41 87 76 82 69 87 145 149 4 107 151 151 164 178 137 168 44 15 8 27 55 139 96 71 85 59 80 7 151 165 34 102 132 14 170 147 79 13 79 10 66 105 37 103 96 100 179 32 133 185 134 105 193 51 72 92 78 150
54 155 138 2 170 13 88 76 105 87 58 31 114 75 164 68 82 165 11 29 68 145 7 189 70 110 155 66 163 128 137 128 164 150 85 49 155 163 155 105 149 178 42 15 143 70 109 187 157 68 71 79 154 35 77 10 193 83 44 177 47 43 123 5 80 72 162 87 119 97 121 129 25 40 140 166 1 56 130 14
152 4 55 172 40 151 174 31 8 30 99 84 188 139 182 167 117 5 180 40 28 90 152 170 72 155 49 100 169 14 45 80 70 22 22 83 166 54 54 129 32 115 115 194 59 64 190 130 123 94 30 50 80 186 142 5 137 58 78 184 78 56 160 20 74 109 123 65 29 12 177 79 15 94 112 6 49 143 22 164
144 130 177 45 183 190 60 103 106 177 142 55 83 132 107 199 88 29 21 175 126 186 157 41 108 27 132 137 43 116 64 194 76 58 17 15 199 125 133 160 177 174 72 155 74 60 58 73 80 34 161 45 124 68 120 106 74 172 86 147 79 162 150 3 15 200 36 200 78 106 19 51 11 82 140 151 180 92 171 30
64 181 181 13 175 86 63 99 130 52 58 191 18 20 167 118 108 154 164 33 144 94 103 45 139 149 120 192 2 19 6 50 103 127 152 92 27 133 97 147 162 194 92 181 19 87 47 89 102 128 53 97 59 33 194 106 124 62 30 37 10 30 69 63 43 175 59 123 94 67 110 83 112 17 166 60 73 10 133 121
151 110 129 112 152 160 112 120 51 52 158 120 159 8 21 161 175 37 142 198 138 1 74 128 195 178 146 147 142 199 190 103 159 157 5 41 190 141 101 50 21 9 140 119 38 29 8 198 77 142 187 197 60 3 146 114 151 95 184 1 97 163 31 49 133 101 170 128 73 151 58 79 197 155 173 125 194 112 104 72
156 82 37 22 107 156 181 52 107 101 67 200 186 146 131 34 197 76 186 12 4 158 41 71 193 92 52 62 34 179 15 174 121 152 174 169 127 103 148 137 159 117 177 125 46 136 131 197 186 26 175 77 5 178 67 192 121 119 77 101 168 78 169 119 68 182 103 78 166 121 90 85 120 96 46 191 122 170 73 51
4 30 166 188 161 142 196 45 66 178 70 164 34 70 76 177 74 1 164 118 44 132 132 177 185 193 192 162 41 154 151 82 74 27 18 75 145 79 87 137 60 12 168 46 174 47 110 154 196 83 58 181 154 66 97 56 72 163 79 134 5 15 94 106 64 30 132 160 193 77 93 94 140 86 68 36 134 109 36 183
41 155 37 132 11 139 150 37 157 100 88 68 159 107 64 194 109 30 2 200 163 22 32 72 52 139 41 45 82 54 179 3 131 58 39 47 75 13 112 112 1 66 176 94 110 15 168 117 180 147 77 55 20 146 86 26 43 34 166 15 148 110 47 64 103 176 101 101 5 87 46 143 81 21 119 35 179 65 37 47
39 19 123 1 56 13 147 158 136 88 183 71 15 183 200 99 27 188 23 4 3 124 169 129 57 139 61 72 147 165 33 51 116 53 135 107 75 105 146 104 62 186 192 11 32 61 39 26 45 73 125 180 196 189 193 24 3 101 136 177 5 87 7 25 196 152 121 99 195 163 39 27 179 159 186 131 98 16 160 57
197 114 148 165 94 166 73 17 120 8 165 51 117 7 141 70 185 167 109 12 125 70 191 144 87 95 121 69 25 48 157 149 124 152 96 52 15 100 170 117 156 24 86 123 105 56 33 50 81 4 14 94 76 22 81 154 27 149 26 22 28 198 82 57 16 193 35 82 35 194 161 69 49 146 136 122 161 156 46 17
20 85 139 49 37 60 53 79 94 101 165 136 168 182 37 111 54 65 46 108 12 133 170 59 172 88 108 80 149 198 126 177 126 31 167 144 40 95 73 180 68 22 55 124 62 199 118 16 2 114 184 144 170 124 179 113 145 121 177 78 60 64 147 127 110 166 128 182 41 44 187 134 84 4 136 96 24 114 19 106
82 39 148 41 87 69 10 148 177 97 67 3 59 127 151 151 117 165 112 164 80 144 3 71 110 38 164 53 104 182 77 165 110 26 5 199 135 181 160 156 82 156 66 87 161 66 111 54 113 39 86 160 130 52 150 75 97 102 39 118 88 139 90 110 134 41 40 169 9 74 95 149 62 87 41 171 52 186 188 127
127 152 152 65 152 95 185 104 21 125 171 80 18 80 134 71 70 163 127 190 116 49 19 150 128 128 44 90 196 32 198 191 7 131 5 67 184 135 136 200 102 198 11 11 111 60 141 118 35 64 111 67 11 91 63 149 150 197 113 117 28 80 78 95 4 39 187 84 197 97 74 194 35 63 79 119 178 80 96 114
187 161 111 158 93 52 51 193 9 52 16 157 51 182 37 133 192 19 8 73 129 31 36 50 41 171 4 43 47 10 42 145 129 23 23 45 75 97 115 138 38 160 88 29 134 94 61 66 96 1 124 7 46 138 141 10 62 79 155 26 122 110 89 35 67 64 9 184 44 137 100 72 24 67 34 81 115 36 57 103
171 32 168 191 30 83 125 87 48 193 135 103 126 167 74 10 12 173 183 168 182 2 8 8 140 38 88 67 184 167 12 42 116 92 84 52 56 26 16 144 106 95 181 47 15 121 163 88 159 52 113 76 42 38 62 191 171 70 15 132 150 31 67 26 179 5 121 165 14 122 194 101 137 39 136 156 153 113 79 11
171 68 61 161 31 86 114 180 175 71 118 199 178 198 146 165 35 94 57 140 53 83 160 197 55 148 98 165 31 159 152 158 106 89 70 112 27 3 160 171 29 93 30 62 57 191 84 128 101 79 75 16 80 50 176 91 23 182 98 13 51 177 127 17 38 57 47 57 138 86 168 157 139 51 79 176 154 120 81 196
89 115 67 43 189 177 113 18 189 190 106 21 29 130 112 74 113 186 72 84 83 196 18 191 144 111 77 84 35 139 64 134 121 46 146 110 200 85 11 115 142 120 86 134 113 136 122 171 100 51 87 138 165 31 72 54 92 13 18 93 174 111 56 2 164 84 90 85 116 52 78 116 76 116 128 8 49 132 120 73
155 79 76 145 184 30 186 196 102 115 160 173 84 23 88 95 26 27 41 143 175 81 4 15 182 87 62 160 151 136 92 190 100 89 196 176 29 27 127 195 148 180 164 137 183 167 85 166 193 183 104 20 167 174 62 131 48 112 80 19 188 77 97 103 118 161 139 104 167 66 52 34 3 188 78 6 164 122 154 99
176 13 192 111 137 77 26 163 178 52 46 194 180 131 131 195 160 119 74 11 100 103 95 112 148 100 157 109 105 157 4 140 18 193 157 46 23 196 91 167 12 155 44 57 84 91 3 11 74 55 59 188 163 170 104 134 173 111 75 118 190 8 41 151 110 109 111 147 148 179 1 78 188 12 139 38 118 19 94 131
192 115 85 93 127 114 5 8 90 41 107 177 183 25 200 158 167 137 61 66 12 130 160 29 200 67 30 183 109 41 137 3 125 173 4 127 44 144 40 155 16 198 54 78 154 136 102 75 98 59 82 17 185 103 166 23 24 19 60 171 104 79 191 143 101 173 49 128 10 155 41 159 143 197 72 24 17 113 160 125
12 153 37 38 189 147 79 25 102 35 36 133 184 184 74 101 116 155 18 128 59 183 189 143 172 199 163 98 42 68 189 101 10 161 46 108 9 145 40 143 10 132 63 169 98 64 34 48 199 27 55 155 11 99 120 61 141 180 119 99 130 164 11 29 83 195 174 187 138 97 74 134 81 108 52 15 60 61 112 196
152 87 112 109 181 88 102 147 144 154 148 194 31 30 140 198 140 147 36 143 151 75 129 117 39 83 174 126 158 90 40 166 149 157 82 184 196 51 164 117 145 131 112 79 60 36 103 181 115 58 20 95 114 76 129 146 120 167 105 171 23 67 181 172 174 76 60 95 169 72 108 101 189 155 2 112 12 86 84 144
48 90 67 196 65 189 126 164 104 99 55 118 150 93 68 84 17 40 145 94 139 48 199 7 126 134 135 19 76 199 32 54 20 4 86 93 159 55 16 150 101 137 76 163 38 60 1 1 66 11 120 78 83 135 160 53 42 140 105 57 77 65 12 183 31 21 131 184 185 64 109 34 1 135 173 65 90 173 43 141
30 126 38 43 152 76 30 66 175 164 178 148 188 170 25 125 104 200 112 33 197 172 147 35 149 48 148 149 58 170 81 173 27 134 35 142 1 85 162 12 107 7 4 61 64 56 134 103 125 59 98 29 86 143 44 54 39 177 119 118 16 180 153 146 143 173 89 116 141 143 14 47 165 49 70 119 163 85 196 20
