70 	
37	39
0	81	8	3017	6	
1	77	8	1227	2	
0	74	5	1141	2	
0	13	1	3190	2	
1	12	8	20	3	
0	6	3	535	9	
1	8	1	2880	1	
1	6	6	2553	1	
1	85	9	3311	3	
1	10	9	1506	3	
0	53	8	1847	4	
0	11	9	2029	4	
0	8	7	1073	4	
0	56	1	3312	6	
0	99	5	1518	3	
1	45	6	2864	6	
0	17	8	1988	6	
0	3	4	439	5	
1	15	4	834	8	
0	16	5	1560	1	
1	17	8	2921	5	
1	19	6	2658	1	
1	88	1	3018	5	
1	21	2	307	6	
1	44	6	513	2	
0	38	2	874	5	
1	44	6	2306	8	
0	64	5	2590	2	
1	25	5	745	9	
1	14	9	2917	4	
0	70	2	519	8	
1	84	2	2062	2	
1	79	7	2025	3	
0	53	4	2138	8	
0	98	2	1010	9	
0	71	8	3074	5	
1	39	8	2409	4	
0	97	9	1220	2	
1	66	9	2583	1	
1	9	8	3332	5	
1	23	6	3122	7	
0	18	3	2285	7	
1	86	5	3046	2	
0	94	7	1167	5	
0	62	7	296	8	
0	8	8	2984	8	
1	87	1	437	4	
1	73	9	1084	4	
1	88	8	931	8	
0	39	3	2727	6	
1	21	5	1640	2	
1	46	4	664	8	
0	79	7	1550	6	
0	46	3	1867	9	
0	98	5	546	3	
0	90	7	3254	2	
0	19	7	1707	7	
0	22	2	1435	2	
1	80	3	2710	7	
0	39	4	1556	3	
1	6	8	2954	9	
1	93	6	1741	6	
1	57	2	1792	7	
0	74	6	2393	3	
1	98	8	1603	5	
1	45	4	583	1	
0	44	4	1931	1	
1	70	5	1600	3	
0	42	1	29	4	
1	67	1	1389	5	
175 99 17 34 162 177 180 196 144 168 113 118 21 38 62 29 142 152 74 161 147 115 2 72 191 97 101 10 52 12 2 190 160 42 136 164 106 147 199 43 57 12 42 46 199 76 199 79 189 65 65 73 58 97 45 48 39 21 173 71 17 109 192 60 192 157 108 151 4 52
111 13 35 84 17 95 127 163 126 67 152 188 17 181 13 17 121 152 19 37 99 53 132 104 135 177 61 138 135 13 43 49 162 91 83 6 176 36 79 166 60 149 198 174 141 116 111 9 25 93 38 129 75 198 127 182 127 100 143 68 29 72 161 158 171 23 84 103 73 59
36 51 184 41 186 131 124 136 48 32 196 16 3 83 191 178 157 19 193 156 154 34 40 79 78 34 102 182 171 76 88 62 58 48 188 9 60 36 65 68 180 82 17 8 39 96 73 154 173 63 162 114 19 185 146 130 65 44 113 20 145 8 168 6 103 136 161 3 80 109
104 76 188 97 140 70 173 97 176 144 71 137 116 17 118 51 117 181 75 120 162 70 121 114 174 193 64 61 91 168 170 133 41 108 15 103 85 41 103 57 150 163 38 172 23 43 192 60 141 59 93 192 45 105 130 198 133 76 79 115 66 73 65 70 192 51 172 114 26 139
176 97 116 148 20 26 75 99 93 124 27 183 18 149 106 40 4 46 83 112 36 17 85 125 173 170 145 155 104 13 171 198 167 67 131 146 170 100 6 138 79 20 14 48 133 198 34 25 43 143 172 16 57 95 124 192 194 22 31 173 57 25 176 138 88 187 129 28 79 105
124 128 75 145 144 23 79 127 51 200 174 55 126 130 45 58 71 176 35 79 50 156 98 39 120 174 27 79 156 38 143 165 80 81 3 161 72 155 154 7 71 39 16 3 145 155 29 14 8 12 165 59 69 9 84 93 131 120 132 166 4 152 96 82 164 97 165 72 50 194
150 85 103 168 194 29 78 71 101 17 14 130 74 120 84 82 34 71 147 53 53 173 47 58 39 75 79 1 123 163 199 59 61 82 180 8 112 161 10 71 13 163 6 153 48 171 49 103 69 131 71 38 126 121 55 33 182 45 43 14 94 8 92 4 192 40 61 165 166 191
58 128 147 93 197 175 123 131 159 116 139 37 55 104 172 58 137 102 108 76 176 169 44 135 24 56 83 198 200 109 40 125 1 158 41 168 156 158 173 10 15 60 118 81 106 32 106 197 133 118 103 145 42 62 37 12 197 147 177 82 6 136 5 124 147 195 100 6 64 55
75 115 23 80 67 104 18 179 197 56 97 121 20 182 61 70 9 165 33 106 180 159 112 52 21 18 7 11 21 44 124 93 20 29 184 165 178 188 117 185 19 125 79 60 56 80 130 127 2 74 135 113 154 86 194 8 174 136 141 137 79 115 190 144 86 150 35 183 200 127
9 152 130 107 93 29 12 18 6 188 135 7 53 24 6 109 167 26 156 140 46 160 196 50 170 194 164 91 191 136 146 49 44 31 20 70 51 152 174 51 92 110 190 19 1 157 149 34 68 156 146 171 5 90 133 141 65 124 12 93 109 169 11 70 158 18 164 96 195 35
171 5 10 6 24 178 153 136 192 95 94 122 105 85 10 102 167 54 151 26 176 100 52 178 78 77 134 48 45 25 90 122 73 102 118 65 97 81 94 58 198 163 85 132 101 42 178 110 27 61 102 34 168 132 42 171 36 197 111 7 30 32 171 72 114 77 103 32 167 195
83 189 86 176 174 125 110 39 25 110 145 9 153 197 152 180 36 61 154 2 175 60 78 58 175 78 128 119 126 101 35 122 68 28 78 139 130 85 84 27 176 86 161 185 138 52 79 180 12 97 17 177 92 154 90 57 16 174 138 36 129 20 43 63 59 7 19 142 137 14
29 16 151 5 4 147 115 54 88 33 104 193 76 94 135 120 23 72 160 22 193 184 57 61 77 176 11 160 41 38 70 3 159 110 157 43 21 197 148 183 143 82 130 55 158 187 185 88 4 61 94 61 176 80 99 76 127 133 134 1 142 160 171 49 106 184 139 175 170 22
172 140 2 161 131 152 33 185 75 90 198 42 51 126 111 62 196 183 73 84 89 118 154 134 41 22 131 2 42 161 26 11 161 76 82 79 14 187 3 46 68 53 151 128 16 110 90 136 182 125 113 127 5 152 120 181 60 110 42 92 140 5 19 176 125 88 26 72 105 190
64 121 21 64 76 175 85 119 98 114 33 154 4 13 181 107 90 182 111 148 69 86 192 132 116 184 44 133 130 116 74 13 155 173 16 174 60 91 103 75 51 171 111 42 75 149 161 114 185 47 199 15 68 76 122 145 28 29 93 2 35 186 45 148 183 124 181 129 136 108
38 90 150 170 85 54 17 61 51 125 180 152 42 169 85 193 20 127 114 38 52 20 170 186 109 123 19 1 102 63 142 9 93 76 184 122 171 102 189 74 132 48 84 124 108 107 67 96 79 155 32 106 59 35 186 139 187 180 30 158 70 66 52 148 108 29 19 124 156 3
190 77 191 50 108 49 195 90 199 154 55 159 64 40 15 47 186 76 132 157 42 123 76 169 93 146 138 43 17 99 113 68 32 44 147 92 153 79 179 114 119 38 167 113 114 198 3 12 138 65 71 69 47 145 85 154 24 124 59 98 164 36 10 61 178 102 96 168 75 10
138 182 26 91 100 2 134 151 101 168 101 197 109 45 125 37 198 30 97 113 45 181 157 56 49 44 195 189 154 119 188 35 145 159 169 128 176 144 108 136 84 148 161 73 53 59 100 179 129 174 185 100 184 142 67 83 6 151 184 57 174 95 118 45 116 151 76 39 78 184
30 109 89 197 83 35 113 156 61 143 185 72 80 171 131 127 195 21 180 125 14 167 140 153 133 158 142 97 113 129 81 126 47 98 113 11 109 44 151 151 91 74 16 89 50 120 23 107 43 51 154 199 61 32 167 75 30 55 190 93 73 14 140 11 94 162 200 113 50 10
18 73 163 8 142 81 56 183 49 54 117 177 72 51 197 43 151 183 7 98 160 61 53 125 167 110 81 114 53 192 147 108 186 74 39 92 101 38 54 146 21 113 101 150 99 94 30 56 170 36 17 197 87 43 62 164 193 28 21 169 77 66 171 50 20 6 104 86 97 118
181 191 147 197 58 185 26 183 191 125 178 19 75 108 87 130 126 140 67 60 31 132 11 185 81 14 15 78 114 157 9 105 167 135 98 117 114 91 10 148 11 8 73 2 165 131 60 36 20 160 34 143 161 177 100 77 186 35 32 91 121 113 56 79 6 122 145 80 110 47
130 73 128 41 198 24 148 107 102 57 180 87 116 61 188 73 178 69 38 42 116 16 144 12 74 115 88 40 40 184 74 132 189 180 136 139 167 15 88 101 192 21 6 66 136 180 115 5 65 126 60 154 125 125 25 135 192 124 137 87 31 97 54 42 195 124 74 172 139 11
127 144 58 148 22 9 180 98 8 68 17 174 50 129 46 47 74 36 136 103 62 107 86 113 109 67 104 82 138 102 158 45 180 88 93 42 46 76 92 161 57 46 163 132 18 183 107 32 40 54 192 32 156 65 184 43 41 122 133 96 165 196 181 24 138 82 88 60 184 172
143 98 191 48 18 139 185 141 153 47 163 142 57 110 8 148 99 35 145 178 39 108 169 163 54 84 19 97 189 103 129 87 49 5 55 86 166 102 107 94 154 188 85 15 23 113 168 158 155 115 50 93 18 77 200 177 113 94 179 79 119 139 166 165 138 4 151 117 179 13
66 14 128 149 49 63 134 136 183 9 138 105 131 72 102 27 168 45 183 144 61 85 10 134 84 129 148 11 192 62 15 21 65 199 126 19 141 101 92 163 142 13 179 148 31 82 76 35 89 95 151 106 163 197 189 10 48 173 87 106 41 26 188 4 30 99 18 136 142 87
150 129 170 10 75 189 125 84 72 3 98 166 147 69 23 62 174 21 168 117 114 103 175 13 135 113 152 82 198 127 96 38 157 59 173 180 40 88 26 92 100 139 124 153 79 121 56 89 193 123 142 38 180 36 135 38 117 156 58 133 64 139 161 185 141 25 2 2 182 196
58 104 142 37 153 189 104 187 104 14 149 74 127 71 70 6 3 123 83 39 94 177 190 195 122 152 143 156 80 9 140 133 191 131 129 147 94 44 75 141 20 114 8 118 56 193 170 157 96 134 31 125 29 52 148 40 195 81 191 143 73 3 55 74 63 96 187 61 67 132
32 24 103 145 74 96 119 26 121 200 14 125 25 158 135 91 160 55 99 142 61 115 198 174 11 91 25 149 116 99 150 125 196 189 63 30 43 181 80 44 50 156 120 110 108 34 4 60 198 46 110 106 25 62 28 56 190 144 65 129 123 40 167 65 39 157 117 121 31 42
78 41 177 115 131 24 24 131 171 167 131 149 162 116 139 9 72 90 4 101 61 6 83 74 151 69 160 106 38 67 51 2 73 143 185 158 152 199 108 97 37 127 93 46 126 92 154 2 3 200 114 44 197 42 5 153 132 78 113 46 193 62 162 62 81 121 55 166 64 80
192 40 103 58 179 141 105 157 161 7 35 57 114 8 135 68 158 5 182 102 191 162 50 159 106 78 163 76 191 74 95 2 119 49 158 195 96 196 154 139 66 8 58 190 43 134 181 101 86 34 177 53 90 17 27 179 163 173 103 123 120 56 71 49 188 180 93 43 113 151
164 75 36 28 75 143 6 84 130 189 91 57 132 81 6 121 122 69 30 98 122 189 130 60 58 122 129 32 129 120 68 75 121 134 175 9 200 30 27 145 99 150 134 125 119 133 42 22 188 95 156 10 70 142 139 27 61 54 21 99 75 36 136 62 52 25 69 32 185 103
101 15 24 77 89 133 152 132 89 97 43 5 168 176 26 98 172 140 23 58 182 192 37 108 48 140 157 47 34 159 93 23 37 46 176 102 53 123 112 116 196 200 173 178 38 69 15 21 5 188 187 140 39 194 165 84 161 114 107 133 5 12 193 30 111 147 198 4 61 155
175 55 94 37 116 49 94 62 141 51 63 182 16 69 197 179 55 27 15 103 148 158 49 72 153 150 71 45 197 69 103 5 158 91 141 85 125 61 155 179 60 118 109 189 40 170 102 169 26 165 22 165 46 92 150 121 163 19 69 128 49 5 27 170 118 123 4 66 60 187
190 196 34 44 165 51 94 116 166 96 124 158 122 140 34 52 63 41 196 102 100 24 173 154 103 190 114 59 50 114 104 16 52 151 155 128 190 58 91 119 120 13 139 200 36 108 64 67 69 154 61 62 165 127 73 31 161 2 59 69 191 101 182 5 9 109 56 79 109 146
65 129 66 6 190 136 58 156 108 129 128 71 1 182 177 59 127 168 39 143 8 122 93 152 80 35 66 3 95 59 150 49 12 84 71 71 93 101 157 189 17 29 11 170 4 165 30 177 64 67 160 110 16 112 93 167 146 44 130 19 15 92 93 176 116 139 80 29 189 115
64 108 4 197 133 59 193 170 174 36 152 142 143 179 97 142 45 169 61 104 159 85 159 72 149 38 140 101 170 37 21 53 44 172 17 164 190 98 62 78 144 163 124 158 106 109 182 37 114 33 79 77 197 133 22 100 43 80 149 28 51 155 123 2 67 94 7 59 115 190
4 125 5 104 80 36 7 128 30 68 91 43 10 146 179 57 46 143 172 178 65 25 11 40 151 188 111 46 41 3 10 80 64 161 147 49 54 76 129 41 146 17 51 180 162 161 113 116 165 87 67 177 143 29 164 32 62 91 133 87 130 146 199 196 105 104 8 146 154 175
23 75 38 137 168 200 167 73 136 183 32 90 126 84 131 187 139 63 118 189 61 46 91 48 135 34 185 45 40 81 173 124 151 11 91 36 101 14 15 169 31 84 136 169 13 188 164 25 48 173 61 137 62 81 156 88 67 130 93 126 183 125 182 131 25 84 114 141 129 39
200 172 11 95 131 91 162 64 10 61 41 170 138 189 175 141 15 126 81 124 80 27 83 71 110 119 156 58 166 70 17 123 144 24 176 78 90 172 157 21 155 51 100 136 39 64 48 73 111 154 9 189 137 176 132 93 124 107 37 121 75 178 165 122 152 58 193 168 144 165
134 150 191 86 87 83 106 188 25 57 80 37 128 163 83 57 103 108 98 29 101 93 45 24 155 159 60 16 178 138 22 161 101 193 129 167 113 45 15 123 67 56 115 179 57 45 82 183 25 162 58 148 117 77 174 84 78 93 191 93 179 55 24 111 86 1 68 143 41 153
172 187 82 83 102 166 155 63 140 140 79 13 12 127 33 152 153 32 149 194 177 157 197 100 15 51 19 151 149 185 94 28 125 111 106 88 69 123 198 95 111 101 96 76 55 142 6 145 63 15 99 98 65 15 153 113 195 30 65 119 27 190 197 18 114 122 10 74 156 109
46 199 194 51 19 9 195 156 21 36 58 14 57 171 134 80 132 198 20 109 184 42 52 122 127 19 58 179 74 79 139 82 153 32 191 124 43 73 128 181 127 95 154 166 121 138 51 144 90 115 42 21 95 110 21 80 180 23 71 62 30 26 103 39 47 2 10 4 82 6
10 17 161 12 179 27 50 161 8 116 95 91 96 174 149 41 7 105 113 198 187 109 25 56 193 176 77 190 17 100 4 98 85 133 9 97 130 116 144 58 145 161 73 103 1 91 122 56 160 154 191 200 162 101 123 69 121 162 137 14 190 136 141 40 118 192 194 123 48 125
24 129 54 93 71 54 185 119 71 43 176 74 43 102 46 19 150 38 175 177 79 130 102 82 59 193 33 156 43 74 68 48 26 171 105 137 20 47 85 101 145 40 82 128 79 172 159 142 11 157 185 27 27 112 80 98 44 50 75 77 55 76 88 174 76 115 196 157 49 95
125 116 82 111 55 106 177 22 148 174 198 177 87 188 94 181 132 57 123 147 68 198 175 10 81 186 40 67 2 146 67 90 57 102 170 176 66 27 25 5 21 108 39 94 22 161 17 166 78 120 62 106 181 164 106 51 153 54 87 77 175 41 171 56 150 69 151 107 27 114
169 192 134 114 177 161 188 178 91 20 166 129 12 111 127 166 176 130 110 68 62 173 145 191 41 61 62 78 200 97 182 126 123 75 121 61 97 93 8 59 22 135 14 97 66 180 152 123 114 141 57 59 123 155 169 182 169 83 126 41 101 68 12 12 104 25 83 82 113 75
71 164 17 132 45 104 133 132 118 140 105 66 174 175 86 192 127 113 69 11 65 22 132 193 195 100 109 96 90 40 137 42 136 92 2 83 127 159 158 43 183 113 73 127 141 60 165 90 134 63 149 106 83 111 8 113 181 48 33 84 150 74 7 199 39 156 20 76 171 200
45 101 64 167 132 193 185 29 22 89 167 84 117 83 162 189 115 88 116 6 195 183 171 166 26 168 1 143 8 144 195 140 104 20 20 123 80 14 125 200 151 193 52 165 110 100 62 130 28 133 104 73 81 21 45 10 126 120 181 23 168 152 153 88 70 4 24 103 153 185
1 43 145 80 23 12 62 138 43 158 158 68 138 149 5 186 34 45 120 166 185 114 76 17 89 127 93 23 176 82 15 161 154 161 90 81 174 88 189 1 140 104 80 91 179 3 96 134 187 87 155 6 124 106 168 189 21 16 127 25 64 58 158 54 92 129 102 139 74 176
39 172 103 25 12 113 38 58 65 112 36 180 16 168 183 58 154 121 62 133 180 6 18 152 23 181 89 126 200 168 57 128 179 74 78 38 11 14 89 76 11 66 19 180 45 19 69 194 191 173 110 196 179 149 83 93 40 15 166 153 164 112 165 187 147 63 142 30 112 35
32 72 155 40 136 177 61 24 20 106 55 83 191 193 7 162 7 186 196 105 43 172 7 197 128 58 158 148 179 41 142 38 161 143 194 156 125 93 116 127 82 113 44 24 60 183 57 186 168 158 76 22 50 197 175 77 152 72 52 132 13 41 140 76 128 167 136 59 195 170
79 154 26 154 7 32 189 34 128 154 157 139 148 193 28 128 89 125 17 112 154 118 144 124 149 56 65 88 128 126 168 86 129 174 177 191 12 171 111 50 70 118 59 172 113 26 1 63 194 133 46 84 151 57 18 38 170 71 53 112 46 120 27 113 94 180 106 74 10 173
22 171 45 11 33 26 68 135 198 174 26 187 38 125 43 61 190 134 177 60 82 44 31 152 66 170 139 75 185 95 23 33 149 3 190 51 155 120 29 176 105 91 106 15 18 43 44 8 9 65 113 42 73 200 87 189 171 23 104 193 124 134 193 1 85 151 149 64 26 178
172 196 83 133 101 129 104 123 154 74 122 68 131 99 162 120 200 25 89 159 122 21 121 170 48 174 95 184 82 168 32 85 120 52 186 55 93 30 106 196 160 156 80 64 22 196 191 152 187 5 59 14 141 194 114 179 174 66 35 117 31 40 176 153 133 56 90 74 78 24
111 12 185 117 13 113 33 182 125 189 27 53 125 166 137 111 71 157 170 195 61 15 89 176 64 181 166 20 102 131 135 166 199 63 33 150 89 115 40 151 176 167 126 38 175 81 113 157 1 36 17 79 75 172 93 90 12 186 41 54 109 33 158 96 127 39 128 154 19 84
76 135 1 127 97 46 46 167 18 56 54 157 168 59 43 114 7 119 134 36 124 128 34 19 71 86 56 161 130 144 139 14 105 19 155 151 184 11 166 65 15 46 135 96 199 1 104 178 86 56 172 78 100 36 176 147 121 12 172 74 92 83 155 142 74 90 91 62 139 40
106 10 199 141 94 147 164 70 25 135 30 41 73 137 54 128 61 159 26 150 47 110 136 107 134 181 121 3 184 98 10 142 132 10 80 85 113 63 75 35 25 77 175 90 150 185 131 86 164 159 128 130 99 188 169 18 80 132 113 7 189 132 73 52 137 156 168 88 43 97
199 146 29 170 14 167 71 138 68 180 55 119 34 143 173 38 21 51 132 91 72 101 84 128 101 114 157 154 93 43 2 193 39 140 80 150 180 56 7 134 50 175 4 136 82 173 12 5 174 147 109 111 151 4 15 114 68 161 45 38 19 122 141 31 21 192 82 19 195 84
65 56 26 110 27 144 118 22 48 164 10 18 137 82 50 16 63 120 66 153 149 194 41 2 182 69 129 163 90 119 2 77 30 11 120 84 142 73 73 126 121 81 32 136 60 145 66 74 169 10 22 53 21 65 140 143 6 180 195 78 108 190 100 192 129 108 14 99 129 104
75 198 62 23 145 56 164 167 108 29 160 15 120 196 144 111 159 3 150 107 122 49 28 164 186 148 78 94 178 2 160 163 35 104 57 155 12 198 36 179 145 47 48 13 183 115 83 67 190 60 166 107 9 38 162 86 159 58 43 18 124 134 186 144 50 176 18 76 115 41
164 25 121 133 94 31 127 37 61 67 172 153 58 184 76 40 29 116 62 89 54 41 193 11 16 77 149 75 199 50 36 3 115 37 163 180 51 172 124 84 174 107 41 44 172 50 51 109 48 5 139 196 134 105 144 192 182 106 2 2 184 184 170 35 192 45 148 73 185 59
79 190 101 51 37 92 114 71 56 56 113 74 95 48 126 29 69 125 159 4 45 52 126 59 136 198 67 74 174 15 77 192 177 170 195 125 167 27 152 158 160 42 175 79 157 128 32 88 51 14 76 83 125 94 48 171 152 89 179 197 92 2 38 150 2 37 167 59 58 162
152 168 125 47 11 111 154 10 70 72 147 98 152 176 125 2 175 19 106 198 94 187 69 9 92 166 6 200 170 87 45 173 134 58 52 145 170 128 141 1 98 137 72 63 155 199 145 70 153 30 190 99 141 52 12 3 23 64 181 74 6 21 133 83 89 24 197 176 186 25
74 147 52 71 51 84 125 124 9 26 89 16 152 39 15 163 197 77 58 18 188 14 154 30 95 51 82 199 115 53 104 25 162 60 197 175 83 70 4 169 197 45 148 107 123 94 135 66 49 53 130 73 157 68 166 173 93 137 21 111 56 197 195 33 89 5 186 82 189 162
150 181 99 32 51 19 160 39 55 134 195 97 170 100 64 101 103 163 124 199 157 76 198 71 112 58 167 180 74 95 168 22 77 114 151 180 52 122 169 185 33 184 170 52 2 39 141 147 166 115 126 175 4 183 199 28 5 14 106 67 2 111 101 55 103 60 36 176 62 81
153 167 68 132 191 198 178 144 184 173 47 61 91 90 40 87 125 161 85 156 168 9 145 2 78 127 69 157 73 142 141 50 104 96 10 125 183 87 186 100 17 127 145 166 92 50 156 6 28 102 149 87 51 60 125 155 169 44 132 40 86 140 16 64 49 37 60 159 32 147
157 32 147 6 53 91 94 181 156 28 131 41 135 144 174 155 89 100 174 60 155 25 26 158 163 185 4 182 153 197 105 165 91 127 191 139 143 84 107 39 9 90 10 181 70 21 74 173 162 14 77 38 17 19 18 19 179 50 68 100 121 145 22 135 77 65 21 81 145 198
28 199 60 101 27 159 191 151 119 40 21 154 142 54 149 180 148 187 153 11 88 85 162 175 117 121 84 183 11 46 93 69 10 79 171 24 27 197 104 43 80 28 189 177 162 8 122 170 124 33 19 37 40 13 113 20 77 170 61 113 35 139 182 55 125 195 7 3 116 185
190 22 124 14 159 93 155 73 63 130 11 149 116 81 188 16 32 16 189 185 137 25 54 37 185 198 108 82 180 6 178 11 56 111 134 12 65 139 120 22 94 37 23 72 134 37 172 88 103 35 134 9 155 92 91 96 99 73 159 50 127 28 21 129 165 60 141 119 161 196
82 125 148 166 180 147 171 107 41 116 35 156 119 168 139 200 147 139 38 27 143 113 6 192 58 95 124 6 187 99 51 185 29 12 14 53 60 136 75 115 96 195 66 31 191 128 177 124 97 161 174 118 184 80 58 123 64 18 161 166 31 171 62 94 63 60 19 87 194 99
40 172 172 174 95 12 173 60 65 78 85 189 91 45 127 86 143 40 86 60 198 78 144 35 155 91 158 193 49 147 155 44 1 15 140 199 49 138 82 19 163 11 91 47 63 183 36 69 123 199 72 14 117 184 132 59 178 185 196 180 44 43 179 134 111 132 12 74 113 145
