20 	
5	54
1	80	3	882	1	
0	61	1	373	9	
0	83	6	1684	3	
1	67	3	1180	4	
1	2	8	629	2	
0	87	3	1542	2	
1	82	9	1074	3	
0	10	7	1132	1	
1	23	4	1763	4	
0	52	6	280	9	
1	37	8	464	4	
1	92	2	195	8	
0	86	9	1427	1	
0	7	3	1643	4	
1	27	3	1634	6	
1	9	2	341	1	
1	41	5	1732	5	
1	40	3	716	5	
1	17	7	1202	3	
1	18	6	1046	4	
53 108 176 91 137 154 27 33 115 179 66 16 18 180 148 174 49 78 91 166
62 42 121 33 174 70 68 167 131 145 15 93 9 117 132 38 82 161 165 150
138 75 50 58 81 168 1 65 105 83 163 109 142 186 73 81 10 175 39 82
147 194 144 184 28 185 13 70 199 178 134 58 141 99 170 195 164 166 2 173
200 174 121 56 163 61 128 108 59 51 27 125 5 138 72 176 102 132 26 174
183 70 183 59 163 190 73 171 39 20 197 93 158 12 12 78 165 172 180 188
35 70 117 111 97 104 52 175 105 22 61 30 183 90 81 60 109 74 50 40
58 111 77 198 34 172 39 171 20 162 91 55 144 2 12 57 141 38 84 190
141 131 183 110 106 67 100 8 67 197 107 35 80 79 75 68 170 194 150 96
157 112 172 159 28 124 124 29 134 87 149 158 153 27 155 4 96 158 141 18
147 147 75 2 8 89 43 60 99 95 187 20 10 51 116 56 50 60 162 59
47 112 65 38 162 6 35 72 95 25 24 143 16 6 57 148 187 60 126 178
60 97 13 129 78 122 193 129 169 146 33 184 77 122 2 52 54 195 133 35
185 34 145 177 86 3 37 16 72 58 26 93 78 32 67 49 152 17 5 185
111 84 164 72 145 159 130 188 3 104 97 9 59 99 149 61 21 21 38 124
20 98 76 1 75 136 158 185 112 182 159 186 95 114 179 145 114 154 133 66
6 43 21 142 102 174 85 32 183 26 111 36 36 82 186 102 26 60 111 108
57 1 159 113 80 84 132 93 126 126 114 11 85 8 107 141 25 97 56 197
153 85 180 103 34 83 185 10 51 150 103 158 129 2 58 119 19 119 9 92
136 197 106 116 77 133 64 63 38 192 93 128 27 163 73 20 134 40 32 185
40 165 145 197 88 151 158 181 39 115 127 38 169 198 129 160 74 195 194 24
