80 	
74	77
1	95	1	7091	6	
0	35	7	1367	5	
1	58	6	7868	1	
0	28	8	1804	2	
1	64	3	1651	8	
1	86	1	1749	3	
0	48	6	1953	4	
0	37	4	4522	1	
0	16	1	259	9	
0	99	9	3057	2	
0	82	3	2487	5	
0	96	2	2792	7	
1	8	6	6391	9	
1	55	5	6614	9	
1	87	8	2806	3	
0	67	9	1958	6	
1	66	6	7079	4	
1	96	9	1254	7	
1	28	9	6855	5	
1	98	1	6468	1	
0	59	6	2354	8	
1	30	2	238	7	
0	14	4	2422	6	
0	46	9	792	1	
0	16	2	7561	1	
0	2	4	3738	2	
0	35	8	6565	9	
0	94	4	3606	2	
0	71	3	7185	4	
0	17	6	3992	5	
0	4	2	7453	1	
0	80	1	414	4	
0	57	3	4616	2	
0	88	4	2437	1	
0	86	7	5306	8	
0	13	4	4054	5	
1	45	1	1195	5	
1	70	2	5529	4	
0	18	7	1155	4	
0	1	1	3686	7	
1	48	7	7899	6	
0	47	1	7675	5	
1	68	3	6591	6	
0	52	5	410	1	
1	2	4	3567	9	
1	77	9	4536	3	
0	62	4	6572	2	
0	92	2	1395	2	
0	18	8	4188	6	
1	23	8	88	6	
1	24	1	6048	3	
1	34	7	2513	5	
1	38	1	4795	5	
0	72	9	7760	9	
1	34	7	1271	1	
0	60	6	6248	4	
1	77	5	1115	8	
1	10	6	7002	5	
0	91	5	6611	9	
1	76	3	6956	1	
1	81	5	2122	1	
0	98	2	6780	4	
0	49	4	4131	4	
0	33	2	2503	4	
0	9	6	2995	7	
1	76	6	4903	6	
0	29	9	7573	4	
0	30	8	669	9	
1	22	8	4538	6	
1	94	8	542	4	
1	69	2	226	6	
1	96	4	6295	9	
1	44	5	6290	5	
0	22	5	3228	1	
1	29	1	7016	4	
1	24	4	4555	3	
0	34	5	4538	1	
0	28	4	5413	4	
1	98	5	1468	7	
1	80	9	7278	1	
41 78 194 187 152 15 9 72 101 63 97 6 1 28 153 115 152 63 34 9 36 25 193 115 171 3 61 18 199 131 119 84 49 19 170 173 23 145 34 63 80 28 22 38 17 128 65 6 184 55 100 123 111 98 34 34 174 44 200 166 1 186 120 57 1 132 167 88 22 164 9 1 76 23 104 118 61 71 163 192
32 56 55 23 129 95 169 188 26 70 67 157 36 55 167 20 37 126 197 62 26 57 117 20 13 175 44 50 89 5 162 172 69 94 80 140 60 57 173 179 65 128 7 98 11 153 15 79 144 23 53 11 158 129 119 107 153 63 179 58 47 179 155 190 115 16 60 193 136 184 29 15 63 59 197 102 111 36 80 187
118 45 111 70 71 65 57 6 25 103 168 59 48 150 61 197 7 128 54 169 177 67 190 73 164 24 93 153 114 129 121 26 177 131 89 135 24 194 44 10 187 163 167 112 37 14 169 50 66 118 165 58 134 98 31 14 97 128 84 36 149 87 50 13 130 102 149 52 126 167 126 60 47 11 177 4 73 108 26 93
183 144 129 198 128 149 58 110 83 47 86 141 148 84 33 5 58 169 10 26 26 127 111 2 198 23 146 57 199 86 140 105 15 16 174 162 38 139 151 193 157 33 5 33 10 13 99 111 139 79 109 36 117 129 55 50 173 158 181 43 135 44 186 182 3 137 144 51 62 75 106 32 103 112 71 57 136 181 110 79
79 79 15 172 89 144 199 34 74 120 2 122 26 149 37 162 61 140 133 178 90 199 31 77 82 99 183 200 189 100 57 188 114 157 8 161 166 200 102 137 146 72 190 195 32 109 15 130 183 113 121 6 145 14 155 183 187 108 172 181 200 15 76 79 126 56 184 42 156 152 87 26 125 190 171 91 22 172 179 42
120 100 91 33 145 63 92 47 46 25 19 24 142 182 109 74 77 44 198 70 126 19 22 10 197 163 54 108 95 50 105 42 122 134 188 114 95 199 174 119 123 28 51 80 155 85 157 166 17 4 80 174 106 12 82 173 190 90 172 67 115 112 55 49 89 149 30 64 123 171 125 145 164 150 26 90 149 31 16 117
20 144 124 33 109 40 85 56 98 199 23 44 91 165 30 163 94 170 177 40 49 28 38 3 76 110 162 167 184 189 128 104 86 146 125 193 170 186 132 125 103 63 88 95 56 56 129 121 77 4 9 158 53 135 65 168 189 20 61 46 11 108 89 81 63 145 73 61 130 124 98 180 70 192 147 140 52 157 191 23
152 79 94 177 196 73 124 193 168 182 134 87 10 136 110 155 160 29 159 47 187 80 146 137 21 89 123 29 25 112 28 139 81 23 135 13 168 56 162 112 197 111 179 15 122 163 99 196 38 104 22 3 128 193 168 151 76 116 94 181 77 151 68 119 13 73 23 122 158 163 135 63 124 61 87 20 158 30 65 36
110 192 98 119 100 119 186 159 178 110 95 116 68 15 98 162 91 174 200 18 67 110 136 150 133 184 95 133 141 68 184 99 38 115 172 175 157 81 100 132 110 169 143 83 116 107 127 83 164 4 87 162 34 6 57 83 97 13 122 17 49 67 111 58 115 188 134 128 82 121 117 13 57 116 171 41 47 81 66 2
54 124 154 8 168 96 66 58 74 142 127 73 31 165 159 57 19 83 153 27 184 98 119 110 144 198 17 140 130 76 157 15 90 47 11 68 25 100 110 23 88 24 39 177 118 78 125 164 137 101 32 28 140 120 97 16 199 200 130 119 151 37 8 90 150 23 18 22 191 6 52 178 169 15 45 164 172 10 147 132
158 28 113 57 35 148 131 155 145 63 72 164 18 72 57 36 187 143 9 19 138 16 146 96 85 186 22 140 14 157 33 126 179 142 105 160 24 56 77 52 106 81 193 116 144 196 177 103 104 76 136 194 172 120 55 160 142 37 27 174 77 145 152 192 174 8 4 79 55 33 21 144 60 5 175 155 28 48 124 70
196 30 92 57 28 75 75 15 95 83 114 107 71 179 98 136 167 149 155 149 186 126 180 174 39 1 150 119 1 109 119 109 95 80 29 1 197 63 66 72 181 26 43 100 72 18 73 16 180 166 35 178 127 124 33 62 89 101 150 146 132 147 7 144 111 84 124 39 122 125 166 140 31 182 71 114 58 68 71 43
4 131 197 105 47 130 24 43 14 133 118 110 99 38 33 11 196 160 6 166 188 75 82 158 44 151 159 97 89 12 20 11 173 57 73 92 177 99 117 119 135 123 12 72 120 106 160 158 35 152 143 134 155 124 194 17 49 197 93 82 197 98 118 164 34 195 185 111 3 191 18 111 153 37 115 56 110 65 68 146
75 108 10 170 4 32 143 61 25 193 199 200 155 4 168 117 113 9 86 128 86 172 60 96 14 51 44 144 198 198 138 84 158 180 162 79 92 107 165 58 45 129 82 139 171 42 21 160 107 177 115 151 65 12 137 138 89 143 140 26 178 152 105 133 70 166 82 169 76 199 148 39 149 63 14 25 155 130 87 50
32 6 162 107 162 154 24 22 180 160 185 157 19 109 41 89 66 96 100 32 136 109 122 127 5 19 125 98 109 54 52 39 106 82 80 185 65 80 49 157 159 199 99 56 37 159 18 55 43 75 91 92 124 86 149 172 49 37 66 185 73 188 65 94 10 47 195 4 97 133 118 74 43 173 89 142 147 156 164 114
190 189 58 3 167 37 189 167 101 174 193 187 13 50 19 11 131 120 88 79 5 25 37 94 31 187 105 62 157 6 143 97 37 63 99 59 40 141 73 109 34 146 95 161 186 64 97 10 185 182 172 174 146 93 182 195 23 94 64 34 172 116 87 76 54 110 185 105 32 56 121 68 103 94 69 172 20 85 2 138
45 89 157 140 67 196 134 30 125 199 56 135 120 163 153 174 130 198 13 163 3 53 47 154 81 173 109 102 90 137 100 25 27 141 151 69 197 2 65 64 85 152 134 90 106 180 4 43 196 163 157 49 98 26 194 46 168 185 150 67 39 171 200 159 105 42 69 149 97 167 144 91 41 115 5 117 198 189 110 41
82 158 58 93 105 42 138 133 13 41 117 193 56 112 13 79 144 174 149 106 104 174 94 48 147 59 97 44 114 118 174 133 195 123 105 8 80 178 108 162 171 56 152 6 121 20 73 110 165 109 184 103 36 198 72 20 62 133 176 179 114 38 145 52 177 183 85 10 15 111 7 44 44 6 141 193 120 190 92 189
82 188 101 148 20 173 72 38 120 138 163 124 31 42 113 118 176 156 65 18 8 6 6 70 140 196 44 164 10 82 36 35 32 142 164 131 177 128 131 191 92 120 129 115 200 82 112 180 169 1 154 200 87 167 33 187 200 152 14 39 142 16 141 68 161 162 153 161 85 76 133 167 184 192 165 140 107 144 74 28
135 182 82 60 188 153 27 66 159 27 171 92 168 7 81 51 9 12 144 19 149 179 5 178 169 39 48 96 176 21 164 143 42 114 160 91 163 29 178 29 159 44 100 3 173 154 137 196 108 132 114 97 158 40 58 28 24 159 150 72 93 117 196 137 55 136 21 49 170 12 124 175 126 48 96 139 73 174 108 133
39 145 107 129 163 12 59 34 99 115 161 146 153 29 31 116 154 15 78 96 29 40 32 77 127 193 175 173 68 67 59 186 196 23 3 136 1 192 102 189 34 160 141 5 132 33 138 164 77 178 175 137 183 105 37 7 30 63 55 55 94 80 179 177 145 45 109 93 133 170 7 73 62 33 64 53 113 150 141 124
159 160 28 181 1 161 113 3 4 128 177 67 95 36 181 188 56 21 66 45 60 177 178 165 77 99 148 38 103 45 154 92 121 174 62 46 45 187 154 189 152 44 79 33 38 107 55 111 44 191 158 96 77 59 111 198 63 99 149 110 11 136 1 5 36 143 173 167 136 38 160 34 86 139 145 103 96 42 134 137
28 111 41 12 17 87 82 98 137 93 16 106 198 90 155 42 197 109 197 129 156 106 103 120 114 94 107 182 18 179 128 80 112 142 132 60 65 195 193 86 110 166 7 37 43 10 51 148 184 59 56 105 83 60 70 110 74 166 6 39 173 1 9 114 162 124 128 173 153 68 49 181 76 79 183 160 93 42 45 136
122 73 121 101 103 194 72 129 156 94 133 64 162 34 149 61 89 40 20 119 4 32 61 150 55 2 190 12 131 89 8 148 163 151 55 139 73 19 166 137 1 1 144 88 149 187 144 68 125 108 105 51 107 53 121 191 45 81 102 193 98 49 65 191 64 31 3 63 52 195 174 23 187 190 84 112 106 28 61 1
76 77 15 78 45 151 11 120 159 110 163 157 134 99 38 195 48 165 163 9 46 145 41 117 63 76 40 105 101 161 186 94 82 5 57 190 156 62 19 117 32 135 79 113 34 7 11 62 75 2 45 81 165 19 185 147 190 135 89 14 116 84 61 128 194 58 87 182 51 163 37 108 9 149 143 4 96 54 32 182
3 50 146 158 82 69 138 175 142 169 144 74 86 144 175 90 187 34 69 60 187 160 103 177 123 42 72 29 127 132 13 118 45 156 21 113 164 51 188 139 51 166 53 186 47 108 182 60 10 31 174 144 175 100 162 105 25 146 132 36 74 60 77 174 189 67 194 135 115 106 23 151 35 145 126 37 164 19 128 183
83 84 124 104 85 51 120 109 185 47 160 13 49 137 16 48 70 1 190 97 61 14 130 35 110 116 161 194 128 27 25 64 158 166 163 74 100 50 36 188 26 7 74 88 27 177 129 4 17 45 199 177 162 168 66 2 74 119 12 120 61 143 119 191 31 56 128 60 43 136 45 14 59 76 181 66 114 165 175 10
199 91 174 23 134 108 152 142 132 51 97 113 107 134 127 183 34 115 148 99 54 107 135 111 143 94 186 49 2 101 186 71 100 34 147 135 159 127 1 87 54 182 83 59 183 112 6 142 95 32 185 125 22 99 116 103 57 91 137 101 84 128 119 121 98 31 135 143 153 153 175 136 19 24 156 83 196 16 27 94
152 195 58 162 150 80 111 163 100 147 40 134 149 75 19 105 18 32 82 164 99 54 83 122 22 14 91 51 171 9 173 81 120 106 94 29 11 144 117 139 130 65 166 45 90 67 72 188 163 103 38 153 45 8 93 13 133 127 10 146 68 196 100 2 17 5 78 121 84 166 74 173 114 43 19 90 165 67 94 48
126 112 160 6 168 153 162 15 165 25 59 200 167 189 10 110 180 169 187 30 176 156 47 182 160 174 66 196 41 144 75 188 7 194 30 43 77 175 88 157 5 106 141 191 24 98 152 52 59 8 131 125 165 190 129 107 133 23 60 196 11 191 172 80 2 161 1 197 132 161 17 58 78 141 158 141 130 174 109 22
169 91 182 156 45 70 56 169 127 191 159 176 185 34 119 35 165 64 6 173 126 68 176 113 187 27 34 76 92 182 70 95 112 14 167 46 12 180 103 149 28 162 21 15 181 130 74 162 49 6 51 154 150 198 13 144 140 192 5 161 86 1 157 120 73 4 200 117 139 54 83 153 98 168 137 39 66 31 63 57
195 17 197 52 161 40 169 99 159 168 80 109 118 14 104 73 23 168 4 95 65 11 87 118 160 122 68 195 187 45 94 44 109 134 94 162 76 38 190 48 30 2 11 188 32 187 89 164 132 174 55 99 18 185 80 177 101 69 2 67 113 39 151 16 97 172 175 150 77 134 132 5 89 64 138 108 180 22 105 66
53 106 16 135 102 81 71 154 143 10 60 177 89 97 69 192 19 147 18 168 121 12 185 147 53 200 26 139 112 31 170 1 102 50 181 174 198 24 7 153 84 94 99 168 152 18 77 167 176 175 73 163 75 146 123 54 195 13 21 171 158 151 145 176 182 12 52 125 76 154 80 126 189 115 89 188 43 23 60 195
27 87 1 137 68 198 180 148 49 96 35 137 100 28 112 114 138 86 20 121 77 6 169 68 200 64 129 131 79 66 25 171 116 185 163 41 5 77 24 91 24 155 124 165 71 60 109 90 187 157 143 77 179 162 168 6 42 51 103 32 13 198 40 111 190 17 45 73 125 160 83 80 141 156 172 159 10 106 168 66
163 185 136 107 183 29 170 23 22 167 184 86 143 46 195 170 175 21 144 165 147 25 6 192 96 134 108 118 24 198 55 56 60 132 31 181 39 111 147 29 122 30 194 155 123 95 133 114 125 106 39 118 94 88 188 74 163 36 161 47 91 183 185 87 121 168 145 152 185 200 115 188 151 51 32 189 60 187 24 1
11 12 78 166 33 148 200 117 80 185 9 44 146 110 187 5 161 80 120 25 138 134 39 26 26 6 175 10 186 130 153 185 160 199 88 191 49 16 126 126 194 40 60 49 129 105 25 78 114 10 74 173 60 150 142 91 84 76 163 68 99 160 94 108 44 59 145 52 10 189 81 122 195 127 194 195 183 83 18 107
90 130 109 66 50 191 10 80 137 181 41 139 62 141 44 188 158 158 170 146 126 99 128 22 68 132 110 144 83 128 24 35 61 21 75 153 152 65 69 171 93 71 113 199 120 58 35 140 102 71 30 48 89 43 26 69 26 172 149 172 88 191 8 25 110 6 111 67 83 120 56 119 23 37 67 146 56 95 150 135
10 84 163 84 107 77 10 44 96 53 152 34 80 19 48 163 147 174 55 160 146 171 13 147 54 151 25 137 176 25 96 155 85 95 182 6 83 24 112 107 111 14 52 119 56 32 37 137 11 141 76 28 95 17 114 6 170 155 134 102 56 148 11 2 59 109 165 101 139 93 137 47 70 57 107 98 73 44 121 191
89 151 157 56 69 30 178 200 80 192 141 35 128 24 78 180 50 61 135 81 30 82 132 170 16 135 168 12 157 91 73 179 143 93 168 166 184 185 57 122 164 45 109 103 176 75 13 18 178 140 134 19 17 146 148 136 101 196 186 40 59 173 187 63 54 22 160 162 106 91 142 148 122 156 199 68 114 104 154 185
55 111 73 2 104 186 58 111 19 4 63 200 181 137 39 80 13 100 108 29 149 178 71 27 22 68 99 155 178 180 177 176 187 4 37 32 162 162 9 15 164 102 173 180 63 33 12 185 54 49 79 21 128 67 5 159 21 105 17 33 143 66 33 126 65 89 38 150 29 138 4 168 134 71 59 105 68 72 132 146
150 140 161 18 192 105 150 104 51 30 2 10 79 61 51 174 123 7 114 15 4 131 12 147 25 113 169 157 76 9 12 151 103 57 94 167 134 35 97 75 151 63 187 7 91 63 97 32 192 165 32 94 8 159 151 175 44 33 60 97 186 89 104 40 79 31 116 134 177 127 3 156 154 29 185 16 108 66 152 147
197 92 120 21 20 92 20 148 194 9 108 54 103 42 91 199 183 108 82 141 114 43 25 141 176 122 182 36 179 81 33 190 52 162 179 133 53 175 1 169 182 152 185 147 66 16 15 66 24 88 1 132 44 188 20 153 176 165 158 11 46 140 169 8 156 188 172 21 86 77 35 8 139 130 29 192 131 28 109 182
147 99 46 116 41 197 89 32 152 108 101 163 138 197 110 146 37 200 179 59 26 126 59 178 78 120 186 138 28 103 57 175 78 28 5 21 131 129 195 70 175 169 174 56 4 118 161 2 17 152 56 94 175 95 29 69 174 18 90 147 112 182 15 171 160 154 20 53 117 85 95 177 169 119 56 9 7 53 123 118
8 50 37 39 190 122 51 60 146 127 122 105 152 42 118 80 32 20 176 84 144 39 44 193 159 159 145 153 46 176 33 104 120 56 173 129 85 41 69 140 121 115 13 57 113 21 75 69 80 102 191 159 93 55 54 18 120 160 110 190 63 14 43 195 193 157 57 165 186 177 154 108 20 139 21 59 30 199 190 133
199 1 95 95 42 31 167 182 133 148 95 183 39 161 105 114 48 118 2 68 120 42 57 49 61 157 5 87 136 172 25 79 114 47 7 154 82 102 132 47 43 52 174 86 79 73 179 126 150 185 114 13 13 182 34 70 188 146 76 153 127 97 79 48 46 23 189 86 6 76 155 69 54 25 75 39 29 33 16 162
5 102 92 23 168 180 71 195 149 17 190 46 164 111 99 77 38 197 166 93 109 62 102 92 178 32 67 45 3 19 105 163 200 1 55 102 15 124 70 81 4 83 20 141 81 144 177 122 166 188 114 68 69 100 197 2 75 49 136 192 199 26 10 174 67 110 42 198 169 2 140 149 141 21 195 28 28 198 160 193
158 61 176 177 105 192 91 84 92 191 26 14 62 160 158 65 110 91 3 155 91 53 151 47 186 118 84 4 8 63 175 76 29 32 5 38 91 194 192 169 120 195 111 42 173 140 191 171 68 176 12 107 29 70 185 139 66 71 36 8 28 42 140 66 95 178 46 45 195 190 128 48 140 4 176 163 94 97 37 18
29 165 14 168 21 78 81 20 65 42 145 132 136 100 58 155 154 166 185 112 162 121 127 128 38 90 56 4 1 168 106 47 6 59 124 190 16 109 115 9 69 15 97 197 165 103 200 199 91 38 173 133 43 123 49 200 34 71 103 151 86 185 200 182 66 61 120 60 162 166 62 93 199 196 7 41 155 146 48 51
70 6 67 178 125 171 111 161 176 198 89 60 142 85 46 69 5 169 49 14 133 2 43 3 114 68 138 198 116 104 68 6 6 181 171 42 39 58 182 73 46 58 149 106 165 32 54 92 196 140 21 58 104 148 85 156 51 38 55 115 180 121 101 72 25 76 156 49 18 187 18 163 4 83 107 65 43 64 137 132
99 143 154 54 170 192 176 43 104 19 93 172 75 194 7 28 171 197 121 31 98 196 9 147 86 133 12 68 88 163 91 127 7 154 133 156 70 21 198 192 90 107 185 128 110 105 188 42 74 123 183 111 109 133 37 144 87 121 158 187 74 132 186 86 162 96 58 119 175 198 100 169 195 170 82 112 30 60 184 1
53 29 51 167 24 60 65 40 163 75 197 122 75 69 151 85 155 74 185 5 181 188 138 67 94 100 57 174 165 128 86 39 164 170 8 113 21 100 136 178 152 51 104 65 57 29 125 104 120 199 89 170 173 34 199 188 30 184 147 72 1 112 170 97 191 10 134 26 191 55 97 67 36 120 182 4 190 168 199 126
51 39 171 101 88 185 141 140 14 144 71 14 93 193 124 97 12 171 19 49 21 198 11 40 76 30 46 114 125 1 25 155 122 119 199 157 129 200 112 193 153 199 59 97 152 27 18 75 89 76 88 84 137 38 179 173 74 2 56 11 111 20 86 43 89 169 35 162 161 38 132 177 121 15 90 131 98 100 72 107
134 75 188 45 39 155 70 74 197 70 136 108 45 131 78 22 198 10 42 134 66 129 167 105 12 95 161 125 1 62 96 38 44 104 3 76 163 87 78 69 73 138 163 167 3 185 56 156 36 171 145 21 30 154 63 107 149 67 99 162 92 64 82 93 146 18 148 82 98 127 86 66 21 59 193 185 111 168 103 7
124 10 68 84 142 197 38 112 182 154 96 31 117 76 78 171 200 11 192 90 110 53 198 54 25 15 7 172 8 30 117 41 176 138 135 40 176 168 22 8 177 41 129 117 174 107 61 153 101 47 36 183 189 19 173 177 185 200 181 155 29 114 73 69 20 118 124 81 73 30 57 162 26 167 186 110 36 2 64 43
20 182 79 160 30 196 162 95 70 125 106 183 120 182 12 185 193 184 44 178 110 167 112 43 192 125 48 132 147 156 31 12 18 86 134 155 189 159 103 114 108 184 167 102 139 31 73 182 166 136 133 193 76 90 46 62 178 78 84 186 109 196 106 168 125 17 155 72 165 92 62 175 120 50 132 57 65 170 164 132
95 191 23 117 71 55 79 73 71 8 145 168 186 119 194 143 27 156 32 159 69 21 145 8 124 126 50 176 42 151 103 189 88 191 108 3 115 14 172 26 77 153 114 58 43 55 50 10 59 142 165 30 86 161 59 12 28 138 182 4 112 85 78 46 190 23 23 48 69 2 28 108 109 16 25 188 114 107 150 46
170 171 137 132 69 142 139 153 168 167 76 200 110 95 116 169 6 176 162 149 91 173 168 174 32 196 132 110 30 176 52 41 58 116 61 66 59 166 104 8 78 146 100 153 148 187 119 40 27 53 64 36 104 32 180 39 10 107 69 34 123 164 163 8 68 121 21 190 161 109 192 40 34 64 20 82 11 117 110 149
78 55 97 80 194 173 139 51 99 81 110 177 17 169 198 59 10 66 85 63 87 159 182 169 140 57 32 100 139 76 172 75 169 199 33 182 166 106 115 148 59 42 90 67 110 126 139 4 16 138 119 69 148 31 62 89 3 17 108 32 177 84 85 30 73 12 137 97 147 170 78 74 120 69 87 161 124 50 190 104
95 42 134 32 121 126 2 171 181 186 61 150 86 178 151 119 98 178 43 3 195 37 185 64 135 81 36 103 134 98 112 4 19 119 116 126 39 195 15 71 29 168 111 187 96 130 28 17 187 171 175 131 112 152 74 31 107 145 130 124 111 27 56 87 11 161 76 166 196 92 182 78 157 150 70 103 9 41 75 32
161 181 86 196 8 124 190 19 160 73 43 169 40 46 118 55 84 139 13 107 127 200 175 13 158 108 143 3 200 14 26 12 146 189 31 144 74 171 155 52 129 131 193 69 186 159 160 88 184 185 164 22 196 83 151 111 26 170 70 167 74 41 158 143 80 49 90 92 189 14 153 158 200 186 102 27 83 185 73 131
144 98 149 111 153 3 194 74 124 178 176 112 64 9 169 58 22 164 92 165 52 172 32 185 72 124 110 196 176 89 10 44 91 163 65 3 152 10 79 151 27 13 171 137 41 155 70 71 43 100 100 22 70 92 200 45 106 124 146 175 20 154 10 138 126 136 195 176 79 185 33 145 23 121 159 44 3 174 115 164
128 185 43 101 89 159 52 150 155 39 13 128 156 108 170 125 35 118 34 48 69 168 174 91 96 18 30 67 102 125 170 66 59 101 29 93 170 170 117 2 9 66 132 157 71 154 133 164 44 195 189 22 163 94 39 128 114 66 107 183 112 18 8 33 47 101 158 118 75 38 127 151 52 5 73 193 128 182 21 121
132 180 51 21 79 149 2 119 132 28 64 136 181 15 41 40 54 106 148 189 95 43 191 71 113 137 200 91 110 100 94 144 69 142 173 109 97 43 142 152 196 1 28 29 63 85 18 112 123 109 96 2 78 156 40 77 136 140 29 84 76 28 67 22 79 94 2 4 15 140 42 78 152 200 142 36 193 125 89 86
31 106 29 9 158 25 61 9 84 191 145 35 18 140 140 36 8 187 187 120 102 97 90 33 113 96 156 40 133 79 72 165 71 84 138 185 7 106 108 75 19 111 155 46 123 184 93 141 68 165 129 46 121 39 30 174 178 37 108 81 199 132 167 131 58 75 148 2 73 21 95 190 16 80 20 138 94 145 179 66
42 164 65 4 150 198 52 152 108 130 200 112 16 20 98 103 3 188 186 171 45 145 164 84 197 8 186 196 147 25 179 191 8 132 149 197 186 156 4 162 186 46 110 26 2 112 46 189 168 80 41 62 92 182 46 58 118 196 102 14 55 133 45 154 21 108 11 120 57 4 179 24 192 69 150 148 78 19 107 145
85 137 2 166 92 19 165 138 130 196 71 192 128 150 118 3 140 138 189 117 159 23 35 122 60 119 109 68 170 142 198 118 54 6 188 58 164 147 118 60 92 157 13 196 179 84 65 58 84 125 82 122 27 21 190 185 58 38 88 190 43 5 152 128 70 67 98 145 159 174 21 1 123 170 34 103 195 77 165 7
111 180 183 67 82 88 142 152 62 167 96 68 55 51 105 148 161 68 37 14 46 122 4 28 51 169 48 53 132 68 115 102 59 192 97 185 80 144 96 88 21 188 92 126 35 110 108 121 142 158 71 12 71 74 190 155 101 74 70 31 7 157 130 136 106 129 74 9 169 8 63 135 15 147 108 182 49 168 74 29
132 132 28 190 3 108 189 136 135 18 89 41 19 148 99 193 121 167 8 71 30 170 114 62 64 35 14 87 188 15 6 13 8 34 142 23 62 125 144 63 150 6 110 148 70 155 42 178 96 183 107 46 43 16 185 132 119 128 31 159 182 163 164 190 193 10 157 34 5 7 27 74 45 120 114 46 82 130 198 135
134 41 179 45 82 147 197 86 86 154 124 75 41 167 116 190 48 44 72 176 35 198 6 90 180 91 44 133 166 133 155 70 167 108 160 130 31 159 186 151 72 195 106 199 136 41 16 99 2 18 83 166 193 141 173 37 124 84 157 38 174 177 33 114 181 167 32 56 181 133 195 113 98 109 169 23 198 198 40 200
111 112 198 122 100 104 2 6 110 183 168 154 179 196 188 78 121 127 23 36 96 37 20 25 179 50 199 181 49 57 190 28 166 131 101 183 148 91 104 101 20 91 82 200 154 156 139 50 132 101 146 164 110 111 160 168 140 38 152 158 115 134 1 40 5 155 102 25 129 79 37 98 189 161 99 184 190 9 103 110
171 54 186 117 167 149 152 76 82 162 147 90 131 33 89 61 146 158 184 131 161 122 174 195 199 118 25 156 172 48 54 36 30 125 94 140 114 174 76 164 163 196 5 80 106 97 16 130 43 4 143 7 11 10 124 199 130 73 31 2 63 166 55 128 116 64 152 198 37 42 190 84 78 128 60 55 69 44 161 167
101 94 87 80 8 19 119 182 27 25 118 23 67 120 25 97 19 66 15 182 197 81 21 118 131 148 92 65 15 135 182 86 175 57 84 2 103 105 79 181 60 121 50 69 51 63 141 149 14 75 128 94 67 68 196 145 26 195 41 176 172 54 116 4 26 13 102 135 133 52 180 138 157 129 87 128 141 48 194 36
143 3 3 104 69 26 10 180 110 185 134 44 136 73 34 105 134 179 25 54 198 114 165 151 154 171 101 166 96 35 141 83 127 178 24 177 55 46 4 37 6 145 39 198 123 120 7 87 38 87 44 3 175 73 88 99 43 163 62 124 164 50 139 18 30 87 41 74 25 171 41 40 46 171 65 144 102 72 60 7
56 45 174 154 49 81 111 31 31 67 27 154 19 1 8 147 175 73 120 57 20 104 158 186 188 21 104 88 123 119 69 127 197 76 46 106 185 49 110 7 54 138 184 133 45 153 132 73 77 66 138 14 135 188 37 7 125 154 35 185 8 38 6 156 188 9 148 191 7 96 36 190 143 40 144 99 161 42 68 74
46 124 184 176 68 69 36 55 41 132 147 109 20 1 141 16 35 40 190 181 16 35 126 106 54 142 111 80 138 148 16 172 88 186 152 130 159 123 40 36 82 133 24 197 97 148 50 90 150 72 181 143 29 185 15 197 95 87 35 179 158 95 55 1 69 187 160 24 56 165 8 141 123 85 19 19 121 4 198 111
2 3 48 136 111 181 71 72 123 160 184 137 168 172 70 179 68 159 140 87 172 111 155 50 51 99 115 166 48 147 8 84 94 114 26 156 197 19 158 96 79 75 192 5 13 64 123 130 124 200 181 16 184 177 171 69 91 145 195 110 184 14 8 164 178 31 62 125 164 186 112 98 55 122 7 18 165 93 114 97
186 102 94 194 50 114 96 182 51 177 192 12 77 54 166 121 78 17 108 178 170 34 200 95 24 105 5 132 40 59 101 59 1 96 102 177 100 124 91 108 25 111 126 135 69 75 31 117 137 146 156 98 137 48 124 171 173 38 129 75 130 177 73 199 195 146 106 158 168 112 99 11 96 125 102 1 99 36 155 20
182 86 174 25 5 111 63 87 42 113 23 108 142 66 118 27 47 100 188 188 164 4 39 23 15 177 89 86 193 97 184 106 63 150 117 146 13 52 63 58 81 38 168 196 79 109 184 100 93 83 87 8 9 1 25 146 60 91 9 171 28 35 161 126 18 82 44 157 133 81 2 77 184 26 61 150 52 109 161 99
175 58 178 141 175 20 18 1 119 178 22 138 7 72 190 192 125 109 2 14 193 85 16 93 114 128 6 44 71 114 167 117 53 183 157 106 81 82 102 40 67 189 84 83 86 139 22 154 61 100 159 200 1 87 138 27 193 199 77 163 68 129 103 181 188 67 143 11 190 180 102 11 79 162 186 91 72 36 178 133
24 20 171 4 54 36 38 76 122 33 47 131 159 44 2 172 10 30 131 186 121 111 147 79 35 119 105 111 154 150 181 187 172 154 186 66 182 132 104 109 74 20 187 13 161 146 49 67 185 43 22 147 165 24 113 111 169 33 7 67 1 1 97 34 129 30 133 90 108 198 123 54 193 123 55 196 64 17 186 176
192 191 108 178 84 177 43 89 3 15 3 104 49 150 103 30 46 121 18 3 102 59 117 157 30 106 38 177 18 76 197 94 197 112 140 40 118 134 95 110 11 186 12 36 98 144 108 198 75 155 79 120 193 139 7 182 138 166 11 73 178 31 125 112 104 42 46 29 39 109 117 158 52 175 135 23 2 27 108 118
