60 	
50	60
0	5	2	107	5	
0	5	3	87	1	
0	7	6	69	2	
1	2	4	136	4	
0	5	8	73	1	
1	4	8	81	7	
0	3	2	24	3	
0	6	1	83	4	
0	3	4	121	9	
0	8	2	68	6	
1	5	3	14	4	
0	7	7	71	3	
0	6	9	82	8	
0	3	9	4	1	
0	3	5	30	5	
1	3	9	67	5	
0	3	3	14	4	
1	6	8	90	5	
0	2	1	86	3	
0	5	7	63	9	
0	4	4	95	7	
1	4	9	142	5	
1	6	2	144	5	
0	1	3	52	3	
1	9	3	72	6	
0	7	4	69	5	
0	4	5	63	4	
0	9	4	108	7	
0	9	4	122	4	
0	2	9	100	5	
1	8	1	133	9	
1	1	5	61	3	
1	5	9	46	4	
1	3	4	18	9	
0	4	1	58	8	
0	8	3	140	4	
0	5	7	39	7	
0	5	2	78	4	
0	6	6	74	6	
1	7	9	142	8	
1	8	2	4	5	
1	6	1	109	4	
1	4	2	154	1	
0	9	9	90	7	
1	8	9	116	4	
0	2	3	91	8	
0	8	7	73	2	
0	4	6	66	5	
1	6	2	64	4	
1	6	6	135	8	
1	8	3	106	5	
0	6	4	91	2	
0	4	7	153	8	
1	9	6	136	4	
1	4	4	54	8	
0	2	1	77	4	
1	7	3	51	9	
1	5	5	120	8	
0	6	9	11	3	
1	2	8	12	3	
140 78 45 133 145 91 162 185 149 14 107 136 190 17 5 146 82 157 53 55 170 79 72 98 145 169 165 122 160 54 145 59 35 19 29 133 189 47 110 147 110 123 192 67 112 70 196 110 139 131 38 120 49 42 80 99 136 33 102 21
31 28 70 174 197 16 35 46 147 195 22 186 123 86 60 186 170 110 80 52 3 18 71 99 150 158 116 69 151 59 49 58 148 107 46 75 176 106 45 128 158 68 197 199 119 83 176 71 40 172 197 123 18 27 50 172 45 111 93 155
57 23 66 112 185 79 98 10 17 15 153 42 139 4 31 78 163 12 24 143 23 46 45 50 3 141 48 1 117 137 33 23 24 161 67 152 185 40 153 113 98 72 151 3 106 21 49 34 185 104 192 47 81 13 176 141 69 43 174 119
72 98 33 200 137 49 58 132 144 161 6 109 199 64 144 147 169 163 92 79 155 55 41 8 75 107 99 74 114 32 129 119 80 6 114 196 191 120 157 107 179 13 187 123 141 31 71 119 74 129 1 189 6 143 71 104 79 65 165 123
22 14 42 41 186 88 33 183 130 36 134 104 65 3 126 61 47 128 77 128 45 2 161 131 26 6 36 184 87 75 79 140 164 170 1 166 139 55 106 181 75 15 87 2 49 195 1 187 5 48 31 14 58 120 90 185 189 196 17 35
100 187 163 73 8 174 166 157 89 95 183 190 43 193 119 144 52 35 6 70 4 127 188 198 121 185 174 113 100 150 8 139 81 81 127 73 45 93 197 52 16 122 82 197 111 196 24 2 10 85 62 198 158 50 163 155 139 186 75 97
99 83 111 2 13 129 168 53 111 166 166 9 139 34 27 48 129 131 116 160 110 114 70 191 93 187 76 24 193 141 60 197 75 130 3 124 128 156 61 164 112 137 145 184 157 174 114 62 83 35 9 192 12 82 179 29 158 33 19 8
196 99 143 31 68 105 140 120 108 91 134 17 23 73 41 166 18 79 7 43 2 36 151 100 157 83 56 110 163 85 79 54 131 86 85 144 36 79 177 120 158 108 87 144 84 162 56 182 172 193 200 36 138 125 189 29 140 123 197 86
136 181 183 192 99 181 100 18 162 11 189 180 5 125 40 192 31 154 134 179 57 182 27 153 179 45 136 199 54 182 79 106 102 182 107 41 166 142 40 176 23 179 63 131 57 78 121 25 14 14 159 144 48 91 97 55 198 101 82 132
163 141 77 52 53 3 4 67 123 46 50 157 43 77 75 10 94 55 179 115 98 16 111 173 105 42 182 143 108 99 192 115 149 135 117 66 26 45 66 141 82 60 75 83 137 36 189 96 107 45 106 10 100 145 132 180 22 96 21 196
51 62 31 158 161 145 82 70 72 149 129 116 50 182 91 191 43 119 78 28 61 4 188 75 68 68 6 70 199 57 179 100 56 44 110 116 154 53 45 130 56 117 125 197 49 135 172 183 102 191 139 64 79 83 1 178 29 143 113 175
112 81 175 67 105 53 174 20 139 105 24 161 182 155 53 4 64 63 131 27 49 3 45 152 48 161 129 23 135 126 180 92 171 103 144 166 80 122 111 141 152 199 31 41 120 19 49 55 126 137 166 143 82 183 84 195 86 130 26 118
124 7 110 179 178 143 136 100 35 88 27 41 15 11 100 104 104 171 144 81 145 125 42 3 101 91 86 136 89 129 129 37 36 28 17 63 146 68 131 40 82 32 134 92 23 41 21 8 138 190 171 190 31 20 188 118 152 44 41 3
198 52 118 17 133 77 27 194 85 16 171 168 46 182 133 121 68 34 113 102 96 164 47 50 185 56 71 104 175 138 129 190 189 36 117 2 1 162 130 44 152 199 167 52 128 69 29 158 30 183 178 87 49 126 75 194 143 188 141 115
12 64 53 148 131 167 131 10 62 95 180 2 46 64 38 117 21 85 14 135 89 141 15 151 187 38 30 36 153 29 145 199 182 181 96 141 35 190 8 44 147 146 62 167 79 125 166 163 185 84 199 109 101 63 153 114 116 180 138 25
90 197 177 129 126 68 125 89 131 179 122 3 169 139 156 83 108 19 107 135 144 61 142 158 55 99 49 6 171 23 139 10 126 99 169 23 181 200 17 44 70 28 34 134 58 173 127 77 133 147 120 4 168 188 55 171 145 145 71 12
161 23 93 190 18 10 34 41 64 38 63 173 45 146 144 53 104 164 71 161 189 105 4 85 65 115 90 18 17 35 146 79 56 159 157 37 154 158 74 124 11 43 133 91 180 179 137 53 111 98 34 157 42 83 42 163 165 118 97 186
159 45 142 152 127 82 125 153 127 181 107 89 26 79 61 172 50 191 76 84 166 170 74 95 166 58 45 158 111 184 31 46 186 5 18 46 135 147 139 13 151 118 92 17 127 114 169 196 60 7 59 106 165 24 142 106 12 113 15 140
66 11 135 171 159 130 16 84 44 90 107 125 64 90 112 32 163 107 91 35 140 184 176 21 100 132 64 157 51 185 40 18 166 185 159 11 129 181 69 89 199 194 102 162 83 16 61 119 155 113 198 34 22 77 131 171 119 7 118 161
195 147 91 159 154 166 152 180 199 17 159 156 56 116 54 49 189 199 166 166 80 129 181 101 70 42 16 189 55 33 112 128 144 124 77 161 54 77 104 100 116 77 75 121 110 58 115 118 178 96 109 145 181 134 71 52 81 137 160 64
173 77 176 193 78 176 84 107 199 180 133 60 44 170 155 47 99 113 53 50 56 81 129 143 180 34 81 16 130 50 159 75 143 127 78 97 190 68 1 147 129 9 31 146 117 167 75 57 139 30 121 177 183 141 67 92 90 193 138 188
133 73 79 99 122 75 183 131 154 129 167 65 148 75 12 65 133 114 159 42 173 13 37 112 55 195 174 109 86 103 14 42 132 20 110 107 31 19 112 182 15 91 158 126 56 140 153 175 190 35 96 30 147 119 135 142 105 136 161 119
68 96 144 41 96 133 185 42 41 112 72 149 73 115 86 176 73 147 113 198 49 119 111 26 177 82 27 119 76 200 168 131 114 146 198 24 52 164 14 42 36 117 182 124 37 53 156 109 121 168 47 48 130 20 164 15 117 42 152 166
163 81 138 40 141 147 130 72 66 36 72 148 35 46 30 162 19 46 31 87 22 84 7 129 103 143 185 155 30 50 99 18 80 162 2 49 198 185 174 95 175 156 45 45 191 195 5 136 24 147 46 121 79 197 84 100 60 70 5 169
74 67 190 172 102 8 158 178 191 12 17 134 131 174 104 2 98 91 51 75 143 142 75 157 27 177 164 110 45 84 103 174 182 154 129 106 142 33 191 13 28 178 14 78 155 5 38 159 109 120 109 91 61 66 197 22 14 120 17 12
34 79 60 6 68 9 24 169 6 16 13 185 173 19 94 138 55 177 177 157 14 152 119 80 138 67 110 155 160 90 129 175 3 2 200 128 83 59 52 175 171 25 90 171 184 42 59 137 166 127 13 132 187 166 38 14 82 175 191 112
5 16 37 13 27 60 83 49 185 40 96 101 123 104 124 110 195 55 161 73 102 34 116 179 11 108 68 171 3 12 96 60 83 43 110 31 106 85 195 140 57 157 12 132 8 6 154 186 54 136 148 22 154 51 58 95 91 89 61 71
90 165 180 56 47 200 154 63 42 116 142 121 155 34 47 69 154 151 41 157 167 115 186 189 174 37 24 194 95 127 124 8 167 149 24 150 7 119 40 151 73 157 38 70 153 118 52 70 130 166 167 20 77 175 27 50 159 181 141 25
11 148 37 159 111 107 43 25 3 172 64 135 125 45 193 65 52 96 182 79 93 59 68 53 182 85 83 113 124 164 106 191 147 68 97 20 88 170 26 162 128 3 168 94 36 111 68 82 161 183 51 92 118 5 66 23 172 15 123 103
141 101 3 157 77 83 38 127 70 5 2 190 116 118 21 82 149 122 22 3 31 186 23 100 193 81 4 80 66 76 100 59 44 97 77 178 185 182 183 14 65 84 70 17 54 188 197 108 41 153 120 10 164 29 89 190 140 10 44 46
113 13 176 188 172 175 29 49 160 94 20 70 37 40 6 119 88 58 103 95 155 171 112 94 165 191 52 158 120 125 158 49 168 34 20 127 190 28 1 173 162 53 100 90 44 116 94 163 11 53 131 56 132 158 191 81 153 86 194 125
63 9 18 186 29 160 60 58 149 46 148 107 1 112 107 182 187 127 96 109 176 141 168 193 64 140 89 151 108 199 28 146 4 187 32 194 65 24 111 31 182 132 1 97 146 80 16 7 29 151 106 85 116 177 139 50 30 84 61 99
74 91 116 101 83 61 177 122 38 22 26 96 172 154 131 2 150 47 63 11 82 164 60 151 99 103 129 131 144 195 108 152 7 153 167 156 133 76 69 180 105 188 8 92 141 183 73 142 168 114 172 77 111 176 143 182 183 150 107 59
81 152 175 42 183 179 111 74 9 79 126 66 33 84 50 131 61 10 102 174 84 132 41 196 149 197 43 88 62 119 95 122 181 93 29 96 181 140 51 162 4 117 55 142 105 193 9 86 117 116 68 90 105 152 121 30 132 24 130 104
134 65 39 105 73 76 151 25 47 29 132 169 57 69 175 97 22 199 88 43 16 157 42 144 29 84 148 123 91 110 51 48 120 83 102 38 129 32 33 165 66 174 171 36 74 10 128 102 57 171 131 175 110 28 104 118 90 29 48 102
139 132 15 14 60 164 22 95 114 57 18 143 44 114 137 160 196 18 146 114 91 108 51 52 140 89 76 44 97 159 69 83 142 179 54 121 52 115 28 39 74 175 153 56 157 166 179 78 139 39 135 15 29 119 189 125 142 11 116 15
131 26 35 103 53 83 56 113 139 154 149 93 136 38 49 187 141 104 173 90 26 194 69 94 106 113 63 108 30 47 168 114 101 9 138 163 40 69 170 191 82 52 159 39 131 129 61 88 171 49 163 64 128 146 22 184 167 131 119 91
146 60 109 144 135 35 52 110 158 196 140 93 151 12 64 67 142 103 166 91 28 9 80 107 62 24 145 89 174 54 137 107 25 105 181 150 5 26 69 105 113 119 85 158 105 39 44 117 148 103 185 155 43 3 44 95 166 59 41 149
135 76 89 83 14 142 143 186 54 149 65 108 99 37 18 81 15 71 39 196 170 193 54 77 131 59 131 200 25 77 136 124 174 58 181 99 188 98 130 108 57 120 107 55 98 27 178 63 88 137 191 152 16 139 72 179 150 63 141 85
131 135 80 105 21 40 174 135 96 121 161 94 9 189 53 80 39 23 79 65 73 89 91 155 45 86 16 179 172 53 194 128 159 60 166 100 6 75 76 164 23 4 136 161 180 167 138 46 60 160 157 23 60 183 57 171 9 180 169 135
167 22 54 83 42 101 121 75 99 12 52 29 160 162 80 42 192 38 96 40 62 161 137 74 184 54 146 100 35 13 159 64 118 148 59 92 102 88 46 142 43 182 107 104 73 73 81 47 58 178 17 20 62 180 195 3 170 159 129 178
132 128 49 28 186 109 37 42 191 94 162 108 58 95 42 23 134 9 5 124 190 81 143 150 168 171 28 36 151 124 149 91 37 122 195 127 111 105 12 45 193 87 85 21 102 200 63 57 142 26 118 73 26 151 71 32 124 59 76 101
130 43 126 24 115 89 42 196 82 60 58 139 32 182 131 14 66 148 162 143 37 149 16 198 65 29 168 30 125 2 49 184 35 134 25 49 46 11 103 41 101 132 167 109 171 183 183 151 116 51 143 128 54 90 26 16 173 58 171 193
81 67 7 109 146 3 198 27 200 128 133 95 159 154 17 138 57 56 29 69 129 91 111 132 197 193 39 196 19 138 102 182 102 103 197 107 133 128 85 162 99 78 121 89 191 182 100 111 171 25 102 36 116 94 65 98 52 7 168 152
2 181 106 65 46 177 125 49 145 93 186 67 110 17 68 84 43 149 128 72 170 176 41 45 114 19 23 151 158 45 102 126 178 136 128 62 131 13 20 166 13 15 44 82 145 98 198 108 131 198 4 27 58 69 194 167 29 193 21 88
175 6 117 30 6 49 22 103 161 120 133 189 111 20 70 92 12 100 3 77 173 73 132 163 77 98 109 25 111 103 147 114 61 70 154 101 59 32 20 8 140 194 79 44 24 200 37 96 64 25 89 189 150 147 12 118 90 108 174 121
17 79 160 107 144 88 20 63 57 46 29 192 26 93 65 74 94 81 160 143 66 124 111 85 88 28 126 79 193 165 62 96 29 13 163 16 126 26 174 142 146 198 70 161 14 100 149 23 115 128 117 141 82 67 190 131 93 155 57 50
13 25 120 61 23 99 11 62 190 122 136 58 58 133 194 136 87 105 71 150 74 60 93 56 145 86 74 16 23 105 47 163 184 76 127 101 51 132 181 26 44 23 89 25 144 135 138 70 99 54 85 122 77 106 103 84 28 32 88 122
48 117 86 178 160 176 8 116 42 183 151 42 16 2 142 9 193 190 5 121 35 174 143 52 107 83 178 191 122 48 145 188 195 22 42 94 190 38 121 192 165 131 175 182 3 159 4 189 129 36 50 165 56 147 178 49 140 90 142 119
140 156 10 38 75 183 51 98 115 176 50 122 85 113 97 150 56 139 58 120 14 113 116 71 4 26 61 129 131 124 166 57 58 57 42 182 1 149 71 44 90 104 62 161 87 95 11 147 113 111 5 52 58 68 177 54 200 133 172 86
12 28 95 134 91 85 195 155 17 162 57 66 144 26 44 157 111 51 162 1 69 190 107 103 9 112 85 123 34 102 6 109 104 106 11 125 165 35 3 71 11 114 89 76 46 155 173 177 22 179 78 158 167 155 105 55 56 94 156 106
76 29 182 176 143 150 113 168 149 103 162 63 148 53 110 152 178 23 83 146 62 14 65 37 74 176 29 153 86 129 157 33 200 122 146 9 47 51 96 173 110 31 76 128 103 8 90 142 74 60 21 5 34 178 77 58 165 109 165 74
152 31 138 51 81 57 163 150 154 195 23 96 180 87 113 106 152 200 105 34 160 69 144 189 34 194 43 140 29 82 23 190 44 121 30 182 64 70 12 106 33 130 179 72 137 37 35 162 123 120 16 185 142 151 20 93 188 96 107 169
37 29 198 181 173 91 65 80 60 86 43 84 26 184 184 190 186 134 16 74 53 171 64 20 30 153 138 89 18 98 22 26 35 49 96 165 39 136 102 74 36 54 127 135 35 94 68 113 183 191 121 176 94 59 153 195 157 31 154 24
105 88 64 72 120 80 110 166 158 36 28 139 16 101 133 109 101 54 43 38 103 71 165 28 122 109 171 48 182 32 31 79 190 19 47 116 56 75 174 191 39 126 132 185 105 2 174 121 25 118 116 13 26 170 70 170 174 26 79 60
124 188 103 46 30 54 74 191 33 143 165 18 101 51 100 107 44 15 23 96 44 148 191 167 140 101 146 39 111 78 93 98 150 178 135 4 16 4 196 194 60 22 199 20 57 85 10 48 60 140 166 102 148 119 174 110 158 65 30 50
170 65 194 184 24 17 129 90 158 1 64 117 59 114 34 61 112 115 197 47 78 2 84 200 88 41 144 189 187 62 124 32 90 79 73 103 178 116 39 167 189 108 6 177 88 154 27 191 138 142 1 29 60 181 95 93 45 16 47 43
133 147 88 84 22 71 139 111 186 103 38 62 165 9 41 72 46 74 1 61 56 38 15 104 147 181 153 42 57 134 109 143 170 179 151 194 185 199 79 41 150 140 179 156 128 52 39 19 129 99 22 175 182 107 189 91 51 84 25 181
148 94 32 107 69 74 188 139 61 139 162 88 9 16 189 190 126 43 109 125 11 89 77 57 152 95 73 110 115 71 1 117 49 87 43 36 30 68 103 92 41 117 22 101 97 11 105 108 34 109 82 112 6 171 104 134 24 34 99 170
60 18 188 41 152 28 42 120 158 192 46 130 134 44 133 185 42 101 48 71 1 126 144 60 2 50 70 12 57 127 157 65 93 175 50 41 78 136 10 72 57 39 91 85 85 27 46 171 187 145 13 121 20 117 168 76 99 104 149 157
172 168 26 163 5 72 69 49 115 9 144 82 32 100 42 93 190 41 43 111 12 96 136 86 8 157 91 88 132 10 93 75 79 138 16 15 187 69 35 142 60 38 106 118 187 58 61 110 191 20 172 13 120 56 1 188 148 199 132 139
