80 	
11	59
0	2	6	165	2	
1	3	4	91	7	
0	2	1	239	2	
1	1	2	96	5	
1	6	5	8	7	
0	2	3	176	9	
1	9	3	158	8	
1	7	3	10	6	
1	6	3	170	7	
0	1	9	65	8	
1	6	2	10	4	
1	4	8	220	7	
1	4	9	156	5	
1	4	2	331	6	
1	3	2	245	4	
0	2	1	176	7	
1	3	5	265	1	
1	3	6	271	4	
1	4	9	346	7	
0	5	8	205	3	
1	5	4	61	6	
0	2	8	188	5	
1	3	9	13	5	
1	4	5	95	9	
0	3	1	340	5	
0	4	7	244	6	
1	8	6	214	1	
0	7	2	247	9	
1	2	7	155	6	
0	3	4	183	4	
1	6	5	80	8	
0	5	1	275	3	
1	6	8	57	9	
1	3	6	334	2	
0	1	7	124	4	
1	6	9	8	1	
1	2	3	219	9	
0	5	3	213	7	
0	5	5	132	8	
0	6	2	259	9	
0	7	7	183	8	
1	5	2	222	4	
0	3	3	296	4	
1	3	8	333	4	
0	5	2	18	1	
1	3	2	322	6	
0	3	4	82	2	
0	8	2	338	6	
0	3	3	84	4	
1	3	4	231	5	
1	5	5	122	3	
0	6	3	240	4	
0	8	1	37	3	
0	3	3	327	6	
1	9	3	216	2	
1	4	4	148	5	
1	9	5	193	4	
1	8	9	179	8	
1	6	9	271	5	
1	4	2	201	6	
1	7	3	223	9	
0	4	3	284	9	
0	1	3	321	1	
1	4	5	19	7	
0	5	8	230	3	
0	2	3	331	7	
0	5	8	320	9	
1	3	9	181	2	
0	5	4	189	2	
1	2	1	231	3	
0	8	5	307	7	
0	4	5	322	6	
0	7	4	280	3	
1	5	4	188	5	
1	6	3	219	4	
0	8	7	86	7	
0	3	3	132	8	
0	4	9	32	3	
0	5	4	116	8	
1	5	5	295	7	
97 176 52 169 67 154 143 41 110 15 80 135 87 36 107 17 74 98 126 26 100 146 85 83 178 45 133 94 68 88 16 72 160 43 149 166 176 36 57 159 31 65 78 107 132 32 53 129 27 66 37 59 60 68 120 81 20 150 134 15 69 199 56 75 145 174 154 122 49 85 22 111 1 148 43 45 82 189 123 80
87 152 53 160 62 137 123 152 170 25 110 105 55 199 111 83 11 188 89 169 24 24 85 195 17 57 154 183 138 22 175 64 186 8 86 128 19 177 100 99 59 106 143 76 182 10 84 7 46 100 39 16 188 146 32 78 199 20 192 85 139 155 103 180 48 82 153 15 115 130 125 26 110 79 27 109 40 21 80 171
195 52 102 181 166 166 114 132 8 37 65 22 95 134 81 22 88 86 138 77 190 25 121 41 1 198 176 18 186 117 35 128 23 84 57 22 183 184 26 193 16 129 115 190 54 96 55 19 79 59 10 171 124 171 166 1 132 199 167 110 33 50 90 196 120 3 148 100 61 123 79 166 31 128 119 131 69 7 14 34
128 47 113 152 12 75 133 133 109 60 159 60 157 93 67 70 50 65 85 8 18 116 162 13 30 71 182 175 17 77 40 180 161 117 159 28 45 34 131 155 149 125 126 72 121 72 129 18 26 166 123 120 58 173 55 174 159 143 143 41 111 20 41 188 16 69 67 30 134 71 60 150 176 143 199 111 58 95 51 141
157 30 187 187 8 94 135 81 199 67 62 63 76 134 169 14 116 156 79 13 188 95 10 175 128 124 49 27 104 173 107 1 12 11 187 158 58 126 115 35 143 79 66 91 138 130 184 86 88 190 65 126 198 153 101 196 131 36 28 104 162 191 30 77 199 102 169 136 37 53 91 13 47 195 27 22 196 196 177 190
149 122 165 130 70 176 126 42 25 13 60 83 18 174 17 188 35 16 6 114 36 24 71 59 117 167 17 174 105 80 121 163 20 147 37 37 21 83 172 104 175 136 60 17 59 103 134 68 197 10 62 64 126 117 49 86 20 26 21 107 10 54 116 31 135 11 104 7 132 118 131 180 196 177 139 182 26 96 37 129
8 18 160 41 76 19 143 155 97 81 100 127 122 73 141 75 64 40 63 156 163 106 97 69 83 120 185 185 198 2 97 199 96 170 100 165 50 15 151 197 111 15 189 88 165 133 102 55 155 160 25 108 183 150 22 99 77 163 102 70 47 131 105 175 51 43 47 100 46 177 4 188 86 28 170 30 98 170 123 92
33 52 38 158 25 56 26 65 106 97 86 53 199 150 155 190 1 192 150 144 9 181 7 36 13 160 60 144 133 141 193 143 176 110 139 162 183 44 30 127 168 199 22 145 80 19 122 174 171 182 86 171 46 12 152 66 121 40 200 24 74 177 198 7 97 178 123 38 194 17 190 61 136 199 22 189 182 171 109 24
144 114 90 195 7 152 74 122 144 118 137 154 50 110 65 174 93 4 118 1 2 10 47 23 186 65 138 123 66 19 159 150 1 12 176 114 90 189 72 33 131 153 154 96 126 164 94 82 165 134 162 112 72 19 23 136 183 59 96 70 124 176 195 188 197 45 192 173 156 53 27 153 153 20 81 175 96 150 184 87
11 134 192 151 57 163 113 182 86 54 47 165 102 116 156 40 95 182 78 147 116 62 158 64 159 148 73 103 84 126 22 3 136 146 27 26 145 164 49 195 22 192 73 6 33 138 45 169 137 124 106 85 85 60 129 75 182 80 11 150 101 109 66 81 140 12 122 9 115 19 123 70 186 177 7 98 47 63 180 158
200 81 141 8 21 138 126 18 47 156 107 77 123 95 55 113 154 23 164 83 13 63 59 16 123 19 67 105 86 36 165 182 3 60 171 140 142 70 192 62 78 150 105 19 58 35 60 74 161 103 2 140 16 146 59 8 131 44 19 8 122 91 21 41 160 105 41 1 104 170 29 179 125 72 54 192 130 24 170 60
142 28 33 139 12 193 39 149 48 20 166 44 51 27 90 2 85 8 15 178 88 76 166 122 179 198 195 148 38 186 126 20 3 15 89 167 88 55 72 6 71 55 21 38 110 118 9 164 22 98 68 19 118 155 105 11 133 83 159 17 75 76 167 128 95 134 137 71 123 166 103 158 85 9 134 29 142 103 75 87
185 104 138 35 44 195 92 175 121 125 24 56 185 1 191 55 144 28 120 90 123 76 27 83 11 126 136 194 4 40 140 161 183 161 117 128 16 132 173 21 88 155 137 143 147 138 10 40 14 187 9 118 125 139 187 130 28 41 111 44 92 187 23 29 116 87 176 80 76 174 190 138 173 115 17 180 195 76 65 60
147 165 1 60 152 39 84 159 12 118 198 144 108 128 29 77 109 111 100 114 165 142 146 120 157 123 199 133 103 172 130 20 85 16 115 122 173 21 133 179 117 69 178 54 25 92 155 15 175 184 141 165 68 109 153 31 90 131 83 42 177 65 126 163 185 23 81 62 133 99 61 116 188 8 102 80 159 152 62 7
195 62 174 117 82 98 138 167 200 144 182 19 92 79 136 19 128 143 11 106 191 184 30 34 196 148 7 63 78 70 19 185 158 170 158 83 115 149 112 173 39 40 19 76 184 10 126 98 199 145 133 76 108 45 66 159 189 184 111 170 133 39 93 127 86 67 193 23 30 92 78 160 59 84 84 92 7 96 107 138
160 176 159 107 13 141 73 40 3 24 26 79 151 68 53 31 136 92 54 143 151 121 24 16 137 106 121 32 52 163 5 4 48 115 185 59 149 180 81 102 105 121 74 125 56 56 152 16 152 31 137 154 153 84 64 18 60 124 196 130 176 115 172 108 146 113 60 80 67 23 44 22 42 92 155 96 169 122 158 46
49 118 166 148 140 150 164 176 173 52 83 26 83 118 128 126 54 26 174 96 107 126 134 111 172 101 143 35 146 161 122 33 139 53 83 94 142 192 112 98 77 40 121 129 125 118 198 29 66 17 187 3 74 43 24 74 179 137 32 167 49 137 195 30 1 184 107 93 101 124 69 91 179 16 110 115 23 193 106 110
187 153 107 27 43 70 111 141 114 69 126 159 74 193 140 77 113 118 64 72 5 145 105 9 24 119 192 78 126 43 88 164 189 128 38 28 185 183 109 105 111 194 187 35 149 46 99 166 121 116 83 117 189 56 150 117 96 49 85 31 74 143 176 114 104 45 7 123 51 168 15 107 175 38 78 25 21 50 4 78
100 70 84 46 127 86 141 150 189 39 38 87 12 173 69 13 44 39 90 110 121 184 160 13 165 8 120 96 40 18 29 141 199 41 163 145 134 198 120 57 50 71 138 170 170 99 109 14 165 130 157 194 41 123 155 117 76 110 21 128 177 156 70 15 3 66 138 109 66 31 16 20 64 6 143 21 20 16 143 8
59 66 154 75 49 184 152 6 9 126 195 88 8 150 46 110 194 114 97 80 167 151 155 90 41 80 98 36 5 10 51 122 185 151 41 164 45 132 82 186 113 68 80 193 101 153 143 17 143 134 109 52 63 129 90 192 9 79 49 32 25 160 152 149 174 49 194 178 110 147 12 43 124 51 121 8 99 40 105 64
6 131 199 188 189 197 99 139 9 185 124 176 160 198 175 129 113 187 110 74 157 6 89 74 91 4 200 178 109 7 195 65 159 83 56 142 46 107 173 67 34 99 23 28 116 183 37 191 111 157 192 200 114 107 61 95 134 152 130 100 122 142 124 14 102 79 154 112 4 80 28 165 16 184 22 85 149 87 132 10
151 109 3 91 101 189 4 151 111 50 10 133 95 18 169 18 149 38 120 146 22 84 68 65 159 48 47 91 126 68 112 162 83 6 31 99 62 183 95 134 28 54 26 143 14 169 183 12 6 182 191 152 163 200 197 144 49 155 170 123 96 180 116 44 158 63 131 107 158 132 174 148 3 190 149 105 96 131 151 53
8 185 188 128 62 110 43 164 58 51 82 149 131 166 6 200 12 122 147 121 112 126 68 161 146 105 28 45 21 81 36 77 30 26 176 112 183 79 123 120 53 118 5 69 196 115 115 175 88 105 122 99 133 72 105 162 35 162 120 149 172 13 108 80 94 136 126 49 110 118 81 7 184 91 143 138 140 48 22 153
81 27 146 22 103 164 89 133 27 115 161 23 153 23 81 33 18 158 178 175 4 4 94 13 159 45 151 123 155 133 55 17 166 31 97 60 17 178 78 124 141 149 118 85 162 89 80 163 135 22 140 97 189 37 80 182 4 142 69 176 107 176 84 200 1 87 180 118 50 11 37 29 165 162 101 13 39 131 48 110
132 133 187 118 167 159 160 6 189 63 25 17 19 75 112 93 74 65 75 92 52 169 50 92 105 151 171 178 44 4 146 48 144 92 196 29 57 184 178 38 9 56 186 168 142 47 95 191 20 88 168 175 88 60 45 185 110 106 64 74 171 176 105 114 32 191 133 52 86 198 171 187 30 167 117 179 152 117 40 48
22 155 178 94 134 84 29 151 146 63 61 139 89 124 113 39 7 19 158 86 138 105 40 128 77 169 75 168 53 40 9 180 68 131 152 199 147 105 196 84 37 57 152 48 3 121 155 126 57 169 174 55 55 194 183 189 167 1 165 1 125 95 60 70 14 101 149 174 152 167 29 24 131 181 161 182 146 108 187 111
167 175 141 127 71 199 127 37 31 31 44 46 30 16 186 38 167 196 141 101 163 68 47 56 139 12 90 98 80 99 172 83 196 21 164 98 166 90 173 101 77 32 188 43 46 9 171 144 48 177 69 86 101 52 199 138 96 75 165 86 110 96 70 70 108 66 79 165 190 97 135 64 147 8 64 118 16 114 121 197
134 196 60 120 149 21 63 81 48 175 156 178 33 65 55 88 124 134 34 72 176 16 184 81 4 15 31 131 129 25 148 159 193 161 74 160 168 124 17 143 129 161 64 16 187 67 121 139 91 76 177 17 98 165 48 144 127 87 144 97 129 173 181 189 190 59 33 119 37 102 157 10 151 59 20 88 140 85 98 177
80 162 10 171 78 195 68 185 148 200 125 96 102 12 100 2 155 10 107 98 48 106 93 115 78 51 69 144 132 115 89 146 22 34 106 59 41 126 71 185 133 48 22 20 135 147 171 160 178 70 35 127 192 117 199 122 130 184 41 105 107 30 93 73 11 107 106 7 95 25 111 81 181 176 176 129 187 103 24 8
72 138 174 116 131 5 150 79 144 122 146 103 114 187 15 13 75 90 107 140 122 68 61 135 21 77 104 162 36 95 38 25 65 58 6 149 183 14 23 100 124 147 45 56 152 52 71 29 80 42 28 148 41 190 125 166 182 141 43 17 1 22 11 38 124 97 46 157 88 47 90 42 117 118 52 133 196 158 25 19
123 43 125 123 128 36 14 47 120 182 19 82 65 124 63 178 73 52 18 52 146 31 121 106 181 32 69 43 180 101 14 149 31 108 196 47 11 36 163 136 167 53 139 200 78 55 65 84 7 25 75 156 1 8 146 60 125 42 78 200 81 66 79 22 60 198 21 145 198 119 34 13 55 82 189 61 42 1 170 160
129 77 83 18 80 71 83 14 52 72 99 28 125 51 182 113 150 161 171 145 9 56 192 110 39 136 19 146 153 104 112 155 149 120 157 136 44 81 171 52 66 104 80 51 142 51 99 170 162 12 40 116 48 195 101 23 7 190 12 130 81 138 135 187 83 67 48 143 181 78 41 167 148 196 34 200 161 106 47 3
111 25 121 27 51 73 135 124 137 112 31 139 107 30 78 30 33 126 138 150 112 80 62 36 10 116 86 185 1 95 59 185 9 36 180 89 126 137 175 5 20 65 138 10 163 31 12 150 113 94 25 196 123 8 130 25 145 182 142 89 138 14 20 56 58 178 180 31 126 17 192 143 190 98 163 78 62 164 102 174
74 157 57 83 118 165 37 13 97 70 66 52 84 56 131 173 56 140 149 43 90 104 63 55 135 30 33 11 20 23 182 87 83 174 104 18 160 64 30 155 77 129 174 95 180 94 116 189 90 51 14 84 149 147 26 114 82 135 56 93 52 175 100 30 199 110 151 161 57 131 86 159 27 183 183 189 175 17 121 125
98 57 44 25 125 28 48 68 8 87 118 148 153 44 92 111 198 25 32 135 106 179 93 42 75 196 135 19 166 17 142 112 87 151 76 86 132 127 150 182 70 163 121 1 159 107 69 51 131 97 43 154 67 58 43 154 130 146 176 104 63 30 40 17 46 86 83 152 94 72 117 43 16 2 74 95 140 142 181 155
155 120 50 92 60 159 105 147 146 195 63 48 51 185 20 143 5 137 31 22 136 164 157 192 27 46 177 190 129 99 187 27 199 53 13 129 41 101 22 95 70 157 163 140 153 107 80 21 192 147 198 144 84 60 87 116 140 140 141 29 100 141 87 151 151 56 170 197 6 36 7 58 153 92 178 120 58 103 199 28
33 191 30 148 78 170 178 183 71 198 38 126 184 118 162 158 72 20 190 62 23 50 195 112 67 120 136 170 60 28 87 168 132 134 110 175 182 135 68 91 175 56 119 89 124 143 82 178 123 158 92 53 75 81 19 192 42 41 170 64 21 194 137 88 88 74 109 156 162 62 123 179 142 54 94 120 158 110 1 117
65 28 64 119 98 62 168 12 127 82 149 151 55 120 194 171 6 55 196 29 194 28 172 75 57 131 47 12 108 84 157 12 54 100 137 50 193 45 85 20 124 128 138 60 166 70 188 38 140 199 18 65 53 44 91 197 180 85 113 144 123 163 138 181 42 29 176 17 153 45 156 49 122 123 71 150 141 3 196 137
123 123 59 63 54 160 119 134 110 80 71 169 171 178 66 18 58 165 45 61 126 63 191 59 1 199 104 174 50 57 181 110 114 141 36 5 199 53 108 25 165 143 136 182 99 156 7 11 59 3 32 98 126 28 138 4 65 196 177 109 46 76 23 3 37 105 29 67 22 188 179 14 170 163 51 93 118 160 87 116
111 57 101 124 2 110 16 24 49 93 98 176 77 141 101 119 41 39 52 83 102 62 135 57 31 167 92 154 141 41 31 192 9 119 134 57 182 198 53 185 49 13 7 56 76 14 53 93 37 79 169 50 28 30 11 127 85 126 178 151 42 64 110 61 2 177 167 52 71 57 192 183 19 70 65 166 88 7 173 156
108 140 79 9 85 15 89 113 17 163 40 198 33 10 96 178 118 95 80 97 23 189 180 13 101 66 133 27 200 198 108 65 64 68 59 188 15 20 49 139 197 93 1 39 64 172 116 65 190 49 58 139 128 133 165 78 62 128 13 104 57 54 5 141 194 34 57 5 41 162 164 166 18 193 88 78 100 39 178 159
159 192 7 25 40 9 51 107 84 182 154 52 98 177 30 67 73 29 54 198 109 107 45 92 187 179 51 113 42 73 128 130 93 106 154 123 92 111 91 67 20 86 89 149 178 99 60 27 19 109 8 26 45 112 155 147 104 123 81 144 5 199 189 120 17 36 127 175 121 121 84 98 67 26 154 63 107 89 158 188
191 105 74 147 183 146 121 142 45 35 85 172 5 182 20 13 98 148 59 62 104 162 32 51 14 80 92 191 91 124 25 7 197 83 5 59 63 171 8 28 102 64 82 14 178 187 60 35 16 69 147 127 146 60 47 15 73 150 159 109 137 127 56 183 126 154 184 131 136 178 148 108 97 26 40 38 106 9 129 63
134 78 111 99 119 122 33 76 89 168 199 70 74 111 8 71 18 30 118 152 7 90 189 28 156 142 75 120 97 153 22 126 197 157 118 26 73 104 79 56 47 190 118 150 129 12 50 138 89 8 137 146 75 181 31 112 75 40 45 92 101 68 42 44 105 76 144 101 107 158 63 155 22 4 75 189 78 162 107 4
132 29 44 191 156 57 36 191 47 97 162 124 18 41 128 149 157 200 146 55 16 120 125 101 102 149 1 138 6 170 116 150 163 86 121 13 142 96 179 117 48 5 113 135 152 175 108 170 55 91 183 25 104 199 123 16 142 48 114 110 121 174 19 106 123 28 151 4 15 7 98 112 39 141 151 147 174 114 172 15
93 119 58 140 136 142 25 83 18 181 119 152 43 56 124 4 87 15 62 76 189 194 175 65 5 111 85 175 122 146 17 80 105 106 161 146 115 55 33 7 158 149 132 2 65 7 27 107 89 29 46 146 97 136 65 83 107 76 197 21 194 185 105 36 73 53 111 48 2 63 199 75 140 24 113 169 90 46 38 158
190 189 4 96 195 107 12 35 27 130 36 155 29 56 45 145 93 63 156 169 59 138 122 152 11 146 197 199 93 118 63 68 196 176 83 157 107 102 38 128 56 89 115 93 123 154 21 69 190 186 146 91 112 186 9 142 159 27 80 141 132 184 105 93 4 187 28 182 114 67 67 172 173 70 3 111 156 150 117 28
129 13 35 41 69 179 84 70 50 119 46 21 86 87 100 117 103 49 200 25 69 4 47 3 139 2 188 53 96 175 42 66 189 168 111 54 115 164 154 75 198 180 186 57 6 155 99 66 164 43 27 87 67 54 83 57 167 146 172 155 11 177 82 198 148 161 160 42 172 97 52 89 116 124 18 63 51 160 190 188
20 133 134 192 141 97 47 55 171 136 38 148 108 132 125 87 6 50 14 183 62 167 176 29 151 156 10 70 171 67 160 133 16 90 99 52 189 171 170 3 200 93 57 95 112 22 141 51 185 169 143 61 132 82 198 122 50 68 43 179 74 88 90 172 73 46 167 174 45 38 142 58 37 144 118 145 103 46 132 73
140 148 125 53 130 156 148 4 176 199 158 138 108 170 36 3 130 194 111 92 15 145 59 82 153 63 81 13 184 65 104 195 114 132 124 109 104 158 69 83 53 85 66 107 11 135 24 51 102 76 103 182 104 126 38 40 79 97 136 39 87 11 192 161 79 171 104 128 151 145 157 58 16 28 88 186 184 133 26 126
113 113 30 17 48 121 199 92 186 181 28 39 117 62 31 68 56 150 174 38 17 4 98 120 196 32 34 127 138 179 199 9 120 105 191 57 52 166 153 163 83 150 70 192 91 146 76 70 46 62 144 130 2 103 52 182 36 82 145 146 122 52 87 114 20 193 167 26 151 83 6 178 98 146 84 159 29 98 61 183
79 86 74 94 105 38 75 175 32 179 119 38 189 178 30 98 190 108 71 40 30 108 73 64 159 40 168 31 134 12 99 71 198 167 35 19 61 146 120 115 1 79 45 66 173 83 175 8 57 154 47 139 2 180 1 191 85 182 133 200 146 91 10 22 186 26 168 161 6 77 176 29 176 187 59 46 103 101 144 80
188 192 51 125 183 15 42 1 64 114 132 76 196 141 43 145 64 64 167 2 152 168 170 152 85 86 161 186 100 41 126 2 55 193 145 154 129 134 9 152 9 2 32 183 39 44 120 43 114 64 106 52 23 185 97 111 170 192 98 84 166 41 14 18 177 51 105 195 10 161 76 55 118 37 136 127 115 9 31 181
142 58 161 27 81 20 58 44 107 159 108 172 110 197 159 63 128 33 43 173 27 137 155 48 145 165 135 182 88 94 75 74 148 119 179 171 34 126 112 76 110 141 188 6 195 54 30 75 75 139 148 113 120 145 79 14 140 193 172 179 89 162 143 21 183 181 17 49 22 16 192 188 16 94 73 144 81 158 123 38
198 16 3 134 147 22 35 17 67 126 162 89 73 198 97 41 74 161 22 27 45 149 64 87 81 28 74 72 105 174 14 146 122 7 66 180 152 41 57 80 2 119 44 24 20 80 164 14 1 64 44 16 11 193 42 168 155 170 38 105 130 192 2 131 10 161 9 17 39 63 41 50 34 98 157 166 65 78 28 65
53 98 65 36 42 135 94 21 193 153 149 155 55 53 26 58 49 44 87 101 138 190 41 176 93 115 197 35 127 137 21 2 69 38 194 192 25 69 104 91 126 76 47 39 69 17 181 54 44 6 96 46 191 99 126 23 55 71 183 20 95 6 151 140 151 53 50 155 135 182 134 86 96 165 191 66 194 64 61 165
189 191 156 137 54 174 97 198 60 94 12 183 33 113 45 196 128 183 100 116 199 22 18 1 20 87 197 138 22 2 70 44 168 10 95 186 141 167 82 146 114 121 36 58 93 14 57 98 167 56 168 25 191 28 88 67 149 54 117 65 126 79 189 83 122 141 156 7 100 150 60 42 151 195 107 57 63 36 104 179
112 29 133 35 26 183 111 24 132 165 31 55 165 8 160 95 139 114 89 127 125 86 15 106 143 10 115 12 112 158 122 59 175 198 157 180 35 141 43 50 160 187 48 64 31 54 55 153 160 128 41 154 22 36 126 174 30 79 153 87 133 114 9 48 158 156 17 106 33 183 161 64 33 58 121 168 132 147 109 99
132 137 87 98 7 112 27 5 86 3 17 103 85 88 16 28 13 2 60 26 88 199 127 64 141 66 190 117 35 170 61 26 29 136 36 141 7 35 79 51 41 93 122 175 124 181 93 146 134 24 78 2 79 54 18 120 139 40 54 29 71 124 42 111 198 119 142 150 93 182 195 143 66 56 18 114 74 46 180 98
176 22 1 127 139 83 92 87 111 139 191 135 92 63 62 29 80 30 198 7 134 143 11 130 119 94 15 117 109 165 144 116 177 101 24 130 50 136 158 119 130 191 176 95 142 164 115 161 82 51 51 137 52 69 106 50 1 184 162 82 46 31 75 59 10 148 153 173 95 12 133 132 66 122 4 102 130 91 25 187
92 51 124 156 48 125 117 79 128 37 103 177 44 128 117 86 74 152 142 11 67 60 119 81 44 45 101 152 102 10 134 197 94 39 67 3 30 172 37 164 47 191 35 197 159 10 110 52 13 119 25 194 75 71 152 56 106 23 103 159 136 47 41 71 59 101 130 119 41 57 131 125 199 3 200 56 170 109 54 135
189 54 197 73 72 120 73 39 40 92 193 195 158 180 131 1 164 37 24 91 118 187 145 199 9 38 192 65 165 17 18 196 136 108 153 97 119 41 176 43 177 29 195 43 67 113 114 166 61 127 35 104 59 193 113 165 172 115 66 140 104 145 72 88 110 65 98 4 97 145 150 104 100 143 41 101 96 168 120 142
160 133 79 47 192 77 61 125 15 82 155 113 22 19 9 76 38 31 104 4 90 141 140 189 104 180 133 166 143 195 51 142 177 10 141 67 21 143 153 193 140 21 150 134 53 144 131 177 44 87 102 174 66 118 69 15 63 17 116 8 103 52 179 29 112 96 198 164 186 5 8 109 102 188 107 102 38 198 58 24
179 177 12 135 61 22 45 3 152 42 12 34 128 140 41 196 21 98 116 72 31 170 68 153 37 120 24 42 153 69 177 54 133 147 143 119 45 50 30 111 69 194 143 57 85 134 16 61 45 150 115 120 53 124 195 199 129 78 79 103 199 84 122 101 195 175 24 138 48 106 176 132 139 35 96 69 87 129 192 172
142 74 200 133 9 72 174 105 72 164 131 52 134 139 161 120 120 199 123 18 84 70 173 92 58 167 38 187 92 157 154 43 17 26 39 194 168 166 159 39 12 164 19 25 39 131 50 174 188 156 3 154 59 62 27 126 31 145 16 63 37 200 44 189 154 16 155 167 10 164 109 23 131 143 87 192 154 57 176 37
14 150 193 22 95 177 50 38 182 20 74 133 137 189 163 111 121 122 114 164 38 126 128 148 124 181 54 46 77 144 73 81 88 71 12 149 32 53 161 71 44 70 156 149 9 90 172 193 79 57 109 140 149 123 39 50 182 97 35 146 106 18 44 15 60 142 128 41 42 164 126 100 8 180 110 82 128 17 33 1
50 82 35 48 63 79 67 66 103 45 72 195 184 140 130 10 147 196 167 119 179 46 70 90 61 106 182 104 158 69 103 47 59 16 20 36 125 158 67 161 158 25 165 153 99 90 28 108 101 84 44 198 95 96 97 71 127 37 154 78 186 26 20 109 16 106 127 75 60 129 65 104 178 169 15 97 31 178 55 173
112 17 141 83 157 83 174 96 173 145 181 90 160 99 171 177 2 118 67 110 164 42 117 116 81 191 87 60 109 183 145 192 87 46 182 32 36 117 108 187 191 104 123 13 177 90 197 163 135 140 114 45 44 108 110 31 63 138 25 36 48 64 186 190 128 173 113 80 178 80 41 59 55 175 188 97 79 61 112 13
147 148 26 84 100 189 67 171 47 125 14 24 190 101 75 74 171 178 114 162 114 41 49 20 34 97 107 65 148 92 165 189 165 35 98 42 197 34 76 172 37 55 93 172 160 69 136 110 84 7 171 170 85 165 156 188 95 197 149 153 116 80 90 67 29 133 96 192 160 38 182 105 110 107 84 56 74 134 161 96
140 61 175 171 41 145 108 25 8 98 141 19 11 125 136 93 102 168 197 52 74 11 65 153 160 94 31 37 67 109 2 21 85 47 56 168 183 8 1 199 118 61 119 8 2 94 142 94 140 168 82 72 176 109 75 25 136 30 86 117 77 166 97 191 40 31 131 200 69 183 91 61 106 61 139 116 185 185 151 81
135 162 193 23 79 23 10 137 122 59 182 171 180 163 126 179 42 31 98 40 52 8 127 144 134 69 39 89 138 135 93 159 15 80 187 136 169 140 28 45 137 143 189 53 66 67 76 16 101 128 157 182 198 17 191 188 85 57 171 151 138 170 113 86 149 123 134 166 126 9 124 174 178 103 154 161 74 60 165 1
28 124 194 99 142 86 178 89 78 125 158 164 145 166 42 142 109 180 173 104 130 50 70 135 163 16 75 82 102 20 122 95 63 34 117 70 170 120 87 131 1 126 69 31 124 56 11 68 158 100 22 174 180 164 68 29 178 136 15 119 107 102 133 189 115 187 39 29 36 77 111 197 174 55 75 2 2 31 70 176
56 68 54 36 106 34 50 128 96 99 13 183 198 41 114 87 101 151 69 116 33 55 195 71 97 4 3 43 127 93 182 166 158 44 94 166 194 151 81 128 12 195 151 67 35 175 55 165 56 133 124 116 79 117 7 196 41 166 171 110 24 106 61 142 198 136 138 137 20 158 32 71 53 37 153 172 172 114 151 43
176 125 13 39 95 9 118 82 37 198 195 87 92 193 176 82 69 181 127 163 141 164 180 28 29 171 107 110 4 156 111 91 105 117 37 88 110 134 140 56 136 14 42 141 192 167 169 195 97 167 91 98 140 134 124 78 77 182 27 151 119 71 20 198 81 192 197 5 53 54 9 36 81 183 58 96 130 180 4 23
196 135 156 90 23 149 68 177 52 135 62 74 109 48 156 76 102 9 170 159 118 146 167 31 174 101 169 88 82 73 165 18 123 34 23 168 35 4 101 170 17 55 1 138 45 102 117 155 32 18 147 7 120 157 120 115 155 166 33 54 196 80 54 48 193 153 94 88 89 20 151 160 171 57 132 166 38 128 108 121
90 182 95 135 74 93 86 165 166 91 88 83 175 171 137 30 94 41 49 110 69 5 144 123 171 107 161 181 44 28 118 64 165 86 130 134 157 155 110 100 23 21 92 106 33 149 101 73 90 90 9 24 105 193 33 128 104 110 173 101 29 14 120 71 93 134 12 6 116 39 19 57 36 21 129 51 139 20 6 151
36 46 59 125 129 37 157 165 116 71 124 45 180 137 198 53 114 189 9 154 2 196 78 109 181 164 151 121 26 166 175 98 40 129 20 145 167 89 65 191 5 25 194 155 139 21 194 9 109 191 118 142 102 120 83 52 164 58 75 72 164 138 103 42 155 97 117 131 188 84 109 141 53 175 141 133 83 46 119 147
156 29 158 24 42 69 174 166 101 41 97 103 36 135 77 59 61 4 100 170 9 48 155 134 16 37 70 43 124 151 15 97 173 77 182 90 50 136 54 193 148 44 63 153 111 163 193 143 119 119 41 102 45 54 86 134 5 167 39 62 57 145 168 106 38 149 69 169 63 87 149 41 157 80 29 4 28 184 29 116
16 76 38 52 147 103 145 104 12 165 53 74 136 49 51 129 151 12 132 66 164 51 147 161 97 27 14 13 166 5 171 133 43 57 158 104 166 54 186 155 171 34 65 5 57 162 56 25 88 137 154 165 22 93 91 36 128 170 100 171 63 105 69 92 76 150 188 186 66 197 124 101 156 12 138 45 167 103 132 60
32 107 108 94 72 106 179 187 117 95 161 118 53 124 21 139 137 105 31 127 64 176 120 139 47 187 39 15 17 123 97 155 40 151 93 1 48 79 192 80 37 175 147 29 198 51 59 66 16 180 165 10 37 66 117 164 199 45 184 89 94 112 79 161 68 88 187 133 17 120 88 102 6 131 194 105 82 197 66 75
144 80 44 131 31 28 95 102 145 187 108 88 47 49 176 21 150 83 59 129 55 5 143 149 111 91 172 176 172 75 180 97 155 21 89 102 171 196 40 152 153 17 2 91 177 21 111 22 52 172 196 75 129 13 130 106 144 106 178 105 67 68 5 134 90 170 84 54 92 148 184 159 32 21 101 185 168 106 176 13
