10 	
17	31
1	7	5	28	3	
1	6	1	22	3	
1	3	3	8	8	
1	9	7	29	1	
1	6	9	10	4	
1	9	4	17	4	
0	2	7	8	3	
0	5	3	11	4	
0	7	2	15	9	
0	7	9	28	4	
99 176 76 159 79 186 187 118 121 166
41 85 171 165 168 68 177 110 179 61
88 175 78 81 120 166 94 199 130 54
151 26 7 75 47 24 25 49 168 124
60 36 131 124 181 198 84 195 38 169
189 90 187 200 9 145 22 2 131 121
29 123 75 19 168 12 33 87 63 142
39 33 188 77 77 91 145 196 121 94
19 108 21 127 68 187 132 86 123 172
26 109 112 153 42 14 52 62 156 65
124 196 5 119 117 44 73 3 81 78
