50 	
41	80
1	48	1	2852	4	
0	77	2	1382	5	
1	23	4	3655	2	
0	70	9	1516	1	
0	82	3	2315	5	
1	17	2	3599	1	
1	51	3	1724	6	
1	24	6	4153	5	
1	73	9	4216	1	
0	83	5	2009	9	
0	28	1	1904	5	
1	85	7	2692	7	
1	82	5	3055	7	
0	91	7	1423	5	
1	69	6	3870	2	
0	53	7	3726	5	
1	3	5	925	2	
0	25	5	3284	4	
1	71	7	4124	2	
1	68	8	4652	7	
0	6	1	1596	7	
1	56	1	3354	5	
1	25	5	4472	7	
1	75	6	1726	3	
1	26	5	96	5	
1	3	6	694	3	
0	40	3	12	6	
1	19	5	1721	1	
1	79	9	1602	2	
1	42	1	4808	2	
1	78	5	1779	3	
0	60	1	4937	8	
1	81	8	1305	1	
0	64	4	4017	6	
1	7	7	3882	9	
1	70	2	3150	6	
0	69	2	4638	2	
1	62	6	3461	5	
1	82	7	5119	9	
1	91	8	1252	6	
1	2	9	3948	5	
0	58	5	4265	1	
0	83	6	3157	6	
1	10	7	4492	2	
0	19	1	2341	3	
0	72	6	4385	7	
0	82	6	2978	2	
0	52	9	16	8	
0	56	2	4733	1	
1	11	3	2301	2	
22 13 73 97 148 19 38 36 20 34 148 37 55 199 161 146 114 93 177 29 41 5 152 145 32 40 185 39 186 19 87 186 184 2 70 130 66 105 79 138 122 55 185 180 22 34 136 137 77 118
84 10 169 11 145 193 160 133 129 153 108 56 13 66 173 22 75 29 111 54 183 141 114 152 106 40 139 79 114 159 26 67 125 135 8 198 67 58 141 81 44 189 83 13 129 122 172 163 198 80
88 145 160 114 11 76 63 29 46 151 125 186 68 94 147 138 23 192 32 6 161 83 142 184 72 130 7 157 182 198 50 192 165 82 195 199 195 52 162 32 71 196 175 28 46 135 89 152 13 184
131 165 4 13 93 92 56 67 9 85 23 89 2 88 180 70 72 41 117 70 11 188 173 162 87 152 72 130 189 9 13 157 92 78 52 106 140 186 83 45 71 67 58 187 21 160 27 50 16 32
111 73 94 142 171 141 91 93 65 55 184 169 13 124 181 160 92 79 73 59 147 169 150 147 175 44 120 38 31 151 188 191 178 179 41 40 84 66 107 82 13 4 115 132 168 172 27 195 72 60
172 4 63 118 107 124 56 176 40 172 168 199 162 35 32 109 21 163 153 148 113 55 43 18 38 145 187 42 117 188 50 129 193 30 125 192 167 170 55 108 71 7 156 122 36 94 168 149 189 37
88 112 110 164 45 104 41 142 171 84 114 182 150 66 161 39 41 84 171 118 146 110 45 30 21 6 50 54 161 54 23 108 68 157 105 39 26 16 77 40 12 123 29 125 161 19 200 61 184 6
24 195 161 141 82 113 133 4 163 90 193 39 56 141 50 188 99 163 121 74 33 193 74 20 19 200 49 173 173 189 39 77 89 146 110 103 173 36 91 127 48 91 153 31 38 122 67 22 174 100
187 12 39 199 73 157 72 37 6 17 150 139 16 66 11 72 74 137 42 49 170 144 93 11 121 63 32 162 192 74 56 172 167 27 107 200 45 1 122 40 21 190 95 167 76 55 36 147 143 185
134 86 160 15 135 21 109 177 33 29 81 37 79 73 144 50 63 187 157 31 91 3 121 19 49 115 86 170 34 80 75 30 60 90 149 86 22 56 76 36 77 65 9 119 113 76 147 67 150 44
71 62 54 175 2 165 71 52 25 21 134 86 22 85 105 159 145 127 168 5 47 108 127 73 116 58 102 11 97 191 114 167 97 98 163 200 59 82 4 112 7 16 186 14 163 95 114 71 42 98
157 136 192 199 7 162 79 7 156 134 58 164 142 186 163 109 140 108 135 173 28 27 145 87 101 173 135 24 16 199 172 14 26 16 77 153 33 68 38 129 70 78 89 170 172 150 157 20 142 40
34 40 166 85 140 17 144 34 23 97 124 164 92 113 24 7 184 83 123 118 29 62 92 34 160 92 195 174 186 187 87 159 55 159 92 154 158 95 18 18 165 190 65 55 110 106 150 108 182 154
50 34 176 122 110 12 141 191 82 28 119 150 148 34 97 114 171 127 5 99 182 56 141 127 93 74 83 118 34 55 150 111 122 131 29 136 22 2 38 135 83 136 42 99 181 149 78 62 19 175
46 28 170 177 97 78 116 56 44 171 20 181 24 103 193 2 30 105 62 93 124 95 124 123 152 19 199 1 160 86 55 193 153 163 154 143 81 171 142 98 42 48 3 166 156 157 127 73 44 116
96 51 141 160 30 41 175 154 40 30 4 137 197 136 144 103 51 62 100 23 196 20 42 169 78 75 138 151 163 193 108 3 24 27 67 142 180 188 152 65 183 101 46 65 160 146 54 172 178 13
127 179 160 106 158 130 125 53 105 153 190 129 30 1 162 29 70 159 41 70 36 173 40 139 86 35 160 176 63 33 104 27 154 94 53 171 192 181 47 89 14 38 126 172 26 130 92 195 163 35
79 34 13 17 5 99 112 159 146 144 144 19 115 120 138 25 175 146 179 166 32 198 88 12 111 14 118 89 41 193 90 19 93 54 47 120 199 134 85 141 179 124 159 72 121 32 128 14 140 171
53 27 152 186 77 26 149 116 192 67 54 68 191 52 30 200 80 146 149 148 100 121 161 126 181 13 7 49 118 8 101 96 18 148 127 160 137 88 130 82 157 86 177 68 94 51 137 11 49 12
161 174 8 118 31 13 118 8 90 41 150 32 144 126 153 56 32 177 40 97 165 62 21 182 34 91 65 46 153 32 69 90 84 60 69 161 104 161 114 36 198 68 73 125 122 167 190 40 27 38
17 31 21 137 5 45 50 144 64 150 165 141 128 30 190 151 57 4 145 83 189 126 116 69 139 179 87 123 174 10 160 174 50 90 161 197 164 48 82 152 66 50 92 98 153 22 174 82 156 99
30 28 84 80 85 77 175 109 132 178 85 173 90 144 195 153 199 167 158 169 38 33 55 25 148 65 109 98 187 199 178 190 129 199 45 163 75 67 170 114 157 39 157 103 7 98 188 155 159 37
151 20 41 120 130 189 180 157 54 23 163 92 9 163 50 187 195 51 158 156 152 138 42 17 109 83 71 4 105 93 11 93 178 24 171 35 170 42 34 47 167 54 133 169 195 93 157 48 107 23
122 155 100 134 110 134 43 167 35 181 152 10 83 79 3 23 123 97 90 100 27 199 175 159 9 109 35 185 109 130 153 156 172 178 110 7 39 143 173 101 82 175 39 118 171 37 130 114 19 175
19 68 17 200 132 8 91 142 179 194 68 112 147 125 72 179 33 49 81 93 103 31 117 158 159 154 69 138 162 10 131 41 92 77 94 114 54 11 139 190 125 98 93 111 44 191 46 195 180 89
105 21 160 200 114 59 8 136 151 130 158 55 97 145 193 61 151 57 137 148 61 171 131 130 47 123 105 120 151 17 97 92 109 47 179 6 65 187 107 114 86 80 90 65 45 84 4 139 22 79
60 96 11 20 69 47 6 180 44 163 3 148 135 100 83 166 145 192 8 43 178 174 3 8 1 173 157 32 123 123 189 171 189 180 199 154 163 18 95 67 138 37 28 16 146 54 138 43 158 194
68 141 111 125 27 16 118 31 66 155 8 169 186 90 43 117 163 190 10 75 5 152 72 114 197 121 155 24 85 101 189 34 80 82 86 131 52 122 152 86 10 21 38 18 191 81 17 126 184 62
20 50 21 38 113 95 170 136 67 129 34 125 140 3 87 138 79 46 47 24 198 77 167 123 132 23 99 28 77 38 159 147 93 117 81 160 72 145 166 152 99 141 47 195 107 194 115 61 93 108
27 182 55 160 193 195 184 141 108 189 84 174 17 89 107 157 96 116 145 57 174 162 117 45 14 37 130 146 52 42 56 43 4 105 123 124 42 144 41 16 10 99 142 95 4 112 90 172 139 96
6 134 68 72 51 16 100 167 112 138 85 85 98 148 67 96 148 70 171 13 37 2 140 115 70 163 113 148 155 167 5 57 92 11 96 102 68 135 53 66 168 45 183 181 105 116 141 45 88 33
162 97 198 55 34 192 27 76 51 132 153 117 144 27 144 39 147 60 178 177 99 115 155 180 34 99 133 32 68 16 35 193 27 73 27 77 59 61 171 4 100 26 65 71 155 69 133 148 46 18
72 17 101 10 172 109 75 49 95 90 144 159 50 133 66 88 81 87 75 159 166 157 10 44 35 178 83 42 173 25 36 3 6 18 96 87 108 169 160 71 82 52 165 14 25 100 61 26 31 75
170 125 144 114 78 146 133 104 112 86 199 76 69 96 18 101 146 28 54 159 66 81 177 43 104 81 117 60 174 67 31 178 159 151 19 119 116 8 63 130 129 78 152 44 53 173 43 152 177 135
174 4 194 156 139 21 9 16 192 55 95 7 187 35 187 31 140 83 50 36 179 181 51 86 144 112 135 196 51 146 15 161 138 120 128 183 108 36 148 2 169 13 125 161 127 101 121 79 186 197
124 95 45 97 112 33 6 39 66 90 76 104 12 29 97 127 157 106 31 110 188 152 40 200 188 192 31 95 26 167 67 41 73 158 134 68 98 56 86 199 199 176 125 152 63 160 149 84 189 60
98 134 96 133 5 67 72 188 129 171 32 37 106 105 180 54 70 174 144 167 186 126 81 117 79 134 80 14 5 100 145 38 85 126 198 90 58 90 99 165 122 127 67 11 65 173 42 51 168 85
176 92 179 139 25 62 113 149 180 148 58 92 47 132 2 113 101 200 167 7 54 177 139 135 110 171 87 36 71 98 55 160 15 49 152 183 200 185 115 88 33 118 47 65 87 162 68 88 151 93
37 96 191 133 163 146 3 70 99 107 171 66 190 135 24 132 157 176 131 119 57 163 39 143 82 79 57 130 6 79 177 57 192 153 176 191 130 50 93 113 134 124 124 82 197 119 47 15 38 124
138 83 40 74 186 176 22 141 44 95 102 37 104 159 144 43 70 12 145 114 54 89 2 159 90 192 3 113 24 182 159 71 177 183 199 193 28 2 176 190 27 103 152 184 123 82 159 175 57 104
193 13 176 155 24 132 155 199 10 2 191 16 88 195 132 29 7 101 26 2 45 183 37 66 12 139 88 33 139 54 106 78 22 20 22 33 68 27 66 46 57 175 141 161 94 181 37 167 92 48
185 105 164 197 128 142 101 146 125 103 176 72 187 71 67 14 192 112 41 12 48 16 151 70 191 162 138 117 145 157 51 140 58 125 189 156 88 45 46 179 5 148 27 96 14 82 87 80 133 190
167 120 152 144 72 158 1 68 171 191 91 38 19 11 143 115 200 150 38 37 43 44 20 42 105 75 27 169 29 129 11 138 143 48 109 70 63 133 57 64 169 117 33 47 115 83 11 123 6 52
46 148 58 86 9 51 127 167 87 50 77 63 163 129 16 69 80 140 144 130 101 25 183 133 72 98 74 23 65 82 122 92 93 151 194 186 70 141 45 177 83 151 160 59 194 67 154 85 112 98
79 25 64 79 28 1 87 20 165 113 164 120 165 119 157 114 90 73 59 27 86 97 193 14 44 160 172 29 72 110 167 21 171 43 124 93 14 24 76 100 26 7 28 110 87 69 82 93 32 173
33 155 176 135 86 93 124 150 41 106 168 39 14 151 59 43 66 169 169 134 62 123 119 122 101 41 11 106 141 37 89 15 153 5 9 197 182 122 113 193 184 12 149 77 13 122 10 183 191 180
31 2 71 167 197 39 58 74 95 172 162 124 6 45 22 76 120 142 185 82 21 135 87 100 109 65 101 127 117 181 35 106 131 101 178 138 94 104 105 89 111 33 136 1 175 191 147 73 68 41
75 94 170 30 80 108 166 124 55 37 54 173 76 51 194 117 81 132 155 151 99 71 107 51 172 187 177 113 158 122 185 136 109 113 186 30 165 192 15 165 150 22 63 180 19 134 163 53 90 22
98 181 43 12 32 13 193 77 192 86 136 87 185 193 18 118 58 100 94 11 169 134 35 18 170 166 10 63 107 177 55 9 25 28 186 122 18 25 97 178 134 193 184 189 170 97 190 103 159 197
17 7 111 5 101 157 148 197 197 45 117 35 96 153 21 92 63 99 119 64 5 17 80 22 76 118 70 91 198 111 170 153 9 182 92 66 34 65 66 89 187 110 35 3 32 53 33 23 22 127
86 98 155 45 146 43 40 28 158 85 73 80 148 70 146 115 119 163 97 148 68 5 169 166 178 69 4 196 131 13 111 68 85 168 83 11 145 34 39 61 153 26 198 161 182 62 42 160 92 140
