50 	
23	39
0	5	9	9	1	
1	1	3	6	6	
0	5	5	316	4	
1	2	7	163	1	
1	1	8	495	8	
1	7	9	501	7	
0	4	9	391	6	
0	9	4	443	5	
1	2	4	500	1	
0	4	7	303	7	
0	5	7	418	8	
0	1	5	438	4	
0	6	9	279	5	
0	6	4	282	3	
1	9	7	108	6	
0	3	3	231	7	
1	1	1	39	7	
1	6	9	235	5	
1	1	4	76	7	
1	8	6	229	1	
1	4	9	220	1	
0	5	6	85	9	
1	1	5	75	8	
1	6	9	331	6	
1	6	7	345	5	
1	7	4	409	2	
1	2	3	234	4	
0	6	5	375	6	
0	7	5	412	3	
0	1	5	288	1	
0	8	1	276	4	
0	7	2	38	3	
1	6	7	136	9	
1	8	7	184	5	
0	6	5	189	9	
0	9	7	382	7	
0	7	5	11	8	
0	7	7	347	6	
0	2	3	450	3	
1	4	1	251	4	
0	9	8	468	8	
1	3	8	286	1	
1	8	6	195	6	
1	4	3	270	4	
1	2	4	192	1	
0	7	8	8	4	
1	3	4	31	9	
1	7	5	67	2	
1	5	9	293	1	
0	9	7	18	2	
157 67 165 1 199 193 17 76 40 135 112 167 154 122 29 7 43 113 103 18 7 153 82 21 1 73 59 81 66 44 19 103 196 188 63 39 154 58 192 79 12 198 187 187 173 108 49 115 11 73
101 196 62 35 136 159 118 16 106 54 88 176 61 61 72 71 109 43 97 91 5 197 60 28 106 172 198 91 111 154 104 6 88 160 147 148 29 120 127 89 195 135 151 12 16 6 13 35 106 39
154 13 80 162 68 25 89 128 125 39 10 33 63 172 76 186 139 88 44 116 43 110 26 69 100 58 101 75 103 4 135 106 26 45 136 197 36 180 164 100 39 106 168 59 51 65 45 155 184 58
192 190 81 121 9 12 149 168 61 180 100 172 34 102 181 30 167 70 94 127 83 187 56 5 47 35 108 90 153 34 4 30 77 77 17 109 198 134 189 68 156 188 34 51 134 171 164 147 194 174
40 177 183 109 129 140 100 196 62 92 36 123 67 50 83 42 49 177 102 199 92 45 99 38 151 135 160 174 85 123 116 131 171 124 164 26 21 42 114 148 75 198 82 116 1 90 178 65 4 96
126 176 22 5 44 50 112 63 130 79 25 3 184 83 45 42 189 22 32 129 6 145 157 122 5 68 7 31 17 152 18 104 33 41 14 112 103 24 176 173 191 21 110 102 118 35 102 66 165 64
37 185 3 7 184 14 144 21 151 72 137 15 13 43 127 1 66 7 165 81 70 46 3 147 25 75 106 37 149 113 148 142 126 92 180 13 20 100 37 185 160 82 84 98 156 29 53 86 89 54
182 184 1 38 19 172 175 14 53 73 25 99 55 55 137 74 42 185 22 117 122 185 86 159 112 145 96 31 175 126 2 78 69 172 22 3 34 187 125 70 51 134 45 151 135 95 22 37 2 50
121 199 135 101 55 11 51 81 85 61 70 179 60 151 121 49 30 196 49 18 131 96 13 139 146 118 150 155 47 189 128 96 115 176 200 43 23 200 101 90 191 188 72 21 104 49 132 179 200 69
138 158 10 56 38 180 85 167 40 143 186 114 4 126 79 76 82 102 85 93 86 115 168 195 13 61 97 118 107 200 14 154 75 9 28 18 3 33 11 2 165 167 95 44 182 130 19 138 157 52
159 138 142 47 98 188 11 13 43 198 4 39 26 53 121 116 145 77 138 174 15 77 112 83 34 45 149 96 69 56 67 122 153 14 116 107 181 161 11 39 133 23 63 178 28 65 77 62 200 172
124 97 45 90 190 150 168 111 128 178 36 2 39 55 144 25 190 21 182 149 61 180 194 197 200 143 129 144 119 88 188 109 67 87 140 70 116 26 132 91 45 89 188 138 92 160 194 115 1 17
173 90 64 15 183 153 193 173 59 175 114 33 153 92 135 78 20 167 61 10 73 144 18 51 157 82 60 133 74 13 120 199 151 17 114 185 50 186 120 44 29 85 162 110 125 161 80 44 114 173
5 170 76 163 142 130 48 198 155 196 140 115 191 38 161 59 17 102 68 156 128 12 107 152 32 46 197 162 30 93 191 70 27 59 93 31 55 167 53 78 70 23 141 32 117 168 145 71 89 143
168 44 119 133 72 110 16 193 91 152 40 14 22 154 46 72 25 10 67 92 182 37 22 174 185 59 148 182 92 61 112 134 186 38 150 115 160 39 72 19 182 17 157 98 189 127 28 144 18 139
94 61 4 173 156 60 193 18 111 76 112 168 110 63 93 25 65 155 83 65 75 71 37 49 69 109 184 197 63 159 183 69 43 54 40 77 7 10 84 167 108 189 163 136 45 152 53 8 14 190
189 189 161 65 183 197 167 135 148 121 85 197 102 133 135 176 121 197 77 98 98 132 79 166 122 53 155 53 116 138 94 187 56 2 90 183 20 167 187 66 8 178 136 38 41 83 37 165 88 199
127 95 79 28 92 139 129 191 59 90 38 147 176 9 123 189 66 48 163 158 153 70 6 15 36 61 164 93 83 23 96 38 38 40 157 20 147 129 62 85 18 153 105 199 48 98 115 109 110 149
184 18 134 29 192 168 59 39 20 92 43 198 91 184 141 140 23 132 54 185 199 191 25 133 156 109 81 190 69 200 36 149 9 169 181 53 133 77 94 129 40 137 149 70 16 25 48 150 20 92
74 153 151 37 63 34 123 25 17 34 39 172 91 158 60 182 17 22 43 46 117 80 199 100 191 95 118 137 165 41 172 121 21 59 178 155 132 128 109 106 167 122 19 95 21 122 87 59 171 4
48 78 47 177 11 127 136 57 59 85 121 187 56 75 83 197 5 70 36 41 124 152 172 96 8 71 3 150 187 34 8 104 5 189 51 188 169 113 190 61 174 71 157 53 83 70 149 34 193 25
68 166 68 147 123 195 42 69 33 83 73 57 23 94 142 70 196 129 87 151 65 68 127 184 18 124 46 15 114 106 95 18 67 63 41 43 8 149 35 99 190 91 132 40 13 61 42 183 132 149
100 167 187 50 84 40 149 42 91 86 177 32 3 86 100 25 112 97 5 83 25 99 169 80 8 19 109 120 113 161 148 148 87 27 130 21 66 179 90 155 145 53 169 63 45 54 200 182 98 196
91 59 65 190 97 31 107 106 165 53 149 157 195 49 80 12 109 68 21 154 177 2 172 66 92 148 53 66 191 7 78 122 80 197 154 159 103 25 123 193 88 41 158 51 149 160 90 52 101 148
112 17 125 119 145 30 175 1 119 172 130 184 146 141 177 3 48 115 43 100 167 162 31 94 156 6 13 129 36 123 116 42 180 181 85 115 179 184 55 199 10 86 102 46 129 96 89 151 196 98
183 78 118 59 156 85 80 55 198 170 88 30 101 114 188 162 182 168 51 151 159 199 66 25 94 129 101 86 38 106 144 96 10 37 30 198 63 15 5 42 50 93 131 66 77 13 185 10 67 58
99 126 146 69 189 195 114 14 100 161 36 89 148 129 64 138 93 27 11 51 82 9 11 155 187 26 19 161 196 22 44 58 138 109 171 86 19 69 20 96 32 138 86 196 84 59 104 133 120 6
129 167 47 32 12 86 164 152 147 146 146 128 19 52 138 1 175 195 54 136 60 56 92 107 7 119 7 118 108 99 31 35 164 140 31 144 89 77 51 126 108 3 51 180 104 158 164 15 155 120
192 111 111 172 67 22 8 193 65 143 125 135 157 17 72 114 42 14 67 98 41 59 175 121 154 73 157 135 33 99 131 68 187 98 75 64 84 14 198 63 140 48 188 104 172 120 66 17 41 42
187 174 165 71 33 101 1 156 185 194 142 67 116 15 2 110 189 42 85 66 107 23 171 56 50 173 122 52 158 73 171 13 5 46 89 198 121 195 170 200 185 87 110 12 86 152 173 68 150 3
111 25 57 139 65 52 78 104 85 155 88 8 59 142 147 40 80 184 6 53 149 58 73 177 177 183 52 24 155 158 19 97 57 21 105 142 6 184 101 27 110 158 90 132 81 101 41 61 5 89
98 15 91 199 41 46 136 83 100 167 53 140 58 132 70 40 106 28 181 102 100 93 93 74 134 20 190 57 153 178 27 32 4 53 164 137 94 83 102 54 20 129 70 175 51 58 107 70 41 199
58 166 188 146 130 127 25 142 14 141 114 168 114 28 68 130 172 6 138 49 171 195 116 146 154 178 99 167 15 12 36 59 19 108 198 159 86 96 48 59 68 187 58 132 27 134 112 155 76 140
169 57 42 194 111 36 7 7 152 52 129 125 102 184 84 167 58 77 60 160 12 154 172 73 194 3 179 23 120 26 92 103 115 174 199 94 164 29 97 72 11 160 170 198 20 72 194 133 98 190
76 49 199 86 57 3 147 116 14 176 158 22 159 90 137 31 91 196 188 104 175 40 51 122 89 39 87 77 40 150 157 93 184 16 175 189 42 4 123 63 23 33 176 32 47 20 173 134 11 163
117 117 51 89 84 158 191 13 131 179 7 124 99 140 88 128 54 100 123 110 200 47 11 89 148 108 153 35 4 18 76 199 185 2 175 119 72 141 145 80 130 140 137 69 19 89 17 164 189 113
191 78 48 81 95 52 17 171 124 113 149 142 42 190 117 132 70 79 188 7 80 79 88 110 129 71 153 124 191 106 38 117 40 71 51 36 64 165 83 48 163 147 97 49 145 152 198 56 189 35
194 97 109 100 94 32 121 9 186 194 29 136 131 134 80 129 10 82 60 51 8 9 200 55 145 144 35 113 54 141 169 75 98 49 78 81 141 99 163 95 5 61 93 72 16 149 90 176 12 162
54 142 154 112 115 166 152 35 134 193 84 52 73 172 124 191 78 194 18 47 70 127 199 68 56 97 166 192 66 180 112 45 46 42 53 200 37 159 129 67 48 64 57 148 152 72 110 42 170 128
31 45 9 132 114 196 192 117 15 126 78 180 18 47 182 34 26 124 145 54 49 147 148 172 138 53 87 183 65 58 100 79 89 11 135 59 156 91 8 134 197 91 189 7 186 8 166 23 170 50
144 163 164 119 157 98 136 181 92 140 197 38 182 58 1 30 165 127 113 91 117 134 103 118 167 198 177 143 87 170 91 115 86 148 91 51 59 25 181 9 180 171 41 99 86 168 124 6 27 112
93 45 17 157 160 183 185 119 144 49 21 117 62 47 77 161 37 125 1 59 49 108 19 72 90 81 73 196 84 57 158 142 55 161 30 136 75 164 12 5 98 167 24 183 102 98 134 131 89 184
128 123 146 84 182 47 150 54 195 167 176 177 38 138 33 140 192 100 117 6 54 41 102 38 30 18 87 182 82 114 51 10 104 78 96 150 106 47 66 52 61 81 134 10 6 146 90 180 54 10
116 150 74 198 89 129 69 47 69 11 78 30 153 16 67 99 86 45 152 129 118 156 42 191 186 153 23 38 48 26 149 111 73 50 45 139 34 107 65 149 107 123 35 125 6 56 152 58 69 16
135 15 184 38 117 78 113 190 111 103 140 159 51 153 31 181 49 123 185 80 64 87 158 125 122 16 39 75 39 11 8 162 80 109 169 85 199 79 90 31 5 169 177 184 185 76 96 167 6 9
29 139 176 134 127 76 131 79 74 55 131 46 10 188 83 91 167 144 22 100 192 89 159 173 170 21 161 9 193 9 104 83 115 49 116 193 74 79 3 52 124 49 6 144 95 73 177 142 51 195
101 113 94 75 145 160 73 48 163 187 141 120 194 77 43 172 168 177 49 110 55 173 200 27 133 86 129 192 139 184 104 146 74 119 196 8 115 75 76 120 78 186 154 107 188 175 142 74 57 29
7 12 185 19 168 70 162 42 123 63 194 39 36 72 114 38 13 27 6 115 9 128 18 55 21 122 4 75 109 67 169 34 68 135 45 154 28 40 40 81 12 166 79 75 190 73 102 52 83 45
166 92 27 74 124 109 162 155 72 41 9 83 19 36 198 156 50 176 165 148 78 182 33 151 115 71 139 64 42 166 99 89 8 160 145 193 175 173 66 175 77 92 142 11 35 114 65 175 182 154
54 31 93 113 132 110 15 192 186 45 103 23 125 86 145 60 101 141 86 8 184 63 3 197 189 172 184 2 199 182 10 175 192 158 166 47 84 139 58 94 172 91 59 84 182 180 143 102 19 144
2 28 125 125 109 103 144 149 126 139 87 134 22 151 44 196 95 33 109 158 47 40 99 185 186 55 39 10 25 174 38 167 6 22 53 31 156 171 182 107 173 121 100 120 78 8 21 100 121 15
