20 	
33	38
0	8	7	34	8	
0	9	5	27	9	
1	5	3	93	4	
0	3	5	47	8	
1	9	6	62	9	
0	1	4	134	4	
1	2	4	43	2	
1	8	1	67	8	
1	9	7	85	9	
0	7	1	72	1	
1	1	9	59	4	
1	4	5	93	3	
0	3	4	95	5	
0	2	4	60	5	
0	6	4	41	9	
0	4	1	106	8	
0	4	8	77	3	
0	3	2	41	9	
0	1	5	49	3	
1	2	6	117	1	
79 157 37 86 155 58 198 17 44 200 150 184 43 156 189 55 54 190 174 153
174 44 48 131 115 104 42 142 9 41 189 54 200 86 174 43 33 84 31 179
160 121 104 162 78 17 200 108 23 161 133 75 42 178 73 152 31 66 22 90
51 177 88 199 84 150 11 124 128 105 191 18 52 104 78 151 137 61 151 199
26 182 194 43 183 112 39 170 153 179 162 131 103 49 94 61 69 145 176 37
20 72 114 142 171 106 148 68 60 27 66 144 30 194 42 3 188 160 81 188
156 116 99 47 66 114 145 56 88 103 68 132 41 15 114 94 59 174 29 97
2 111 47 145 114 145 55 161 91 130 159 159 10 126 190 152 54 34 47 129
122 71 142 190 166 100 122 103 175 139 35 150 69 137 17 22 14 116 74 96
66 54 163 172 186 38 182 90 142 135 163 106 28 190 160 32 196 70 126 16
200 133 168 128 2 111 90 200 45 181 17 40 71 125 49 8 176 165 189 198
104 98 47 157 149 13 35 1 180 142 19 130 68 152 159 189 55 149 10 148
159 47 179 148 143 22 19 70 181 177 186 94 146 125 59 9 109 117 26 100
61 194 76 195 140 184 56 108 135 130 119 3 83 98 84 72 10 59 100 148
70 78 29 180 89 28 4 37 115 124 145 111 114 157 168 192 77 170 130 61
138 100 88 9 32 26 33 182 200 5 21 131 17 3 17 178 196 139 10 36
15 95 196 23 29 5 16 3 90 5 38 98 29 15 141 140 171 117 143 159
137 193 160 84 134 94 28 158 92 32 154 181 29 99 159 84 118 132 51 165
156 30 43 82 195 123 63 181 85 176 129 36 43 153 196 71 93 119 147 169
167 80 181 133 187 160 51 98 160 3 31 23 117 184 43 89 99 45 106 102
60 123 137 170 172 146 130 71 155 178 1 28 171 168 192 119 164 47 24 89
