100 	
1	10
1	8	3	215	4	
0	4	5	117	2	
0	9	2	106	1	
0	2	1	604	6	
0	9	7	471	7	
1	5	8	92	7	
1	4	6	34	1	
0	5	4	716	1	
0	7	1	647	5	
0	9	7	495	3	
0	5	5	157	6	
1	8	9	623	7	
1	5	2	121	3	
0	8	8	155	8	
1	6	7	284	1	
1	4	9	517	4	
1	8	3	420	3	
1	6	5	121	1	
1	3	3	279	5	
0	7	2	617	3	
0	9	7	643	4	
0	2	6	311	7	
1	4	3	62	4	
1	3	5	656	4	
1	9	6	625	5	
0	3	3	387	2	
0	5	4	335	4	
1	3	6	516	7	
0	2	9	133	4	
1	9	8	254	9	
0	7	1	377	4	
0	5	3	541	1	
1	3	7	219	4	
1	1	9	566	4	
1	6	4	473	2	
0	6	7	143	2	
1	9	6	651	5	
0	5	9	52	2	
0	7	2	107	1	
0	7	8	313	7	
1	1	8	678	5	
0	4	6	712	8	
0	6	3	659	2	
0	9	6	485	3	
0	4	3	110	9	
0	4	7	705	9	
1	4	9	140	8	
1	4	1	652	8	
1	4	5	709	6	
0	8	5	74	4	
1	8	3	313	4	
0	3	6	516	6	
0	3	6	113	4	
1	6	3	33	1	
0	8	7	154	8	
0	9	9	52	6	
1	9	5	110	6	
0	4	2	1	5	
1	1	8	113	5	
1	7	2	30	4	
1	4	1	701	5	
1	2	7	650	8	
1	4	2	598	6	
0	1	4	518	4	
0	8	1	500	3	
0	4	9	40	7	
0	4	2	704	6	
1	5	3	67	8	
1	1	5	141	6	
0	1	5	690	8	
1	8	9	189	6	
1	7	5	236	8	
1	1	2	132	2	
1	3	2	163	3	
0	9	4	235	8	
0	7	3	669	9	
1	5	7	131	7	
1	1	5	294	9	
0	2	3	231	2	
1	8	3	234	3	
1	1	6	616	9	
0	4	8	598	8	
0	7	4	455	6	
1	2	3	475	5	
0	8	8	193	5	
0	3	2	436	3	
1	8	5	603	4	
0	9	8	688	3	
0	9	5	383	9	
1	2	8	212	7	
1	1	4	377	9	
1	2	7	407	3	
1	4	5	9	1	
1	3	9	522	4	
0	2	9	138	4	
1	4	4	28	1	
0	4	3	442	7	
0	3	8	169	8	
0	1	1	342	2	
1	1	7	360	5	
1 20 80 43 192 70 128 13 87 177 19 104 13 137 153 85 200 133 149 136 111 156 139 124 49 2 71 24 61 100 109 98 191 168 194 43 175 174 90 61 1 155 192 76 63 153 177 157 197 152 51 58 117 137 26 73 160 32 116 193 117 124 137 122 11 27 133 94 54 127 193 135 8 28 41 27 170 195 86 73 43 160 81 182 64 3 88 151 126 183 91 154 41 98 13 38 19 3 90 11
116 97 136 11 87 155 24 196 165 16 164 90 110 130 155 152 22 48 27 12 119 27 128 28 41 166 56 71 132 180 144 180 90 151 102 10 12 56 130 96 191 32 161 170 2 173 122 29 95 187 163 72 43 9 186 133 15 105 82 181 116 154 20 123 122 134 65 142 92 26 156 66 128 94 108 184 35 14 169 197 136 49 76 80 64 62 157 142 11 186 41 97 48 62 23 157 29 192 76 36
37 81 152 66 82 89 42 84 60 90 123 100 105 53 9 71 162 86 177 6 75 161 63 27 2 157 123 48 181 163 80 31 150 158 24 172 128 33 43 161 147 37 42 196 22 129 167 67 91 155 142 66 24 142 77 131 106 29 22 94 110 52 103 75 144 151 167 29 17 53 38 50 191 125 177 109 96 61 42 175 188 131 122 56 118 31 146 59 1 55 143 173 164 43 137 83 75 2 142 133
161 122 97 90 67 52 52 14 80 104 120 167 137 20 176 125 142 94 76 118 36 114 41 162 193 103 112 35 155 116 24 154 161 86 80 27 192 28 175 31 11 157 129 27 12 146 200 35 163 49 40 166 139 171 124 165 168 72 179 144 90 91 128 111 130 71 43 29 134 64 144 149 110 164 167 178 99 52 80 67 57 102 159 85 16 192 129 53 158 65 169 56 44 38 119 106 71 127 141 103
165 174 170 131 93 151 91 60 193 52 154 130 55 96 166 51 104 50 39 135 146 188 92 10 118 108 177 103 116 122 67 7 45 124 33 47 200 190 141 180 65 63 56 103 93 72 183 71 42 141 6 178 19 8 60 176 186 58 18 135 50 79 113 73 86 127 153 8 94 101 163 179 175 11 137 200 105 63 188 68 83 158 190 68 41 152 52 38 6 134 163 38 199 110 120 121 157 107 103 149
146 105 13 12 3 19 8 96 161 152 23 77 19 136 55 4 197 27 7 121 17 119 118 186 21 54 106 2 26 88 81 188 59 164 167 19 160 118 23 43 114 21 40 177 121 184 19 20 159 20 7 169 194 186 61 49 58 90 144 177 180 124 196 65 148 29 3 157 64 100 99 85 69 149 194 176 142 172 157 184 100 191 31 65 18 101 35 47 64 11 171 48 16 50 146 69 87 119 174 70
122 194 84 2 46 119 103 111 73 120 110 131 69 49 129 181 102 23 45 3 87 142 181 198 167 27 129 77 156 130 72 165 92 181 167 137 180 83 107 129 100 164 5 169 113 101 167 35 168 80 145 197 41 149 196 23 154 6 180 37 168 67 54 167 190 49 68 140 84 124 69 60 150 40 73 144 79 34 159 178 104 99 131 64 198 107 94 157 132 69 159 124 178 91 179 190 154 193 127 46
55 79 80 23 144 47 164 170 84 39 141 61 94 121 7 105 124 28 6 27 175 151 25 109 147 23 193 87 161 21 80 26 59 28 8 179 155 120 167 123 35 18 84 183 103 72 157 4 90 181 14 146 107 91 96 72 40 20 74 137 96 111 200 171 160 67 63 119 108 80 176 125 150 111 172 32 175 31 68 50 11 101 154 137 137 187 39 85 51 126 32 96 186 12 97 88 15 162 69 127
19 137 166 187 9 145 10 52 44 112 136 15 32 192 25 111 8 86 63 188 154 4 137 92 185 184 121 27 181 42 31 14 178 24 20 190 159 168 119 170 6 50 124 183 195 148 21 76 38 76 88 167 150 67 123 192 82 107 54 177 199 166 59 20 76 76 184 53 179 139 83 194 115 59 176 63 169 33 199 20 142 196 18 180 70 26 28 71 174 153 125 90 194 17 21 166 163 198 132 122
29 11 53 108 104 49 109 44 102 103 156 107 114 137 194 121 165 182 159 22 177 4 137 39 18 42 186 185 189 73 25 111 24 72 9 160 64 23 132 181 124 50 98 110 112 7 151 194 126 141 1 145 139 12 143 128 116 72 155 2 78 85 96 7 79 75 136 12 132 35 121 157 90 74 135 47 28 194 38 147 125 68 4 48 5 199 23 178 192 17 80 159 61 63 190 175 74 34 85 105
43 76 52 72 74 145 198 99 29 127 121 93 16 191 27 4 136 191 34 125 171 152 200 187 141 126 26 81 19 23 135 146 181 123 24 146 20 71 42 110 33 81 157 67 161 37 154 23 156 7 82 81 77 9 196 129 1 84 1 137 128 121 2 165 27 161 173 156 163 169 120 103 161 80 129 92 127 151 31 174 162 1 23 194 137 114 180 2 66 144 65 2 102 85 118 88 179 73 64 4
32 71 166 77 97 199 134 145 87 185 45 108 50 55 44 6 74 84 117 6 65 77 68 183 43 59 96 155 97 74 55 102 12 141 66 53 46 16 67 39 57 133 54 88 157 187 115 148 19 95 118 80 112 3 151 11 90 50 72 39 57 130 67 176 88 113 158 146 41 25 105 173 167 63 105 8 105 29 15 147 92 29 140 171 149 162 123 166 104 146 197 55 93 1 27 141 82 185 187 4
136 113 83 65 98 148 94 98 136 90 168 53 188 54 83 89 192 98 2 90 136 147 134 7 54 180 36 115 87 160 165 134 199 79 156 196 11 137 5 182 105 32 24 27 13 43 128 123 110 26 8 149 42 123 41 94 7 175 168 89 118 54 31 122 95 115 37 32 78 80 18 191 87 14 24 45 166 25 35 154 81 148 113 26 114 63 173 35 58 40 132 189 6 10 154 65 89 79 197 15
184 150 119 159 161 168 191 77 193 119 36 1 3 40 167 31 31 10 50 97 28 188 10 168 29 174 23 184 196 68 60 12 159 10 110 151 199 162 99 168 24 196 8 4 32 59 40 171 21 12 128 128 133 108 105 196 120 194 196 123 188 185 50 163 77 138 114 89 135 64 24 137 120 32 60 184 23 72 39 104 113 120 11 1 198 75 163 143 42 38 29 166 70 19 120 113 81 17 35 152
79 40 24 178 184 146 6 40 163 171 108 102 125 133 176 159 110 137 73 31 191 112 178 59 197 124 104 78 167 183 8 71 10 124 118 173 132 134 1 170 79 148 79 21 190 76 126 149 156 57 159 198 164 119 87 152 54 109 156 164 137 105 101 93 78 175 16 108 148 161 54 76 122 116 93 19 59 185 191 197 91 37 195 45 108 141 61 156 141 101 6 65 174 169 200 80 110 30 115 74
180 29 107 115 190 34 91 27 125 163 118 200 96 197 26 117 159 163 168 23 169 193 4 151 66 175 113 1 91 91 161 157 105 120 36 1 25 125 151 169 99 150 69 43 140 150 84 15 199 144 18 74 47 115 51 123 86 162 117 117 59 34 97 42 131 138 48 169 133 154 194 142 40 16 180 194 46 148 185 16 53 51 140 122 111 26 103 136 171 106 179 71 126 104 91 172 85 17 109 95
30 54 134 99 99 196 155 132 139 190 1 133 125 90 123 58 169 20 127 169 111 22 119 116 121 34 35 148 73 17 60 192 32 61 166 149 14 143 111 84 73 131 104 156 132 35 92 150 69 133 169 3 192 130 115 91 47 104 192 125 111 147 95 17 46 44 152 66 17 165 9 144 112 198 165 45 186 21 148 174 15 94 28 144 170 136 151 73 146 79 78 58 129 184 75 100 86 129 122 6
120 31 198 104 91 102 197 172 199 41 58 17 13 54 199 82 30 77 180 51 27 72 152 20 186 35 131 64 80 126 88 124 146 68 131 160 164 77 83 112 99 137 159 175 46 68 164 85 123 106 178 63 9 94 144 146 169 190 6 41 164 40 145 119 188 100 81 22 155 162 47 126 126 194 100 107 5 10 80 193 24 65 79 69 13 40 187 38 181 91 80 4 199 87 164 190 172 76 14 37
56 95 10 14 181 32 62 10 78 123 82 19 155 37 168 129 123 178 71 135 67 88 21 78 19 107 101 143 66 65 140 143 15 70 113 97 86 28 110 194 34 182 140 50 168 13 192 157 30 185 149 18 95 109 183 63 27 114 171 93 16 122 141 106 118 107 168 197 49 129 104 174 143 110 66 2 17 66 57 88 64 102 159 28 52 80 59 77 33 193 2 192 98 113 194 91 187 99 19 86
97 50 80 49 169 134 149 59 108 97 12 54 48 186 17 7 192 117 52 14 186 143 196 69 47 97 165 89 17 127 21 199 10 76 165 21 164 52 126 186 97 96 78 155 96 117 90 170 49 136 198 9 11 56 22 115 184 44 40 148 189 168 170 173 117 117 4 13 184 82 53 82 196 8 45 26 99 65 92 9 7 1 9 178 96 32 65 103 9 24 197 132 28 93 196 103 21 139 198 200
164 10 87 126 24 42 174 97 67 132 170 41 38 87 135 15 89 17 149 145 197 154 3 75 128 113 99 161 132 70 176 112 89 88 36 143 71 25 143 49 86 135 3 108 144 38 168 186 182 176 148 121 138 24 124 172 6 196 94 196 163 40 145 58 31 125 53 93 200 62 116 176 47 88 163 37 112 59 27 192 93 116 161 7 27 144 160 169 189 101 166 115 111 170 101 139 156 103 178 71
120 121 196 6 153 197 98 71 43 32 51 18 172 154 89 75 141 45 97 39 81 123 25 83 157 85 76 134 92 128 90 143 172 71 20 2 104 72 3 152 46 10 45 196 88 27 48 12 71 18 27 125 16 181 68 157 67 173 19 148 62 54 195 180 113 181 73 60 146 117 184 31 14 152 56 98 52 81 133 90 162 28 67 193 121 152 198 9 177 65 200 138 102 109 114 199 143 188 92 57
67 47 93 62 97 29 5 195 167 82 115 157 5 16 78 177 97 149 176 56 117 36 28 163 97 9 43 72 188 21 119 169 106 123 75 113 195 97 100 66 1 24 31 141 102 132 118 161 193 171 97 47 159 30 112 198 101 71 74 145 116 35 197 47 124 137 131 69 187 186 165 172 120 114 22 94 182 107 98 1 166 142 5 40 103 82 164 56 66 128 46 173 68 178 191 3 19 90 164 91
151 55 39 106 25 194 78 36 189 74 153 136 91 67 114 182 67 23 57 182 102 42 182 99 38 130 156 97 102 181 93 57 129 62 42 71 150 121 75 109 161 94 114 167 54 24 124 64 64 59 115 119 125 46 66 148 166 152 90 93 103 131 56 158 192 17 134 36 14 7 119 18 182 52 74 49 163 62 134 136 171 42 79 129 64 178 5 146 136 96 20 45 66 172 70 72 163 163 102 63
28 191 76 144 32 45 127 121 63 25 9 147 127 69 137 138 104 179 1 24 29 142 84 173 34 55 130 27 59 35 172 68 7 11 76 184 69 111 125 183 89 101 5 91 123 163 27 187 168 85 182 151 43 53 190 172 30 59 29 75 103 28 132 86 197 172 200 45 125 22 42 41 13 9 113 62 16 187 155 196 189 188 199 181 197 126 138 142 41 31 60 13 97 145 140 96 180 182 91 56
145 137 189 182 154 193 180 182 163 141 197 57 66 156 9 102 58 135 67 129 74 121 48 25 58 124 180 1 3 66 104 132 2 104 186 49 35 56 193 177 75 118 47 76 105 27 150 52 174 138 68 175 70 184 177 112 186 114 4 151 170 41 16 23 38 65 146 37 141 21 119 99 146 144 113 1 185 34 120 195 107 94 123 16 141 101 188 122 16 32 167 104 188 135 19 165 116 80 93 147
39 50 164 147 17 98 61 62 199 78 146 14 172 25 90 87 67 17 139 199 120 32 77 174 12 40 13 24 83 198 47 98 100 89 40 101 98 60 46 182 23 15 183 100 85 55 115 129 129 66 5 115 119 151 85 175 24 85 40 170 120 120 7 41 23 79 90 113 185 64 169 62 188 174 5 125 104 48 146 54 199 8 98 133 2 32 112 157 30 39 70 65 91 52 175 107 70 63 182 152
35 4 101 122 119 59 44 182 123 112 122 193 188 92 159 13 142 66 131 65 59 109 135 90 185 118 47 154 172 59 12 12 36 29 65 35 81 112 13 141 91 151 78 139 111 22 67 95 12 59 93 16 200 51 68 101 84 37 126 132 89 172 165 71 198 185 80 158 152 53 120 8 77 169 32 89 52 122 80 154 8 49 60 152 134 32 186 55 196 48 84 141 185 165 43 71 85 15 170 50
9 65 137 57 29 195 35 148 46 137 26 116 115 33 89 200 58 120 104 185 137 108 181 172 6 17 85 64 1 121 115 145 25 131 13 101 156 100 15 73 42 17 187 68 100 10 169 76 136 144 197 125 160 157 48 7 28 28 131 6 152 84 3 90 75 64 8 15 66 162 116 25 76 43 133 59 46 125 25 196 158 101 99 92 103 103 135 116 148 157 79 123 167 33 26 8 87 39 10 76
190 29 116 86 47 1 12 49 18 34 10 8 162 79 135 158 91 113 159 175 191 134 51 120 180 143 107 134 137 34 193 101 158 65 137 190 183 31 79 50 73 196 139 50 58 110 12 74 75 44 75 119 133 13 71 158 173 32 59 55 6 174 131 87 192 163 7 51 76 92 74 107 60 59 132 195 153 35 166 18 80 154 168 115 31 141 172 189 186 133 12 59 98 87 34 30 171 51 113 4
138 97 84 44 173 105 104 172 117 79 12 29 85 45 136 189 3 117 119 191 64 167 23 14 84 70 14 177 197 107 157 138 55 50 74 162 74 35 8 188 142 44 79 151 199 132 90 129 114 111 101 12 145 44 8 115 7 161 185 66 167 124 11 77 154 139 48 78 102 76 26 102 183 58 160 53 4 42 15 38 97 119 155 114 91 82 49 176 17 15 194 128 60 171 32 138 2 50 14 120
73 118 101 195 105 58 2 86 29 100 76 182 176 110 80 193 36 124 152 146 54 199 128 40 22 80 152 154 61 53 55 51 77 133 74 176 27 181 92 45 86 73 98 97 151 184 189 131 200 195 3 101 67 194 154 172 188 108 188 4 98 120 60 89 32 86 84 112 18 120 13 104 39 144 126 128 31 42 177 103 173 141 107 159 54 148 154 137 41 76 124 30 114 151 183 72 124 54 126 90
176 25 185 96 112 124 44 148 32 146 5 99 194 65 89 26 165 70 69 16 119 49 27 150 123 148 68 161 163 107 142 183 141 15 45 64 91 8 90 38 100 184 187 10 151 15 174 75 113 11 94 97 101 13 100 44 175 152 105 148 145 94 74 167 171 197 92 97 194 9 177 170 139 20 31 138 161 81 120 125 142 181 88 48 188 26 139 199 76 96 183 135 23 155 96 93 178 181 83 55
46 112 31 35 159 173 52 22 108 142 7 43 19 133 39 28 23 56 76 56 143 66 115 51 157 173 105 1 185 184 5 121 186 95 123 53 36 7 119 14 34 161 28 146 89 176 49 107 57 52 185 23 45 112 127 83 73 26 95 20 130 118 137 167 146 143 16 107 118 13 58 96 180 6 91 104 19 52 59 104 48 48 24 8 97 124 74 182 133 111 104 154 115 153 181 3 55 83 45 85
21 7 106 116 128 66 86 186 36 197 106 174 139 62 61 153 45 146 147 14 137 98 88 82 176 127 138 75 186 162 89 70 164 166 51 45 118 191 184 101 130 78 52 73 45 28 133 92 193 16 159 164 74 42 177 160 136 37 110 23 128 48 197 153 115 122 180 150 4 177 170 147 56 79 19 149 118 8 122 32 16 1 142 91 134 171 123 172 128 161 152 142 185 49 8 9 105 40 60 140
151 156 190 30 123 79 2 143 39 60 136 133 161 136 111 175 138 120 21 110 196 41 195 71 193 119 171 75 158 129 126 91 123 152 17 121 46 21 134 120 191 131 167 144 57 163 182 189 31 162 147 185 109 1 36 13 91 85 165 164 105 60 93 53 164 178 120 107 165 168 81 163 113 158 33 10 147 17 184 117 84 99 44 97 20 165 109 180 64 11 146 139 47 174 23 46 152 161 96 185
113 142 33 114 122 162 73 87 10 114 162 106 158 123 68 27 25 40 76 77 64 168 126 171 92 15 194 191 56 146 38 177 72 82 42 164 70 192 69 121 57 151 135 160 129 102 63 161 78 137 52 32 48 148 153 157 126 191 155 163 197 54 53 140 188 123 2 100 57 117 87 97 72 114 60 153 56 52 28 111 83 168 51 67 125 117 114 173 17 62 120 124 168 186 45 109 39 148 26 26
6 64 130 40 45 128 76 23 195 52 152 95 181 181 129 69 193 82 179 41 58 17 38 132 174 12 13 72 179 44 8 87 60 98 196 70 46 72 140 88 37 166 34 59 100 106 99 200 101 35 139 1 164 113 88 140 39 32 47 63 69 164 119 64 147 180 177 145 168 24 115 192 143 181 121 45 65 186 187 165 118 91 41 116 141 152 13 148 177 155 14 58 133 27 110 14 162 2 98 156
65 138 177 96 106 162 164 106 173 30 198 28 97 190 92 188 109 11 122 173 70 92 127 31 82 4 62 38 119 172 178 140 180 144 132 160 10 188 195 128 111 10 184 79 183 151 63 144 168 73 10 73 179 44 103 112 177 76 65 133 16 71 134 155 182 116 106 44 150 94 142 72 64 33 51 77 79 190 138 104 185 45 186 30 164 173 183 172 100 132 194 198 14 42 25 104 122 41 25 63
91 165 48 115 83 13 99 67 34 110 14 55 71 61 130 2 146 16 186 47 177 181 186 35 157 69 91 95 82 53 133 54 156 136 141 81 122 169 30 29 71 17 77 95 106 175 169 196 66 160 33 162 167 52 15 158 17 15 112 132 173 134 102 79 31 171 49 31 169 36 119 200 80 127 95 152 129 99 181 33 186 26 99 158 164 92 144 103 192 46 59 199 60 93 118 157 9 172 91 12
15 63 167 38 37 30 19 187 90 145 108 48 171 105 93 131 45 173 58 43 74 175 110 158 175 119 169 131 9 93 175 6 25 138 115 29 197 103 198 152 152 154 22 182 128 29 136 62 176 15 159 195 118 100 93 82 133 119 10 183 44 123 108 178 96 67 186 188 89 126 18 130 120 4 182 146 18 74 151 13 1 40 147 167 193 81 167 66 156 149 50 81 5 160 117 11 179 110 22 29
12 14 82 194 155 71 187 10 12 83 121 143 63 55 60 171 118 178 98 137 141 168 116 189 27 80 24 158 104 7 161 93 95 140 7 41 127 160 134 78 12 67 118 197 197 107 171 107 82 16 10 142 15 137 41 120 44 166 177 113 170 197 117 81 127 18 139 136 105 84 194 195 100 143 179 121 25 97 32 78 41 44 137 114 45 94 57 71 155 178 81 122 39 173 85 144 82 104 59 34
66 91 99 175 120 69 85 155 42 34 200 169 169 38 25 3 128 142 40 92 85 49 124 75 122 7 131 193 24 105 75 180 58 187 124 127 104 187 173 108 114 140 167 60 28 165 52 182 171 168 68 75 25 115 127 103 23 77 194 85 93 145 3 28 157 18 177 29 36 84 10 73 23 79 6 97 128 6 180 128 157 41 163 116 49 73 79 118 105 50 112 158 110 90 143 126 196 29 199 166
173 64 183 84 1 177 3 123 13 51 49 29 161 30 88 185 140 89 160 77 6 102 22 37 134 72 163 10 122 42 160 94 51 120 32 100 158 114 80 59 182 48 150 156 144 191 69 13 28 187 150 1 70 81 51 34 195 177 110 193 136 78 114 113 31 130 187 158 82 75 135 121 5 187 82 61 39 45 198 151 58 178 42 171 75 112 134 94 39 86 82 58 182 88 147 25 22 129 18 105
116 65 81 195 20 94 159 120 134 52 150 195 59 77 19 61 147 132 1 97 157 144 96 97 113 64 29 107 101 39 152 163 50 8 196 29 83 35 99 63 102 121 145 118 55 6 111 198 157 197 28 197 34 132 52 51 97 130 127 52 103 120 51 185 192 193 89 104 83 187 182 42 155 86 111 50 14 172 37 137 98 135 148 168 43 101 138 190 178 79 167 20 152 80 128 130 99 186 148 199
160 137 113 129 54 162 21 55 23 194 177 6 156 132 99 130 62 70 109 18 185 197 98 149 25 2 105 101 72 111 172 29 4 139 132 104 13 75 27 17 167 162 58 110 146 190 6 81 34 69 3 27 106 165 33 27 27 165 84 60 182 81 193 123 177 17 184 143 28 114 187 159 119 54 53 199 182 154 39 150 56 197 27 80 109 35 34 125 129 69 147 185 96 161 76 129 122 118 11 73
71 174 3 176 171 147 110 95 186 125 167 71 75 84 61 135 76 38 154 199 27 171 77 44 112 143 33 163 119 119 193 17 38 5 158 184 70 193 169 191 99 2 28 63 81 136 29 183 24 130 119 4 85 163 39 64 54 190 52 114 38 10 20 112 194 100 153 151 145 126 102 136 137 195 96 137 64 50 177 136 39 66 174 80 72 146 75 114 146 167 18 108 47 22 102 113 45 165 97 57
85 163 136 141 134 155 40 158 113 15 41 199 182 188 26 153 190 93 199 59 16 151 17 111 16 48 87 137 124 151 136 197 77 153 38 139 112 45 11 120 123 14 112 59 32 57 103 73 121 30 168 12 180 12 166 173 138 169 63 178 123 100 179 156 200 1 39 52 20 188 165 192 198 189 154 157 135 146 47 2 25 55 17 98 8 60 24 170 100 137 27 164 74 140 23 190 129 72 24 2
83 84 109 117 97 15 59 158 41 121 16 81 185 19 9 77 198 37 61 41 84 13 148 56 166 176 28 48 124 40 42 115 107 71 28 42 36 42 101 194 188 194 86 179 182 136 81 112 175 161 93 30 46 70 163 149 58 15 12 67 126 40 112 139 27 111 125 8 114 154 189 94 55 109 11 37 193 30 104 137 51 13 167 48 86 155 88 106 194 155 187 74 199 17 100 94 29 122 74 76
151 165 15 71 17 82 32 7 112 66 22 96 196 184 199 152 28 41 164 69 60 78 58 127 99 195 146 172 184 70 67 199 163 187 95 18 120 76 65 57 41 140 159 196 69 159 148 122 132 134 188 87 58 8 128 23 38 195 83 137 59 13 143 133 171 167 164 155 67 150 78 48 111 45 145 158 174 16 19 28 177 100 57 132 129 146 16 140 13 130 123 125 160 20 77 89 70 114 32 14
109 20 190 104 45 174 2 115 54 117 141 199 85 55 58 153 11 111 12 174 7 150 110 149 116 176 95 33 134 44 28 58 139 120 25 33 163 186 122 57 52 101 9 80 107 147 49 89 67 38 57 21 42 172 75 132 38 24 17 45 1 59 200 48 57 137 182 141 63 142 158 23 131 187 22 51 192 195 88 187 134 142 76 50 43 116 92 6 76 194 16 134 15 158 125 104 106 13 15 146
108 170 101 9 167 145 10 182 37 74 121 197 18 159 5 51 107 109 193 135 144 185 9 110 53 128 11 176 113 187 192 119 172 107 64 66 144 42 71 175 155 156 128 5 69 67 183 38 84 3 17 127 14 26 146 157 16 186 10 96 169 99 144 185 147 79 60 124 52 129 83 197 45 182 108 112 79 140 90 120 197 176 47 40 2 122 198 76 111 192 3 142 137 44 166 13 58 12 84 184
37 98 171 64 54 163 31 110 53 53 34 32 21 43 103 16 148 68 142 165 45 22 171 11 101 153 78 66 14 27 34 138 66 52 28 59 65 28 180 22 64 120 184 89 122 47 105 120 22 168 1 55 133 178 69 193 33 144 99 140 149 131 5 124 158 8 45 1 51 83 107 151 23 48 58 178 157 120 134 149 72 136 69 12 197 87 6 75 183 176 152 24 180 172 53 89 143 59 121 70
87 155 97 100 92 169 85 185 187 1 108 111 67 66 137 52 75 143 58 141 89 194 27 128 85 197 122 23 31 23 12 132 118 159 6 138 179 145 112 155 83 157 92 74 45 189 29 166 14 151 57 24 53 176 142 32 54 148 68 88 100 55 76 99 91 92 30 74 138 59 70 90 117 77 119 19 179 92 96 192 61 129 160 89 144 140 170 43 75 96 30 102 124 170 88 120 7 124 189 35
175 104 76 12 139 151 29 48 52 156 194 141 186 75 108 124 124 121 84 53 90 167 65 91 21 186 3 124 52 168 57 118 139 12 198 91 31 65 30 153 97 98 49 123 199 162 28 47 193 109 131 89 79 167 142 188 47 67 135 195 58 74 196 55 109 182 142 33 97 6 122 129 145 148 110 77 86 18 50 42 105 158 74 146 187 119 149 20 194 198 184 117 101 161 61 146 189 103 76 129
185 170 136 22 75 170 105 112 177 176 44 9 154 44 134 100 107 152 130 144 62 158 186 24 75 77 90 22 37 109 80 30 6 121 81 56 91 109 116 100 126 43 14 83 6 166 19 89 145 71 62 128 104 200 132 138 51 168 63 155 183 183 98 58 133 107 124 68 173 59 16 65 88 175 8 54 184 115 97 181 97 76 96 173 56 94 68 102 179 48 112 13 98 136 135 155 70 144 187 102
14 173 38 4 2 148 175 27 84 138 132 130 101 18 43 31 58 118 159 78 37 96 146 169 95 133 156 177 25 72 62 102 48 87 8 177 138 96 71 168 155 18 85 15 107 124 170 103 169 143 110 158 156 64 50 82 25 155 58 139 187 149 128 196 173 182 71 67 88 10 150 119 52 81 155 168 157 145 121 12 45 166 200 166 166 188 98 87 127 111 147 185 17 48 66 16 193 111 36 126
109 136 112 125 119 67 37 146 99 65 121 104 12 113 187 181 85 184 144 147 44 122 5 28 82 152 5 190 28 184 196 190 131 20 17 183 131 60 143 155 74 161 57 10 93 181 173 148 94 23 81 162 58 73 164 108 73 18 156 196 50 136 162 93 104 128 198 187 107 198 153 8 19 156 100 131 18 194 179 122 137 164 105 127 174 173 70 30 10 44 101 59 25 86 54 167 59 120 42 141
172 101 58 63 51 46 64 179 161 154 49 180 129 172 179 96 10 1 102 24 127 13 6 48 188 62 49 74 89 47 189 132 117 183 111 53 41 79 122 113 62 71 10 30 111 183 80 200 164 40 166 74 59 41 57 63 141 113 188 134 193 41 177 73 195 75 117 139 14 113 130 78 200 131 70 156 63 161 161 111 138 70 78 38 89 26 7 84 9 1 128 120 78 57 129 86 122 145 161 104
147 99 107 81 62 28 97 178 153 145 135 45 31 151 137 125 49 153 102 20 60 163 42 180 82 162 13 156 79 70 50 183 47 171 108 20 145 104 113 67 133 32 155 134 161 70 44 137 81 177 55 32 56 36 179 140 90 82 46 89 86 188 81 79 103 3 189 79 165 161 141 92 190 52 194 17 107 135 100 22 85 98 140 4 46 39 62 109 114 96 168 189 62 175 195 198 21 69 174 122
73 60 176 6 95 167 144 87 61 194 27 191 86 81 92 13 140 68 18 172 43 11 27 103 195 102 139 99 62 23 89 88 162 120 127 87 83 20 42 147 70 39 137 26 38 174 51 193 127 138 142 168 58 92 108 181 168 84 166 104 172 182 1 78 75 149 191 89 58 87 9 78 9 13 39 129 86 189 74 168 120 61 79 15 34 74 86 86 70 197 186 31 19 153 104 86 122 29 188 161
2 171 160 197 62 186 124 41 181 16 43 161 195 140 194 37 121 48 193 168 40 174 165 104 68 123 40 20 34 200 131 135 146 47 64 8 162 187 157 136 90 58 73 143 78 191 75 58 180 149 80 37 157 52 192 31 70 22 105 15 124 197 190 148 154 61 41 81 76 106 195 122 91 166 195 133 129 21 153 52 67 51 20 116 52 52 96 14 170 175 71 37 141 1 194 163 35 28 97 44
7 84 71 142 71 17 51 198 98 33 11 177 117 111 31 79 75 148 57 42 173 47 144 61 87 94 7 145 157 55 37 17 67 24 191 2 128 133 38 104 42 68 126 57 79 143 152 129 190 63 166 146 8 60 187 194 45 74 56 143 186 195 10 81 10 133 9 38 159 144 19 111 73 6 39 145 37 99 147 64 142 31 180 187 46 50 71 77 16 18 166 1 127 94 94 16 15 86 23 107
26 131 145 60 115 128 164 102 82 53 21 121 124 47 84 147 175 102 98 8 167 85 130 58 151 186 21 51 99 123 115 74 1 20 123 124 101 98 154 37 111 138 18 104 111 61 109 145 176 168 99 80 15 29 55 7 93 12 98 182 20 179 167 7 83 95 19 134 34 91 110 114 42 192 137 94 22 54 110 134 107 94 173 150 154 75 158 12 4 151 59 12 92 64 99 141 179 97 44 175
34 189 60 17 41 166 107 127 76 77 56 148 30 28 101 27 193 90 25 43 90 91 28 23 63 101 7 23 114 100 198 96 91 47 9 117 121 61 67 32 132 156 41 97 142 131 11 140 91 19 18 38 144 111 67 37 72 53 85 16 107 140 139 176 149 2 104 154 183 67 119 61 37 19 2 170 130 183 180 43 84 185 198 156 186 152 171 118 158 146 57 176 113 57 117 165 40 69 140 116
191 112 85 131 126 94 22 188 29 35 1 58 170 63 120 22 117 24 21 184 179 11 77 200 91 118 18 145 27 128 146 106 42 10 190 84 27 170 97 66 178 55 102 74 164 118 131 125 16 192 43 182 181 8 80 156 155 148 162 123 198 148 28 58 153 199 144 51 175 149 123 163 127 196 26 9 44 153 93 56 84 102 5 75 185 14 160 181 196 115 195 2 103 4 4 93 107 110 101 41
100 193 90 123 95 11 164 168 116 56 155 47 19 20 8 186 183 177 114 24 29 125 79 35 18 41 33 130 139 141 161 176 156 132 176 69 196 37 5 135 8 192 172 26 62 121 192 27 189 78 15 168 124 102 20 37 122 158 62 116 92 18 200 50 125 48 81 175 56 156 122 34 89 164 70 179 27 87 179 195 168 31 186 140 87 99 46 162 18 131 16 73 52 52 35 117 136 168 122 155
182 86 142 73 174 73 195 189 2 156 118 92 90 177 186 58 146 87 101 94 113 188 40 53 5 1 152 105 20 82 52 21 190 63 86 192 69 107 73 86 97 198 69 156 21 14 102 84 69 125 117 20 142 175 131 179 22 140 95 180 150 103 81 144 162 54 93 15 16 132 156 25 185 90 21 29 147 139 87 31 173 79 42 61 181 1 200 163 112 153 39 177 161 158 200 54 132 199 178 166
97 167 136 110 104 139 169 176 84 175 16 36 191 22 97 60 37 165 51 42 132 9 86 99 166 198 113 99 8 34 190 33 91 48 198 122 47 118 192 161 82 108 140 92 74 104 11 174 12 131 112 180 77 19 75 195 93 99 75 47 37 131 88 83 55 3 43 44 33 40 56 126 76 124 184 193 127 89 102 152 194 177 125 118 29 66 136 193 3 99 73 27 134 104 185 197 40 133 8 149
161 96 98 195 183 87 82 89 52 183 152 167 159 48 153 45 10 141 99 78 35 145 155 117 147 79 137 106 194 190 13 68 101 42 1 32 51 3 147 58 177 158 126 95 95 25 139 184 130 181 25 47 30 148 198 73 44 170 194 50 126 4 108 36 122 8 55 60 158 35 182 117 35 138 7 59 90 23 140 36 98 86 39 76 129 28 118 108 186 80 138 188 177 122 105 97 126 200 126 49
138 173 186 88 54 41 141 48 183 70 141 141 191 139 26 26 2 199 65 87 12 85 101 110 60 68 154 178 131 96 18 78 131 76 65 141 178 77 155 8 125 19 68 116 174 134 85 18 153 159 182 62 16 142 86 69 35 156 136 180 7 132 45 161 167 186 29 27 196 105 144 119 105 92 197 158 132 122 185 101 101 43 143 167 103 180 168 184 169 164 182 70 178 65 113 73 40 155 66 1
132 129 160 17 99 63 163 171 58 84 116 200 164 199 78 7 20 23 102 172 189 164 16 66 76 64 97 159 130 42 168 198 59 128 197 23 40 168 136 4 45 27 123 83 164 138 63 171 59 33 19 128 95 170 2 155 34 191 5 100 67 155 120 155 193 22 33 169 48 7 164 44 2 19 109 27 177 54 115 71 172 28 69 183 7 142 37 149 157 185 24 53 18 69 196 171 92 100 142 171
30 166 108 6 174 57 174 73 9 196 120 152 15 184 151 71 134 60 138 59 166 199 195 123 123 169 143 94 4 4 140 18 187 26 92 44 156 131 93 123 137 166 156 92 189 158 20 4 130 66 151 2 39 38 145 182 42 74 46 196 193 106 156 43 4 174 6 65 57 190 200 54 13 169 179 177 34 31 11 178 166 61 6 102 200 109 27 138 157 59 3 151 113 2 198 196 51 31 68 85
17 79 10 186 116 159 165 99 66 54 138 154 146 66 75 45 194 156 168 95 119 139 58 4 40 112 8 49 6 26 149 84 31 1 53 16 107 56 152 73 37 142 200 22 78 169 158 129 91 138 151 16 142 66 175 136 48 149 79 10 126 183 6 185 198 123 108 7 57 55 138 134 98 76 113 146 96 170 177 1 43 121 50 158 170 116 140 60 69 194 136 108 111 72 124 200 115 37 151 90
84 97 165 110 142 151 192 53 35 53 150 129 8 81 27 48 97 188 72 86 150 146 104 189 128 175 105 36 12 86 171 177 52 193 73 25 82 72 68 41 83 81 66 199 132 47 104 200 171 103 56 68 190 36 61 143 174 7 106 160 137 25 48 67 80 26 14 47 199 56 93 74 140 142 169 54 27 124 85 40 195 39 81 100 14 48 102 54 122 55 54 122 11 30 54 4 50 93 132 110
183 101 46 180 66 3 148 148 154 126 150 109 193 180 42 115 20 199 148 144 68 9 152 31 2 165 47 4 103 54 65 128 138 96 144 69 176 57 115 49 6 125 163 163 159 181 54 61 83 134 157 174 166 66 121 130 114 170 18 42 51 10 147 126 170 50 3 145 171 119 122 89 129 42 159 50 90 80 166 52 11 51 52 191 162 98 52 136 85 119 104 107 139 113 22 20 25 166 117 48
21 71 154 38 56 32 77 44 192 179 106 5 112 99 55 49 105 107 125 48 51 31 122 69 69 158 44 20 138 156 124 43 108 19 158 46 34 16 104 79 145 103 160 41 149 190 178 130 175 180 54 185 39 49 117 11 31 5 7 35 108 3 168 26 179 15 130 166 117 116 146 138 62 39 189 57 28 137 175 148 67 150 194 99 116 110 163 15 156 59 50 172 39 102 25 106 179 147 123 100
51 153 27 166 33 161 111 69 64 145 169 91 137 191 45 179 163 120 42 14 115 160 131 163 83 180 28 101 70 10 154 112 85 25 29 87 15 115 63 89 161 52 129 104 194 119 90 3 38 80 187 171 95 6 66 150 181 102 161 15 118 18 106 63 44 179 20 87 42 63 85 7 88 84 64 117 131 152 147 83 153 141 2 141 147 30 122 51 12 161 30 147 22 175 17 148 54 172 2 17
172 104 167 179 44 169 98 46 100 157 32 137 15 161 32 47 92 193 39 195 72 9 120 184 31 171 89 105 74 124 23 28 21 76 169 198 32 95 150 76 50 159 34 110 96 93 87 164 103 121 32 36 29 151 170 38 163 145 10 52 42 184 81 54 63 149 154 17 111 59 9 114 63 142 73 116 171 123 23 173 9 58 118 162 165 130 101 110 82 137 180 57 119 109 16 133 177 70 39 184
195 36 73 189 39 147 104 146 185 146 22 194 139 156 60 188 183 13 86 72 38 87 99 125 70 59 14 108 156 166 115 4 90 130 31 181 119 30 194 109 149 49 161 60 41 172 25 14 108 110 195 88 159 181 191 126 129 169 155 99 34 167 181 96 35 15 65 138 86 115 194 157 91 30 85 24 144 169 103 163 145 61 111 156 92 26 104 54 158 112 86 107 170 193 164 148 124 66 83 60
82 159 113 153 49 109 54 23 173 168 69 165 88 32 83 141 14 110 193 165 36 150 46 36 122 5 28 166 32 70 107 67 10 11 168 79 127 169 159 142 70 125 92 38 155 77 198 43 172 120 170 99 95 67 67 93 92 53 70 150 192 77 35 83 39 107 169 81 118 72 64 164 36 93 76 89 174 57 22 152 25 31 118 11 82 91 183 17 135 164 71 28 123 31 96 24 148 63 109 87
180 29 17 34 178 4 138 166 5 166 100 65 136 25 126 188 132 15 198 41 16 92 198 58 23 171 60 197 180 165 86 151 12 68 162 121 19 3 104 187 78 165 198 12 151 29 40 26 184 196 108 126 133 41 112 84 94 15 56 63 11 135 133 34 77 91 87 64 41 148 128 193 19 29 89 2 79 172 17 102 150 22 1 115 179 149 162 180 139 185 154 34 54 198 32 156 4 94 48 130
116 19 147 180 186 4 49 139 57 17 178 50 42 128 17 195 42 106 143 180 123 56 141 15 118 42 98 179 176 92 88 37 177 145 44 167 69 176 81 143 72 165 107 93 142 180 130 149 77 125 119 166 55 34 190 65 155 65 72 66 199 20 92 177 2 4 76 102 76 144 164 151 23 28 71 144 135 160 188 117 83 192 56 14 135 104 100 82 108 134 84 21 53 92 189 188 128 24 30 112
146 157 55 116 156 161 125 155 74 128 95 28 148 140 120 147 183 18 20 198 55 55 30 146 95 140 113 131 86 95 14 142 111 187 71 175 11 122 136 2 134 56 194 187 39 181 35 181 104 64 34 150 95 133 67 2 199 30 56 112 47 127 99 197 71 151 114 196 62 58 141 119 58 175 165 174 41 185 9 161 25 121 83 165 148 24 166 101 153 89 44 93 67 86 55 31 128 64 9 61
13 165 29 79 172 197 99 148 163 139 120 194 117 46 112 156 114 118 83 13 88 42 37 9 101 68 25 148 13 68 46 21 7 32 189 153 29 136 49 70 184 171 5 170 78 168 11 104 107 3 82 92 73 113 30 35 84 161 79 169 156 134 94 162 102 4 55 124 6 89 87 121 93 23 61 126 53 57 76 1 145 139 39 119 88 148 55 83 168 76 118 113 110 155 72 69 21 28 87 76
58 124 26 194 128 79 188 146 80 156 26 134 86 96 93 168 87 13 138 197 105 199 13 114 183 22 183 198 28 110 73 166 134 101 39 59 21 171 154 93 54 83 7 184 48 152 35 83 62 141 89 192 83 10 137 92 147 104 136 132 147 133 133 132 101 121 88 86 56 161 43 190 128 44 40 67 130 146 66 51 2 21 181 20 52 170 159 111 170 84 171 181 120 117 33 87 122 89 55 82
188 51 89 48 16 178 147 176 120 16 42 169 6 111 151 65 198 51 191 52 133 200 28 60 141 113 3 53 149 64 182 129 176 179 196 109 116 153 79 167 20 11 50 105 2 29 19 86 197 64 48 125 116 35 69 55 174 41 58 3 43 3 142 188 159 77 70 172 185 166 182 147 175 18 96 168 143 3 30 138 78 98 135 2 190 111 160 162 120 183 92 41 89 160 98 152 119 39 141 23
27 12 118 100 56 160 80 197 132 13 15 166 37 153 172 75 197 13 147 135 165 176 56 119 103 144 156 147 43 75 185 108 97 174 200 88 126 155 136 7 56 157 127 127 166 148 23 163 173 34 141 14 140 149 86 157 27 151 37 184 133 158 43 40 94 183 199 50 192 71 136 89 11 77 79 10 37 93 140 8 147 136 77 188 155 114 17 76 66 172 146 170 179 197 38 139 80 127 75 137
68 195 14 195 160 40 137 166 85 93 48 99 7 55 124 54 21 17 66 147 122 84 121 116 22 97 181 101 169 91 185 46 200 84 20 36 66 135 174 152 181 107 143 74 34 113 162 11 103 84 153 115 147 35 156 64 56 143 162 156 79 120 86 145 14 44 174 31 178 87 61 113 79 11 38 18 129 31 156 78 10 105 66 109 45 4 77 36 186 151 47 69 172 58 74 67 80 198 27 180
129 187 170 90 184 132 34 109 186 193 33 2 173 166 123 95 162 145 102 23 122 158 59 22 104 12 129 183 196 35 194 123 69 133 81 100 108 118 65 130 138 64 104 162 142 189 194 13 197 156 76 168 102 187 171 48 114 71 92 17 120 55 5 22 101 116 154 51 49 34 166 46 155 48 4 46 47 124 96 147 159 161 42 67 101 58 180 6 37 21 3 7 155 84 194 82 64 156 123 189
2 24 73 91 76 122 159 83 146 195 151 192 127 97 180 117 67 170 146 179 8 123 8 199 168 106 95 148 82 117 92 36 111 74 45 195 132 25 166 116 175 138 128 66 46 161 135 167 49 140 97 120 124 106 65 124 34 9 196 13 35 87 189 155 120 99 141 54 35 182 138 147 145 32 66 140 31 150 70 71 173 2 185 140 151 78 90 47 40 49 192 98 45 39 128 46 159 114 126 128
122 18 190 100 151 13 151 28 87 164 25 119 179 124 56 69 177 24 173 178 112 97 91 108 154 20 40 96 129 14 40 147 63 78 58 25 6 22 135 169 125 86 25 37 162 141 198 97 80 68 198 125 170 113 136 41 147 195 122 65 141 173 30 74 53 3 147 4 41 151 73 59 84 53 124 139 93 45 31 46 98 196 44 125 154 83 137 66 118 137 193 117 141 38 153 38 15 128 9 144
62 189 182 194 114 26 164 199 117 134 9 124 19 81 16 131 22 16 68 62 11 14 66 162 147 36 167 44 143 33 71 155 134 62 156 24 57 195 44 153 29 70 67 138 76 114 191 160 123 17 71 95 125 96 108 13 104 63 141 127 197 189 85 48 94 94 157 159 191 153 137 142 145 49 91 87 178 102 169 86 108 169 84 75 151 160 47 191 197 98 175 145 168 37 113 3 188 20 170 133
175 62 13 126 152 33 144 172 77 132 116 85 152 194 109 30 97 110 177 199 176 145 42 183 199 63 195 68 122 40 64 192 68 173 17 38 170 151 71 150 119 190 61 25 14 62 10 134 52 107 14 176 169 23 194 179 191 55 76 115 27 91 81 61 23 92 142 174 198 164 158 191 29 192 69 114 71 15 121 55 1 119 31 37 67 69 155 169 123 128 12 72 190 101 96 12 174 48 193 73
154 59 77 155 4 74 112 27 9 59 98 40 66 22 23 22 28 115 11 142 85 162 165 142 21 195 31 195 13 148 83 103 85 65 26 14 138 40 163 32 193 96 200 63 88 106 66 159 116 164 186 142 164 82 4 123 4 150 100 99 57 58 171 177 65 79 191 150 72 189 44 141 2 105 21 57 160 183 182 43 87 147 81 53 47 187 195 20 142 130 34 187 196 9 157 29 160 83 91 119
72 197 114 182 161 184 184 7 180 179 3 94 181 16 30 171 31 142 27 106 68 155 150 154 122 39 25 18 4 150 49 53 135 174 134 13 33 60 115 37 6 52 160 196 102 145 33 76 123 51 122 30 157 167 172 59 9 163 88 168 90 82 83 167 180 114 192 154 4 35 33 75 127 49 48 123 162 13 21 126 199 59 31 150 7 38 5 144 60 72 25 75 41 134 166 90 98 73 29 161
14 61 7 62 157 113 113 88 35 61 100 118 194 155 66 116 101 103 54 155 53 30 170 192 159 84 55 184 153 173 60 21 94 174 82 80 121 177 148 29 91 106 159 29 176 130 65 72 184 18 130 67 153 1 112 167 172 91 42 147 82 6 59 71 135 36 82 15 116 63 7 129 182 68 69 110 156 126 95 33 173 142 147 152 140 185 180 20 167 110 93 119 43 5 25 39 110 34 4 5
169 46 90 150 134 161 60 2 130 85 165 97 83 120 18 74 167 74 97 157 95 119 128 184 162 144 45 95 110 11 14 163 84 43 80 129 29 189 65 150 7 7 9 144 73 36 14 168 83 180 113 28 56 149 72 64 18 188 89 90 152 18 81 40 113 96 30 119 38 109 97 159 167 99 177 89 96 7 172 161 16 67 30 117 23 84 128 118 108 187 56 169 78 70 113 96 63 189 162 188
41 151 134 200 62 100 43 151 8 73 42 150 161 69 116 61 175 65 76 65 6 188 194 87 120 59 196 196 105 34 196 182 200 133 137 95 19 93 176 11 95 170 7 152 73 26 94 151 84 30 124 34 73 122 17 126 105 65 110 142 65 169 78 83 165 145 160 146 75 65 10 146 190 95 133 175 71 193 57 22 5 3 27 15 11 47 25 5 151 156 7 120 60 169 159 136 95 90 175 117
83 5 185 137 38 66 70 199 170 159 46 69 110 10 140 7 60 27 7 28 58 192 177 51 174 173 10 139 69 66 173 191 9 66 100 190 1 118 125 72 169 55 159 103 138 19 174 76 178 119 88 119 44 93 150 178 96 192 182 109 98 37 19 129 96 85 130 51 49 122 92 49 47 139 60 81 31 8 163 142 46 199 123 157 30 174 153 17 12 13 44 199 107 112 89 55 170 175 124 15
145 9 23 56 185 66 177 113 141 25 66 59 104 56 132 94 49 82 84 169 139 33 151 151 45 138 135 94 89 142 187 94 135 158 101 169 27 178 47 169 133 137 33 101 90 39 42 12 128 145 183 159 108 143 113 75 110 175 14 35 93 177 28 88 184 48 197 173 97 27 63 64 181 18 39 6 172 130 42 25 180 45 154 171 123 130 81 199 110 30 175 170 95 1 162 35 70 116 60 149
