100 	
4	32
0	3	9	453	6	
0	9	2	151	1	
1	4	6	240	9	
1	4	8	171	8	
1	6	8	93	4	
1	7	8	194	5	
1	8	8	151	9	
0	1	3	273	7	
0	6	1	260	4	
1	8	5	197	4	
0	8	8	427	8	
0	5	5	172	4	
0	9	1	36	1	
1	3	5	249	5	
1	2	2	2	9	
1	2	6	457	9	
1	1	1	142	6	
0	3	2	132	2	
0	3	6	95	1	
0	9	3	415	9	
0	1	5	266	5	
0	7	2	35	6	
0	5	5	97	7	
1	9	5	158	5	
0	2	3	207	5	
0	4	6	107	3	
0	4	7	16	3	
1	8	2	118	9	
1	7	9	169	8	
0	8	2	318	9	
0	7	4	347	9	
1	1	3	12	8	
1	3	7	113	9	
0	8	3	46	2	
0	3	7	126	3	
0	3	3	97	3	
0	2	3	429	7	
1	4	5	171	1	
1	3	4	37	8	
0	3	9	221	5	
0	9	3	94	8	
1	5	2	135	5	
1	2	7	203	6	
1	4	4	263	2	
1	2	6	127	6	
1	9	9	190	8	
1	1	1	114	9	
1	8	7	275	4	
1	3	9	314	9	
1	2	1	226	8	
0	1	8	220	8	
0	7	6	27	8	
0	6	5	229	6	
0	3	4	17	1	
1	1	7	56	4	
0	9	8	329	8	
0	5	1	339	2	
1	1	5	150	4	
0	8	5	97	2	
1	7	7	307	5	
0	4	5	62	8	
0	1	2	12	6	
0	1	4	9	2	
0	7	4	72	1	
0	2	9	275	2	
0	3	1	370	1	
1	6	6	374	6	
0	9	7	89	8	
0	1	7	194	9	
0	4	6	421	1	
0	3	6	2	3	
1	9	1	322	5	
1	9	4	378	2	
1	3	7	33	5	
0	7	4	391	8	
1	1	6	216	7	
0	5	5	318	2	
1	8	5	334	5	
0	2	1	280	1	
0	3	5	230	4	
0	5	1	230	6	
0	6	3	396	3	
1	1	5	360	3	
0	2	7	166	7	
1	5	1	88	9	
0	9	7	176	8	
0	7	5	436	2	
1	9	4	2	6	
1	1	5	167	4	
0	5	9	434	5	
0	2	3	174	1	
1	3	4	428	2	
1	8	6	142	7	
1	8	6	236	2	
1	3	8	407	5	
0	5	6	462	9	
1	4	8	277	8	
1	3	2	368	6	
0	3	7	284	8	
1	2	6	247	6	
49 173 158 23 159 45 70 114 63 167 175 160 167 25 6 3 2 56 195 128 84 74 157 81 189 18 106 5 174 61 127 78 176 116 48 55 53 27 192 23 44 121 111 171 42 137 175 47 65 102 79 198 20 160 197 152 56 32 51 187 137 143 74 165 193 17 54 129 83 178 91 187 145 149 137 14 179 132 155 174 138 9 83 145 145 42 49 57 69 62 85 114 160 59 115 65 27 93 12 121
15 188 109 163 184 133 66 3 53 87 68 63 157 153 112 142 75 69 51 103 139 77 175 96 14 139 127 139 152 51 50 125 38 154 69 59 105 135 147 89 112 42 57 65 37 54 178 77 199 194 22 10 146 149 179 93 64 20 121 161 70 166 73 107 58 29 192 117 83 91 167 52 31 52 199 161 127 14 199 61 101 22 100 158 30 31 170 24 66 191 91 72 164 183 111 95 55 105 128 58
195 150 68 57 108 57 61 56 8 72 127 46 85 100 72 98 67 167 176 94 192 9 12 95 39 186 71 34 162 46 77 67 21 122 195 102 129 94 23 98 18 187 22 133 21 52 114 91 144 86 143 40 91 172 78 91 74 48 39 188 19 195 159 159 106 114 117 77 158 193 97 143 100 76 156 145 183 34 118 131 96 135 3 91 136 112 114 180 164 171 69 102 15 25 20 33 57 172 101 80
84 64 15 101 157 62 69 187 18 106 97 146 51 147 41 103 44 126 47 88 127 62 148 56 166 141 51 24 55 15 173 147 163 64 2 25 122 92 46 199 61 174 3 3 152 176 192 66 139 96 146 94 91 80 110 117 194 129 195 195 174 14 26 51 48 174 118 84 188 73 4 13 192 88 71 103 22 41 112 196 193 198 153 153 55 165 166 53 27 132 131 18 10 89 165 80 162 110 158 154
96 29 182 71 138 95 9 14 175 64 170 182 45 8 53 17 197 61 63 110 44 80 138 86 178 82 176 119 98 75 29 102 145 118 20 117 144 169 107 176 27 65 128 128 112 168 136 178 113 129 62 167 71 158 157 187 182 78 25 117 188 62 145 124 88 118 152 13 94 14 66 179 102 21 87 31 56 32 155 7 73 143 52 116 148 54 190 31 108 75 191 30 12 105 47 4 106 140 89 178
57 112 65 24 150 150 39 25 184 128 32 64 76 81 107 153 134 188 55 31 153 129 107 153 142 146 105 43 1 105 57 78 26 150 10 167 171 140 10 161 197 162 102 88 176 93 2 73 112 146 48 56 99 11 41 146 185 76 96 123 15 133 101 125 83 83 13 164 146 84 30 176 118 162 148 84 84 96 71 71 13 175 107 53 125 194 72 118 48 86 92 160 180 43 18 10 171 16 105 197
37 169 134 58 44 194 140 53 105 25 129 42 156 28 66 41 167 160 69 39 140 25 96 200 73 113 31 106 49 146 13 4 127 138 95 38 193 127 66 6 49 138 30 25 53 6 50 111 79 162 153 168 36 109 105 34 157 48 75 26 81 104 142 43 5 105 193 148 57 134 113 57 85 94 98 81 149 52 141 86 72 83 51 179 127 70 198 133 21 108 160 82 141 40 145 97 99 7 37 78
5 135 121 92 96 161 99 194 125 129 155 51 165 65 50 69 48 76 16 127 51 134 37 101 114 8 195 75 191 111 162 119 87 134 166 118 175 126 73 102 64 109 156 43 77 42 64 87 185 175 37 194 26 169 115 137 10 16 142 198 36 141 86 80 122 70 198 73 191 154 163 132 28 12 87 56 58 63 160 38 120 103 119 142 171 80 193 49 148 95 34 175 129 96 10 53 134 86 121 154
88 117 6 137 107 151 152 27 184 72 142 138 76 105 13 61 74 54 132 34 186 32 125 51 89 89 142 92 14 52 23 181 115 27 8 88 192 90 7 111 15 126 148 11 46 156 143 161 20 116 27 130 137 177 22 102 27 151 59 124 34 200 72 148 67 58 86 55 55 135 8 98 75 193 186 56 147 112 100 38 148 160 200 38 66 11 101 45 134 25 90 177 113 47 54 8 116 36 45 176
188 182 106 117 100 44 81 25 177 197 100 44 21 193 179 27 97 4 144 175 14 180 145 37 90 158 128 54 154 87 73 53 9 181 30 5 12 2 133 187 175 144 109 95 154 154 59 118 96 86 70 76 18 126 87 82 2 151 145 106 136 126 17 58 42 32 111 8 21 1 133 91 132 186 79 187 3 58 120 121 53 196 166 79 140 103 69 143 53 8 24 47 125 16 52 174 25 110 140 24
56 139 173 127 192 31 139 191 35 25 153 71 188 46 191 53 187 59 128 117 61 115 18 112 190 12 125 109 17 172 125 86 10 119 78 65 1 123 195 9 109 28 150 149 41 72 95 85 197 158 140 96 62 81 104 129 101 151 41 14 109 159 12 112 94 30 15 112 1 165 40 28 143 16 87 17 80 5 62 76 34 190 196 25 168 167 156 9 193 78 163 111 94 6 7 138 9 84 57 9
170 166 91 15 117 32 31 91 135 105 96 183 24 41 53 164 12 40 125 52 68 158 150 68 39 62 52 113 153 147 159 183 127 118 191 21 2 89 38 159 188 149 19 20 91 185 32 116 127 91 54 78 17 53 40 30 10 6 190 26 102 85 120 16 181 104 8 116 88 136 63 42 177 156 118 30 137 49 97 51 98 148 171 138 7 167 34 96 102 84 95 29 96 91 118 58 101 167 94 146
12 128 30 138 43 157 161 104 198 168 53 90 65 137 49 152 87 139 40 73 200 76 20 189 192 128 109 29 28 184 117 193 92 128 58 144 51 25 182 181 199 183 196 181 192 49 33 49 118 101 120 167 11 186 129 40 97 58 62 19 8 52 43 54 144 29 168 177 100 191 176 43 154 17 113 128 66 59 86 45 87 83 130 113 18 49 13 90 133 190 16 186 169 177 78 165 170 4 118 38
181 124 154 106 190 167 107 32 195 67 19 73 180 44 143 146 40 173 164 72 193 125 126 72 78 42 72 127 92 41 161 129 183 13 100 144 71 191 7 177 2 162 195 14 189 137 52 196 100 88 105 167 123 133 47 130 78 198 163 28 36 126 13 38 47 48 91 125 82 56 46 165 101 2 180 57 3 30 5 153 105 137 131 50 123 36 2 34 19 111 119 184 41 44 84 49 157 199 5 36
18 102 23 141 28 150 31 173 68 149 165 103 176 107 112 174 142 138 33 161 184 129 154 33 197 21 54 43 145 146 142 145 122 148 85 58 36 179 161 112 110 48 1 173 160 96 25 70 89 24 9 90 123 182 71 179 32 15 58 176 147 119 125 194 198 56 28 38 174 189 45 48 100 17 53 2 185 191 36 28 77 17 197 171 18 40 121 149 145 109 123 154 151 3 49 13 72 58 118 179
188 128 153 37 164 109 136 189 1 176 64 200 188 18 154 95 34 190 50 164 175 154 35 192 200 60 155 72 110 157 141 108 12 11 124 40 162 134 21 32 116 56 67 77 148 53 56 149 187 4 25 45 187 117 76 38 74 19 170 99 99 54 159 6 134 74 175 54 33 64 76 136 27 51 181 11 75 132 184 152 182 196 51 195 125 134 24 119 93 168 163 168 38 42 5 31 188 189 94 123
158 43 95 96 171 94 183 73 197 79 196 3 156 115 113 198 127 11 199 100 182 80 146 189 125 92 184 28 71 191 74 182 94 24 137 188 120 170 156 190 106 78 36 37 169 85 111 101 185 149 58 61 182 132 162 30 187 130 117 2 132 139 179 97 158 87 119 157 59 163 173 84 134 65 195 183 48 117 44 167 31 186 46 190 91 117 109 161 176 92 46 5 160 173 83 71 3 20 30 125
130 79 79 76 86 107 122 72 14 42 55 31 45 29 81 28 36 182 33 42 150 61 2 161 91 3 127 76 13 25 166 185 43 193 173 200 66 69 70 147 176 177 80 28 44 38 36 12 33 68 148 97 37 34 91 142 174 192 60 98 17 81 93 14 13 145 49 38 187 143 166 175 78 73 30 41 175 93 22 191 101 37 42 172 182 66 160 104 128 151 147 74 70 136 69 81 89 70 109 177
108 43 7 38 168 166 150 150 57 15 16 111 29 175 108 30 162 32 138 79 94 190 29 58 55 156 105 75 86 130 125 40 199 178 153 128 172 24 11 144 83 164 123 97 195 141 86 91 118 134 137 123 45 165 153 166 4 11 63 187 122 51 107 104 56 56 111 23 157 155 141 130 15 136 47 97 15 82 17 156 166 27 76 81 195 121 147 157 14 132 118 39 111 97 187 118 171 11 66 179
77 56 118 48 194 177 186 199 83 75 129 58 189 54 2 43 42 11 75 44 185 47 23 162 41 173 146 181 130 33 105 65 1 119 66 8 27 98 143 83 191 72 24 116 154 105 128 18 29 16 35 115 137 144 7 35 106 175 64 12 31 173 3 173 190 185 131 179 137 95 20 100 37 99 13 179 87 1 63 77 84 61 194 40 195 122 16 87 154 8 61 129 89 92 195 29 185 140 130 13
131 106 184 177 71 122 92 17 137 106 7 102 38 177 52 185 173 17 200 156 137 189 118 152 123 75 21 189 44 115 93 110 135 150 192 161 154 128 169 122 64 92 20 142 132 50 6 146 80 5 27 83 186 131 143 161 72 2 80 81 110 73 8 121 29 19 5 52 195 19 158 168 67 186 97 197 155 134 160 139 177 126 147 26 55 59 186 134 122 96 80 16 117 102 41 116 51 90 199 132
96 148 78 117 109 134 48 187 160 156 190 106 73 65 101 182 175 2 56 152 78 174 98 193 9 32 162 91 92 47 139 36 17 192 182 56 170 92 76 117 66 84 119 62 101 70 137 188 182 31 121 36 158 126 34 116 184 96 15 61 182 4 163 136 136 135 36 175 118 23 67 178 96 89 164 29 153 85 67 23 155 129 106 71 45 182 37 152 35 11 152 15 88 83 15 15 30 13 11 77
48 113 179 75 35 85 194 153 149 40 195 99 36 61 160 96 58 96 56 102 176 61 126 97 54 99 30 4 113 11 134 27 12 7 42 7 78 112 28 184 74 52 13 20 26 107 116 122 117 131 96 23 168 26 89 14 3 171 128 158 39 44 191 108 103 104 34 85 156 120 147 143 112 86 147 114 8 125 120 109 129 77 146 99 21 35 147 44 62 60 128 160 107 120 76 101 22 183 54 96
76 188 37 29 7 164 147 187 92 68 36 123 157 35 43 15 114 169 18 51 188 166 94 93 64 155 102 142 115 5 194 16 24 12 61 123 171 163 92 35 97 167 193 43 90 150 192 48 195 31 197 73 66 154 17 53 85 129 104 190 133 195 80 154 13 142 109 59 199 40 41 38 106 27 34 23 187 26 19 69 69 118 4 148 14 84 62 128 163 200 158 195 64 64 120 117 6 91 109 21
139 22 41 87 85 112 6 139 176 46 153 71 54 120 94 168 68 111 47 120 139 94 27 67 158 27 142 136 16 131 24 110 40 119 119 185 72 145 62 50 20 10 89 106 192 158 106 164 54 140 171 195 88 114 38 89 139 166 75 120 58 149 8 133 5 89 136 1 113 101 148 62 64 64 133 112 70 18 18 131 67 72 6 34 143 20 153 136 73 7 134 190 180 137 170 53 88 200 161 38
6 115 196 185 65 52 16 78 28 198 45 193 103 109 33 134 157 124 52 165 107 96 72 87 172 179 142 65 146 83 68 161 40 153 54 125 164 152 191 174 20 97 99 7 161 72 164 136 54 183 86 41 52 140 41 150 143 57 158 49 157 99 61 7 155 40 8 75 152 181 134 195 142 77 65 187 138 103 92 46 76 197 28 105 166 165 187 162 157 73 41 146 195 81 144 167 81 148 68 145
122 101 90 39 195 133 14 5 71 132 156 129 95 8 183 93 122 84 156 45 161 165 6 176 58 160 177 21 71 37 66 69 157 135 103 164 5 111 52 189 100 93 120 186 194 75 7 173 126 89 170 85 142 90 53 5 158 46 27 120 97 162 11 147 176 163 134 63 188 58 18 189 125 105 13 81 150 115 187 32 38 64 101 50 94 153 51 200 97 110 46 173 12 121 183 13 185 158 182 191
187 200 145 22 134 40 97 19 150 64 12 42 30 176 114 56 141 14 24 89 60 19 98 37 25 174 174 103 129 95 95 95 184 8 22 164 24 96 147 106 76 79 190 135 53 22 4 144 100 136 181 52 86 79 119 105 117 29 109 145 18 41 85 44 111 42 29 112 34 111 25 94 159 95 120 108 180 45 15 189 112 117 161 14 174 142 43 47 145 153 149 129 138 140 82 160 14 142 153 159
137 55 67 126 137 87 61 104 6 140 134 102 57 88 85 173 115 96 109 125 75 164 160 158 27 184 138 13 45 25 95 123 136 63 176 137 46 157 149 161 84 188 65 39 171 54 160 78 164 52 13 109 57 16 132 199 36 125 28 111 166 192 83 145 69 58 107 151 59 183 188 51 174 4 64 72 82 89 93 6 55 200 93 67 101 88 66 52 58 199 28 74 174 147 48 126 161 129 47 129
130 196 52 104 174 178 28 168 13 199 79 172 27 62 195 167 56 193 51 125 180 17 87 183 8 12 133 173 177 140 200 189 93 102 17 131 184 15 154 106 77 90 167 44 9 170 139 111 179 66 78 126 14 177 195 45 126 168 4 91 193 81 199 14 127 152 50 133 35 177 147 62 104 113 103 30 16 155 84 80 187 4 77 28 100 10 183 132 150 113 126 10 39 59 196 57 161 176 188 143
117 39 92 135 121 56 80 96 102 158 80 34 6 70 50 190 58 59 179 5 82 37 123 128 67 36 62 166 28 55 109 148 187 84 83 9 29 131 53 194 105 49 190 61 179 60 2 117 46 73 52 59 48 109 153 157 154 50 152 104 130 107 178 18 18 138 130 188 75 33 152 81 115 150 159 11 32 96 72 150 200 45 29 51 100 114 61 164 108 142 196 196 183 18 126 79 55 195 135 183
91 171 197 20 111 123 149 150 13 55 60 26 139 13 78 18 160 107 75 135 61 27 178 50 57 144 190 153 123 72 141 38 159 135 41 18 137 164 119 117 157 4 118 97 93 160 37 101 133 91 129 188 199 64 76 8 97 191 167 110 80 137 193 165 159 147 195 73 105 60 138 134 81 8 100 63 155 34 5 3 186 59 42 187 6 60 28 42 124 45 180 43 163 40 81 148 191 134 24 27
69 129 188 110 159 3 166 195 42 140 81 44 46 108 27 173 9 156 176 30 198 192 123 149 84 108 145 177 151 14 107 8 27 45 102 123 182 180 65 108 63 76 119 86 167 74 11 185 29 14 32 132 26 84 48 117 188 4 163 118 2 195 156 115 71 123 97 1 26 93 166 122 86 6 57 106 171 66 64 2 117 78 28 23 40 112 49 175 49 179 18 111 195 100 107 190 86 93 174 158
48 10 102 63 59 58 173 188 45 143 176 36 186 47 174 94 101 190 186 175 163 113 92 165 189 84 94 192 191 29 11 29 167 85 76 60 51 96 91 71 31 153 97 70 115 8 144 41 83 93 80 161 8 116 161 85 11 152 10 67 121 104 90 82 113 61 100 101 187 70 119 158 200 49 165 62 113 77 147 97 16 178 95 20 85 200 135 30 151 104 196 175 1 162 146 48 155 108 46 97
135 98 156 146 79 177 61 157 51 175 125 169 170 54 100 102 120 97 183 83 10 66 193 195 42 112 74 113 200 142 147 68 38 31 115 105 181 62 138 187 17 141 55 90 18 22 43 32 5 74 163 193 111 61 174 31 191 148 58 150 22 184 62 74 45 103 136 82 185 98 177 179 115 193 8 194 122 73 73 10 43 41 197 41 19 9 101 93 56 113 105 131 163 25 104 51 132 107 170 172
21 161 88 9 1 36 91 172 36 68 89 188 98 9 82 14 99 8 193 4 103 132 70 189 71 33 177 189 154 78 140 11 148 79 195 146 94 57 160 125 106 71 103 64 153 58 23 145 23 92 4 5 157 66 98 197 80 160 133 7 122 122 155 24 17 45 60 75 110 132 57 43 31 96 141 169 126 51 103 103 91 6 171 73 105 9 140 29 2 197 57 154 16 171 196 146 141 142 18 163
105 27 28 63 143 61 197 185 45 198 46 105 8 186 103 73 96 142 163 106 90 167 75 187 111 159 99 200 71 11 133 194 35 139 43 13 196 191 49 24 76 155 118 42 49 83 64 50 111 69 112 128 189 92 99 26 131 110 76 61 64 86 150 151 107 24 128 6 158 106 52 6 169 151 17 163 29 184 58 119 90 190 164 39 95 24 149 37 26 62 129 166 31 142 127 49 18 111 69 63
166 91 56 188 122 59 178 142 148 21 170 184 172 83 100 65 163 87 190 88 145 115 113 60 58 21 37 168 184 1 96 139 23 27 136 70 101 100 62 175 117 109 37 98 195 78 77 51 31 27 10 159 108 193 20 131 180 60 61 163 2 191 87 76 129 163 124 89 132 82 176 27 128 142 195 115 88 96 116 84 71 75 150 108 141 1 155 173 88 18 10 128 97 33 140 74 55 81 139 154
101 18 139 78 166 120 195 158 169 101 106 94 131 174 119 123 177 26 93 76 132 97 23 132 3 145 190 90 28 38 96 182 129 101 144 55 105 82 147 152 43 31 179 44 200 55 84 28 192 18 106 158 65 93 79 10 107 80 80 47 19 145 172 118 15 161 196 71 199 18 117 78 157 111 148 131 61 170 170 192 200 89 163 187 81 83 191 55 76 38 194 108 186 24 128 67 161 195 4 77
60 133 55 56 136 105 174 116 77 118 13 164 45 90 113 48 8 188 178 53 10 20 25 179 194 129 155 97 126 158 140 168 126 81 183 24 69 22 79 84 158 69 114 184 134 69 126 88 188 160 70 184 5 24 53 98 81 71 126 96 4 166 33 25 6 10 85 105 43 165 130 116 92 14 94 82 58 111 71 120 32 105 37 168 171 128 73 2 165 103 127 61 159 3 92 3 70 128 144 115
134 185 199 87 31 111 5 3 99 85 150 34 69 95 47 99 71 93 163 7 192 167 149 164 107 200 90 181 177 181 25 125 1 113 38 164 174 67 131 108 197 42 152 87 198 88 25 81 170 153 3 87 77 120 119 80 29 8 158 54 16 21 126 115 26 47 28 6 60 4 55 171 33 58 131 61 200 37 31 157 28 174 39 77 36 114 99 43 154 63 119 45 57 144 54 82 197 64 31 58
61 188 8 21 38 167 98 125 63 118 95 179 153 88 159 172 26 19 69 11 132 31 170 197 145 144 47 129 144 34 11 129 97 173 136 100 136 185 172 82 92 58 24 107 173 146 176 75 86 91 197 70 125 47 87 82 50 33 188 149 172 128 82 114 42 103 123 56 145 122 87 190 197 140 67 132 16 200 45 68 97 14 170 82 192 69 183 95 98 126 30 38 75 23 136 44 31 171 153 132
97 181 17 174 165 82 133 73 23 7 142 176 1 111 78 50 123 28 25 26 29 66 154 37 45 116 182 59 147 147 9 186 125 85 156 99 195 49 1 57 182 25 3 32 49 130 5 166 35 63 87 128 69 45 135 152 98 67 68 58 158 107 30 170 91 117 171 160 161 164 40 80 103 60 92 71 70 144 160 200 199 158 182 26 157 22 200 31 62 64 22 78 43 178 31 10 28 87 195 158
118 2 196 162 17 166 108 121 66 191 65 97 9 183 70 131 76 64 87 49 32 73 3 82 11 167 31 174 183 38 186 30 75 76 32 197 195 104 31 21 129 200 167 79 28 152 43 43 117 174 63 43 198 71 182 32 182 146 168 193 142 86 199 119 164 63 43 76 77 180 26 79 5 41 120 82 52 98 99 94 129 83 70 71 31 25 132 1 164 19 147 97 13 31 137 52 114 152 199 171
71 36 113 125 199 50 122 175 184 58 9 1 116 189 185 129 137 154 76 49 166 105 50 164 12 71 134 181 158 163 80 85 76 145 33 15 169 83 172 9 63 78 195 46 132 107 45 47 102 199 184 144 11 65 40 196 39 179 108 54 30 115 48 38 104 20 38 138 193 170 26 194 79 50 20 11 186 132 187 173 66 169 85 182 141 120 74 30 26 7 191 60 77 93 80 99 104 37 194 115
91 121 101 132 163 187 100 125 65 89 23 26 45 37 190 124 104 132 100 79 109 96 152 150 48 112 146 196 48 63 17 21 94 64 156 125 50 68 86 104 93 76 49 97 106 104 113 153 140 28 200 190 78 5 72 54 134 178 116 101 26 57 11 128 147 38 31 187 98 112 11 12 1 161 145 49 69 41 133 159 113 82 34 87 10 83 54 169 23 38 155 189 158 156 84 92 188 61 104 130
85 40 74 164 45 60 84 139 42 25 129 22 189 77 79 27 57 110 149 160 118 67 167 55 164 170 25 129 53 178 84 10 13 41 40 99 160 156 54 162 41 180 176 93 191 99 196 187 85 179 14 60 184 120 147 125 100 133 88 59 166 102 169 161 81 50 10 25 89 99 19 141 163 133 91 101 59 172 58 101 48 2 62 151 182 124 160 1 137 21 69 29 187 44 128 132 39 106 155 114
140 128 9 150 22 20 14 168 121 57 36 37 162 193 67 84 182 124 26 138 54 25 136 103 168 114 7 67 179 55 162 125 88 156 138 76 14 39 59 106 21 150 82 20 12 48 128 126 150 132 71 24 65 56 137 194 42 157 40 121 120 150 77 114 186 101 188 167 32 104 12 152 196 81 55 193 14 154 77 170 171 62 191 109 83 5 78 66 79 123 20 41 151 141 21 69 45 126 60 69
52 23 136 175 101 165 109 41 110 89 175 14 181 198 45 21 96 37 165 47 64 102 141 166 52 169 83 167 30 93 113 115 106 174 21 129 34 58 177 48 103 91 176 186 39 13 91 200 124 19 163 162 67 64 1 52 94 151 35 163 44 140 165 169 62 175 122 55 113 62 141 130 170 31 60 148 47 16 138 149 116 36 93 146 116 122 191 123 39 35 157 5 88 45 82 148 2 134 184 155
52 104 51 93 93 191 9 146 108 120 181 140 174 116 60 142 53 14 192 129 21 82 187 66 15 151 42 32 163 26 2 34 144 200 148 148 4 189 73 46 113 148 23 47 141 17 45 157 192 120 126 165 145 148 182 152 55 151 193 142 68 8 122 88 116 19 35 183 110 62 41 163 15 51 11 15 37 190 142 112 190 183 5 176 89 27 188 163 88 189 38 26 106 115 147 62 131 91 137 21
20 57 20 141 38 111 184 74 133 162 75 1 110 30 118 66 116 14 197 158 51 197 124 176 63 93 15 152 96 97 176 128 180 14 13 138 169 112 84 117 177 133 116 112 35 3 67 96 7 19 178 103 48 62 73 135 81 175 124 145 28 107 97 193 49 183 91 141 110 6 66 77 33 36 103 154 65 116 175 143 5 144 127 119 98 39 71 103 156 68 79 34 103 118 44 108 71 183 190 30
154 6 62 113 143 98 138 48 192 27 91 71 138 146 182 142 164 47 146 196 158 179 37 13 164 28 5 100 14 83 52 124 19 117 98 176 103 142 84 105 155 183 30 43 87 70 143 90 100 194 199 195 169 148 26 12 7 143 166 70 88 161 132 15 153 50 176 26 82 1 11 198 165 162 189 193 176 36 173 100 46 23 183 92 79 181 189 158 34 185 94 72 37 83 47 82 91 78 70 145
199 197 40 95 136 123 51 67 200 170 125 171 191 114 112 78 162 171 36 169 106 99 64 167 178 13 22 109 11 123 61 158 106 192 40 120 25 36 183 73 93 102 74 53 130 6 100 6 124 170 159 108 194 181 33 128 50 88 77 185 1 55 25 192 61 157 102 45 133 68 22 70 77 62 63 46 45 183 79 52 33 111 170 136 46 68 130 161 141 147 98 118 196 139 146 176 78 57 147 52
148 49 164 155 56 174 181 92 144 165 64 131 7 143 93 165 15 134 121 56 174 67 58 92 124 134 39 109 89 173 199 110 37 144 59 98 26 63 154 6 85 30 161 172 189 106 34 140 124 67 121 17 94 163 168 7 11 14 13 157 192 42 26 52 30 159 178 35 48 37 144 53 186 116 18 110 71 192 84 141 22 188 4 185 150 6 139 187 130 176 169 121 39 107 40 48 55 35 86 74
7 77 11 149 3 146 12 168 65 168 71 40 75 86 171 133 40 50 4 5 29 152 52 156 104 106 170 179 35 137 121 94 158 92 200 85 76 6 130 152 44 98 92 154 148 147 98 100 75 55 70 84 168 160 182 59 123 70 144 24 9 40 76 55 137 64 64 168 92 176 24 53 168 78 50 179 198 38 140 7 121 98 154 106 3 195 128 1 163 94 96 41 80 165 56 65 173 125 5 153
18 111 107 98 153 153 50 144 152 155 141 134 75 195 175 31 40 1 38 143 165 199 164 171 54 170 194 180 16 142 115 147 75 157 137 97 60 30 81 181 72 92 8 149 179 10 162 109 112 129 158 182 77 52 163 3 31 79 66 123 75 34 136 90 20 36 28 165 33 156 190 123 51 145 185 200 100 147 189 85 125 127 28 95 180 98 136 141 81 51 183 30 35 78 80 45 62 43 156 178
185 154 114 145 187 107 153 101 85 155 4 66 196 86 79 29 77 128 59 20 6 35 106 146 1 79 49 152 119 23 17 142 49 55 26 30 109 56 41 58 132 126 185 135 177 80 51 28 87 29 107 62 145 176 95 10 4 59 47 24 187 148 83 180 131 98 66 154 64 184 189 170 110 175 68 41 176 195 40 121 2 51 84 58 170 145 5 66 101 144 145 44 137 171 186 159 185 178 153 102
138 43 159 153 194 120 200 200 149 178 135 160 92 41 107 107 29 117 153 95 8 21 178 102 196 79 10 193 185 118 73 96 109 65 166 16 158 178 134 146 169 88 145 59 63 178 192 177 31 40 164 57 32 126 79 72 90 139 175 128 133 30 15 42 51 28 74 200 131 43 120 11 35 100 84 88 31 174 139 96 4 193 60 189 101 83 59 15 186 66 5 133 148 116 55 195 187 163 36 52
67 161 36 147 131 75 158 183 135 120 118 11 96 159 172 73 155 68 113 4 83 73 65 48 67 48 160 59 117 138 88 141 173 28 127 160 168 125 35 181 99 62 26 30 82 69 187 15 194 21 138 18 81 99 82 65 190 62 74 100 128 117 168 75 141 161 195 77 17 104 10 155 7 36 116 3 92 3 31 185 15 38 9 178 19 3 69 172 150 187 39 106 123 27 32 55 182 90 175 138
168 85 41 80 90 39 122 38 171 143 127 124 142 127 2 96 188 87 187 10 77 103 179 69 176 92 99 168 183 8 66 35 193 101 19 146 176 139 182 147 116 69 136 192 121 146 148 98 80 80 179 143 87 151 38 145 18 54 121 60 179 19 3 84 155 54 164 56 65 22 131 48 94 61 12 52 94 123 191 153 180 163 59 73 82 30 179 142 123 83 169 31 48 108 108 129 64 155 107 184
174 47 89 199 104 104 106 79 5 143 133 188 99 32 25 16 103 171 187 96 23 45 26 155 13 1 71 172 173 138 170 142 39 162 186 21 105 123 53 153 147 88 140 63 63 147 82 94 18 10 63 63 7 74 97 53 159 109 62 189 124 72 156 62 43 110 84 157 77 165 33 164 113 82 34 36 137 151 195 42 168 38 198 80 151 181 171 166 52 2 148 118 25 182 79 113 133 49 184 137
180 23 28 47 134 68 165 66 149 102 196 181 119 199 118 42 131 143 164 29 157 142 145 129 54 181 147 41 31 16 98 30 51 194 166 30 47 127 36 172 108 99 190 6 85 129 48 66 35 67 145 63 85 74 44 161 92 92 66 103 59 182 123 180 144 52 16 84 193 97 197 124 133 178 148 131 165 70 138 190 64 127 126 177 125 139 136 197 121 193 22 63 108 132 103 40 141 104 109 148
185 61 44 20 138 11 120 13 160 160 84 177 62 18 7 32 153 130 162 116 105 84 33 200 192 63 44 174 108 184 87 152 197 69 158 34 197 4 100 20 129 41 187 89 129 99 15 168 155 185 140 82 78 170 194 103 157 196 114 84 97 88 98 128 38 27 85 20 145 85 155 3 93 91 18 190 16 1 129 58 185 15 44 5 133 174 196 147 185 37 70 170 53 70 41 48 22 77 88 26
193 23 86 169 77 155 5 45 14 182 86 27 28 186 189 177 10 50 99 195 175 143 68 17 96 9 162 53 174 139 194 95 98 116 53 138 81 183 67 118 173 64 191 87 40 48 167 38 164 57 163 133 95 123 64 123 122 133 104 185 66 183 68 103 43 94 174 27 33 108 152 95 80 19 20 127 167 154 118 188 149 61 111 135 154 187 195 51 2 10 9 2 150 101 130 154 160 74 175 144
123 114 95 14 110 158 87 193 50 88 67 2 134 136 48 56 63 75 17 51 23 93 179 30 64 26 19 56 154 36 186 122 138 58 97 86 71 86 84 53 73 98 59 194 107 83 80 63 200 128 151 168 156 107 133 57 187 90 2 82 178 170 85 37 170 129 90 10 133 189 32 169 76 198 114 97 140 51 138 67 81 20 53 119 27 95 34 47 76 53 157 35 118 1 148 75 41 168 30 31
95 89 187 101 83 179 148 60 182 18 34 96 92 174 68 97 23 109 58 100 65 22 112 98 185 175 159 110 11 172 111 140 65 93 24 136 109 174 35 92 185 51 61 143 175 82 197 148 2 78 33 21 14 39 21 12 55 88 148 115 143 107 47 23 142 196 150 121 11 129 6 200 105 178 145 151 80 196 187 129 55 150 83 103 129 14 63 98 191 188 142 111 117 140 88 114 62 77 33 151
179 165 169 157 103 18 129 101 120 78 43 44 106 78 45 14 93 32 117 123 13 12 127 66 5 177 11 172 166 57 103 69 65 133 125 121 117 32 119 153 127 161 73 183 40 191 51 86 154 108 84 3 65 199 160 83 33 44 135 193 20 104 109 135 100 55 77 115 94 161 104 58 185 192 50 92 45 38 25 118 118 116 19 89 156 152 168 114 94 84 9 54 37 14 155 143 143 67 100 197
176 146 117 46 150 122 13 62 55 168 159 80 52 26 27 89 135 182 96 147 126 14 76 123 98 24 39 96 135 3 114 140 43 31 55 170 110 79 77 88 137 112 77 32 102 133 169 65 121 61 77 157 153 118 109 73 98 83 51 120 165 34 109 120 165 162 24 191 191 171 58 149 60 192 57 187 53 154 38 148 160 187 166 186 88 187 114 144 196 48 8 100 129 33 16 12 156 156 193 26
91 64 118 131 162 117 177 113 198 178 71 123 129 174 87 73 89 87 55 33 106 192 49 34 169 127 120 90 4 183 84 20 63 183 4 85 136 158 94 8 51 8 83 154 160 100 47 84 117 129 46 24 155 94 142 102 111 155 59 95 101 19 164 130 118 57 75 47 6 198 62 93 116 141 45 161 29 148 157 168 63 121 9 93 134 170 102 117 35 148 111 180 147 144 82 97 190 188 50 34
111 108 59 143 191 179 29 87 177 149 84 112 15 73 172 191 119 173 63 171 191 149 144 38 70 150 59 89 58 51 144 91 123 150 27 73 93 129 132 156 20 143 108 81 94 165 133 126 24 8 58 156 130 47 78 136 84 111 36 21 124 176 130 133 89 184 89 17 35 24 8 145 91 113 110 78 30 109 151 91 65 107 112 185 187 130 153 126 124 18 122 38 70 38 62 140 109 135 148 184
114 154 147 129 64 35 18 33 165 42 180 93 183 147 133 109 50 128 164 51 4 182 5 95 74 96 183 149 186 104 161 115 98 195 73 118 8 116 174 184 166 126 146 50 6 153 173 5 46 46 180 71 72 199 18 199 124 157 166 52 149 23 97 67 123 78 137 69 28 141 116 39 142 19 108 166 16 102 39 62 10 190 176 41 6 131 28 187 137 34 36 19 59 93 180 134 67 51 110 38
13 30 176 66 68 122 24 26 67 198 142 100 190 85 126 2 121 198 188 65 153 87 125 69 195 122 175 45 47 56 95 116 128 148 84 3 70 92 57 122 173 51 5 157 134 182 95 147 175 43 151 29 99 107 108 19 53 127 188 195 136 157 5 102 99 110 2 197 53 52 7 144 154 65 176 132 169 1 191 188 168 140 38 42 69 125 175 86 134 187 54 106 142 174 171 125 169 12 136 64
40 54 85 24 70 23 99 82 134 65 185 192 1 137 45 27 35 87 169 149 99 111 110 153 45 19 169 104 81 8 46 15 49 174 71 111 19 194 65 81 184 192 111 40 67 146 115 144 162 84 131 95 50 153 177 7 172 59 92 118 117 92 200 178 156 38 146 103 87 53 62 7 195 101 1 169 37 27 57 116 81 12 67 165 92 126 173 30 134 142 65 117 169 11 154 111 131 69 153 120
98 101 67 40 195 179 21 100 96 86 105 34 135 36 11 13 67 44 147 128 199 91 187 200 158 113 198 98 75 17 93 41 195 2 115 161 118 81 95 53 66 74 78 53 151 112 184 168 182 67 80 37 100 109 176 24 21 155 89 116 132 144 85 156 83 9 28 142 143 81 61 194 184 53 82 50 160 193 81 142 9 39 87 80 29 37 178 14 82 125 10 24 10 98 19 8 93 170 47 198
46 42 119 191 117 84 33 164 128 99 91 27 116 48 140 41 139 30 138 51 152 29 27 174 101 63 123 166 41 196 12 15 170 139 133 47 101 136 29 85 26 31 165 174 145 27 148 165 72 83 181 141 52 20 196 82 71 7 182 20 182 94 37 36 1 91 187 79 188 99 27 21 71 33 53 27 95 103 43 116 65 134 114 29 81 76 147 188 11 74 180 109 136 92 157 15 3 197 141 32
81 75 161 36 127 84 186 44 168 21 170 58 193 25 148 153 77 18 197 109 192 28 164 96 127 197 172 121 31 99 85 160 38 20 36 4 109 77 77 139 190 113 142 181 181 83 34 178 85 90 12 52 20 167 144 91 128 45 128 26 130 139 124 147 79 84 34 127 74 103 79 162 155 80 7 158 52 45 44 133 80 61 148 180 146 73 161 151 70 44 85 34 41 146 128 178 110 186 31 195
48 64 87 144 83 90 185 116 141 113 113 6 109 29 85 137 38 107 108 62 82 110 79 148 185 122 45 121 198 155 102 76 13 149 17 124 39 85 76 118 6 150 132 143 82 145 113 85 176 8 70 82 10 12 174 194 34 22 181 37 63 164 112 73 152 2 66 15 146 195 112 199 60 87 41 98 53 71 113 113 151 67 170 59 37 199 139 13 126 115 168 47 59 21 7 106 54 179 93 184
170 94 59 152 106 168 3 20 137 6 178 168 16 67 175 97 68 184 153 118 161 36 5 181 140 34 112 97 16 27 19 139 129 27 20 182 53 198 142 182 79 28 93 120 183 144 107 190 76 73 21 120 45 199 95 161 71 191 167 105 81 144 26 130 189 49 161 102 70 13 88 59 92 140 121 107 71 44 87 194 88 187 14 173 92 103 153 180 178 102 50 48 42 142 27 42 101 194 114 152
113 161 13 7 82 169 126 89 146 183 62 67 47 151 193 94 93 97 145 126 92 81 189 199 167 197 190 167 66 149 58 118 150 161 117 70 108 11 192 23 3 63 124 155 151 22 193 185 181 27 180 90 117 61 136 124 157 96 143 24 181 95 6 145 7 177 193 4 87 173 77 79 76 18 77 157 91 183 154 148 42 126 45 83 57 56 165 163 38 127 36 175 23 116 80 144 26 76 48 146
137 49 192 79 78 37 74 2 86 189 41 142 78 144 159 8 10 114 138 89 87 153 170 8 98 142 8 26 144 133 49 92 41 25 103 115 20 35 36 84 175 62 132 49 91 84 119 91 81 178 18 194 111 3 103 181 46 16 40 105 131 15 25 109 83 49 84 151 196 155 167 22 176 107 198 169 36 199 174 119 152 37 82 58 80 31 99 169 104 66 80 149 76 113 111 34 95 58 178 160
177 105 16 26 119 155 135 10 138 137 176 155 36 24 105 148 136 64 120 115 146 25 102 178 85 18 177 72 155 7 63 17 95 118 70 143 128 32 11 155 17 48 14 123 177 121 47 87 85 97 120 21 177 106 60 51 154 140 79 200 184 46 128 112 144 168 164 153 118 63 25 115 168 170 73 56 24 155 158 120 21 104 30 53 83 57 74 6 3 32 32 152 39 47 50 158 110 181 127 1
93 2 155 61 107 92 165 49 100 4 97 73 141 155 56 183 190 56 196 26 161 87 185 19 176 133 186 68 183 81 21 68 159 118 116 151 114 138 179 19 24 176 31 5 186 148 78 75 84 14 54 115 32 159 145 5 60 39 56 144 37 82 82 65 173 16 200 196 172 185 155 123 108 23 97 16 116 79 176 2 67 79 36 27 154 146 120 76 140 155 85 160 179 7 200 66 119 186 59 70
10 195 21 150 2 75 43 25 94 124 180 84 6 55 197 36 82 162 184 78 89 195 132 118 167 80 159 51 192 101 165 37 24 185 17 182 61 130 18 111 61 104 41 122 28 129 143 135 40 49 151 200 20 137 54 84 49 28 122 103 170 85 54 176 17 145 34 37 143 159 56 15 89 25 122 96 176 80 185 113 155 50 24 54 179 1 92 147 102 180 52 50 108 130 44 66 1 26 114 19
57 9 101 118 175 27 172 130 28 91 116 165 60 29 58 195 11 116 170 4 47 75 165 77 84 7 129 38 152 2 122 10 149 121 53 200 159 146 167 173 149 6 75 54 171 6 82 54 15 180 195 36 73 88 156 196 174 23 158 29 180 3 112 139 3 162 187 56 66 118 61 60 144 61 91 28 7 38 200 35 151 144 82 41 46 145 169 44 95 156 88 52 113 76 10 49 165 137 180 131
158 194 186 135 87 86 25 31 43 64 72 1 24 65 160 36 62 180 172 144 47 157 82 190 53 63 28 107 198 61 64 97 127 93 71 148 28 87 91 150 63 165 56 195 47 32 63 129 76 98 126 198 141 23 153 183 175 114 66 82 184 102 136 5 6 65 163 146 53 178 10 133 101 170 15 12 159 67 44 57 144 151 144 165 140 175 190 2 92 129 172 177 175 162 27 34 76 167 59 8
7 56 120 151 82 147 80 154 82 86 12 47 57 175 25 91 92 186 37 157 119 137 175 139 157 110 82 28 139 194 17 13 119 143 146 191 147 14 169 19 170 82 134 15 18 130 157 193 177 155 38 163 24 5 30 157 11 122 100 25 16 174 35 54 132 55 74 79 71 57 111 31 10 126 138 147 49 169 120 48 180 57 125 52 63 179 3 11 113 26 76 128 104 151 32 102 2 31 136 11
13 101 13 144 174 181 153 30 29 190 189 91 178 160 136 103 91 190 87 96 7 155 173 150 122 158 2 74 61 168 41 166 54 42 56 134 157 133 37 178 110 57 69 101 136 173 142 165 7 179 98 89 150 89 21 151 142 113 73 21 124 64 6 55 5 200 37 122 132 24 76 63 95 117 110 31 144 61 129 136 149 101 137 82 45 70 16 119 185 54 53 98 171 117 83 104 75 105 73 187
137 103 190 177 12 137 22 21 22 161 52 135 127 120 148 35 102 126 11 121 127 24 67 71 40 110 155 148 44 197 48 144 10 195 124 167 142 107 53 84 189 68 182 94 187 61 180 169 186 165 96 183 78 42 1 3 129 169 144 63 125 100 155 23 186 193 79 29 89 163 189 152 76 88 5 73 52 101 175 26 195 55 43 100 132 166 41 38 29 122 175 158 104 57 101 96 198 27 155 182
179 40 66 173 150 20 16 3 40 123 23 156 80 61 193 131 70 189 129 180 40 46 71 6 14 1 73 7 38 74 181 83 60 43 193 197 190 14 119 182 11 163 88 65 39 44 17 14 138 130 41 59 72 194 131 157 58 46 2 25 37 39 62 69 123 97 180 72 87 137 123 92 63 88 79 46 79 16 150 149 129 69 158 44 59 103 117 75 143 105 155 164 124 172 21 141 119 86 3 181
197 142 151 9 122 42 32 147 4 79 15 160 161 99 185 128 46 183 117 82 130 78 25 104 119 122 196 23 149 112 28 78 4 200 115 174 166 83 125 158 149 172 34 76 165 178 98 129 15 15 183 126 185 80 23 183 128 67 46 186 112 185 198 193 172 39 86 171 57 192 94 57 14 27 68 115 113 26 132 164 79 173 36 161 63 159 103 180 11 195 41 1 45 122 41 192 87 49 1 22
88 161 175 144 2 155 8 114 119 148 162 64 135 89 50 78 56 44 50 45 25 79 154 113 37 12 182 12 19 186 136 67 15 36 53 14 14 125 70 49 110 120 2 20 40 59 57 127 4 9 117 190 39 84 175 182 13 166 186 131 197 135 91 21 154 185 175 33 122 79 192 163 46 103 138 105 127 186 5 200 147 117 157 118 166 132 173 114 136 90 39 188 167 111 103 195 46 147 175 189
50 56 60 142 122 79 121 170 49 179 51 129 182 57 192 114 47 87 108 31 92 46 130 174 24 196 73 71 74 195 196 132 66 33 62 147 139 180 10 98 41 170 145 21 166 22 41 145 172 177 122 128 159 14 177 104 10 10 6 190 71 92 111 118 200 123 158 50 105 3 22 179 18 1 126 14 108 6 13 155 182 29 60 46 22 58 47 58 109 37 160 66 181 45 71 154 81 148 178 20
190 8 147 110 28 144 39 65 165 6 171 66 192 36 191 102 147 184 130 3 194 35 74 110 77 62 8 44 161 111 107 174 188 51 114 1 26 102 72 159 116 96 140 88 100 79 186 77 125 57 150 79 121 58 154 123 65 139 86 115 120 149 19 138 152 8 24 146 55 112 193 179 3 3 63 42 168 29 53 179 24 26 178 178 28 112 62 12 87 109 175 14 95 189 62 136 57 4 96 183
171 57 58 40 168 87 31 118 98 175 97 155 193 31 150 78 141 117 41 155 108 119 199 94 119 146 169 118 142 157 7 36 119 160 196 102 157 10 73 164 124 7 39 162 134 128 76 151 160 83 69 66 5 66 24 24 122 159 61 158 45 188 27 137 180 177 42 167 138 16 22 72 176 95 23 68 164 163 71 190 37 179 151 20 90 111 41 128 131 2 147 82 128 134 145 114 144 120 148 109
120 38 195 63 146 172 24 193 35 9 160 31 174 78 8 198 136 10 51 62 152 109 161 143 134 160 6 185 181 72 20 3 68 80 172 115 89 17 54 190 101 47 105 121 134 46 32 198 163 162 4 81 72 63 128 161 105 42 145 163 97 126 200 187 142 62 170 191 7 144 22 15 188 25 174 186 19 151 76 87 66 167 29 130 152 15 1 196 176 176 147 107 105 71 110 49 185 129 79 98
31 98 113 67 173 29 10 72 18 111 62 131 76 154 71 185 11 139 90 188 30 26 92 91 148 121 90 78 148 81 10 23 114 92 152 60 139 136 112 174 157 67 174 160 162 49 137 149 180 26 58 157 121 3 118 167 9 150 132 20 108 48 106 191 25 130 54 101 118 57 117 69 147 39 21 109 4 189 44 45 136 187 189 23 8 98 43 11 26 198 48 11 92 164 31 189 167 104 100 5
174 168 52 95 4 19 186 58 176 130 133 171 16 83 172 111 130 187 129 53 61 145 170 171 12 3 191 4 128 84 71 97 14 96 41 96 34 176 30 6 33 103 181 40 74 165 28 50 83 185 89 158 63 194 115 60 138 44 1 36 181 149 178 25 186 135 159 47 48 187 88 170 194 30 138 36 134 119 87 177 37 120 95 26 149 26 70 25 162 55 112 126 172 58 57 11 162 159 156 134
91 123 3 162 111 200 86 57 72 16 155 155 128 85 134 129 26 194 105 123 133 176 185 134 2 108 49 49 161 110 63 82 127 61 89 3 17 137 156 38 112 42 165 38 131 64 109 100 63 149 2 105 113 162 135 47 48 169 70 112 16 167 88 105 89 119 119 184 127 101 170 164 163 81 34 67 40 69 129 126 21 143 86 65 83 74 197 156 100 8 121 33 105 186 4 22 121 187 30 114
160 14 97 177 140 155 116 160 40 162 101 127 114 97 76 93 89 151 42 5 9 134 102 171 139 130 162 190 125 172 77 194 175 159 39 120 63 135 46 194 29 5 104 30 186 26 99 197 110 133 152 22 116 171 90 96 123 38 38 76 50 200 69 63 77 60 17 164 30 173 108 186 190 94 151 158 14 57 17 180 130 73 113 96 9 26 133 8 130 25 72 157 184 172 199 122 44 24 113 69
73 21 27 76 187 182 48 142 197 47 55 52 171 61 113 89 129 197 141 187 166 196 72 163 168 62 109 28 81 62 19 149 121 56 44 7 64 119 169 110 14 155 74 100 93 15 25 45 1 151 113 170 105 18 81 165 137 178 37 36 93 190 199 103 172 54 149 125 199 194 84 137 3 193 120 194 114 45 114 24 143 170 110 59 81 81 100 68 61 86 200 62 183 169 88 175 42 98 110 79
132 44 139 83 183 7 183 38 1 138 89 189 13 60 169 95 148 79 158 52 67 188 51 69 1 51 9 88 28 19 6 195 195 80 42 152 61 104 148 148 50 194 163 53 121 19 129 171 102 76 132 82 176 7 91 64 31 59 30 75 8 76 200 104 94 122 86 33 120 80 39 142 123 112 152 77 46 5 175 11 189 153 33 124 65 21 73 144 77 37 150 116 65 64 175 125 103 110 197 64
