30 	
0	10
1	6	2	108	8	
0	4	5	5	6	
1	1	5	85	7	
1	2	3	65	4	
0	6	6	18	6	
0	8	6	117	9	
0	9	3	121	1	
0	1	2	132	7	
1	5	1	119	9	
0	4	4	83	7	
0	1	6	42	5	
0	6	5	107	1	
0	5	7	63	7	
1	4	7	17	3	
1	9	1	71	9	
0	7	1	20	3	
0	4	8	60	6	
1	4	9	146	3	
1	8	9	138	7	
1	4	3	89	4	
1	9	8	136	1	
1	4	2	92	2	
1	8	8	124	9	
1	2	8	109	4	
0	3	8	45	5	
1	7	8	79	9	
1	4	2	89	1	
1	6	8	100	1	
0	7	9	42	8	
0	4	7	142	1	
96 104 159 7 6 116 88 175 142 141 19 50 67 133 102 19 49 36 71 31 122 166 124 84 1 159 13 51 197 21
77 76 15 10 47 123 12 161 168 38 79 199 109 122 101 54 44 112 104 180 46 182 111 9 17 12 131 141 138 24
97 106 111 92 144 87 61 32 176 53 142 97 128 141 94 74 95 10 5 129 167 82 181 5 166 139 112 20 46 53
179 108 187 180 139 126 37 54 80 4 1 103 144 99 10 18 95 165 121 149 109 44 47 172 73 45 67 31 97 5
143 74 153 11 77 4 2 154 181 33 71 82 175 43 12 136 123 95 43 103 128 192 60 30 8 118 129 60 112 183
45 171 91 58 48 178 96 85 139 12 88 89 20 8 52 118 65 109 128 124 133 33 159 69 103 71 188 152 120 199
3 108 26 114 74 6 177 181 85 58 183 49 13 79 141 136 56 107 68 144 120 175 10 120 194 193 116 162 102 157
150 188 77 125 64 174 117 148 152 52 35 2 177 147 88 78 68 185 94 101 60 173 31 87 46 19 44 87 159 171
30 82 144 20 102 186 171 113 68 91 36 123 126 56 57 108 141 66 163 32 11 141 181 74 164 122 37 48 160 78
193 107 42 66 173 157 135 39 6 138 131 194 180 133 46 59 78 62 189 44 131 33 135 123 71 146 138 192 122 31
137 17 16 95 188 54 87 6 108 126 14 3 105 148 35 31 74 68 156 185 159 33 130 95 169 42 29 135 107 31
99 12 52 134 177 27 171 110 4 58 195 32 116 138 179 46 157 111 171 16 12 20 29 51 134 25 83 199 103 148
47 53 133 37 41 107 133 195 1 31 194 94 93 193 121 45 177 158 125 184 144 57 184 138 163 102 14 29 175 97
154 25 150 121 169 84 5 122 161 112 145 14 199 49 73 146 9 64 124 33 81 101 84 41 103 106 136 155 9 88
163 183 62 37 87 82 196 80 139 93 57 39 91 142 31 137 184 165 47 103 187 156 185 139 15 71 68 68 161 47
42 61 95 182 178 129 196 89 60 102 35 175 113 105 182 149 199 200 184 139 129 168 77 149 41 81 178 36 162 58
116 87 126 185 64 164 185 73 65 73 51 59 192 147 60 193 17 154 23 193 15 117 100 177 160 79 29 28 75 102
10 68 60 63 181 5 101 42 57 19 99 175 46 106 157 69 131 32 77 62 7 173 128 74 173 148 192 197 51 175
150 75 161 173 111 119 31 169 85 112 92 84 113 104 139 39 62 93 55 124 110 127 118 118 190 13 2 175 147 34
177 106 189 124 150 200 106 90 175 59 11 47 55 41 131 48 181 146 164 28 119 139 130 197 16 127 103 85 7 68
89 45 125 95 186 77 72 23 115 191 13 112 92 89 8 157 17 84 42 123 23 187 166 62 181 194 127 47 160 186
196 197 52 94 44 135 43 158 81 5 197 48 90 117 69 13 192 183 170 69 91 106 24 143 95 45 6 163 163 121
63 7 56 105 190 184 191 2 189 121 159 26 134 77 42 53 177 176 49 186 61 62 138 43 53 134 144 164 78 66
185 198 128 200 73 128 13 45 147 23 50 68 100 117 159 65 166 32 194 169 71 98 150 36 120 37 39 186 123 45
135 98 21 92 89 167 133 194 111 134 9 119 160 109 100 111 169 32 4 183 110 28 170 148 40 171 89 71 183 149
152 151 185 20 50 82 11 96 66 113 24 28 147 11 173 43 147 185 169 51 117 141 172 35 136 25 141 64 44 4
133 78 84 38 74 3 89 173 66 117 115 161 175 189 189 8 49 43 56 171 23 60 23 16 122 46 106 178 138 173
83 156 124 81 164 158 146 16 88 68 53 168 153 127 27 2 123 12 95 94 173 104 133 167 10 83 36 183 87 134
164 83 112 72 39 187 75 24 46 191 4 62 54 83 3 57 20 150 130 51 98 128 194 45 185 199 94 63 104 35
182 9 192 111 20 198 30 163 139 192 22 55 37 133 153 3 57 165 27 91 58 84 172 35 44 9 152 103 16 195
121 67 96 175 107 126 4 185 60 78 161 7 119 119 43 61 175 35 82 48 139 24 167 74 36 99 15 67 82 64
