100 	
27	34
1	41	8	1728	9	
1	4	5	2265	3	
0	31	9	1468	8	
1	87	4	358	8	
0	99	2	2584	7	
0	84	2	159	7	
1	97	3	1346	4	
0	88	3	2434	5	
1	81	7	2137	4	
1	5	4	1725	2	
0	75	9	1289	6	
1	36	9	1877	1	
1	8	8	445	1	
1	76	4	1998	4	
0	47	9	2352	7	
0	70	9	2312	9	
1	47	5	959	1	
0	73	2	1675	6	
0	94	2	548	1	
1	77	1	2363	1	
1	82	8	1933	8	
1	68	6	1763	5	
1	74	7	2616	7	
1	13	3	477	5	
0	30	1	1193	8	
0	25	7	478	5	
1	34	9	645	3	
0	81	5	652	6	
1	84	6	448	5	
1	79	2	513	5	
0	40	5	2286	3	
1	92	2	2428	6	
1	38	9	260	5	
0	29	1	2549	6	
1	22	7	2543	8	
1	66	9	467	5	
0	59	7	383	1	
1	45	1	1656	1	
0	90	4	1386	9	
0	11	4	119	4	
1	43	6	2467	5	
0	44	1	739	9	
1	50	5	405	9	
1	35	8	1435	4	
1	47	7	2578	3	
1	24	2	884	9	
1	42	5	2164	6	
1	43	1	328	6	
1	27	5	852	3	
0	94	2	2500	3	
0	58	7	2222	6	
0	44	3	907	4	
1	60	4	1079	5	
0	37	6	1961	3	
0	54	6	1798	8	
1	36	3	1556	1	
1	5	6	2303	8	
0	80	2	2545	8	
1	95	9	292	8	
1	13	2	2120	5	
0	55	1	1416	8	
1	56	8	2022	7	
1	80	4	905	8	
0	27	6	1697	6	
1	48	5	1531	1	
1	27	9	510	5	
1	64	9	1667	2	
1	72	5	2635	2	
1	96	2	117	2	
0	17	2	2125	9	
0	20	4	563	8	
0	15	1	1036	6	
0	84	6	942	5	
0	73	2	539	8	
0	71	9	730	8	
1	44	6	510	2	
0	8	6	1609	9	
0	74	8	938	9	
0	44	3	1102	2	
0	60	5	1621	7	
1	95	8	1349	2	
0	96	5	2334	3	
1	43	9	1750	9	
1	69	1	501	7	
1	2	4	14	7	
1	96	5	1484	2	
1	21	7	2035	5	
0	27	9	758	3	
0	88	3	931	8	
0	74	4	1805	9	
1	46	4	1060	7	
1	63	2	2576	8	
0	4	3	2217	6	
1	1	8	1009	4	
0	21	5	1709	3	
0	59	1	2424	9	
0	66	4	2479	8	
1	82	6	1101	6	
0	83	7	2358	5	
0	9	8	1454	2	
13 105 159 71 75 154 117 139 65 19 7 177 126 167 90 96 126 111 148 62 16 87 121 42 74 62 188 79 64 119 152 21 172 89 57 118 149 155 149 140 16 8 177 170 102 63 130 75 53 14 180 99 73 75 152 36 182 136 192 2 81 148 13 76 29 190 161 110 33 11 150 30 167 195 24 134 137 161 3 128 28 93 187 182 200 82 71 114 79 24 34 163 51 180 150 121 69 48 145 49
89 49 105 157 126 117 105 6 126 98 40 187 44 179 148 196 72 192 169 67 32 60 144 87 139 20 128 182 67 28 44 138 114 17 4 42 5 104 193 114 197 98 42 150 94 95 31 123 79 72 195 163 84 164 151 117 186 68 21 105 115 177 38 75 145 93 60 66 73 143 102 3 125 142 23 112 144 157 11 65 13 51 168 89 97 106 31 22 111 158 147 22 48 103 173 11 171 33 66 144
157 1 87 2 107 131 102 136 29 85 30 52 158 48 126 193 160 12 66 143 19 97 81 175 18 10 22 178 47 12 109 149 100 1 1 37 6 85 104 32 186 18 185 169 161 165 136 29 36 50 63 197 155 56 171 50 89 21 38 196 197 108 88 52 115 9 127 52 39 106 1 78 138 73 156 151 73 161 120 97 168 166 63 35 18 60 38 79 197 176 95 32 159 65 86 121 5 66 53 109
124 121 110 131 192 45 79 33 147 120 72 60 196 172 144 126 200 15 134 106 89 14 116 70 160 41 144 44 163 155 45 134 115 118 87 167 89 9 130 22 102 168 162 108 63 152 74 17 31 57 90 179 13 178 177 5 180 56 113 130 7 23 78 50 102 119 20 124 187 171 108 125 145 86 167 114 183 14 4 22 132 108 91 103 44 139 99 12 15 58 57 174 160 77 183 150 183 154 171 115
68 179 130 119 162 53 141 64 135 138 160 83 68 159 144 85 9 76 170 37 76 43 90 78 17 159 7 67 23 167 16 10 182 157 24 90 107 67 2 112 182 38 195 94 175 48 45 116 76 101 57 66 130 65 42 130 63 150 71 100 12 120 100 190 85 159 176 24 199 22 132 107 163 85 8 193 19 118 102 84 17 53 129 33 57 76 147 42 43 130 100 11 97 3 51 57 18 116 55 41
104 122 90 17 89 53 60 122 85 2 173 166 115 200 143 52 145 42 17 164 21 24 190 75 155 200 15 114 91 153 10 181 36 2 87 160 16 86 45 145 112 100 171 43 110 123 183 83 35 107 167 160 17 24 170 131 117 86 16 16 115 88 27 74 54 71 144 4 193 4 164 155 118 51 94 85 18 176 167 43 109 77 19 119 186 36 114 19 109 119 122 122 80 23 73 112 31 147 109 93
100 192 174 149 159 179 184 66 79 181 29 118 108 113 159 25 7 190 177 50 73 26 145 78 115 113 126 190 117 78 32 131 48 188 133 40 41 191 188 50 162 141 162 174 84 10 179 145 195 72 166 38 99 200 194 27 9 65 21 190 57 147 128 34 76 182 100 180 146 75 147 187 194 136 24 48 193 200 35 3 188 91 88 76 191 34 171 142 175 49 145 82 2 155 173 115 46 52 132 129
2 187 71 133 194 52 175 140 80 143 42 137 184 35 89 75 192 193 59 33 68 173 149 156 187 52 15 49 69 66 135 77 140 118 76 132 34 52 53 39 58 176 148 111 13 175 149 70 108 147 146 21 19 48 82 38 92 10 125 170 76 45 126 54 73 35 160 30 67 165 18 59 21 192 157 134 149 99 140 137 153 131 110 182 189 88 2 187 5 6 48 152 191 168 27 189 49 184 102 5
195 161 51 174 164 70 32 132 132 126 160 192 31 55 103 140 164 20 105 114 72 108 154 182 155 87 85 118 26 88 118 18 185 11 53 200 61 186 101 7 175 164 110 10 144 13 61 140 81 117 152 199 148 183 116 69 181 95 45 105 14 176 58 190 107 106 124 34 40 8 101 109 125 116 42 82 123 176 200 156 15 68 33 56 112 118 191 46 47 183 190 68 56 100 136 176 63 63 102 152
134 131 12 149 5 79 163 89 87 172 139 195 2 199 23 56 19 7 165 22 159 98 42 93 95 88 118 20 54 146 48 171 14 157 90 170 93 98 33 66 78 191 24 113 2 48 3 164 70 112 72 147 41 95 73 103 49 113 200 141 94 33 142 81 4 76 132 31 168 111 101 104 50 48 183 151 196 103 105 76 11 110 15 173 39 31 167 190 115 112 163 62 86 109 4 150 108 113 176 65
5 8 64 196 161 12 65 101 83 67 154 182 100 56 119 190 3 24 164 166 24 172 128 182 113 33 176 169 157 103 44 50 160 38 190 197 161 14 179 174 184 64 162 97 32 183 180 182 52 196 150 12 199 24 124 88 85 30 48 81 21 171 101 116 171 86 190 34 95 144 164 123 19 126 46 49 49 10 170 158 121 14 60 135 160 57 191 113 6 157 26 9 171 24 109 102 24 108 189 116
69 32 1 184 56 54 51 100 94 76 103 176 148 160 63 153 99 5 79 37 102 140 9 55 112 71 99 21 119 88 19 16 200 164 79 168 126 151 41 161 195 124 150 6 176 74 117 174 84 129 114 19 124 61 60 194 78 141 59 148 125 176 116 52 117 86 176 83 114 154 198 122 179 154 58 146 124 45 72 27 149 24 136 1 72 20 79 147 167 197 148 64 173 28 189 46 96 161 186 150
186 102 173 171 73 26 13 45 18 44 106 66 197 126 178 156 127 27 171 22 55 171 177 135 43 68 142 87 53 140 39 88 174 124 152 67 192 33 103 142 24 81 158 74 167 105 63 101 29 106 194 166 196 169 71 100 5 140 99 52 22 14 140 55 155 193 98 107 134 54 66 152 92 1 194 94 121 158 12 84 23 110 12 2 189 171 194 180 162 151 83 136 196 10 160 142 115 55 179 164
119 97 162 147 193 85 173 25 100 100 176 67 183 188 58 83 14 169 69 11 17 53 71 9 111 58 75 37 194 186 10 124 95 180 181 126 169 27 129 89 181 31 85 8 126 24 27 105 90 138 185 143 61 77 167 60 69 40 2 51 157 70 155 87 44 198 16 102 200 89 106 160 152 1 57 83 106 112 91 52 20 150 154 195 129 187 155 11 120 185 101 104 138 10 1 56 128 187 165 153
3 58 110 39 59 149 126 108 132 189 52 56 40 130 30 80 37 165 131 70 18 128 150 165 139 47 77 85 103 74 133 160 81 137 3 80 172 158 187 131 194 75 130 87 86 44 76 135 197 15 186 196 178 22 139 63 19 137 187 33 6 75 192 153 57 150 119 63 169 189 193 29 92 102 149 82 189 191 174 156 141 15 45 20 28 62 12 101 59 162 21 151 30 77 135 186 99 173 119 187
40 52 180 94 65 184 16 132 26 119 135 20 186 65 195 14 194 100 7 136 147 177 13 97 76 81 73 117 143 70 106 136 40 130 116 34 89 178 111 143 39 173 86 136 67 40 76 91 196 23 103 88 195 61 7 184 170 27 60 188 104 70 192 167 181 104 148 93 107 57 12 93 88 21 122 64 155 68 127 159 58 194 130 99 139 48 46 110 152 195 161 63 162 109 17 8 185 79 163 82
78 65 156 57 133 132 78 161 32 166 80 199 32 72 97 176 51 118 65 49 88 128 3 149 6 115 143 81 10 174 75 93 91 141 17 3 53 185 27 139 104 10 114 96 106 27 56 21 166 94 93 66 65 161 127 128 81 113 116 195 44 27 168 171 141 26 67 100 88 82 6 34 29 152 22 5 163 128 104 121 146 98 150 31 139 78 111 157 140 92 49 25 140 172 180 177 32 38 42 119
117 46 126 132 69 63 144 124 79 36 99 187 193 36 165 66 56 134 39 7 86 55 47 88 2 39 54 63 80 79 79 164 162 136 198 27 75 109 20 29 48 126 56 96 38 145 197 159 128 122 44 43 7 34 140 184 23 62 161 8 13 90 5 13 84 167 92 169 114 190 113 138 46 39 176 16 166 5 48 150 108 165 8 184 133 76 25 133 200 57 176 26 156 153 23 185 180 130 110 158
91 124 33 184 90 138 46 187 144 66 96 54 84 114 75 92 117 190 33 81 125 178 142 90 148 67 122 136 54 55 65 99 153 76 93 155 84 143 192 165 75 39 198 81 154 109 13 20 140 159 19 134 54 199 158 26 12 111 186 63 76 4 15 7 68 11 99 7 157 8 157 150 182 3 23 185 173 159 70 113 124 175 148 193 195 73 67 25 116 15 192 29 149 92 103 188 123 5 181 184
179 47 70 64 6 140 104 21 160 67 170 178 152 95 151 122 4 135 176 137 40 64 196 79 136 174 33 141 109 172 55 78 118 121 32 57 33 67 11 155 51 52 148 60 129 173 28 135 182 123 160 90 173 75 67 93 148 27 154 103 100 11 96 65 54 76 3 191 197 147 92 45 58 52 38 81 134 23 33 199 156 37 26 13 122 100 86 134 173 185 82 183 176 31 158 5 76 40 114 81
6 149 99 60 74 88 175 195 75 113 48 188 118 6 148 22 99 61 8 115 107 53 17 17 114 139 91 24 54 110 145 34 15 110 82 170 112 163 35 141 99 198 191 30 56 112 192 44 180 52 113 199 82 158 69 154 114 71 181 186 186 161 102 126 5 122 32 132 105 60 114 29 104 198 93 22 154 30 31 112 145 125 55 156 166 6 131 7 140 110 30 194 36 100 64 120 25 49 6 196
171 142 94 179 44 109 110 187 70 50 180 16 172 38 27 194 164 116 171 121 20 80 76 102 93 41 45 104 32 112 89 6 99 22 83 118 47 34 181 40 50 59 133 172 107 103 102 3 94 16 151 63 124 24 141 103 193 117 112 148 39 27 131 112 165 171 46 184 89 200 64 117 95 92 108 167 56 4 69 80 103 151 2 54 82 172 142 93 25 172 79 10 40 46 54 9 16 65 8 161
106 183 58 168 133 117 57 74 43 72 38 193 3 166 179 73 34 55 163 38 84 130 171 111 151 121 153 45 87 65 152 10 74 118 97 78 112 137 143 6 67 51 89 15 129 186 200 146 149 7 5 70 172 102 190 24 98 1 133 58 172 9 13 52 191 100 104 194 159 121 15 108 106 174 194 167 166 26 21 198 129 141 23 50 3 194 4 170 171 13 114 123 32 76 98 78 25 143 119 41
71 167 161 10 154 32 26 90 153 33 54 181 140 28 101 163 75 192 68 188 141 188 65 161 87 10 114 78 198 162 174 159 78 31 23 122 140 127 131 139 33 44 198 30 67 168 7 157 6 90 103 123 118 154 90 126 65 81 127 55 90 148 33 71 13 37 194 198 86 131 87 82 179 39 35 43 113 123 128 13 116 92 8 84 91 56 22 92 80 40 82 155 85 55 135 195 28 78 5 182
142 99 182 43 67 109 96 145 109 79 35 110 99 60 46 154 41 91 24 17 98 146 61 158 114 82 143 15 176 131 183 189 157 78 115 59 199 28 22 5 160 36 125 40 39 186 26 184 18 184 106 87 13 31 73 22 22 67 153 155 106 79 183 197 125 25 117 47 38 160 33 154 127 43 186 89 109 199 3 193 198 198 144 28 87 21 185 150 37 19 5 15 88 194 142 45 112 112 122 23
36 81 119 191 80 164 49 79 193 164 6 156 140 139 93 118 189 63 79 171 176 186 199 142 23 57 14 91 90 155 20 72 11 128 195 106 49 112 98 172 52 148 174 135 163 46 135 68 30 176 82 191 7 17 81 172 18 160 173 15 162 21 1 36 199 110 114 92 180 13 91 117 131 21 110 66 183 14 199 135 150 177 49 121 133 111 131 96 186 14 21 144 174 69 156 24 121 12 52 60
4 151 146 125 89 98 99 136 76 7 192 4 140 152 77 20 57 33 142 109 90 56 156 49 54 133 77 59 49 163 14 173 18 168 185 191 186 116 8 128 61 147 16 118 96 137 166 178 115 79 176 156 82 43 55 178 127 116 132 89 45 160 78 184 167 36 47 151 196 58 170 14 112 186 183 141 199 198 33 152 117 176 45 114 40 133 113 54 13 65 194 5 35 60 92 25 195 81 145 50
97 187 158 183 148 130 180 151 86 116 94 102 22 172 140 29 10 61 23 127 57 58 114 21 130 85 200 70 111 161 69 1 17 41 146 92 19 47 175 172 85 23 158 16 113 188 118 193 97 20 76 180 5 104 15 119 127 84 142 98 105 20 114 128 113 117 136 83 101 97 21 65 166 104 98 16 154 187 13 145 169 74 121 58 49 42 27 74 177 74 121 66 147 76 119 185 127 148 24 192
150 49 150 172 129 126 69 22 68 162 101 54 57 199 17 81 52 154 127 80 71 22 128 117 38 178 64 108 91 6 114 61 88 198 154 152 16 184 33 63 66 89 118 62 26 37 112 113 56 114 103 109 178 200 180 111 91 30 85 64 190 64 107 161 133 178 12 47 163 170 168 145 142 37 120 79 38 143 171 20 168 13 94 99 149 5 146 184 38 169 24 36 109 183 6 65 84 55 169 112
144 106 157 124 103 137 193 147 191 164 13 4 108 146 19 133 152 195 9 58 83 15 184 99 142 95 8 104 76 156 141 16 124 177 20 65 164 159 39 27 123 136 112 87 58 2 79 14 41 32 124 46 199 73 63 113 165 68 147 113 31 51 48 157 16 182 82 178 78 35 199 75 70 155 184 147 19 197 24 137 178 12 147 65 175 146 61 5 7 9 164 19 34 154 187 180 119 143 18 32
109 109 152 44 108 22 47 21 109 147 103 186 101 98 100 96 181 187 159 134 145 80 166 25 81 53 122 132 170 184 18 94 19 72 150 132 41 175 61 139 147 23 66 199 119 200 104 125 155 86 154 16 156 69 60 186 81 5 21 130 150 18 50 197 115 47 80 194 120 6 176 95 137 5 17 41 161 160 44 162 151 118 171 164 2 155 22 84 72 162 132 192 124 95 124 60 24 43 107 160
143 104 108 192 88 107 185 193 105 51 144 54 155 56 198 118 76 76 183 125 96 69 110 37 104 95 91 153 112 155 193 40 19 63 91 118 196 54 1 103 27 97 101 109 60 2 168 198 137 28 11 64 38 143 164 92 168 55 54 123 88 43 20 97 175 72 119 140 135 33 120 33 138 149 147 66 127 104 56 137 105 79 62 8 21 52 171 111 140 98 166 97 188 118 45 29 71 170 99 159
111 174 171 31 103 171 161 66 194 149 45 73 60 87 24 168 138 31 198 3 33 138 45 186 135 116 75 87 174 58 78 16 153 54 44 9 131 103 114 42 140 25 68 46 175 133 123 169 3 174 83 148 123 120 1 150 88 164 57 103 92 64 44 44 31 93 51 161 39 81 12 199 183 147 12 126 85 87 54 71 16 103 195 156 136 105 152 175 119 191 136 200 8 170 115 180 167 57 114 14
114 3 137 167 19 4 17 39 141 30 169 166 102 170 69 167 95 1 19 54 137 6 10 137 156 156 144 143 168 188 89 114 172 132 55 99 6 88 15 119 192 35 161 92 168 93 105 136 67 198 132 165 143 150 145 39 56 57 136 179 187 104 60 132 68 110 99 136 17 58 170 57 42 193 113 3 41 17 2 144 182 15 65 38 29 67 24 104 77 185 7 44 114 127 90 180 69 183 166 183
149 170 130 80 33 73 169 54 199 95 106 143 54 127 159 96 104 1 39 128 30 151 135 132 14 139 97 57 82 125 18 178 193 182 165 73 169 146 20 137 153 80 57 55 90 101 105 74 37 195 91 20 162 179 149 114 45 64 79 142 183 97 18 147 98 159 8 195 30 151 80 174 137 91 179 29 97 95 70 108 86 36 7 124 48 126 23 159 117 102 153 3 43 53 27 164 120 27 104 132
86 170 115 187 127 78 98 129 50 187 185 188 174 3 11 82 15 108 32 115 74 104 101 200 64 45 103 179 59 177 200 90 167 146 25 188 63 39 135 170 112 164 11 44 120 170 13 44 121 86 196 142 29 76 79 184 182 190 128 144 95 102 95 165 185 26 151 151 50 36 181 127 163 7 97 141 102 189 66 71 189 125 13 60 137 8 117 99 155 183 109 89 190 144 120 80 22 199 130 4
47 148 122 132 109 76 142 133 84 120 122 182 47 188 196 76 11 181 170 86 157 121 131 16 154 45 55 104 49 137 113 195 191 65 51 183 77 126 162 57 178 93 45 181 71 26 166 172 121 47 4 106 187 139 61 42 42 4 21 191 71 71 185 43 25 34 138 134 20 134 173 190 27 127 95 114 100 161 6 63 189 190 41 64 111 139 42 9 170 7 145 170 179 188 196 172 135 107 119 174
135 23 164 93 140 40 140 133 178 119 179 54 147 53 160 92 28 168 68 149 82 43 168 155 164 188 162 86 114 139 108 18 27 84 94 161 26 37 193 72 78 19 167 32 18 107 86 55 53 136 38 117 122 26 40 43 129 143 126 124 56 2 134 82 178 196 64 164 200 58 55 71 187 9 88 60 104 118 142 131 113 40 57 171 92 140 7 193 139 97 66 73 64 198 129 25 36 56 131 25
67 77 144 30 42 44 66 64 85 2 144 28 9 37 101 88 55 108 105 60 39 45 90 49 142 47 36 72 121 185 149 46 160 172 76 102 124 139 53 49 76 181 36 199 24 107 70 139 73 106 113 76 176 167 79 8 161 89 47 131 98 7 180 138 47 169 76 129 96 81 83 128 26 82 127 88 135 23 198 66 52 107 199 82 7 31 80 198 170 200 54 100 179 117 35 83 54 116 66 150
162 139 89 50 30 81 105 99 44 47 192 41 158 191 92 131 41 186 14 16 153 52 39 165 110 181 145 13 21 79 160 21 173 71 83 16 56 82 163 122 45 31 179 133 85 120 163 95 146 196 176 22 128 112 44 74 37 8 124 80 11 146 15 77 10 140 166 192 160 21 30 191 156 119 150 64 197 190 154 159 59 63 137 178 37 105 98 12 81 118 99 68 22 20 151 72 193 65 186 78
140 95 101 86 161 53 115 133 147 27 85 190 128 79 113 34 35 105 184 77 50 175 77 147 2 48 99 144 110 119 84 109 139 76 1 110 91 86 57 10 49 12 33 75 130 166 194 58 197 111 200 102 65 41 51 140 163 47 32 182 123 128 151 130 51 55 160 124 137 152 143 110 102 57 140 199 120 68 76 162 120 108 177 5 155 100 59 178 76 11 17 18 106 27 179 159 191 112 96 82
60 109 55 22 117 114 50 43 156 59 7 6 47 81 149 17 40 42 159 167 78 153 92 107 144 170 164 53 30 149 89 176 87 160 14 25 161 18 122 143 146 59 199 178 20 77 125 90 181 60 42 57 187 15 188 116 101 193 171 150 27 14 18 44 102 28 16 87 183 194 25 154 153 160 27 81 105 6 186 168 23 57 152 181 162 42 79 24 74 3 179 176 106 41 97 73 53 5 169 169
192 192 125 152 56 37 26 188 42 42 72 173 94 131 186 79 12 163 64 90 140 98 67 77 123 9 192 88 55 70 193 146 81 154 132 194 103 174 132 118 27 102 173 61 63 122 179 38 195 157 80 13 106 34 152 99 155 32 162 139 156 120 96 108 38 81 25 144 103 53 178 79 155 23 134 79 168 93 149 144 159 188 64 123 93 26 13 105 87 55 49 24 193 166 72 148 141 172 153 174
92 25 77 175 17 176 145 28 32 111 79 168 6 35 168 148 57 175 181 53 60 146 17 94 23 114 88 17 125 55 16 190 84 12 191 33 143 5 86 145 91 100 54 18 179 55 124 172 151 194 45 7 36 22 54 27 101 55 185 184 49 31 29 149 95 7 68 175 43 33 148 98 46 174 123 75 3 120 84 10 168 42 39 106 63 106 104 169 36 34 172 199 6 109 128 176 140 120 138 42
15 95 121 9 88 195 105 199 136 16 61 178 73 63 105 46 139 126 191 90 159 89 170 34 22 78 160 12 76 187 4 177 129 47 25 168 135 167 70 57 33 51 59 82 23 158 98 96 146 40 174 169 81 43 124 143 97 73 50 28 140 21 49 30 173 42 66 95 92 133 118 176 179 186 88 169 130 137 111 75 23 143 140 98 116 81 33 6 48 20 172 60 56 13 42 31 113 79 47 98
16 110 12 166 160 90 90 134 125 53 144 157 134 89 78 116 133 160 64 111 37 56 169 199 172 177 64 139 195 100 101 190 4 179 74 47 15 8 139 112 69 63 181 24 162 9 59 189 133 46 1 152 141 92 189 67 171 89 91 193 40 186 44 180 9 10 153 132 103 92 160 168 8 11 107 87 27 49 148 133 86 124 77 20 70 186 193 104 191 147 164 156 123 105 108 16 56 131 173 51
116 32 102 172 134 194 93 173 33 69 193 119 143 46 43 164 76 60 116 11 100 70 73 111 70 119 195 140 159 57 80 171 35 9 181 59 148 112 52 193 57 200 73 50 24 47 18 139 152 112 73 93 162 86 148 48 16 75 163 123 191 183 96 194 137 41 22 40 95 70 166 167 143 104 76 148 61 179 17 31 198 178 167 22 125 116 162 180 71 97 106 146 110 98 156 165 69 93 117 112
103 138 82 128 92 197 174 156 168 41 29 63 61 17 6 118 108 181 92 103 104 152 106 188 200 107 13 76 154 92 82 91 21 91 88 197 100 2 111 196 51 172 183 91 190 57 27 159 121 38 121 122 114 50 181 30 188 41 61 108 172 164 75 152 118 166 27 152 114 38 170 9 73 178 146 197 6 87 158 157 65 17 48 181 166 185 68 146 142 62 122 1 156 174 24 16 27 19 170 141
69 100 64 55 199 91 177 199 89 20 192 123 91 12 41 179 103 151 41 82 97 118 193 110 133 116 47 89 5 92 195 125 78 172 143 195 64 64 19 168 198 198 134 103 163 199 120 71 125 194 79 147 19 33 97 179 91 162 167 200 29 76 49 135 105 145 4 185 124 152 73 41 157 121 180 161 186 103 180 198 77 79 114 129 8 25 80 173 189 188 105 113 107 25 34 60 100 143 137 55
139 107 138 82 187 183 87 141 154 14 177 4 65 53 48 13 64 55 66 84 94 62 39 85 144 131 36 87 136 137 172 162 190 116 46 2 53 104 186 77 16 79 198 133 159 170 155 54 7 65 183 52 24 91 119 23 74 21 197 110 17 116 22 39 99 186 159 74 84 165 102 150 125 191 137 159 175 121 81 132 122 127 80 69 108 133 66 55 17 198 47 198 71 25 126 163 148 151 104 69
71 19 95 186 89 161 126 96 166 144 77 136 177 99 151 67 160 173 174 158 5 68 23 165 22 141 178 86 194 176 56 200 81 87 69 2 102 181 196 173 190 39 60 148 5 59 193 184 121 146 76 76 136 168 166 8 147 127 75 192 77 42 175 88 195 200 91 45 43 23 4 47 167 95 70 14 91 178 178 40 193 68 21 56 162 196 37 171 55 22 132 172 108 137 109 141 52 176 165 41
56 155 101 73 64 28 22 87 136 141 105 183 66 139 19 151 51 111 91 67 18 195 113 107 189 5 18 121 26 69 73 89 154 5 41 107 138 47 86 197 84 26 39 192 134 64 135 149 194 63 125 114 63 74 87 130 40 184 90 171 13 157 86 135 118 118 45 81 50 40 19 93 61 162 167 55 11 98 192 7 8 138 169 41 176 83 187 110 164 32 60 113 8 144 176 152 29 74 162 4
66 73 65 142 132 153 71 47 192 114 67 150 106 29 15 173 159 111 142 169 107 106 127 6 153 128 13 185 184 105 90 158 115 180 35 77 190 69 75 188 118 148 182 161 156 186 39 70 125 53 126 120 36 103 66 86 86 153 194 119 70 124 152 59 89 186 82 78 133 82 188 138 89 122 15 32 153 103 139 151 141 188 24 83 58 50 22 55 101 112 166 171 199 48 181 83 188 39 188 192
99 67 123 161 126 80 199 118 77 109 50 27 171 10 154 94 169 193 12 70 123 200 136 184 153 94 108 119 89 69 180 163 28 20 34 106 129 68 34 161 152 118 14 99 53 39 30 109 82 160 33 146 197 170 180 57 52 140 59 95 121 122 193 61 117 155 119 84 46 77 47 157 33 160 147 22 111 11 200 78 34 101 200 85 29 85 4 30 109 198 86 144 128 184 166 108 194 13 31 76
23 144 82 147 43 131 101 142 147 13 42 25 129 165 30 36 11 79 92 90 174 113 25 26 44 9 108 121 16 83 73 73 72 36 195 175 97 174 29 186 82 93 192 196 182 103 118 42 130 41 28 141 19 122 174 78 72 144 150 161 141 68 3 121 17 77 148 40 159 154 129 155 11 104 3 136 91 163 102 150 157 83 12 180 130 121 119 85 47 146 95 73 110 196 126 79 187 163 20 5
138 67 25 63 116 155 138 43 9 123 93 103 6 183 31 61 134 6 181 28 85 81 119 178 192 51 34 176 188 170 138 161 97 152 93 123 15 93 181 167 70 78 193 14 87 76 174 126 58 77 34 176 112 4 156 130 51 98 137 104 59 160 21 54 61 139 120 117 193 12 184 58 128 71 92 19 16 28 158 158 18 20 50 146 3 169 102 171 71 87 152 137 80 31 23 163 157 119 137 2
149 178 54 177 136 195 46 47 199 139 60 25 103 9 95 9 82 114 189 22 125 135 194 23 77 9 187 83 146 159 7 39 101 165 8 10 98 49 162 163 105 173 131 151 50 83 174 92 163 157 132 178 148 79 157 160 46 13 184 17 192 200 117 118 151 44 179 54 81 143 121 31 31 39 43 126 18 139 195 93 49 69 48 55 161 13 91 67 15 123 119 113 123 18 54 189 121 100 95 170
170 111 196 125 119 14 169 6 153 99 33 65 4 75 73 63 49 118 135 104 65 2 71 154 77 26 86 22 147 78 154 149 122 31 125 52 91 41 161 142 54 137 137 118 24 187 148 119 195 104 163 93 101 115 35 99 167 177 184 156 27 196 194 129 105 138 63 4 76 184 38 154 71 54 92 70 29 154 129 27 39 133 198 153 109 78 114 36 170 52 135 154 69 181 133 158 65 135 164 152
91 129 192 65 63 93 59 40 50 42 115 39 89 61 138 152 171 162 159 77 193 181 123 56 113 79 85 85 33 194 99 156 192 34 182 51 15 112 115 29 100 44 90 146 124 113 189 155 178 113 149 20 129 104 96 75 92 141 169 62 115 129 92 90 57 26 38 109 87 38 161 138 112 166 79 161 83 187 40 76 51 16 121 43 59 66 62 191 182 183 74 86 82 115 89 154 74 5 109 8
15 5 84 99 85 67 118 52 84 91 191 158 145 170 90 51 152 109 162 197 168 20 133 26 189 121 186 91 45 86 162 128 189 112 34 35 117 133 198 78 155 124 135 54 6 109 14 112 171 152 43 149 25 56 137 21 86 116 104 28 53 191 160 193 148 37 148 160 186 94 105 101 43 106 13 112 146 138 77 178 26 178 1 125 83 167 59 145 26 87 190 26 32 197 184 59 144 63 89 104
22 21 117 40 150 14 82 118 195 146 16 25 97 104 45 123 92 169 39 181 124 26 176 154 54 78 86 138 102 40 43 95 105 124 5 197 66 23 7 157 55 104 35 53 88 9 96 182 131 20 125 148 94 111 80 149 192 13 119 97 192 56 117 81 13 76 23 25 38 190 37 177 169 95 166 67 20 185 183 85 196 71 3 22 67 195 61 118 161 159 30 175 195 83 170 27 42 102 146 105
12 35 171 17 74 189 30 112 129 58 9 38 113 50 149 45 66 55 97 9 22 72 183 50 175 58 135 128 186 72 33 51 15 32 140 6 21 104 124 11 122 28 129 163 73 55 8 48 113 157 98 39 93 91 67 154 175 195 65 69 158 174 51 4 103 68 46 79 166 25 118 157 47 161 29 138 59 179 119 159 174 10 115 50 77 87 161 104 142 173 37 159 190 5 162 123 89 191 40 188
68 69 15 147 53 108 71 143 102 181 175 150 175 192 17 194 185 51 110 130 54 179 164 103 21 181 133 188 20 98 53 76 54 23 96 104 84 49 130 83 122 47 173 67 14 192 13 14 54 185 74 46 163 113 160 6 78 2 155 132 109 137 30 159 5 61 140 66 47 16 25 141 197 141 144 121 78 37 136 69 21 184 37 41 68 144 124 23 61 198 91 101 43 175 52 46 177 79 68 147
144 39 161 187 196 104 96 150 46 134 44 11 185 132 174 121 61 194 47 112 176 115 91 125 55 184 75 10 15 151 29 88 30 46 133 21 2 161 11 154 4 117 132 56 174 139 92 125 187 116 138 29 30 49 162 134 110 8 150 191 189 153 141 68 94 59 130 67 147 97 181 142 27 4 106 7 23 177 114 186 21 129 153 20 193 26 94 135 117 194 199 59 17 76 116 177 33 141 43 156
72 29 88 56 20 76 108 126 16 130 148 199 93 7 88 104 161 82 6 44 38 176 99 59 163 156 2 186 111 161 138 102 69 130 54 150 124 20 42 104 23 61 168 146 193 16 101 7 178 190 115 195 19 4 62 15 46 82 50 130 48 49 44 176 175 143 165 16 121 165 37 196 111 25 21 195 18 168 9 163 149 76 154 84 3 113 36 164 170 198 41 83 152 11 109 187 169 2 196 170
141 50 32 140 87 171 129 144 123 195 66 166 126 61 109 179 42 80 154 181 35 141 172 46 118 120 88 137 173 137 92 4 67 65 154 72 178 123 76 130 81 86 96 139 153 32 85 82 30 178 142 187 96 105 136 48 162 84 73 117 155 108 122 159 37 64 99 47 85 94 27 131 146 166 48 45 49 137 150 18 78 117 29 141 106 199 65 102 6 119 138 164 158 78 44 107 12 89 47 129
162 122 86 174 68 3 98 23 193 127 93 46 17 74 127 135 31 112 90 5 122 172 61 40 137 43 172 193 39 66 62 103 180 100 193 57 27 164 169 38 189 136 141 113 177 72 186 34 2 102 25 50 112 156 77 21 94 41 126 94 89 83 186 160 83 196 141 54 42 3 117 102 163 126 173 186 84 152 139 117 96 5 96 138 150 116 1 125 132 43 187 50 67 112 142 131 24 52 38 75
145 67 73 128 126 18 173 157 25 139 112 177 13 180 105 194 80 190 8 196 24 165 180 65 15 104 70 141 120 73 61 137 91 18 62 39 151 197 53 130 49 106 63 29 112 75 185 85 60 88 97 107 48 197 168 83 13 142 95 161 187 129 74 94 62 105 46 74 52 85 17 166 17 103 152 50 117 94 137 116 173 73 69 130 64 113 61 158 39 165 165 19 133 56 146 168 70 183 77 152
4 113 156 88 127 18 157 65 167 174 150 13 93 152 47 72 103 191 154 17 137 130 27 167 108 173 81 144 35 28 198 71 140 114 99 13 13 10 74 132 7 41 118 145 138 107 193 63 9 187 103 29 177 188 186 96 166 115 133 41 77 182 73 196 17 130 124 40 88 29 187 128 22 130 91 133 49 116 121 14 31 165 168 167 10 176 128 8 45 168 194 177 46 134 9 121 186 25 191 30
31 125 53 129 59 59 18 198 126 58 113 150 34 96 157 14 55 109 71 107 16 116 200 141 111 160 46 14 196 149 30 193 113 114 115 65 8 191 137 151 159 7 46 180 173 108 167 32 65 51 197 199 118 17 13 63 140 77 192 90 140 102 59 64 194 42 159 70 173 183 53 96 91 167 18 66 125 27 26 89 133 108 182 174 102 120 73 27 104 159 138 70 135 190 96 120 18 185 59 96
86 185 1 133 109 16 83 36 57 151 152 72 96 88 63 179 160 128 43 2 39 185 126 56 65 30 72 10 50 158 106 84 71 149 20 30 12 179 65 168 138 173 189 165 106 91 188 65 33 195 80 1 163 119 73 92 177 135 100 46 146 8 26 83 169 148 146 160 189 112 34 134 181 129 23 58 1 169 131 77 192 142 185 33 130 126 30 142 148 175 24 143 109 187 105 105 82 67 167 100
119 56 111 178 103 197 35 147 93 102 78 143 12 78 63 125 152 150 106 47 39 140 33 154 137 58 162 106 25 24 136 197 135 26 127 66 73 198 110 56 21 55 42 121 112 184 110 181 26 64 7 58 31 61 124 82 178 100 200 41 115 92 41 105 128 177 163 138 26 164 43 88 133 75 143 165 164 10 111 95 117 196 190 4 55 108 200 2 159 171 53 192 154 35 46 43 52 146 127 130
195 180 98 95 59 186 28 155 131 76 105 120 4 181 38 172 179 104 98 197 130 122 144 115 58 138 175 147 183 73 186 1 107 149 86 133 129 7 101 16 145 30 4 52 112 125 13 93 79 74 113 177 4 182 167 125 16 136 36 77 99 113 189 93 150 152 133 58 116 107 111 101 165 104 186 179 97 191 180 183 91 136 131 145 80 113 88 11 63 120 59 59 53 127 94 123 72 154 39 141
152 2 41 16 33 48 43 33 163 55 26 3 14 102 45 132 15 146 161 185 21 13 155 160 147 2 57 180 7 160 170 129 87 123 90 152 64 72 108 109 154 42 31 189 119 30 42 10 70 171 118 51 126 97 99 27 50 87 15 43 87 137 131 83 105 170 70 114 186 35 12 46 38 63 192 42 153 67 188 110 191 50 195 54 151 82 57 89 168 101 51 141 149 70 3 189 171 59 116 146
115 28 75 160 144 56 174 82 27 183 125 72 64 140 13 56 146 26 28 140 157 159 10 27 5 49 2 158 153 192 170 153 134 129 167 105 166 131 75 100 193 23 55 42 103 37 89 91 99 112 130 139 58 29 105 108 6 108 13 42 183 72 200 12 122 149 125 93 99 148 5 42 85 121 80 190 23 154 102 180 100 161 91 94 78 182 23 9 152 177 84 175 114 52 77 100 116 108 189 152
33 72 89 30 115 97 89 96 39 93 52 174 174 176 52 40 184 50 105 198 126 78 34 78 69 46 128 15 119 191 41 27 117 111 61 14 182 174 164 154 143 137 30 141 148 112 72 196 2 5 51 96 55 42 37 57 25 187 6 200 69 56 117 172 57 92 181 23 66 21 195 65 157 111 170 93 40 110 22 176 200 189 152 17 146 6 197 8 91 139 18 166 188 144 142 54 128 121 10 60
9 65 146 30 14 93 119 170 15 86 88 57 24 8 128 95 6 74 34 119 119 38 11 145 94 41 192 48 16 49 180 61 7 50 29 34 64 169 67 38 35 112 20 194 86 76 38 133 80 95 167 28 163 81 120 52 136 38 26 50 91 195 17 113 171 56 179 22 191 53 71 92 16 123 96 19 137 9 53 98 88 73 129 94 36 100 99 14 30 197 176 99 183 60 189 77 22 41 60 138
111 122 63 116 155 6 196 121 123 158 4 19 152 3 57 184 135 146 60 138 8 159 139 134 21 1 7 72 106 176 141 72 140 157 67 199 151 71 156 88 169 167 174 111 85 104 127 20 56 20 86 9 195 105 78 167 1 197 194 85 66 31 180 35 120 91 136 191 172 124 177 37 37 103 151 84 167 164 183 63 88 55 148 167 100 161 195 149 64 122 106 148 29 63 10 163 14 22 157 133
21 30 7 45 47 15 171 198 20 42 80 53 85 24 150 109 97 112 142 191 10 175 125 145 183 49 176 60 6 184 139 141 174 48 181 46 136 148 40 102 41 5 13 107 189 72 27 23 119 87 16 92 140 135 3 107 69 107 63 185 168 75 136 61 187 75 126 36 58 129 44 198 145 98 136 113 36 22 131 60 129 86 198 115 17 153 5 5 131 53 163 191 139 88 26 172 116 127 155 4
121 21 117 72 125 5 186 42 145 154 92 41 46 87 180 155 180 154 75 78 51 133 192 196 142 25 147 110 121 120 141 179 145 193 61 33 176 76 29 150 49 148 157 16 130 33 24 121 1 169 160 54 164 41 157 134 13 81 66 175 184 181 185 185 33 17 19 53 102 32 89 131 39 45 50 83 11 143 138 95 25 137 66 29 130 46 92 52 186 71 24 78 106 70 58 37 85 77 26 111
13 20 39 148 112 78 196 156 130 22 132 20 173 75 28 49 171 37 102 37 60 58 5 185 117 127 2 116 79 11 181 110 146 120 5 187 97 27 46 126 72 43 58 6 35 148 13 89 8 132 60 125 103 184 107 1 66 184 143 98 57 119 88 15 26 51 32 143 66 2 13 165 74 171 106 93 180 9 109 135 38 130 186 83 93 65 195 141 64 102 100 157 69 89 56 149 195 171 177 131
191 191 104 104 164 155 28 70 39 42 153 170 187 128 18 13 29 148 77 169 148 44 101 65 103 21 68 77 36 143 165 109 4 155 120 10 150 84 115 166 159 45 156 145 145 110 51 110 173 170 25 9 199 167 143 120 189 171 10 86 115 12 99 145 65 4 48 59 174 35 78 78 24 43 28 72 174 130 69 62 189 97 32 104 119 49 120 186 1 199 62 14 23 48 14 73 65 16 52 30
30 75 9 11 109 63 166 22 177 137 44 195 156 84 78 124 149 57 129 171 115 125 46 168 62 24 115 173 199 174 105 95 88 30 36 68 175 60 178 51 195 5 67 48 55 113 169 141 171 86 41 101 124 178 129 6 51 148 136 83 147 193 118 88 200 138 64 127 106 194 138 120 116 93 96 33 86 129 87 136 171 161 110 187 61 10 134 188 140 42 109 174 77 177 41 160 198 128 66 132
138 140 126 46 5 110 100 162 157 41 5 120 65 79 135 98 9 91 176 36 37 66 3 177 115 18 81 178 4 109 107 44 118 101 41 171 4 129 86 182 68 93 159 68 80 163 139 196 8 117 1 84 166 164 101 168 67 174 169 70 180 159 134 28 51 150 191 197 152 170 137 27 171 46 14 155 121 104 116 57 52 19 72 86 109 12 96 190 185 31 168 188 198 110 190 53 195 184 45 197
19 85 122 53 79 105 63 158 164 120 86 139 104 4 87 25 136 125 159 31 176 19 196 174 177 183 175 120 111 77 24 97 197 52 31 120 80 154 182 197 7 186 171 9 129 154 151 1 51 144 181 150 191 49 133 181 156 154 35 97 60 105 54 40 18 104 82 63 47 78 60 8 190 188 13 182 180 124 34 155 4 164 157 13 186 27 88 39 66 43 50 130 168 58 21 109 158 120 7 92
86 193 111 119 141 149 79 116 27 160 31 3 69 186 181 143 188 186 32 113 181 78 68 114 105 25 150 170 92 126 54 91 176 27 81 23 144 57 41 127 106 144 94 122 43 103 64 41 198 132 142 18 129 106 178 81 52 9 144 53 10 110 182 49 130 60 89 98 189 62 16 152 189 165 195 193 132 56 31 172 36 100 170 130 79 89 54 56 17 6 177 135 7 170 77 198 37 159 133 151
195 38 82 85 55 54 73 52 4 19 134 165 133 173 164 97 126 21 53 173 155 184 73 128 200 103 33 13 135 57 12 56 124 161 158 6 80 164 191 197 53 36 41 70 158 41 188 63 98 83 35 135 157 163 149 30 157 124 107 168 44 104 68 30 129 173 198 90 132 121 171 45 77 86 32 35 181 84 3 184 141 47 155 125 169 62 34 127 115 7 162 17 63 39 125 92 174 94 141 187
173 184 130 87 133 1 142 88 141 57 157 121 23 154 6 78 164 21 63 158 33 117 84 144 136 76 155 76 166 78 13 176 131 179 197 181 46 61 169 13 103 110 107 180 160 167 9 66 176 159 39 48 41 106 96 27 79 98 55 167 132 82 82 163 158 93 137 101 108 24 129 154 45 143 97 62 175 114 118 34 63 137 111 191 103 104 76 196 98 51 34 185 194 189 12 166 200 198 155 162
73 106 63 75 123 87 184 150 51 189 192 14 28 114 150 11 162 76 110 42 158 131 40 4 82 10 121 51 109 148 58 132 191 172 21 158 127 168 49 129 65 80 1 61 32 195 90 153 59 4 50 85 20 87 110 181 146 169 135 56 78 122 137 52 146 126 148 173 27 107 41 167 81 16 29 179 64 32 87 29 111 184 168 19 78 84 188 66 64 138 195 134 75 146 112 14 191 184 30 43
53 197 145 107 111 185 17 108 76 11 168 75 109 162 116 17 14 77 186 143 44 94 159 180 105 66 19 188 88 93 126 19 43 38 177 16 136 109 114 9 69 129 57 51 75 200 65 49 95 186 80 137 139 21 91 60 186 162 130 166 53 195 168 61 158 4 53 100 188 5 189 21 46 180 110 48 49 131 65 180 149 21 43 145 13 126 97 139 43 50 97 129 110 73 70 138 193 126 167 127
46 29 125 26 62 72 15 80 119 114 14 78 90 32 188 199 57 200 127 47 77 81 171 33 199 169 95 50 39 23 95 172 192 134 148 195 69 184 62 82 189 51 102 10 37 195 30 189 193 160 138 57 162 39 79 23 52 92 145 73 157 194 91 82 51 72 162 166 38 160 160 6 21 200 32 10 45 189 44 178 40 153 101 48 197 99 158 88 18 111 138 153 68 107 145 164 134 11 115 76
166 66 81 7 136 188 108 23 116 173 16 30 58 195 159 159 93 104 82 28 13 154 175 50 2 6 73 74 89 174 72 197 130 66 39 95 127 59 107 187 46 99 122 145 1 130 189 152 164 89 188 126 103 191 103 179 162 163 54 132 116 121 41 68 95 4 65 144 94 186 190 73 10 162 164 20 119 174 176 10 146 91 1 23 60 36 190 185 196 110 7 44 93 185 64 138 86 170 76 61
124 61 149 141 2 17 97 152 78 155 84 112 161 36 49 192 174 141 15 61 58 67 32 9 156 3 2 15 55 161 164 13 164 17 42 78 75 111 13 184 103 22 165 52 150 171 180 37 7 46 58 171 47 97 50 180 111 178 13 26 2 193 186 167 52 159 68 9 176 1 42 197 60 45 90 160 103 19 199 119 12 48 78 176 76 71 31 129 105 77 149 21 199 145 54 168 184 106 159 78
1 27 39 16 177 196 113 80 3 4 15 38 20 198 82 35 137 197 182 126 7 65 68 177 17 45 144 132 22 40 68 66 108 73 145 196 11 1 115 153 70 61 184 9 10 154 98 158 79 136 76 193 96 81 3 120 97 12 62 163 118 37 126 53 169 112 163 3 86 187 110 33 191 160 25 93 50 37 162 121 50 33 130 25 153 88 160 174 140 144 189 6 72 141 149 197 22 39 166 54
52 43 104 52 37 74 83 163 187 170 55 141 74 37 161 190 157 66 156 152 192 71 108 26 71 117 104 122 102 119 158 183 14 11 44 189 191 150 139 49 12 75 185 196 48 130 196 109 193 59 103 21 38 43 16 128 47 176 113 82 55 116 188 101 119 196 139 97 58 14 99 147 20 109 96 184 18 180 54 28 146 15 54 4 109 186 67 74 163 71 166 35 115 198 149 63 83 1 181 128
97 66 109 114 26 12 135 183 28 104 127 178 83 159 38 186 109 194 131 175 190 70 190 23 125 45 17 8 149 158 134 146 30 166 144 143 71 200 97 56 181 149 121 150 79 113 144 62 198 180 187 53 48 103 46 163 98 147 36 191 97 108 76 109 105 42 137 199 111 119 151 156 21 82 58 49 89 131 76 107 132 173 170 195 94 170 172 103 133 122 116 99 179 107 58 72 16 133 40 173
33 194 90 71 117 115 84 155 28 86 129 8 133 11 13 90 159 191 93 14 173 131 54 107 78 64 71 70 139 89 52 169 165 116 43 81 70 82 177 124 71 91 176 24 15 4 60 62 49 96 71 171 85 97 152 68 81 122 119 189 40 157 102 31 86 192 167 194 177 43 58 28 168 68 4 17 161 79 56 83 75 113 12 110 18 4 65 167 38 179 184 27 88 195 141 102 18 116 70 110
129 53 93 3 100 166 54 156 73 125 70 184 132 109 75 169 168 160 64 181 131 140 22 155 40 62 178 151 113 15 124 140 197 108 5 50 135 117 19 189 93 10 155 40 125 7 176 195 33 15 187 43 176 129 96 14 176 199 100 116 175 186 64 93 46 32 133 28 68 192 72 76 126 154 89 36 64 11 85 120 185 92 160 140 186 85 38 195 179 153 74 83 117 55 10 60 156 39 177 181
63 153 170 152 39 29 153 40 165 168 122 195 196 156 102 46 199 16 45 130 170 163 59 93 3 168 9 59 51 23 127 12 135 162 21 178 118 8 113 138 45 77 94 84 78 136 4 35 177 63 47 125 195 50 152 115 81 131 106 55 140 99 123 44 100 38 143 21 155 188 1 44 40 63 120 61 105 195 121 59 47 119 70 30 19 42 107 41 94 66 110 32 63 158 92 107 105 184 8 197
25 192 172 25 179 12 193 19 21 8 21 56 151 47 189 194 105 122 40 31 196 21 179 118 10 108 175 33 190 170 170 107 148 85 103 131 44 125 28 44 103 46 149 93 86 78 169 148 58 103 39 75 49 32 33 141 44 27 99 189 66 157 190 114 54 35 133 37 84 1 24 190 103 170 22 81 154 129 180 65 180 32 101 193 55 84 115 27 165 179 28 115 51 153 146 184 23 119 127 105
129 100 79 146 116 76 145 104 189 124 50 66 70 55 9 187 93 34 164 171 97 157 18 158 140 194 144 180 17 66 75 32 134 11 183 88 198 141 50 52 134 174 63 125 125 75 3 118 91 181 53 41 43 74 142 159 142 189 150 128 106 95 117 79 34 5 25 54 194 152 149 29 147 111 89 56 110 160 69 163 32 159 171 137 45 198 86 161 25 191 15 111 119 112 178 90 130 98 149 49
