10 	
22	40
1	21	3	365	8	
1	43	9	494	4	
1	35	5	515	4	
1	33	8	348	6	
0	18	1	515	8	
1	66	6	27	6	
0	25	4	412	7	
0	64	8	289	2	
0	76	3	589	2	
0	53	1	477	3	
143 46 3 76 129 175 77 13 94 179
88 45 181 52 131 7 135 134 168 93
184 153 193 162 101 177 93 45 75 68
186 48 151 178 102 170 179 135 85 119
23 60 143 86 118 71 156 38 59 112
3 110 33 186 172 134 180 140 100 52
65 50 68 149 96 120 146 76 44 37
30 113 108 106 28 55 179 143 107 192
13 129 153 148 21 38 87 33 124 122
64 124 113 170 14 142 42 74 72 198
34 152 102 117 65 200 191 185 141 150
