60 	
24	40
0	21	3	676	4	
0	70	1	689	5	
1	63	4	58	8	
1	64	6	269	4	
0	44	9	880	5	
0	40	1	1067	7	
0	51	3	946	7	
1	49	3	188	3	
1	17	7	1176	4	
0	11	8	348	1	
0	35	1	1272	5	
0	11	1	1318	3	
0	82	5	996	5	
1	74	3	331	9	
0	21	9	780	9	
0	31	6	1075	2	
1	58	9	26	8	
0	32	4	1225	3	
1	2	9	641	1	
0	96	3	1451	6	
0	29	4	1185	5	
0	48	3	304	3	
1	75	3	282	8	
0	91	2	622	1	
1	49	7	1421	3	
0	87	4	1202	1	
1	15	2	1121	4	
1	35	1	447	1	
1	26	2	185	5	
1	92	6	657	9	
1	44	3	789	2	
0	64	3	242	2	
1	41	1	1165	6	
1	67	2	1306	1	
1	49	3	832	3	
0	64	6	304	5	
1	71	3	1470	5	
1	51	6	510	6	
1	63	7	152	6	
0	37	5	160	1	
1	56	4	1343	4	
0	52	6	708	7	
1	50	7	395	4	
0	97	1	504	6	
0	89	2	854	1	
0	95	4	188	2	
0	29	8	990	3	
0	21	5	1107	9	
1	82	9	1423	4	
1	95	4	307	9	
1	72	4	1059	7	
1	1	9	220	9	
1	66	1	569	4	
0	75	6	199	3	
0	20	9	642	3	
0	53	5	298	8	
0	74	9	1493	8	
0	53	2	1306	8	
1	11	1	694	3	
0	22	4	1276	6	
30 117 3 70 62 36 96 17 124 17 38 152 144 163 64 87 166 143 27 174 169 185 185 107 99 33 193 5 117 67 197 173 72 184 174 25 20 175 131 1 52 173 148 123 5 75 43 87 63 128 85 123 38 46 127 19 39 51 140 186
133 145 113 115 10 28 38 36 186 65 89 83 114 32 167 85 120 185 15 136 139 30 110 16 113 68 23 193 181 48 124 80 68 108 123 23 19 92 5 44 63 127 45 153 10 162 110 31 5 103 154 35 198 117 142 170 151 176 194 122
89 4 58 159 58 129 21 156 7 87 35 72 176 85 81 55 160 39 158 24 139 13 131 46 83 5 10 157 122 51 61 147 14 12 174 30 71 63 24 95 9 113 18 114 26 140 151 121 43 122 135 18 93 89 188 28 127 170 66 1
9 141 32 148 132 86 195 73 155 91 81 39 125 13 61 85 199 116 154 107 57 148 98 85 152 173 179 159 104 161 159 40 54 139 56 193 192 89 73 155 112 186 67 187 78 151 179 138 59 96 65 137 65 169 127 191 63 64 122 131
2 107 199 149 197 84 108 50 52 200 64 66 117 178 136 86 48 69 189 99 148 24 171 197 40 186 131 31 175 119 104 66 135 199 156 106 180 68 189 132 155 10 59 97 22 43 44 153 2 34 84 1 150 178 18 20 137 2 147 133
143 38 122 111 55 75 16 111 175 180 142 110 148 48 200 85 98 137 100 102 198 102 157 198 50 15 75 55 28 29 118 175 90 130 13 24 32 85 106 97 3 41 53 189 54 193 123 12 117 56 128 173 164 123 195 187 94 58 102 108
178 108 148 67 162 25 197 158 25 137 128 106 170 166 35 43 58 84 124 107 133 106 145 25 9 130 115 186 152 29 34 57 28 177 122 33 128 136 81 40 146 28 142 29 37 52 17 48 69 13 50 44 181 81 10 171 43 176 135 167
99 92 39 87 163 62 19 164 36 191 8 171 41 181 101 143 3 166 111 10 149 53 179 154 37 160 37 158 191 118 87 47 138 106 185 196 112 121 85 93 168 98 4 66 34 148 93 139 173 87 178 161 176 143 102 133 147 76 101 87
91 152 176 183 66 99 186 134 26 184 9 106 40 2 19 87 106 52 99 81 53 60 122 44 146 17 67 102 90 187 146 121 48 49 195 159 61 170 174 169 178 198 47 127 62 194 16 132 103 114 129 120 49 178 38 164 162 150 118 24
69 93 107 121 26 13 25 127 11 96 124 149 28 121 79 54 29 120 163 145 12 152 15 3 2 132 178 138 115 186 39 13 151 146 4 127 179 28 51 108 146 137 48 176 12 60 63 16 180 20 60 182 200 174 26 178 107 144 86 78
128 133 79 11 49 156 191 102 153 67 91 33 4 90 183 144 154 109 111 86 31 98 83 81 11 152 131 158 97 158 86 32 56 42 3 19 80 76 170 30 69 180 15 122 73 92 136 50 60 153 36 156 184 151 47 69 198 121 11 178
35 128 189 150 191 3 110 62 109 36 173 57 124 10 74 16 52 191 193 135 164 105 134 58 131 84 102 96 90 105 190 124 114 163 13 154 92 179 55 79 114 25 11 101 195 60 40 73 77 102 142 160 21 136 71 181 126 142 14 105
12 170 34 97 32 157 2 156 63 181 96 21 90 121 134 183 158 39 7 81 29 121 128 70 77 123 67 151 91 80 144 121 13 87 57 100 113 8 199 89 160 49 199 164 148 123 30 17 178 153 189 146 92 15 54 172 160 104 86 71
113 152 167 54 193 10 100 158 70 97 72 49 191 61 163 29 97 153 75 114 56 74 36 70 102 159 72 27 80 33 124 106 194 11 114 132 67 18 16 191 72 132 155 15 21 193 65 60 178 25 197 175 106 78 132 181 168 84 108 10
183 17 132 4 119 64 58 65 56 45 62 53 184 91 140 149 127 6 29 170 87 170 152 72 60 199 144 159 168 175 21 167 162 78 142 194 117 59 200 3 187 146 50 94 40 170 151 115 171 50 192 178 56 27 3 55 132 152 146 38
173 93 95 56 99 24 111 144 179 26 146 14 60 88 52 82 123 103 101 147 119 151 148 15 76 133 162 85 120 50 15 31 153 41 24 61 24 62 79 175 102 14 145 101 156 63 123 80 13 139 132 74 124 17 16 82 192 155 54 55
35 128 132 106 83 129 148 32 95 10 188 89 174 157 187 86 130 31 199 158 152 183 78 10 52 196 21 189 109 117 120 157 82 126 17 8 48 137 98 159 98 196 101 123 70 41 55 40 152 87 131 81 9 198 82 108 107 101 104 117
130 188 190 25 135 70 68 180 42 97 126 184 114 140 149 85 68 195 154 22 156 167 137 157 199 153 8 2 114 118 74 71 129 163 119 144 120 6 169 142 40 37 107 118 63 165 21 29 90 4 23 8 127 31 200 116 110 15 42 182
129 101 106 139 129 156 197 190 152 128 8 150 16 71 93 102 44 50 49 34 91 46 184 37 46 176 125 172 1 26 59 36 132 185 29 20 175 189 150 126 185 33 137 128 51 64 76 92 51 21 132 43 117 73 93 55 169 32 22 9
197 138 108 84 132 162 80 85 83 96 27 44 6 90 176 31 7 178 115 125 60 92 30 120 146 174 148 23 149 150 194 47 55 34 76 177 76 5 21 159 81 73 196 18 55 7 58 70 87 105 23 120 131 181 17 193 159 100 133 33
43 46 56 171 131 88 75 32 98 39 146 66 17 12 102 1 42 37 136 77 50 60 51 52 145 101 119 15 56 47 87 185 179 52 154 183 66 185 41 117 89 53 64 173 63 145 166 189 142 121 118 136 197 10 192 187 133 135 79 36
161 61 35 186 19 112 46 19 143 138 77 50 153 59 50 127 35 151 181 121 112 97 129 43 175 132 163 54 68 126 147 137 102 48 30 181 133 82 197 77 74 65 164 91 66 2 127 130 16 169 89 126 150 31 86 85 77 155 142 131
124 123 199 199 194 191 177 1 131 24 17 94 56 132 17 18 50 129 132 133 146 107 198 51 1 58 36 22 23 120 49 131 199 31 195 165 58 95 92 55 129 162 200 180 136 156 67 23 184 144 22 22 198 82 57 31 135 156 153 27
4 86 17 27 122 68 38 102 158 196 175 165 77 188 64 175 196 104 2 18 38 143 46 43 49 39 15 124 150 162 99 27 127 105 197 28 199 115 5 11 40 182 150 34 103 5 62 185 26 22 60 43 99 156 80 78 189 162 129 196
31 105 125 152 183 64 27 63 64 194 124 142 82 182 163 131 153 79 125 92 116 94 135 135 27 94 38 90 74 171 53 80 106 7 48 188 180 89 67 34 73 169 179 42 172 53 137 164 79 113 170 26 3 101 98 134 84 6 145 13
97 75 193 28 79 194 16 120 50 163 193 191 18 103 51 198 159 32 19 149 171 165 69 176 79 99 164 61 64 166 117 112 87 87 89 198 115 24 7 60 127 60 73 41 130 179 119 145 79 135 58 24 114 24 7 112 28 32 99 81
68 143 153 110 87 181 76 149 109 101 176 107 82 148 29 23 60 110 66 106 39 100 17 55 78 76 153 176 52 157 102 71 67 199 68 152 162 169 164 167 96 139 20 162 150 103 36 178 153 8 22 123 21 166 79 172 151 132 35 53
118 103 161 181 163 191 11 22 52 118 63 147 194 185 183 186 45 180 104 152 140 125 114 122 191 22 162 152 139 184 39 167 177 152 83 50 171 155 3 62 69 127 161 153 178 175 155 40 64 199 106 200 147 115 194 158 157 64 95 107
21 9 2 129 96 97 91 112 113 152 19 137 104 57 33 169 25 57 82 21 55 177 53 8 52 171 72 29 160 142 51 177 44 99 72 167 141 99 143 42 96 78 83 45 74 152 120 188 28 81 81 42 52 104 146 143 132 94 42 192
123 111 169 70 162 25 60 92 86 137 121 86 183 196 171 151 27 64 124 2 39 114 87 149 153 83 15 186 79 145 43 140 181 180 162 120 71 60 159 126 197 153 128 89 186 87 24 61 27 168 94 73 160 81 94 16 15 164 187 13
196 5 46 199 85 60 120 91 15 158 9 177 192 142 198 187 199 26 131 121 153 8 97 17 129 176 41 104 101 191 66 99 6 85 147 77 5 157 162 30 48 180 28 179 175 113 75 132 192 108 118 129 175 95 128 28 9 6 43 85
75 145 44 105 7 77 166 148 169 102 14 139 118 18 48 14 52 119 6 33 93 149 163 84 99 150 104 160 152 52 153 58 30 30 89 91 15 66 125 196 166 178 174 93 87 40 70 74 50 3 177 72 163 111 112 31 126 139 156 105
48 127 22 44 41 135 42 111 109 172 175 165 86 96 92 161 34 26 187 100 21 70 86 70 123 197 163 117 13 200 17 61 142 20 199 134 124 97 120 200 74 105 173 200 78 168 16 44 92 174 138 200 87 125 61 153 98 39 151 151
124 101 145 53 99 132 21 119 196 181 181 119 66 34 14 34 150 101 103 6 190 168 172 183 106 72 179 199 188 196 200 49 14 72 177 113 106 82 142 156 182 51 108 25 56 166 30 186 95 189 144 34 37 163 134 142 48 35 37 58
76 3 115 144 87 149 150 193 44 49 77 113 18 92 96 181 39 40 41 21 84 26 192 31 90 149 140 130 187 44 168 73 165 198 196 133 147 48 93 118 32 64 25 48 72 98 89 156 21 51 180 130 49 80 15 197 68 85 32 193
57 60 181 31 144 97 166 184 129 104 42 28 12 193 81 72 154 105 20 154 15 39 49 170 98 179 72 129 22 135 154 84 148 20 190 152 107 139 4 189 54 5 87 40 145 22 139 124 2 20 76 46 128 139 157 110 53 193 74 166
115 199 145 95 170 178 44 98 38 147 46 192 149 197 28 80 195 95 173 159 123 33 89 185 179 41 47 82 63 138 200 192 26 90 112 36 67 4 6 89 165 171 22 79 136 36 59 123 193 15 67 71 132 39 194 7 200 187 111 2
95 49 168 124 77 187 67 31 108 33 77 35 144 48 152 69 136 85 124 15 25 165 101 193 99 22 33 49 194 171 178 27 86 52 100 56 177 112 176 108 103 98 67 76 155 133 105 3 184 75 47 47 17 172 98 181 146 143 120 3
87 114 14 165 41 105 147 134 119 56 197 48 100 101 65 114 126 159 135 48 55 156 94 107 141 157 127 126 157 146 74 168 37 163 113 1 200 92 144 28 20 78 194 95 90 81 27 46 17 180 185 29 67 185 4 171 144 78 20 132
153 180 46 64 147 166 180 60 167 56 129 46 33 77 109 20 71 124 193 35 107 86 82 15 141 129 36 63 138 198 141 76 133 113 78 136 54 178 110 188 158 114 149 15 17 150 188 170 45 156 62 16 43 78 147 165 86 136 187 83
171 91 38 200 59 71 198 199 102 97 10 182 24 119 75 174 181 102 153 187 181 117 133 147 123 104 153 41 11 182 64 63 196 54 182 136 114 115 44 127 34 109 150 89 140 101 62 149 88 14 30 196 11 187 91 144 1 43 145 143
3 164 46 172 56 179 11 183 190 29 87 111 15 73 138 126 142 171 189 169 128 192 189 120 71 9 169 28 107 136 17 143 1 86 60 10 114 34 148 158 123 17 146 102 145 114 159 105 30 117 121 112 74 154 146 91 127 54 175 136
132 130 30 45 163 126 5 152 110 56 181 134 31 13 83 184 121 154 12 60 90 61 71 61 169 74 120 193 24 137 12 146 122 105 199 38 107 3 95 147 130 87 71 59 112 188 196 145 90 114 4 176 103 40 10 95 6 196 146 91
29 137 125 181 128 99 29 146 114 187 187 19 73 60 14 181 60 68 193 3 76 128 161 149 79 135 148 159 85 9 99 188 104 61 60 6 4 127 16 136 46 166 5 57 104 172 4 181 196 72 84 50 52 68 5 51 65 165 13 101
66 8 139 104 58 19 155 101 84 139 146 15 18 151 106 93 40 166 71 149 126 51 18 7 49 149 94 131 59 29 28 120 148 121 182 39 56 131 119 134 127 99 91 56 122 97 151 191 105 5 180 66 12 83 199 126 80 128 9 147
103 43 182 14 26 44 38 111 143 30 148 109 174 85 171 177 149 118 99 50 81 137 19 1 85 150 192 125 123 117 73 119 150 31 132 150 169 107 113 61 166 75 156 103 15 1 193 13 184 92 192 42 21 185 145 148 119 155 161 113
111 161 130 32 126 22 108 77 41 78 125 179 17 183 29 77 119 127 13 22 41 61 192 195 79 191 155 107 3 167 195 166 28 51 31 90 106 21 57 164 27 152 158 181 145 161 58 50 192 141 176 187 123 88 156 57 118 87 162 120
48 121 124 6 127 40 164 46 23 37 97 88 178 47 13 7 200 159 67 21 169 190 87 62 108 173 71 59 95 24 167 21 136 113 14 160 93 45 169 143 8 170 143 109 173 109 63 46 90 62 103 187 154 86 131 60 43 2 158 119
107 147 125 191 72 50 59 144 129 171 167 136 119 86 110 22 96 145 136 160 104 82 54 15 25 31 22 42 44 200 122 19 44 10 46 136 122 116 27 192 98 49 127 65 35 130 24 81 152 68 187 148 40 135 53 181 116 168 33 37
121 161 197 151 174 179 126 36 58 54 139 146 162 107 26 185 70 101 77 75 85 180 130 52 104 118 134 116 143 177 71 31 162 7 84 137 117 125 179 9 27 187 97 124 165 157 18 185 83 185 94 143 190 48 45 192 5 73 66 164
158 153 56 159 129 141 98 114 48 31 146 93 19 101 72 81 171 99 185 146 71 30 60 140 122 3 180 72 90 132 194 159 67 70 43 120 47 63 153 30 117 67 3 95 11 116 99 99 134 167 98 87 167 156 47 172 101 59 131 173
115 111 3 175 39 27 20 94 91 153 28 41 196 110 149 167 78 38 49 142 147 10 82 80 119 167 35 62 129 158 155 56 168 41 135 139 193 139 60 173 174 120 69 182 143 39 9 138 195 4 44 19 38 25 3 19 122 1 185 182
117 198 52 4 124 83 64 27 155 162 148 153 89 61 92 164 9 11 133 25 103 165 195 176 90 178 70 172 193 11 103 47 169 140 13 24 7 131 79 191 8 17 40 74 51 94 83 56 183 146 37 160 16 192 120 71 176 57 94 31
108 77 57 194 129 161 199 190 197 161 133 39 150 70 61 2 76 44 159 74 125 9 97 149 12 110 154 69 103 66 31 118 141 166 69 107 50 23 122 61 104 96 160 156 62 31 122 102 24 36 67 167 47 74 40 111 22 195 25 191
77 95 46 64 111 18 65 37 125 77 180 21 185 66 120 193 91 173 175 141 29 128 70 71 153 116 160 104 193 101 16 82 168 48 199 70 44 43 142 188 158 15 195 179 123 162 103 20 157 58 133 77 161 102 81 59 183 96 130 18
163 25 75 134 145 32 125 24 179 198 44 37 178 124 39 56 36 61 90 47 60 78 189 69 107 125 123 102 134 185 54 120 103 163 102 109 196 126 142 171 137 19 67 31 56 187 136 100 89 139 140 157 172 101 41 59 161 167 71 125
8 62 58 174 73 8 84 111 31 62 187 3 83 163 173 52 42 176 115 37 136 178 130 179 153 113 115 192 59 170 158 176 63 177 22 8 63 184 116 183 200 158 77 17 152 65 153 112 65 124 53 123 132 125 171 9 4 18 90 145
147 14 130 110 41 69 106 64 126 9 103 120 48 148 32 42 99 16 115 135 22 32 82 1 190 109 178 142 138 173 135 122 121 21 64 182 15 56 185 117 172 195 129 121 112 137 63 32 102 122 104 152 123 63 83 100 60 191 190 168
31 181 169 110 190 57 80 170 67 176 100 148 158 109 167 102 46 146 43 189 64 145 60 1 138 29 148 108 163 2 33 128 158 161 52 118 27 133 184 166 137 196 199 20 73 13 87 44 16 193 62 27 4 77 126 138 84 127 31 193
7 114 111 167 155 80 134 100 11 123 147 168 169 54 35 78 31 36 150 110 195 103 93 92 114 200 168 131 90 119 14 55 108 16 90 67 111 15 29 152 103 105 187 136 144 97 10 176 179 152 26 160 199 157 68 185 192 142 107 191
85 131 38 73 158 56 176 60 64 194 185 66 9 110 142 137 40 95 104 79 97 183 33 88 10 98 2 103 59 26 181 111 102 124 200 9 129 11 19 43 77 64 20 59 40 18 158 10 150 161 7 149 100 139 64 43 74 170 133 73
