20 	
0	15
1	3	4	16	3	
1	6	6	10	1	
1	1	7	1	1	
0	1	3	9	7	
1	6	4	9	8	
0	6	7	23	6	
0	3	8	17	5	
1	7	9	0	8	
0	6	5	25	9	
0	8	9	6	6	
1	9	9	40	3	
0	6	8	48	3	
0	5	1	5	2	
1	5	6	7	3	
1	5	6	49	6	
0	4	5	41	8	
1	2	5	10	9	
1	9	2	32	9	
1	6	6	36	6	
1	2	8	19	2	
97 71 174 121 196 195 28 52 5 130 19 145 110 79 61 200 11 179 151 135
184 159 60 61 103 110 26 106 97 187 19 4 181 58 196 142 1 32 24 161
12 71 65 27 72 190 195 177 72 140 69 137 130 2 3 86 6 134 14 76
90 163 21 110 167 4 76 199 83 109 71 86 25 59 22 98 110 172 193 46
37 26 117 84 189 3 141 51 153 179 6 123 39 123 34 96 183 197 5 65
153 168 21 14 61 107 106 36 35 153 143 173 150 49 80 80 17 6 43 84
167 4 18 157 94 110 129 42 45 126 77 100 123 110 91 100 47 160 144 169
101 164 133 3 128 68 179 93 69 41 70 96 30 44 75 193 146 86 57 53
56 40 29 113 62 52 68 197 108 12 149 128 60 174 3 139 51 112 58 20
67 90 146 17 67 174 50 110 173 122 185 139 54 157 34 84 103 67 128 103
175 180 136 70 1 54 123 102 170 175 88 121 23 128 85 189 154 153 65 55
89 183 62 169 52 168 165 183 133 100 167 63 84 40 67 129 73 69 75 110
60 78 70 187 37 127 77 83 27 36 90 29 93 53 177 103 108 29 29 61
189 162 95 101 9 45 38 148 69 180 132 188 82 107 56 116 188 4 76 41
125 185 146 199 185 165 199 40 10 189 46 154 3 156 191 26 46 59 116 37
57 48 118 134 189 99 9 119 67 66 167 118 191 62 20 164 140 117 99 33
16 154 76 92 169 158 93 171 150 90 40 169 124 24 133 27 66 82 28 59
7 200 43 176 123 88 101 31 43 68 35 71 103 192 66 176 60 90 128 159
137 128 48 159 44 102 97 96 43 81 108 99 49 48 156 147 183 77 29 195
76 40 68 133 119 74 21 93 181 163 58 141 149 144 31 86 147 74 11 127
110 146 121 183 132 195 47 156 165 184 73 54 108 190 143 166 186 183 171 188
