40 	
7	42
1	3	9	2	4	
0	5	8	93	8	
1	5	4	103	6	
1	2	4	14	7	
1	3	3	19	9	
0	7	2	31	1	
1	9	7	103	3	
0	4	7	73	9	
0	8	6	63	3	
0	7	8	38	7	
1	8	8	38	9	
1	6	6	26	3	
1	7	8	97	8	
0	7	8	20	8	
1	7	8	70	1	
1	3	8	23	1	
0	4	5	12	6	
1	4	3	6	4	
1	4	5	66	1	
1	9	1	71	8	
1	4	7	12	8	
0	4	3	95	3	
1	7	2	91	5	
0	2	9	51	3	
1	2	1	37	8	
1	8	8	62	8	
0	2	1	55	2	
0	4	5	107	5	
0	7	9	91	9	
1	1	6	89	6	
0	7	1	8	2	
0	8	6	24	2	
0	7	1	15	6	
0	8	7	107	6	
1	5	6	63	1	
0	5	2	7	6	
0	6	1	14	1	
1	2	8	73	5	
0	9	6	55	5	
0	7	6	62	3	
83 168 179 28 55 85 126 42 70 159 18 134 60 83 13 4 161 9 28 106 153 134 155 46 132 41 58 196 12 35 48 198 96 46 170 60 109 20 24 3
122 177 199 181 151 153 185 29 161 79 113 67 184 130 99 123 141 139 30 29 88 27 180 39 150 68 52 29 33 194 76 93 10 130 12 56 146 160 27 17
145 2 46 171 156 137 90 30 178 13 126 13 180 119 138 106 93 144 57 54 79 1 148 80 94 177 19 29 93 95 48 86 138 122 84 47 21 136 174 82
52 41 77 68 31 6 113 43 29 198 173 37 26 74 30 142 69 124 136 76 119 137 143 44 146 107 3 27 14 111 84 146 66 108 3 75 148 14 87 122
61 112 71 37 199 170 16 94 2 98 145 9 149 75 140 134 186 38 87 187 19 115 160 194 149 197 198 106 44 193 153 124 148 31 196 11 157 14 30 117
52 186 74 70 43 164 83 178 181 180 75 73 187 6 40 88 101 166 42 64 75 62 62 90 98 65 183 103 142 148 134 83 69 87 19 125 57 145 53 68
148 128 80 177 142 47 122 74 166 42 180 101 31 83 118 94 95 52 70 106 75 139 111 149 127 135 148 57 113 109 20 200 42 81 192 100 81 83 113 151
180 83 20 64 181 37 67 36 195 5 136 191 178 158 44 157 194 64 81 123 3 125 53 28 65 22 80 123 101 196 198 24 87 20 182 103 170 45 108 164
88 196 127 42 38 34 42 34 74 66 9 174 135 200 110 84 32 3 194 5 110 64 4 131 41 196 57 87 144 20 160 127 108 50 101 155 170 124 8 39
22 96 164 162 75 174 43 70 177 167 63 165 165 161 174 147 37 126 106 181 69 98 13 60 51 20 83 24 122 159 89 200 21 11 133 195 190 161 169 198
65 23 58 125 53 96 158 157 128 123 89 81 67 63 117 174 136 15 90 199 115 66 34 77 28 129 158 194 68 44 77 172 24 87 9 65 168 181 109 159
72 42 164 45 183 38 5 113 160 156 187 119 64 188 122 101 116 47 76 133 80 110 56 70 33 138 15 10 71 115 131 97 189 177 174 198 188 79 121 143
10 126 128 113 169 172 73 95 144 140 64 193 153 16 24 93 54 192 161 109 135 132 22 48 15 38 26 112 164 100 29 48 174 180 128 106 117 141 91 75
45 162 95 107 173 187 106 111 110 26 30 37 186 66 149 173 148 24 65 111 140 180 9 177 98 94 148 79 136 112 1 192 141 121 135 116 137 104 183 62
152 59 137 7 59 16 28 18 175 24 119 53 73 124 99 103 116 118 16 75 36 76 62 59 30 42 91 100 18 39 26 150 15 169 120 50 63 137 107 194
150 101 189 11 184 108 34 132 128 154 102 159 33 122 68 98 103 30 172 156 7 43 81 174 65 165 94 1 138 23 77 132 140 191 197 155 128 54 170 36
9 124 106 156 114 85 177 99 10 88 106 1 138 82 64 157 139 125 32 60 123 115 158 14 184 82 7 7 96 19 168 4 133 173 2 79 72 155 120 21
130 195 199 193 67 188 62 138 182 19 69 62 107 174 37 31 25 4 133 129 88 34 37 123 156 23 155 195 79 199 72 193 135 66 171 185 141 61 57 62
185 196 60 24 122 169 127 73 58 126 137 138 66 9 179 149 157 61 160 29 23 125 163 131 165 143 84 40 79 157 63 130 159 32 2 78 183 145 70 22
91 123 107 60 125 78 29 53 17 105 191 117 103 116 14 100 51 22 153 22 150 152 38 171 147 157 97 58 106 150 88 109 23 164 196 63 22 141 101 155
7 10 141 22 59 143 123 90 172 158 190 66 77 62 170 190 37 110 7 153 174 176 73 106 181 45 4 116 15 23 200 104 12 174 14 102 34 158 38 89
145 86 60 125 122 24 57 175 50 146 31 17 91 92 8 144 64 136 171 151 196 175 167 117 53 106 171 51 13 40 150 173 166 63 93 73 6 194 132 135
186 164 47 167 23 25 112 110 88 62 195 112 133 184 138 24 84 59 70 18 113 65 38 165 5 56 120 14 91 199 170 67 148 122 193 23 84 108 153 53
89 127 140 57 40 96 65 189 192 164 164 114 134 12 113 147 165 22 6 6 186 88 43 105 3 83 163 19 91 152 138 113 194 75 159 137 19 22 96 47
154 17 172 73 81 23 132 86 137 3 49 94 155 143 162 4 104 113 129 200 136 189 199 45 73 110 34 22 98 140 97 149 181 136 127 136 127 109 169 115
132 200 77 105 96 164 161 171 71 164 150 31 74 49 47 124 93 148 71 108 42 163 192 105 133 58 102 93 169 1 168 22 79 159 38 88 178 175 120 62
52 32 48 186 148 190 194 168 31 64 177 142 144 4 53 160 119 110 11 172 30 111 99 2 59 69 90 28 13 64 84 27 145 165 96 73 126 12 186 72
112 63 114 100 11 8 98 4 132 85 78 64 33 168 156 108 188 68 3 14 6 22 83 58 99 168 82 61 120 61 188 6 72 32 47 140 119 195 45 92
73 151 148 28 60 25 99 156 123 5 36 143 13 77 63 52 62 88 134 58 91 81 90 63 65 200 26 87 159 64 65 1 34 62 36 5 23 139 171 12
73 24 170 175 124 71 143 176 199 66 81 141 92 89 119 196 127 60 40 84 134 68 184 54 59 71 26 134 27 61 133 105 4 124 100 39 50 45 34 151
41 157 100 116 94 104 152 89 97 68 98 198 118 22 110 114 15 91 47 40 9 79 68 123 192 138 95 79 194 126 151 71 188 66 6 72 9 182 187 21
179 92 118 3 173 3 106 77 26 133 62 73 52 67 45 129 95 189 190 138 72 42 37 113 2 135 148 1 186 113 119 143 53 58 200 20 28 198 94 21
122 16 98 56 186 110 90 100 32 41 32 143 90 152 12 150 53 147 92 134 13 37 171 177 87 110 108 114 180 174 113 58 124 6 154 194 142 49 128 90
157 26 25 65 179 15 162 103 138 141 32 69 24 55 200 190 166 87 190 86 176 8 183 7 177 88 97 176 58 61 54 122 174 170 16 57 15 5 21 84
71 114 25 125 183 103 183 54 139 111 110 139 7 46 152 163 197 198 146 176 198 30 10 77 179 130 43 43 200 153 89 59 195 26 159 169 196 195 189 116
77 143 82 75 182 175 197 10 102 112 10 117 142 10 184 56 95 171 67 124 63 26 36 62 163 122 84 109 120 46 137 7 2 33 22 43 42 127 111 135
120 114 182 96 2 16 17 121 125 61 43 14 123 63 151 140 192 8 58 185 192 107 115 9 63 117 70 29 107 167 110 185 188 170 92 12 140 2 173 98
179 174 140 85 77 158 178 85 52 194 199 129 189 29 176 94 134 155 36 65 170 112 6 188 39 199 79 123 77 37 2 35 122 114 52 30 65 97 74 192
157 86 64 162 153 33 88 140 97 68 11 144 5 48 86 169 56 5 118 180 51 177 93 185 83 47 14 27 145 27 5 53 77 109 25 144 184 160 186 5
170 155 177 179 181 15 116 102 96 10 85 62 154 117 98 84 200 120 27 38 141 191 7 96 107 105 48 67 149 9 113 86 85 159 148 17 17 72 102 110
49 130 189 179 2 109 155 75 130 9 49 78 150 59 31 150 63 168 40 87 121 182 119 110 195 74 161 48 29 120 90 64 153 152 152 96 62 90 98 99
