60 	
48	75
1	8	9	9	6	
1	3	6	80	1	
0	8	3	29	5	
0	3	7	131	9	
1	2	8	145	8	
1	4	2	112	7	
1	8	7	195	4	
0	3	3	54	6	
1	4	3	137	4	
0	6	8	111	7	
0	6	1	177	9	
0	1	1	210	1	
1	8	5	103	7	
1	7	1	47	3	
1	2	3	260	9	
0	8	8	22	2	
0	8	5	239	2	
0	7	7	142	8	
1	2	7	220	9	
1	6	6	206	9	
0	6	2	286	4	
1	4	5	243	3	
0	5	5	257	3	
1	1	5	39	3	
1	3	1	260	9	
0	5	5	209	2	
0	7	8	175	5	
0	9	3	64	6	
0	6	4	257	6	
0	5	1	193	1	
0	9	6	7	9	
1	6	5	163	6	
1	2	6	15	7	
1	8	5	41	8	
0	2	8	3	6	
0	8	9	141	4	
0	1	3	80	8	
0	7	8	160	6	
1	3	1	127	3	
1	2	8	93	6	
1	4	8	206	6	
1	7	5	222	2	
1	8	8	273	2	
0	3	2	16	8	
0	4	4	267	4	
1	1	2	23	8	
0	1	8	89	2	
0	8	2	153	5	
1	5	5	68	7	
0	6	2	294	1	
0	7	6	119	1	
1	6	2	255	2	
1	4	5	85	4	
0	2	1	200	3	
1	9	9	199	8	
1	5	9	212	7	
1	2	4	33	7	
0	4	8	85	4	
0	5	3	180	1	
0	4	9	201	2	
135 162 21 181 130 191 142 116 86 179 47 28 14 102 71 167 107 154 26 34 106 82 46 177 153 106 112 196 76 114 171 49 19 36 151 24 80 5 141 4 6 35 186 106 66 107 161 133 2 56 114 120 132 60 77 3 167 160 94 120
155 162 39 111 34 55 83 182 198 135 10 146 172 63 110 155 194 147 146 183 109 147 177 88 33 166 75 89 158 171 160 88 44 18 94 31 92 91 164 121 66 63 111 105 41 58 184 40 82 86 169 108 142 90 167 68 182 29 174 5
161 197 56 191 83 79 34 123 3 3 66 162 3 99 51 133 91 48 149 143 38 63 142 31 16 139 7 159 48 199 3 95 107 55 118 44 163 166 66 195 84 44 10 54 138 85 128 54 50 85 75 26 135 82 30 155 150 28 103 69
49 30 109 13 109 50 7 79 115 7 22 106 2 100 160 82 25 121 19 28 3 155 35 53 53 55 57 89 45 77 104 48 17 38 192 161 103 4 183 173 112 56 131 124 56 2 63 113 184 68 71 105 65 56 36 89 142 99 7 75
62 26 31 183 117 85 27 93 101 143 194 127 197 83 76 180 114 17 176 180 191 159 27 127 153 122 177 55 77 50 194 74 35 126 82 75 148 196 92 98 26 165 87 127 186 91 131 192 67 141 19 134 97 71 188 105 36 173 171 50
127 80 183 122 3 112 88 64 8 91 98 145 114 160 13 146 48 88 167 64 131 180 120 120 8 104 188 168 28 196 71 117 65 123 176 140 136 138 22 58 171 153 89 28 78 184 86 70 74 194 61 15 189 169 175 53 146 149 25 71
200 134 39 113 71 128 193 47 184 194 105 99 41 7 123 179 156 60 32 9 69 78 60 108 138 52 127 110 36 176 62 178 26 10 122 147 111 92 170 18 120 197 5 15 24 35 154 197 31 24 39 45 199 133 107 120 5 45 75 165
63 156 129 168 13 185 196 180 139 184 40 63 3 108 63 181 177 130 18 125 92 159 23 154 30 183 170 185 93 173 187 36 25 43 163 53 55 116 162 161 21 120 24 52 39 49 91 171 134 161 91 9 178 124 87 119 190 27 130 122
166 114 48 140 173 118 141 160 60 199 51 188 40 29 162 36 30 91 60 25 183 94 140 75 10 77 70 72 24 30 123 149 132 83 32 26 156 41 194 4 198 13 59 104 52 116 178 117 132 105 130 154 110 131 93 2 104 48 17 178
148 87 194 23 30 14 75 78 102 139 138 184 93 9 64 129 144 62 46 10 1 41 135 89 148 199 41 69 24 97 70 117 5 34 194 70 130 192 186 18 119 115 180 54 146 55 104 11 105 104 9 116 95 21 80 147 19 144 136 90
61 73 155 144 126 177 119 176 191 17 164 96 136 25 125 106 171 108 68 158 192 121 192 106 16 2 196 26 151 181 185 183 56 94 1 121 55 162 93 74 93 178 133 45 21 139 94 167 97 59 163 36 146 36 82 87 35 18 197 70
176 162 109 160 146 120 186 138 165 86 38 32 75 169 199 49 191 108 83 38 144 81 119 60 122 8 86 159 20 130 71 187 172 95 44 77 70 11 130 191 156 96 83 30 13 55 21 167 118 10 68 113 57 132 182 199 104 94 84 186
25 37 147 17 183 194 198 78 57 131 168 138 136 24 131 146 153 193 90 116 151 147 126 104 198 60 158 8 70 16 120 56 144 166 4 97 198 5 83 130 191 161 39 111 173 176 191 159 184 165 181 127 44 63 75 164 140 165 49 154
63 103 63 48 171 92 60 82 128 172 82 4 88 24 193 1 118 33 50 86 145 167 163 55 82 189 16 36 122 140 103 131 32 62 94 152 53 135 12 120 52 31 188 110 168 138 71 17 143 159 126 178 41 72 28 115 3 117 164 13
83 64 7 160 117 198 154 88 81 22 64 31 67 3 105 86 82 125 25 187 74 106 42 146 2 53 91 87 68 126 68 185 189 187 97 66 49 119 63 35 22 63 66 153 130 161 46 173 14 127 177 86 182 2 8 43 31 38 43 71
81 86 3 195 95 193 65 158 160 150 141 86 88 136 169 60 147 163 139 141 185 48 19 92 7 22 179 6 144 158 109 96 122 77 150 51 130 111 49 32 48 79 83 153 190 52 69 98 33 85 196 172 138 107 141 26 159 108 20 180
130 153 112 141 106 45 144 74 80 20 183 47 19 122 148 22 115 53 75 200 102 147 65 186 62 24 34 69 72 176 140 129 24 123 165 14 107 86 109 43 183 96 104 86 95 155 181 33 171 115 150 42 66 64 198 22 153 16 77 129
150 104 108 62 200 144 44 63 70 91 55 64 32 186 4 67 133 90 193 146 161 39 140 22 82 55 6 175 140 118 101 120 96 198 63 133 198 192 141 95 106 180 193 36 11 41 55 28 173 157 90 191 151 146 66 159 49 140 73 161
55 153 104 51 34 198 109 17 139 175 191 40 150 130 83 66 195 106 35 46 196 118 138 37 3 10 180 146 85 131 81 150 6 44 117 162 92 106 110 194 31 147 9 140 48 54 186 179 187 16 79 67 63 123 153 164 170 6 9 39
106 173 79 168 106 21 22 115 156 53 58 130 122 24 85 15 47 185 56 12 151 23 149 96 18 151 102 32 83 30 78 128 182 85 41 87 26 25 192 23 160 41 36 31 91 193 164 128 33 190 131 149 141 59 29 156 12 112 152 169
118 59 41 174 64 115 63 182 51 44 40 141 197 123 19 132 135 122 158 167 99 11 36 25 113 129 191 34 91 133 123 149 58 152 133 77 177 84 139 127 145 11 118 190 35 124 188 171 97 59 64 147 109 187 129 147 10 192 177 91
192 186 68 103 24 195 168 113 93 181 148 191 181 120 121 22 61 70 22 103 69 28 158 10 75 50 116 148 7 191 41 145 170 55 76 118 101 107 69 151 73 87 40 155 120 18 87 38 142 77 179 188 188 106 46 183 70 75 12 197
148 5 89 133 47 180 88 134 179 54 25 174 186 79 64 15 109 51 148 104 115 30 93 153 113 71 7 79 174 52 69 102 182 33 78 81 175 63 169 193 16 23 125 41 124 119 181 23 164 101 151 159 26 133 182 19 79 139 35 49
2 84 196 6 72 178 81 94 199 79 123 63 152 187 3 28 60 78 83 74 30 9 198 37 181 93 11 65 116 72 157 175 191 145 65 117 177 56 142 189 63 42 85 143 161 183 88 16 55 42 161 106 70 52 42 14 62 97 197 173
72 170 180 54 160 16 50 95 78 79 93 22 184 114 184 12 24 190 189 124 59 96 153 46 48 197 39 104 8 91 126 88 180 136 118 26 53 22 9 57 58 153 143 167 137 1 5 196 9 87 95 84 160 179 191 134 108 180 66 86
185 132 118 167 115 127 196 10 11 121 115 142 89 162 49 107 116 31 101 173 128 178 193 11 57 42 108 148 158 118 124 21 139 79 96 174 16 126 53 179 3 43 10 111 102 131 155 192 184 145 46 31 66 95 59 88 109 30 68 173
123 97 121 196 157 9 200 68 163 173 163 164 167 172 120 145 97 88 158 132 88 167 169 11 177 143 16 23 137 44 22 117 152 136 21 166 142 184 159 157 185 18 132 131 11 199 31 164 88 75 42 140 118 187 68 115 148 128 79 43
136 132 181 116 105 80 187 34 21 136 124 146 141 65 124 27 51 44 42 181 164 178 109 29 180 169 23 112 97 143 21 126 25 51 174 129 17 61 154 111 157 87 26 196 76 164 94 113 193 184 21 82 178 97 9 62 116 169 58 127
197 43 125 48 146 155 183 40 179 75 60 103 199 39 22 175 170 58 70 37 37 37 47 148 87 65 22 4 176 148 146 174 120 137 193 188 83 75 63 96 143 88 175 50 33 7 43 55 135 22 141 198 156 110 65 146 94 119 153 94
87 98 66 132 143 192 19 156 183 79 181 98 12 127 136 80 8 9 6 66 194 153 128 37 180 107 22 173 118 59 63 96 199 92 10 139 165 90 162 144 198 86 85 125 92 141 3 197 188 99 7 37 131 14 13 164 153 27 136 180
155 104 88 133 128 17 145 35 50 23 19 40 160 94 78 159 194 32 107 170 192 97 116 186 70 169 196 118 6 16 176 66 120 30 197 33 197 119 182 85 185 140 4 126 101 181 44 26 60 174 31 68 61 19 83 137 27 8 158 169
62 176 163 188 200 50 47 21 77 20 141 36 20 167 55 15 87 38 183 161 48 13 171 23 65 85 28 66 100 156 49 18 75 81 80 76 44 134 155 102 84 142 28 95 54 110 39 146 99 122 195 109 148 44 142 135 33 105 109 43
11 25 124 86 40 156 108 133 66 59 182 58 79 112 99 59 15 15 195 30 131 189 176 57 15 71 147 35 100 81 38 52 18 134 22 159 81 162 22 83 36 65 161 164 20 106 43 3 157 125 165 163 199 16 61 69 21 83 136 137
33 199 42 131 105 156 56 12 68 127 67 75 38 87 22 6 162 109 120 32 151 119 38 101 79 192 8 23 181 101 185 175 107 115 148 132 58 118 74 150 19 69 159 184 131 115 89 32 57 35 143 170 63 46 176 5 186 113 157 80
183 24 8 195 66 196 177 142 152 32 41 159 6 21 17 41 42 104 36 134 27 26 88 124 7 97 12 154 50 74 145 44 169 190 23 67 188 87 105 138 153 19 45 130 97 81 72 22 32 7 178 30 171 4 7 199 177 130 91 45
3 6 92 74 92 192 195 183 167 152 1 165 54 96 197 38 13 127 92 128 75 108 4 144 157 181 185 66 83 79 78 57 140 94 157 61 28 85 34 140 187 165 97 193 189 77 106 62 140 176 70 37 1 68 47 108 118 150 91 80
99 170 117 157 43 47 24 168 53 160 79 101 200 55 126 194 66 198 60 189 164 189 10 4 75 196 61 5 121 144 107 95 75 105 199 175 126 99 1 151 138 94 126 96 12 11 145 7 66 157 8 102 161 74 15 170 32 199 177 168
128 36 151 89 185 11 47 43 159 164 2 126 158 84 142 28 112 124 18 46 198 187 72 9 155 10 92 70 125 165 63 12 125 65 199 14 172 182 21 173 154 24 158 139 162 44 25 100 163 88 177 199 101 196 155 45 75 178 153 56
3 53 100 113 47 161 125 174 190 100 18 7 61 172 105 96 24 32 165 160 94 144 160 126 73 86 21 83 47 57 165 166 126 28 101 121 95 156 196 109 46 12 198 137 104 65 25 55 25 155 140 42 106 11 172 31 172 142 55 187
30 103 59 60 190 41 183 90 152 47 32 133 2 66 97 1 61 68 3 40 85 165 160 186 44 88 148 191 111 102 142 191 188 9 177 147 138 78 61 74 66 42 40 66 198 198 141 147 182 139 42 6 172 154 117 31 142 142 137 130
70 187 93 74 154 156 151 42 20 31 76 73 137 11 115 100 51 199 167 26 107 86 54 68 26 147 42 200 72 39 181 192 36 127 185 43 160 30 46 146 92 200 133 66 176 61 55 58 130 100 54 42 6 29 29 192 118 171 72 15
29 39 129 1 86 128 12 117 9 91 185 93 72 150 118 69 93 25 63 115 95 2 141 17 139 149 26 44 41 95 125 2 8 18 23 199 103 39 101 61 56 157 154 51 191 185 46 198 195 126 42 170 142 90 75 196 62 14 40 125
54 114 93 93 130 10 29 133 174 2 25 48 38 21 31 11 151 20 148 200 70 22 174 136 144 114 148 4 113 17 146 106 109 91 66 167 150 61 161 44 134 90 198 120 35 44 162 168 40 57 64 55 176 143 10 100 191 4 47 92
69 100 98 42 63 99 182 164 33 135 63 84 155 2 147 40 63 151 136 153 100 146 86 91 196 94 90 101 168 199 194 102 1 199 106 167 16 91 179 67 120 183 20 104 131 131 188 19 13 200 54 104 107 160 151 88 151 144 179 57
194 73 103 157 109 36 181 47 156 173 93 121 88 185 90 30 142 139 57 177 134 177 131 62 53 147 138 146 54 73 6 156 164 144 164 61 137 54 30 34 141 57 94 172 15 30 194 141 158 91 182 170 113 43 101 124 49 180 185 16
197 88 157 103 171 19 70 200 89 175 118 17 43 12 142 116 115 43 34 40 189 113 83 42 70 90 18 25 81 192 135 23 16 167 19 190 75 164 82 95 44 177 49 54 198 131 186 20 46 108 32 63 157 54 94 100 22 127 194 197
134 46 48 20 162 68 97 183 8 42 7 52 130 125 82 166 143 174 180 141 37 107 13 7 4 107 17 179 55 78 175 28 57 141 120 188 147 99 124 126 131 68 180 88 37 186 64 32 102 36 105 179 114 129 74 14 168 145 67 71
93 157 185 156 135 178 3 149 31 5 84 21 54 174 169 155 3 129 22 59 57 71 6 154 148 110 27 51 19 151 42 69 95 47 84 104 37 34 94 136 158 13 173 129 35 38 59 40 180 123 23 1 61 36 174 8 79 5 147 60
164 153 77 133 38 79 69 42 86 150 192 93 200 57 63 200 140 149 152 66 115 68 158 45 61 180 31 196 33 72 113 105 125 108 99 109 156 85 159 129 40 23 183 69 140 163 50 186 167 104 70 33 63 105 139 103 162 8 48 44
140 42 29 75 42 2 82 184 154 183 8 67 94 146 14 84 130 169 68 42 101 156 49 149 30 7 145 129 65 186 87 179 134 47 186 151 165 126 190 37 67 138 78 121 75 177 14 93 23 76 179 18 126 142 19 3 136 1 63 107
3 94 124 155 91 168 35 86 163 105 60 131 3 15 140 158 21 91 128 108 64 50 33 119 38 36 153 102 200 108 34 107 17 102 150 37 110 107 145 16 147 78 81 81 36 30 77 9 120 87 102 16 183 20 197 52 180 157 93 181
122 182 123 3 131 196 197 152 25 90 83 124 188 181 36 103 25 186 195 78 152 35 93 145 49 126 106 49 47 67 159 41 89 106 73 95 147 142 200 128 191 87 199 45 144 177 68 9 52 121 151 143 20 19 35 154 114 32 158 162
99 37 17 105 158 105 90 89 25 24 189 1 114 127 166 99 195 185 79 158 145 67 132 187 181 9 17 145 80 25 191 87 181 68 101 145 198 55 189 13 32 178 181 95 194 8 148 5 72 181 21 152 6 125 146 154 72 77 102 115
180 103 35 99 161 122 33 13 32 95 190 135 117 173 87 151 32 56 96 35 73 36 149 84 5 157 41 52 117 93 8 155 128 19 10 78 86 52 20 85 125 57 104 69 129 44 115 42 143 41 11 42 53 170 177 195 90 12 44 138
68 18 200 79 189 49 152 9 18 188 168 62 47 119 56 188 99 101 57 75 53 199 169 185 31 86 121 12 149 119 150 31 6 157 191 179 77 62 51 143 189 5 88 182 73 139 150 101 154 163 76 48 96 129 102 116 145 65 159 71
27 177 165 175 107 198 157 4 168 46 111 135 24 189 133 25 162 41 188 136 27 127 111 160 122 121 32 178 101 177 3 163 107 134 44 66 86 164 134 10 92 43 180 120 177 113 90 15 27 18 185 139 8 171 171 64 31 102 89 66
15 78 124 51 18 192 143 27 121 81 62 41 159 68 134 150 119 136 44 162 142 115 116 111 15 96 9 187 46 105 120 10 102 76 97 133 102 50 28 158 19 123 188 44 28 164 96 71 151 56 78 107 63 90 67 61 147 167 101 62
38 23 162 144 71 49 66 20 181 179 95 47 174 64 190 40 50 107 7 60 129 49 122 91 33 192 119 13 36 36 180 108 80 95 66 85 145 178 128 114 82 147 19 108 72 152 195 94 71 155 116 110 193 173 153 139 39 69 55 31
43 194 46 139 33 81 85 83 200 133 102 57 161 94 99 167 27 167 8 193 178 193 148 126 105 57 30 86 176 128 157 87 134 31 149 162 156 42 99 163 13 58 200 187 60 111 15 146 144 156 67 186 110 114 147 106 1 169 81 137
193 90 153 79 73 44 138 59 49 91 84 14 36 8 96 71 151 155 178 15 57 107 45 124 17 5 62 7 54 66 65 190 55 127 188 124 147 173 189 37 19 196 28 173 93 133 78 101 147 189 72 164 23 143 64 180 169 57 170 75
148 81 186 46 38 163 86 1 188 2 98 186 153 73 103 41 134 179 84 120 8 160 28 16 179 51 62 194 85 126 184 177 4 141 154 136 117 164 178 173 138 185 74 144 5 52 41 13 98 71 142 125 106 8 57 109 182 123 119 100
