90 	
1	91
1	5	9	185	5	
1	9	5	43	1	
1	4	9	384	4	
1	7	3	51	9	
1	4	5	379	7	
1	3	4	239	9	
0	8	9	284	4	
0	8	8	421	4	
1	4	2	137	3	
0	7	2	209	1	
0	7	3	209	4	
0	3	3	445	2	
0	4	1	290	4	
0	3	4	232	2	
1	3	6	36	8	
0	5	6	246	9	
1	1	5	286	7	
0	6	6	253	3	
0	1	5	337	7	
0	6	6	112	5	
1	4	6	307	8	
0	2	8	376	3	
1	5	1	108	8	
1	9	8	378	8	
0	2	8	382	1	
1	9	7	280	1	
0	1	1	328	7	
1	8	1	432	9	
1	2	2	384	3	
0	5	4	39	9	
1	9	9	280	7	
1	2	1	7	8	
0	9	2	39	3	
0	8	1	365	5	
0	8	4	276	7	
0	1	1	358	3	
1	2	5	80	9	
0	1	6	293	2	
1	3	8	286	6	
0	2	9	375	3	
0	7	8	393	7	
0	3	3	109	3	
0	2	7	166	4	
1	8	8	255	5	
1	5	2	347	3	
1	3	7	321	5	
0	7	7	139	3	
1	6	6	106	4	
1	4	8	136	7	
0	1	6	298	3	
1	2	1	323	6	
0	3	3	363	4	
1	7	8	145	7	
1	4	2	115	5	
1	8	2	252	9	
1	5	4	66	7	
0	7	2	315	8	
0	1	1	349	9	
1	5	5	3	3	
1	7	2	350	9	
0	9	4	403	8	
1	2	6	84	5	
1	7	3	294	4	
1	2	8	38	1	
0	2	5	48	8	
1	9	6	161	7	
1	6	7	21	1	
0	3	7	147	5	
1	7	3	120	5	
0	6	4	160	1	
0	1	6	206	4	
0	2	7	64	6	
0	8	6	422	5	
1	2	8	309	8	
1	6	3	378	7	
1	7	6	68	6	
0	9	1	74	4	
1	8	1	315	8	
1	9	2	337	2	
0	1	6	255	8	
0	4	1	144	6	
0	8	5	381	1	
1	9	1	325	4	
1	6	4	179	6	
1	3	2	390	1	
1	2	2	425	2	
1	4	2	286	2	
1	8	5	213	2	
1	6	8	25	8	
1	7	4	257	4	
61 57 195 15 73 121 198 18 186 93 23 116 99 48 6 136 176 174 175 54 8 91 127 32 68 72 70 14 128 102 126 193 33 27 107 75 185 21 29 161 94 59 31 5 82 129 32 112 100 122 2 84 159 74 118 20 60 72 158 137 33 168 195 19 197 55 44 76 46 46 38 65 85 57 169 179 106 5 82 190 97 97 114 42 54 139 25 53 141 190
1 40 104 37 147 103 187 9 132 26 106 22 136 77 82 90 101 177 176 25 32 131 184 156 26 110 109 19 1 197 102 110 97 4 123 140 195 25 89 157 59 134 127 40 184 53 58 70 99 132 178 87 130 178 197 43 95 17 126 41 155 155 82 23 19 44 97 186 105 81 31 163 180 192 143 131 161 166 197 56 10 95 2 90 187 178 104 138 110 63
194 173 137 188 93 150 163 174 33 13 177 127 115 152 4 130 75 104 177 54 65 111 10 58 120 9 25 2 148 12 99 27 194 145 101 73 127 21 126 169 44 184 193 2 77 25 121 24 163 153 157 34 54 159 168 106 45 101 192 56 190 40 55 183 152 10 27 24 164 25 133 13 165 109 137 97 92 63 28 122 84 109 75 140 177 121 125 40 117 194
182 33 159 81 161 94 50 182 60 166 126 162 93 152 82 86 23 169 118 34 150 145 185 182 75 82 129 2 168 11 130 19 82 144 80 65 85 81 16 7 102 19 108 135 12 182 166 167 165 149 128 38 104 34 88 86 159 103 118 120 127 27 87 144 200 66 164 40 156 110 100 149 157 19 41 113 111 107 83 25 148 128 176 130 38 136 195 15 186 19
165 55 177 83 1 89 1 149 188 124 21 66 10 147 159 160 160 179 37 112 12 103 194 196 197 116 141 78 192 159 58 164 77 124 181 177 40 6 114 25 130 37 179 64 18 105 100 56 107 72 102 56 124 81 45 44 147 117 106 123 67 64 59 182 125 112 178 157 12 163 59 197 23 49 153 15 78 6 152 193 124 31 99 1 4 117 48 93 31 93
55 51 13 122 119 159 88 144 200 120 124 49 17 130 28 99 99 170 30 34 18 41 143 56 43 75 194 48 78 116 29 125 142 153 186 117 152 91 63 93 1 19 150 137 22 107 134 66 117 162 151 79 113 160 43 162 15 175 159 147 179 146 65 67 161 17 181 123 90 32 91 138 186 24 144 87 115 177 106 120 129 174 49 50 83 173 107 60 127 12
159 179 25 32 139 71 142 86 124 56 100 36 139 176 145 92 4 18 99 112 97 58 166 194 109 27 162 19 134 50 93 167 57 74 109 48 101 38 168 84 167 34 100 144 85 31 42 181 168 150 163 97 105 88 24 75 197 158 44 132 161 138 19 56 40 144 95 153 24 82 124 65 154 102 37 93 144 200 48 82 77 135 144 164 42 27 149 115 154 149
136 99 13 189 153 25 143 52 81 177 114 119 58 42 113 134 99 16 51 114 1 192 132 164 200 102 178 78 87 181 128 74 160 162 90 68 122 41 156 12 184 172 96 178 2 66 193 97 95 198 37 110 49 150 100 44 174 54 94 144 113 155 158 177 2 188 192 71 190 4 144 135 20 145 89 62 52 1 103 187 19 82 36 76 34 74 17 117 166 104
164 76 141 75 184 85 30 191 78 2 155 103 95 31 68 185 28 71 84 176 164 92 171 167 21 62 169 115 182 50 192 165 34 66 174 92 10 109 181 194 196 44 176 182 66 53 180 136 15 80 127 65 145 51 90 148 76 22 155 193 80 8 180 106 63 153 39 25 55 162 145 73 51 160 181 1 139 117 199 52 43 69 128 65 165 182 188 149 70 82
91 32 196 133 115 54 17 12 73 106 137 73 44 101 39 82 5 73 132 120 38 71 183 96 91 15 68 175 191 59 198 46 98 85 17 148 28 52 77 114 189 86 130 110 155 136 147 34 148 141 9 71 200 199 151 184 32 173 115 148 172 121 104 184 183 6 165 145 10 24 133 59 184 24 163 52 51 90 30 54 82 149 119 194 47 104 33 191 30 31
119 88 17 36 83 83 124 113 120 33 3 13 152 91 188 52 18 83 143 17 129 188 145 198 120 96 144 87 182 93 84 108 55 129 39 145 23 139 110 41 133 29 102 184 179 124 45 150 167 118 175 44 128 191 162 40 22 41 161 191 112 17 107 132 115 156 29 169 93 11 10 61 95 60 86 108 75 30 93 110 98 105 71 68 39 84 145 70 9 113
63 40 18 44 192 89 78 81 160 84 55 180 174 196 29 163 157 164 114 30 112 27 121 186 151 6 181 171 191 40 133 197 109 137 108 179 33 115 130 52 76 116 103 119 133 47 133 122 139 165 168 157 95 145 136 164 81 94 16 102 33 38 167 109 16 160 96 98 193 138 138 128 46 102 121 14 12 94 12 32 78 92 35 165 45 192 60 119 118 28
90 171 16 101 46 101 104 15 75 142 185 165 60 133 6 144 167 104 177 79 188 73 50 156 180 95 118 79 54 154 166 107 70 181 175 62 28 65 42 12 158 124 87 154 96 32 117 28 122 27 135 119 119 192 122 87 14 110 178 158 69 138 82 192 44 7 157 63 82 126 54 50 180 59 100 193 70 54 186 24 132 166 125 102 74 148 81 22 85 161
51 92 26 1 117 57 23 134 32 120 74 83 156 102 136 84 166 148 44 167 109 193 196 146 183 167 180 123 74 117 50 129 180 132 71 99 159 59 28 71 106 115 149 56 86 40 159 185 180 49 136 24 115 68 34 87 177 57 190 125 119 106 192 144 107 125 7 172 176 109 147 184 97 101 184 187 117 115 97 98 145 175 112 170 189 34 111 148 164 86
112 59 144 184 142 130 43 81 62 170 97 105 39 124 196 175 166 156 7 123 109 16 35 108 192 139 100 118 103 195 95 175 62 22 30 34 118 53 192 94 93 31 50 111 157 39 96 62 126 85 163 148 197 191 36 110 55 102 47 47 105 66 157 21 40 197 4 122 197 51 48 42 119 178 81 44 174 67 90 191 5 33 87 53 162 89 129 98 198 177
60 81 110 19 176 191 67 50 34 141 72 45 173 192 21 25 47 40 26 138 120 125 97 69 138 117 16 16 52 42 119 130 154 51 182 34 111 82 153 176 61 139 12 73 117 144 193 99 83 199 137 64 193 80 187 42 189 102 114 46 10 199 105 143 125 184 188 85 171 39 138 174 26 77 198 53 160 159 184 41 46 68 143 52 199 140 163 35 87 160
174 157 196 148 103 80 169 64 150 68 41 174 114 74 171 158 33 32 62 91 16 141 154 171 109 109 84 49 92 188 184 73 41 115 95 154 79 95 183 177 35 85 65 87 196 128 145 52 12 150 161 148 131 51 57 106 15 71 67 120 37 70 88 142 167 148 147 141 34 136 33 119 28 60 145 102 129 161 104 63 123 82 102 89 197 147 95 100 44 45
52 52 40 8 56 81 20 149 132 93 173 35 170 188 61 198 134 197 133 6 159 181 193 49 44 188 1 158 64 16 50 86 92 172 148 69 127 128 189 187 3 142 170 86 162 143 42 95 55 192 42 57 125 112 56 141 101 77 22 86 163 1 129 94 134 125 73 44 185 4 9 5 31 178 197 139 52 52 41 86 12 32 180 82 186 55 45 97 7 117
103 56 67 174 138 159 92 71 38 83 161 106 177 9 61 3 10 64 45 71 27 97 29 157 149 139 117 47 24 106 146 180 177 164 113 161 63 65 100 65 41 72 152 182 183 73 115 12 156 103 158 122 31 194 172 20 192 37 39 77 109 178 17 170 182 65 104 157 154 124 95 60 150 200 38 53 84 66 127 55 57 189 59 72 137 3 111 3 59 195
32 59 121 68 127 163 195 187 142 81 155 173 143 28 3 80 79 19 39 93 198 81 70 59 135 186 67 115 198 38 32 136 29 127 31 147 119 131 159 172 159 46 122 85 200 94 184 31 89 107 35 163 77 145 187 4 85 6 1 130 137 74 121 154 93 129 110 35 52 39 157 113 59 95 94 94 2 101 69 53 198 49 31 163 114 20 149 89 189 112
49 189 185 130 181 22 186 77 28 46 126 176 148 63 86 92 134 117 142 30 81 41 192 153 3 24 117 91 111 31 9 121 33 19 124 91 13 137 57 100 50 10 107 84 33 125 58 149 6 163 149 63 14 55 155 60 98 47 187 67 80 152 161 64 73 18 101 18 104 173 163 165 146 20 162 109 145 19 190 39 70 143 48 114 64 155 34 157 142 92
50 68 65 160 18 10 103 102 94 63 58 26 68 71 125 156 59 136 66 153 135 142 57 47 19 23 76 186 165 102 170 69 53 24 33 85 98 176 168 125 96 190 20 104 131 1 161 135 131 48 58 160 108 80 142 183 147 163 93 79 62 190 89 2 47 49 98 17 66 44 104 180 14 132 79 11 39 145 121 169 62 165 130 12 194 198 121 8 55 13
181 75 46 98 181 136 97 48 185 197 189 155 175 29 173 32 135 76 112 156 80 79 160 31 68 113 147 174 176 12 86 106 145 76 198 184 86 108 79 47 30 88 148 47 56 170 116 130 109 101 47 108 141 95 4 113 41 198 154 176 124 188 151 120 68 18 6 81 88 183 180 16 117 123 40 199 128 13 173 150 172 113 110 150 180 73 40 88 47 36
93 74 41 88 196 179 40 2 158 197 168 184 33 110 171 135 100 86 84 109 109 175 4 152 133 32 122 132 21 177 184 107 4 180 199 12 61 91 73 37 44 125 16 137 135 59 51 75 110 156 14 132 185 53 23 105 170 23 132 74 167 32 69 20 174 69 36 115 100 115 191 149 112 24 2 21 45 188 150 109 151 61 140 52 158 180 178 198 192 15
162 189 131 165 7 138 110 144 105 197 77 24 26 88 36 13 142 105 30 173 10 127 13 174 61 67 73 188 103 191 79 51 92 3 152 173 144 5 141 100 199 36 16 174 133 179 43 133 21 128 27 40 1 58 73 91 7 186 51 94 67 156 19 136 165 84 144 163 10 169 140 116 154 184 199 126 121 113 192 167 122 88 77 91 42 111 5 187 63 129
67 128 36 186 80 32 36 8 107 56 145 65 98 87 55 89 155 31 86 98 157 199 12 85 78 100 77 178 93 71 181 114 103 154 31 17 149 121 119 85 147 118 158 99 80 60 112 172 95 181 47 119 37 135 39 149 200 91 118 121 127 86 23 98 178 124 48 193 75 92 43 193 198 48 188 114 143 156 145 27 43 24 9 4 3 176 175 118 44 9
200 100 158 193 117 64 198 187 31 87 63 154 15 80 102 178 156 198 75 51 199 117 48 109 111 4 44 17 41 135 73 126 200 112 109 5 59 19 76 99 104 109 107 82 78 120 9 53 137 175 175 113 55 42 85 187 130 132 144 168 150 63 25 43 104 30 131 46 183 193 138 57 199 34 126 78 170 106 81 79 69 173 8 112 131 76 139 26 172 42
133 156 153 175 184 106 160 86 158 70 69 106 29 142 91 101 196 20 26 80 85 182 98 25 44 49 166 142 151 146 32 22 95 133 25 114 61 196 100 186 198 74 150 160 17 139 76 24 118 134 146 1 155 35 122 118 37 109 183 181 187 39 70 46 68 38 148 183 17 75 190 160 190 159 101 36 72 46 130 34 47 131 191 168 165 19 187 38 119 187
104 113 66 126 158 114 51 57 171 191 64 71 131 12 77 5 54 168 86 29 181 128 154 79 176 181 73 71 57 105 125 81 141 61 49 162 83 125 33 126 94 23 111 49 11 122 100 20 113 1 168 125 105 190 58 62 199 14 133 187 199 157 163 27 62 29 145 191 94 153 139 89 73 137 119 66 63 97 66 43 175 46 74 123 155 10 170 176 31 50
200 80 120 130 166 93 111 162 183 70 27 10 78 33 170 66 94 92 199 68 172 103 163 34 54 18 109 179 12 38 167 68 197 123 68 139 138 57 45 112 47 10 66 81 196 184 50 147 181 111 68 85 169 123 75 120 150 20 144 136 35 96 43 100 176 189 116 148 47 173 92 170 14 196 163 27 120 175 82 175 141 128 176 179 113 75 68 173 164 48
21 112 96 121 20 174 102 141 141 137 29 19 5 186 39 179 153 45 67 52 78 102 177 70 68 87 52 69 31 36 173 21 199 190 78 52 161 21 50 129 86 100 21 33 31 162 165 139 2 85 158 197 28 10 169 119 3 23 96 120 63 142 178 200 184 26 197 59 108 70 10 142 13 2 137 91 17 68 29 145 200 43 88 65 192 199 97 30 1 57
141 170 190 9 115 126 47 32 116 126 51 44 165 146 97 81 142 116 2 89 142 67 7 18 29 195 130 191 60 187 121 6 87 38 62 192 185 191 161 22 152 116 130 1 64 166 80 113 130 45 17 61 113 193 56 10 17 126 68 3 91 180 124 83 135 152 29 181 195 34 189 109 88 23 161 67 22 99 186 134 187 56 87 189 156 154 91 94 25 190
184 96 84 112 2 123 154 176 27 104 97 32 159 170 105 34 113 18 97 61 158 131 112 78 89 31 32 44 90 73 137 42 50 152 182 49 190 30 23 182 20 131 196 67 116 164 95 130 43 14 113 183 157 70 123 21 86 73 103 87 8 156 9 63 65 152 3 39 61 48 146 47 45 110 18 15 51 35 70 155 58 194 55 140 196 54 139 158 10 127
34 99 110 117 171 82 6 51 1 143 139 93 86 32 68 49 61 127 199 22 47 172 19 84 30 119 53 187 157 110 182 28 199 83 67 137 104 8 22 94 58 117 2 37 158 93 91 140 172 176 37 153 34 132 123 45 94 100 88 103 127 57 193 37 167 121 13 91 24 94 80 91 113 199 97 65 171 49 6 73 168 96 185 95 80 101 169 21 52 28
82 24 197 120 182 13 63 8 137 127 15 190 128 99 188 81 119 188 66 41 3 178 140 113 161 55 29 94 29 23 52 107 169 90 129 125 65 119 193 198 173 8 174 117 87 84 2 6 159 29 64 29 34 124 85 179 39 87 4 190 48 27 11 117 143 23 71 98 106 94 200 140 135 167 122 60 60 92 41 189 50 95 177 147 108 149 132 31 85 49
117 37 116 53 116 70 31 48 17 17 193 116 107 3 76 72 190 73 145 98 52 93 192 90 31 187 188 12 155 99 14 31 181 92 18 149 52 40 7 123 102 19 155 111 140 28 103 194 187 101 97 141 12 106 113 104 46 113 158 75 34 89 184 120 22 45 192 130 39 59 82 190 111 193 172 30 153 41 13 125 83 157 86 80 167 168 92 69 102 164
29 12 75 92 7 186 132 165 99 116 173 153 196 96 132 48 160 149 39 163 29 115 14 176 103 142 32 58 130 119 132 187 177 40 41 119 150 160 108 186 121 41 166 43 61 168 29 44 45 52 114 113 24 48 182 154 56 4 55 37 130 7 32 184 128 161 165 100 187 135 103 125 112 192 187 78 116 97 193 94 186 139 122 177 74 105 67 2 156 31
147 39 154 7 192 150 68 45 164 72 139 192 171 135 87 83 34 9 138 64 38 156 144 27 32 69 175 10 110 150 150 127 25 195 83 159 134 78 76 49 29 121 55 91 126 16 171 153 120 2 11 134 30 49 143 26 114 161 129 177 4 90 19 110 150 20 175 11 27 33 173 140 115 95 167 19 124 182 173 38 142 150 14 104 73 46 121 17 78 120
61 92 59 53 9 117 120 162 30 8 147 157 197 21 72 45 11 107 35 90 177 122 103 37 184 178 194 47 119 124 25 21 70 24 7 83 97 17 141 13 164 121 7 139 174 181 74 11 71 169 132 113 109 177 53 59 119 148 58 58 4 32 140 196 59 184 66 152 139 71 162 20 49 53 98 3 111 89 121 113 176 147 200 128 28 176 20 49 30 50
151 128 200 38 114 71 69 96 20 96 52 82 133 124 25 94 100 172 19 17 188 16 121 15 39 141 105 142 156 111 157 90 24 159 89 5 29 45 145 129 48 114 42 184 36 9 168 126 51 8 75 104 26 74 113 64 139 17 87 133 14 196 157 171 105 178 13 105 138 64 32 104 29 82 192 173 140 123 180 156 169 45 67 48 10 165 28 135 199 151
145 113 134 167 78 76 10 131 12 55 173 136 115 28 24 44 51 87 55 94 25 151 67 62 27 105 23 80 173 48 56 103 169 162 92 179 29 8 75 99 199 51 93 71 52 26 164 118 163 158 88 62 80 76 33 33 177 198 157 140 29 16 53 97 18 141 124 152 148 84 111 196 192 177 165 99 21 9 5 166 65 199 5 46 14 86 64 14 72 144
33 90 30 172 48 194 113 160 46 123 99 198 187 169 9 164 115 179 147 79 166 31 116 69 58 115 178 178 108 20 148 34 86 18 17 48 7 89 196 158 112 193 113 104 17 124 5 197 37 151 52 88 82 19 151 4 75 180 189 130 123 124 13 71 188 190 2 139 190 199 183 150 60 72 76 64 25 50 57 84 24 74 112 10 74 190 194 23 158 10
188 177 143 100 170 125 35 78 55 159 4 102 105 77 176 55 74 189 169 144 29 149 72 167 153 153 23 109 38 158 49 138 160 51 161 161 76 120 15 68 115 105 116 133 33 195 163 111 64 82 48 157 196 21 162 141 97 156 12 118 63 188 139 139 74 26 100 39 95 119 19 54 149 68 61 87 197 4 71 120 147 55 159 141 197 157 93 142 157 163
106 129 102 24 185 82 61 149 178 106 82 151 169 198 122 193 169 102 54 73 178 106 10 146 175 68 49 33 196 6 195 145 172 58 59 48 179 86 6 166 89 105 46 47 89 161 68 74 166 77 151 112 35 97 111 61 93 23 79 26 143 46 93 157 198 88 197 116 11 66 71 3 144 72 94 74 104 137 130 175 126 64 33 171 36 100 4 177 50 26
178 43 60 143 180 197 77 6 146 89 10 169 105 153 177 181 54 179 144 37 30 55 154 123 58 161 124 57 195 15 129 200 38 152 40 33 131 147 111 156 50 25 195 129 199 142 109 172 121 35 58 144 43 11 74 98 52 15 109 64 62 43 58 171 12 166 192 53 167 126 96 84 52 21 22 95 131 48 185 106 174 178 22 110 70 9 176 115 10 115
51 151 115 51 61 172 75 117 20 128 181 75 91 197 197 6 79 183 183 44 4 41 112 1 195 85 37 13 182 190 42 17 84 10 23 30 33 42 151 111 41 178 116 88 163 108 196 93 200 17 127 118 21 172 64 164 133 110 176 184 68 1 149 4 197 60 80 12 187 35 161 59 88 1 45 23 61 7 16 144 178 33 100 192 181 11 163 50 185 33
118 112 148 189 142 119 95 132 188 193 76 140 142 19 98 86 113 59 169 111 140 63 179 74 91 54 40 88 132 127 42 114 41 95 152 45 14 46 114 128 126 74 69 179 162 82 5 89 163 5 70 21 155 144 194 67 22 59 13 199 9 108 29 72 141 168 177 73 13 4 152 40 82 63 71 62 2 22 29 199 72 107 166 113 111 68 109 61 109 8
57 172 162 110 112 190 155 82 1 44 79 189 45 87 114 47 54 144 192 83 45 6 103 97 25 104 23 90 14 91 150 149 118 143 13 110 138 46 25 5 139 5 155 78 79 180 78 147 91 104 43 29 80 90 121 157 90 21 100 176 51 134 51 6 72 109 182 185 131 114 97 168 73 55 185 185 28 110 49 160 8 63 154 159 123 148 23 87 114 51
93 157 55 77 198 127 44 125 2 171 57 191 147 173 172 80 121 16 35 65 132 138 154 22 76 184 39 43 11 1 9 165 105 5 71 83 192 78 112 144 24 130 30 8 89 174 103 103 14 72 88 162 41 59 120 71 9 4 50 137 50 198 4 73 169 127 167 197 15 150 53 142 43 182 51 132 72 187 56 116 126 37 22 68 154 160 131 43 68 17
77 83 153 150 54 154 184 15 115 182 187 180 65 111 70 97 165 166 189 17 144 80 136 92 62 106 192 136 146 41 191 168 40 6 131 94 12 162 161 120 49 124 78 200 118 10 21 151 55 99 113 72 11 187 74 89 76 150 3 29 46 58 144 184 165 181 70 9 186 16 67 133 40 143 31 164 184 164 129 124 119 101 34 68 88 121 24 32 188 101
138 125 83 30 49 166 50 67 124 77 136 177 70 169 113 145 192 127 122 181 93 38 98 19 36 72 58 11 26 139 175 101 45 154 115 38 160 153 114 147 117 91 29 119 163 150 2 149 198 73 101 59 198 190 28 102 2 9 49 34 74 178 167 148 199 57 176 155 74 4 89 194 82 179 107 161 198 46 121 67 83 33 127 179 86 21 174 111 126 24
7 182 181 145 118 193 89 126 34 146 125 184 128 140 124 198 153 48 48 16 75 66 88 161 11 75 80 51 10 80 55 192 52 160 153 49 94 175 46 42 108 198 135 113 65 81 52 67 178 145 123 15 103 30 145 49 70 57 133 123 143 162 9 72 89 13 29 13 44 114 81 83 151 23 19 32 112 76 42 151 108 54 175 63 88 143 143 89 37 6
21 10 152 99 120 27 178 103 38 39 162 79 40 112 65 84 93 119 179 104 64 96 31 116 189 124 146 152 75 51 23 46 75 200 94 152 198 81 30 195 82 58 4 120 103 53 185 174 131 3 84 38 188 74 158 185 6 11 46 132 197 177 57 192 40 102 106 10 90 88 14 179 129 101 146 186 92 156 10 36 166 38 38 37 60 159 71 64 60 124
151 109 188 93 113 191 56 5 41 188 69 25 190 150 92 100 101 178 167 96 112 186 187 144 152 194 113 113 27 72 163 19 128 154 33 145 163 51 49 132 58 83 55 81 136 94 83 44 76 187 167 180 96 3 83 105 55 82 135 55 140 104 191 186 12 100 111 163 139 98 100 172 13 54 136 1 5 103 146 52 158 119 57 171 144 64 174 68 159 93
179 196 53 43 22 19 87 44 72 73 81 25 85 157 87 67 85 51 162 198 155 109 34 124 180 175 107 157 95 168 200 36 105 59 101 33 188 23 155 164 82 78 124 12 10 31 165 171 184 145 57 8 169 3 90 139 123 115 114 102 172 112 52 91 113 31 177 179 21 106 32 129 137 156 184 78 33 144 103 3 128 56 30 118 175 18 196 176 121 9
61 54 34 43 113 101 139 122 179 41 190 150 145 104 184 36 97 104 94 37 137 90 97 33 27 194 101 70 73 142 191 39 194 155 199 171 188 186 1 68 54 167 65 77 90 90 21 61 88 122 166 159 48 119 162 69 39 141 98 38 1 108 42 199 4 142 92 70 181 129 34 122 87 167 36 131 80 93 60 81 21 121 149 200 143 174 6 178 169 52
98 188 59 89 41 9 49 174 31 141 170 24 62 196 20 139 181 86 187 142 41 40 148 181 152 126 78 53 178 84 112 199 187 21 34 43 25 34 190 67 96 136 127 62 142 143 72 188 96 123 181 54 189 99 75 144 138 144 178 23 163 151 101 189 51 126 91 126 73 98 114 111 14 61 179 177 61 119 30 72 43 127 59 25 148 76 22 107 24 106
10 66 180 89 92 146 25 116 129 6 85 155 153 157 168 54 97 30 97 47 111 21 7 31 78 129 137 132 83 39 112 145 169 161 105 100 172 155 30 42 164 75 84 119 9 133 168 13 130 151 50 28 18 94 87 3 172 40 15 82 28 5 53 90 134 131 182 17 61 194 130 145 150 100 70 107 190 14 95 121 10 69 65 123 9 82 40 83 73 64
173 28 191 27 107 26 13 165 39 57 49 3 183 49 129 96 58 174 28 99 188 87 113 49 168 114 106 144 13 158 92 103 169 14 83 160 18 185 14 32 188 166 124 59 94 142 100 32 158 107 43 68 200 99 143 33 20 98 81 13 71 176 166 7 149 33 111 117 103 58 61 156 129 125 2 125 121 83 25 6 14 94 163 64 157 160 118 180 41 164
87 70 180 56 31 152 94 177 82 162 47 129 152 24 192 39 44 19 131 46 62 120 45 122 174 117 110 86 72 199 124 59 46 33 62 11 180 136 156 167 32 71 128 88 64 73 124 53 61 114 88 51 48 109 72 101 58 34 152 141 106 85 98 59 178 147 86 64 46 143 168 95 93 119 25 31 128 138 13 75 69 97 22 2 107 103 27 24 129 37
126 153 175 112 101 61 23 166 119 154 76 89 37 85 80 35 82 131 108 173 43 177 57 68 188 96 5 59 177 80 8 111 198 114 103 97 69 175 109 178 145 122 116 156 19 44 134 116 155 104 111 104 127 175 57 116 7 125 67 200 112 90 102 193 56 38 118 69 46 77 41 108 44 48 63 85 58 90 178 19 90 36 199 156 198 176 164 71 192 156
185 117 117 27 177 43 63 165 80 136 194 128 197 30 127 51 79 165 125 185 41 41 150 189 174 124 131 191 183 81 121 91 165 35 170 65 141 110 121 91 131 115 160 61 1 90 35 61 33 80 116 69 73 10 37 127 151 40 187 105 112 139 42 191 73 179 90 180 31 86 82 162 181 128 50 25 128 131 160 165 44 23 192 105 144 136 141 24 193 71
42 58 134 14 71 183 48 176 70 81 98 198 124 198 86 118 140 36 189 4 118 46 42 58 187 52 107 14 186 177 37 19 200 101 117 108 6 179 70 99 9 29 148 175 22 67 54 191 31 176 21 88 72 85 56 124 196 185 63 179 193 28 53 152 112 109 154 144 93 117 85 87 198 34 46 92 116 185 167 127 146 46 52 71 5 159 197 188 59 87
177 48 58 45 162 108 70 10 157 55 173 173 18 141 160 167 21 23 44 170 82 77 84 78 89 34 197 120 28 69 120 175 124 188 153 197 194 127 193 111 126 180 68 55 123 80 151 192 156 9 150 170 97 134 198 65 27 146 154 84 46 163 133 191 147 134 80 128 190 40 140 116 194 134 15 78 72 133 40 10 149 18 75 55 86 137 43 114 179 153
98 109 4 53 153 62 108 72 116 184 69 119 161 18 158 189 192 170 123 105 147 116 156 68 28 10 5 139 157 110 57 157 1 77 195 70 136 2 48 164 94 95 63 73 87 120 163 176 36 135 35 200 137 18 154 128 59 151 99 182 158 42 73 77 25 178 25 34 98 45 98 44 53 98 112 151 158 80 139 78 109 86 170 123 84 126 79 97 82 161
50 45 187 20 45 190 172 133 23 126 70 76 76 182 148 27 66 46 41 132 176 107 61 107 70 135 3 3 37 4 58 133 188 98 53 6 34 179 105 161 194 68 84 88 102 89 123 144 187 40 85 175 36 157 150 199 173 142 170 198 170 145 170 45 41 40 38 23 55 150 173 167 181 75 160 154 83 148 24 44 180 191 93 22 35 79 131 107 192 136
66 21 129 98 83 130 126 35 164 138 35 129 162 79 22 5 27 109 95 110 31 157 44 124 32 108 126 12 171 109 96 63 136 46 62 180 150 130 166 127 165 87 191 28 135 117 51 130 38 32 96 163 95 111 179 170 127 175 79 74 73 14 126 193 11 20 182 191 99 148 129 138 156 114 164 164 30 72 76 156 32 40 45 133 142 81 58 34 40 27
180 79 114 60 142 148 82 145 62 67 8 10 167 182 79 151 87 168 35 79 47 121 3 158 103 115 185 60 143 22 174 167 96 137 178 198 141 124 16 112 86 7 117 147 195 185 190 173 28 195 11 66 107 43 187 191 44 158 167 98 115 83 11 110 102 16 57 164 45 110 145 142 154 188 115 128 43 161 22 6 44 57 24 179 156 99 122 116 162 154
186 19 176 116 83 151 194 114 14 68 97 55 147 104 166 7 94 129 181 120 89 200 177 88 144 119 137 170 99 167 116 98 134 72 101 149 20 194 16 64 111 97 19 153 38 25 158 127 79 27 63 157 113 127 138 200 107 116 119 111 27 99 157 184 154 35 154 9 108 48 172 131 140 122 81 4 120 82 75 93 121 2 155 3 102 68 42 51 198 105
128 182 35 116 150 38 134 140 122 36 1 74 103 100 77 36 24 52 140 173 87 193 27 198 140 5 5 4 63 34 193 194 12 169 141 75 35 194 191 56 155 21 44 156 104 77 104 77 43 110 18 132 131 134 22 99 84 199 137 63 9 78 56 187 25 93 181 109 186 111 60 142 141 155 66 54 122 60 76 34 23 68 177 131 88 174 86 107 163 99
30 99 87 3 130 129 153 146 44 53 111 50 86 92 133 119 55 144 94 82 2 180 135 2 49 111 145 109 71 12 126 69 145 81 97 1 48 46 138 26 26 178 133 22 170 46 45 178 160 131 92 105 33 130 17 90 108 118 54 35 184 115 40 119 28 182 7 125 19 23 103 100 146 187 62 87 173 86 68 159 60 20 179 159 64 10 142 185 75 64
86 181 169 103 180 58 153 151 192 154 28 25 72 166 138 81 94 146 57 152 132 95 165 103 87 188 15 24 169 72 82 150 26 80 187 44 183 87 169 95 101 105 128 185 33 85 138 12 32 33 130 80 175 12 74 18 149 169 16 197 129 161 115 126 177 141 91 189 75 34 132 11 191 108 162 186 113 161 41 36 125 174 33 197 200 120 197 71 33 147
164 151 197 188 113 99 30 120 171 21 116 106 22 41 32 179 99 15 182 21 3 113 163 93 149 147 184 4 7 80 31 156 120 164 149 106 107 89 61 96 101 16 142 175 4 170 8 35 78 55 49 37 151 182 133 147 132 21 15 191 31 108 129 143 1 66 163 69 162 81 198 140 113 18 94 128 9 95 40 171 85 45 38 12 156 130 149 185 38 182
78 75 183 4 9 4 134 64 154 168 19 135 134 84 91 107 200 122 44 16 190 148 3 137 101 53 148 89 84 190 5 81 78 90 93 198 5 106 176 78 59 151 156 174 65 52 153 16 124 21 94 57 77 42 145 168 171 100 120 2 167 138 194 62 5 91 76 25 178 23 49 32 39 44 59 170 94 65 107 19 58 28 133 7 192 83 147 179 180 94
110 151 99 160 176 63 1 44 40 77 137 64 80 92 157 4 85 59 93 145 78 173 120 173 58 130 14 154 178 43 59 199 51 130 10 160 181 21 157 153 38 31 65 88 180 145 15 120 157 69 59 118 87 163 178 49 24 71 14 157 137 30 65 155 81 46 63 134 165 64 69 173 4 183 157 85 51 120 151 83 177 63 22 93 25 140 161 24 175 8
43 128 63 173 110 94 6 131 65 166 70 7 63 92 13 183 36 195 62 154 110 85 72 109 133 101 68 89 145 41 167 56 48 32 60 28 9 43 161 40 9 47 101 75 139 12 13 34 111 75 139 148 100 70 4 9 115 66 15 100 54 68 187 66 159 62 18 33 22 145 112 35 2 76 77 144 77 198 95 152 71 80 69 172 46 154 15 114 128 121
63 27 32 190 76 169 29 29 120 124 54 151 71 146 11 172 158 160 199 62 198 72 45 167 52 78 48 110 46 143 188 109 89 76 183 179 75 195 82 182 102 13 128 101 174 161 166 151 52 152 18 142 110 96 12 121 142 48 150 151 95 143 91 182 148 31 136 28 46 8 90 140 62 61 185 65 153 88 150 19 107 23 142 13 144 6 123 106 129 13
23 139 74 29 37 106 22 37 34 83 96 181 126 188 126 168 199 23 91 44 166 72 170 185 69 40 104 44 103 85 195 97 32 19 45 184 184 82 135 181 114 166 116 192 170 26 60 8 35 79 31 145 151 170 137 98 29 41 105 102 83 124 58 164 176 180 123 102 155 4 122 123 1 128 26 131 122 134 147 186 126 31 151 95 140 51 167 115 105 24
90 35 60 3 94 135 178 86 64 173 142 160 40 191 91 198 75 84 32 180 197 3 149 161 10 162 1 117 158 173 92 184 120 63 64 55 54 86 101 75 125 155 43 150 81 109 95 169 1 63 96 103 56 125 193 189 125 44 101 18 2 155 105 26 108 3 107 139 196 98 145 95 113 30 133 102 30 170 149 10 93 76 55 127 109 129 29 67 159 109
108 152 124 7 6 194 32 75 113 184 52 136 43 43 186 8 47 130 63 14 52 107 22 200 20 98 148 74 134 92 53 91 70 113 64 195 43 108 139 143 123 179 188 160 57 187 178 45 94 96 46 38 178 141 174 145 144 140 182 46 65 167 159 179 173 69 55 69 113 162 56 181 31 169 134 184 180 100 53 112 112 48 90 10 2 76 171 193 56 138
8 110 187 92 134 134 165 41 33 42 93 81 111 92 36 122 63 26 138 28 147 172 17 46 94 108 111 91 140 148 110 61 65 93 145 98 113 22 110 97 42 110 76 58 160 138 168 152 20 106 139 70 171 129 153 166 26 85 123 196 173 64 47 121 10 8 6 24 65 16 12 41 188 186 172 76 87 100 48 87 82 134 94 127 166 126 60 137 16 180
21 63 154 140 12 77 155 17 92 92 21 128 141 185 97 189 54 86 72 117 88 166 43 128 17 137 132 191 48 138 38 167 161 140 70 78 24 99 5 69 51 116 151 129 43 117 45 167 23 82 48 140 90 5 1 51 52 92 175 80 39 187 94 181 28 88 200 7 163 114 117 24 149 6 88 85 38 58 50 8 75 54 175 60 104 87 188 191 57 45
16 18 158 170 32 114 47 126 116 159 81 127 93 58 57 115 136 58 50 4 77 140 116 97 14 112 25 47 35 187 89 95 71 45 8 12 162 188 88 24 90 87 123 40 95 5 7 95 195 147 87 125 197 47 181 79 5 13 61 153 92 104 55 98 94 129 168 133 141 34 68 180 135 150 20 12 117 97 51 160 129 102 15 42 37 41 34 82 94 129
103 113 10 180 131 176 28 194 51 53 102 28 80 165 44 74 172 153 99 162 33 181 194 64 197 129 18 128 59 152 168 64 93 32 154 83 139 169 8 122 86 6 122 131 71 62 62 87 9 161 156 14 164 116 37 159 23 41 74 6 29 19 52 146 128 31 12 141 76 139 106 47 95 47 108 141 102 109 144 67 190 143 86 39 9 101 190 129 44 23
112 176 52 17 88 161 165 115 41 28 176 152 23 66 52 62 84 60 160 199 70 6 133 167 109 39 70 141 81 188 51 133 93 169 36 85 32 53 172 113 41 52 114 195 170 6 199 24 60 161 5 156 171 143 69 155 187 19 11 120 129 114 87 175 32 48 138 72 116 161 141 63 109 109 43 58 74 167 171 72 58 143 109 143 1 123 153 163 147 88
158 87 185 92 63 71 33 143 21 43 54 132 172 4 70 74 18 163 32 86 4 11 133 127 7 84 170 143 106 147 58 105 6 118 39 62 194 118 159 102 66 85 51 135 131 78 88 150 81 138 21 47 154 128 156 122 115 10 7 199 41 154 67 190 158 173 144 90 94 16 90 179 28 146 28 100 125 84 86 47 67 113 57 112 173 82 167 195 107 88
54 154 63 185 115 147 33 107 78 176 139 14 193 39 68 93 70 20 117 143 130 165 187 7 185 41 50 53 161 44 153 26 39 129 134 189 68 100 53 159 51 163 121 102 127 165 112 190 60 15 104 134 95 62 110 178 162 70 41 93 132 122 97 96 26 73 189 85 130 195 118 185 25 26 123 101 178 58 104 89 60 29 74 102 188 122 184 157 193 161
162 20 134 18 164 169 161 15 70 16 179 172 157 25 38 62 24 17 113 38 89 115 86 150 136 112 58 81 176 132 143 85 199 88 113 181 69 177 25 195 180 121 141 97 172 145 82 173 119 74 56 32 60 178 194 8 193 153 100 157 99 35 163 179 48 144 148 3 187 14 161 130 19 176 54 175 104 72 136 105 7 54 42 36 109 200 99 162 32 145
86 166 194 179 85 25 26 47 140 164 159 51 184 2 78 149 3 195 119 57 154 98 154 38 137 139 173 192 124 152 86 21 164 156 92 39 67 156 130 192 16 151 1 30 184 90 79 72 111 27 102 92 50 87 76 182 168 155 18 132 122 70 38 92 137 79 10 185 63 105 103 23 43 48 13 77 44 146 176 174 68 24 139 57 3 91 48 143 183 20
24 87 8 8 41 101 65 42 60 104 12 184 101 138 38 34 173 183 174 65 34 75 125 107 40 27 149 130 159 22 139 11 114 172 85 104 6 56 77 89 27 124 105 12 61 84 2 180 132 39 171 49 34 148 176 9 104 107 79 46 135 157 2 170 33 143 29 55 183 112 81 73 40 182 190 42 94 158 175 87 91 49 176 125 108 134 122 147 100 70
39 151 122 61 23 129 108 161 129 85 14 154 124 15 119 35 109 25 175 30 81 125 117 95 140 167 199 58 157 131 173 124 157 143 192 114 141 101 176 162 143 1 45 188 139 110 36 105 47 111 152 86 187 35 166 34 171 68 166 40 13 41 175 27 93 167 65 174 35 56 5 4 115 67 96 38 141 116 195 158 106 110 74 125 157 142 40 82 68 97
