80 	
10	14
0	6	9	340	6	
0	9	2	629	2	
0	1	7	34	3	
0	6	6	335	1	
1	9	2	494	9	
1	1	3	336	3	
1	8	2	600	7	
0	6	2	662	4	
1	3	2	445	6	
0	4	8	79	6	
0	7	3	100	4	
0	6	5	199	5	
1	5	7	508	7	
0	6	9	134	1	
0	9	5	602	1	
1	3	9	537	6	
0	3	7	206	6	
0	2	9	184	6	
0	9	1	368	7	
1	8	4	86	5	
0	3	7	390	4	
1	6	7	505	5	
1	2	5	647	5	
0	8	8	349	3	
0	3	7	93	2	
1	4	9	774	3	
0	1	1	430	3	
1	1	2	562	3	
1	7	6	224	9	
1	6	3	595	4	
0	2	3	547	4	
1	3	7	601	2	
1	9	5	584	9	
1	5	4	341	2	
0	9	3	203	5	
0	5	7	563	5	
1	2	9	431	3	
1	5	6	530	1	
1	8	2	5	7	
1	9	3	680	4	
0	3	4	399	9	
0	6	3	70	4	
0	4	6	458	2	
0	1	7	470	3	
1	3	2	749	9	
0	4	6	232	8	
0	3	7	311	3	
0	3	3	8	1	
0	4	2	486	8	
1	2	5	235	6	
1	9	1	494	4	
1	5	9	778	1	
1	5	7	408	6	
1	4	7	745	6	
0	6	3	10	4	
0	6	7	60	9	
0	4	8	388	3	
1	2	7	45	2	
1	5	1	770	6	
0	2	8	182	8	
1	7	8	307	3	
0	1	7	432	5	
0	9	3	255	9	
0	1	2	540	4	
1	2	7	247	2	
0	2	3	359	8	
0	7	2	129	8	
1	3	3	577	8	
1	7	9	563	1	
0	6	4	250	8	
1	2	8	367	6	
0	9	1	336	2	
1	5	7	493	1	
1	9	3	584	2	
1	4	3	366	9	
0	5	6	296	2	
1	8	8	355	2	
1	7	7	457	6	
0	7	6	389	1	
0	1	7	24	3	
88 27 165 118 67 52 123 14 21 178 119 19 91 141 75 197 194 43 177 34 115 165 59 51 82 74 92 188 176 86 191 21 21 172 32 174 163 40 126 9 184 1 190 18 144 181 187 51 171 31 5 185 54 11 168 154 193 120 123 36 145 199 180 99 176 113 37 40 171 63 163 75 127 169 36 41 123 11 84 179
20 41 23 160 77 197 49 88 42 25 26 64 44 87 131 83 93 54 95 11 76 43 54 89 83 40 6 115 50 176 97 8 46 119 127 176 166 13 82 78 34 139 27 3 175 57 111 6 23 95 55 102 67 172 181 193 69 153 184 56 109 93 79 123 85 131 138 70 186 94 107 24 143 58 118 31 1 38 110 142
195 110 20 178 1 2 120 169 155 117 87 22 62 99 94 134 83 156 89 188 104 82 32 173 138 135 69 121 152 99 113 61 160 37 67 158 129 70 78 174 186 96 97 140 12 81 52 36 60 20 59 52 174 52 154 79 63 19 132 121 22 89 95 61 74 27 184 3 174 188 25 42 50 144 7 118 33 179 132 50
97 186 58 170 165 55 90 192 11 46 163 162 93 61 68 21 32 111 9 173 161 86 182 179 35 45 48 87 199 48 117 131 178 21 165 97 77 150 57 184 10 81 158 129 104 129 63 94 5 50 6 62 17 64 175 58 163 169 94 26 25 8 157 98 49 55 156 177 109 59 157 103 92 160 106 173 176 103 102 15
54 22 123 194 38 143 40 156 158 145 11 43 101 24 118 52 179 144 57 5 162 179 105 102 21 93 32 143 98 45 142 13 16 23 68 94 115 98 99 114 121 119 109 192 26 174 3 105 90 48 106 151 67 8 74 139 76 124 137 51 87 170 5 1 14 188 62 171 72 181 1 51 98 145 51 8 102 65 17 47
168 178 93 198 54 103 48 69 16 102 150 33 115 44 25 91 119 64 157 23 56 10 198 100 195 130 88 7 41 198 39 138 93 137 162 95 99 83 65 186 180 111 94 69 191 78 184 162 38 56 71 178 133 192 64 21 147 58 100 67 110 186 133 130 73 196 42 169 36 30 63 116 95 126 24 176 85 109 79 130
194 184 75 187 66 106 23 102 128 22 179 115 157 67 140 53 1 137 101 194 179 200 105 115 200 54 51 23 139 154 69 83 64 77 115 17 157 169 76 154 16 30 95 190 148 15 102 136 183 145 40 66 173 5 172 152 160 17 180 143 158 124 50 50 81 3 141 45 127 12 106 130 83 35 115 103 51 111 30 34
180 112 92 46 163 30 58 6 84 123 88 2 32 83 66 48 75 55 27 147 38 87 181 121 121 64 26 183 164 57 116 145 64 75 124 64 115 11 182 121 65 143 59 30 159 132 18 102 94 75 145 43 91 23 77 138 81 8 8 133 180 53 37 106 73 63 176 165 199 99 112 154 19 37 26 129 94 83 72 70
140 63 84 51 137 32 17 82 69 137 84 104 28 53 39 63 41 174 38 15 146 104 18 96 30 134 129 86 170 33 29 33 142 16 151 123 168 148 119 8 20 195 150 43 162 99 11 106 56 166 145 31 75 2 131 199 144 157 129 149 133 121 174 150 94 72 146 90 150 1 199 37 32 7 97 51 101 66 169 70
29 181 85 115 199 200 135 160 23 100 23 176 156 72 153 54 48 10 51 57 62 130 54 33 95 10 31 60 166 101 54 48 28 152 155 73 83 23 105 66 184 93 150 90 162 115 24 159 81 72 15 94 153 151 68 155 67 73 5 190 183 145 38 119 91 89 131 95 31 192 44 32 90 48 1 12 102 127 83 159
75 32 36 173 94 85 153 11 65 19 151 123 99 109 195 45 117 15 85 53 143 120 111 29 33 88 154 160 128 6 59 197 161 2 96 101 102 35 31 117 36 162 132 76 147 82 148 146 176 156 98 137 99 183 72 135 134 56 40 30 37 165 89 94 157 116 132 93 23 147 191 81 43 18 35 30 114 8 169 41
74 13 199 183 10 32 1 82 54 100 13 81 62 28 72 2 130 130 19 178 56 48 194 84 188 104 134 57 188 92 64 11 14 29 169 70 186 52 182 125 31 152 90 41 110 76 112 155 197 82 32 174 100 53 100 29 189 66 109 151 116 53 66 191 66 162 173 61 146 146 143 72 16 170 112 142 134 39 85 145
168 23 75 60 99 40 63 193 178 5 165 136 141 35 77 51 72 143 143 189 65 50 65 176 131 26 68 105 8 122 40 153 71 42 153 75 20 106 133 62 183 13 106 38 58 61 180 159 54 190 35 117 21 191 78 179 107 89 130 47 7 174 77 78 127 37 38 20 81 93 25 48 152 93 46 99 53 112 200 116
48 17 120 35 165 141 82 16 67 180 95 122 56 183 90 162 179 130 88 93 21 197 163 150 136 153 40 87 173 58 195 199 72 53 41 21 72 159 53 182 141 85 58 112 46 181 106 91 99 114 12 116 4 187 159 174 118 32 63 46 34 38 189 20 71 139 25 137 159 150 15 154 7 169 137 6 14 17 114 40
38 111 185 105 100 134 163 131 17 168 120 40 119 96 192 171 44 92 90 54 142 193 192 121 10 42 12 170 22 121 14 176 196 174 123 178 149 125 135 104 69 6 145 15 160 94 26 184 25 3 136 185 123 75 16 23 116 46 35 136 66 108 17 20 4 144 164 200 11 153 102 175 54 10 26 174 97 97 124 168
21 23 107 144 137 62 87 134 150 72 135 170 120 72 170 198 123 24 193 70 33 156 105 1 126 121 77 138 70 194 197 58 93 74 136 107 52 76 151 98 114 143 12 165 188 58 9 73 104 53 11 22 23 80 112 81 170 88 113 34 131 140 23 70 199 6 74 164 70 54 80 134 50 9 196 85 72 73 48 183
117 33 58 119 81 153 92 88 31 106 6 97 144 108 177 148 92 35 198 11 42 44 128 104 100 79 110 14 124 188 173 47 6 120 54 116 145 132 54 190 119 52 9 98 144 149 47 195 118 55 174 53 60 95 45 84 74 180 123 63 175 76 148 131 79 90 114 149 104 71 118 82 154 38 98 93 63 133 128 33
11 191 30 127 45 180 85 98 75 145 173 121 178 154 159 114 94 45 189 68 80 183 153 176 121 50 25 32 159 86 12 57 184 156 68 60 98 67 150 168 198 75 61 149 31 142 182 27 182 134 59 153 168 127 128 31 183 182 181 91 127 196 81 74 26 129 130 152 74 49 157 94 97 154 125 82 38 22 79 16
182 162 124 152 131 31 130 164 6 157 137 75 115 103 156 161 136 168 97 42 7 148 134 22 168 184 121 188 144 19 73 70 24 188 103 169 51 101 117 11 36 141 29 103 151 191 107 137 2 181 5 19 124 160 104 55 55 37 18 136 109 11 103 66 165 133 91 62 91 184 97 125 188 145 2 18 40 127 154 135
134 144 198 109 120 56 121 91 129 181 91 64 90 134 194 79 158 29 143 66 71 200 102 174 11 21 74 118 136 61 148 124 29 23 151 79 152 142 25 82 39 46 104 34 13 76 81 130 172 99 192 45 11 46 199 122 58 195 1 35 69 23 14 146 196 154 190 5 117 129 108 41 170 138 113 84 62 162 168 56
67 132 178 155 78 183 116 46 104 44 197 59 90 78 71 116 2 173 125 12 33 154 75 150 65 178 126 7 61 85 166 123 133 10 88 131 184 106 5 129 87 171 185 2 101 81 5 8 95 79 62 102 151 138 181 141 194 175 15 54 189 149 92 13 187 48 182 106 51 103 93 70 37 179 101 152 63 41 19 16
60 35 174 1 55 118 140 47 158 198 122 167 64 12 198 156 131 164 6 45 165 139 143 115 153 170 188 62 44 111 170 151 99 172 44 95 102 174 157 120 47 73 74 2 181 9 113 108 28 122 129 95 188 45 84 191 145 181 121 183 194 7 89 89 104 90 72 45 11 88 187 66 160 36 118 179 33 106 198 59
111 101 133 75 94 183 178 91 112 148 102 137 193 12 64 187 33 132 169 43 54 53 126 40 111 147 155 45 26 67 92 135 165 80 142 49 166 186 94 48 4 126 41 66 25 125 152 134 59 37 81 108 140 180 188 152 130 68 31 61 91 52 183 32 71 180 95 92 61 79 25 66 53 147 19 67 2 11 18 190
152 147 44 167 92 119 65 18 61 119 146 154 117 110 9 142 81 173 22 151 99 42 149 120 102 60 18 106 164 54 103 13 21 115 200 196 187 141 62 133 140 77 97 27 69 87 23 111 135 197 11 168 77 93 40 155 200 118 151 128 66 157 120 18 15 100 115 198 64 39 180 118 27 69 141 57 44 63 25 182
146 189 146 99 68 148 180 98 86 133 46 62 63 62 196 141 165 32 198 53 21 188 157 112 23 20 147 158 128 10 126 178 145 62 109 129 195 83 129 193 2 164 124 185 76 165 167 166 2 44 7 107 96 54 109 136 139 186 108 143 195 40 58 124 159 96 58 133 154 17 39 141 153 197 54 94 12 176 66 65
189 167 167 135 158 1 93 3 35 83 189 161 97 81 36 27 99 86 72 110 118 170 46 28 175 58 178 178 176 132 171 12 122 85 61 13 196 162 92 163 80 59 151 194 184 139 74 200 170 180 78 89 157 51 163 100 110 182 151 128 180 56 68 98 12 69 46 157 50 42 46 136 62 179 181 150 162 33 130 44
42 185 76 85 105 89 163 167 136 93 79 95 80 161 56 47 170 72 163 27 17 42 119 156 70 49 23 130 85 16 114 66 178 195 136 117 74 182 125 155 68 119 54 112 192 130 112 175 97 115 189 128 51 174 26 68 120 181 198 166 61 21 12 84 45 13 104 153 1 93 176 90 87 65 149 179 121 25 9 200
119 64 18 157 89 20 29 112 165 199 164 102 52 34 151 50 178 73 34 161 117 63 127 189 31 123 46 60 8 166 69 113 21 64 150 28 51 164 30 176 4 13 115 82 1 4 158 139 111 45 9 60 196 150 18 108 65 79 92 78 32 34 148 68 162 197 53 191 174 53 56 110 47 89 107 72 191 50 119 93
69 194 186 32 127 73 46 6 173 151 89 88 49 59 87 22 111 150 127 116 135 87 102 32 53 88 157 185 68 177 153 101 173 24 126 14 83 6 134 142 102 4 133 4 85 144 11 129 153 115 96 4 103 97 179 59 61 65 179 169 94 69 39 125 165 144 69 186 39 54 26 20 62 172 75 104 94 33 5 109
84 165 15 48 99 49 88 130 63 82 7 173 47 107 180 158 32 152 163 139 126 62 8 96 62 182 151 20 41 166 183 84 60 100 194 77 4 18 200 172 125 127 4 134 119 55 190 45 33 180 71 40 161 31 87 62 128 91 199 87 11 74 94 155 190 6 37 129 97 39 44 24 174 171 74 3 80 181 59 135
186 53 34 155 59 110 53 90 71 38 33 76 194 168 81 91 80 129 189 125 146 50 179 71 153 112 157 126 123 8 85 158 74 40 151 89 167 173 94 136 156 59 124 7 166 46 25 166 176 13 43 18 143 16 103 100 151 139 115 92 113 47 9 198 2 128 100 46 27 23 78 20 181 157 67 20 15 105 185 81
55 2 37 11 72 42 146 3 53 139 126 8 133 73 138 5 59 124 108 56 28 98 167 72 180 159 151 14 30 1 35 50 14 94 157 105 87 2 164 39 56 175 62 36 77 88 4 2 30 74 68 76 127 113 63 180 116 128 197 175 144 120 68 179 73 86 89 84 174 90 106 97 87 196 199 29 39 3 171 200
32 19 194 65 5 94 58 23 81 168 3 48 122 6 168 123 120 67 200 28 148 43 68 105 79 60 40 121 195 12 95 28 86 4 30 125 123 68 46 12 149 99 139 156 134 65 129 122 84 17 20 58 23 37 149 30 69 87 16 122 181 73 76 164 157 18 21 120 182 185 29 125 121 143 123 51 81 140 37 62
194 27 75 118 88 178 124 46 155 182 13 88 90 195 86 51 156 178 75 168 143 42 155 88 10 176 56 183 186 111 187 79 27 139 155 109 167 119 30 32 168 145 193 177 11 93 50 183 193 117 138 92 66 98 113 49 13 171 82 94 74 177 130 104 188 124 7 98 67 101 83 51 109 72 116 179 94 62 112 169
16 56 136 198 99 197 45 28 121 132 106 122 183 164 62 190 117 48 167 44 116 39 109 132 37 81 71 156 158 117 14 200 157 141 158 48 3 146 105 92 85 91 10 5 90 1 70 33 131 155 43 74 77 50 182 152 72 36 127 181 141 33 169 113 140 168 186 84 129 30 184 35 40 112 124 20 165 66 154 91
142 112 11 11 41 29 69 162 198 6 89 63 130 128 180 182 76 148 64 116 9 11 144 135 91 80 192 195 188 38 173 157 178 122 186 110 12 184 191 72 11 25 41 188 43 88 56 135 99 33 74 134 19 43 83 105 122 112 76 11 163 16 12 9 8 17 123 61 162 179 4 56 32 119 65 98 55 170 67 94
9 78 161 7 16 138 200 62 47 56 80 120 36 128 173 166 149 183 117 13 133 24 38 91 113 173 95 100 116 49 100 65 17 147 106 54 139 145 58 12 82 171 175 81 126 116 131 136 27 194 51 156 88 108 16 188 60 121 53 127 117 4 116 85 34 182 137 6 159 97 156 28 16 101 51 90 136 75 57 70
160 53 53 86 67 92 138 27 86 119 22 17 32 35 160 153 26 123 19 136 62 136 123 9 129 126 194 145 64 112 27 153 186 52 200 160 43 3 52 173 145 184 78 76 13 93 14 9 95 13 125 4 102 136 61 188 153 169 87 124 145 29 27 160 113 101 152 65 56 64 63 68 133 112 32 194 135 14 174 66
169 116 104 147 193 83 58 67 78 171 10 169 100 116 176 33 168 137 134 76 87 5 28 43 139 152 181 12 152 181 132 132 112 142 89 109 200 73 156 124 43 169 143 162 88 22 157 29 186 166 100 121 179 156 57 64 112 108 199 71 188 76 144 117 99 74 110 190 193 167 194 161 144 55 132 136 146 171 37 92
198 3 33 116 156 139 93 50 105 34 185 16 109 69 77 180 31 60 111 196 199 125 134 176 72 190 59 87 125 58 64 14 60 48 37 18 19 56 41 108 28 89 200 194 123 23 198 176 89 171 182 190 31 117 39 106 184 122 199 11 98 77 145 190 104 45 170 46 48 181 98 158 126 18 57 29 176 191 176 29
197 146 41 181 139 141 131 98 134 127 16 157 131 87 52 137 16 115 114 24 189 106 91 166 174 108 29 127 152 74 61 45 180 105 19 112 200 111 184 78 3 98 61 22 153 180 137 23 165 21 132 159 164 24 117 26 82 95 152 177 58 131 126 95 154 42 142 90 183 137 44 116 6 183 125 196 1 166 56 68
62 50 163 34 50 77 177 77 126 177 197 36 118 78 98 103 122 113 125 82 191 176 80 102 162 68 199 2 98 140 142 86 180 92 69 116 190 180 72 74 112 44 39 144 12 28 106 38 153 60 4 181 169 14 77 123 195 184 147 163 59 89 108 37 107 152 34 33 127 80 19 73 130 119 97 59 30 46 194 136
60 178 142 4 120 167 196 137 63 119 36 31 57 172 181 87 100 101 144 22 29 102 144 94 38 145 78 90 54 67 5 162 36 93 76 146 84 32 72 84 135 92 69 49 63 197 120 34 36 109 87 46 159 49 3 115 42 59 181 16 61 10 16 80 125 62 176 82 39 102 18 170 123 147 193 55 34 192 102 112
35 107 85 25 128 189 159 30 193 1 116 39 169 140 132 167 72 130 28 68 133 177 182 42 129 93 20 155 7 32 115 125 58 98 7 179 83 40 97 3 48 95 185 26 159 33 88 170 137 70 103 198 104 21 85 33 57 92 39 120 104 63 164 148 25 104 3 26 173 97 189 99 125 196 38 53 179 173 96 65
125 90 1 107 156 28 36 93 135 74 174 12 14 157 126 185 86 36 89 18 33 188 194 162 48 184 111 21 199 171 125 74 37 193 114 37 176 73 27 110 73 101 59 11 32 165 106 107 190 13 191 2 193 190 71 48 127 68 48 3 147 12 198 155 113 12 178 49 165 194 87 128 101 10 185 5 161 83 132 130
60 30 116 101 159 138 42 98 98 45 135 8 158 125 73 27 178 111 107 124 143 74 119 120 159 43 115 40 57 108 140 36 71 153 150 29 152 31 89 35 12 100 67 100 68 181 65 41 91 120 188 158 158 163 69 193 16 107 171 125 100 10 107 181 18 32 22 196 112 62 108 157 143 177 171 60 171 87 90 146
128 175 150 33 161 35 156 94 98 5 189 91 50 72 117 155 57 106 132 176 108 95 104 182 47 181 30 143 86 74 26 90 102 122 145 143 115 154 169 99 40 22 169 136 75 146 67 34 46 190 97 163 140 1 15 59 71 149 12 61 48 40 31 44 75 27 138 192 165 159 9 14 121 48 192 71 47 54 35 162
115 93 119 132 42 150 65 163 179 160 65 7 14 4 114 76 154 46 1 13 5 103 127 13 12 111 176 104 64 8 61 177 52 70 116 163 168 196 139 138 10 104 140 200 106 45 159 91 55 70 113 135 143 93 116 165 145 156 128 165 94 101 166 81 197 6 87 160 15 35 186 160 195 85 137 164 46 28 164 30
128 66 71 100 147 72 106 3 42 30 14 69 150 42 102 125 41 172 34 97 61 150 156 139 112 89 195 126 25 53 190 116 33 37 130 193 1 149 61 59 84 198 153 166 60 144 135 33 151 124 191 155 150 123 194 154 195 193 175 98 109 47 163 129 28 93 191 152 141 11 69 123 68 102 39 137 194 25 125 179
51 39 48 122 113 98 132 108 70 130 121 28 150 46 25 50 85 1 89 1 80 159 30 13 7 185 67 48 138 81 138 119 108 51 181 8 110 117 87 132 54 106 108 64 39 185 47 129 67 44 198 84 45 24 188 87 151 194 40 33 61 54 170 29 132 125 162 81 172 97 27 181 79 173 196 80 56 147 113 45
168 142 47 164 94 161 145 65 152 194 98 12 163 165 187 183 43 15 56 147 100 91 172 87 131 177 71 160 4 130 98 124 193 172 6 125 38 194 195 123 145 147 145 118 92 51 174 102 66 194 138 116 102 9 99 22 39 11 15 45 169 49 135 164 87 7 80 90 44 198 195 135 121 138 101 127 123 76 58 149
192 187 177 142 55 118 174 26 69 87 17 49 171 104 183 18 121 28 176 142 154 132 140 154 8 52 46 182 166 82 63 71 189 74 199 137 199 84 47 121 176 185 78 122 106 146 19 3 31 132 176 104 44 96 54 94 94 146 180 50 55 99 81 160 9 105 120 49 122 179 109 116 24 36 17 141 95 126 102 93
139 148 20 185 85 181 79 45 7 88 83 85 149 77 73 51 3 197 175 124 151 88 37 122 59 112 189 82 200 78 11 72 119 63 170 78 19 122 105 19 188 155 174 115 40 62 99 29 152 145 90 34 48 111 191 77 36 155 34 172 45 19 14 193 127 36 154 104 7 62 26 142 110 122 70 44 18 172 66 130
125 180 96 53 128 56 153 143 82 66 130 116 192 132 6 27 110 102 112 138 2 2 72 46 79 47 11 68 83 164 84 136 12 158 145 10 106 20 178 181 46 148 126 74 154 191 46 185 155 116 54 103 99 77 46 71 99 161 2 87 111 183 170 31 180 33 87 9 70 101 143 81 177 13 13 59 44 33 51 28
15 68 121 123 32 72 31 40 173 132 198 183 174 44 59 131 105 183 64 21 11 149 10 198 7 5 133 96 113 189 186 20 144 187 130 113 100 35 84 13 59 30 95 7 125 48 180 123 79 161 63 169 43 119 122 182 74 75 156 115 55 7 138 124 139 23 184 158 62 112 103 200 145 159 165 38 164 86 6 78
94 52 123 87 20 146 197 194 60 30 145 32 130 107 14 174 49 16 117 25 104 40 109 184 41 65 165 68 140 132 57 106 101 200 2 9 82 156 95 191 106 44 75 21 31 119 151 94 122 115 185 124 122 60 112 73 126 142 200 104 120 49 110 97 167 143 186 151 120 133 95 69 55 67 91 53 139 28 156 163
37 200 151 183 38 26 25 171 193 14 6 36 192 189 110 90 20 109 105 113 79 161 118 70 136 68 25 17 94 91 48 127 121 195 172 7 89 131 97 69 27 1 172 108 38 137 57 172 130 61 59 32 65 150 200 70 29 65 136 98 158 6 75 114 10 56 23 191 194 148 37 154 183 38 139 77 75 9 184 10
100 6 186 159 187 72 81 65 143 129 129 2 157 25 26 49 139 136 139 133 63 125 38 58 127 14 95 23 9 116 71 51 172 65 6 15 85 109 81 193 114 175 50 95 42 77 97 110 167 75 136 113 147 48 161 22 183 27 39 66 16 49 117 20 157 197 55 64 121 25 123 33 21 61 166 92 112 112 124 130
169 181 113 178 74 161 21 96 62 9 94 24 192 70 69 154 198 7 88 34 133 2 159 182 92 102 41 78 22 140 17 62 127 165 26 79 105 177 21 65 133 12 55 34 180 166 29 200 107 83 46 113 11 75 74 150 75 129 68 102 55 126 180 70 102 3 32 70 77 75 149 116 153 53 66 109 186 15 73 12
102 54 112 89 70 187 107 53 160 113 52 163 143 26 13 74 45 147 111 159 24 151 175 180 179 87 77 3 12 41 20 171 65 24 163 171 56 113 73 168 147 45 35 28 151 148 124 38 190 122 109 33 49 125 11 172 188 47 34 56 141 51 20 17 28 134 153 86 28 172 111 72 182 28 66 13 112 75 57 140
148 9 101 19 145 28 100 87 149 146 101 106 22 77 61 59 122 26 168 143 106 46 198 106 41 136 73 94 5 103 58 12 158 14 84 164 102 47 23 155 159 144 143 117 63 107 175 175 65 114 138 22 11 149 127 113 106 165 110 56 28 105 92 4 47 124 55 149 27 197 5 52 12 96 154 15 94 119 5 39
79 59 122 157 104 200 154 173 17 116 43 72 159 199 68 87 168 128 45 51 47 90 131 92 142 85 19 86 78 131 93 38 122 74 60 187 53 12 171 76 57 15 145 16 82 95 199 23 172 57 118 188 28 33 185 189 127 79 176 196 16 151 14 11 173 44 148 48 52 144 36 164 24 129 38 67 169 75 85 19
93 191 6 56 137 176 36 186 112 122 32 72 175 129 4 95 106 139 12 168 179 108 147 35 82 179 182 186 73 190 198 170 194 19 187 8 27 89 121 191 90 46 56 191 15 4 164 181 65 28 122 10 41 20 193 53 34 159 189 103 50 86 30 62 128 71 3 135 132 4 29 76 140 76 72 141 105 12 37 192
130 14 150 38 154 46 13 86 57 12 60 118 49 45 184 186 85 149 13 167 105 116 55 147 190 54 51 64 100 191 69 126 110 23 37 172 145 70 38 172 123 197 23 195 74 40 176 190 84 72 196 23 187 35 63 200 33 93 47 91 66 134 64 122 111 68 78 75 155 182 58 43 78 47 158 7 103 102 14 168
24 162 162 23 119 60 81 68 124 30 159 40 11 11 5 101 187 108 165 166 75 154 8 14 47 185 146 20 18 126 35 190 117 54 64 56 167 35 173 170 18 144 23 76 145 51 94 64 48 187 28 57 70 31 200 73 186 167 2 123 146 5 104 103 78 152 89 93 36 84 60 24 50 162 182 11 106 144 133 4
28 176 173 31 25 117 151 33 106 84 16 86 54 21 162 41 196 156 38 142 64 139 178 128 156 65 61 24 116 39 82 185 129 102 199 42 5 4 174 121 39 177 121 65 24 135 2 97 82 90 148 79 193 20 68 157 115 126 171 62 188 87 37 30 78 191 1 84 57 74 118 5 106 103 10 47 31 87 103 87
103 166 193 152 79 55 127 3 110 39 124 101 56 51 34 83 3 52 163 127 156 28 57 171 141 84 175 88 136 59 79 135 81 108 21 144 186 35 170 24 157 38 174 155 90 69 186 68 85 170 200 154 91 170 82 106 188 174 98 131 88 76 60 197 51 129 143 44 38 67 68 132 47 120 50 4 58 125 145 183
69 15 22 15 121 87 195 74 198 143 96 64 187 181 173 43 140 145 151 5 65 42 47 94 9 181 136 174 90 66 50 196 32 176 150 104 172 14 133 89 126 1 82 24 95 8 48 13 148 188 47 62 64 25 155 122 115 91 18 81 116 112 192 12 85 83 77 198 170 73 13 79 191 144 128 186 133 157 139 115
152 171 104 115 74 162 113 14 62 161 51 73 88 158 182 41 168 54 182 35 136 120 15 54 13 91 101 188 79 140 80 29 38 176 100 157 10 25 12 66 133 142 50 79 123 157 64 38 104 31 77 8 131 145 190 64 14 45 88 77 101 98 196 77 171 47 178 191 197 34 65 79 166 140 89 120 150 142 104 25
149 6 59 97 128 67 105 29 120 146 31 155 55 81 156 64 141 49 163 132 92 192 62 169 143 54 49 131 190 72 139 114 109 41 64 173 32 79 132 194 85 42 81 188 66 50 166 92 177 119 115 58 106 174 18 181 11 76 84 70 170 130 114 123 182 164 113 58 92 125 137 116 186 77 141 121 176 55 71 186
185 6 123 147 169 63 1 34 168 115 37 190 47 51 135 197 9 98 151 137 165 19 63 94 20 172 99 117 112 72 82 198 122 30 171 72 170 39 55 114 72 118 57 197 16 127 106 62 110 64 125 94 66 155 110 127 42 162 115 16 95 34 56 97 189 12 134 139 138 106 120 144 184 89 11 62 170 152 150 154
134 22 106 188 131 57 29 186 52 158 2 184 151 84 187 31 69 35 84 151 17 100 148 61 143 123 35 2 181 5 190 60 136 77 106 40 57 48 160 193 25 91 32 195 15 129 113 26 135 36 83 23 175 5 97 100 179 61 164 164 65 187 155 182 145 162 84 28 77 34 132 44 189 9 83 61 187 154 18 125
19 141 128 84 124 102 62 114 115 109 35 92 100 56 93 11 93 147 65 29 189 83 142 94 66 155 198 18 121 118 150 110 167 157 132 197 105 27 177 159 55 95 88 107 183 125 63 126 93 178 165 196 55 17 146 131 57 115 82 120 198 65 151 190 182 48 50 115 177 141 111 145 96 85 86 158 59 67 195 48
21 69 129 29 1 70 18 97 197 82 2 25 44 91 163 24 140 185 28 170 11 171 84 183 72 144 65 59 187 63 97 9 196 55 60 75 29 77 48 193 60 62 11 88 57 30 176 169 158 153 149 49 145 107 92 81 178 186 179 11 47 22 161 186 86 39 137 179 31 108 41 3 159 167 6 131 53 60 125 9
165 177 59 61 35 53 181 71 60 33 80 89 30 158 84 114 47 167 131 179 63 128 17 78 187 191 172 71 131 192 160 88 36 94 45 5 132 124 37 185 30 124 55 18 130 108 166 84 133 105 28 21 53 84 95 78 126 185 192 104 109 149 181 50 51 133 82 173 64 175 178 167 23 56 67 87 117 108 47 118
62 122 53 102 64 186 149 184 200 53 7 149 140 9 122 105 10 63 167 70 111 85 123 4 154 119 182 192 10 12 48 22 161 77 195 93 123 146 78 62 93 133 86 135 4 54 15 172 51 127 173 160 80 114 188 176 146 3 118 49 112 170 33 33 183 157 114 121 148 30 150 76 119 190 116 62 122 186 91 190
3 84 52 90 89 158 6 62 74 149 147 78 168 120 94 24 106 17 179 20 110 37 123 145 61 72 195 119 142 48 79 98 89 84 200 122 53 74 156 45 73 177 133 43 156 116 20 49 41 162 96 167 104 41 115 34 49 20 79 74 10 62 43 167 96 173 85 94 156 99 58 124 27 89 125 139 122 81 193 126
114 181 142 48 70 82 179 190 152 15 189 176 197 4 186 107 70 161 167 37 187 141 198 137 78 159 6 48 49 197 142 43 68 117 121 7 122 21 67 31 191 90 3 7 147 90 169 74 3 140 32 67 1 122 174 166 109 196 42 145 175 76 195 90 164 7 64 80 95 68 142 101 133 24 188 64 133 177 181 31
194 124 104 22 128 180 171 123 166 173 146 107 96 7 52 116 191 179 13 6 156 9 18 8 68 94 67 98 128 160 112 64 191 77 44 153 43 113 15 56 3 200 163 99 26 6 180 33 110 129 168 184 197 78 7 70 185 182 10 68 136 81 5 85 73 49 177 10 185 15 59 175 116 113 194 109 168 111 105 127
179 69 16 21 27 6 134 143 115 194 51 167 53 6 143 100 182 18 112 175 116 114 150 54 52 15 185 109 62 101 90 130 160 149 58 196 68 171 31 37 5 71 11 45 109 114 109 172 151 125 43 168 159 53 19 12 28 119 133 194 6 139 4 108 79 22 9 188 33 79 125 191 32 190 117 118 129 109 199 178
76 136 73 64 58 180 160 180 141 69 169 106 75 44 138 133 95 114 175 85 200 61 121 42 147 78 79 118 122 57 100 184 124 95 130 121 185 191 131 174 161 195 177 32 79 44 126 157 176 49 78 10 38 145 22 199 146 182 31 109 43 17 71 11 154 189 155 59 136 33 193 78 1 118 168 17 128 62 128 152
