10 	
28	46
1	1	5	13	4	
0	2	6	13	4	
0	7	9	5	9	
1	6	1	26	9	
1	5	1	10	3	
1	7	7	21	6	
1	3	4	37	9	
0	3	8	19	6	
1	2	4	15	2	
0	8	8	26	8	
50 40 51 54 144 128 130 188 184 200
85 199 149 142 184 83 40 33 79 185
8 108 9 91 35 46 35 14 30 9
74 183 116 75 92 184 19 65 127 155
3 111 189 92 142 62 125 56 13 10
159 43 177 163 148 155 113 86 181 152
151 62 172 193 86 136 112 104 138 131
141 66 43 8 35 17 4 81 148 19
157 194 7 27 53 65 89 119 144 105
155 50 181 16 198 133 99 147 127 194
176 30 70 127 125 90 118 76 41 36
