80 	
30	36
0	62	6	724	7	
0	79	6	379	4	
1	74	8	950	5	
0	37	7	805	3	
0	10	2	295	7	
1	66	8	1317	8	
0	49	5	1802	7	
0	86	7	365	4	
1	48	9	384	9	
1	84	8	322	7	
1	18	7	1401	3	
0	3	6	1106	8	
1	31	9	380	4	
1	37	5	1164	5	
0	68	3	1632	6	
0	10	1	1420	3	
1	82	1	66	1	
1	22	8	862	5	
1	23	9	1281	3	
0	43	2	420	8	
1	30	8	456	7	
0	2	3	1571	4	
1	16	9	40	7	
0	65	2	198	4	
0	58	4	1497	7	
0	58	7	1295	2	
1	43	7	1679	7	
1	34	3	727	2	
1	84	1	21	6	
0	20	5	205	7	
1	36	6	1216	9	
1	44	6	1160	6	
1	26	3	889	4	
1	78	9	824	2	
0	19	7	1593	3	
0	68	9	1580	4	
1	55	4	1184	4	
1	83	1	141	9	
0	9	6	1044	7	
0	20	2	966	6	
0	20	9	970	8	
0	4	8	1568	1	
0	21	3	1319	1	
0	50	3	743	9	
0	10	9	221	7	
1	64	7	79	1	
0	29	8	682	9	
1	15	4	887	2	
0	70	7	1449	9	
1	51	2	1013	3	
1	63	6	855	5	
1	24	6	1745	7	
0	25	4	1136	3	
1	80	2	608	4	
1	69	1	1047	5	
0	96	4	532	8	
0	8	4	742	2	
1	30	7	132	8	
1	22	3	346	5	
0	47	5	1590	3	
1	84	4	1781	5	
1	23	4	240	9	
0	35	1	1159	9	
1	18	5	476	2	
1	48	9	1412	6	
0	77	8	322	2	
1	30	8	1813	2	
1	92	3	552	7	
0	62	6	761	2	
1	1	6	1687	4	
0	15	3	696	8	
0	88	5	1682	4	
0	69	7	957	2	
1	31	6	1798	1	
0	62	1	1601	4	
0	89	6	1019	7	
0	92	9	1663	8	
0	34	5	1230	3	
1	97	6	959	7	
1	88	1	1597	6	
105 40 115 191 20 167 120 52 131 187 168 1 191 125 63 30 39 179 43 110 192 131 139 199 97 125 13 73 21 85 146 47 119 132 144 72 125 157 93 139 124 142 29 166 117 151 35 26 121 200 163 102 180 7 101 91 49 14 157 125 87 6 45 84 93 170 198 109 160 8 190 123 159 78 62 172 192 94 68 51
69 131 144 190 183 32 140 90 39 1 24 33 6 3 125 197 16 197 179 56 130 57 198 111 108 178 144 136 86 8 167 168 51 192 20 26 129 110 9 195 147 113 108 46 88 2 34 1 183 179 142 172 90 121 133 21 196 142 165 131 10 100 72 47 86 3 114 6 29 145 164 14 40 104 10 64 83 125 70 140
23 185 113 162 195 183 94 182 142 189 170 24 44 186 79 4 8 139 73 132 120 159 39 62 93 68 13 9 110 99 43 44 184 14 152 79 76 10 182 78 130 173 3 140 128 131 138 200 31 50 111 108 193 166 132 126 194 63 161 140 53 1 11 19 169 65 18 120 153 58 128 43 12 174 52 168 89 109 82 112
196 183 175 106 168 172 6 195 42 23 194 130 163 119 189 84 82 173 84 12 154 192 121 54 19 122 70 169 13 137 85 62 71 190 86 93 34 52 22 71 130 179 148 178 137 21 12 189 68 125 44 90 94 145 125 127 175 8 183 152 28 48 167 87 138 187 37 98 156 44 147 131 104 6 76 170 15 29 24 115
130 148 38 146 178 170 141 35 177 53 148 181 161 197 195 56 83 118 19 168 84 147 190 101 189 190 45 110 67 88 97 79 49 106 150 85 62 38 102 93 32 179 168 160 57 81 1 75 177 45 91 61 54 119 36 43 169 5 160 40 135 134 65 48 176 187 81 58 103 125 183 177 152 74 144 200 39 88 117 187
71 148 94 144 148 64 48 155 182 117 137 179 67 41 139 69 102 185 190 185 3 104 42 178 75 116 155 179 86 192 33 174 139 1 147 96 200 43 95 105 135 51 98 165 80 193 22 108 41 120 94 137 77 194 100 94 48 41 137 82 123 95 53 155 151 90 78 81 99 199 42 95 66 142 61 132 79 121 174 74
200 90 144 9 81 48 139 71 25 122 62 9 95 97 4 196 62 9 37 111 198 73 123 63 89 79 146 159 193 128 36 10 46 174 107 177 168 151 190 140 20 182 178 75 31 40 190 114 98 167 155 68 2 4 178 139 51 121 135 80 1 82 161 101 29 41 145 18 5 69 14 94 198 71 141 182 38 116 22 155
181 97 190 117 67 59 134 71 65 170 137 27 6 20 141 117 78 18 82 134 116 47 19 149 114 24 130 55 34 53 182 125 173 148 101 42 71 30 19 95 116 117 141 154 12 40 36 176 138 153 139 172 83 79 114 73 132 74 58 104 58 148 157 59 191 79 188 123 10 69 144 195 23 107 131 182 130 26 151 191
68 14 195 159 49 131 174 58 80 92 47 140 91 23 190 2 91 189 103 166 177 48 135 126 69 139 27 75 162 45 77 100 89 75 74 47 33 199 37 195 144 159 140 180 195 134 3 92 162 44 139 196 75 24 68 167 176 45 196 115 151 21 46 127 161 84 22 195 85 121 41 8 49 76 195 30 180 58 139 24
9 10 165 196 48 140 56 138 50 106 83 137 97 131 113 119 56 37 151 121 73 137 169 91 91 151 94 179 166 65 158 59 184 187 40 56 1 135 40 154 73 82 73 29 188 110 181 168 191 45 1 30 13 188 101 131 133 166 29 14 196 49 161 179 88 150 139 85 46 28 101 155 156 3 10 190 195 61 128 46
186 7 90 86 33 114 115 138 168 57 153 74 92 145 16 16 25 78 152 93 145 142 146 180 7 159 21 79 90 32 121 79 8 97 44 82 20 148 125 41 65 161 162 20 129 89 108 114 152 121 20 164 137 189 157 4 83 135 37 185 101 4 24 123 50 164 175 74 13 56 81 124 79 14 3 48 144 44 96 93
12 102 176 112 21 39 17 75 23 87 14 4 71 70 122 78 94 8 72 11 56 53 101 70 129 51 19 169 118 41 195 109 153 78 178 195 111 149 29 161 46 26 197 151 179 191 76 55 46 133 46 183 146 98 53 80 45 180 174 132 184 46 103 183 143 38 77 96 53 135 95 91 121 67 102 58 116 88 41 45
7 164 153 71 109 93 137 102 117 51 67 142 7 176 60 71 16 93 179 5 121 94 90 199 137 146 23 100 4 184 149 7 65 121 16 40 173 111 125 22 136 182 187 129 72 23 79 178 51 74 109 77 8 111 61 92 41 114 15 22 3 138 88 195 136 93 98 91 106 7 3 193 41 172 91 55 56 200 10 59
159 148 149 198 198 67 136 5 146 52 46 56 80 112 147 115 158 19 9 63 92 111 134 181 37 53 115 172 129 147 114 161 198 124 191 136 65 32 167 114 190 177 77 173 124 155 141 198 191 32 125 113 37 69 60 18 159 133 111 54 96 196 161 55 48 84 62 36 24 108 55 102 34 199 106 51 36 130 153 18
108 191 77 94 32 132 186 69 178 110 144 3 153 42 149 72 44 131 136 127 88 183 138 96 17 32 181 50 96 175 47 71 102 15 170 152 169 108 165 192 138 59 13 52 166 51 63 191 23 37 136 59 138 54 121 167 85 143 167 99 64 33 112 147 195 127 6 128 109 18 55 18 155 101 27 30 80 41 157 12
184 155 41 61 75 116 1 155 190 107 56 133 87 168 157 65 181 34 140 152 63 9 71 56 16 93 44 120 84 137 59 39 44 91 160 119 131 197 26 126 104 85 80 179 172 144 6 76 100 49 68 142 175 127 92 28 57 42 90 63 120 46 166 83 177 177 112 144 159 122 58 114 46 39 159 107 160 35 162 180
60 135 67 99 69 21 166 46 172 88 36 149 127 160 114 33 22 67 120 134 51 47 84 198 21 147 15 82 99 21 182 76 6 129 114 31 156 121 95 10 76 155 200 34 80 132 162 28 162 61 4 98 174 173 127 86 94 1 190 198 124 141 98 24 16 190 47 89 20 98 99 157 30 126 82 154 158 176 7 79
62 146 159 142 11 71 175 46 23 68 78 42 56 179 110 74 84 61 7 23 16 134 33 106 183 199 31 182 131 160 67 65 26 29 165 123 146 156 82 74 7 180 75 16 39 32 112 139 53 176 97 193 164 44 105 51 87 38 7 193 15 96 107 162 166 93 102 76 54 80 62 145 128 29 61 66 148 133 91 181
49 137 153 118 130 48 68 94 165 26 151 82 137 115 95 130 177 161 177 112 6 34 199 64 129 77 183 179 85 123 1 129 100 133 159 20 162 18 93 17 72 196 194 145 4 181 54 188 165 165 12 57 126 154 59 21 42 42 175 196 7 89 118 113 10 144 101 155 56 115 133 12 161 66 198 188 28 67 85 189
50 75 30 34 190 196 95 23 15 141 109 32 165 152 156 182 186 133 165 175 97 119 168 123 63 79 26 142 109 172 64 34 100 97 108 93 129 176 88 191 86 79 13 43 91 109 84 74 14 72 146 160 8 135 159 89 120 189 58 159 49 181 8 32 84 127 162 76 48 66 181 158 45 142 120 166 141 197 56 1
104 142 195 83 106 116 134 179 153 186 195 100 70 107 124 66 99 22 40 42 181 19 97 16 24 106 14 102 141 85 110 122 90 30 123 113 118 14 142 148 21 24 177 162 64 64 66 156 151 64 70 100 55 63 167 42 50 157 168 188 115 79 12 92 76 128 30 56 152 149 116 160 83 125 184 43 147 12 169 21
122 127 129 43 135 145 197 128 31 140 65 175 180 132 73 22 85 26 46 88 47 104 140 78 27 131 200 13 101 157 164 191 120 62 23 14 189 31 8 182 146 158 104 140 45 170 52 128 81 182 117 125 185 119 124 12 113 70 129 174 49 167 126 56 14 18 185 39 155 47 31 108 193 191 98 180 13 105 117 112
98 103 59 19 179 6 98 18 183 125 187 127 101 143 11 194 200 113 190 117 200 145 148 128 134 126 82 166 16 24 92 130 183 137 71 194 50 84 91 132 93 60 96 183 107 141 46 129 34 49 68 177 129 32 165 139 45 15 14 193 193 113 100 26 137 193 45 96 108 39 188 73 65 26 72 9 44 94 21 39
104 73 181 184 180 110 75 102 80 159 17 156 176 179 57 22 183 5 18 47 10 162 176 27 71 176 56 200 16 112 176 81 160 5 78 152 46 70 170 54 57 150 94 24 58 25 100 189 162 87 134 169 74 30 130 82 72 37 198 142 11 30 172 196 86 117 97 106 23 144 81 89 53 158 24 65 81 120 69 60
44 7 142 26 199 68 144 163 56 140 99 29 152 56 84 173 200 38 75 54 9 84 152 2 130 106 80 185 49 123 120 68 154 110 164 102 4 7 63 29 14 96 18 63 57 42 85 40 100 26 115 150 53 187 70 14 69 185 135 57 199 32 33 27 157 164 94 167 183 147 168 107 42 137 73 86 189 138 157 123
111 179 183 147 134 127 36 131 116 114 10 143 194 194 162 116 152 94 60 61 71 93 167 108 32 19 23 47 99 33 151 6 29 130 148 165 19 49 99 178 180 49 41 160 81 60 199 189 185 135 191 51 120 51 55 20 112 123 97 30 63 41 175 7 25 57 27 174 103 66 141 162 123 12 117 51 179 27 161 59
36 45 40 11 150 95 51 175 164 81 77 138 34 161 126 168 6 105 4 100 108 55 55 135 127 189 172 130 60 2 83 116 9 44 29 140 11 37 152 19 198 104 53 176 189 200 48 192 73 132 108 12 58 22 132 32 114 61 60 93 159 70 102 185 160 119 27 199 103 111 16 55 88 116 137 51 1 58 33 50
188 123 145 129 128 77 66 34 44 76 173 4 84 127 79 37 155 156 179 123 176 58 94 56 54 91 196 136 179 183 170 86 51 66 136 40 85 143 18 177 168 88 190 186 172 132 7 104 7 2 32 124 195 59 36 180 146 78 195 85 56 70 130 146 73 80 19 169 82 16 53 46 142 121 143 153 142 68 157 198
27 135 94 139 178 50 185 15 103 159 61 49 142 192 22 21 115 10 188 184 8 10 47 22 37 199 155 159 27 66 105 93 119 147 163 148 38 69 24 125 13 178 129 65 142 7 48 83 6 21 133 100 29 152 55 129 8 170 137 115 93 132 39 49 16 47 72 66 109 199 142 197 50 8 116 179 8 118 159 21
11 156 120 19 143 199 62 189 69 119 7 17 163 25 101 106 134 195 17 166 38 115 100 120 182 178 111 59 10 184 16 127 137 30 13 197 97 138 53 168 190 12 93 112 54 106 71 15 46 57 37 16 149 119 139 54 172 79 15 122 131 40 165 154 85 11 179 56 145 28 94 70 122 131 32 125 97 122 101 189
7 197 85 104 172 148 85 142 35 181 12 55 195 28 11 89 156 107 186 187 163 194 4 179 180 24 50 109 187 117 162 13 21 25 12 18 106 170 91 43 100 146 3 104 166 182 180 62 33 69 99 25 180 22 159 122 68 86 143 174 75 46 39 128 134 49 78 109 150 173 8 73 169 56 112 39 158 10 138 44
36 135 50 45 106 38 3 56 166 110 151 168 1 177 120 181 30 8 14 100 58 80 168 24 39 49 37 25 15 191 96 116 138 199 27 42 18 124 51 44 153 93 99 165 48 142 26 136 189 178 140 23 107 67 79 169 193 181 8 170 168 31 24 43 147 123 11 127 30 19 60 79 156 59 102 93 124 197 80 60
93 159 198 92 24 20 31 183 82 64 94 86 18 82 55 45 113 26 123 173 160 171 40 6 42 83 35 35 181 25 146 30 79 181 162 103 157 86 178 56 127 70 134 110 144 195 138 23 81 179 146 173 19 15 50 149 74 5 15 143 2 169 188 72 20 38 79 149 166 35 75 84 68 20 73 141 150 125 82 72
183 116 117 107 195 65 106 170 123 9 43 138 140 92 98 114 129 113 100 124 170 22 11 96 61 196 11 25 118 183 84 30 162 39 127 153 132 110 63 153 7 35 48 60 112 192 137 3 45 147 126 79 66 37 58 149 170 84 31 163 193 167 120 129 193 161 7 190 181 79 177 67 132 43 142 165 138 104 151 14
112 120 14 13 80 97 44 127 89 104 86 8 63 186 66 181 101 4 181 98 99 59 61 60 124 144 3 76 13 89 75 119 14 102 139 51 200 135 147 23 116 178 31 106 72 81 196 181 164 117 45 61 192 4 58 8 130 139 92 71 35 88 167 182 70 11 132 122 116 79 157 176 41 96 164 192 19 78 112 106
166 150 179 104 68 104 5 189 94 176 190 129 191 33 158 195 122 23 167 106 163 172 116 50 19 81 32 162 116 13 148 42 23 18 55 126 28 135 181 126 90 162 100 15 189 148 134 119 158 157 84 81 53 19 89 131 173 9 65 47 154 186 63 198 80 134 133 102 152 174 180 43 81 147 44 43 192 176 128 189
6 53 137 56 55 18 95 151 20 70 121 185 159 95 18 58 169 198 30 148 144 179 4 138 96 186 124 182 13 72 141 57 118 103 27 12 143 188 154 106 40 165 164 200 167 188 184 74 100 100 100 136 4 161 100 161 188 98 107 104 95 5 35 106 135 18 36 59 172 81 82 178 46 181 21 53 90 20 107 144
8 36 110 78 168 6 11 125 106 126 3 107 44 56 90 90 114 173 57 70 189 88 162 117 59 78 30 46 172 68 179 59 150 187 33 157 138 71 176 188 172 49 16 130 51 61 89 190 22 16 58 23 141 10 137 136 98 16 89 97 187 191 146 35 33 180 45 18 65 150 181 10 61 183 129 143 121 111 36 125
154 110 30 176 165 20 88 157 17 118 32 146 167 39 121 172 66 13 178 120 184 35 38 184 13 32 115 6 26 174 40 159 176 95 83 81 46 199 23 69 116 189 101 195 75 73 95 107 48 50 35 30 135 184 24 158 73 158 95 187 161 69 145 98 191 47 112 172 21 171 63 103 198 77 37 120 85 189 92 98
48 85 15 127 33 45 23 23 131 191 159 91 110 52 104 126 175 52 131 119 96 94 197 1 84 182 56 169 180 35 42 37 54 59 38 191 28 192 46 97 18 101 100 106 160 38 3 66 199 49 100 182 49 43 163 11 196 33 131 146 136 163 101 2 73 198 11 4 79 15 155 70 163 79 64 123 65 190 144 72
200 83 7 179 195 158 42 186 164 181 169 106 142 124 5 136 78 4 31 179 140 75 111 170 93 139 35 67 64 199 125 27 190 47 146 5 187 116 117 145 126 97 91 171 12 154 142 143 38 83 77 183 107 172 156 140 187 143 184 36 175 145 27 136 186 108 7 125 125 187 169 40 66 147 77 6 132 138 151 84
193 76 146 64 165 113 20 117 79 4 97 192 40 131 195 67 86 51 15 46 6 82 26 164 47 134 160 185 30 84 164 161 178 138 101 63 22 80 136 144 183 19 4 94 87 126 178 150 191 75 88 128 21 94 141 185 136 153 147 179 22 118 84 184 110 54 105 200 111 77 185 116 81 63 171 196 149 196 189 12
94 52 11 117 59 165 130 155 124 125 60 77 42 186 151 4 150 32 74 140 83 143 107 66 75 2 90 141 12 80 141 17 94 2 176 57 56 45 172 101 170 112 122 123 176 47 24 102 99 76 134 27 48 86 177 200 128 99 30 185 200 81 177 110 66 116 24 61 9 46 130 164 78 181 193 3 142 130 185 35
136 66 159 91 103 85 166 166 6 138 119 28 74 2 10 92 118 190 35 188 4 126 82 157 42 36 200 4 2 40 7 67 121 42 40 41 91 145 193 172 2 9 169 189 16 37 77 147 32 116 30 87 81 40 80 125 13 15 53 123 164 76 54 100 127 150 29 174 145 142 184 187 174 134 26 12 165 41 72 91
194 48 95 96 186 198 57 79 117 40 38 62 29 55 97 153 193 61 63 16 156 168 189 54 24 67 92 2 166 139 40 52 127 103 66 22 97 112 47 103 176 173 76 180 127 81 193 73 158 134 178 164 75 195 26 144 2 154 177 100 79 98 160 21 91 161 108 84 52 98 37 67 164 185 147 122 47 91 123 126
124 26 86 66 99 133 162 149 120 64 111 98 63 36 92 171 44 155 161 146 185 24 66 163 168 197 162 106 108 140 124 150 59 124 63 198 20 130 89 69 122 189 188 11 166 51 32 190 121 79 18 146 36 100 193 136 38 158 7 86 60 134 178 118 197 24 164 73 13 198 100 143 12 181 110 87 55 86 177 96
2 166 9 65 199 200 120 171 183 75 75 140 109 45 181 97 55 125 155 183 112 180 20 155 9 47 11 120 53 62 21 6 72 36 65 123 15 32 144 80 121 119 31 28 4 185 107 84 126 175 80 96 78 181 66 112 51 171 83 103 12 102 161 30 84 138 62 19 107 23 63 69 187 137 150 20 13 108 72 200
31 114 13 168 125 172 151 46 188 197 190 43 27 88 170 17 1 31 127 45 117 56 200 71 77 175 164 150 75 194 38 13 30 83 8 108 150 121 78 102 95 77 155 21 5 106 11 108 78 9 24 150 30 159 140 41 27 26 72 142 196 21 86 144 107 118 177 19 37 150 33 171 183 108 172 136 32 166 120 122
14 51 107 34 13 88 49 134 114 24 64 34 6 97 22 35 105 83 15 60 52 122 87 195 111 48 27 101 118 56 89 52 89 152 89 146 41 2 123 29 108 97 49 177 51 62 55 9 89 176 54 174 118 51 168 74 167 186 112 164 57 84 140 153 200 98 4 153 183 23 21 7 146 121 23 189 25 75 64 137
185 101 174 90 131 163 160 134 187 5 124 140 146 46 160 111 93 30 146 57 27 142 170 18 98 56 113 172 37 100 37 186 52 183 14 135 61 148 53 176 126 47 83 53 82 67 180 174 86 106 21 43 56 153 85 183 32 5 66 154 14 109 112 194 199 171 57 103 10 110 146 2 77 80 183 167 3 110 131 195
100 88 196 49 69 115 3 92 121 159 64 172 129 146 74 167 91 33 85 175 110 138 59 54 9 88 128 109 71 41 47 126 39 20 35 198 138 154 60 144 35 191 188 98 191 148 74 9 111 197 167 191 35 77 52 125 162 168 18 157 197 189 118 73 54 195 91 76 15 4 153 169 188 75 166 36 24 49 1 104
48 28 101 117 43 106 93 170 27 188 61 61 161 32 32 151 194 181 70 88 110 200 81 172 184 182 72 55 52 13 136 35 162 16 49 73 50 118 171 104 116 78 28 163 40 131 147 188 168 51 23 180 44 5 148 11 60 195 30 98 79 170 124 48 76 82 60 109 121 191 166 48 72 62 144 18 156 26 172 92
107 156 20 33 74 133 80 59 52 86 135 113 34 60 44 6 34 188 57 173 31 90 95 167 179 174 17 198 194 160 159 115 14 172 105 153 138 166 62 111 195 121 84 93 194 26 99 36 128 146 61 3 64 199 11 37 57 120 45 160 78 33 27 184 199 12 163 194 19 134 104 97 88 200 90 125 21 116 195 6
63 85 160 37 194 69 182 62 166 69 124 129 166 61 134 192 94 7 127 162 68 100 124 171 183 162 101 192 28 109 191 156 35 160 37 16 105 53 7 153 200 13 141 123 199 120 158 11 21 129 186 172 7 42 123 120 95 17 106 18 172 139 177 150 131 15 22 57 39 193 58 75 33 56 82 123 26 117 53 159
128 29 109 139 126 138 68 82 144 156 23 189 69 91 200 31 183 51 4 103 93 184 7 98 56 56 164 181 91 38 20 47 119 83 82 152 25 156 117 192 15 85 124 11 141 8 159 38 51 6 168 151 154 96 142 181 199 129 65 125 31 163 151 94 65 92 90 4 164 5 132 166 155 104 33 46 84 34 83 38
41 89 7 88 28 55 131 2 83 136 116 128 144 82 18 50 75 192 22 158 103 51 78 145 23 102 158 52 32 19 44 86 19 23 162 18 7 186 103 25 46 105 64 20 3 153 94 171 195 186 175 30 192 43 76 80 27 86 194 34 11 199 144 73 154 47 34 78 194 200 176 162 114 70 17 142 25 113 178 40
5 90 183 191 192 25 158 17 33 139 132 161 63 66 112 46 146 85 105 44 156 105 65 76 44 164 181 172 54 165 18 192 12 194 178 182 142 19 145 4 149 136 172 87 100 123 128 184 196 137 146 19 129 133 194 117 71 17 181 155 30 19 81 148 168 170 65 85 30 127 68 111 132 25 136 36 121 61 7 5
36 67 67 133 15 146 189 189 45 130 127 200 106 20 22 77 155 126 40 9 123 181 139 63 135 53 135 190 199 115 179 135 33 55 56 169 103 95 141 183 19 162 21 60 57 170 157 39 15 109 193 97 25 69 94 191 190 191 178 21 166 186 137 96 182 86 25 121 186 107 159 181 121 130 176 138 167 126 154 102
159 87 93 135 131 171 67 196 152 106 117 32 94 20 191 97 37 29 64 31 9 88 126 58 125 129 54 70 78 103 192 154 126 58 197 130 161 13 91 70 124 106 133 68 176 87 43 173 198 174 161 55 140 107 88 34 127 76 190 176 182 142 3 97 9 10 184 83 88 191 165 14 28 108 41 187 46 154 192 198
170 173 127 200 87 84 32 76 37 179 112 54 144 130 139 118 144 38 153 157 142 59 83 155 189 18 130 61 55 3 81 143 69 58 106 184 184 72 49 137 14 20 121 72 42 108 42 167 45 130 94 149 161 114 61 172 198 105 48 71 163 194 9 167 160 194 161 5 2 112 101 9 151 110 57 128 97 128 142 119
175 150 35 111 98 188 125 78 28 156 21 195 165 79 93 176 195 62 87 127 74 22 199 187 89 98 120 129 34 4 182 94 68 109 103 51 82 23 130 19 86 181 7 74 83 136 182 72 22 173 113 80 140 113 65 34 14 74 16 76 179 33 153 106 187 175 6 151 150 60 60 163 111 41 140 77 102 193 53 132
113 195 187 151 15 10 182 89 18 23 37 173 79 81 99 139 178 61 101 109 123 160 7 31 53 1 3 190 54 57 124 184 196 102 71 142 110 170 82 186 160 9 142 187 32 33 166 145 127 114 5 88 113 32 141 195 98 82 190 147 53 27 91 49 58 127 59 46 34 38 195 49 118 52 109 11 174 120 196 82
124 17 28 7 52 151 190 190 93 28 173 88 26 42 126 10 51 96 82 138 199 183 134 17 14 158 29 139 96 132 191 93 90 156 168 52 185 88 121 162 43 162 189 73 102 93 8 19 197 67 107 182 75 95 85 45 183 195 139 41 190 118 36 28 65 163 140 184 73 10 120 178 146 156 69 126 174 108 8 161
197 119 96 47 168 10 64 82 11 35 10 91 43 159 8 192 137 90 35 147 122 128 117 138 82 42 47 132 110 192 34 159 85 159 196 120 99 152 179 86 39 186 22 161 197 190 135 50 151 176 96 119 157 168 13 74 148 5 94 156 7 181 139 89 128 72 34 111 159 154 30 199 179 80 32 186 82 9 177 156
40 86 108 169 173 89 41 141 120 52 155 168 166 64 18 40 51 130 3 65 42 115 6 164 147 200 9 45 126 114 54 153 56 31 49 182 71 177 193 120 76 89 192 30 92 200 35 52 121 162 180 121 84 154 127 25 21 158 187 154 38 196 85 34 163 73 191 169 2 126 191 104 137 113 115 16 119 157 101 109
74 137 126 30 12 20 135 3 99 196 91 158 40 78 184 178 23 147 156 16 138 162 99 66 31 81 8 65 55 183 50 79 71 68 72 100 116 45 183 40 184 171 94 195 117 98 66 157 174 98 169 194 170 199 140 13 4 134 92 39 97 35 17 50 194 130 178 162 111 11 84 2 103 90 68 29 189 83 30 54
64 48 17 133 113 153 76 190 102 23 81 91 183 192 199 34 168 138 6 16 17 159 11 24 154 154 13 48 163 27 102 45 53 134 44 72 50 53 21 71 6 148 173 142 120 179 199 24 21 83 191 78 160 96 24 86 169 156 6 103 8 186 163 143 84 43 8 94 40 171 18 171 102 55 162 137 15 176 128 65
24 164 139 175 96 137 57 148 46 88 112 173 39 62 131 151 191 105 135 162 73 139 172 131 189 16 50 61 160 132 159 58 70 80 149 81 126 87 7 68 153 120 83 100 155 46 74 151 184 176 39 46 109 136 142 15 92 74 67 9 183 27 49 168 172 8 117 61 173 101 4 161 23 195 120 53 125 47 185 59
42 88 125 88 57 28 151 117 72 135 1 134 124 133 3 141 90 70 182 118 30 192 35 18 48 14 88 169 42 146 122 190 146 18 88 173 35 147 60 70 83 129 104 162 87 133 27 131 69 49 33 24 6 126 142 177 40 118 169 56 84 147 19 23 111 102 145 134 100 159 178 80 108 103 200 17 44 100 46 155
175 120 138 91 93 162 33 95 114 121 14 97 21 23 119 144 128 182 69 17 81 196 149 129 22 181 89 60 198 135 150 2 173 81 94 152 71 178 133 178 150 19 61 126 169 53 87 60 167 36 186 142 116 184 168 104 49 78 98 20 45 159 135 55 49 102 138 135 38 92 7 13 82 106 163 62 140 17 101 30
57 109 189 163 62 193 132 109 139 144 108 161 87 27 64 2 28 27 188 93 24 46 150 182 61 167 23 66 29 42 146 42 129 159 102 153 92 164 178 117 122 197 150 73 155 147 40 162 60 111 68 30 167 187 183 146 45 23 115 170 165 70 13 153 188 173 148 47 60 188 33 138 21 150 103 140 134 85 87 163
168 84 63 122 148 179 166 127 4 61 200 141 111 34 120 136 56 10 151 135 78 120 80 89 69 92 45 161 100 108 114 194 5 37 43 93 100 102 128 200 153 147 79 198 180 15 103 5 60 164 90 190 83 3 99 37 196 172 106 83 142 24 28 82 117 108 110 194 110 164 103 1 25 125 148 174 100 159 57 102
144 199 61 4 158 109 115 18 71 196 2 160 102 14 146 159 45 182 29 169 67 26 171 99 30 171 181 184 191 125 109 71 32 36 90 146 173 139 50 121 11 7 81 27 199 47 150 1 108 90 30 183 42 38 17 75 131 118 153 31 160 157 90 104 64 69 160 41 29 84 193 79 159 142 85 13 35 123 167 155
69 193 162 32 129 124 88 71 24 150 128 192 74 54 89 36 151 38 128 24 41 180 52 84 177 30 157 158 124 69 165 161 100 124 187 198 133 145 164 112 124 153 18 1 31 10 171 115 37 80 173 53 160 84 88 37 97 9 4 146 19 182 60 195 25 192 136 63 106 143 182 143 184 11 37 18 53 24 10 88
3 111 183 79 148 191 78 198 53 13 46 102 42 64 117 199 189 22 92 52 148 180 7 196 194 52 31 155 36 32 18 56 51 117 124 26 24 45 6 142 41 36 114 66 93 109 94 75 168 3 1 90 198 38 163 196 82 63 43 55 188 3 192 65 83 33 44 200 188 21 86 129 63 191 49 173 197 13 31 77
159 176 108 172 21 107 135 65 16 130 44 68 160 2 73 21 83 53 34 89 39 69 155 99 143 192 171 76 34 161 35 58 59 77 42 142 149 130 132 6 79 112 116 195 55 60 125 85 4 110 79 177 148 119 146 79 89 63 96 5 44 63 140 183 167 47 188 115 47 109 152 52 86 151 37 118 159 18 72 81
47 46 90 143 59 200 169 63 190 42 168 145 182 44 154 63 100 82 80 108 170 78 185 91 166 185 55 8 128 121 80 47 73 11 76 114 147 49 63 14 149 98 150 182 64 65 139 82 132 44 45 48 186 105 164 120 166 169 57 76 123 179 192 158 98 40 31 101 199 121 3 122 116 115 167 77 61 158 126 86
109 110 184 138 68 65 108 96 53 11 160 170 145 96 182 29 173 114 147 19 168 112 11 170 48 12 192 101 122 183 117 161 96 96 144 19 57 118 99 119 9 106 57 69 16 103 119 9 194 141 53 73 20 179 68 7 126 93 23 58 160 129 32 166 57 65 61 116 200 2 7 138 105 8 38 167 131 41 134 135
107 50 192 81 183 196 1 178 57 45 55 200 92 25 59 187 50 197 184 109 174 194 113 154 138 176 30 37 6 37 17 48 97 107 142 163 184 15 92 160 143 200 16 168 111 129 96 111 15 164 18 20 161 101 23 1 2 128 83 188 21 62 194 46 12 69 161 45 124 56 63 87 48 32 198 198 34 22 64 42
194 167 10 159 95 41 126 4 156 39 37 198 67 22 150 107 6 84 167 4 145 121 102 25 73 139 200 16 160 12 34 81 200 25 48 59 105 173 94 64 171 64 106 87 84 150 60 41 168 53 114 105 157 17 174 189 177 169 105 54 139 12 175 191 195 184 33 167 30 120 115 96 186 34 53 153 111 94 81 157
49 174 161 81 185 120 115 110 1 171 187 45 148 158 98 184 59 177 185 102 73 125 160 10 139 166 167 194 165 154 97 27 68 103 63 102 159 40 23 137 54 42 124 156 170 140 5 3 132 96 81 48 193 194 100 55 34 23 102 58 2 68 75 160 137 55 190 4 65 5 82 48 115 1 189 113 100 60 106 72
