80 	
2	42
0	3	6	178	5	
0	9	5	131	3	
1	3	7	79	8	
1	4	2	88	2	
1	1	3	22	1	
0	1	9	17	4	
0	5	6	61	5	
0	2	7	142	7	
0	8	5	61	3	
1	9	6	203	9	
0	9	2	140	3	
0	9	2	34	2	
1	1	6	118	4	
0	1	1	11	5	
1	6	4	148	1	
1	3	9	135	8	
1	6	8	33	8	
0	9	9	88	3	
1	4	1	195	3	
0	4	2	94	7	
1	8	6	172	6	
1	1	4	142	9	
0	3	8	119	8	
0	3	3	151	9	
1	3	7	0	5	
1	6	5	22	8	
0	3	6	80	3	
1	7	6	24	7	
0	6	6	193	6	
0	7	6	188	6	
0	7	7	175	6	
1	3	7	54	8	
0	9	3	131	8	
1	4	4	155	8	
0	6	2	196	9	
0	9	9	144	4	
1	9	1	87	9	
1	8	2	132	8	
0	1	9	81	9	
0	1	8	171	7	
0	6	3	119	9	
0	9	3	99	2	
1	9	6	179	9	
0	6	8	110	2	
1	1	4	79	9	
0	5	8	1	6	
1	2	5	4	1	
1	1	1	64	2	
1	9	1	9	2	
0	8	9	87	8	
0	5	4	3	9	
0	8	8	32	1	
0	5	7	200	4	
1	8	8	86	7	
1	5	5	78	5	
1	5	2	25	9	
0	8	1	3	6	
1	3	5	164	3	
0	1	7	187	4	
1	4	4	144	3	
1	3	9	184	3	
1	2	4	185	3	
0	3	9	154	3	
1	8	9	75	6	
1	6	3	52	7	
1	4	8	0	7	
0	8	9	98	8	
1	5	9	157	6	
0	9	5	58	4	
1	4	5	193	6	
1	4	7	139	6	
1	5	9	160	1	
1	3	5	127	5	
0	5	4	155	5	
1	1	7	126	6	
1	4	8	7	3	
1	6	1	83	7	
0	7	5	22	1	
1	5	2	109	6	
0	9	9	58	1	
183 40 137 20 190 8 172 149 199 98 27 97 188 169 137 84 102 30 145 31 139 24 53 63 167 195 85 62 22 147 171 176 194 6 97 58 197 68 49 132 38 31 109 167 34 83 197 71 30 74 4 2 147 113 119 122 126 150 144 56 136 50 22 133 122 168 69 10 16 163 102 66 140 144 128 73 99 177 148 157
3 106 45 189 14 29 4 14 172 128 53 90 194 8 133 132 185 144 41 28 140 81 193 136 21 20 139 164 51 53 168 48 175 169 172 27 15 116 136 17 110 168 131 153 146 157 16 195 92 163 155 131 155 83 179 53 120 162 32 179 31 127 116 108 140 8 14 192 66 170 157 17 101 98 59 112 185 12 143 181
27 11 74 42 107 65 73 19 171 61 131 157 47 103 5 185 40 167 17 144 14 65 175 39 88 93 143 138 185 71 174 105 149 130 163 27 150 101 74 103 157 186 169 3 133 111 152 189 62 85 116 167 155 74 169 56 60 35 37 95 93 19 144 19 146 152 160 4 197 195 61 150 94 159 7 5 65 10 181 176
32 192 100 4 54 123 65 177 111 72 107 75 65 55 75 94 146 141 110 43 47 146 177 138 73 119 140 151 113 67 126 8 30 2 36 73 33 23 78 111 61 54 39 41 100 179 165 142 195 41 36 5 22 169 15 143 91 41 176 97 117 171 54 27 190 117 135 5 25 154 91 171 169 151 75 134 118 3 63 34
94 153 56 147 165 104 118 110 164 180 140 16 181 54 30 25 71 91 3 52 96 72 57 99 30 99 91 83 16 13 160 191 95 75 24 157 104 83 146 35 116 61 200 142 26 20 163 150 135 76 48 65 49 18 7 7 19 73 128 176 173 70 76 183 158 111 16 123 47 143 104 188 163 58 196 56 84 138 65 91
75 32 74 198 177 57 48 3 1 32 162 28 65 83 36 143 8 144 123 27 158 5 79 150 152 36 62 101 49 83 41 84 108 76 123 144 185 133 59 4 22 193 125 20 133 169 44 129 178 70 167 67 188 177 6 67 47 91 127 190 12 65 149 176 166 150 34 137 155 52 151 129 51 41 54 37 11 185 47 154
127 93 65 102 76 142 102 155 134 90 31 145 125 38 172 145 112 186 182 23 185 178 163 68 100 184 66 141 80 94 113 20 3 92 39 162 44 152 148 10 61 61 140 105 114 68 83 149 180 2 88 54 163 131 196 46 63 91 130 168 68 28 97 151 103 30 7 54 103 33 43 27 57 6 8 76 196 186 12 143
38 53 180 191 189 197 67 111 83 49 130 150 1 171 173 147 28 21 66 105 187 187 91 147 135 154 188 118 75 35 161 108 145 77 103 112 166 8 30 141 178 152 105 42 188 97 39 152 100 41 91 35 134 19 79 133 15 164 158 47 129 67 45 4 45 6 53 96 82 80 154 196 98 58 70 166 39 74 188 160
85 13 106 125 60 64 21 65 134 130 18 115 23 144 166 161 126 13 91 33 33 192 141 106 92 8 97 71 49 159 151 76 86 192 87 159 177 80 61 54 19 194 6 154 182 169 62 199 105 118 84 129 148 118 13 193 12 138 30 147 118 164 76 132 120 5 192 153 57 17 120 52 172 37 57 10 5 90 22 166
40 198 169 145 93 183 172 115 142 154 68 19 137 138 165 121 193 1 89 188 60 60 89 113 17 70 82 193 181 153 131 3 15 36 135 105 105 61 110 114 83 53 47 153 89 169 114 125 42 52 65 155 14 64 124 70 19 132 161 196 68 26 106 8 120 22 179 107 62 50 60 135 92 4 16 60 71 30 24 59
44 140 128 75 183 184 92 103 41 169 19 155 102 197 57 51 141 149 188 26 93 150 79 99 138 49 165 111 157 48 15 39 62 110 62 39 38 28 169 199 115 193 107 100 145 178 110 144 106 158 24 185 128 190 26 54 83 189 59 11 164 84 45 153 150 165 198 117 126 180 167 148 163 135 14 152 165 75 6 119
17 95 165 130 179 4 60 2 189 126 42 138 135 8 53 118 197 65 2 140 40 3 3 196 125 68 113 12 7 199 74 118 21 68 14 93 181 60 53 2 30 76 60 197 109 125 160 14 167 92 135 74 7 40 76 125 14 52 147 142 97 56 84 30 136 132 100 27 98 105 154 21 124 113 200 78 36 190 156 104
30 17 185 123 27 191 20 83 129 8 105 22 65 74 67 75 110 29 139 126 162 28 176 78 103 18 143 195 16 52 5 78 152 143 121 48 103 131 32 112 9 76 120 52 86 74 185 94 2 90 106 104 119 109 9 21 122 199 47 129 167 104 55 80 120 59 80 60 111 15 8 142 53 13 96 112 59 29 67 84
23 131 112 199 75 115 151 75 199 106 92 145 191 68 168 42 178 51 130 40 74 7 179 175 48 5 107 28 67 89 128 194 145 173 110 83 185 34 170 162 128 200 146 200 164 195 92 66 43 13 80 38 104 143 81 99 87 184 142 18 173 91 172 89 188 164 179 13 176 146 159 113 167 77 116 19 116 166 103 125
91 152 93 63 54 117 191 177 4 62 38 138 56 185 98 135 144 50 67 13 119 177 158 20 196 116 126 157 62 198 37 132 18 167 173 137 165 116 115 167 152 81 166 158 196 183 141 167 33 83 183 96 186 16 116 69 39 173 98 156 195 144 163 143 137 4 113 9 174 166 9 196 6 158 29 55 56 157 163 17
74 146 90 164 130 166 18 33 42 112 117 169 10 73 165 61 198 49 36 156 68 40 97 154 136 163 65 171 189 194 167 107 128 84 49 185 152 70 185 28 153 10 12 137 111 7 143 188 83 44 91 187 144 137 15 34 1 149 61 115 21 59 15 200 150 149 92 122 20 132 63 135 172 120 90 130 114 169 50 147
130 110 39 26 36 132 181 126 67 199 170 8 32 37 3 149 66 16 84 57 170 4 136 56 133 120 82 6 58 85 199 175 85 70 17 73 12 83 100 76 197 179 66 128 70 134 48 184 85 188 190 176 30 99 103 65 23 179 39 183 157 25 178 134 200 196 191 106 122 91 71 176 125 15 155 89 127 40 37 150
73 63 167 65 116 15 73 170 194 6 91 146 167 95 35 48 105 141 20 84 31 135 59 143 83 172 155 58 28 112 78 9 158 1 83 185 74 62 164 82 160 62 70 182 33 34 10 179 191 99 188 169 14 19 34 166 3 11 135 87 119 191 195 99 170 177 120 120 135 57 151 1 147 141 132 112 162 150 158 133
194 150 50 49 19 83 13 44 2 112 86 129 148 100 184 24 80 44 197 194 13 100 16 108 36 15 113 172 18 107 24 112 172 64 101 108 1 3 74 33 125 91 23 117 161 42 162 139 19 79 34 17 109 40 190 177 164 93 156 80 33 157 96 177 114 105 100 111 137 184 62 98 18 43 1 187 149 117 25 39
79 70 177 44 48 20 74 51 22 45 126 116 177 155 71 18 53 136 32 73 67 24 92 66 81 168 31 145 23 79 126 95 56 42 33 7 197 14 124 21 20 171 71 183 68 110 118 71 128 10 61 6 1 107 129 108 28 160 17 17 65 171 85 179 153 18 126 115 99 97 130 176 48 84 115 150 94 87 141 174
152 76 36 134 123 112 105 58 135 187 148 181 86 115 89 115 37 119 130 186 56 162 132 71 99 19 90 148 74 6 182 119 127 124 70 45 166 121 163 122 68 100 91 46 51 82 2 193 158 166 152 196 142 23 89 146 33 184 114 179 180 57 49 39 52 141 3 94 59 169 94 81 197 106 175 137 126 123 103 50
86 119 181 17 78 140 62 122 125 148 91 175 20 185 69 165 36 137 169 67 178 50 79 64 31 172 176 117 19 22 108 57 106 159 162 23 38 123 131 39 84 79 89 128 134 161 95 23 36 29 16 43 146 64 64 75 135 76 128 3 71 30 155 100 151 66 151 6 176 27 64 58 110 70 3 135 91 121 61 48
109 190 90 85 47 3 36 5 110 12 97 38 149 67 134 77 18 87 49 187 106 140 28 18 117 122 125 128 90 141 51 37 169 129 42 97 62 200 76 174 51 146 151 87 5 159 124 67 60 194 35 30 174 125 52 86 27 191 9 141 6 10 67 192 74 2 2 83 68 135 17 54 52 63 145 188 81 100 68 80
105 167 91 159 169 172 138 164 1 165 41 115 19 169 141 112 165 54 103 123 19 86 84 31 112 101 50 154 34 94 138 37 144 116 47 158 103 196 46 174 183 148 198 96 38 66 156 31 89 3 160 53 123 59 121 107 101 66 108 103 49 138 142 142 196 195 195 182 132 5 70 14 170 153 109 156 108 170 152 143
67 41 176 182 74 109 6 17 3 165 122 80 14 102 179 192 129 8 178 110 152 150 37 33 83 166 42 191 165 174 74 166 160 96 46 110 198 133 196 120 194 82 39 175 42 98 120 187 39 38 87 40 97 105 177 151 142 73 81 67 119 94 155 164 36 34 99 25 50 191 14 85 75 133 14 92 106 37 111 27
71 96 34 113 189 5 102 38 188 135 39 10 83 62 3 82 130 12 9 134 70 50 13 192 183 105 134 9 104 179 75 34 95 69 111 87 113 167 5 73 80 198 160 40 110 188 115 133 140 39 21 77 122 159 61 180 174 79 158 68 41 43 144 46 3 163 127 86 117 141 5 127 96 74 119 144 113 75 68 183
25 46 7 92 54 96 4 106 198 171 142 157 180 105 5 159 181 110 82 143 152 108 109 190 124 94 31 61 77 144 116 110 32 36 89 70 109 66 39 65 166 35 107 190 184 133 176 136 106 147 7 58 112 198 83 62 179 97 134 40 53 90 159 110 97 86 53 25 46 17 165 170 180 151 66 109 132 59 19 7
48 68 163 119 3 116 77 32 171 196 19 199 63 76 161 196 64 110 162 129 147 96 114 67 77 103 154 70 127 190 18 121 48 8 111 99 184 44 20 111 144 77 93 73 187 23 180 179 119 56 142 73 184 178 163 37 129 17 161 140 161 34 34 72 137 19 81 115 113 195 54 131 56 198 172 117 130 157 69 144
158 141 91 73 198 26 96 100 59 37 100 103 16 78 105 9 168 95 120 42 164 87 16 200 110 148 112 81 29 14 116 13 156 104 65 71 22 175 90 154 75 60 83 38 73 69 126 13 95 114 134 134 27 87 45 160 161 113 88 115 16 42 11 193 87 198 57 67 48 149 198 147 152 166 87 46 117 129 109 200
8 29 186 26 191 4 15 63 17 188 133 130 168 118 24 47 80 93 148 140 45 128 105 98 77 156 55 123 148 120 18 153 20 198 37 127 99 30 117 134 193 90 196 74 51 148 167 2 86 143 106 200 17 167 130 61 94 143 45 171 164 10 191 39 62 94 14 195 15 161 191 8 41 159 146 165 167 10 75 145
189 141 4 48 149 104 15 158 94 63 15 173 33 30 20 96 167 70 29 55 172 199 72 78 141 19 83 40 185 8 35 67 87 151 191 73 109 195 102 102 149 28 192 77 29 108 122 94 76 81 118 8 81 80 26 179 161 168 56 11 135 94 1 139 89 3 117 165 29 194 25 57 142 196 183 180 46 181 158 25
155 198 190 4 172 99 44 75 19 89 2 37 107 47 1 75 101 78 62 63 183 66 63 168 118 188 49 64 69 53 90 108 180 26 87 172 43 54 38 100 27 165 20 178 101 22 196 190 65 62 73 175 35 10 107 63 21 166 109 119 138 93 31 171 151 141 83 81 26 171 81 2 97 115 28 79 200 13 185 93
64 134 116 182 44 65 194 48 177 23 194 145 58 175 12 4 190 172 134 47 26 196 186 194 13 60 82 135 137 3 69 51 78 102 83 31 69 104 30 50 199 93 175 106 132 86 79 151 121 1 121 89 19 101 139 77 46 188 61 142 51 99 3 61 173 175 151 183 112 146 75 91 101 124 32 174 102 79 170 143
145 121 45 110 140 37 7 26 166 103 158 196 178 200 128 115 197 154 153 14 154 169 179 130 146 164 186 40 78 125 113 69 194 75 181 85 70 4 149 58 143 50 1 10 116 53 70 31 4 125 3 151 22 140 139 44 65 72 141 19 178 173 56 93 62 26 122 19 119 191 17 64 113 48 133 92 102 115 85 27
13 106 121 93 196 81 58 174 94 135 175 60 171 101 44 62 51 77 42 40 114 200 20 145 48 103 71 19 180 189 13 109 10 163 109 75 86 169 45 16 146 85 43 14 33 58 195 103 130 139 23 52 17 58 40 115 180 61 138 49 52 140 17 44 199 193 179 144 160 184 99 22 108 129 162 125 25 23 32 89
131 185 67 173 189 11 144 30 49 86 18 112 135 81 21 130 167 30 8 87 91 192 57 174 194 82 53 62 62 65 176 39 48 76 186 172 171 126 197 48 76 15 50 140 40 82 134 141 40 48 45 184 157 197 167 136 5 85 109 15 9 144 34 36 141 112 63 102 15 161 61 65 9 199 27 22 9 147 106 41
168 45 186 92 41 8 38 200 160 69 193 80 193 145 145 82 96 82 59 82 157 19 174 134 84 110 180 112 135 90 56 111 184 29 54 34 9 177 86 46 5 93 37 199 24 130 121 71 5 5 55 111 129 175 172 15 54 168 82 27 63 146 141 85 66 19 95 146 109 158 126 107 117 162 105 45 189 108 109 184
41 89 86 170 4 98 57 167 104 84 129 41 27 90 91 56 191 79 172 145 78 12 188 65 38 88 84 95 34 66 118 66 30 62 22 24 16 83 52 180 116 155 118 90 134 197 57 57 23 22 140 8 122 150 59 132 184 76 89 179 127 84 77 20 69 69 39 193 98 26 129 177 83 46 98 54 121 61 172 175
8 62 71 180 123 167 145 148 109 25 55 122 175 107 138 144 75 54 78 75 123 129 99 133 199 6 89 139 139 64 56 144 42 60 68 76 87 53 80 182 70 33 197 103 130 126 124 85 75 111 163 46 75 27 87 10 33 78 104 181 30 24 95 46 41 83 200 161 39 3 43 67 106 149 96 116 166 14 43 89
192 181 179 167 108 84 63 137 124 137 198 151 94 142 45 50 55 141 4 130 156 90 77 18 53 22 165 3 75 26 96 62 46 122 60 43 188 77 1 13 128 59 147 45 119 12 91 188 102 185 71 159 138 92 25 28 9 46 114 54 70 137 71 34 129 77 13 95 66 4 36 149 25 146 28 88 19 19 45 7
114 150 169 107 50 92 5 83 188 26 143 66 193 90 105 185 167 165 52 128 166 106 118 18 16 102 128 108 169 9 21 31 28 128 43 115 135 15 169 1 75 171 95 171 24 152 112 114 90 5 162 123 83 94 94 197 139 172 97 109 131 106 69 166 181 3 76 83 74 90 63 127 25 64 119 63 8 196 1 162
87 151 118 56 156 65 128 78 11 103 37 90 181 64 158 99 70 109 104 56 37 93 198 79 41 181 125 118 84 147 66 169 154 65 122 160 118 94 96 170 99 27 14 129 44 106 45 49 33 90 185 120 200 24 55 5 152 34 102 99 198 177 135 197 196 200 1 133 129 52 20 159 161 17 56 198 131 59 24 103
29 152 176 109 25 189 140 9 133 13 75 69 168 94 18 105 192 88 173 140 32 94 40 174 86 68 38 144 55 141 73 118 84 118 82 170 195 15 32 196 137 18 125 108 74 161 112 156 44 30 47 155 75 171 109 13 22 38 109 38 154 102 37 174 150 59 140 176 120 11 137 39 24 126 19 70 99 191 154 167
52 72 80 142 19 8 20 196 145 5 140 52 133 116 189 79 54 24 69 58 24 168 6 125 141 185 188 144 31 114 55 63 8 10 184 106 42 37 114 130 15 30 147 101 122 163 39 58 146 194 148 194 196 133 140 57 190 80 96 101 179 34 142 45 71 40 133 59 35 137 109 1 131 27 171 164 137 182 7 190
171 28 147 90 27 62 180 147 188 10 165 18 137 72 130 189 59 164 130 50 114 81 79 159 37 171 23 144 32 127 94 44 59 70 146 3 145 187 52 61 142 68 9 46 25 1 143 155 188 106 4 103 131 100 198 114 21 12 92 45 14 142 63 42 19 45 90 179 136 54 121 131 132 160 173 189 112 75 160 56
109 54 128 20 166 44 4 84 150 94 184 90 38 154 151 159 109 30 147 103 113 166 67 13 1 84 126 25 4 79 113 61 159 40 135 174 149 183 93 142 169 52 169 177 8 199 44 148 13 117 9 135 103 175 8 139 119 35 81 200 195 15 151 72 157 185 168 99 110 132 54 14 197 1 113 52 59 139 170 127
159 42 17 154 43 16 200 31 97 121 101 154 10 122 173 60 6 91 177 154 134 97 14 27 168 33 4 36 168 117 180 66 36 28 138 95 79 160 100 28 11 174 39 53 98 69 88 158 45 35 83 38 40 91 50 22 159 87 101 96 132 9 18 123 171 135 124 36 72 130 69 34 1 173 29 94 167 90 135 185
141 128 45 100 75 59 111 119 20 7 131 109 151 52 5 84 78 93 125 149 10 44 137 3 70 4 108 100 188 85 142 190 173 161 79 142 164 145 78 21 94 89 75 153 153 176 80 138 172 67 170 143 2 18 34 100 86 136 41 120 48 151 181 184 29 176 92 174 34 142 55 143 112 151 121 15 36 152 167 194
52 177 193 93 129 93 164 9 48 7 67 174 139 56 59 189 119 114 15 196 191 131 111 94 111 42 116 185 137 189 192 54 68 79 101 169 181 57 147 101 17 42 113 105 52 9 96 5 171 163 191 42 112 89 79 192 38 17 104 3 114 133 55 91 126 153 150 22 22 146 184 124 196 62 94 107 171 37 64 122
95 81 22 68 136 87 74 102 107 192 170 159 168 39 20 159 26 95 15 32 43 174 195 163 66 189 28 129 178 57 194 92 84 2 164 138 129 183 166 80 45 139 7 138 39 22 144 12 15 158 168 178 120 183 139 86 70 20 171 114 47 3 7 87 145 193 173 200 61 26 110 21 3 70 120 92 38 138 199 110
159 13 133 46 175 28 91 161 26 28 137 149 178 136 188 158 146 52 108 170 118 127 117 97 28 140 32 2 100 126 152 7 139 109 154 183 161 141 111 48 193 114 189 72 192 60 118 120 8 103 77 8 173 80 128 100 184 55 98 104 188 39 49 172 51 21 120 31 26 178 158 123 53 34 14 78 132 54 114 150
124 100 174 133 43 37 22 23 163 165 169 146 116 118 90 156 45 185 102 184 116 184 103 187 111 11 142 122 162 195 175 3 25 31 51 49 119 199 138 129 198 97 28 164 137 150 47 185 74 106 166 172 197 74 151 134 45 27 19 113 186 1 41 13 107 74 143 84 174 169 11 11 87 48 130 98 200 193 90 113
180 95 106 45 83 197 20 89 115 161 200 106 145 66 20 11 15 68 200 17 60 17 144 179 157 185 184 22 105 93 14 192 101 47 31 22 177 4 85 28 69 27 154 165 127 70 101 82 132 51 145 109 10 180 36 160 49 82 29 28 30 63 33 138 126 86 166 184 66 97 141 113 58 150 154 10 12 120 151 187
4 161 156 99 179 35 48 152 96 3 199 46 79 59 46 42 53 20 100 136 131 100 32 138 30 51 167 80 159 106 157 131 105 130 43 1 15 66 170 128 139 131 198 144 25 68 139 90 18 5 8 117 111 131 130 11 148 117 27 41 178 183 183 75 158 179 198 175 72 130 53 81 142 96 135 89 168 168 58 163
192 23 1 173 41 139 59 89 71 1 111 125 161 186 54 69 168 34 40 113 179 96 5 84 156 47 25 134 77 193 107 24 53 102 9 78 28 139 161 119 89 92 114 101 22 136 11 102 27 139 31 162 109 170 179 187 39 90 113 30 172 176 181 157 62 30 97 190 116 131 130 75 102 82 159 60 69 14 158 132
137 53 60 10 197 23 34 25 189 66 110 60 109 77 81 86 51 75 124 187 63 62 148 167 195 80 172 107 144 187 4 104 44 178 191 147 198 52 135 12 78 35 144 45 106 200 1 64 24 86 151 49 167 85 161 123 172 20 42 197 167 26 129 189 153 101 10 149 163 8 191 64 51 86 17 61 136 36 101 83
94 82 14 78 112 2 63 112 43 56 44 95 1 106 150 144 76 183 136 143 200 160 8 56 180 145 188 163 123 113 120 172 44 92 17 78 112 85 68 42 168 14 56 125 99 57 83 71 155 9 72 147 48 176 175 60 164 144 89 29 86 2 118 199 87 94 46 66 94 196 186 91 193 151 30 144 52 190 172 60
73 173 83 123 198 6 39 83 44 105 83 23 17 188 52 64 182 113 114 177 122 74 142 166 181 188 12 141 195 199 117 22 29 157 192 85 140 100 130 135 189 59 164 133 151 25 33 133 81 118 68 68 141 68 103 147 191 62 88 131 17 164 87 97 155 85 37 26 122 158 189 86 48 134 170 96 123 66 141 191
49 132 113 160 72 72 182 64 163 172 152 79 179 126 56 77 69 116 185 152 88 144 94 159 61 11 149 169 85 111 171 63 17 44 89 169 44 75 101 14 144 160 116 182 35 151 64 137 115 15 200 197 154 188 162 5 198 182 57 109 47 83 66 88 142 44 86 141 192 89 71 84 89 105 95 24 91 125 133 69
102 55 158 199 162 22 12 8 61 81 39 126 199 132 12 170 93 162 189 1 136 128 98 98 31 136 122 140 26 130 48 99 45 161 12 113 127 198 132 78 151 138 99 153 5 64 46 35 172 191 91 156 190 136 194 76 79 111 1 181 45 35 71 186 156 168 196 23 56 179 119 159 173 16 193 51 96 178 151 190
194 191 41 42 2 158 152 131 76 90 1 11 90 80 187 168 15 14 97 94 172 124 141 84 40 178 161 2 102 104 188 3 143 112 72 193 121 142 45 9 41 27 50 192 96 172 159 118 143 2 141 4 38 166 43 149 69 113 116 82 115 112 102 126 197 108 81 3 3 132 94 198 24 58 131 118 179 102 98 33
34 194 150 32 88 109 7 82 74 85 65 123 58 149 194 195 38 95 187 138 99 135 170 9 156 98 47 127 32 125 68 24 114 136 66 198 200 7 150 59 142 91 122 28 182 95 125 132 109 117 143 135 125 62 163 151 51 83 59 84 177 11 146 18 121 66 115 63 36 100 17 45 3 152 89 48 99 152 180 105
66 140 37 62 98 118 158 64 132 52 72 70 106 163 168 80 140 83 101 85 11 126 158 161 167 118 182 177 106 108 150 43 25 172 133 6 25 154 162 26 162 15 122 128 139 101 196 163 170 155 140 64 17 45 67 138 106 120 26 25 95 99 123 66 70 7 111 69 21 109 124 34 107 23 4 152 102 12 11 185
140 139 7 136 70 160 77 139 170 157 63 38 17 184 84 199 91 158 142 101 110 96 61 68 64 82 2 97 24 102 4 130 168 51 18 101 20 99 148 167 157 45 116 138 102 67 109 74 47 150 27 143 95 108 51 177 85 39 111 96 89 196 25 84 107 133 185 143 153 46 163 66 162 3 93 63 103 190 74 97
182 137 130 129 29 47 55 1 106 169 112 142 133 112 9 32 191 111 166 95 136 144 95 82 170 154 30 84 89 12 69 46 190 68 165 78 199 58 16 188 155 7 143 45 126 150 84 185 27 24 126 20 87 186 161 174 130 189 26 62 114 113 1 135 41 152 125 123 129 30 166 111 193 140 108 97 168 94 41 172
63 157 100 90 35 140 13 36 72 89 24 17 77 150 199 142 88 57 71 6 184 116 38 71 110 115 113 6 32 144 191 177 7 9 133 194 144 188 88 57 188 199 115 198 44 183 191 197 93 78 23 36 68 176 86 110 113 44 66 136 122 114 81 186 8 133 136 157 80 70 134 183 199 98 51 46 63 168 132 33
90 179 10 48 168 155 95 165 32 48 120 140 175 169 148 17 70 48 118 18 64 67 157 21 171 19 87 192 92 64 61 143 171 198 65 24 160 93 191 20 94 178 99 134 150 24 119 35 200 16 193 24 178 55 99 14 19 19 38 121 99 34 28 27 55 161 64 158 131 200 75 102 10 1 115 195 71 27 108 174
122 181 110 69 64 78 65 172 191 164 196 134 83 187 90 185 107 4 28 172 9 26 3 97 106 195 68 54 187 31 107 198 146 74 42 5 82 102 172 160 164 181 36 116 141 136 65 161 123 108 40 85 157 148 168 3 36 145 100 57 24 74 190 185 59 52 177 174 31 37 170 173 70 121 1 5 17 53 55 101
117 10 182 151 49 139 3 56 7 17 93 50 164 148 181 163 53 75 75 93 145 6 128 26 29 61 6 58 110 198 77 78 82 109 111 151 181 138 48 109 28 146 128 51 3 61 70 72 18 53 105 96 186 122 21 89 3 124 127 57 120 89 26 141 138 36 53 166 124 32 49 165 5 21 175 127 98 188 135 87
75 37 36 111 77 113 35 1 33 90 11 13 106 117 177 72 22 78 29 157 100 19 91 169 145 13 8 91 185 113 101 116 86 46 92 142 176 88 87 108 181 38 5 162 73 15 79 4 156 198 113 37 185 124 94 169 50 38 57 115 148 138 149 9 50 76 52 129 11 179 83 19 47 30 111 3 91 119 12 87
184 35 75 96 115 51 108 154 84 127 107 98 144 167 159 148 176 52 13 123 169 24 91 149 166 172 9 132 34 196 37 11 177 90 13 103 21 39 92 57 36 73 25 145 9 35 81 10 200 69 63 134 199 160 119 78 85 176 112 37 75 89 67 121 29 184 21 34 174 39 161 12 46 20 178 94 54 172 38 153
200 45 102 15 7 76 192 139 77 44 195 46 185 114 75 82 148 120 129 154 95 99 194 153 64 95 92 113 4 25 129 114 42 94 23 28 173 137 61 75 153 41 186 19 197 115 137 136 106 95 178 46 31 174 144 69 5 14 26 165 183 150 163 186 61 139 177 48 25 90 13 148 108 37 53 34 34 67 90 137
74 185 124 151 5 146 121 167 128 173 101 15 41 151 132 145 35 11 155 141 36 85 31 3 2 61 131 91 76 144 65 164 16 83 120 183 28 158 140 176 30 149 150 106 91 13 61 5 36 5 174 176 86 171 139 111 128 50 170 39 194 64 13 169 196 150 88 25 162 118 12 58 164 75 74 91 114 90 99 161
61 7 96 20 98 140 65 21 120 131 12 138 148 58 129 41 159 200 41 93 142 45 173 68 54 89 97 75 126 147 5 29 110 196 111 147 5 50 33 184 120 46 145 189 154 23 80 39 159 56 19 180 164 200 133 68 95 159 92 142 16 47 65 128 172 85 136 63 45 19 59 39 122 114 154 168 12 139 15 154
136 1 57 51 188 140 196 128 75 14 2 80 34 184 186 63 12 175 33 70 200 110 47 13 152 46 9 196 22 95 24 195 31 179 116 93 110 142 164 200 16 181 63 39 21 97 130 35 172 133 31 89 109 32 2 106 67 168 43 123 77 35 15 131 200 160 169 171 121 154 136 161 137 158 141 28 176 8 130 174
119 53 11 161 114 112 40 102 57 29 44 71 135 189 30 121 97 103 73 185 100 185 98 170 120 167 41 141 32 27 15 175 134 53 182 5 146 42 91 90 152 195 181 174 165 46 151 129 73 136 139 169 141 193 117 16 1 172 53 89 116 173 103 135 142 196 49 116 32 125 149 200 139 174 184 130 74 167 121 155
22 155 11 127 40 186 58 173 45 138 134 111 25 159 132 166 59 57 150 177 11 24 9 62 92 143 32 181 16 53 147 154 176 94 80 55 45 122 161 18 197 161 98 65 33 71 163 98 22 171 54 54 30 161 166 95 3 131 6 91 11 74 82 29 16 124 167 78 31 198 68 43 109 65 71 7 184 192 16 111
67 103 148 88 41 31 34 123 172 56 46 1 28 13 156 101 137 133 24 130 115 138 2 130 190 171 164 109 189 179 198 76 20 85 84 110 162 143 62 181 168 140 88 139 22 140 194 30 183 46 47 99 1 3 80 137 37 146 9 27 120 80 76 41 82 105 154 138 13 183 183 193 132 17 6 101 21 168 24 169
179 167 51 94 110 134 163 141 151 78 169 63 111 21 22 110 166 101 192 113 182 161 39 2 53 60 89 101 30 171 108 122 101 112 64 53 119 41 122 81 2 12 54 17 115 79 151 20 51 23 124 91 117 29 180 75 40 144 47 41 44 60 173 155 185 78 38 119 146 156 150 38 183 173 29 44 2 195 25 103
49 175 64 114 24 82 153 2 105 26 41 165 118 162 177 33 196 104 10 118 99 150 156 171 132 16 160 70 59 185 14 100 184 28 65 156 72 73 21 24 27 166 194 149 30 122 91 7 176 100 177 107 178 181 22 101 137 150 153 192 114 142 25 161 141 133 32 106 113 166 141 17 23 29 10 92 119 131 54 152
185 115 82 70 39 97 66 113 191 28 131 193 162 99 63 5 43 158 40 198 138 192 98 166 53 106 125 184 149 99 47 57 66 39 130 132 159 183 129 165 3 150 3 29 2 60 48 133 175 150 85 154 190 21 135 122 92 96 21 192 93 94 123 182 166 22 2 110 30 113 75 46 64 5 135 119 45 101 199 192
