90 	
35	53
0	1	9	407	6	
1	9	8	325	4	
1	7	9	8	3	
1	5	7	8	5	
0	5	1	142	5	
0	1	7	389	9	
1	3	9	343	4	
1	3	9	64	9	
1	5	4	120	6	
0	2	9	179	7	
0	2	7	195	4	
1	5	9	106	5	
0	4	3	28	1	
1	7	3	317	2	
0	9	1	42	8	
1	7	2	390	6	
0	4	2	379	5	
1	6	3	203	1	
0	4	6	223	1	
1	6	2	367	7	
1	8	3	48	2	
1	2	7	13	7	
0	1	4	104	9	
1	8	4	64	5	
0	6	2	72	7	
0	9	1	51	9	
1	4	6	40	3	
1	1	3	265	9	
0	2	4	361	3	
0	4	6	323	7	
0	7	7	75	3	
0	4	5	4	6	
1	3	4	152	3	
1	2	1	86	2	
0	1	9	184	6	
0	6	8	19	6	
0	2	1	158	2	
1	4	4	258	3	
1	1	8	302	2	
0	7	4	256	1	
1	1	2	75	5	
0	4	5	338	8	
1	5	5	6	5	
0	9	2	60	9	
0	6	3	16	9	
1	8	5	380	4	
1	2	1	89	4	
1	9	6	250	3	
1	2	9	377	5	
1	6	9	378	1	
0	5	7	378	7	
1	9	3	403	7	
1	1	9	376	4	
1	1	7	19	5	
0	5	3	231	2	
0	3	7	271	9	
0	5	4	165	3	
0	1	5	360	4	
1	4	4	391	2	
1	8	6	379	8	
1	3	9	304	4	
0	5	6	161	1	
0	4	1	61	6	
1	3	4	14	8	
0	2	1	318	5	
1	5	1	224	2	
1	8	8	0	9	
0	4	9	107	7	
0	7	4	34	6	
0	4	6	178	7	
1	8	8	362	5	
1	1	6	253	8	
1	7	3	55	2	
0	1	2	72	8	
1	7	8	188	1	
1	3	5	163	6	
0	1	6	8	7	
1	4	7	127	9	
1	8	2	6	9	
1	9	5	201	6	
0	7	8	147	8	
0	8	7	348	6	
0	2	7	288	2	
0	3	5	48	5	
1	9	5	88	1	
0	8	6	89	9	
1	7	9	340	4	
1	5	3	82	5	
0	8	9	212	6	
0	8	3	423	9	
158 175 139 138 78 112 45 142 91 177 59 93 118 112 124 97 184 93 82 2 117 48 105 98 102 94 186 132 3 1 28 1 5 140 12 134 160 149 149 139 173 19 59 13 106 135 184 104 56 171 148 2 58 90 121 165 65 27 39 180 193 42 138 72 94 174 145 2 168 58 107 101 133 85 169 73 74 20 16 35 130 192 145 127 63 197 23 90 161 80
34 129 20 79 100 171 30 132 66 5 68 49 106 11 74 98 162 34 17 17 6 31 124 80 100 67 151 30 4 142 103 189 7 43 47 83 111 159 129 39 158 149 163 23 30 79 186 140 170 108 70 29 168 166 65 13 143 8 157 49 82 100 124 141 19 145 103 13 176 86 33 180 33 186 132 112 160 199 123 165 16 157 174 195 5 178 27 168 52 27
89 86 199 4 35 186 12 47 23 174 7 80 113 139 44 125 124 122 44 84 145 175 154 113 117 159 45 127 62 107 133 137 25 144 151 62 190 152 34 167 34 83 3 120 76 89 102 181 174 183 170 57 97 136 169 163 151 109 24 137 176 113 130 101 132 4 76 96 143 167 34 194 178 145 44 164 187 42 58 171 22 101 21 43 187 79 149 101 105 100
20 126 110 63 124 43 124 42 171 194 10 127 145 182 107 117 96 48 65 24 93 105 79 197 165 157 95 176 157 117 145 40 131 41 42 89 58 20 135 8 119 111 107 179 190 130 195 75 187 199 49 85 122 104 117 50 35 27 94 14 110 167 36 143 168 34 30 105 83 119 181 5 190 50 70 69 109 181 196 8 84 182 18 114 126 43 119 95 160 175
34 44 181 23 181 128 131 31 178 167 111 135 168 2 151 139 140 126 81 76 24 147 11 63 168 56 61 175 13 135 190 150 2 126 71 144 69 77 44 46 148 75 170 198 1 42 178 196 184 93 26 70 183 110 180 180 106 16 89 96 149 140 159 124 122 90 190 196 183 173 140 77 121 70 126 198 120 9 74 59 185 181 78 72 195 33 104 50 129 8
121 159 155 20 12 79 86 70 58 155 154 146 57 62 76 76 74 185 51 13 190 197 60 163 148 95 189 7 157 54 116 40 153 64 183 15 37 199 20 80 193 176 187 42 80 107 70 27 88 97 79 32 19 124 146 163 173 45 200 196 169 75 40 168 167 23 184 165 176 130 90 153 9 55 131 129 56 59 176 185 104 161 15 146 180 89 200 145 11 198
85 187 111 15 25 118 200 83 38 189 120 181 122 28 136 85 102 42 154 37 141 145 56 32 124 95 118 142 111 193 190 14 78 46 56 152 30 42 63 90 122 160 57 161 106 25 46 7 126 140 182 135 5 33 178 84 33 189 199 160 187 188 200 35 148 110 139 2 188 168 66 129 33 157 200 154 140 171 53 18 62 24 2 164 108 125 108 15 63 26
199 104 131 138 60 195 148 168 56 77 35 99 17 176 122 137 99 8 63 10 144 44 197 58 146 181 132 68 41 55 4 182 185 3 107 113 189 40 94 50 34 91 189 84 29 153 27 22 182 124 69 79 170 17 48 136 43 7 103 104 75 41 62 73 122 149 33 126 65 176 21 50 198 129 30 191 94 29 128 53 192 30 129 50 101 34 6 132 148 39
149 114 22 107 77 115 134 115 159 43 20 40 20 93 138 69 129 111 47 116 33 44 47 60 163 46 167 131 133 68 187 155 24 16 188 41 23 7 23 104 116 17 104 16 138 190 36 44 167 101 133 161 135 132 29 71 194 32 99 199 130 146 29 22 148 119 32 3 18 68 20 77 6 176 102 137 71 11 119 142 139 55 91 185 151 105 175 110 131 128
153 135 193 12 21 134 179 60 45 173 42 155 126 61 172 5 68 28 168 194 129 130 171 192 130 88 188 123 19 69 18 16 67 192 87 56 149 193 4 176 190 124 111 172 94 31 121 8 15 81 21 67 69 102 105 171 169 133 57 148 65 194 61 77 16 24 89 45 133 103 60 114 198 27 119 94 133 90 145 137 159 174 95 128 105 198 91 132 96 17
117 59 175 151 177 70 13 11 160 179 124 20 168 127 13 41 98 87 26 67 153 17 112 93 14 57 71 193 112 76 171 75 193 91 61 47 161 1 101 56 189 181 19 181 66 108 182 173 119 52 197 85 166 128 200 90 164 115 183 119 93 130 147 159 77 176 31 62 167 135 64 9 71 68 189 76 70 115 84 15 180 80 28 169 79 46 57 188 90 160
59 109 23 5 105 48 49 76 139 197 55 155 9 108 143 146 116 192 199 128 82 52 46 166 190 61 103 5 43 174 111 26 165 53 18 1 173 168 93 149 90 94 195 29 78 4 58 99 116 98 39 94 49 51 15 161 21 53 189 145 84 160 11 55 82 78 160 142 185 43 172 156 20 82 150 98 89 140 174 44 181 62 37 132 188 68 69 32 183 39
177 174 77 112 140 195 126 82 13 78 149 150 14 96 28 69 193 190 193 103 131 155 55 183 147 130 160 158 77 126 159 82 44 56 126 179 107 35 114 133 142 146 42 178 13 166 24 7 91 120 120 120 178 154 179 75 168 144 91 58 142 137 161 148 65 153 182 123 176 99 150 55 193 173 54 43 70 154 11 194 2 2 7 117 21 7 11 103 124 1
39 189 91 142 15 164 176 77 67 182 159 4 126 99 190 121 52 143 162 38 86 158 85 161 99 128 81 183 108 168 109 78 73 145 139 180 96 126 41 87 20 57 8 77 120 102 168 17 200 60 127 1 156 93 17 177 190 142 165 66 95 7 15 144 125 95 18 158 160 49 25 41 42 18 4 167 177 164 54 42 34 125 2 121 5 157 196 51 189 49
1 8 45 83 3 173 98 68 112 170 125 6 108 22 32 3 2 113 179 148 59 42 104 161 74 13 113 42 108 26 88 101 53 48 33 29 122 36 120 90 143 163 34 20 96 15 12 125 64 192 101 187 66 161 193 161 71 142 39 60 47 1 105 151 49 180 18 191 52 38 159 96 99 17 122 62 135 105 93 167 152 73 31 47 121 17 168 46 14 163
52 81 122 76 20 9 105 159 15 128 43 33 178 15 188 49 178 50 155 174 105 76 188 52 172 148 100 109 149 152 6 129 145 142 175 154 128 32 95 14 27 79 58 102 169 97 193 62 161 141 200 186 98 23 170 82 161 111 25 13 184 36 175 55 155 171 161 121 73 59 102 26 36 171 1 33 125 81 73 55 21 133 56 158 186 138 113 27 99 29
16 107 168 198 151 69 48 106 58 123 65 116 81 131 132 33 5 76 46 34 127 147 200 92 48 128 136 27 40 194 185 100 182 34 189 108 123 92 5 132 14 89 160 136 151 12 115 131 166 139 161 194 90 129 116 97 196 158 65 164 6 115 177 35 50 58 19 194 76 193 184 4 152 87 64 156 12 46 95 148 24 120 165 132 137 52 174 181 94 131
99 72 183 183 97 23 112 142 80 138 35 133 191 194 170 43 34 118 139 15 55 112 190 104 124 107 113 63 143 58 99 43 120 107 159 95 56 105 93 141 105 134 98 12 50 83 42 117 22 135 114 43 73 124 145 83 48 98 195 67 195 80 78 22 42 44 148 187 170 87 131 73 200 90 150 43 169 180 134 76 94 111 103 106 95 132 79 83 162 187
126 141 84 96 66 54 138 27 47 86 107 22 8 30 120 150 84 196 179 10 107 138 79 77 151 95 147 162 133 13 41 128 173 46 28 113 24 117 96 179 160 49 5 58 183 194 152 18 113 131 57 60 60 23 102 156 9 98 62 71 131 197 2 71 136 78 46 130 14 146 143 140 139 2 46 28 149 66 94 15 156 39 163 43 184 197 81 48 25 33
23 148 120 8 134 91 136 110 84 80 37 181 19 70 37 140 63 190 178 183 22 27 5 104 127 31 54 39 91 59 106 72 61 131 76 39 31 173 173 85 182 37 142 91 181 99 198 47 35 47 83 62 26 123 157 3 13 11 111 180 94 10 181 130 9 54 9 34 189 120 135 28 71 98 158 132 194 27 144 86 48 83 133 36 104 199 22 19 61 87
72 148 171 17 70 90 54 43 138 133 194 89 185 130 157 114 50 153 197 164 161 94 58 20 149 65 153 42 114 14 115 51 97 25 172 144 106 56 42 140 68 185 53 191 147 121 175 88 180 126 132 140 129 54 71 101 17 120 55 167 142 12 197 2 8 140 150 125 191 21 182 11 9 199 34 29 140 81 81 92 124 184 134 42 55 198 77 122 192 11
46 97 82 37 15 166 67 156 116 119 134 160 100 49 122 10 4 100 172 164 48 38 73 19 162 1 83 5 76 185 47 61 2 125 68 15 14 143 142 200 77 69 13 41 88 189 55 166 178 171 117 21 99 106 177 81 67 42 169 160 168 20 197 93 161 50 114 100 79 118 126 35 12 143 199 79 55 8 168 161 146 34 30 38 167 86 39 65 85 87
160 186 82 105 42 159 162 188 94 98 135 44 139 69 84 159 61 22 155 78 94 175 109 182 107 136 179 186 94 190 67 96 100 147 155 112 145 182 64 27 134 114 29 33 51 199 170 132 10 163 65 89 160 176 26 144 13 108 121 21 102 142 94 174 71 130 96 16 137 66 38 34 10 10 155 151 170 25 96 57 100 37 141 90 78 83 140 113 27 146
14 18 135 121 105 191 166 161 140 193 81 65 105 85 66 1 158 124 117 118 132 43 134 112 30 63 141 120 87 42 107 49 141 114 13 17 117 82 85 64 161 52 149 131 30 148 199 43 22 16 39 171 151 4 103 120 85 35 194 180 134 162 199 173 125 165 85 11 109 59 136 183 169 193 147 120 157 66 16 106 70 192 82 164 127 179 13 175 132 161
170 92 142 28 2 154 193 52 196 117 174 116 173 127 3 10 31 126 71 160 194 26 18 57 77 15 101 105 166 138 158 138 162 63 165 131 185 190 105 69 159 173 82 93 170 109 156 114 42 90 39 52 40 187 99 130 65 108 116 36 134 96 186 7 80 61 127 57 41 14 158 91 84 134 55 102 153 74 122 53 168 152 35 129 176 128 11 57 84 81
155 65 171 50 1 19 163 103 17 107 133 28 192 168 65 88 127 143 168 52 186 32 114 166 154 192 72 46 39 4 182 81 151 29 140 151 2 152 113 97 60 173 123 57 58 14 193 143 134 157 43 13 143 53 155 35 62 15 126 51 162 5 13 183 4 198 59 187 108 104 47 64 101 194 31 104 84 68 48 128 107 138 120 89 52 116 149 92 83 58
13 64 158 72 78 73 182 178 116 197 30 135 88 171 58 60 153 174 183 187 124 65 13 193 4 194 7 3 97 23 37 120 152 61 122 184 104 66 127 153 29 31 85 198 7 16 117 122 151 108 133 18 177 17 66 88 106 49 69 187 68 194 102 167 92 124 173 83 156 161 63 183 46 139 66 182 151 28 49 132 146 41 166 77 186 114 93 30 115 153
79 26 133 44 192 104 42 114 48 63 164 108 16 101 16 108 154 59 88 104 112 140 98 69 92 73 98 58 96 185 44 147 79 89 36 15 136 31 13 158 85 121 138 198 33 110 174 129 154 145 4 143 9 19 108 160 95 45 85 126 104 58 183 97 174 175 200 182 146 184 67 24 61 63 178 200 194 183 175 57 43 164 8 151 132 68 116 105 137 174
149 12 17 29 176 176 184 144 165 139 33 182 116 145 123 22 182 163 160 83 175 49 7 164 124 132 182 22 141 168 146 127 82 161 4 92 156 190 42 108 129 80 20 9 128 19 55 125 8 140 102 13 100 85 143 147 166 168 65 30 171 87 195 130 73 93 64 65 52 68 51 146 167 69 19 178 157 186 159 194 174 190 192 82 40 198 142 78 54 139
3 5 74 187 85 13 170 26 141 60 178 144 194 192 145 172 123 22 151 73 42 177 191 35 42 42 99 20 24 193 157 174 183 156 90 114 73 191 194 69 160 113 36 98 99 90 152 184 155 2 4 195 30 115 59 168 169 126 81 177 6 172 97 43 38 129 135 97 36 104 158 156 188 57 140 134 152 39 100 197 67 85 21 53 193 100 10 82 199 30
169 69 103 109 137 163 28 24 168 112 148 111 29 129 149 68 161 151 99 176 33 102 138 65 117 171 83 120 137 96 144 64 189 182 79 158 156 125 143 148 104 6 17 26 172 143 65 29 31 16 182 114 198 26 175 102 7 54 2 44 93 43 50 144 5 110 83 76 112 17 82 140 35 181 183 26 131 100 46 78 20 99 32 6 94 78 19 124 152 93
11 7 58 136 160 22 149 54 155 124 18 193 12 122 179 170 83 112 122 165 131 80 81 61 177 24 153 95 130 33 130 82 98 129 37 156 179 145 20 62 11 133 160 44 42 138 146 19 66 113 22 36 179 185 58 102 34 115 173 21 30 89 50 116 35 65 150 188 74 53 53 163 18 69 111 169 39 109 132 176 158 110 106 90 139 43 139 94 65 17
74 141 37 66 134 63 19 183 1 6 138 73 121 174 5 68 173 165 186 145 49 128 121 39 186 103 199 67 153 127 171 120 198 42 119 9 153 23 95 176 113 183 7 60 132 55 75 61 70 164 69 99 32 62 96 200 70 9 176 90 125 19 176 194 198 23 2 73 56 26 199 27 60 167 151 62 121 192 81 132 128 139 181 50 186 157 153 158 44 7
103 196 77 189 199 68 133 16 50 50 163 30 62 200 20 98 66 47 188 124 111 100 76 120 196 122 45 72 39 15 1 71 172 116 42 6 137 165 199 71 24 197 130 24 134 88 72 166 105 194 16 199 70 36 43 1 63 181 47 170 158 102 67 199 159 111 43 151 87 22 43 190 81 127 18 7 92 177 169 78 55 58 42 148 134 57 74 32 34 2
197 130 70 101 63 81 46 130 118 74 37 23 183 13 187 17 98 184 168 190 20 91 152 44 144 45 27 14 50 13 5 169 136 33 194 80 7 47 112 186 101 7 136 137 153 23 50 80 116 21 26 131 34 194 119 117 74 127 13 53 181 43 147 65 69 80 198 175 15 188 45 131 98 54 56 7 175 21 149 63 42 64 67 167 12 103 121 67 171 87
147 144 37 178 111 182 181 110 117 52 170 194 151 182 77 174 32 105 11 69 78 28 24 153 37 37 138 88 54 60 114 65 120 51 52 72 165 158 153 41 66 148 5 81 94 158 36 114 111 87 146 168 118 93 17 27 156 101 124 94 60 118 198 101 35 189 101 55 12 54 106 159 87 116 109 69 140 14 108 60 70 139 69 87 158 80 179 67 174 123
184 77 92 121 46 125 42 33 167 182 74 123 149 54 46 40 98 89 101 43 23 95 63 40 9 189 155 95 95 103 7 110 134 81 67 9 121 180 34 93 131 182 97 62 168 159 162 61 31 97 67 130 125 163 58 28 97 168 171 48 56 189 190 80 41 61 2 43 158 4 86 177 140 89 190 76 77 25 18 142 163 90 146 199 107 28 197 164 88 30
53 97 168 164 187 200 110 129 105 89 38 198 41 189 36 18 96 166 59 6 101 195 100 79 78 29 159 61 86 175 145 37 110 109 29 15 195 57 13 2 200 103 93 120 139 123 2 110 73 200 189 190 32 75 90 128 37 124 148 44 44 23 118 74 105 24 140 62 2 60 99 199 142 53 150 152 29 136 144 19 131 52 32 19 162 61 27 142 89 133
123 87 126 133 100 12 153 138 69 78 105 180 180 179 7 57 193 107 135 186 161 48 2 67 88 13 17 185 180 45 174 3 29 182 59 98 162 192 178 110 69 195 174 37 146 157 14 100 151 164 193 174 155 178 31 11 73 28 62 41 191 31 46 164 4 153 126 164 34 189 28 179 131 182 64 59 110 169 124 64 85 83 62 8 21 177 154 150 33 118
173 182 197 79 121 87 36 174 138 7 186 132 130 64 94 103 200 8 155 83 191 97 198 35 129 42 152 68 196 112 133 185 65 100 45 78 152 191 188 105 93 27 128 150 70 117 191 45 94 180 103 108 22 125 31 175 85 108 124 29 98 159 56 18 190 111 13 147 164 191 139 183 162 98 55 31 185 23 165 80 93 100 175 97 194 160 24 115 18 194
26 173 38 10 94 75 9 179 184 131 93 105 154 48 157 94 62 159 76 196 26 81 82 23 172 89 133 174 89 122 177 82 125 162 95 110 38 115 14 182 140 124 77 197 193 41 126 139 123 100 187 39 46 128 95 161 70 17 75 26 129 67 137 27 105 152 10 109 177 47 112 165 194 132 27 41 193 190 179 24 58 109 51 33 138 39 161 167 73 115
135 184 85 111 75 92 150 164 107 42 76 89 90 162 79 138 127 160 20 142 127 71 107 80 168 170 57 24 70 74 3 5 196 61 33 79 171 75 196 76 4 25 122 65 116 150 68 87 163 169 91 22 131 178 119 155 178 125 184 41 30 148 135 163 3 23 94 116 12 96 111 183 109 18 160 95 158 131 146 117 94 184 126 5 14 163 182 36 64 74
40 43 85 100 45 132 147 133 136 43 89 88 77 137 158 103 184 161 28 28 142 54 19 158 191 196 171 4 126 35 191 63 91 98 68 193 80 164 102 96 182 161 59 36 46 4 197 194 24 174 188 141 154 38 92 88 154 166 42 98 25 152 179 38 193 196 104 41 185 89 76 181 64 10 95 15 162 145 147 147 121 139 30 63 56 134 183 15 165 194
127 49 101 47 196 106 98 1 99 196 2 31 119 38 146 120 178 146 54 26 33 183 186 89 90 94 192 133 170 183 87 164 14 148 165 24 114 153 65 50 25 27 37 157 140 10 66 47 200 33 50 62 186 135 168 23 133 27 130 36 112 38 171 116 78 78 155 34 44 148 22 184 177 4 88 151 35 185 125 63 143 65 23 9 38 104 4 39 104 6
99 182 146 20 162 17 169 57 194 144 88 22 157 17 186 25 68 41 106 152 88 193 19 12 162 42 25 15 41 129 63 12 25 154 26 136 120 131 44 139 65 196 124 198 4 55 189 49 34 11 128 196 88 186 98 94 101 72 186 31 159 10 121 51 94 81 20 173 182 29 182 171 88 11 137 79 46 53 183 83 4 52 162 115 194 194 180 153 56 76
101 164 91 163 93 31 55 78 162 185 94 130 86 192 62 166 131 133 125 21 5 40 26 24 175 1 51 38 78 83 180 34 51 144 118 83 191 27 9 35 43 133 52 48 60 16 185 123 62 62 121 71 142 68 86 142 44 96 8 22 19 164 130 156 46 4 194 85 81 18 143 168 121 30 71 176 171 122 117 90 148 64 18 175 116 42 33 85 60 5
47 26 153 7 197 22 90 29 113 134 84 102 23 142 69 118 183 175 116 28 149 17 92 35 84 186 126 72 153 114 12 163 138 118 117 170 9 22 18 112 56 176 54 154 58 133 12 2 174 41 56 76 36 172 132 198 163 10 152 1 150 83 29 26 68 29 73 83 66 19 169 135 131 57 83 156 94 195 148 166 63 109 168 176 61 74 198 119 92 156
74 82 172 95 140 71 86 72 166 142 132 47 196 30 129 154 196 33 106 125 178 63 72 198 115 113 194 101 20 115 123 119 101 52 24 98 142 64 160 103 87 156 124 156 189 185 129 18 171 110 71 53 174 137 66 80 133 40 57 35 88 77 123 124 193 89 191 138 87 98 27 77 86 5 130 10 34 176 91 165 165 13 147 40 16 161 168 123 12 135
179 178 29 181 174 55 74 35 11 138 161 182 111 84 15 29 196 2 157 19 177 90 42 146 57 36 29 2 190 151 200 169 90 187 125 142 48 21 100 58 85 40 81 129 127 175 38 117 161 131 191 61 160 82 116 168 199 20 191 94 101 115 71 138 102 85 117 104 94 24 56 34 190 12 84 71 26 106 138 109 143 80 131 35 123 39 80 38 89 66
59 200 55 117 19 68 106 129 7 36 76 87 109 199 52 76 138 119 6 127 63 1 167 138 87 91 88 141 185 54 191 31 136 96 141 94 70 130 159 25 180 138 122 142 77 46 109 174 158 177 58 123 77 175 13 191 93 140 164 47 185 139 145 59 135 77 4 29 192 55 47 74 167 104 106 8 75 22 106 2 38 23 132 13 174 80 173 113 48 122
35 29 30 74 184 97 190 184 82 54 129 38 18 13 119 130 188 169 66 74 26 55 151 150 68 61 13 34 63 26 22 29 175 22 137 58 161 150 102 115 106 132 130 7 75 120 80 150 183 90 39 21 150 153 104 143 187 51 108 128 27 196 120 33 60 129 70 47 60 191 117 75 49 21 31 197 45 167 40 107 60 184 60 53 42 117 53 121 25 40
23 103 189 149 194 46 21 148 121 173 193 153 68 11 93 141 147 175 12 60 181 79 46 1 29 196 93 39 66 199 155 8 183 98 18 103 184 131 131 11 153 17 22 91 195 124 56 151 166 168 29 21 194 165 32 97 25 90 199 47 117 22 48 167 28 195 7 111 53 143 133 26 174 187 154 71 134 132 128 154 136 99 27 136 137 164 78 138 159 29
26 78 120 155 105 67 64 144 13 53 66 175 62 172 21 164 62 7 35 44 43 129 175 37 9 33 69 95 170 138 66 184 65 58 129 61 173 69 13 19 13 170 3 183 93 53 83 117 159 44 182 183 52 34 117 143 108 98 3 118 45 87 40 49 21 187 130 83 36 114 24 27 40 85 2 67 125 178 140 19 124 158 107 180 159 7 12 86 111 63
26 8 147 106 27 137 175 75 73 1 134 18 185 129 58 119 76 54 129 13 10 194 51 128 194 166 88 166 35 103 81 10 192 22 196 75 179 184 115 84 8 111 118 189 22 173 141 25 169 128 69 169 101 25 172 15 98 136 165 148 85 162 46 137 200 38 72 106 2 187 59 105 167 70 172 165 196 24 83 143 108 137 159 45 181 76 105 108 158 72
27 44 181 43 21 143 29 104 197 121 163 169 42 79 193 50 91 144 39 133 25 69 92 65 134 127 199 77 28 174 81 151 92 20 99 78 75 161 121 146 3 94 105 63 84 129 45 141 117 28 169 156 149 59 82 157 192 6 41 47 77 110 9 59 57 149 53 61 85 67 165 76 14 104 173 109 145 72 53 36 85 26 83 172 20 24 144 58 68 58
154 151 200 36 95 93 115 7 53 84 182 82 20 106 80 71 124 29 162 34 5 94 6 196 121 29 93 161 109 182 155 194 144 143 188 160 19 4 139 157 85 100 24 149 121 88 175 73 17 31 175 39 70 94 87 124 131 82 93 72 160 28 137 69 74 145 178 104 30 111 46 167 156 59 175 153 177 35 108 109 104 91 113 67 84 61 136 132 169 55
113 55 50 184 148 27 48 21 66 178 127 151 125 24 36 46 153 94 97 110 91 81 63 56 75 192 198 115 152 7 112 164 152 102 32 28 153 7 64 101 86 182 21 78 89 50 21 177 125 151 93 42 34 46 33 26 15 182 73 107 119 16 153 77 188 130 200 177 18 35 180 124 53 58 125 58 191 14 58 181 71 12 56 138 165 127 192 94 3 178
171 67 77 80 65 112 185 108 35 60 126 142 143 24 60 180 65 91 95 17 82 156 152 194 52 52 79 147 84 180 123 100 68 64 68 9 152 167 181 192 108 144 61 63 179 163 71 191 97 26 67 49 43 127 111 12 126 26 169 98 125 12 98 106 111 168 108 133 167 90 183 37 147 148 134 93 26 184 32 156 29 16 100 179 187 185 199 159 18 139
175 97 172 103 173 100 48 119 151 77 88 77 87 16 43 160 147 95 196 20 10 189 132 146 200 74 5 8 41 196 121 124 46 194 92 68 53 183 170 147 178 15 33 6 20 18 86 150 93 131 68 129 136 69 84 185 196 15 52 118 163 71 156 117 190 80 24 7 51 169 97 150 164 35 59 66 149 79 159 109 132 172 91 13 174 136 194 108 175 4
135 156 10 91 139 5 131 94 32 23 124 64 23 134 132 13 157 163 36 62 157 37 55 53 174 174 181 58 132 178 1 122 149 10 155 63 82 21 52 80 48 131 25 183 165 37 11 97 173 47 82 148 81 181 32 133 122 85 104 67 145 53 113 98 59 190 71 36 194 135 91 53 135 63 124 73 177 94 188 126 81 37 76 12 160 170 88 168 83 184
25 45 124 69 153 28 115 2 2 51 154 182 184 144 171 56 114 38 36 155 26 54 161 58 14 52 167 114 49 85 59 47 65 11 119 177 182 85 115 187 49 183 1 191 92 82 165 166 26 141 35 88 34 78 171 5 111 60 51 160 118 88 67 63 46 50 188 25 136 88 124 162 22 139 154 20 157 174 121 175 117 45 196 56 77 18 186 43 15 87
102 176 16 172 196 7 31 132 33 68 157 152 166 180 91 102 152 176 75 194 120 160 129 114 181 59 143 26 53 46 46 131 88 21 92 90 89 23 15 132 199 129 92 180 170 162 94 132 160 155 33 156 160 124 73 20 191 149 15 191 120 11 144 43 119 70 27 116 36 163 73 56 186 51 91 103 157 129 110 92 120 169 78 197 52 157 120 25 186 76
71 144 181 77 165 134 8 177 186 53 39 183 190 10 101 51 93 185 147 101 10 3 49 4 18 118 110 187 150 48 114 122 181 31 62 126 74 110 177 109 190 121 166 150 23 160 166 60 140 59 6 182 95 185 41 186 88 27 181 105 198 121 18 17 115 188 102 134 29 50 98 55 48 14 143 12 49 130 95 184 5 126 70 160 163 62 171 185 47 68
195 103 110 118 150 198 12 44 88 3 69 10 122 36 96 129 113 118 155 143 3 66 95 158 15 148 133 151 101 32 37 134 7 144 14 81 99 170 111 123 79 57 48 18 73 187 124 174 127 144 26 172 12 37 41 162 109 91 53 175 157 198 141 5 180 187 44 184 37 130 70 117 60 118 74 105 48 49 153 18 165 153 40 167 91 67 32 80 154 45
140 159 67 10 30 30 119 194 91 58 129 70 195 107 127 175 124 135 16 26 56 39 66 18 59 38 145 165 145 24 79 32 144 104 124 47 32 157 150 42 17 92 175 118 62 3 63 91 187 190 158 73 183 87 118 73 38 146 89 4 146 200 151 198 137 155 196 85 187 116 191 86 47 63 13 66 99 123 83 34 36 122 176 176 82 44 23 16 193 98
177 9 43 162 81 171 103 90 19 110 74 171 4 81 166 80 45 76 193 159 110 172 108 193 152 22 48 156 99 82 7 38 145 112 66 163 53 24 52 101 61 16 88 23 18 53 11 118 109 170 49 65 45 37 153 175 156 187 175 150 67 109 30 199 103 167 86 169 182 185 77 70 155 12 13 190 14 93 97 183 130 12 60 6 40 138 27 174 85 25
56 56 107 57 8 57 186 48 38 196 173 138 83 119 137 135 184 164 163 184 93 124 6 102 111 145 17 35 58 44 188 190 85 65 141 153 3 79 109 126 110 5 163 42 93 50 25 24 82 135 70 1 150 60 50 126 67 60 46 135 155 27 34 7 114 4 114 151 192 200 140 86 11 13 42 185 94 41 133 36 199 39 71 35 72 37 164 167 122 32
172 5 101 3 9 121 47 118 92 63 79 78 78 103 123 200 184 174 166 30 124 182 57 125 131 155 157 159 153 193 100 4 153 5 28 121 32 103 68 1 102 32 129 53 120 16 71 188 32 126 142 189 101 9 190 85 4 128 60 76 48 188 37 21 38 99 105 177 114 66 43 161 177 144 100 110 184 116 189 147 124 136 50 11 157 16 168 11 179 132
6 11 181 162 106 195 142 27 5 187 176 131 131 4 198 16 26 50 103 34 145 4 86 113 71 182 158 62 146 185 34 130 162 8 49 48 11 145 131 181 153 117 115 187 91 76 179 128 58 34 61 175 148 58 13 144 59 28 96 120 154 30 83 34 69 19 142 164 67 6 140 110 133 139 121 161 36 172 28 136 166 122 148 133 188 139 32 127 29 114
77 18 105 57 128 182 195 69 120 91 93 140 54 174 185 153 34 87 135 37 82 50 169 52 123 120 75 159 79 112 71 178 52 195 1 80 131 60 156 74 25 169 48 119 119 184 138 14 109 45 78 117 109 58 194 165 144 168 69 153 195 16 36 161 198 1 107 128 26 174 44 3 10 50 22 120 125 153 139 136 39 83 20 191 23 35 95 3 187 107
9 97 40 190 195 34 191 61 12 94 41 14 191 148 145 110 147 154 108 186 27 151 99 43 59 185 45 110 6 47 162 165 147 17 107 43 14 21 72 167 65 29 148 59 145 39 176 126 188 184 31 3 6 26 109 137 116 54 57 189 21 16 41 28 25 191 61 100 94 155 72 93 60 108 150 184 58 26 3 194 165 189 189 157 99 88 134 45 68 63
159 44 55 134 25 164 61 40 114 80 17 151 112 7 194 66 176 5 163 114 8 51 31 50 60 26 84 61 126 94 139 139 156 151 1 136 59 37 171 99 62 200 156 144 64 18 58 18 62 150 161 86 52 138 59 105 9 117 51 169 89 58 142 8 9 124 193 112 102 118 93 30 80 139 184 157 167 28 108 57 190 149 91 136 63 198 57 155 103 16
94 28 37 59 183 187 62 9 36 1 111 56 120 55 146 94 91 153 130 7 185 3 74 87 67 157 168 62 68 102 111 123 46 66 135 39 177 191 181 40 140 46 130 49 71 194 48 60 144 3 15 75 52 151 192 149 114 64 43 17 17 56 85 109 108 169 11 88 173 162 94 86 61 77 162 117 31 136 189 172 12 22 161 63 169 145 55 192 57 198
66 104 34 119 188 195 192 64 51 116 143 180 113 119 186 36 115 66 24 155 68 57 129 1 2 162 131 82 141 13 1 184 6 127 151 108 10 133 20 155 102 106 43 188 84 131 199 138 11 173 167 179 139 181 193 193 113 158 159 172 132 189 90 59 69 133 155 144 130 90 14 112 134 69 195 106 133 55 39 62 165 40 83 178 139 153 120 67 49 95
30 128 136 10 169 39 33 49 79 103 76 181 17 18 180 30 30 185 90 7 113 34 38 96 77 19 43 4 19 66 199 52 104 122 48 174 187 132 5 164 109 118 173 56 183 183 84 56 55 26 146 178 44 97 150 54 170 193 71 40 167 118 32 110 90 45 43 10 151 19 9 183 76 126 155 136 93 1 24 200 17 75 45 73 129 95 52 133 38 124
182 157 163 159 82 39 87 44 28 173 48 63 95 152 149 86 74 140 169 166 178 141 113 131 147 62 35 40 115 98 113 84 142 140 6 183 80 67 30 99 98 186 11 40 13 145 4 177 92 44 191 123 26 62 50 60 105 66 27 114 151 42 26 74 115 124 17 10 112 101 127 75 63 48 126 1 145 65 20 70 130 20 38 77 98 34 166 63 15 12
146 43 156 147 160 198 27 83 84 114 22 198 187 139 166 118 68 109 195 49 46 3 16 195 40 15 121 141 175 158 145 120 133 28 153 136 181 141 6 27 133 128 146 25 105 171 168 114 178 79 47 19 76 34 123 13 146 127 2 67 150 95 80 32 136 110 90 109 7 110 26 162 173 137 125 49 75 138 176 49 161 177 190 102 127 127 16 173 21 135
137 169 148 129 167 61 140 14 164 116 7 41 149 82 1 46 94 96 112 87 139 183 141 70 86 102 27 104 162 184 3 57 37 170 42 11 134 38 152 170 33 147 139 156 94 164 91 141 90 55 86 175 44 78 160 148 169 86 142 171 122 105 178 14 44 189 110 144 60 123 39 2 60 103 85 161 52 193 126 73 3 91 4 106 187 119 119 27 112 6
92 20 163 68 125 166 11 29 41 97 78 81 84 42 53 75 197 85 180 48 50 5 56 71 69 14 60 29 168 45 27 174 95 15 134 51 107 16 62 78 63 116 196 165 152 177 60 186 195 114 145 82 196 57 72 36 76 39 137 90 131 192 187 180 71 48 139 4 130 159 197 52 109 167 137 111 183 86 124 199 108 99 165 26 80 90 125 137 144 193
86 111 130 115 54 18 151 130 26 148 159 139 57 43 163 150 111 119 117 110 45 7 106 56 191 130 80 27 81 13 91 141 176 193 135 16 154 7 170 29 184 77 70 95 79 151 67 71 26 102 100 71 181 127 41 136 151 84 172 37 175 67 150 84 65 79 17 97 43 155 138 41 96 44 85 58 3 54 41 179 41 5 128 48 150 83 8 127 165 163
106 2 60 146 181 33 33 12 172 97 103 160 78 50 20 69 161 122 26 24 167 154 103 29 59 61 7 34 181 122 121 184 138 156 199 28 91 22 48 53 171 2 105 138 115 148 6 188 145 150 26 83 135 75 186 25 192 153 56 176 101 48 74 29 150 60 188 93 156 149 53 1 137 51 164 124 9 160 23 146 140 51 110 10 70 147 176 136 74 23
52 182 91 152 196 146 138 66 34 97 10 36 146 34 89 197 159 92 153 155 190 22 106 181 99 116 125 168 36 13 163 179 61 87 11 55 57 138 130 85 141 185 12 67 124 23 171 166 90 47 5 192 120 166 125 46 78 102 85 69 185 98 142 134 57 72 1 32 153 161 109 136 96 102 15 12 13 78 77 123 19 75 61 7 60 109 145 114 107 132
17 147 74 193 63 186 124 181 4 110 151 166 2 107 120 164 66 20 133 119 14 82 185 72 84 18 124 134 110 141 63 18 11 8 24 7 79 89 79 99 198 87 64 41 142 34 51 26 70 107 103 147 184 107 129 197 100 121 199 177 36 37 149 199 88 102 68 129 178 50 115 85 127 150 47 191 188 59 111 147 58 25 80 76 94 5 131 53 114 140
92 87 50 169 53 113 113 174 60 89 160 189 130 11 157 187 141 5 108 88 37 151 27 102 155 45 113 87 67 178 101 44 170 151 128 59 23 132 107 72 24 128 24 58 177 35 64 136 13 106 197 25 76 33 79 10 163 48 53 20 98 114 75 182 109 92 19 12 38 32 130 170 112 14 172 153 198 40 9 197 85 200 45 98 1 23 106 26 54 108
112 184 114 74 7 140 58 127 186 7 69 186 57 157 79 109 93 40 135 169 3 181 166 174 191 172 15 18 10 45 10 196 59 14 85 198 109 44 35 62 146 78 128 149 67 118 120 164 57 23 88 195 14 134 158 40 139 90 85 45 59 125 119 160 199 184 122 58 8 83 129 82 137 2 116 7 154 134 7 93 184 64 180 108 107 196 23 136 22 44
41 42 174 27 118 17 143 51 145 158 195 149 176 126 175 42 49 108 75 94 146 172 82 16 151 186 155 64 149 46 191 132 63 85 163 127 195 55 117 70 133 196 87 148 28 123 35 29 100 3 175 7 186 197 53 160 16 127 153 169 70 184 82 35 195 186 26 124 145 61 59 143 141 170 12 43 194 113 3 71 20 84 29 113 153 7 48 125 161 83
86 92 129 144 108 17 20 103 97 158 163 60 165 39 98 56 16 127 16 59 174 22 197 59 181 129 122 164 182 121 100 134 171 47 140 133 106 181 54 161 180 168 84 128 104 12 149 27 95 107 191 5 83 198 88 138 177 17 172 157 24 142 20 156 92 132 120 123 166 135 164 4 117 109 179 138 197 130 79 86 27 142 155 89 180 33 55 105 124 81
42 38 113 63 118 82 135 52 48 78 128 25 11 99 111 67 80 56 156 90 164 168 5 116 189 191 181 71 112 130 78 160 200 79 41 153 174 192 23 136 24 24 66 85 81 173 169 185 168 12 141 6 100 173 12 10 44 62 136 184 68 131 51 150 18 127 23 53 94 96 121 196 59 178 29 66 51 88 33 111 196 138 36 35 115 61 106 102 81 6
94 191 26 158 123 126 122 126 27 187 112 169 162 7 86 17 108 40 176 34 133 80 51 44 148 40 147 113 44 131 33 128 172 118 96 85 175 195 38 15 80 126 173 170 57 136 8 91 133 57 98 44 60 150 99 8 45 170 79 189 50 172 136 73 49 109 87 42 59 193 15 172 55 197 106 50 38 37 61 79 181 92 169 7 55 159 129 117 75 136
199 42 39 116 13 155 157 99 160 150 166 178 82 170 8 178 74 113 151 99 176 35 31 140 9 88 14 68 135 191 83 134 189 106 101 79 91 188 104 15 1 30 157 162 98 25 7 78 88 143 144 48 15 9 190 6 26 110 168 10 78 47 6 93 161 35 52 82 42 138 123 89 125 19 67 189 18 15 146 71 55 112 186 114 79 125 13 123 79 153
27 141 102 26 75 3 4 189 66 47 186 4 149 157 94 144 95 163 168 124 4 63 49 43 158 113 71 110 152 94 53 106 197 51 38 165 111 44 136 62 136 123 31 118 189 22 132 100 31 78 102 52 176 15 108 99 176 149 165 46 165 150 127 114 75 154 77 98 189 79 69 2 11 79 54 6 124 148 118 173 169 125 158 108 44 15 78 173 198 80
