10 	
14	51
0	66	4	158	7	
1	15	4	466	2	
1	9	9	387	7	
1	73	7	55	7	
1	4	9	92	1	
1	96	5	15	7	
1	50	3	346	7	
1	97	5	139	7	
1	71	3	2	4	
0	23	9	118	8	
126 161 164 54 194 61 61 7 31 79
103 150 165 141 18 182 49 89 74 129
158 73 68 169 102 60 18 104 150 76
56 36 54 113 17 128 31 35 117 184
55 29 154 144 183 135 37 145 13 180
186 105 124 165 31 39 122 68 3 59
71 104 189 52 111 91 108 136 144 13
105 58 15 108 136 107 41 154 65 64
112 139 116 37 122 57 16 130 65 46
97 181 133 135 100 58 66 3 98 99
47 97 129 76 103 117 64 141 99 23
