10 	
23	39
1	1	2	29	8	
1	9	3	2	2	
1	4	8	2	3	
0	5	4	10	3	
0	5	4	23	9	
0	8	9	0	8	
1	8	5	26	4	
1	8	3	24	1	
0	2	5	29	1	
0	2	9	25	2	
14 104 33 177 67 31 104 78 38 129
60 22 153 84 55 185 141 92 156 178
77 28 8 80 4 150 159 65 101 128
19 37 176 142 142 5 119 124 151 113
40 183 62 155 129 144 17 64 177 43
198 49 28 152 38 196 195 45 133 6
105 107 75 140 177 198 57 199 181 121
10 187 40 96 147 168 56 35 2 7
148 184 14 37 88 177 155 79 57 37
174 22 37 41 18 121 171 170 103 137
140 173 60 95 110 128 167 91 127 75
