30 	
10	13
1	55	2	649	5	
1	55	2	349	6	
0	76	2	99	4	
0	93	6	638	2	
1	18	7	102	3	
0	8	9	442	7	
0	63	6	90	5	
0	40	5	308	7	
0	66	1	137	4	
1	4	9	629	8	
1	17	8	137	2	
0	19	8	15	1	
0	98	1	310	8	
1	13	5	544	6	
1	25	7	575	3	
1	45	4	261	8	
0	8	8	172	4	
1	4	7	211	5	
1	72	7	77	8	
0	32	1	379	8	
1	4	3	636	1	
1	29	9	330	3	
1	83	9	653	5	
0	95	3	140	7	
1	99	9	24	1	
0	25	4	340	4	
0	20	7	218	9	
1	22	8	311	8	
0	99	6	379	7	
1	45	8	541	1	
85 34 157 167 47 91 135 41 42 35 102 96 113 100 179 137 130 85 64 94 112 145 78 39 111 146 39 124 11 53
74 163 159 154 151 102 5 2 80 119 39 73 135 197 123 44 157 38 155 27 176 25 68 158 116 179 148 61 69 56
109 6 84 176 186 15 96 139 101 69 145 40 64 167 51 143 73 120 86 163 49 197 38 93 197 33 38 36 111 50
32 166 145 181 113 114 167 191 159 132 34 103 183 116 130 52 174 10 58 179 198 70 188 103 35 152 177 34 36 136
141 192 97 114 164 155 32 90 89 118 98 200 157 184 96 147 92 166 18 135 88 179 84 53 36 105 15 91 121 127
53 168 120 98 101 131 97 103 122 194 70 111 146 48 96 72 139 35 11 197 39 131 192 162 190 166 16 49 20 83
52 165 95 20 39 161 178 95 31 27 63 91 89 29 160 163 79 187 55 159 190 88 65 71 122 3 135 36 115 193
151 80 176 184 176 138 191 109 116 18 124 63 182 99 193 5 96 150 102 116 87 94 88 19 189 137 131 191 132 76
188 130 84 94 183 193 106 32 182 154 88 79 135 35 64 46 155 81 79 14 189 180 65 69 180 124 60 36 195 39
72 7 78 75 139 89 95 104 51 180 184 88 177 86 15 145 64 42 199 96 93 181 93 3 76 57 59 69 152 86
110 13 42 47 187 41 58 162 187 160 164 76 169 190 80 81 165 123 78 79 46 75 94 32 13 100 20 121 194 137
58 88 183 150 140 72 9 150 72 31 154 179 85 72 64 164 28 183 117 168 7 23 73 93 142 189 16 28 154 86
140 71 78 125 62 54 119 35 185 28 128 174 60 99 164 101 51 147 161 193 65 84 48 121 91 154 193 49 18 200
160 79 116 164 33 68 112 125 113 135 82 170 112 64 160 61 55 60 124 119 22 171 27 175 79 25 102 126 103 188
170 6 151 164 178 69 122 140 24 78 180 167 161 52 134 175 71 130 165 62 9 65 42 14 166 161 155 36 179 137
124 97 68 146 29 28 177 139 181 131 126 18 31 132 112 104 106 79 184 122 42 136 136 71 198 47 97 99 23 116
193 124 88 14 62 31 146 163 42 113 23 26 28 19 149 74 110 68 140 66 28 99 106 146 20 174 41 42 36 171
188 24 76 40 139 183 186 55 69 182 74 96 167 129 18 39 82 86 149 23 86 24 96 91 75 51 3 194 167 47
194 55 29 103 149 133 125 109 26 91 85 86 46 190 128 31 110 31 47 44 15 19 151 101 111 80 67 14 45 67
69 10 49 181 124 67 116 176 93 63 117 146 35 76 157 161 39 5 11 156 158 142 146 78 45 161 35 84 140 96
178 160 17 3 182 63 64 79 176 55 105 20 79 43 45 57 135 26 51 121 175 57 59 144 22 148 89 99 119 68
105 167 16 18 100 171 176 54 12 29 46 28 131 97 188 186 74 162 167 18 149 109 113 119 37 190 147 22 66 28
125 103 176 180 9 167 189 31 59 22 159 12 13 126 124 179 25 135 55 14 85 100 184 151 88 190 31 143 75 146
101 54 39 63 29 179 68 31 53 12 158 73 54 78 120 191 130 151 90 134 159 178 160 40 181 7 11 137 153 96
183 182 128 61 169 76 77 143 175 38 57 70 184 179 55 178 57 114 15 106 5 118 187 124 170 132 86 136 3 91
66 115 92 16 178 53 199 197 36 2 75 94 74 51 131 12 88 191 120 64 23 194 122 67 104 94 174 178 129 167
8 88 57 182 23 69 79 14 107 111 86 68 90 153 37 142 85 173 112 143 200 30 27 44 62 80 150 98 133 19
178 111 56 78 114 166 49 110 91 65 18 25 130 87 192 77 69 33 162 136 112 163 46 179 65 55 131 146 62 64
73 75 134 186 118 9 186 85 112 108 180 168 124 102 6 76 57 41 90 181 141 92 71 69 171 50 174 124 46 197
181 122 74 198 97 47 144 44 26 133 97 56 7 162 32 76 88 6 155 11 145 27 194 7 160 151 125 81 117 182
156 34 2 113 67 143 14 200 144 162 90 146 70 36 59 81 53 16 96 8 179 25 32 79 132 173 29 156 91 84
