40 	
36	43
0	5	8	365	4	
0	4	9	226	5	
0	7	1	235	5	
1	2	2	166	7	
0	9	4	349	8	
0	7	5	367	3	
0	9	3	38	6	
1	9	2	45	3	
0	3	4	34	8	
0	6	4	54	6	
0	4	6	52	2	
0	2	1	216	2	
1	2	6	130	4	
0	1	8	237	4	
1	7	9	197	5	
1	3	9	72	3	
0	9	4	400	3	
1	7	8	275	7	
1	5	6	298	8	
0	4	1	55	7	
0	7	9	261	5	
0	5	9	133	8	
1	8	4	217	8	
1	4	9	308	8	
1	2	4	174	3	
1	9	6	244	6	
0	9	4	148	7	
0	9	5	365	6	
1	6	4	167	7	
1	2	9	342	7	
1	8	2	197	6	
0	7	6	238	7	
0	2	2	5	2	
0	1	5	380	7	
1	4	6	141	9	
0	4	3	298	6	
0	7	6	314	9	
1	1	6	133	3	
0	7	6	94	3	
1	1	9	22	7	
62 103 94 169 30 161 138 150 24 132 195 194 103 94 157 184 114 117 62 69 154 76 118 80 50 181 163 110 89 83 56 125 76 121 166 125 200 165 161 62
101 187 1 135 196 32 123 52 137 56 74 34 111 149 73 87 32 138 20 94 84 160 190 156 130 102 24 73 38 159 6 44 188 3 58 199 11 70 141 38
169 200 51 133 82 30 155 39 29 74 144 8 136 198 153 131 140 30 25 189 36 119 151 125 79 8 163 138 70 112 144 176 86 199 164 60 25 78 86 105
101 134 92 189 40 141 175 57 111 126 153 85 170 155 95 179 64 170 84 5 57 1 137 180 14 144 1 54 23 56 111 39 30 192 50 81 104 91 78 61
198 175 65 72 150 197 170 21 80 146 54 27 69 184 97 23 180 152 25 25 171 139 133 115 69 77 184 197 161 92 69 54 7 153 168 90 95 172 99 194
128 155 103 45 22 7 121 33 63 131 139 112 77 161 46 43 46 144 102 196 43 183 9 24 136 42 133 160 169 112 4 33 141 195 81 138 40 63 176 6
161 109 108 133 135 111 60 115 54 65 33 134 130 69 37 177 43 183 57 64 169 21 59 119 120 45 198 100 114 101 163 170 17 143 32 178 128 72 180 13
134 153 82 131 66 95 134 32 36 48 107 127 79 144 137 15 37 103 106 4 51 142 4 154 117 44 90 27 189 198 40 29 72 111 125 62 14 165 63 99
9 76 27 113 144 24 113 119 160 192 97 14 36 71 194 79 124 198 125 91 93 53 118 37 78 25 51 96 24 169 74 101 62 140 46 168 103 54 116 81
185 74 126 65 184 30 9 38 36 195 145 39 95 14 174 127 20 14 6 148 147 172 74 79 43 100 144 139 64 138 36 7 133 58 194 127 60 27 51 160
99 76 31 134 8 185 101 13 26 162 100 94 169 19 151 5 59 26 175 152 42 86 69 134 191 174 2 107 138 18 58 144 89 55 83 104 25 67 45 30
20 60 7 28 115 180 176 142 31 180 97 120 120 48 151 156 72 188 48 65 151 15 95 32 53 169 84 56 8 124 52 35 116 167 24 178 27 164 166 104
46 116 59 40 139 80 56 111 157 9 36 100 51 81 141 182 49 39 168 6 155 33 43 50 163 21 74 135 113 145 112 188 56 31 182 106 72 152 66 151
82 46 96 65 14 170 135 42 164 60 170 51 92 98 30 81 84 86 166 183 197 87 93 126 195 151 191 117 92 149 9 105 140 140 7 62 30 6 174 166
178 89 89 109 190 3 112 89 167 176 78 139 69 147 159 188 38 183 66 43 134 188 27 171 92 49 143 75 153 134 133 7 199 92 136 47 150 63 174 78
152 15 21 66 13 172 37 83 71 103 147 193 43 113 7 129 4 167 138 1 54 182 110 88 183 92 61 131 143 120 197 195 91 116 49 113 154 72 95 93
115 79 143 132 65 61 113 132 96 193 35 59 122 87 66 1 10 149 113 130 118 37 59 151 155 154 188 108 145 124 24 188 81 134 96 101 186 187 37 6
163 142 160 72 65 40 117 71 188 4 96 75 37 81 54 129 9 167 78 176 123 108 107 101 43 60 195 7 36 13 142 118 108 62 193 55 78 190 189 110
154 28 192 81 99 194 103 84 158 139 3 111 164 99 153 10 172 23 72 1 70 133 178 64 66 68 31 13 122 31 87 80 139 147 195 132 41 135 105 57
138 133 193 99 9 2 191 44 74 98 146 60 87 151 135 141 16 46 59 133 167 69 11 29 99 125 26 128 67 27 24 113 188 39 43 167 59 131 140 17
32 93 105 155 182 173 22 47 140 175 90 170 67 16 126 154 102 195 8 80 115 16 26 75 72 61 166 90 53 93 187 190 131 109 14 181 115 62 168 67
48 8 120 156 99 81 119 160 19 122 17 141 39 36 34 175 128 129 44 138 118 32 167 106 127 58 24 76 71 69 108 67 43 198 40 50 180 179 76 53
18 94 155 182 118 104 54 76 154 179 136 108 195 20 200 88 117 17 159 6 171 49 87 19 70 193 187 80 96 108 81 117 1 193 194 160 162 175 40 166
161 83 92 54 31 166 121 30 64 160 106 200 79 160 191 96 27 76 60 3 96 36 45 24 131 63 109 155 113 158 173 18 142 65 60 156 56 46 105 187
38 177 106 95 48 11 95 191 140 57 159 16 127 22 35 1 89 123 178 88 139 49 157 29 26 47 185 195 39 22 48 22 155 79 183 97 182 123 200 41
22 197 164 87 72 129 64 1 146 89 145 51 121 160 81 187 146 7 96 178 126 157 50 125 88 57 166 10 25 114 135 94 151 180 63 51 15 65 168 89
173 168 73 12 163 120 81 164 155 172 148 85 199 173 28 122 16 42 52 160 37 52 57 26 184 18 34 5 75 173 132 37 89 180 72 130 71 18 65 175
61 174 183 67 85 100 62 136 142 18 166 56 146 114 78 109 93 171 62 182 49 184 133 60 26 35 10 7 194 40 171 159 61 77 100 41 49 64 159 87
33 170 27 66 117 185 102 22 127 106 180 108 153 159 200 55 23 135 137 110 29 73 25 45 139 132 56 136 169 63 128 198 167 86 75 16 68 81 63 135
185 88 130 176 199 187 54 60 37 172 42 61 139 99 68 97 85 34 84 170 192 175 54 160 116 99 160 190 57 182 199 98 194 167 195 120 171 191 88 115
162 102 70 32 156 86 56 168 158 8 113 181 188 129 173 169 48 169 54 200 56 120 140 65 50 15 7 2 85 76 159 60 1 146 98 63 150 64 55 119
148 87 105 76 42 92 195 40 158 41 80 60 93 22 93 86 102 180 100 57 26 70 92 28 87 102 141 9 56 16 31 172 6 198 37 117 107 187 12 16
79 134 151 151 93 43 103 52 171 17 70 139 121 121 161 132 69 187 138 141 183 199 22 84 149 92 43 59 182 16 116 89 97 97 72 174 40 12 98 21
61 18 18 136 189 183 131 179 68 65 5 89 39 93 136 161 43 100 73 32 59 191 10 184 173 187 54 138 93 42 5 172 92 174 25 195 44 150 11 188
193 117 121 145 43 62 151 116 57 93 135 158 25 169 151 115 132 5 44 191 158 24 56 110 6 169 124 29 166 19 103 188 52 17 173 130 30 146 65 51
7 22 24 16 121 134 177 108 61 2 133 190 120 155 156 178 150 55 194 10 191 141 92 154 162 116 96 154 199 152 125 191 145 160 129 62 66 191 86 87
19 132 101 162 159 5 83 25 155 134 167 48 138 140 63 50 17 109 126 7 138 168 84 150 146 74 86 66 178 139 92 52 166 20 136 136 155 15 1 185
100 57 10 90 7 158 40 29 85 142 83 198 152 91 33 5 112 67 94 23 26 57 10 184 174 5 59 85 105 91 137 98 62 76 29 166 50 96 80 169
41 187 180 27 129 163 119 88 1 8 165 121 112 118 23 69 8 36 123 42 195 74 28 169 149 95 118 89 36 9 122 81 19 3 82 13 32 83 64 99
84 17 43 176 170 2 35 137 54 61 33 1 177 35 58 8 133 20 80 140 123 36 145 183 49 143 134 16 16 23 3 32 57 88 159 84 18 183 175 183
198 123 12 78 96 74 127 20 164 183 100 14 165 60 50 15 16 162 34 102 119 103 43 69 113 38 46 127 57 40 32 156 104 192 111 84 147 69 146 37
