20 	
23	59
0	2	9	115	7	
0	8	9	15	6	
1	3	2	75	4	
1	3	4	153	7	
0	4	9	79	9	
0	3	5	109	7	
0	7	1	173	3	
1	2	6	114	8	
1	8	5	136	5	
0	4	5	183	6	
0	4	6	124	5	
1	5	1	120	6	
0	7	3	158	7	
0	5	2	163	9	
1	9	6	183	7	
0	2	6	81	9	
1	8	3	150	9	
1	4	8	31	8	
1	4	1	123	8	
1	3	5	25	7	
163 4 49 54 199 169 21 150 40 134 61 61 9 186 36 69 121 63 190 136
48 129 199 160 123 114 33 183 76 55 181 23 58 91 159 112 125 159 37 129
137 108 123 38 180 82 152 39 103 33 18 86 104 18 103 88 159 102 175 191
4 21 187 26 62 1 51 55 139 5 11 147 112 156 85 156 129 50 168 78
90 165 68 56 135 37 190 28 81 197 13 98 130 91 162 71 139 59 76 61
73 73 128 141 70 15 20 3 104 91 77 21 186 105 51 79 110 151 142 20
104 173 71 3 35 20 185 15 51 118 145 40 59 37 76 137 61 191 187 120
132 3 86 48 187 9 5 115 81 82 105 1 124 74 12 75 44 189 87 3
171 167 161 121 182 173 38 192 162 170 15 159 171 153 17 19 12 79 31 200
74 191 44 192 19 63 103 12 38 30 54 141 36 99 194 58 5 128 7 163
43 34 70 147 154 188 63 116 191 107 150 147 95 176 50 172 198 76 22 178
116 185 105 31 161 154 50 42 57 156 36 198 12 68 58 171 176 80 94 4
197 110 2 90 189 139 19 25 150 178 123 163 109 192 28 35 47 9 37 161
164 37 79 74 84 116 71 142 174 50 115 189 4 31 68 124 120 99 155 38
78 128 32 113 121 129 80 98 190 12 44 137 155 175 126 116 16 61 140 183
193 24 6 41 156 41 185 191 146 76 47 92 4 73 174 25 145 13 135 92
191 168 38 157 104 35 126 40 16 191 117 182 116 183 58 82 23 145 19 123
194 109 121 35 164 30 138 78 106 108 191 138 155 38 42 136 108 194 151 192
108 87 168 195 62 147 131 172 119 121 200 176 190 125 156 157 138 179 163 55
97 126 49 61 54 176 51 160 86 87 73 34 171 167 122 3 133 13 150 79
136 133 4 163 31 179 83 140 75 40 138 73 143 143 81 74 56 36 92 1
