70 	
10	11
1	45	1	3052	2	
1	2	8	3000	7	
1	87	5	2343	8	
1	3	1	3119	7	
1	75	8	2277	5	
0	66	1	3066	7	
1	22	3	888	2	
0	70	8	4345	2	
1	42	1	360	8	
1	22	6	2454	7	
1	90	9	4241	1	
0	20	1	1739	2	
0	90	6	266	8	
1	59	1	2642	8	
1	13	9	1720	6	
1	9	6	3676	9	
0	80	2	2562	2	
1	41	3	2754	3	
1	7	3	882	7	
0	97	1	1236	6	
1	20	5	810	1	
1	59	9	1449	6	
1	22	4	739	5	
0	24	8	2670	7	
0	1	6	3588	8	
1	43	9	3861	3	
0	97	5	3674	3	
0	33	1	2839	6	
0	23	8	2773	7	
0	29	3	766	6	
1	33	8	1140	7	
0	34	6	3544	9	
1	7	9	3627	5	
0	90	8	2500	6	
0	12	1	1807	6	
0	47	6	3200	4	
0	31	6	2873	4	
1	9	2	4324	7	
1	40	7	3863	8	
1	27	1	1273	8	
1	51	5	3695	4	
0	4	6	3924	6	
0	73	4	1787	1	
0	25	7	1485	1	
0	12	8	1603	7	
0	5	7	2252	3	
0	71	6	1536	5	
1	64	1	4130	8	
1	94	2	1235	5	
1	64	1	1804	5	
0	53	4	3459	4	
1	99	7	554	7	
0	36	5	4096	8	
0	18	4	2911	8	
0	10	7	1132	1	
0	35	7	2752	9	
0	54	4	687	1	
1	65	5	1562	2	
0	31	3	1635	8	
1	68	9	75	4	
1	11	4	349	8	
1	9	1	2754	2	
1	98	8	1098	6	
0	40	5	3322	5	
0	46	3	2824	4	
0	93	9	2830	5	
0	38	9	1999	2	
0	49	6	860	4	
0	24	6	2068	2	
0	2	5	3648	6	
69 133 77 3 86 99 40 142 81 20 183 110 102 150 118 37 27 39 1 13 197 190 86 74 199 58 199 1 66 84 151 58 173 35 199 114 186 114 8 141 10 16 154 174 118 168 113 64 5 77 158 123 170 59 27 83 169 170 11 148 182 139 135 91 64 61 147 178 156 69
148 189 189 143 190 194 50 135 116 72 91 32 192 16 81 18 26 58 144 192 60 86 79 190 71 155 103 100 172 21 160 185 24 92 195 4 40 179 197 17 97 121 181 37 195 182 98 66 84 23 186 125 146 121 178 165 31 138 133 163 10 1 148 81 45 97 73 105 145 146
193 80 34 158 9 91 10 7 34 121 21 48 164 64 182 36 142 94 77 143 16 66 2 93 170 125 188 11 4 128 157 28 109 32 55 114 112 20 79 43 184 152 150 23 134 30 62 158 135 108 45 99 29 13 175 189 183 58 38 42 41 152 9 179 96 47 191 94 45 76
116 116 112 149 44 3 112 132 159 159 189 180 102 162 27 191 13 98 169 90 107 184 83 84 177 99 50 59 30 165 137 81 138 181 51 195 181 68 49 74 164 45 160 39 79 33 151 146 32 16 68 158 21 9 113 73 106 182 178 148 28 8 160 114 159 78 92 57 144 188
162 140 46 153 16 82 123 112 148 137 27 144 147 135 33 149 42 72 171 55 84 10 28 174 180 67 55 26 14 85 168 105 128 37 82 190 195 99 2 190 169 14 164 99 148 186 79 28 133 190 18 100 120 174 13 127 179 67 12 84 11 116 58 17 46 120 165 71 22 131
197 106 25 15 47 170 22 16 21 179 177 74 126 67 65 124 49 115 27 94 114 76 132 155 162 156 35 1 171 110 97 137 10 147 95 7 55 26 99 151 118 96 159 91 150 37 30 58 169 128 161 4 41 112 147 142 134 5 76 1 118 94 136 175 154 111 66 75 51 140
136 82 126 178 163 167 194 199 11 67 62 95 74 25 10 122 175 45 50 77 91 35 66 52 116 96 148 69 4 20 30 69 21 62 38 61 184 141 119 36 7 43 184 1 174 129 188 151 60 38 115 103 142 48 76 68 91 176 101 48 182 42 5 92 153 82 36 114 172 66
97 184 114 6 29 97 139 38 109 22 74 21 85 53 143 15 173 52 142 140 128 22 150 52 168 14 57 2 55 52 73 137 40 51 70 129 17 191 36 5 30 36 197 181 87 11 103 24 82 114 4 154 153 190 69 81 62 73 184 61 29 96 113 13 146 136 184 74 180 158
59 122 88 87 162 11 86 158 121 141 79 6 45 166 181 37 98 15 33 125 125 68 60 157 53 89 78 198 159 80 128 45 147 20 190 164 103 148 172 105 66 16 65 21 26 26 62 63 95 131 140 116 135 119 58 140 36 23 56 92 148 73 146 137 144 2 43 55 45 142
187 84 160 130 71 17 74 3 95 195 105 59 194 48 28 187 153 42 87 197 144 91 138 159 158 128 54 74 197 80 37 158 76 138 84 125 14 48 52 29 50 47 54 12 160 109 54 179 13 192 155 134 145 81 95 6 129 18 145 146 54 119 186 175 130 31 185 160 192 42
196 150 91 11 120 116 23 99 90 141 72 139 100 48 176 125 178 124 25 97 18 18 148 123 170 67 116 60 96 162 188 154 53 181 21 107 26 136 150 192 94 182 98 6 75 168 34 6 137 122 107 19 48 113 161 25 116 66 18 142 114 16 116 143 84 111 135 1 140 151
161 38 140 169 145 167 3 194 38 119 179 187 179 166 98 136 94 168 110 162 111 111 196 7 48 2 126 28 150 157 118 151 52 53 56 103 196 176 146 171 20 123 88 106 169 184 34 108 14 98 149 166 88 71 132 186 177 189 141 173 145 13 74 38 58 82 150 188 69 7
116 88 58 32 188 103 132 102 68 52 62 76 138 156 114 148 63 38 97 58 198 10 42 150 115 11 79 158 17 1 131 116 195 51 1 80 57 102 113 80 131 93 111 137 160 191 190 91 24 107 16 156 56 200 80 52 51 92 69 147 83 47 62 160 136 127 66 186 61 181
61 70 45 66 64 19 132 172 66 71 104 78 37 134 151 28 53 66 140 95 89 44 184 36 139 11 53 187 30 186 173 32 165 97 193 160 139 37 39 51 7 130 45 174 67 16 199 154 30 143 16 30 181 45 105 125 127 68 185 97 162 107 131 192 58 155 42 7 23 59
187 151 172 138 22 138 161 61 26 115 6 146 117 69 174 124 52 76 104 63 169 132 66 95 170 96 15 16 165 78 69 95 72 13 46 129 91 169 189 79 133 56 178 2 46 4 137 11 73 33 197 100 74 12 41 98 104 7 106 19 71 114 103 142 148 75 50 173 151 118
86 35 100 160 97 74 99 176 107 130 115 119 138 185 64 32 45 188 67 51 86 88 115 60 89 154 17 58 104 188 143 90 44 19 107 194 134 75 180 132 177 1 40 126 49 121 107 83 35 157 147 188 7 165 156 192 138 150 48 12 107 48 141 35 74 187 169 200 38 96
4 186 129 87 101 75 33 168 80 27 184 157 165 123 61 35 117 31 2 69 180 51 166 95 199 166 37 51 175 135 198 185 170 199 117 152 183 92 21 49 164 135 80 155 101 28 90 37 198 79 166 110 84 195 29 84 35 176 172 185 19 82 48 32 136 50 57 194 143 78
162 83 186 149 176 139 55 75 13 105 67 3 58 30 130 84 144 112 151 43 17 91 103 32 38 140 74 121 63 28 168 112 45 77 182 6 19 59 150 114 188 19 134 81 155 3 48 49 175 39 49 132 161 150 165 120 26 138 98 197 14 155 30 86 74 81 152 100 166 178
71 165 129 195 145 6 74 185 114 155 161 180 144 93 5 127 178 99 29 128 149 116 115 154 9 32 118 129 19 143 41 58 160 190 141 26 86 154 88 79 2 112 105 146 138 178 19 142 80 192 59 71 132 55 19 192 123 136 112 12 153 2 159 107 107 14 58 58 177 109
68 65 196 48 156 131 22 161 22 97 188 17 120 5 167 71 178 34 102 86 170 62 138 118 197 92 62 122 197 142 62 73 24 64 172 112 52 122 121 73 87 178 24 195 189 184 105 15 13 35 149 190 6 72 163 20 70 123 81 53 116 170 48 185 119 164 85 178 111 17
123 41 136 37 175 39 33 137 157 124 161 200 104 194 72 94 141 173 199 69 52 150 76 152 104 118 168 180 177 170 61 94 38 82 183 183 92 115 138 134 129 20 22 85 168 91 45 165 91 134 149 174 31 85 184 39 88 19 198 59 90 97 135 116 27 69 134 23 64 17
163 104 39 33 199 193 186 32 172 154 92 80 44 139 165 90 165 15 107 28 47 23 147 16 78 107 105 88 90 113 145 181 149 84 8 66 89 152 185 85 32 164 146 92 53 92 108 165 185 160 130 111 111 148 184 149 46 69 120 72 163 13 89 102 136 28 140 138 90 106
175 166 143 166 78 62 113 167 152 17 193 177 130 100 65 143 192 119 72 175 40 109 100 110 138 29 65 80 166 171 137 152 167 24 144 109 95 149 174 79 24 160 54 90 64 151 59 75 121 86 163 8 9 154 163 170 23 49 45 196 193 46 78 187 59 70 54 183 178 53
68 82 22 22 116 135 9 95 152 181 172 168 85 179 96 130 125 3 162 8 17 127 170 76 149 50 191 128 74 176 101 44 22 88 146 24 179 167 51 71 91 152 2 35 39 126 154 74 180 73 77 199 107 140 105 100 190 132 188 185 166 4 177 138 130 38 187 27 181 146
167 113 135 176 45 109 99 24 102 54 104 73 94 145 131 31 116 146 96 118 57 76 139 135 23 56 200 196 68 68 57 182 25 96 135 83 35 38 104 178 171 101 173 167 15 195 96 82 11 186 13 163 180 108 164 173 181 33 192 2 40 167 111 113 141 93 135 103 16 85
5 44 167 174 142 17 172 22 118 174 84 81 98 142 97 7 81 98 66 41 162 196 94 125 106 115 113 26 143 89 195 20 123 74 95 32 31 172 184 31 138 118 143 161 156 173 4 61 43 94 127 13 4 88 163 187 133 145 145 142 7 98 43 80 73 113 4 112 50 21
181 95 149 73 32 121 14 150 143 166 63 183 7 15 192 85 34 69 184 113 177 145 137 177 124 59 149 39 152 83 23 200 103 131 16 133 57 26 57 185 133 103 113 188 183 9 142 102 6 140 10 192 100 159 200 167 138 47 154 100 90 107 35 132 181 157 145 24 105 34
84 198 110 122 17 6 1 150 87 62 195 85 81 13 162 156 154 91 81 153 76 173 22 190 75 178 80 9 97 70 148 73 120 107 107 144 154 12 16 92 45 4 62 8 10 116 161 42 65 66 74 83 183 157 44 182 126 36 54 142 39 146 57 36 112 102 93 74 149 88
68 106 1 197 167 152 67 100 64 39 187 38 74 138 152 112 105 150 103 114 140 47 160 171 143 138 10 73 14 127 65 53 24 137 104 118 25 18 74 99 196 88 30 76 118 74 114 198 195 184 68 30 97 51 96 60 72 162 196 107 61 73 55 151 88 64 154 127 168 114
126 45 103 48 113 27 5 6 59 168 190 21 49 88 55 101 188 38 30 72 85 8 87 5 126 51 164 164 13 129 42 31 96 95 131 14 54 115 95 152 9 157 46 122 190 99 153 169 63 151 112 178 104 184 73 193 121 76 38 136 81 15 39 158 199 36 99 21 110 37
171 89 9 96 29 126 132 176 18 151 78 15 138 128 19 9 145 175 154 47 107 139 126 41 14 47 163 64 138 169 179 122 3 89 14 106 76 19 11 200 4 139 148 102 188 163 28 199 200 1 151 141 30 93 167 162 68 146 171 61 185 141 104 120 3 40 80 74 43 107
19 119 181 26 181 134 60 46 12 43 165 138 133 69 91 23 90 121 63 168 124 183 25 170 67 189 100 118 157 59 45 182 152 44 4 169 81 168 39 83 44 173 19 148 132 182 101 140 156 38 93 1 3 177 155 166 166 114 10 110 80 128 98 58 159 53 4 2 42 189
187 102 56 39 77 154 110 23 142 116 38 139 148 193 29 46 134 85 35 30 181 159 47 180 113 73 18 28 22 164 51 194 67 161 181 200 54 86 186 166 21 58 148 29 164 200 9 97 175 157 4 27 75 4 107 130 95 72 122 135 49 79 178 101 103 68 140 151 112 131
138 152 128 96 151 65 29 50 153 39 37 25 183 191 78 63 105 43 147 187 15 110 156 63 74 61 153 181 134 23 138 178 71 126 101 172 75 28 189 38 163 103 128 9 117 142 26 37 150 14 17 13 78 200 16 3 156 62 71 151 125 35 36 71 5 3 177 12 169 120
84 160 112 105 121 99 105 145 40 100 112 152 12 197 133 106 83 123 150 142 69 192 33 94 57 27 138 8 27 1 67 63 1 161 108 178 36 60 186 162 19 65 143 151 196 70 12 33 137 152 104 193 167 20 36 91 6 126 173 66 137 160 146 171 131 153 153 44 46 188
81 20 85 2 81 162 96 200 111 188 149 178 83 130 78 93 47 97 113 195 113 179 200 86 118 65 173 126 137 182 6 37 195 130 29 127 132 28 125 5 29 148 18 50 142 49 53 145 61 153 125 79 165 114 135 4 199 146 129 166 59 69 31 121 169 60 199 193 33 94
31 86 79 102 2 100 102 15 187 72 128 170 25 144 160 130 110 113 120 81 80 7 133 44 105 113 107 166 34 20 35 188 185 55 122 46 109 78 102 17 161 160 161 158 44 98 124 13 88 162 104 87 43 165 86 124 88 8 118 156 65 110 75 11 141 144 116 56 175 82
73 78 194 55 169 138 76 136 138 61 49 57 18 113 61 174 108 87 9 84 96 69 20 154 91 184 36 71 2 21 189 107 39 181 50 122 175 172 43 87 94 26 193 115 155 172 99 35 18 139 109 21 93 140 113 92 30 148 119 83 15 131 173 81 149 125 113 113 26 163
58 26 56 107 35 195 134 118 146 52 163 69 53 1 130 4 164 33 73 163 70 112 156 116 63 13 42 121 125 155 80 29 125 178 91 91 21 17 145 14 139 142 77 111 133 43 176 4 85 123 114 177 42 14 182 193 144 143 44 125 100 186 147 116 74 100 130 122 147 90
193 73 73 190 184 127 195 130 97 73 107 49 71 86 100 111 155 58 25 160 34 150 151 165 176 39 78 140 138 135 98 56 96 14 97 200 104 142 196 189 135 35 54 62 153 25 85 3 180 7 83 145 17 22 71 139 126 24 146 29 6 88 48 3 107 10 47 190 146 112
30 183 45 137 73 152 120 86 96 32 37 126 34 152 135 135 75 196 179 157 7 172 87 121 176 111 61 111 177 114 197 53 114 107 4 137 168 189 33 67 8 84 135 123 21 114 195 113 53 147 53 26 83 163 124 116 62 165 185 117 177 21 88 58 84 22 55 144 138 101
46 34 6 109 180 109 24 64 19 136 32 12 29 54 39 59 114 76 11 152 135 73 119 116 81 48 128 109 80 61 62 130 140 159 126 23 62 53 155 27 18 33 78 80 180 160 68 34 11 197 148 136 153 103 190 128 10 1 199 148 41 69 39 53 117 42 154 18 126 15
144 12 145 185 120 82 91 51 95 57 106 139 198 42 119 179 184 47 196 143 24 150 8 63 198 10 96 114 61 56 156 68 150 132 82 71 179 152 21 49 83 156 177 32 196 14 114 119 136 149 79 192 70 81 30 93 34 144 77 53 79 115 7 105 57 143 67 164 189 100
50 84 167 8 165 146 103 78 107 108 194 125 8 59 38 144 17 139 156 73 170 132 14 183 175 61 16 181 4 98 154 46 23 15 133 4 83 47 93 151 6 7 195 153 91 178 188 76 190 181 172 91 16 91 55 166 5 37 99 33 173 25 34 40 164 118 36 99 173 127
176 72 108 15 128 12 132 194 92 120 86 164 112 134 26 73 12 9 185 62 28 79 114 184 168 199 152 21 67 91 74 182 48 40 6 107 171 59 115 191 176 107 77 136 94 85 189 118 71 138 142 196 149 45 8 110 12 165 5 3 158 97 35 34 15 80 64 98 127 75
166 125 35 75 112 150 42 75 25 179 41 8 103 36 59 107 97 36 167 89 141 168 59 79 180 87 142 68 101 52 97 20 126 166 68 49 138 95 7 13 31 140 39 163 132 48 25 135 89 172 180 19 13 64 75 173 119 194 97 170 4 140 47 132 166 193 115 68 5 69
157 34 13 95 96 23 73 58 139 82 153 31 7 61 182 85 95 169 52 165 18 62 54 80 180 120 83 69 55 62 108 193 160 68 89 92 171 134 177 103 47 143 194 102 41 149 144 191 56 119 54 155 37 35 65 150 143 29 135 58 127 146 136 138 42 142 146 132 80 144
150 150 150 184 50 139 125 16 120 55 79 119 61 75 125 131 200 41 56 187 142 187 15 91 182 66 60 146 80 167 162 198 29 35 133 70 119 170 60 137 178 91 179 130 182 50 121 120 140 12 135 42 82 92 72 86 40 75 61 121 37 54 62 110 33 88 36 10 177 24
198 39 133 93 186 28 145 11 29 184 145 192 58 28 27 8 160 57 190 170 141 145 6 149 193 101 117 99 113 34 10 74 12 194 61 87 37 17 179 197 94 70 13 30 139 192 115 150 74 167 127 163 89 118 135 12 111 113 101 176 154 111 194 122 193 14 17 76 189 45
48 44 12 31 55 103 55 136 182 192 80 147 74 32 148 23 36 50 39 148 176 49 59 137 184 184 191 105 29 1 53 115 76 165 167 74 46 101 159 182 70 137 107 69 20 111 59 84 68 169 140 49 174 200 25 102 200 91 38 81 190 91 81 79 88 159 162 158 68 8
167 120 120 67 200 49 179 161 166 36 117 188 25 73 168 19 47 190 3 53 95 125 84 93 120 38 44 2 20 71 99 126 47 52 56 18 148 76 68 198 37 14 197 139 90 162 37 178 137 146 87 93 18 19 12 197 144 178 27 32 159 173 181 140 35 54 61 175 138 40
174 10 94 120 108 52 59 167 97 3 1 3 188 38 9 30 106 145 177 139 152 130 105 162 119 163 176 23 162 146 65 79 73 197 22 33 190 108 136 168 147 144 76 166 155 148 81 200 50 23 190 96 3 5 193 181 4 35 157 36 117 63 114 66 130 181 120 92 31 103
28 165 100 144 21 54 154 91 24 83 137 28 40 71 108 45 200 119 115 109 41 141 17 68 28 61 102 52 130 180 144 85 134 181 88 10 98 117 92 58 21 55 193 195 51 198 19 149 189 116 155 9 180 22 84 188 127 147 30 135 80 139 164 63 19 175 57 62 36 98
143 60 73 142 94 116 27 178 21 154 97 111 64 96 51 23 91 109 167 197 10 161 196 86 47 134 170 174 43 15 8 9 109 153 182 24 62 18 15 21 77 190 95 171 190 72 117 144 105 143 127 56 147 185 43 74 67 164 139 66 127 132 138 104 22 83 12 69 34 158
96 174 145 18 160 121 66 126 146 71 148 183 141 165 64 7 79 182 78 77 65 179 171 73 17 69 138 61 73 64 16 151 20 41 117 26 68 57 32 19 106 33 113 21 38 94 156 52 72 5 36 116 40 90 159 182 8 86 18 80 81 133 139 20 153 186 116 157 142 44
116 82 77 165 129 80 119 75 184 149 33 10 98 177 142 45 101 70 140 181 73 31 143 46 64 141 191 50 196 54 23 163 138 69 87 156 129 48 31 169 113 25 88 52 181 32 197 121 195 123 52 131 109 28 103 88 170 47 102 146 156 179 136 88 70 63 94 39 125 6
104 112 52 143 112 53 181 159 19 173 54 178 84 25 154 95 50 63 8 9 9 69 124 61 4 33 169 133 173 125 56 195 13 119 107 86 150 21 145 136 106 144 46 176 13 192 122 46 56 99 24 53 55 82 178 177 197 171 156 143 116 133 191 127 87 7 43 56 152 99
127 73 164 77 21 45 122 151 111 152 3 95 30 45 63 192 69 121 132 10 143 13 97 113 57 25 187 144 124 3 178 46 9 81 118 29 179 185 117 54 87 43 134 96 162 35 162 107 90 61 98 52 73 1 83 51 148 1 76 161 134 45 197 200 52 24 81 171 189 198
33 36 98 58 197 96 18 31 156 39 14 140 198 19 129 113 76 78 106 181 107 177 34 49 119 69 136 189 134 109 12 120 92 196 81 182 187 154 50 173 43 169 125 161 135 153 58 150 75 168 72 130 199 128 125 39 161 41 89 59 58 91 161 122 31 15 87 196 37 183
32 84 57 64 20 40 19 86 73 75 182 51 13 88 141 9 150 121 133 171 53 103 45 35 63 186 177 68 187 95 93 66 45 194 190 199 186 154 56 103 34 71 170 127 156 138 67 54 200 110 39 192 167 40 73 101 92 196 197 65 162 116 30 97 143 83 135 191 4 131
194 187 62 192 146 3 45 109 139 80 169 82 172 169 100 200 157 27 18 42 135 199 168 182 109 81 109 112 185 135 57 97 101 22 98 25 169 31 138 52 40 16 165 69 105 119 146 121 53 116 91 70 43 172 73 91 119 58 69 35 72 183 42 123 82 95 8 120 141 2
136 188 84 92 148 59 21 196 60 30 9 143 129 166 11 125 182 136 80 144 94 173 24 105 11 199 132 6 182 79 27 33 180 185 86 49 55 191 6 1 30 8 110 100 193 147 106 199 11 179 105 8 17 138 4 127 170 10 132 122 47 64 172 147 16 182 104 114 68 10
140 3 196 118 98 67 11 33 73 4 144 38 63 168 70 51 199 199 14 52 65 124 58 65 76 112 72 90 69 55 54 133 85 152 39 91 63 71 110 119 141 192 165 7 102 50 104 71 35 13 170 151 72 19 130 110 35 10 145 157 22 54 45 96 129 19 92 181 66 70
42 177 23 2 58 136 95 104 4 171 146 164 16 21 89 194 175 92 67 66 111 61 172 132 73 45 43 129 194 45 109 120 47 50 166 1 121 200 168 28 105 183 166 147 93 20 183 89 76 40 43 156 1 100 67 100 119 200 198 93 150 120 41 170 198 49 5 141 92 78
143 65 198 98 59 176 124 34 191 16 133 178 132 133 38 30 141 31 123 162 22 52 34 154 79 52 122 196 105 72 113 133 35 57 83 92 4 87 144 54 94 184 116 102 109 129 130 12 147 85 167 101 172 80 60 69 46 168 33 20 13 39 199 35 153 140 118 71 28 71
121 122 190 96 143 87 101 146 103 71 174 18 84 96 188 151 19 27 91 163 38 4 146 10 114 77 93 120 87 120 84 143 129 176 179 71 122 46 30 197 101 127 108 172 161 122 118 113 192 156 157 96 109 108 34 77 162 110 96 29 105 17 66 159 121 161 179 178 1 193
113 5 43 42 48 155 25 54 193 124 58 113 60 192 17 88 197 49 153 18 4 145 38 6 158 142 8 128 83 36 106 80 57 136 6 184 200 72 27 37 2 130 115 160 85 11 174 185 142 82 72 131 49 46 23 177 10 139 48 112 179 43 197 18 105 128 82 21 59 109
155 78 37 139 34 146 133 182 96 131 164 106 195 46 9 161 200 154 131 5 125 80 27 183 130 141 25 5 181 20 186 119 126 35 110 167 89 42 170 178 37 116 46 97 167 175 57 156 95 52 159 195 60 69 124 172 148 97 25 20 187 165 17 64 98 131 38 179 174 186
197 111 29 193 100 126 98 44 39 109 35 109 131 130 131 103 84 53 66 123 13 41 159 123 158 113 198 88 111 64 66 74 91 171 127 144 22 10 145 125 83 175 156 123 165 4 6 65 56 162 20 19 191 91 97 22 189 90 74 11 83 15 140 150 96 63 20 60 64 181
52 153 50 151 59 37 133 88 142 161 68 77 65 35 158 149 57 100 33 92 194 119 59 102 104 100 184 152 33 134 27 124 125 83 182 162 107 192 167 78 186 198 132 101 119 194 119 159 108 78 188 72 188 24 109 50 160 117 88 26 83 191 122 80 187 89 88 46 95 26
193 112 43 27 184 24 168 196 25 115 198 132 101 198 116 153 107 87 134 45 178 35 150 195 135 26 142 59 136 77 87 112 197 51 15 98 40 52 173 191 13 32 115 168 23 127 128 134 144 114 70 163 8 123 185 144 79 71 47 54 111 113 43 89 156 161 48 80 192 91
