50 	
33	51
1	1	6	3377	2	
1	64	6	4281	3	
1	12	5	2263	7	
0	17	1	1443	3	
0	91	3	1677	8	
0	52	1	267	1	
0	20	7	553	5	
1	97	7	3269	2	
1	95	6	649	6	
0	40	5	1386	6	
1	45	3	1615	6	
1	6	8	1165	2	
0	68	6	4342	4	
0	71	6	2164	1	
1	59	8	4327	8	
1	75	2	3965	5	
1	15	5	1196	2	
0	73	4	4784	2	
0	5	5	859	8	
0	52	2	2686	6	
1	47	2	3832	3	
0	12	5	3088	6	
1	31	3	3490	3	
1	3	2	4472	5	
1	44	1	1308	4	
0	55	3	3762	1	
0	72	7	421	1	
1	46	6	2456	6	
0	50	6	626	7	
0	3	2	354	1	
0	71	1	757	1	
1	93	2	709	3	
1	52	8	3072	7	
1	11	2	3558	2	
1	69	5	687	1	
0	43	5	2675	3	
0	59	9	856	5	
1	74	6	1803	1	
0	55	6	2204	8	
0	43	3	2903	5	
0	24	2	3538	2	
1	15	7	1327	3	
0	97	7	593	8	
0	47	9	2607	1	
0	42	3	3782	3	
1	97	8	2765	2	
0	71	6	1821	7	
1	78	5	2587	4	
1	63	1	1349	1	
1	58	9	2955	7	
139 17 130 34 143 133 169 131 72 185 159 66 7 186 102 156 163 189 10 198 89 2 50 67 17 154 9 74 88 79 149 62 20 78 121 172 104 4 2 176 116 36 42 142 74 175 12 149 24 149
46 31 69 109 92 93 117 21 108 75 80 75 67 101 171 125 112 146 19 168 156 143 77 12 160 146 162 152 110 6 68 43 163 77 85 29 105 197 108 191 133 173 26 6 80 105 4 80 86 48
163 99 15 28 51 71 50 49 85 94 128 12 187 179 49 12 157 82 183 171 60 50 183 57 159 157 93 126 197 55 61 145 148 43 168 189 141 66 42 129 89 194 67 98 1 41 9 31 106 84
156 72 166 91 151 169 168 32 60 134 128 1 111 179 161 20 42 138 175 8 191 89 184 176 150 33 46 164 193 73 139 66 142 114 10 55 199 197 48 89 178 157 138 19 37 68 101 80 12 123
96 176 111 45 186 38 155 99 146 121 45 88 109 179 51 38 109 87 33 32 33 69 5 174 10 101 46 183 109 72 97 200 61 197 93 54 11 101 38 181 95 48 27 55 78 84 84 194 198 43
118 38 163 108 144 27 6 72 4 96 168 59 120 181 166 179 103 162 170 63 110 77 178 99 13 110 117 48 171 166 162 93 185 52 16 87 190 183 94 81 35 159 67 19 152 69 25 77 137 137
139 179 102 70 194 183 19 99 2 141 190 95 66 12 130 24 169 147 73 24 77 119 104 130 31 32 112 19 92 99 193 132 68 198 45 44 184 179 92 17 151 65 108 145 126 64 136 37 5 45
100 121 164 34 42 89 117 154 113 84 157 152 134 88 59 159 163 128 87 63 113 129 199 70 183 186 95 119 91 34 95 82 30 13 106 24 15 103 56 4 123 46 50 184 161 102 87 102 12 97
63 41 14 88 20 198 24 142 129 168 66 193 2 30 19 93 175 146 96 83 71 84 127 37 13 83 184 26 12 74 132 20 3 33 65 84 130 1 137 197 120 116 14 47 97 33 97 97 195 32
97 198 188 16 19 179 73 108 49 15 96 47 2 152 26 27 197 93 149 148 137 81 42 119 15 151 171 64 122 44 103 145 125 158 179 151 21 35 10 192 18 98 26 200 185 46 116 112 138 172
58 45 143 66 168 191 110 191 164 29 79 39 30 154 7 192 19 166 136 158 80 114 159 14 179 68 75 36 191 25 104 121 197 200 198 70 177 12 78 11 170 58 79 196 100 142 68 53 163 46
65 194 133 151 169 160 167 115 82 110 48 121 194 59 188 36 91 82 23 48 56 116 172 10 108 156 67 199 184 32 161 151 134 180 176 73 200 109 42 76 164 51 64 158 116 194 97 130 149 20
80 48 188 128 129 130 183 3 47 75 93 193 167 91 86 200 93 189 89 154 165 143 158 169 44 38 119 178 72 134 3 169 173 112 70 158 25 10 81 86 119 89 85 7 26 106 158 142 87 53
155 113 198 195 158 30 31 51 30 169 59 170 97 5 110 195 79 80 194 174 58 176 119 116 135 158 150 62 58 106 55 44 173 67 146 164 37 76 68 104 109 113 165 29 162 146 88 81 16 84
193 149 16 123 149 162 85 28 94 37 160 140 58 157 143 129 81 163 68 34 76 68 128 104 48 110 200 195 177 88 186 166 82 180 53 130 164 32 49 144 29 145 79 23 87 188 69 23 165 149
170 38 172 133 108 97 183 145 79 9 165 51 140 59 118 120 58 3 101 92 164 77 63 97 176 123 191 127 186 79 126 184 69 104 149 153 91 67 55 80 43 61 165 125 152 142 87 9 170 5
179 136 90 94 14 48 166 40 29 153 150 120 87 49 109 186 169 200 130 169 74 65 104 77 166 113 4 194 9 3 129 52 57 68 13 125 65 169 124 144 144 188 54 41 1 64 38 131 144 76
93 143 24 191 30 54 112 98 111 144 107 133 154 18 180 61 26 197 46 44 140 10 78 157 126 97 126 27 55 59 156 182 156 17 99 96 143 145 167 46 57 44 85 32 89 91 96 66 15 161
54 112 14 195 12 104 20 199 141 160 145 64 115 38 116 150 49 39 65 165 135 164 45 21 107 108 20 84 112 63 72 183 26 128 151 114 24 55 103 85 179 104 129 38 6 111 47 184 60 167
79 7 11 139 177 200 37 174 151 94 149 136 74 89 161 93 42 77 125 115 184 128 128 80 13 114 19 184 145 84 123 166 155 43 81 37 138 153 49 62 145 55 42 141 75 183 18 156 5 197
62 81 24 41 25 20 198 15 184 85 163 67 55 103 20 119 84 141 31 156 3 129 127 127 170 10 188 76 97 188 13 88 135 61 81 200 47 158 151 159 172 129 127 7 99 145 19 160 41 195
53 45 71 100 77 51 143 97 19 34 129 61 194 96 46 138 62 125 50 68 162 35 49 77 174 83 194 103 87 145 90 109 184 181 26 20 162 48 200 88 59 19 112 162 47 59 53 27 150 39
135 189 120 197 115 32 76 12 17 106 70 82 98 178 113 118 169 187 143 148 135 108 156 66 164 89 135 199 184 132 135 134 136 5 173 14 46 30 191 165 35 174 117 197 114 29 169 40 149 154
182 20 126 104 63 30 23 133 164 48 36 53 175 113 18 129 10 57 76 126 132 109 174 72 112 125 127 31 93 36 62 42 67 59 2 111 47 64 52 77 43 163 140 113 180 53 99 123 65 14
80 1 153 187 134 91 138 107 35 45 18 115 134 128 100 68 21 152 54 148 94 36 153 80 4 71 131 123 6 58 187 145 181 160 124 154 167 46 63 104 97 170 141 159 128 21 28 25 54 88
66 64 138 193 141 70 154 125 172 8 50 121 146 51 153 43 12 141 176 35 125 25 147 11 194 3 47 136 33 22 199 143 110 191 200 181 151 32 35 192 49 178 174 188 188 180 73 118 124 41
74 179 69 171 46 16 56 30 176 179 198 112 26 59 143 132 106 97 59 134 48 76 195 170 83 42 191 33 192 168 13 28 19 145 193 42 6 40 46 110 180 197 29 180 89 66 187 145 191 153
40 54 47 196 87 137 192 44 186 125 26 63 140 86 175 142 126 109 83 200 128 164 90 85 111 191 16 25 172 172 27 84 27 138 99 118 122 164 70 56 15 44 168 17 170 164 58 65 28 2
110 49 19 101 60 17 88 45 191 140 138 122 64 183 35 178 45 143 32 91 149 195 171 198 199 12 26 60 164 69 56 105 35 50 128 126 29 30 77 157 4 103 121 145 102 6 25 117 105 157
148 112 156 8 21 149 151 182 150 15 21 159 103 116 107 15 58 170 8 39 63 13 93 12 23 99 117 94 194 193 173 159 138 99 156 99 119 160 68 185 15 155 129 67 136 136 58 162 137 89
76 1 129 200 139 144 178 187 28 24 19 82 48 6 184 18 97 45 186 35 168 55 193 184 55 114 68 129 115 106 180 165 108 3 147 95 192 65 107 114 3 103 101 80 199 65 29 42 37 45
82 64 14 26 65 38 17 108 46 38 63 154 156 110 188 93 182 36 39 136 113 58 18 55 125 104 186 70 86 27 166 196 138 27 59 104 185 199 110 44 194 137 41 189 49 173 119 154 164 196
37 26 178 125 111 27 1 22 30 29 196 126 77 35 51 143 188 101 77 95 140 150 84 126 192 153 9 119 197 191 79 140 52 10 127 153 67 118 130 21 91 12 15 83 68 53 73 65 147 10
102 184 28 11 95 88 22 119 1 40 186 107 96 124 54 77 183 14 127 57 140 26 10 137 44 131 125 191 78 78 154 138 146 163 47 133 142 36 197 4 9 25 46 29 68 154 147 173 97 71
73 50 80 174 172 60 146 19 89 85 34 51 73 170 200 67 51 64 45 139 107 153 44 97 54 49 154 106 3 173 48 188 85 27 183 17 38 69 23 142 146 196 185 33 74 78 56 179 12 144
58 150 168 53 168 138 146 65 198 80 199 191 163 155 25 76 104 135 109 149 94 194 61 107 188 111 51 109 165 97 106 26 124 38 78 71 73 103 133 6 183 115 49 108 101 93 110 189 75 86
111 125 177 190 78 21 35 198 39 186 69 122 44 31 18 39 128 11 150 66 153 146 105 182 42 116 92 55 195 154 171 198 9 173 131 83 148 121 119 132 58 128 112 37 145 133 7 37 157 139
150 155 118 104 97 78 37 141 86 135 118 106 17 142 4 29 172 180 152 27 39 111 135 117 183 98 126 87 124 147 167 20 170 171 87 80 44 27 104 151 138 68 140 147 65 182 114 100 87 183
83 155 155 68 150 112 47 190 74 71 127 181 49 124 96 83 116 49 98 5 194 43 51 81 28 181 82 20 47 178 111 50 111 62 137 145 183 81 111 161 102 106 120 5 156 17 142 18 161 104
66 181 121 98 81 14 66 89 75 123 175 101 49 34 38 169 140 65 123 7 6 165 165 89 36 109 23 90 30 104 58 63 142 90 103 159 163 122 37 107 91 36 76 72 108 99 177 14 149 6
81 10 40 125 71 10 175 190 146 75 59 68 53 172 1 193 44 27 12 125 186 184 61 160 149 166 59 53 109 2 52 95 90 8 189 199 112 168 87 128 170 146 104 73 178 103 63 6 191 86
175 23 114 165 66 39 81 55 118 62 146 81 200 116 136 97 185 145 186 34 117 121 46 74 167 146 105 28 1 174 156 153 93 113 100 170 24 69 40 2 170 133 73 112 35 9 176 142 63 77
155 188 91 45 145 7 131 107 51 94 46 65 132 167 145 111 48 146 82 44 185 153 32 195 98 91 156 124 83 22 189 178 62 93 42 73 195 138 76 3 76 189 78 70 94 134 104 90 176 44
82 86 188 7 178 195 181 106 149 193 144 74 131 2 14 141 39 159 76 159 99 104 49 166 151 46 23 160 29 33 13 71 123 190 184 40 120 7 200 145 41 49 95 42 16 29 122 93 54 85
153 69 108 10 105 195 127 79 144 113 88 146 97 76 155 133 65 56 51 84 61 55 122 103 51 61 41 71 14 155 106 180 170 128 163 28 84 93 159 90 124 49 170 157 42 99 194 6 163 88
109 129 183 115 115 199 165 99 73 75 183 119 165 107 141 164 135 100 35 182 28 154 123 86 6 113 79 101 154 77 28 128 138 170 56 44 112 111 69 182 59 114 52 81 76 31 55 147 182 199
85 11 117 187 59 152 151 155 110 57 65 120 83 115 26 72 70 123 54 96 105 75 135 156 200 11 38 91 44 177 119 2 105 67 46 170 126 196 116 170 179 92 99 144 75 85 136 102 81 76
6 189 197 197 59 199 132 190 76 61 166 190 149 114 188 104 197 173 42 16 199 72 177 82 180 143 76 19 198 157 59 155 99 183 96 110 27 13 105 105 93 189 130 181 26 162 89 122 77 197
188 40 115 164 113 44 97 115 9 17 15 176 107 136 63 139 14 22 75 147 118 145 60 13 26 31 33 199 196 167 124 61 193 76 84 72 21 15 123 47 70 49 77 115 92 7 165 54 18 159
143 3 8 199 63 90 155 174 4 89 125 63 118 153 91 145 114 41 51 161 161 117 11 156 41 114 102 123 106 74 125 2 182 48 142 87 83 196 31 21 8 59 100 177 16 21 185 159 34 5
55 20 146 183 178 62 28 25 184 127 42 192 66 110 74 180 33 167 69 50 19 88 62 34 47 114 145 170 73 180 63 185 142 90 116 16 72 122 161 11 199 165 67 161 93 147 193 64 92 19
