30 	
22	37
0	4	7	11	6	
1	3	4	111	7	
0	9	4	63	5	
0	9	3	51	1	
1	3	8	89	9	
0	9	8	88	3	
0	1	2	120	4	
1	6	7	112	4	
0	1	2	82	2	
1	6	4	8	3	
1	5	1	88	4	
1	1	5	140	7	
0	3	5	101	8	
1	5	5	75	8	
0	5	4	66	4	
0	8	9	9	5	
0	6	6	13	4	
0	3	8	76	4	
1	2	3	82	6	
0	7	9	59	8	
0	3	4	129	1	
1	6	1	107	4	
0	8	4	84	4	
0	4	2	143	4	
1	5	5	95	2	
0	5	2	19	7	
1	9	9	91	1	
1	2	8	51	5	
1	1	4	80	9	
1	6	6	102	7	
155 68 1 12 95 93 148 61 90 87 107 195 78 187 13 182 164 2 95 142 115 19 90 11 191 105 151 199 63 108
189 171 177 83 98 141 77 23 171 163 90 136 142 143 153 79 55 108 33 77 177 52 80 43 25 199 69 93 60 142
83 15 187 154 114 134 152 5 185 194 39 56 137 185 120 56 72 36 180 58 40 113 186 127 99 170 73 73 54 184
35 133 196 62 55 78 115 7 100 45 60 196 14 181 164 133 101 92 89 28 136 42 69 134 126 58 157 82 38 114
111 42 48 132 149 164 96 87 183 167 192 42 1 102 160 76 196 199 23 70 142 177 114 32 167 158 126 11 144 41
114 122 132 133 87 28 130 99 91 29 32 136 173 74 12 200 138 54 103 130 122 142 44 106 5 187 192 196 197 164
55 180 25 185 60 115 9 23 125 44 22 192 106 80 7 198 154 103 53 198 57 38 88 83 106 94 134 45 48 130
97 8 34 106 79 169 153 33 200 80 28 93 175 133 200 67 173 162 131 91 130 191 122 43 99 192 80 165 163 72
98 191 102 200 79 182 15 25 23 124 35 177 113 24 10 47 180 92 63 71 181 187 58 138 152 194 197 16 24 8
46 103 197 31 136 75 197 177 190 92 69 103 194 63 81 68 49 164 162 137 127 1 137 44 17 84 107 120 125 76
9 42 92 48 46 99 21 99 155 188 170 98 46 20 67 25 186 43 40 55 96 176 98 108 87 192 107 129 131 6
4 85 66 196 45 131 147 90 16 22 61 44 7 73 168 120 199 130 113 155 196 128 96 165 128 157 168 174 195 64
72 2 15 31 153 139 65 102 96 10 139 104 59 148 145 194 10 27 134 192 92 67 141 183 50 60 147 92 57 152
97 164 44 82 181 42 67 149 158 139 9 112 18 165 45 20 164 68 146 73 74 158 160 146 164 85 55 86 2 148
113 134 41 2 62 80 75 39 19 75 147 62 180 98 132 165 195 53 20 171 7 195 110 137 19 74 37 17 186 94
24 80 196 107 162 48 112 152 89 133 162 15 177 197 101 135 53 3 193 53 79 192 92 124 40 74 185 8 78 66
196 9 69 142 16 156 23 52 53 52 26 157 42 66 3 182 1 154 127 68 21 14 148 38 188 68 108 115 83 91
23 119 126 148 10 76 29 77 146 70 187 49 156 154 198 77 61 105 177 49 64 70 102 45 124 122 52 173 82 186
97 193 146 119 8 121 186 36 130 13 151 100 3 2 111 176 89 141 14 131 37 83 72 90 91 162 12 36 123 128
23 78 28 114 60 141 115 3 71 15 52 128 191 129 4 11 189 169 185 197 52 116 199 172 57 184 105 37 6 198
115 117 18 156 82 80 147 148 89 157 42 119 116 122 123 126 114 198 49 88 137 112 125 181 95 169 65 140 142 93
101 131 96 117 101 87 44 6 105 104 131 97 46 33 61 91 43 35 116 106 186 133 125 26 174 119 138 112 177 71
79 166 39 20 74 101 39 98 34 197 25 121 91 47 32 81 118 111 24 38 162 111 86 197 69 87 181 182 183 174
32 140 63 192 158 20 104 100 184 101 173 200 81 85 76 82 2 132 84 172 80 67 105 169 116 14 73 26 138 198
121 33 129 17 3 120 184 153 59 22 148 63 77 164 196 45 91 198 15 196 113 51 129 124 166 121 3 26 140 33
142 129 51 166 59 166 176 146 114 17 83 54 133 174 168 135 9 13 100 118 83 111 43 162 27 171 175 62 5 30
189 65 172 76 31 183 92 4 99 110 128 127 197 113 113 109 100 149 47 53 69 87 63 137 89 75 13 124 41 117
81 193 91 95 124 80 189 187 105 178 134 108 51 101 157 108 18 10 55 193 95 130 81 172 95 182 5 64 45 113
99 54 61 90 101 193 8 47 10 58 29 103 75 44 109 112 111 20 170 97 68 3 125 54 26 33 188 89 141 107
106 181 95 145 159 156 125 3 180 81 80 126 18 123 164 193 175 127 117 194 54 157 63 20 50 49 58 53 66 169
24 135 58 79 181 68 184 89 13 185 88 122 82 17 56 182 155 116 5 93 161 162 126 29 191 120 108 115 47 102
