10 	
36	46
0	2	3	83	4	
0	4	9	2	8	
0	5	2	33	7	
1	4	8	86	4	
0	6	7	94	7	
0	9	2	0	6	
1	5	9	19	1	
0	4	2	10	9	
1	9	2	31	8	
0	3	9	31	4	
53 103 173 89 45 28 11 138 144 150
116 167 19 29 131 68 197 174 175 145
145 190 156 82 191 178 189 11 48 101
168 125 110 55 199 39 13 37 31 119
109 3 143 77 59 191 102 156 124 98
176 119 187 143 86 103 91 1 36 178
145 192 117 92 38 105 51 160 82 108
105 55 128 130 64 4 26 57 142 45
129 118 67 193 114 174 9 86 114 94
77 6 197 14 58 55 56 28 166 111
161 41 111 124 181 186 80 94 54 85
