20 	
22	30
0	9	4	49	7	
0	3	3	30	5	
0	3	9	4	2	
0	9	9	10	1	
1	1	5	5	2	
0	7	8	22	5	
0	2	4	47	3	
0	5	1	8	5	
1	4	2	10	8	
1	8	5	20	9	
1	3	9	24	2	
1	8	2	20	7	
0	7	6	1	6	
0	9	1	40	5	
1	3	6	10	6	
0	5	3	43	5	
0	2	5	48	5	
1	8	1	30	6	
0	3	4	27	5	
1	3	5	25	1	
7 87 163 43 153 200 80 57 69 127 162 171 149 7 43 87 157 49 83 82
172 88 27 137 171 123 79 192 135 85 153 157 97 119 122 92 195 86 172 138
102 17 84 47 153 105 173 68 185 175 118 45 6 10 144 83 168 176 14 15
103 166 152 17 14 96 83 110 132 105 83 144 27 181 4 73 180 77 7 156
118 11 161 121 59 12 92 64 8 77 153 12 144 48 55 103 121 101 115 51
177 200 24 64 115 107 59 124 30 152 59 46 66 11 127 70 151 129 158 188
14 180 164 90 54 190 128 60 70 71 26 153 21 108 169 16 89 163 36 28
19 161 115 166 188 116 111 130 80 131 17 132 182 70 39 110 30 28 197 15
195 147 109 32 165 3 29 68 14 150 9 134 35 126 114 74 187 155 16 144
83 179 62 14 107 146 142 75 99 104 117 171 56 41 163 200 123 105 190 89
154 120 197 141 105 59 157 33 109 42 146 84 3 37 55 171 55 134 140 9
16 101 20 88 29 1 77 185 116 174 23 160 142 112 124 148 193 190 170 118
80 110 34 23 38 98 194 187 130 128 171 8 68 85 163 21 147 154 117 96
77 60 73 20 182 176 131 142 99 138 26 196 58 9 30 155 64 179 27 192
9 131 193 93 122 40 184 68 113 82 12 161 47 105 39 141 44 164 111 181
18 52 31 168 2 154 132 76 69 101 34 9 25 46 10 8 139 72 118 114
63 46 56 47 90 101 192 78 25 3 28 106 22 95 121 88 26 158 37 180
10 62 69 170 56 157 171 159 56 142 161 62 154 162 131 52 75 116 58 106
178 62 25 19 123 11 6 193 184 167 102 83 27 86 20 146 50 114 73 10
166 181 30 97 128 170 118 7 53 95 13 25 121 89 41 195 135 85 163 50
77 78 164 157 141 104 124 127 181 119 147 87 125 104 126 139 31 175 95 156
