30 	
48	55
0	2	4	143	1	
0	33	2	1023	3	
0	75	1	532	2	
1	25	9	458	3	
1	41	1	1013	9	
0	71	1	773	5	
0	3	4	147	1	
0	7	8	919	7	
0	41	4	1139	9	
0	35	3	1100	2	
1	21	2	914	9	
1	27	9	588	5	
0	62	3	412	1	
0	8	8	401	5	
0	43	7	190	4	
1	98	6	71	5	
0	60	5	1062	2	
0	3	6	91	5	
0	42	2	364	1	
1	22	7	1121	1	
1	30	9	874	6	
1	64	5	688	9	
1	26	8	1022	4	
0	82	7	141	3	
0	35	4	808	8	
0	38	6	1022	4	
1	32	4	510	5	
1	22	6	483	5	
0	35	7	825	9	
1	95	4	113	7	
165 19 2 6 194 112 129 106 61 53 67 1 156 104 8 177 130 190 190 160 58 37 41 35 138 177 159 106 51 181
71 48 48 43 82 123 175 15 76 54 89 130 129 100 178 39 117 55 92 80 193 115 156 104 175 24 198 64 172 152
50 65 159 144 33 97 142 37 191 18 77 65 59 50 1 114 156 98 195 18 174 125 127 57 130 58 54 192 175 156
64 185 80 101 52 145 166 77 102 199 103 25 18 101 23 57 113 102 76 119 180 65 124 22 98 102 164 100 166 18
82 176 83 86 146 130 134 187 17 45 46 15 59 84 9 70 137 134 26 119 99 42 45 23 15 116 24 59 109 36
99 96 177 175 73 184 44 112 90 88 142 12 26 96 9 103 188 81 151 172 54 163 26 174 118 97 179 51 34 56
126 175 101 54 59 25 8 147 85 144 111 188 49 178 28 150 107 20 125 46 138 104 65 99 33 63 122 57 11 93
133 37 18 124 36 32 76 45 11 25 17 182 1 199 29 36 145 64 140 47 95 19 44 73 83 163 197 182 193 133
83 15 62 20 200 47 79 23 5 169 17 93 95 131 200 47 160 42 104 63 57 23 96 132 38 99 158 172 137 149
180 57 6 190 59 88 63 73 189 26 82 92 54 22 67 135 158 159 13 110 121 149 67 57 19 129 55 70 139 42
51 73 79 77 176 125 196 81 109 26 63 186 196 143 189 120 39 113 50 154 46 70 46 70 87 167 197 163 41 109
190 164 177 52 102 171 186 36 65 15 197 115 169 109 186 54 70 177 125 119 12 97 118 54 146 4 59 96 56 1
168 11 119 131 197 108 133 102 95 53 138 36 108 97 163 157 21 96 11 42 94 42 125 49 191 1 169 83 57 29
103 180 46 38 114 144 4 76 26 79 140 86 92 111 178 60 92 126 158 116 116 111 105 181 148 47 10 3 23 157
47 74 120 36 109 199 106 192 127 131 134 86 185 73 110 133 29 31 157 47 183 198 81 127 45 8 40 127 78 77
150 183 123 190 126 195 53 76 172 140 195 183 98 56 140 113 33 175 107 195 15 65 12 20 66 84 123 42 121 63
148 11 125 145 45 110 121 91 188 37 53 138 50 26 20 137 8 60 127 23 81 163 90 160 183 159 75 170 101 39
193 109 15 88 128 8 100 106 36 146 170 107 110 69 44 68 115 180 82 196 91 118 85 23 176 112 47 147 19 172
86 184 56 71 22 126 174 48 28 73 118 148 66 157 153 12 61 29 36 173 150 2 150 6 135 188 9 182 124 67
194 150 124 127 110 147 187 16 65 175 164 121 185 72 87 100 180 151 194 162 193 153 141 145 3 49 30 72 108 32
60 104 22 166 44 161 56 94 4 17 168 195 66 189 131 167 149 89 94 29 62 147 12 61 69 184 145 39 10 191
29 60 114 101 168 127 180 183 169 145 199 61 57 117 40 121 100 50 84 27 52 177 26 47 157 133 175 102 55 10
25 32 38 129 7 153 137 29 29 150 161 79 51 4 183 181 43 34 24 107 68 70 29 71 35 90 21 132 20 88
16 35 82 32 72 200 15 7 4 152 170 110 1 100 193 75 55 138 93 21 179 14 179 138 33 10 60 86 97 12
199 169 168 128 59 68 8 154 118 97 67 166 7 19 95 91 133 117 136 174 179 45 105 159 62 168 28 157 32 65
129 16 184 194 126 34 66 152 190 100 49 59 155 71 18 164 195 108 46 133 169 141 9 184 188 172 102 67 188 168
88 134 21 44 136 74 175 11 34 83 38 35 199 169 142 105 65 10 117 153 84 149 59 140 137 158 98 13 40 83
22 78 54 33 147 32 65 180 35 104 77 146 183 175 105 62 56 74 3 179 110 117 111 200 149 96 19 135 38 21
125 47 78 11 85 2 34 8 23 177 74 190 32 189 57 199 39 162 37 172 5 113 64 22 26 189 135 200 131 65
73 181 116 196 37 97 150 148 194 188 184 150 88 32 138 89 60 121 137 90 118 2 141 55 174 121 42 170 106 66
103 3 152 41 89 194 46 200 174 185 111 165 144 13 38 196 107 27 156 173 60 160 189 96 33 191 186 133 86 99
