40 	
5	13
0	1	4	59	4	
1	7	5	52	6	
0	8	6	71	1	
1	6	6	139	2	
1	2	2	305	4	
1	1	1	233	8	
1	8	2	143	5	
1	2	4	8	4	
0	5	6	140	6	
0	1	8	92	9	
0	9	9	190	2	
1	5	4	196	8	
0	7	1	195	7	
1	8	4	217	5	
1	2	3	16	5	
0	5	5	309	1	
0	2	2	15	7	
0	4	6	139	9	
0	8	3	128	9	
1	7	8	259	5	
1	1	4	83	6	
0	1	3	70	8	
1	3	4	255	4	
1	1	7	22	2	
0	2	6	251	7	
1	6	9	132	3	
1	1	2	331	1	
1	7	4	223	5	
1	3	8	153	5	
0	6	9	84	6	
0	7	2	257	5	
0	1	2	241	4	
1	3	4	156	9	
0	4	4	139	6	
1	4	2	47	3	
0	4	6	291	3	
0	3	3	170	5	
1	8	8	122	8	
0	3	2	262	5	
1	7	8	168	2	
93 109 69 4 196 1 161 10 65 97 58 143 81 193 191 58 167 87 74 95 65 198 123 142 29 151 90 200 4 88 40 2 109 20 22 82 91 3 84 139
46 179 44 178 18 14 141 25 134 11 52 194 117 14 65 197 55 132 102 65 143 142 192 131 82 65 164 70 117 171 49 199 148 57 93 111 92 58 97 114
176 77 196 154 17 71 81 96 156 120 106 98 167 170 141 196 84 100 139 159 114 129 23 5 131 68 34 139 108 32 135 94 52 36 3 94 171 23 156 112
136 97 173 39 64 160 57 20 94 61 12 78 1 132 40 77 174 138 179 169 58 197 173 32 96 44 105 115 173 101 165 101 95 114 113 114 34 31 29 65
69 186 139 110 42 149 120 21 76 106 180 186 39 53 132 162 43 56 8 4 79 130 103 47 42 32 176 84 173 96 82 143 5 54 166 175 50 64 66 141
129 29 140 82 166 79 78 104 16 24 183 51 70 100 67 105 47 61 45 43 90 175 15 29 158 23 20 179 16 171 159 196 71 140 187 79 187 50 124 160
9 25 148 101 25 77 98 157 70 181 181 96 22 106 195 8 30 143 131 75 124 196 21 21 43 56 154 152 122 53 83 25 69 10 10 113 125 21 73 101
74 113 119 124 190 95 4 56 60 104 98 108 16 145 7 91 178 160 11 18 135 3 31 140 99 200 76 108 178 39 19 79 19 71 85 79 74 29 199 63
183 57 110 157 174 84 16 18 172 17 195 76 193 110 107 54 157 86 57 195 125 123 109 46 70 76 196 119 24 43 45 157 25 63 99 195 2 178 96 167
168 68 106 21 125 59 171 102 36 129 135 96 98 194 199 8 128 76 88 32 108 198 95 151 75 176 57 33 60 155 162 181 46 39 114 22 153 20 44 142
54 29 200 124 188 173 72 69 36 112 114 171 164 142 158 12 160 54 85 83 67 127 125 77 9 169 29 78 48 24 92 17 91 84 189 185 154 121 161 140
19 101 76 77 120 81 180 132 178 185 123 153 90 174 198 20 180 112 16 57 181 141 115 11 43 165 164 116 61 60 74 26 142 46 140 27 25 88 68 61
70 150 191 29 40 155 98 180 24 111 195 193 136 4 179 143 198 177 144 152 172 99 96 139 123 128 50 51 166 162 25 135 44 172 195 100 69 112 37 91
112 51 97 86 71 196 61 86 178 63 24 27 186 4 181 83 183 181 43 189 60 11 41 103 142 90 169 85 1 74 44 119 18 56 83 24 158 149 2 146
3 95 170 15 117 3 41 2 61 12 8 12 195 33 37 174 71 54 185 79 132 33 86 7 63 165 55 65 52 144 57 107 23 193 110 198 166 48 22 74
77 187 153 141 18 69 169 114 199 197 52 59 172 40 174 78 73 11 163 181 137 9 36 44 86 192 39 176 83 144 55 65 104 152 173 130 47 177 82 95
167 181 62 113 174 154 90 154 104 120 16 87 31 4 36 167 123 115 43 131 117 132 63 158 7 165 179 105 133 44 43 74 182 153 110 30 162 16 10 39
145 107 178 169 116 199 156 122 10 54 91 41 94 105 2 181 19 150 59 135 141 18 127 3 24 198 172 133 169 129 43 46 32 90 117 28 43 187 39 177
153 104 185 75 185 131 178 90 160 141 117 186 185 131 6 59 133 2 131 37 36 190 90 134 171 102 50 141 15 93 60 16 104 65 15 67 22 194 36 163
82 156 158 17 176 40 4 151 8 15 85 46 157 166 156 169 34 145 81 1 125 183 153 26 120 159 141 24 144 74 162 58 128 86 164 158 161 87 3 22
163 148 46 90 183 176 23 6 174 82 101 149 145 17 86 139 103 194 134 61 46 166 191 130 126 106 137 89 38 98 112 28 101 57 77 17 27 166 65 143
2 136 12 145 86 61 194 121 146 57 33 54 142 147 95 70 164 42 88 84 77 109 76 158 163 103 170 70 8 138 191 147 167 93 161 68 33 56 17 114
148 25 44 57 153 183 158 82 175 152 59 2 36 179 49 96 13 51 37 42 106 70 93 114 192 184 96 193 40 55 97 108 121 28 37 155 26 102 103 90
13 49 181 184 49 166 148 106 3 96 58 191 41 60 134 188 121 171 62 192 100 140 137 176 101 197 153 147 148 158 168 187 94 31 195 116 165 177 65 137
104 173 157 110 68 148 187 185 17 80 115 106 101 119 115 101 155 149 180 145 152 106 2 173 149 39 16 117 175 76 85 172 136 161 197 35 116 183 13 155
10 44 112 43 58 82 145 154 143 178 52 18 171 176 61 116 134 41 148 168 163 31 23 12 136 162 72 197 71 1 5 46 148 37 21 87 193 68 150 58
60 60 23 11 187 36 192 70 45 4 7 42 164 18 191 200 100 75 117 125 162 122 159 96 148 31 5 72 8 15 35 14 188 104 8 73 94 64 166 85
181 195 47 94 115 127 110 63 143 4 106 126 140 37 131 157 56 36 53 181 28 81 58 56 76 168 113 67 41 59 100 193 77 110 188 129 168 68 160 90
182 172 143 126 31 11 44 71 20 179 127 103 97 99 185 120 144 177 195 175 137 198 107 157 1 122 33 59 107 21 11 43 46 120 44 44 156 115 193 172
160 41 52 72 90 91 147 122 118 62 3 35 153 192 175 172 198 94 128 200 2 107 115 17 32 91 156 191 63 72 122 106 136 115 26 162 36 152 38 43
61 95 68 152 194 142 155 163 178 58 190 170 77 158 158 7 86 48 200 96 180 15 58 161 16 45 170 27 127 172 11 106 187 63 64 53 40 101 78 111
4 32 138 87 73 87 27 100 172 78 57 189 41 29 116 93 123 63 95 29 104 12 153 191 114 59 170 83 160 142 175 131 40 135 125 21 37 87 146 55
59 37 161 3 85 52 144 194 65 110 49 117 63 178 26 132 135 43 15 73 191 161 7 117 122 168 110 100 181 150 10 20 10 93 107 75 124 171 87 10
52 186 157 43 16 137 100 196 11 41 131 59 193 123 56 95 91 154 90 126 86 141 20 144 109 88 196 183 20 85 156 129 40 23 72 132 73 50 129 100
55 69 159 147 72 187 63 22 16 48 187 85 148 135 97 66 142 57 195 50 80 123 58 87 200 141 46 26 170 47 170 155 143 130 75 189 56 181 62 84
161 23 194 62 147 136 151 88 109 122 24 88 13 139 6 184 123 119 12 72 81 2 11 182 110 74 132 9 126 188 105 11 162 164 96 57 183 57 161 155
162 71 33 71 125 158 153 173 162 138 187 66 30 54 59 71 191 18 137 2 68 141 197 78 9 170 119 38 10 30 128 200 120 19 70 39 116 183 179 174
12 91 189 13 78 3 105 4 102 197 27 15 101 165 167 186 126 74 133 166 74 111 87 174 16 118 195 20 168 47 170 146 39 72 175 175 151 51 131 143
132 38 175 145 132 23 109 155 133 138 15 183 74 99 40 106 86 136 108 182 141 67 178 33 33 26 123 185 35 189 3 161 58 118 87 197 17 35 96 104
3 109 17 86 147 90 94 184 34 143 17 149 85 123 98 29 128 30 36 59 102 90 136 163 135 1 99 47 172 151 181 95 70 139 18 154 103 154 16 189
133 9 161 9 31 50 34 35 169 100 146 160 150 87 79 48 74 171 34 193 187 127 186 56 3 59 38 134 175 29 41 10 146 32 120 104 189 200 89 165
