40 	
22	77
0	84	1	2901	7	
1	93	7	555	8	
0	72	5	3339	8	
0	98	6	1743	3	
0	23	6	3140	2	
1	36	6	3795	6	
0	10	3	3921	6	
1	66	8	1866	9	
1	47	6	2771	4	
0	65	1	1099	2	
1	46	9	2076	8	
1	71	5	2921	1	
0	32	5	1525	1	
1	87	3	2244	9	
1	52	1	2320	6	
0	89	9	2161	7	
1	36	3	1967	1	
1	97	8	2659	9	
1	20	1	489	7	
0	42	7	1088	1	
0	49	8	3381	6	
0	38	1	541	4	
1	98	6	1118	8	
1	31	7	1698	3	
0	70	5	464	2	
1	42	6	3684	3	
1	18	3	1250	9	
1	1	9	3144	8	
0	8	8	1027	7	
0	98	1	1056	6	
1	13	9	689	4	
1	10	4	886	3	
0	60	6	2862	8	
0	49	6	1441	3	
1	99	6	393	7	
1	23	1	1180	4	
0	13	5	2546	6	
1	35	3	1491	1	
1	29	7	3286	4	
0	18	3	1704	3	
163 106 143 148 91 121 151 64 183 165 49 135 96 136 33 117 168 63 178 25 104 180 157 144 128 59 148 39 65 62 97 9 69 120 44 90 31 106 29 4
105 37 99 105 122 94 169 155 147 108 10 33 114 23 156 12 16 9 48 144 150 87 27 81 45 46 153 31 166 124 135 189 49 33 57 107 131 121 54 102
174 57 22 42 34 48 167 86 37 87 70 68 87 167 40 60 144 56 118 20 184 197 48 7 45 98 137 25 42 12 188 36 195 101 82 97 185 52 46 82
187 140 194 77 14 143 143 184 91 38 40 134 99 106 99 111 42 116 68 150 190 87 24 178 140 55 22 154 185 176 154 3 146 88 108 19 138 20 177 186
152 75 183 1 178 35 1 165 83 76 55 15 120 121 18 49 159 91 17 193 59 155 132 130 33 49 19 126 138 30 195 94 80 84 95 43 117 96 110 195
146 34 166 136 32 140 71 15 177 122 172 56 70 67 132 68 37 85 39 155 24 84 94 82 200 47 178 131 20 126 193 185 196 1 33 22 113 124 29 42
169 30 8 42 139 96 171 83 171 100 24 141 146 185 157 166 11 65 122 121 120 88 106 52 63 12 68 41 6 186 147 151 132 3 68 17 165 84 32 163
147 77 199 137 79 148 20 42 99 189 3 159 155 186 158 122 116 126 139 144 119 77 144 166 6 107 121 91 125 103 147 182 140 198 2 199 46 5 136 61
194 196 142 34 75 31 172 121 84 23 81 151 53 88 17 6 194 37 67 106 38 140 113 138 23 200 85 121 184 179 121 12 164 168 167 106 103 157 41 118
74 35 149 75 159 105 64 137 196 3 176 191 64 183 43 98 136 147 60 195 123 37 178 163 128 20 154 183 79 97 120 158 2 139 69 172 128 42 94 185
159 70 29 125 194 158 175 51 4 20 161 43 2 139 200 127 49 65 114 189 61 24 145 68 87 195 52 84 143 33 13 155 99 38 31 94 140 145 160 60
183 192 90 22 81 150 110 33 142 68 55 84 98 9 106 199 195 170 28 129 188 79 99 3 43 95 117 103 57 53 11 81 36 18 99 176 23 81 200 98
33 118 75 88 158 133 72 140 180 177 126 129 193 57 55 57 93 67 106 67 123 74 76 20 45 165 85 117 75 40 105 182 45 107 51 149 153 157 193 118
84 102 16 176 167 72 136 186 77 71 172 58 200 131 157 26 176 132 17 17 61 97 154 164 89 194 89 192 117 81 30 25 55 22 142 133 167 75 66 141
61 46 74 88 183 184 159 95 73 96 131 39 137 61 182 33 17 135 145 105 97 141 9 105 55 117 25 50 33 180 125 112 56 100 7 14 121 59 144 158
39 46 39 16 167 20 90 4 138 97 116 62 170 168 109 71 181 135 189 70 157 126 74 153 174 164 129 18 145 112 188 40 12 14 10 200 165 63 37 107
199 21 156 148 111 22 58 185 120 24 16 192 122 185 129 132 165 66 142 26 59 28 157 155 140 196 176 164 82 118 105 154 152 158 70 193 122 192 190 118
172 60 19 55 30 78 129 12 134 2 153 142 87 64 147 134 21 126 27 56 173 72 150 174 139 8 198 94 35 171 168 35 117 147 21 24 133 74 134 77
168 115 133 195 186 28 44 175 36 18 144 144 76 163 69 144 11 12 118 67 57 5 143 4 12 46 46 68 171 163 106 42 129 71 102 164 9 141 56 198
134 13 54 127 138 4 47 47 142 86 169 32 188 53 176 78 117 88 177 198 71 166 31 172 127 80 57 65 154 36 65 167 87 188 116 51 176 102 155 172
116 69 135 93 58 16 144 188 184 84 8 5 57 126 70 49 94 153 71 141 198 154 191 180 47 141 92 41 80 87 53 154 186 98 166 77 38 121 179 176
150 71 32 34 173 193 179 138 148 53 24 67 179 128 56 85 196 118 140 69 180 101 9 177 37 87 92 95 94 63 87 17 159 161 175 110 80 122 142 196
105 92 38 91 140 132 49 63 161 17 77 112 46 165 37 100 31 80 175 152 84 120 196 117 40 148 107 103 159 178 21 1 67 86 46 123 109 57 5 176
117 47 121 60 60 15 192 151 50 41 87 175 29 162 159 199 154 191 86 144 80 4 65 120 33 4 63 86 36 91 30 106 58 112 93 26 157 175 163 112
124 198 71 39 93 93 138 189 67 6 11 47 193 130 101 8 53 110 162 144 19 136 49 1 49 175 182 15 118 52 180 102 64 180 59 48 30 18 33 104
39 105 160 136 174 106 112 139 53 14 36 79 173 39 197 76 189 152 163 73 4 39 107 177 78 93 94 196 33 83 124 44 183 88 160 99 17 130 110 172
185 117 43 108 198 70 65 133 97 127 115 199 195 184 38 91 58 101 39 9 110 22 38 119 13 71 74 88 14 152 103 173 101 154 84 37 91 24 188 102
128 120 65 163 131 180 172 158 172 149 70 175 6 93 52 6 41 130 89 130 151 149 114 32 46 180 137 113 38 30 152 23 172 67 47 18 48 134 66 38
17 164 13 106 142 51 9 34 100 99 148 98 79 52 6 37 75 139 101 192 182 169 179 103 173 178 123 38 154 108 128 136 19 33 131 187 45 152 164 30
22 31 157 72 133 133 77 188 165 53 71 192 81 41 43 2 8 20 190 38 96 52 72 86 11 199 145 171 79 38 40 151 142 108 5 110 192 194 71 63
70 103 55 164 34 101 80 76 127 162 20 122 87 88 22 13 78 38 169 194 94 6 85 155 171 103 75 59 49 149 198 8 25 61 29 72 29 190 41 103
1 193 22 15 79 153 80 73 136 182 35 70 185 128 112 162 146 53 125 85 140 189 153 158 151 184 92 29 77 40 92 97 122 93 102 11 38 5 59 148
37 116 154 20 179 185 172 124 40 173 129 6 110 20 179 29 8 112 150 24 35 143 152 83 112 147 90 49 155 194 158 44 150 148 154 109 197 5 74 86
74 66 60 190 33 35 151 147 168 199 155 9 56 137 131 150 47 92 50 50 137 174 173 64 199 57 180 68 55 163 20 121 190 1 38 148 96 26 156 119
156 111 53 166 75 32 41 11 113 199 183 42 199 57 22 165 134 146 77 76 167 79 14 116 178 176 23 11 133 4 101 124 117 199 200 199 78 91 166 195
27 29 114 2 175 154 150 80 182 120 104 56 67 153 34 149 165 144 90 181 126 68 53 5 60 127 172 165 87 186 88 117 54 6 170 174 67 39 62 164
28 90 146 98 68 17 135 106 57 2 164 41 170 53 99 185 71 33 164 15 74 172 192 145 171 186 45 93 45 23 10 126 68 148 183 186 193 123 65 51
184 165 196 87 52 104 23 193 21 119 90 85 140 86 42 93 39 63 25 91 103 68 127 75 71 62 94 52 57 46 110 106 110 67 75 115 49 129 158 122
170 35 40 200 113 12 45 116 126 16 36 50 10 194 18 113 152 15 9 65 31 124 28 57 165 72 116 165 102 163 128 53 150 176 130 37 138 113 184 135
154 160 91 41 169 189 8 129 98 59 124 94 94 161 14 86 152 22 34 23 179 137 76 150 97 39 45 81 111 105 49 158 97 44 18 140 173 193 156 4
158 24 156 174 41 8 25 47 13 191 155 176 114 77 11 82 88 153 13 101 3 77 176 18 61 132 30 102 134 139 65 57 1 97 58 69 62 109 175 129
