50 	
3	19
0	27	7	922	7	
0	91	3	4963	3	
1	46	5	413	5	
0	56	6	2943	8	
1	1	2	4964	7	
0	86	9	4660	1	
1	6	3	5066	1	
0	50	3	1562	5	
1	49	2	1713	5	
0	97	3	1522	1	
1	51	4	4111	7	
0	66	2	4153	8	
0	19	4	188	8	
1	23	6	397	1	
0	3	9	656	8	
0	5	8	5055	1	
1	64	1	378	8	
0	72	1	4209	5	
0	80	3	4280	2	
1	45	2	2128	1	
0	86	7	1522	3	
1	84	2	4413	6	
1	96	9	1833	5	
1	2	8	4514	3	
0	44	4	4365	2	
0	22	9	1238	4	
1	77	9	306	8	
0	90	3	1911	3	
0	42	2	3146	8	
1	63	8	2764	3	
1	77	9	3190	9	
1	34	9	2826	6	
1	6	9	262	9	
1	94	1	5292	8	
1	89	1	331	4	
1	68	4	4360	5	
1	54	4	3114	4	
0	47	2	3416	7	
0	8	5	1360	5	
1	72	6	2321	8	
1	79	4	661	1	
0	83	2	2677	6	
0	71	6	4610	4	
0	8	2	3310	6	
1	37	9	1723	4	
0	76	5	4099	2	
0	16	1	4065	1	
0	72	2	1862	2	
1	67	4	4158	4	
0	63	9	3810	8	
94 47 40 144 186 147 175 58 101 54 181 111 14 129 192 8 106 17 175 108 106 90 51 65 114 192 166 6 4 105 11 8 51 21 16 87 14 137 63 1 88 165 21 145 112 82 81 118 144 53
109 146 161 103 33 57 35 169 170 89 22 185 131 193 84 126 134 158 182 27 64 50 178 35 131 21 11 9 39 36 86 97 51 187 24 196 81 143 145 114 81 10 123 163 183 27 188 39 154 82
19 87 47 168 11 69 103 144 50 135 87 59 156 27 31 24 127 87 18 135 88 127 110 192 191 68 164 90 82 116 68 177 78 14 174 5 32 34 50 190 81 114 200 116 193 117 66 145 48 66
5 138 81 36 171 198 81 51 72 134 85 152 139 86 155 195 39 143 30 70 62 22 187 179 138 88 146 194 90 195 92 114 153 197 120 194 184 191 11 67 97 84 78 62 110 61 74 33 69 156
123 79 125 71 41 94 162 2 57 159 19 109 99 119 141 96 39 31 31 100 86 81 189 194 24 55 6 108 13 164 178 19 104 123 65 4 59 155 162 142 200 21 151 59 80 135 67 1 100 156
15 108 30 32 86 143 129 60 118 118 150 183 119 141 50 61 103 105 103 30 114 123 4 182 179 106 110 117 134 90 194 140 40 55 71 155 3 46 46 161 69 194 69 119 71 14 173 138 149 138
144 52 123 172 57 2 165 37 97 8 157 148 95 18 38 164 13 186 182 33 179 167 131 14 179 116 146 87 159 110 181 56 70 83 11 81 172 115 47 103 51 165 187 14 84 96 8 198 116 15
65 144 85 191 1 113 152 93 152 88 57 74 169 47 59 94 110 171 18 105 177 190 198 20 74 122 2 8 100 77 118 142 135 174 142 57 171 7 107 123 174 176 6 57 131 180 94 79 81 158
74 7 106 92 128 35 24 164 160 163 78 107 111 110 64 196 115 164 101 128 103 182 82 20 194 153 2 199 134 165 116 51 43 178 61 94 187 55 50 142 178 20 27 170 158 45 63 85 179 8
157 90 20 183 156 195 153 160 96 73 104 129 198 153 171 127 106 66 1 47 18 150 184 11 165 94 47 166 137 61 73 58 103 108 75 150 74 62 148 144 30 55 77 24 106 185 42 54 132 146
86 111 118 113 154 19 111 135 155 144 133 4 41 49 42 31 158 17 74 157 79 37 136 200 14 150 21 114 177 139 89 198 98 92 111 130 72 1 29 42 66 102 63 168 55 39 110 156 178 11
95 22 148 21 118 131 31 200 162 97 67 51 93 193 183 49 185 149 166 92 53 174 197 47 26 50 147 128 87 168 51 52 20 151 143 42 129 46 78 81 184 139 24 180 192 92 88 152 92 2
104 29 140 68 130 64 30 155 135 186 154 163 181 140 143 96 189 43 56 175 153 56 131 118 116 194 79 24 108 187 193 135 22 139 167 34 45 106 144 169 106 22 183 130 17 106 62 185 39 132
127 108 48 128 92 103 95 122 45 137 99 11 165 25 145 133 146 82 3 139 102 87 8 149 185 61 134 139 165 8 33 188 48 187 18 136 132 63 179 180 168 54 44 121 43 20 138 46 95 32
139 108 16 191 61 123 197 111 187 22 165 38 142 3 163 88 97 31 4 180 70 32 125 7 41 160 28 183 60 125 14 146 98 162 27 174 39 92 102 84 28 44 182 183 36 15 132 111 135 88
185 111 24 141 27 133 23 119 172 38 165 89 170 88 134 145 133 18 193 135 146 65 191 49 28 23 41 179 168 120 41 34 139 181 53 46 85 89 96 106 131 158 43 31 184 42 118 174 18 168
34 10 118 99 57 187 85 20 76 22 128 3 136 12 94 68 41 119 28 165 33 18 21 150 159 35 33 122 196 89 194 45 137 9 50 72 164 158 118 31 85 36 124 84 53 1 20 153 25 109
65 53 179 66 121 130 169 69 77 5 15 58 29 112 173 73 147 184 20 130 52 54 59 23 18 22 78 8 4 124 199 179 182 165 58 44 78 108 176 152 177 55 15 189 102 48 126 63 7 186
62 45 149 20 163 105 179 163 81 26 170 183 26 132 117 70 3 39 163 96 157 187 58 139 143 87 132 2 136 29 5 131 166 12 39 158 151 85 195 63 125 164 57 197 24 128 83 178 174 195
45 148 56 21 172 52 75 44 160 128 53 106 194 194 58 180 22 142 88 161 16 67 19 132 147 121 37 182 175 52 73 89 38 101 64 72 90 109 181 23 86 144 148 79 58 86 11 147 53 25
81 141 78 106 135 183 124 90 161 12 63 103 33 177 98 189 131 19 92 91 108 10 86 92 88 121 23 97 199 196 199 14 86 186 48 116 159 149 85 51 16 200 13 122 186 116 114 155 159 22
114 190 74 148 168 27 145 153 96 123 155 44 47 99 8 192 160 8 3 183 116 155 61 90 108 29 155 168 116 152 53 61 60 13 24 169 170 131 9 147 181 47 8 63 178 3 144 153 62 106
113 77 24 136 30 99 171 148 33 109 36 107 24 45 81 177 105 43 30 103 102 29 119 131 181 199 194 61 51 110 51 53 96 121 8 108 66 174 134 115 160 150 152 99 127 150 158 113 3 134
150 187 176 106 93 20 62 183 80 48 128 171 132 71 110 38 127 82 85 170 187 80 105 140 139 65 34 31 1 35 137 71 193 15 152 28 37 129 58 124 176 174 143 9 73 143 147 68 62 128
37 200 127 45 7 186 185 109 145 66 153 35 96 116 131 119 67 118 131 15 48 53 22 181 115 86 68 180 179 14 3 122 20 118 198 188 139 67 76 123 101 146 140 176 153 84 93 170 63 40
135 93 132 46 20 105 57 122 141 135 140 85 161 77 2 197 40 63 180 112 29 138 156 150 124 180 134 185 195 85 170 190 131 45 44 87 92 69 165 52 114 63 59 49 36 18 139 143 200 177
30 109 25 143 15 61 93 94 123 39 189 83 194 185 195 39 66 22 20 80 94 174 170 200 118 173 49 154 119 116 172 145 74 71 114 11 163 112 158 136 2 156 52 51 3 59 60 174 170 28
124 18 9 7 49 153 104 110 119 127 191 74 67 140 114 52 28 136 186 18 9 2 145 167 132 109 159 125 34 46 186 108 173 128 76 48 9 91 170 143 175 44 72 175 67 175 28 116 173 50
117 88 35 179 48 140 66 46 18 188 42 63 8 146 100 33 72 136 56 50 74 117 193 14 16 121 135 114 124 59 59 162 146 172 67 164 73 200 126 113 190 126 193 37 170 171 6 81 137 65
152 117 90 88 168 3 104 54 123 21 93 184 61 22 126 99 77 114 150 91 105 131 89 33 185 95 89 194 118 8 38 174 37 178 112 5 144 41 18 15 140 109 163 149 138 71 171 182 71 26
51 118 169 185 190 159 162 156 170 16 44 145 33 14 83 57 190 158 70 165 163 38 62 182 170 152 94 121 66 62 179 175 48 35 55 102 169 78 58 42 71 6 85 41 102 175 115 65 190 94
166 73 169 196 86 12 112 97 31 24 119 72 109 146 129 42 144 31 149 119 115 139 194 129 141 130 29 70 23 150 36 94 99 190 175 172 98 170 148 83 11 88 80 174 100 166 112 168 58 8
137 20 55 168 48 151 58 19 17 162 141 143 37 12 36 49 24 92 61 23 52 101 5 170 10 116 101 92 105 120 44 164 20 152 63 20 143 132 78 27 91 198 94 34 71 20 34 154 153 30
70 170 186 50 144 77 141 52 1 58 131 16 105 35 180 36 178 59 91 98 85 158 162 119 117 151 136 148 19 67 185 62 7 164 64 145 102 7 64 95 137 158 133 120 197 117 99 139 122 36
43 36 42 182 79 41 179 84 105 93 138 96 8 176 91 101 85 170 28 121 97 59 67 189 80 161 116 175 54 200 65 102 113 154 8 22 185 79 90 161 14 19 130 25 166 78 26 150 77 102
118 100 165 72 141 181 186 72 161 1 47 156 197 199 34 179 194 10 149 120 20 46 194 77 23 105 81 190 9 186 166 138 155 90 157 125 161 20 172 66 102 115 65 116 90 29 143 80 60 119
78 39 114 70 22 167 192 135 166 3 59 135 188 29 24 196 127 38 88 193 159 128 195 191 15 99 73 58 3 107 71 181 13 126 61 109 68 73 134 174 109 65 66 158 5 151 136 116 91 183
125 41 13 66 141 188 41 1 162 59 12 194 129 157 151 20 101 82 166 87 21 80 15 16 173 9 126 43 138 197 56 140 106 28 43 177 59 94 11 164 176 58 110 72 72 72 37 35 53 99
108 129 187 61 175 103 72 192 38 129 61 44 47 94 156 13 96 2 129 64 18 57 196 125 137 88 125 85 136 78 155 114 83 23 172 157 95 138 189 156 123 155 190 99 70 157 93 164 186 185
95 182 89 127 159 176 172 88 32 26 195 167 185 16 73 155 56 32 137 140 189 55 83 9 96 104 41 194 6 41 142 76 17 109 120 23 57 43 134 25 93 57 113 9 157 43 29 80 123 117
19 110 157 154 190 41 84 23 127 15 171 92 64 96 98 90 33 192 163 196 130 147 100 169 175 37 123 3 179 65 198 19 175 6 97 35 173 186 128 176 48 74 192 92 195 6 110 122 72 17
117 183 84 96 153 71 123 12 47 153 89 2 149 67 104 22 140 165 28 195 11 23 29 1 20 120 119 189 152 29 195 136 93 143 23 26 15 179 100 67 115 64 93 60 1 42 25 54 110 8
123 30 167 99 88 183 19 189 112 200 41 52 33 53 116 187 131 102 160 124 60 141 190 105 61 74 52 173 12 154 16 48 123 109 83 149 69 43 169 114 168 53 8 40 169 21 6 145 86 196
99 156 70 97 175 186 98 192 167 180 52 41 32 108 34 194 124 151 47 119 185 68 39 31 124 167 80 154 197 8 199 75 30 11 178 190 161 147 24 120 47 161 152 160 185 31 9 152 144 87
188 123 5 90 79 183 172 8 124 181 77 172 13 177 140 100 128 70 123 42 132 51 107 18 22 89 12 70 20 152 56 171 2 142 153 105 23 85 31 89 113 78 66 113 97 38 104 39 116 64
135 154 70 60 101 90 151 193 112 89 3 191 124 178 148 106 3 75 56 50 87 2 184 47 72 37 23 125 200 200 79 112 175 177 66 3 25 21 100 5 178 185 64 188 23 55 40 156 110 2
76 28 106 24 97 129 19 141 156 195 96 21 117 21 112 196 62 104 126 49 26 31 79 48 14 36 90 19 143 66 80 142 66 37 2 106 103 32 85 55 41 75 133 59 95 133 174 96 153 67
38 142 42 37 136 85 118 77 8 119 157 138 15 181 74 77 56 27 28 97 175 70 147 112 39 190 39 12 62 180 186 89 124 199 26 101 170 107 120 71 121 141 16 58 100 200 180 42 164 51
146 145 169 95 176 46 186 152 4 111 24 85 185 61 20 49 24 195 101 6 130 164 66 77 33 92 40 115 45 173 27 97 81 132 37 95 181 11 68 39 10 84 64 6 180 47 121 81 62 155
182 183 47 55 189 38 82 135 170 124 179 30 22 82 25 56 34 105 20 156 179 130 193 41 38 117 108 164 51 9 120 90 26 121 135 118 91 90 111 76 101 125 4 85 90 44 57 27 164 27
193 189 97 55 85 90 131 34 92 123 83 121 111 15 145 172 72 159 116 2 102 10 32 58 61 52 180 100 7 195 108 57 78 144 109 51 156 28 126 118 17 158 130 156 63 110 151 41 107 42
