70 	
42	51
0	65	5	5042	2	
1	6	9	2227	2	
1	88	2	3017	3	
1	61	2	4765	9	
1	13	2	1696	3	
0	3	5	105	4	
0	59	8	3334	5	
0	80	6	4745	4	
0	14	5	1744	3	
0	91	6	1145	7	
1	67	1	3424	9	
0	7	2	104	7	
1	46	1	3812	1	
0	45	7	3177	2	
1	1	7	1306	2	
0	20	6	454	2	
0	10	3	4126	9	
1	5	4	2117	6	
0	39	3	5101	9	
0	91	9	1484	3	
0	8	4	1588	8	
1	90	7	3330	2	
1	43	3	581	2	
0	59	5	3784	2	
0	93	3	1592	8	
0	42	5	86	8	
0	72	7	4218	8	
0	21	2	4338	7	
1	15	5	496	7	
1	96	9	169	7	
1	91	2	2347	5	
1	46	1	365	3	
0	22	2	4006	3	
1	35	4	1630	4	
1	69	3	881	6	
1	11	3	2502	6	
0	87	8	1057	4	
0	3	5	4987	4	
1	44	5	3326	8	
0	45	9	4635	6	
1	31	4	3665	9	
1	54	6	2396	8	
1	52	7	2112	3	
0	87	8	2552	4	
0	53	9	3624	4	
0	2	2	285	8	
0	81	7	2663	5	
1	56	8	787	6	
1	2	3	3187	3	
1	43	5	2543	5	
0	60	6	4662	6	
0	19	8	2735	4	
1	57	1	1706	9	
1	38	4	3670	8	
0	49	5	2084	8	
0	64	9	3126	9	
1	88	3	3460	1	
1	95	2	2641	7	
1	25	2	2659	2	
1	82	8	4042	9	
0	33	5	1264	8	
0	60	7	3221	7	
1	35	8	2055	8	
0	31	9	1270	6	
1	58	8	3792	4	
1	63	4	4021	7	
0	30	7	3439	3	
0	88	7	4433	1	
0	86	8	4859	6	
1	97	8	4319	1	
67 166 106 111 187 2 179 131 48 36 141 6 34 116 93 112 151 113 33 75 164 168 136 179 115 57 10 21 171 183 115 84 9 123 45 9 78 145 127 27 17 125 129 15 126 190 183 173 147 122 147 179 176 52 142 92 20 138 6 172 18 26 197 19 113 22 146 62 178 105
139 141 62 99 42 77 26 117 93 86 25 15 189 23 37 104 155 84 149 121 114 110 189 78 69 51 183 188 63 40 72 79 129 41 43 52 119 120 27 193 90 58 121 100 148 79 186 24 11 14 125 13 189 108 165 25 198 197 91 194 199 182 122 44 147 107 124 44 39 69
58 27 10 86 54 63 96 28 79 100 27 116 64 46 121 151 134 155 95 127 167 159 85 82 100 52 30 162 40 161 18 64 126 147 15 143 16 161 162 71 60 42 35 149 163 116 150 160 9 128 63 82 113 45 77 156 185 15 195 71 162 70 139 102 33 174 34 23 121 47
103 126 51 109 38 46 166 59 106 87 111 16 158 58 199 52 24 4 28 75 189 182 9 25 92 15 57 63 63 77 144 165 127 170 176 29 148 76 148 199 30 54 181 167 121 135 142 14 59 194 92 8 10 40 14 92 66 19 26 76 85 65 14 5 44 10 37 68 13 142
24 138 94 171 179 60 42 22 119 37 193 11 116 26 185 104 165 108 123 139 115 144 157 92 170 8 64 72 90 199 3 187 19 88 163 117 45 162 199 145 83 63 7 177 56 75 126 189 157 10 106 19 68 164 187 109 134 161 127 167 59 106 197 99 127 50 29 179 37 19
30 67 125 59 62 40 56 116 38 160 200 39 47 163 66 17 187 106 133 7 177 28 129 131 43 10 117 163 192 172 101 166 163 79 1 73 45 101 113 29 22 161 29 66 34 137 74 82 51 64 195 124 137 115 194 129 130 107 92 160 103 177 110 156 12 26 194 32 82 53
187 5 57 195 29 64 82 100 147 13 132 80 192 24 103 43 91 157 51 193 107 184 37 97 16 109 131 172 31 120 54 41 48 27 6 18 101 120 169 82 116 117 150 183 182 78 126 83 118 12 185 166 132 51 161 120 57 139 32 78 37 37 144 16 61 72 79 40 134 160
183 115 121 79 101 56 101 112 34 168 35 40 105 127 69 46 92 6 191 39 63 53 175 166 110 177 170 193 117 189 71 134 83 175 59 69 188 152 77 135 138 137 18 67 106 190 44 78 85 97 96 121 26 6 144 185 29 62 136 155 156 144 104 178 111 73 89 29 46 140
73 32 134 172 88 57 72 151 178 15 24 115 122 179 16 1 199 103 46 113 102 15 59 131 80 112 81 182 54 198 161 82 128 151 198 62 129 57 96 116 79 46 191 28 42 146 33 194 3 188 143 137 172 26 124 137 63 38 57 24 75 13 132 126 199 27 4 137 45 150
38 175 157 160 168 144 186 135 28 180 191 82 64 34 143 136 133 199 172 47 97 76 99 113 144 42 107 191 55 184 143 125 158 176 155 3 117 176 116 189 86 26 148 170 80 72 19 12 114 85 171 88 95 177 31 37 142 4 173 39 173 85 195 38 77 187 166 71 107 149
192 33 108 20 52 75 122 154 14 91 37 140 68 128 19 186 14 46 187 69 124 26 31 115 94 162 166 7 123 155 103 27 121 42 122 92 63 37 94 115 95 7 164 176 195 177 107 56 39 93 32 39 152 145 41 39 200 32 36 14 128 41 14 177 154 124 193 131 108 91
185 47 103 188 134 193 20 60 5 18 171 25 180 180 139 182 138 140 82 5 199 41 70 80 133 127 139 100 68 44 67 6 73 193 170 26 36 114 158 45 42 59 1 2 93 136 145 79 188 45 59 192 181 20 146 88 3 29 102 43 79 3 27 198 64 181 81 149 51 12
159 187 69 31 108 2 79 59 48 114 101 156 1 130 51 184 162 197 62 185 131 68 114 194 34 126 119 192 112 75 28 185 119 156 111 139 115 149 110 37 57 34 141 54 16 12 45 83 92 156 46 33 100 61 51 9 191 102 137 21 121 186 116 142 30 56 144 12 56 140
120 134 131 37 10 88 12 177 154 127 192 70 10 171 16 157 192 119 59 145 182 97 65 88 31 77 187 102 42 44 80 194 136 137 75 38 19 140 30 79 101 125 66 124 192 66 174 165 112 142 68 83 159 174 148 53 186 2 8 84 30 49 26 2 143 43 5 144 43 175
113 79 105 180 152 190 175 157 73 125 150 85 25 130 64 168 145 26 65 53 79 34 66 92 114 191 194 9 187 128 135 195 187 70 98 179 79 129 197 198 138 176 104 134 11 65 118 180 153 69 140 140 83 191 45 103 177 187 187 26 23 20 193 64 105 63 88 58 132 166
118 183 118 36 40 140 65 140 123 84 63 161 64 159 150 176 163 174 103 99 147 137 6 74 182 54 34 147 18 23 73 77 27 147 124 132 61 60 149 172 4 20 57 81 116 153 144 164 72 115 190 164 6 28 69 113 190 78 93 178 194 130 183 187 45 75 59 146 128 59
143 7 141 167 66 38 41 92 16 28 162 121 79 136 118 138 113 165 76 59 6 16 23 27 174 180 123 95 176 45 33 38 199 48 129 23 190 111 190 106 164 30 63 171 113 199 85 41 84 93 89 74 152 13 73 53 188 70 69 1 14 148 112 163 72 72 19 23 104 150
40 15 60 37 196 15 125 76 29 167 105 38 110 176 120 66 91 61 190 109 55 129 170 27 174 19 133 1 99 128 150 148 93 179 149 96 1 53 52 139 109 26 150 194 172 160 91 16 102 42 170 72 166 40 77 155 81 106 70 160 27 87 60 173 7 162 96 185 78 122
110 200 51 35 18 126 109 162 170 106 108 121 28 161 190 69 75 72 50 137 30 101 114 181 84 58 48 120 142 160 165 196 106 54 123 24 21 182 49 41 86 40 166 156 191 148 152 86 165 100 116 188 107 88 172 17 83 170 97 23 67 83 147 51 40 197 29 19 138 62
69 174 188 200 33 135 76 99 109 33 159 25 120 131 147 162 180 189 184 98 51 78 32 11 55 68 109 19 115 107 31 35 184 95 97 38 102 109 166 181 144 153 85 197 99 146 143 185 153 47 128 107 47 136 74 130 63 94 155 78 181 64 105 15 97 32 23 78 70 33
43 172 55 65 12 26 110 38 13 97 156 157 71 1 120 81 189 83 152 71 193 124 134 149 18 31 181 44 180 52 151 112 193 185 160 171 45 136 16 155 107 9 59 176 166 61 75 170 24 6 186 22 143 25 61 29 52 112 55 194 102 105 182 160 168 16 127 182 89 177
15 29 45 20 192 74 115 75 74 63 5 171 195 155 168 151 47 93 163 142 61 39 72 118 55 154 110 15 78 162 85 47 102 121 29 77 131 70 3 170 27 28 11 132 71 21 25 173 101 173 38 88 58 75 10 52 3 26 31 121 196 176 58 177 73 193 171 49 90 54
174 101 44 42 39 46 104 180 10 173 2 67 22 87 124 2 94 128 26 47 151 152 63 167 62 41 45 85 139 180 10 198 159 28 37 150 152 76 68 32 198 97 181 185 89 84 72 175 3 147 92 117 199 72 102 38 187 24 186 174 60 193 98 129 183 188 189 191 61 102
164 12 122 136 177 200 35 73 197 116 32 30 29 200 141 157 40 81 134 147 94 128 25 124 168 6 9 181 165 105 142 74 162 38 146 49 96 174 83 43 136 155 58 198 33 135 15 101 193 187 57 35 198 169 90 150 21 199 80 48 32 107 98 47 148 181 132 46 108 113
63 132 89 176 13 121 117 147 23 42 71 177 68 106 40 66 35 192 153 162 114 85 150 141 50 15 17 25 53 166 32 12 158 41 16 49 66 63 28 152 35 160 119 107 74 111 69 78 59 52 168 139 116 39 137 25 133 3 6 45 54 31 55 184 77 112 10 139 27 83
5 176 82 108 104 129 85 58 54 155 14 181 44 111 40 188 86 60 47 104 68 38 14 174 175 100 130 70 127 141 97 62 79 38 114 154 86 112 37 11 140 144 159 17 77 27 118 44 195 78 119 138 122 12 1 107 120 36 111 136 98 142 144 42 142 39 3 31 150 11
9 86 134 67 154 112 191 63 2 40 58 115 33 199 65 84 160 32 90 43 186 23 17 97 65 193 53 30 84 167 80 192 77 103 153 186 58 127 161 154 159 59 196 200 76 191 167 15 89 79 167 139 186 83 76 72 126 58 72 1 137 10 197 127 11 176 82 195 109 140
158 134 131 187 92 98 171 93 132 184 60 191 4 77 114 83 97 137 171 47 9 75 27 74 26 91 131 178 46 8 52 160 80 43 44 53 131 2 79 52 132 176 184 37 11 161 36 95 119 147 7 116 148 151 48 160 78 88 72 174 47 109 21 31 84 36 121 174 104 103
70 178 114 49 123 65 168 53 172 141 177 191 16 179 107 116 38 152 97 117 59 116 115 37 151 135 58 4 141 28 196 60 63 26 44 68 105 65 162 134 185 108 73 146 192 101 6 92 119 176 39 183 105 115 77 119 52 94 110 196 106 103 65 188 157 158 116 113 158 123
152 118 179 93 130 30 51 135 118 31 187 139 93 83 180 99 35 180 148 159 123 109 72 122 127 6 183 42 8 151 39 155 41 16 82 2 41 119 20 167 81 22 143 159 131 190 51 45 2 168 168 8 139 1 165 24 157 105 155 53 139 24 133 173 84 152 164 164 122 143
67 152 141 47 179 194 148 193 9 112 64 18 55 74 115 126 101 62 117 178 145 54 94 51 172 79 34 15 126 151 60 72 153 122 182 36 23 86 46 169 48 147 112 100 49 134 198 79 86 145 125 161 29 60 77 144 118 69 14 98 159 172 157 51 84 179 200 180 102 142
68 199 163 118 20 67 31 198 5 153 169 148 68 185 106 109 67 171 12 29 106 147 158 186 7 167 50 112 171 153 163 196 199 182 10 113 186 85 30 151 9 134 135 35 185 161 30 62 88 71 141 46 58 170 142 187 189 94 101 142 44 73 173 173 101 84 12 181 65 103
13 118 73 85 61 180 15 46 127 34 97 25 121 61 54 56 4 144 110 108 42 85 196 93 109 117 168 60 177 49 134 123 62 59 164 102 192 71 19 16 199 191 58 168 3 40 67 190 169 131 96 81 156 184 199 117 66 21 43 81 163 38 6 36 97 134 110 1 200 41
42 97 152 83 37 145 29 145 124 105 134 188 118 126 46 11 18 35 93 107 144 76 90 42 83 178 155 162 174 40 14 88 175 157 11 90 194 184 185 194 200 194 187 194 199 177 144 197 4 151 49 99 51 56 93 64 22 114 172 172 110 48 178 153 114 43 47 123 138 10
177 29 125 20 62 123 120 158 56 125 47 130 107 64 91 116 15 156 65 160 6 121 130 191 30 95 161 76 162 78 173 46 107 123 3 44 140 112 181 10 114 85 164 60 139 149 166 197 136 136 200 42 115 15 3 95 48 42 57 98 43 44 10 149 130 47 170 91 92 179
92 119 113 89 31 2 152 69 88 184 64 119 144 191 83 161 174 171 153 66 193 194 129 94 151 42 141 103 184 181 24 22 179 13 100 178 30 146 116 8 140 198 65 133 15 107 51 187 113 47 107 173 191 157 10 78 12 51 175 128 181 175 102 48 86 38 112 183 62 198
172 142 59 64 97 31 48 54 134 145 138 166 175 174 23 90 113 149 180 186 129 19 135 141 38 13 47 131 5 136 145 37 93 132 25 196 48 173 96 135 126 111 12 119 33 26 109 189 141 133 20 146 118 57 71 141 104 45 121 79 113 118 109 51 9 24 22 63 74 60
20 88 33 4 31 58 31 35 182 103 108 191 133 51 22 110 40 118 29 59 96 182 115 17 169 68 106 159 168 144 148 101 131 50 88 160 124 144 3 75 23 154 34 46 124 10 47 36 43 103 108 8 136 177 116 3 53 21 31 146 80 78 141 62 105 148 200 107 146 72
3 145 166 65 191 195 80 7 26 148 181 21 29 177 16 7 71 80 76 41 95 192 100 117 165 192 101 53 35 99 56 21 5 122 149 126 153 55 42 139 62 137 147 53 186 88 28 98 170 74 115 66 189 154 64 197 128 120 62 60 137 121 64 146 3 19 50 181 26 167
59 20 113 14 144 150 91 84 145 171 49 21 195 40 124 93 51 38 27 108 88 164 148 2 109 113 197 188 195 147 13 141 48 173 106 62 77 31 63 164 126 85 129 33 195 25 51 176 83 86 85 76 187 99 23 159 50 43 103 146 168 3 134 148 128 12 91 9 164 159
199 64 127 74 181 33 32 187 186 98 119 46 71 11 160 12 78 153 142 3 119 28 177 137 14 99 196 25 67 111 159 158 181 193 97 161 181 85 136 30 47 167 73 89 147 72 70 97 84 20 150 125 32 36 124 46 23 164 123 48 59 85 27 32 45 76 139 75 94 162
113 111 197 54 166 64 55 157 162 111 92 99 68 76 38 186 19 149 71 181 95 108 64 49 184 44 69 26 17 163 102 7 81 138 60 105 79 34 101 4 77 152 99 36 92 191 50 101 19 31 142 144 67 116 99 178 8 9 88 44 46 2 200 66 129 67 122 39 166 140
188 101 68 47 23 130 105 90 106 29 61 113 132 61 139 163 197 117 169 170 155 71 12 197 172 28 57 56 121 90 126 77 167 152 173 74 53 135 71 140 23 70 113 56 37 168 120 118 91 7 171 183 182 181 188 154 32 22 103 114 75 10 82 57 1 104 101 76 134 88
146 185 178 88 159 101 8 5 103 64 49 189 193 111 131 37 93 73 35 74 142 22 80 27 101 76 89 61 88 1 7 92 135 119 99 52 38 8 10 141 98 178 190 158 58 27 186 55 107 17 101 48 149 29 86 88 74 188 39 116 32 49 55 132 11 71 50 175 197 174
143 71 166 11 188 14 66 158 123 29 82 3 91 33 133 10 3 126 61 139 29 199 135 8 11 182 150 80 6 161 47 32 122 15 164 55 66 176 142 157 55 24 114 51 39 54 52 74 45 139 40 76 190 182 132 73 131 143 105 100 10 8 160 86 46 95 35 99 65 125
5 94 199 181 68 9 67 38 134 32 118 166 167 98 80 6 126 25 149 22 17 153 181 102 46 110 23 69 15 16 4 91 5 188 82 135 114 73 112 159 123 3 40 170 25 69 122 117 90 143 147 20 55 174 144 111 193 38 180 53 147 179 127 95 114 32 63 193 159 150
66 153 84 118 21 132 106 76 84 158 187 115 27 42 178 29 122 5 77 11 127 58 69 34 51 68 150 87 29 180 74 105 131 111 26 86 76 117 43 63 85 139 144 100 109 181 84 126 37 161 107 105 141 115 32 83 148 199 159 63 20 68 32 124 38 74 197 101 121 76
140 111 104 107 57 150 31 11 6 124 36 21 121 161 48 149 80 102 165 157 170 178 117 190 9 36 28 86 75 32 149 28 7 34 169 175 67 4 145 32 19 29 30 160 191 40 13 149 183 38 14 97 85 2 49 137 70 38 103 133 100 116 164 6 26 54 85 182 78 176
39 48 198 176 148 67 57 45 89 21 35 171 139 29 40 10 20 19 198 32 35 156 87 135 37 130 168 42 195 194 5 62 86 116 3 43 61 194 67 182 141 36 42 111 92 112 8 146 77 192 133 38 186 83 185 67 70 149 68 141 39 185 83 111 142 71 157 5 81 196
97 50 62 52 47 143 8 127 4 52 101 9 140 125 34 164 29 163 42 140 50 154 32 45 10 179 33 58 51 191 128 59 39 136 115 101 22 140 147 25 147 24 14 33 22 137 91 194 16 61 117 199 94 111 67 13 179 8 15 21 122 118 179 46 25 23 109 127 28 74
136 175 27 29 192 13 100 55 14 200 141 180 88 169 4 163 189 122 70 125 175 161 74 43 64 50 141 13 199 169 59 76 102 54 137 76 98 41 171 147 172 65 63 172 184 30 14 133 196 41 168 198 106 63 181 14 67 133 148 51 196 129 100 86 73 57 139 48 33 44
158 152 169 26 198 98 198 200 55 200 76 136 168 57 189 187 91 181 96 71 27 96 124 110 166 137 94 159 80 136 65 61 10 47 195 132 92 47 15 79 189 60 94 96 93 46 152 107 2 72 3 123 13 118 105 46 178 104 157 80 65 194 55 140 115 19 34 21 7 114
185 61 13 12 129 127 36 46 102 62 34 15 19 128 154 187 152 154 29 67 119 118 131 69 74 128 100 113 35 187 128 19 95 102 100 132 181 141 144 138 4 104 48 197 42 76 101 117 129 162 122 84 72 56 72 26 112 102 196 150 196 137 164 185 50 147 124 113 185 31
26 162 45 79 45 28 70 164 145 93 163 147 133 120 186 108 92 112 42 30 7 144 70 189 30 65 197 120 99 28 144 63 194 154 151 41 78 158 84 17 142 85 114 110 47 157 77 167 42 181 76 78 79 144 153 2 60 17 185 151 53 56 110 82 170 81 55 98 75 55
75 170 200 135 86 86 132 75 193 106 82 188 171 178 123 50 31 175 17 102 167 137 84 190 48 178 179 163 165 162 179 177 32 180 181 104 152 136 75 168 157 146 110 94 189 197 88 8 19 17 175 14 99 2 20 153 38 4 151 194 100 6 19 139 12 187 29 151 103 92
142 163 87 81 17 197 98 61 78 70 111 112 48 10 61 31 31 76 194 18 21 53 30 194 18 175 42 141 17 68 119 122 47 80 185 165 69 36 32 83 152 118 54 54 129 186 25 148 114 177 102 102 103 169 134 79 10 171 2 141 23 61 51 94 163 65 195 126 116 30
199 38 142 160 101 156 47 134 191 74 103 65 140 15 3 183 2 145 132 169 103 20 197 53 156 9 130 97 152 66 164 72 70 53 161 65 31 99 80 169 187 95 143 128 80 62 61 80 94 9 125 186 179 124 185 106 36 105 35 85 39 91 178 48 156 7 165 153 7 161
96 168 27 48 110 101 33 105 8 23 97 86 31 101 198 190 56 7 51 103 177 123 45 59 104 100 35 14 148 186 21 186 84 6 35 68 70 104 122 40 97 69 112 79 63 128 7 25 93 90 127 78 30 41 29 177 85 142 175 193 62 195 40 110 173 18 140 75 19 105
121 123 61 138 140 84 132 49 110 140 183 186 74 99 71 192 168 200 56 198 7 41 165 107 162 62 196 158 141 41 60 48 167 186 91 181 47 200 85 112 135 7 200 148 109 50 121 1 110 115 164 124 156 167 111 167 22 43 61 62 119 109 48 74 161 160 14 167 51 91
72 34 108 90 20 138 114 51 74 198 109 52 143 68 94 199 106 84 180 132 2 148 199 116 116 55 171 16 45 5 148 89 157 27 1 159 105 186 140 106 31 70 113 43 46 66 68 100 146 72 26 108 33 38 161 125 18 48 12 66 68 76 168 45 175 85 47 8 166 36
148 121 166 193 46 149 74 172 15 191 75 130 90 14 193 151 89 63 151 73 1 158 143 147 68 120 52 13 192 106 180 175 73 52 149 107 155 141 167 38 93 144 29 107 132 127 72 149 46 166 30 164 83 10 101 48 160 18 136 135 129 83 96 66 9 180 13 62 88 38
169 127 101 15 174 163 100 92 184 109 81 79 7 92 25 146 46 199 66 22 36 137 135 138 171 2 127 190 198 19 196 139 10 169 103 21 145 124 31 91 33 72 42 176 92 40 200 163 193 189 157 91 174 101 54 60 143 170 168 10 32 102 177 47 67 11 24 50 124 160
75 173 134 83 106 51 121 160 4 171 41 93 36 112 137 159 20 62 49 171 107 149 27 56 53 169 86 4 131 185 186 194 20 176 75 16 117 96 7 187 31 170 53 73 137 70 56 99 37 177 31 76 163 128 81 74 161 139 121 13 31 159 52 198 114 199 157 183 101 139
68 194 22 163 153 88 53 143 9 80 191 69 96 135 196 18 101 16 12 166 195 91 80 172 63 20 144 11 173 156 195 103 45 88 22 92 172 167 26 87 82 24 96 42 74 143 81 45 155 104 72 87 131 172 179 113 40 113 24 106 110 104 73 108 179 77 31 182 19 138
94 32 106 10 108 116 153 200 157 47 106 115 86 114 43 93 153 121 3 37 166 49 180 38 102 188 40 146 182 70 167 31 47 96 144 155 199 162 178 24 159 190 6 59 45 119 186 37 63 106 120 48 122 157 15 35 93 5 70 170 166 197 90 184 76 160 80 43 100 108
148 40 23 99 160 12 179 179 182 84 151 158 55 103 183 175 16 61 92 108 188 173 169 59 143 47 29 15 97 59 142 92 159 8 58 64 184 41 13 150 69 144 119 182 102 1 27 144 76 31 90 136 108 125 15 110 71 117 81 93 32 146 48 126 177 20 144 125 132 54
124 130 70 81 83 148 117 164 32 92 142 82 134 53 15 36 104 10 60 132 76 153 49 30 16 36 106 121 90 175 91 110 169 116 70 138 39 176 108 8 176 54 157 55 176 183 115 175 186 181 186 24 30 81 92 124 115 112 102 5 8 22 122 175 140 198 159 141 27 177
93 136 84 102 121 166 27 90 19 58 76 170 127 17 11 148 28 121 161 196 42 170 88 155 144 187 144 163 183 26 141 18 20 108 75 136 16 145 193 83 80 21 140 156 61 141 144 112 110 5 32 20 78 22 181 147 108 82 143 180 101 70 129 140 122 9 199 104 130 59
135 156 160 47 108 6 29 84 162 70 94 66 168 187 120 195 132 111 81 138 196 53 121 28 112 176 106 8 136 116 144 91 153 50 191 32 96 24 160 23 196 119 173 133 40 191 13 78 79 175 149 153 119 17 171 130 146 168 15 55 38 81 185 153 14 86 54 94 127 38
134 179 76 85 28 63 187 130 22 117 34 89 104 152 84 51 105 151 104 100 29 144 162 73 51 16 98 45 100 174 168 4 8 189 92 174 180 102 194 181 4 179 45 54 78 154 101 117 122 55 98 160 182 5 126 19 121 148 56 140 49 43 117 13 163 77 184 10 176 116
178 58 22 82 160 145 93 108 1 69 4 87 19 52 89 189 95 74 150 121 176 134 137 148 65 92 187 111 98 141 71 56 138 105 64 94 84 89 119 180 3 132 63 72 193 47 54 165 26 33 53 143 178 111 7 64 105 81 33 85 112 36 144 169 141 29 133 143 163 77
