80 	
2	68
0	3	2	525	5	
0	1	5	743	2	
0	3	9	149	8	
0	9	9	491	7	
1	7	6	521	6	
1	4	4	731	9	
0	6	1	97	9	
1	1	7	239	7	
1	7	6	389	9	
0	3	6	118	7	
1	2	4	583	4	
1	8	7	49	5	
0	5	1	508	8	
1	5	1	114	3	
1	9	5	270	6	
1	8	8	752	6	
1	5	5	120	3	
1	8	1	501	5	
1	4	1	16	2	
0	9	5	184	8	
0	3	1	689	9	
1	8	6	40	6	
0	8	5	35	6	
0	7	1	124	2	
1	7	4	560	4	
0	1	6	346	9	
1	2	3	457	1	
1	5	8	661	9	
1	8	9	89	9	
0	1	3	598	7	
1	5	9	660	6	
0	1	9	313	9	
0	1	6	569	4	
1	9	3	306	3	
1	7	8	14	5	
1	8	1	751	5	
1	8	4	347	1	
1	7	4	265	5	
1	1	2	312	3	
1	9	1	18	7	
0	5	6	418	8	
1	8	6	396	9	
0	7	7	1	9	
0	4	8	68	9	
0	1	5	82	7	
1	2	7	692	3	
1	5	4	506	5	
1	2	6	181	7	
1	2	7	367	5	
1	3	6	235	7	
0	8	3	791	2	
0	4	5	356	8	
1	2	3	507	4	
1	2	9	716	1	
0	4	7	552	3	
0	4	7	486	2	
1	4	8	266	7	
1	1	8	504	7	
1	6	5	281	2	
0	3	7	84	7	
1	9	1	649	7	
1	9	8	619	8	
0	3	9	215	1	
0	4	3	505	8	
0	7	5	174	8	
1	5	8	462	3	
0	7	3	645	4	
1	3	4	525	3	
1	9	8	33	1	
0	9	7	302	7	
1	2	9	333	7	
1	6	4	572	5	
1	3	7	299	3	
1	7	7	813	3	
1	5	6	298	9	
1	6	8	811	7	
1	7	3	158	1	
1	6	4	263	1	
0	4	4	693	1	
1	7	9	811	3	
59 131 145 11 163 12 101 1 91 54 182 159 148 179 80 43 193 66 93 7 16 41 128 169 48 144 37 138 153 82 125 132 76 166 156 103 60 186 186 7 158 165 5 25 143 152 73 39 184 125 18 84 155 141 93 131 45 90 83 108 93 120 4 160 6 24 158 86 170 25 85 3 129 137 198 141 132 45 141 130
15 82 151 176 49 114 99 29 47 142 80 183 61 160 111 197 1 195 179 86 8 178 83 101 142 144 5 18 43 174 177 30 25 143 149 34 105 47 181 91 31 145 81 147 199 149 161 17 173 96 91 166 94 104 167 127 92 75 113 117 114 172 146 26 17 23 100 5 176 34 164 39 52 73 107 195 171 36 186 114
107 142 104 89 129 139 198 197 153 193 99 157 35 98 5 60 117 105 92 130 101 88 37 163 27 155 17 110 188 189 164 139 156 43 13 23 121 99 163 60 93 48 152 125 161 118 60 12 75 161 151 124 124 47 131 28 9 107 6 100 165 157 1 168 58 67 26 108 165 5 3 130 33 96 138 48 73 64 179 130
66 71 107 150 183 190 64 166 55 136 136 67 96 14 1 136 58 147 12 20 163 88 70 156 134 76 16 156 182 15 181 90 49 194 101 11 19 185 71 92 91 36 35 57 4 176 197 123 101 197 55 61 183 170 41 49 61 20 114 40 119 140 113 177 196 132 128 75 82 51 84 38 95 48 156 24 45 127 23 96
121 45 178 134 74 107 94 18 151 25 188 55 10 172 82 191 110 9 9 140 159 46 117 88 102 91 114 137 131 176 188 93 180 52 108 29 163 112 51 75 172 86 198 92 160 113 112 17 150 97 66 190 200 194 13 68 136 198 72 67 192 173 67 2 77 99 11 103 89 73 18 35 66 147 107 7 52 153 70 154
26 63 172 46 84 35 192 170 178 114 137 120 172 120 77 88 184 118 2 102 85 8 72 52 13 50 199 5 98 124 92 49 120 148 155 112 51 151 50 142 171 174 9 103 100 90 61 107 90 160 134 142 126 136 98 147 156 44 196 32 188 49 143 94 89 153 174 58 53 56 24 165 12 76 3 124 21 60 145 198
53 55 55 90 182 163 195 125 49 2 80 75 189 98 91 153 99 188 48 82 140 136 9 190 133 65 109 124 66 56 186 153 36 155 133 189 67 85 34 10 32 145 26 187 69 163 76 138 181 50 125 141 111 167 92 56 65 115 74 63 62 21 86 144 10 173 181 150 177 92 149 158 173 120 28 9 43 145 31 82
129 5 18 122 115 164 16 113 46 97 178 165 2 23 95 188 86 62 195 39 131 141 125 30 98 148 180 4 72 160 102 77 84 21 173 181 104 55 179 32 113 148 75 79 29 95 99 129 52 89 138 10 131 78 19 30 181 174 164 101 143 189 43 55 76 99 23 90 31 181 84 29 39 88 180 66 100 19 128 21
127 34 33 52 54 92 133 167 28 129 175 166 35 185 78 142 200 122 120 191 135 23 122 86 37 133 157 186 155 85 64 103 87 195 177 80 107 138 63 101 180 130 178 26 149 155 58 199 190 45 14 87 24 192 9 99 139 67 166 100 194 13 166 43 78 23 17 7 145 196 77 45 164 84 11 71 15 83 63 98
25 125 69 181 85 74 96 57 132 11 170 38 88 97 42 168 96 82 82 52 77 117 118 99 25 53 29 29 24 127 79 155 40 30 65 45 108 111 129 171 109 58 93 17 105 2 14 35 61 121 167 127 161 106 106 46 18 165 188 183 93 115 21 156 42 48 45 96 37 63 116 30 132 173 13 188 48 4 31 34
85 163 141 56 68 79 139 40 127 49 158 136 111 2 128 28 150 117 183 158 29 95 43 7 156 84 175 90 153 111 185 200 53 48 81 186 54 148 196 165 130 39 97 152 124 45 121 42 127 140 102 48 171 27 93 90 54 174 164 168 196 100 20 18 168 9 58 159 80 96 38 9 84 119 47 140 133 76 105 128
85 197 137 69 27 153 133 68 13 177 120 163 65 127 123 63 14 163 127 2 87 99 12 19 180 194 74 92 48 111 28 15 166 20 152 34 51 153 111 13 5 172 16 25 180 68 26 27 33 161 11 8 97 165 108 109 176 156 34 105 116 157 145 57 74 14 41 75 82 125 172 51 175 123 44 70 40 39 118 18
167 173 72 67 142 171 117 78 182 32 183 162 185 127 200 43 54 36 47 116 168 124 60 89 154 29 101 121 29 36 86 196 152 165 58 97 167 28 15 117 195 45 81 89 98 143 190 74 190 19 24 169 24 101 172 161 150 93 104 147 138 125 112 115 67 122 91 183 185 97 105 125 52 178 46 28 48 23 167 38
109 180 165 20 8 92 179 50 1 105 16 192 191 115 200 61 127 107 164 4 55 49 146 12 22 177 165 188 199 56 123 41 87 63 145 142 53 38 30 195 144 190 126 172 77 70 6 85 154 144 174 173 15 177 112 169 119 156 83 77 156 114 43 157 97 170 76 139 166 103 110 11 50 140 136 35 95 187 89 195
168 193 68 34 160 105 35 70 59 174 38 77 141 196 141 95 161 14 7 85 62 48 106 72 10 4 23 149 97 114 82 164 55 90 163 40 152 21 145 179 124 191 67 73 156 167 67 180 60 160 128 27 127 68 164 183 45 4 166 34 119 130 114 144 23 89 19 150 151 83 155 167 19 22 159 97 169 163 20 174
67 75 179 50 161 195 30 160 76 151 106 148 47 83 131 66 63 174 73 76 102 105 116 120 183 60 75 11 198 146 193 72 146 99 84 47 132 155 95 172 196 29 83 129 121 183 9 18 114 12 86 23 149 90 191 188 1 21 185 193 74 173 16 68 46 20 24 71 80 166 117 97 54 156 56 57 73 47 98 51
50 200 143 83 140 189 44 63 183 5 30 9 13 192 197 185 99 144 155 4 4 46 138 30 159 94 83 196 113 76 89 176 136 67 131 128 17 139 57 12 62 31 113 113 200 56 188 199 130 26 40 72 120 142 143 160 45 158 55 163 84 43 30 194 2 136 45 86 144 122 86 152 148 63 165 164 200 12 144 117
150 60 185 172 129 124 151 160 168 80 26 193 27 179 143 58 45 97 101 143 125 42 147 1 144 164 135 52 48 13 130 77 134 192 39 154 80 154 105 45 119 78 96 10 105 37 161 190 96 50 27 5 24 197 136 189 33 186 125 36 169 179 108 145 61 63 122 121 126 118 139 69 102 180 6 37 144 98 157 91
158 135 175 94 84 76 166 190 59 32 9 31 9 143 153 57 93 106 60 175 47 184 26 82 96 8 67 110 69 102 35 159 112 107 191 143 56 160 115 82 20 97 62 70 21 152 2 75 37 138 4 164 186 60 54 174 129 135 109 193 66 198 108 173 43 144 133 191 157 112 155 125 146 118 15 174 9 28 81 134
81 79 98 84 34 13 157 155 152 127 7 176 44 114 200 50 53 28 119 41 76 188 23 45 56 187 75 36 17 191 139 92 152 179 3 13 118 98 27 97 82 118 163 40 106 167 77 158 22 72 179 10 69 170 124 135 34 129 119 25 173 6 150 65 44 64 173 20 130 22 96 37 163 18 169 10 116 194 52 11
70 187 153 48 179 156 108 36 181 155 8 86 8 117 134 154 49 179 175 9 159 34 155 136 27 25 65 129 130 49 48 157 12 110 145 125 53 98 166 58 164 80 198 111 65 30 27 180 121 86 124 50 52 122 162 106 148 45 13 169 150 40 192 88 70 155 120 172 78 195 30 103 60 56 45 158 53 106 84 85
21 29 135 68 83 88 170 123 138 149 189 17 199 187 74 195 37 7 150 9 167 170 64 121 20 191 138 134 198 188 75 25 64 61 29 186 122 18 191 197 61 38 93 45 195 70 198 27 140 178 182 72 12 19 91 84 148 107 64 9 91 2 187 132 138 136 28 55 150 148 115 174 172 6 69 126 2 129 102 25
132 120 57 157 168 103 24 18 144 6 50 84 98 139 175 28 107 62 26 12 61 81 166 10 77 45 105 61 152 86 124 41 163 179 6 45 6 21 69 32 90 166 165 167 44 94 149 131 87 103 34 72 168 96 46 109 49 192 177 56 189 90 80 116 89 37 174 33 106 62 89 117 89 83 198 196 189 118 25 68
74 177 134 89 36 104 169 95 69 71 60 80 22 148 149 74 25 200 47 162 62 137 177 188 36 172 156 108 137 118 120 195 6 36 106 88 25 176 200 67 63 60 83 132 26 130 68 49 146 147 123 156 81 30 88 75 56 101 1 126 166 143 167 4 160 137 54 142 12 122 154 158 34 161 145 42 43 134 184 195
30 24 151 151 66 16 66 87 99 90 108 192 117 137 155 28 154 190 51 183 126 62 147 55 38 150 3 84 39 41 118 171 112 180 15 130 66 58 45 27 86 178 40 174 79 116 195 145 179 184 94 193 168 15 40 176 22 27 176 179 3 7 41 131 113 182 136 89 74 160 100 91 173 4 99 55 110 72 79 116
30 28 15 139 82 110 133 68 147 186 75 48 62 75 179 141 157 67 35 102 91 67 194 119 12 61 57 88 184 42 86 19 94 127 190 2 198 158 77 9 31 6 87 94 150 164 124 88 67 21 90 64 50 183 10 93 130 108 158 109 197 64 117 51 145 78 181 145 123 112 60 114 48 168 68 96 23 66 35 112
8 164 90 72 49 187 12 169 51 197 54 102 119 112 64 28 185 133 90 46 152 49 56 181 195 127 102 140 37 90 119 189 140 81 80 88 121 176 56 67 146 122 10 168 151 120 191 181 155 130 47 56 191 104 28 72 63 56 134 161 61 76 193 55 158 35 67 49 184 168 155 103 186 115 198 194 96 150 28 148
12 107 45 85 138 94 24 142 94 147 187 185 23 116 112 141 180 118 190 110 161 5 133 22 90 137 188 97 91 78 150 193 72 100 167 136 186 181 49 177 162 5 135 167 148 148 184 20 189 165 3 151 160 135 47 103 141 88 48 1 153 108 134 164 70 198 32 28 199 88 195 153 110 163 169 58 35 114 35 52
136 165 141 83 40 137 142 192 11 106 88 17 118 108 86 122 9 72 38 75 135 25 88 49 130 107 37 68 18 17 134 54 183 158 90 144 69 41 96 142 147 192 63 125 45 99 61 175 3 167 172 13 200 113 160 35 161 114 152 13 199 34 90 139 186 66 175 188 184 147 21 190 25 143 50 131 78 116 110 172
84 125 176 40 111 63 128 20 127 15 22 182 108 137 163 87 106 182 111 198 12 199 138 132 170 170 66 133 28 185 54 72 198 13 33 138 169 38 145 106 13 120 153 54 13 91 52 198 126 182 29 109 119 9 53 35 107 198 144 53 43 5 200 35 110 32 189 157 109 73 22 78 20 98 136 119 73 137 28 103
87 2 107 67 162 90 175 163 87 195 100 195 154 72 31 165 190 49 115 133 172 93 23 21 125 60 183 166 161 99 121 119 146 157 72 133 187 42 182 74 173 97 82 31 65 113 61 40 6 129 94 173 98 185 19 45 95 121 25 143 161 101 44 54 104 189 1 131 151 27 116 182 11 161 131 13 31 137 121 190
4 75 55 53 114 104 119 51 173 176 2 111 70 85 62 8 194 96 53 65 75 108 92 15 158 121 140 37 3 113 124 143 184 7 134 59 153 146 20 50 50 55 116 58 1 54 24 122 152 75 143 200 11 132 79 191 45 63 47 188 10 188 140 166 57 108 34 143 200 174 97 169 155 32 74 151 8 109 36 185
95 127 130 35 74 136 71 73 106 40 55 110 22 87 76 102 140 132 158 180 53 89 129 113 102 75 149 24 185 119 40 189 76 34 24 61 149 167 6 114 161 71 121 94 170 92 113 195 34 75 197 99 114 164 155 8 155 51 198 5 99 149 113 35 147 159 69 57 120 174 146 48 189 158 101 105 159 2 112 175
103 58 61 87 90 76 35 44 169 120 33 172 34 143 100 20 133 78 185 153 163 61 93 35 145 151 158 102 6 113 19 187 196 23 106 173 70 144 129 47 140 140 178 7 36 140 194 41 178 194 160 191 180 71 57 117 10 105 96 43 199 88 90 140 155 189 172 190 46 200 120 99 76 143 73 135 95 73 189 109
24 89 186 140 160 165 199 87 36 34 51 68 99 93 145 103 116 150 117 94 106 177 72 96 139 179 45 49 59 127 111 176 41 130 19 130 72 133 40 92 55 98 186 128 74 31 124 200 39 159 163 114 193 195 27 146 165 159 19 191 187 94 3 23 179 86 177 200 105 3 73 51 139 166 140 90 28 111 28 177
35 152 57 81 7 97 34 53 109 187 151 174 145 111 114 184 186 159 89 116 126 185 58 8 102 157 69 3 150 136 87 75 74 15 175 146 52 167 38 53 35 12 81 117 23 119 183 127 125 145 65 1 39 125 173 147 170 133 19 117 89 189 94 129 195 161 164 47 170 112 153 128 35 118 152 186 92 176 119 183
89 88 14 199 168 71 153 3 33 22 98 75 38 87 7 22 98 190 126 168 199 86 148 131 163 163 100 169 162 158 90 115 195 63 17 53 22 22 5 200 174 43 168 177 133 196 159 36 90 180 83 131 40 69 48 75 170 150 38 110 185 67 104 176 79 147 43 111 171 5 45 88 128 171 99 140 115 47 50 171
43 1 123 130 152 36 104 57 78 40 48 13 7 183 28 123 83 104 159 62 179 138 106 129 187 123 50 9 25 147 16 166 61 6 48 38 27 123 66 176 118 5 160 115 136 148 101 193 80 106 56 82 26 108 180 139 69 129 159 152 52 21 131 95 36 65 67 107 179 71 17 6 132 163 140 63 30 101 6 80
11 85 181 196 199 71 125 113 59 4 57 30 30 194 139 43 21 156 7 116 67 88 110 68 158 51 22 64 141 13 134 15 189 143 91 1 20 4 37 85 125 82 138 106 23 140 58 64 54 143 81 25 5 136 54 147 191 16 149 189 43 53 135 183 1 130 3 49 124 18 46 125 82 86 51 187 98 114 59 127
133 45 92 110 197 141 135 75 173 69 75 19 80 81 161 4 119 116 56 23 153 148 21 40 1 162 146 119 12 165 27 166 35 190 196 30 55 159 166 53 169 67 140 122 156 170 57 156 21 20 99 160 105 18 51 69 176 176 113 146 43 85 197 174 64 84 194 3 119 78 22 145 139 153 106 39 76 181 165 35
33 186 12 198 122 84 78 116 73 5 184 188 47 83 167 135 119 109 42 77 57 75 150 131 163 83 137 194 145 92 143 14 17 15 83 163 27 133 190 153 166 103 55 87 118 29 61 5 78 155 103 79 45 172 132 193 30 68 196 100 89 99 193 143 87 74 145 105 41 57 160 63 68 140 74 167 173 124 38 190
38 26 140 196 103 168 47 32 63 11 187 101 51 155 140 123 181 149 114 20 83 67 148 182 120 83 40 14 168 22 122 112 175 90 150 85 56 70 40 148 8 121 196 66 6 59 39 173 175 194 191 96 41 140 94 86 22 66 80 53 127 40 14 5 125 82 87 107 111 57 100 155 33 12 81 136 200 160 73 62
85 90 177 200 63 145 11 122 47 94 156 80 59 144 33 141 187 139 12 9 58 126 199 114 162 112 63 198 53 122 28 39 16 84 180 74 71 153 103 88 26 59 36 56 26 87 159 35 162 108 157 19 43 101 18 90 4 182 31 28 88 83 139 55 138 13 4 135 52 88 180 146 13 90 45 54 133 47 58 108
131 93 193 67 25 56 190 160 87 53 41 39 175 22 13 191 29 143 53 175 100 74 179 73 105 146 115 159 42 89 73 3 182 81 45 181 4 160 183 78 61 152 174 94 11 5 170 148 96 98 172 123 151 56 29 29 59 168 5 169 46 102 37 30 148 169 188 172 157 20 132 30 10 97 101 49 63 88 109 54
87 196 45 114 140 60 18 130 89 183 28 47 160 22 22 170 126 157 51 80 187 61 72 128 43 83 113 84 181 185 122 7 93 193 191 54 196 66 55 54 42 191 126 142 102 49 6 175 6 60 6 81 151 26 147 40 138 141 180 4 54 40 142 50 27 127 124 39 125 18 172 52 73 139 100 155 133 31 160 66
129 50 19 51 71 65 10 41 30 4 44 148 137 77 184 152 29 4 67 141 107 115 134 2 133 87 88 72 88 85 59 140 22 129 50 22 113 150 18 196 49 144 24 7 144 159 117 100 27 94 81 187 27 62 166 95 121 50 103 38 18 173 182 84 58 188 36 184 89 151 134 57 168 3 156 187 155 107 50 15
51 99 21 30 84 4 149 116 94 20 174 48 112 188 71 93 123 54 186 193 166 119 116 193 121 95 120 84 120 164 55 88 196 111 16 101 159 25 122 150 40 36 21 134 80 6 189 84 88 178 200 114 192 145 75 19 73 95 95 75 112 66 71 63 156 5 58 78 86 179 159 136 192 89 53 161 170 125 27 60
53 17 69 41 159 46 55 75 27 125 45 3 66 135 95 84 2 172 112 67 130 20 77 60 113 119 16 6 28 143 131 65 52 82 65 169 68 165 150 164 150 135 77 66 141 10 155 195 68 157 50 60 8 42 129 101 123 34 7 191 85 118 106 167 67 169 90 3 67 10 197 71 123 5 185 86 66 185 148 2
34 106 155 133 103 44 43 120 160 16 42 118 100 181 80 16 21 80 54 89 99 82 158 100 114 191 124 64 139 161 81 131 98 71 27 67 45 117 78 119 102 40 143 123 99 128 147 136 138 170 63 149 163 180 147 116 111 20 100 164 31 26 34 21 179 184 59 50 186 32 138 197 131 125 136 30 171 40 199 194
60 172 158 49 156 88 73 138 128 104 177 24 94 94 193 163 84 72 43 95 20 67 126 109 97 117 76 133 191 86 99 131 198 152 184 139 60 66 176 14 90 68 180 131 177 115 148 159 34 188 108 50 105 66 100 130 87 58 5 46 42 193 95 105 72 67 26 155 144 70 138 99 55 88 160 73 169 12 40 73
34 14 181 8 65 167 199 190 52 95 117 1 124 51 64 20 150 17 78 111 8 109 173 24 102 86 175 93 156 147 176 141 23 42 98 95 6 31 91 9 185 150 59 177 131 58 82 200 199 159 13 183 64 156 46 186 151 19 102 31 69 151 17 44 64 22 95 115 107 118 53 73 48 96 189 153 14 34 196 73
90 106 120 24 101 170 31 41 154 14 163 84 143 126 89 139 96 79 67 12 200 156 39 7 89 152 55 184 174 65 93 54 191 190 53 183 171 118 134 76 15 71 93 60 193 101 88 24 18 94 112 36 53 88 188 45 97 64 39 182 194 157 139 73 176 167 156 4 200 39 195 62 94 88 83 21 135 2 14 72
149 50 175 69 15 54 170 83 142 65 37 173 57 53 109 45 32 25 124 64 153 142 99 105 170 65 182 109 200 180 47 111 185 47 152 165 179 183 140 128 110 84 72 86 80 22 42 119 72 51 18 102 24 69 85 181 199 53 38 96 21 149 23 163 35 171 105 180 104 143 170 94 74 20 126 67 62 108 41 1
7 25 67 39 50 19 23 193 97 122 69 70 144 193 184 48 103 73 38 166 176 130 20 59 53 34 181 97 118 48 84 102 95 190 93 31 77 40 76 153 18 126 77 21 143 134 195 16 130 38 128 145 176 89 75 147 129 58 22 59 157 71 52 171 193 1 158 89 137 61 143 62 21 48 117 1 174 182 134 106
101 12 4 10 106 4 118 67 19 176 11 133 65 176 9 106 38 54 20 178 7 119 145 144 64 19 104 106 175 69 25 98 41 125 82 191 41 166 52 165 173 31 146 60 147 179 142 181 186 2 200 32 152 113 83 142 2 58 113 137 72 35 152 198 66 86 46 6 46 44 2 196 164 141 87 54 185 148 174 130
130 98 33 61 69 46 25 192 187 133 105 95 173 161 63 131 26 26 182 179 121 197 70 83 122 118 41 35 48 159 33 21 34 24 85 189 57 6 59 6 119 135 187 53 76 55 28 51 140 137 6 110 58 59 124 170 117 189 98 97 114 107 149 182 47 177 135 111 7 124 27 116 21 153 79 11 195 149 187 189
87 11 128 123 200 136 192 155 28 38 70 177 59 13 133 17 175 98 101 11 181 184 73 8 100 134 72 107 178 75 57 79 169 181 172 95 144 182 31 69 170 94 131 175 48 20 112 55 4 109 19 71 156 106 13 23 54 37 132 116 31 52 127 111 159 98 194 121 1 177 74 193 156 72 116 130 144 157 41 53
181 53 46 117 125 87 190 109 14 120 122 32 112 146 8 156 108 99 63 98 86 147 173 37 66 73 191 156 132 21 4 127 38 114 148 84 101 174 52 120 32 47 187 166 168 4 14 35 85 148 14 91 150 187 48 97 117 163 56 51 24 131 150 161 70 150 179 149 178 40 157 164 15 62 54 38 125 112 41 154
154 147 148 83 62 158 33 119 35 140 127 112 138 180 183 166 114 143 13 109 66 88 127 31 88 74 30 20 169 154 136 112 5 3 128 65 170 112 120 18 109 104 130 92 108 176 144 83 196 126 179 152 80 151 171 99 177 175 91 17 141 44 34 131 159 177 184 20 160 41 7 123 37 36 28 87 111 97 158 197
168 73 92 90 90 19 49 194 188 7 101 67 52 77 98 195 120 63 112 16 187 121 157 99 65 123 185 70 55 127 91 4 137 66 29 157 134 169 130 44 39 157 190 87 124 114 150 149 50 127 94 103 193 100 44 122 195 113 169 51 14 120 101 84 112 128 161 35 98 104 49 107 2 101 140 83 170 124 50 181
74 80 160 16 74 3 154 48 40 119 124 118 190 179 193 1 70 200 191 152 114 143 191 60 9 56 46 90 42 12 195 100 153 198 44 148 114 103 135 139 135 103 200 52 104 174 199 70 8 65 170 89 19 41 37 100 98 75 173 157 4 144 61 80 96 156 105 184 20 164 130 82 52 118 130 132 13 1 167 161
116 165 77 194 176 94 135 180 64 38 46 34 175 9 89 110 144 191 37 85 174 23 28 184 123 117 165 169 196 30 156 20 197 166 28 130 67 15 59 76 174 179 53 194 50 134 150 89 11 62 50 176 127 182 185 71 164 149 128 133 181 175 69 79 96 100 44 177 68 114 73 162 75 196 69 191 179 18 156 178
179 110 148 200 30 116 26 26 114 27 185 104 22 82 162 165 131 157 196 75 22 100 165 150 81 100 113 32 47 78 63 26 105 166 25 58 116 140 100 90 109 142 124 152 180 64 174 85 23 54 199 114 158 199 55 74 129 176 39 176 152 105 158 58 193 28 32 75 161 87 78 29 88 155 22 196 191 159 118 153
110 165 72 102 40 71 84 67 138 95 45 98 44 2 44 175 181 103 17 113 111 21 60 75 126 46 200 63 157 28 81 131 9 105 153 77 15 94 147 175 165 14 52 126 49 15 167 127 183 31 134 57 184 77 162 187 106 43 118 130 41 142 166 165 188 74 183 17 93 151 27 168 169 127 162 19 186 12 29 71
65 62 129 188 189 132 12 109 122 182 68 154 191 73 11 105 147 166 86 193 88 145 42 69 6 169 39 82 116 72 81 66 46 110 141 175 78 124 132 161 197 74 90 151 46 151 10 186 174 128 175 68 174 90 53 152 55 31 1 11 69 181 198 48 160 132 185 75 168 155 192 80 146 198 32 200 13 131 163 122
149 7 120 159 98 24 117 176 102 173 112 35 92 171 99 157 47 158 125 26 6 70 191 70 22 118 183 125 58 190 17 195 88 101 183 22 85 32 19 76 126 141 72 63 157 40 123 17 145 43 61 69 19 65 136 107 198 146 59 200 49 78 182 149 54 199 12 143 88 121 189 177 193 22 92 183 77 139 26 152
195 80 108 6 155 145 143 75 39 67 91 115 94 165 53 179 49 7 77 113 140 138 36 194 57 31 146 183 143 134 144 164 172 164 47 46 145 33 188 73 197 23 7 129 168 62 7 132 118 104 190 165 154 167 197 45 12 7 98 183 50 81 102 188 198 141 137 119 27 59 19 77 79 156 38 85 170 172 173 180
185 54 47 86 32 195 2 141 12 57 36 142 108 149 19 67 93 12 52 166 123 57 109 68 62 135 117 137 105 128 182 117 16 87 88 11 180 16 37 32 160 180 159 176 47 12 190 134 29 92 117 21 19 153 136 129 63 199 13 15 7 153 131 67 39 173 6 40 185 190 197 143 172 99 128 158 118 45 73 72
61 165 79 163 126 146 51 98 175 155 137 43 79 175 54 114 187 196 186 5 65 94 16 199 120 43 54 27 188 164 133 50 88 119 117 183 15 123 149 36 95 71 132 9 5 19 168 11 28 66 88 67 154 136 141 111 84 79 180 70 170 176 78 50 25 111 97 164 130 149 93 92 169 21 116 64 113 142 83 96
39 81 153 183 155 120 195 99 171 73 141 157 112 140 74 43 64 85 26 34 19 176 7 30 86 36 83 163 176 174 3 120 68 7 141 98 184 54 111 129 146 51 191 100 39 139 185 144 131 93 169 29 8 80 150 78 16 150 35 159 196 95 118 31 116 120 54 129 170 187 177 178 46 167 75 56 118 173 4 95
123 196 109 157 190 15 163 158 19 199 41 172 119 23 161 71 107 156 141 173 181 65 42 38 160 33 124 81 147 198 154 144 192 31 10 82 58 145 175 9 137 80 110 175 79 36 155 157 135 43 132 144 119 72 38 91 178 28 57 81 120 28 131 89 28 37 200 57 60 132 159 72 185 88 189 171 128 5 29 163
105 82 93 78 187 18 191 17 179 113 152 64 110 104 173 145 180 135 181 55 146 57 58 133 90 120 129 75 169 4 45 102 3 114 167 20 180 123 198 29 88 147 33 30 7 12 191 96 136 117 23 5 12 35 75 3 183 124 101 187 75 48 111 137 57 39 175 189 16 94 92 74 89 54 118 54 66 47 174 140
5 139 191 174 161 55 174 33 57 46 109 92 1 86 141 66 123 136 121 8 196 3 192 99 62 74 84 61 12 186 78 60 131 43 33 178 65 46 167 150 48 108 92 123 98 42 67 39 168 7 130 145 195 100 85 155 8 192 157 144 140 154 57 25 186 46 200 54 160 99 115 56 6 64 178 128 93 43 186 189
1 7 110 152 152 186 198 177 160 125 143 171 178 98 26 141 144 200 129 117 110 120 44 57 119 84 133 119 129 170 100 131 36 129 11 96 158 106 199 83 192 179 109 149 139 45 63 112 18 81 94 148 183 188 76 133 99 120 55 30 28 55 21 124 38 126 42 97 123 46 187 69 89 149 2 115 187 122 167 19
78 16 114 137 17 113 67 40 131 156 174 70 83 70 52 103 84 117 25 37 171 36 38 68 140 38 9 11 111 50 12 127 175 65 95 160 149 149 81 163 36 85 88 194 45 10 187 116 113 95 190 143 69 199 155 178 28 195 136 128 107 153 192 66 90 188 71 85 62 82 185 20 15 144 41 3 184 6 9 42
49 50 130 174 142 42 116 181 104 60 40 172 77 192 57 48 7 57 186 122 170 76 101 1 26 95 90 36 56 137 175 3 35 83 20 10 138 9 53 134 183 20 137 136 97 101 36 182 76 165 185 94 77 159 179 91 82 108 59 172 192 86 12 73 59 116 124 118 115 25 41 62 200 176 18 76 131 133 99 170
90 10 158 92 138 186 86 176 122 153 5 23 191 183 42 21 153 158 55 197 178 125 2 199 33 110 159 120 26 198 183 109 94 164 42 151 199 138 40 3 66 110 57 64 33 35 78 148 45 173 55 62 194 190 59 144 157 3 175 191 179 51 169 95 195 181 58 156 132 39 54 20 47 1 152 197 38 88 150 135
46 149 163 116 152 143 164 50 87 151 76 70 113 102 137 175 116 183 100 78 199 6 61 190 81 137 86 157 33 100 149 77 56 83 17 25 162 143 44 141 34 107 1 18 107 17 192 37 42 142 58 61 54 199 84 34 175 95 30 73 112 92 173 24 81 26 171 186 118 127 50 131 18 32 132 111 139 86 196 152
121 142 48 96 38 129 41 50 49 49 153 174 148 166 170 69 68 33 24 98 76 46 140 136 21 6 129 144 41 173 76 33 191 105 159 43 72 73 63 127 174 92 44 60 150 87 187 200 163 65 144 63 80 165 49 137 137 60 132 46 181 128 119 134 192 200 61 89 193 154 64 180 50 98 171 33 177 5 158 70
82 110 29 112 35 184 139 156 195 109 138 130 83 53 76 29 133 134 94 68 55 119 185 69 197 50 168 47 17 195 15 169 23 78 74 3 86 151 25 72 35 37 196 65 170 155 16 182 162 65 11 56 48 73 132 19 5 157 155 10 157 97 54 119 154 184 167 145 56 99 62 44 66 50 96 140 44 142 97 176
160 108 17 131 166 200 140 146 71 14 131 48 69 127 55 78 86 175 110 66 151 162 27 155 64 186 3 185 42 125 5 163 14 198 33 117 166 73 176 47 79 58 59 147 192 197 48 145 145 53 2 184 113 101 9 89 39 92 72 174 155 134 157 111 165 111 18 110 55 42 53 112 182 83 69 176 177 18 191 109
