40 	
44	54
1	8	4	117	5	
1	1	5	114	3	
1	8	3	28	6	
1	8	3	148	1	
0	1	3	84	2	
1	4	5	131	7	
1	5	1	78	4	
1	2	7	126	4	
0	1	7	14	6	
0	5	3	60	9	
0	9	3	27	8	
0	8	9	142	7	
1	2	9	65	2	
0	5	3	87	3	
0	3	3	14	6	
0	5	1	55	5	
1	7	4	132	1	
1	6	5	82	1	
0	8	5	150	9	
0	2	5	93	6	
1	2	3	99	4	
0	9	2	139	8	
0	5	7	34	9	
0	5	8	2	9	
0	9	9	157	4	
0	1	7	180	8	
1	5	8	190	4	
0	5	6	27	3	
1	8	7	53	7	
1	4	9	8	7	
1	5	1	72	8	
1	9	7	116	2	
1	8	8	148	8	
1	2	1	193	1	
0	6	4	6	7	
0	1	2	142	3	
1	6	5	7	1	
0	6	3	76	6	
0	9	6	62	2	
1	2	6	26	1	
59 70 171 185 107 22 108 38 194 152 40 40 188 30 82 75 122 18 4 87 86 15 194 105 134 131 80 150 19 128 195 48 39 109 166 130 58 61 108 141
148 82 88 48 35 147 27 17 174 190 158 64 106 107 194 73 159 72 35 23 86 80 154 133 50 31 128 185 69 156 188 33 199 46 135 162 102 186 20 180
113 198 177 117 65 50 104 127 134 63 143 98 122 70 190 169 35 10 113 31 99 26 1 51 136 57 87 148 13 188 14 140 25 115 191 58 155 47 87 149
68 19 10 168 5 198 24 62 180 47 71 32 185 112 112 19 134 45 75 101 166 5 29 63 45 47 45 160 81 12 74 169 101 144 164 2 197 189 123 187
169 40 58 163 147 62 60 77 3 12 182 166 59 189 143 42 40 104 92 176 180 29 129 57 178 86 55 69 32 131 184 93 18 98 180 149 16 145 171 180
61 14 170 31 48 26 144 186 19 129 14 153 8 168 43 43 173 79 114 194 150 67 176 37 191 54 39 120 172 198 149 146 174 14 125 100 63 152 155 126
124 89 19 8 110 34 6 76 119 188 186 27 130 38 59 183 162 137 56 121 156 151 105 44 200 160 13 52 143 138 146 105 58 151 1 184 119 44 108 176
107 107 199 10 85 48 48 84 174 184 53 98 27 139 183 14 143 147 185 141 81 81 191 30 127 40 80 107 119 156 191 3 200 77 111 33 62 71 161 193
58 80 167 187 183 8 194 138 68 103 31 83 129 83 154 71 101 8 112 168 26 192 22 82 65 187 144 191 34 149 119 64 43 150 113 114 163 98 180 71
11 148 6 54 121 83 194 38 56 119 143 134 58 55 200 115 128 68 19 190 141 69 91 196 39 69 35 66 52 25 107 172 196 179 78 129 171 33 194 195
99 73 121 122 174 41 9 30 174 31 36 151 148 91 98 192 170 56 155 45 20 90 94 191 120 59 123 90 138 167 74 96 148 24 73 141 23 76 146 96
20 170 59 138 39 156 127 98 87 40 103 31 51 24 45 70 26 102 146 115 8 172 129 74 197 61 161 14 85 75 87 23 44 26 153 192 15 155 101 137
53 121 93 158 108 134 87 123 54 21 172 27 7 196 42 147 37 143 62 142 160 61 57 19 107 190 16 160 129 192 178 59 131 42 29 33 25 1 193 146
38 195 94 43 167 35 185 180 123 197 28 69 39 133 52 155 109 155 29 133 135 10 15 144 178 14 135 130 36 42 185 125 2 108 5 193 57 46 37 10
28 134 128 63 149 33 150 22 71 102 7 82 47 56 63 53 13 81 80 93 157 110 60 131 20 199 121 98 71 16 198 193 145 128 136 183 158 71 171 190
33 21 146 20 84 62 39 62 90 149 83 130 96 100 133 187 104 20 183 79 199 125 195 9 170 52 105 137 119 150 68 126 109 154 69 50 104 174 27 26
162 84 112 128 117 67 75 34 109 159 94 97 135 145 43 70 174 172 59 4 154 194 123 79 169 70 41 60 174 143 119 114 136 104 194 13 120 173 121 61
31 31 145 16 11 65 118 60 87 35 8 170 44 184 101 18 112 68 127 79 102 93 99 29 23 111 22 24 99 188 26 68 132 3 43 29 149 137 111 124
122 97 121 65 172 109 185 22 165 38 31 185 3 126 106 114 86 14 29 138 162 11 184 96 199 94 130 85 114 163 194 16 129 40 151 42 115 184 59 40
13 103 99 47 200 163 83 190 68 95 180 67 161 107 34 83 126 21 188 189 34 6 49 170 41 55 94 40 79 133 86 60 168 134 193 25 92 196 105 140
76 107 150 165 33 55 33 52 37 118 109 100 8 129 198 21 4 184 86 111 38 122 143 61 56 151 103 45 66 33 163 140 190 17 39 196 144 113 197 191
48 166 116 33 172 184 112 19 137 66 104 119 69 190 116 82 153 184 14 153 200 189 147 46 51 146 170 88 109 12 27 71 57 133 195 105 19 195 35 10
29 137 90 78 27 56 141 50 67 114 5 18 190 121 131 157 22 1 149 135 160 104 32 91 167 187 150 29 66 166 166 141 167 37 83 119 156 100 75 118
43 128 160 68 137 140 39 61 130 113 125 163 110 32 70 98 199 112 61 25 124 73 58 153 60 121 149 194 81 189 189 86 29 189 106 132 152 79 25 123
187 161 188 52 20 35 183 173 130 128 76 63 90 55 42 190 143 152 176 173 128 96 120 132 44 10 39 176 171 81 176 38 102 68 141 24 123 75 75 160
179 161 108 117 65 59 177 39 41 185 78 105 107 16 129 93 57 55 183 43 158 111 57 159 174 42 146 156 101 44 155 63 172 74 154 26 89 143 7 177
125 178 86 49 135 193 26 175 54 82 25 132 137 23 199 58 33 18 184 119 125 37 199 74 30 37 136 149 34 30 141 109 160 161 170 179 154 169 198 109
148 22 129 33 86 84 139 83 120 124 66 161 172 48 15 33 18 177 16 153 166 122 192 45 152 47 186 171 34 142 88 5 58 140 73 21 46 155 18 143
64 150 64 200 40 92 157 34 78 13 196 8 14 101 54 19 164 195 38 154 68 54 188 54 87 3 152 10 89 33 10 183 20 129 104 122 7 90 1 109
112 74 168 11 33 84 152 182 80 1 56 134 24 117 177 160 155 83 64 191 67 11 118 156 167 166 85 75 27 86 3 145 90 52 145 55 81 75 165 80
121 20 59 55 57 93 59 179 200 67 1 97 137 2 130 125 162 143 108 192 84 152 2 67 183 108 157 61 64 91 38 116 23 183 120 158 173 188 35 164
30 193 185 120 53 50 171 192 53 84 125 17 50 199 1 6 144 58 171 101 142 91 153 155 144 38 185 191 192 116 58 191 25 15 15 122 160 118 51 119
6 159 161 103 169 147 11 98 171 32 167 56 167 180 136 57 173 74 40 59 2 169 100 36 168 121 153 115 34 8 83 130 75 53 185 176 127 10 44 151
117 100 67 168 183 124 13 47 153 81 193 9 82 98 196 90 79 42 172 101 7 24 111 126 104 139 40 199 144 198 158 182 87 178 103 166 192 55 196 64
137 15 109 3 60 27 167 134 41 46 103 136 75 155 197 105 143 134 67 20 93 127 120 17 182 200 56 164 84 143 196 125 83 34 89 130 55 103 56 34
16 44 112 32 26 10 94 69 184 189 73 8 45 57 147 188 35 115 166 56 180 68 34 53 169 18 28 63 184 30 146 116 77 95 69 28 147 137 65 49
155 100 63 101 72 82 195 74 82 76 117 5 124 170 92 1 79 112 31 104 114 86 164 148 174 64 84 161 117 89 114 40 192 31 87 16 171 68 168 175
35 78 172 114 106 33 95 92 118 25 30 97 33 121 61 172 83 20 181 73 17 17 181 19 17 122 166 136 39 139 29 169 71 193 53 1 87 57 35 85
130 23 89 8 183 107 9 64 47 141 63 119 172 129 63 21 184 49 59 107 75 164 18 127 151 121 82 181 192 147 118 77 196 150 119 95 156 175 79 102
73 172 77 118 5 77 128 157 48 140 108 18 100 61 193 191 4 123 62 109 199 84 84 123 53 183 140 184 50 139 193 130 80 73 31 129 27 136 7 166
70 136 50 133 49 177 168 10 183 199 69 55 63 178 81 75 187 41 145 60 160 169 132 60 70 84 42 197 107 54 110 168 18 53 180 63 49 39 166 190
