60 	
24	58
0	91	2	2127	9	
0	39	1	1399	9	
1	97	6	2677	5	
0	75	1	2198	9	
1	63	2	1697	1	
1	45	9	213	3	
1	76	7	1893	4	
0	39	4	1484	4	
1	59	7	1092	3	
0	7	2	60	8	
1	10	5	2336	1	
0	95	6	1064	7	
0	87	3	467	7	
1	22	2	2313	6	
0	70	9	1734	4	
0	67	1	379	8	
1	1	2	1099	9	
0	33	1	848	8	
0	95	2	1878	4	
0	3	4	2794	2	
1	32	3	1161	2	
1	37	7	2721	8	
1	41	4	465	3	
1	30	2	73	2	
1	35	6	488	7	
0	21	5	2748	1	
0	67	3	2455	5	
0	67	9	743	4	
0	36	2	2244	6	
0	25	5	677	9	
1	32	4	172	2	
1	54	9	485	1	
1	7	8	2778	9	
0	77	8	2409	3	
1	72	3	18	2	
1	57	5	292	3	
1	72	7	2039	7	
1	1	9	1467	5	
0	79	6	837	7	
1	78	5	420	9	
0	51	6	587	1	
1	30	2	599	9	
1	27	8	1785	2	
1	15	2	398	7	
0	56	9	38	6	
1	50	7	2661	9	
0	50	6	213	1	
0	43	1	2272	2	
0	41	5	1058	8	
0	85	8	439	7	
1	56	1	2385	1	
1	41	2	2619	4	
0	32	1	2658	3	
0	53	1	297	6	
0	61	2	2625	4	
1	12	1	2369	5	
1	19	9	2793	6	
1	18	4	1764	9	
0	11	7	930	5	
1	53	1	52	6	
161 90 108 84 45 191 103 82 36 22 77 12 33 63 146 49 59 162 69 124 68 196 97 75 67 3 57 115 137 109 139 175 160 102 21 146 90 6 153 66 91 86 135 33 63 80 192 15 90 5 34 101 193 40 129 182 178 88 127 186
1 122 178 82 40 165 122 148 187 87 10 191 30 29 151 5 76 178 32 46 192 5 107 126 83 105 92 194 43 5 70 117 147 88 106 37 95 44 86 158 69 171 40 200 36 124 15 141 85 190 29 53 17 94 146 200 159 73 107 166
91 94 73 126 93 164 166 189 145 98 132 166 160 119 15 18 10 181 97 28 40 187 80 96 145 87 62 115 120 5 14 121 6 125 75 193 4 159 172 103 88 99 148 127 112 91 67 109 72 1 150 69 190 44 66 139 193 132 13 133
57 158 106 167 38 95 6 89 73 140 42 16 119 69 47 75 82 116 91 29 17 194 132 167 80 84 24 55 113 44 64 66 166 1 157 67 13 105 192 124 42 88 162 119 107 197 122 155 132 26 102 166 92 178 187 68 196 95 67 186
14 184 122 173 82 198 128 193 40 61 97 89 91 19 79 55 114 181 50 188 89 158 26 99 70 67 33 34 142 75 188 11 132 108 82 4 144 198 186 169 3 176 52 20 136 73 111 69 108 34 200 142 14 141 45 57 68 147 52 149
87 128 193 10 86 189 109 193 5 132 162 20 47 148 107 46 185 21 184 3 32 188 133 142 40 55 28 120 29 184 183 58 97 15 137 115 72 160 23 78 67 175 10 66 183 125 87 50 93 175 60 27 150 39 174 8 31 89 172 48
51 44 9 137 199 62 42 152 60 200 81 31 119 138 171 142 191 132 161 103 171 61 89 8 124 78 38 142 123 161 48 165 15 15 118 64 122 151 12 168 31 158 135 101 124 175 160 6 66 145 14 96 139 74 88 180 37 126 33 144
132 158 57 198 130 118 116 97 20 11 54 123 138 89 190 88 113 175 164 114 79 138 82 149 45 168 130 162 112 14 24 127 84 22 168 187 35 120 62 103 95 154 68 11 69 159 8 40 174 150 43 109 189 81 91 102 171 175 200 156
10 26 62 77 136 149 122 114 5 19 165 67 173 148 78 160 120 69 154 4 167 70 72 193 94 163 28 127 7 55 12 20 200 108 35 166 141 195 88 110 128 135 76 141 115 36 64 30 197 101 8 122 163 66 2 73 80 110 131 160
199 57 14 73 66 155 102 46 124 25 2 93 161 168 136 99 149 4 28 162 189 37 190 123 45 55 105 161 66 180 40 147 100 30 53 144 86 155 8 98 119 44 40 200 192 139 122 126 182 56 71 32 14 7 177 32 76 29 11 199
75 34 70 67 54 76 51 10 21 44 130 114 91 118 89 122 167 59 36 159 193 90 136 92 108 200 43 85 171 76 134 100 75 102 91 171 125 101 148 64 11 188 99 46 54 67 74 83 84 93 47 89 149 157 27 136 54 78 175 140
188 15 35 76 128 10 117 150 185 104 70 124 155 69 74 58 178 52 110 108 131 121 8 173 21 36 64 198 183 139 165 152 142 127 176 124 188 94 79 40 8 36 134 12 197 75 144 101 114 59 175 139 65 150 35 80 96 80 165 10
95 70 149 127 63 62 181 175 100 95 171 53 12 57 28 138 184 128 160 40 106 35 171 171 67 178 123 149 189 145 200 87 156 4 13 73 59 62 40 105 87 198 158 24 116 30 166 8 102 83 82 175 45 15 137 121 17 145 172 181
159 60 131 33 116 58 196 13 144 128 122 9 152 137 22 104 138 27 147 24 47 10 153 111 42 156 69 3 32 81 79 50 48 51 75 67 46 40 83 191 158 153 173 120 173 104 67 45 17 190 41 188 196 11 56 6 194 75 187 188
125 68 185 84 93 1 152 163 136 93 14 172 137 159 45 101 124 45 116 150 113 24 189 164 107 55 130 199 16 85 174 65 191 30 194 155 154 85 168 110 183 24 51 105 59 26 76 136 121 86 61 184 163 127 162 13 155 190 200 80
50 94 145 126 20 185 179 41 182 53 67 63 16 86 192 163 55 176 134 20 87 174 105 52 186 190 54 21 174 163 198 37 97 25 30 148 2 189 82 186 49 62 156 151 20 135 114 139 61 27 192 153 200 6 93 151 194 25 178 65
67 43 95 52 81 140 28 56 185 72 55 87 106 188 151 149 31 26 27 84 111 185 139 157 59 43 49 2 136 6 30 75 13 107 84 145 10 133 11 96 27 151 88 173 34 172 103 191 31 36 93 53 48 136 49 180 28 93 157 72
48 81 161 196 57 158 94 37 16 48 102 101 58 150 151 64 112 165 16 37 200 67 155 49 160 198 83 141 140 93 145 126 50 36 188 117 1 112 99 189 143 127 156 170 106 16 94 167 136 194 146 8 1 27 163 106 55 119 2 57
1 60 173 7 83 187 93 41 123 72 24 120 168 12 178 79 131 50 133 149 69 101 9 149 92 161 53 31 200 186 124 129 186 146 157 56 27 8 187 137 164 26 163 163 65 55 161 169 156 170 141 36 15 103 16 50 64 112 24 86
65 10 182 175 159 4 11 57 178 135 116 98 3 138 123 195 75 196 147 174 59 98 148 14 19 194 168 190 126 106 16 51 80 94 149 83 58 145 165 142 53 35 19 186 177 132 37 82 159 76 196 172 40 168 71 15 196 118 75 43
109 73 178 108 200 37 4 169 153 143 99 183 106 92 78 197 69 71 78 12 22 93 17 200 160 148 125 154 174 132 136 39 25 115 170 133 45 72 194 173 187 152 152 73 12 165 194 1 83 96 126 128 137 159 113 159 161 184 42 3
16 169 74 168 103 144 47 69 185 9 36 87 178 141 138 16 45 198 82 33 60 168 134 47 190 116 34 156 78 2 40 59 95 191 147 93 11 128 20 126 144 72 35 183 165 21 102 57 170 99 176 181 20 79 91 77 159 167 172 86
135 44 141 195 169 6 200 31 90 43 59 104 18 147 81 18 133 86 87 166 50 101 75 191 139 171 58 179 24 13 84 65 19 59 158 110 116 112 185 91 136 144 84 184 137 189 113 109 131 57 96 51 83 139 20 135 39 197 2 120
56 77 48 54 47 168 167 166 119 47 110 166 180 50 42 84 138 35 99 43 164 24 113 85 189 168 165 174 94 165 117 108 110 100 155 91 115 72 159 161 99 177 96 46 115 6 63 170 45 144 167 160 67 140 106 110 165 144 101 40
29 158 34 2 111 142 196 115 120 67 160 164 129 71 16 12 113 164 182 86 148 10 75 195 131 146 21 178 68 125 107 87 163 108 124 59 152 28 146 195 79 21 177 27 44 173 199 185 136 104 76 72 133 100 27 120 142 67 84 121
151 158 68 191 145 167 121 19 174 132 178 16 128 79 38 189 187 109 23 137 149 81 183 114 79 178 148 22 98 28 55 45 170 54 107 134 116 128 154 157 169 96 85 112 69 30 92 115 92 187 81 16 9 63 159 162 176 61 10 98
165 136 24 173 29 81 75 181 49 29 60 49 111 112 154 53 105 39 129 75 52 40 151 106 144 169 133 122 148 147 151 110 149 163 192 70 41 21 188 137 188 157 75 102 59 179 97 73 19 125 80 199 90 4 132 14 158 89 79 62
195 6 63 34 103 39 86 59 25 134 8 66 194 29 134 18 75 89 118 169 61 186 120 150 51 164 82 44 63 127 45 129 33 66 8 75 102 166 130 81 128 112 196 62 19 183 18 134 72 57 75 176 194 73 197 26 157 131 82 181
152 32 191 182 199 64 105 86 147 168 193 190 105 134 45 122 26 174 159 104 170 107 130 94 158 146 51 169 119 1 92 63 32 121 61 88 55 80 35 54 48 175 133 69 179 59 102 21 129 147 51 89 115 23 48 63 57 138 170 121
133 147 37 180 22 129 179 46 144 121 50 35 102 200 73 85 120 114 173 36 142 75 130 187 163 113 89 137 32 32 140 56 50 58 182 4 102 133 133 170 152 61 180 3 120 162 42 18 5 41 172 4 5 28 17 127 20 18 24 9
2 28 34 83 67 34 2 82 28 99 150 150 178 121 150 110 6 113 3 92 200 96 42 154 151 72 34 183 168 73 159 105 107 120 146 8 84 25 64 162 140 97 180 198 78 146 67 129 41 113 172 67 153 69 42 35 134 155 135 100
33 162 122 48 188 13 83 145 1 87 148 90 198 105 37 95 196 9 183 197 160 142 70 100 64 170 86 44 164 171 192 90 51 171 142 74 155 103 26 26 2 61 14 75 42 96 179 119 164 148 198 145 96 87 183 34 53 44 152 91
107 190 63 18 168 194 107 38 80 122 8 127 16 84 108 112 36 21 147 87 120 149 2 78 108 34 128 37 54 92 46 148 153 61 121 146 99 184 88 166 172 56 17 199 43 81 108 62 37 123 37 15 48 66 27 192 13 155 123 139
189 138 124 33 156 100 106 102 24 42 99 13 16 60 38 71 25 1 13 54 139 195 20 69 9 82 170 115 69 50 34 180 41 95 39 158 165 68 32 157 37 11 1 157 98 140 199 56 130 158 178 46 150 136 162 125 185 150 10 143
96 42 65 148 25 169 147 14 145 185 146 70 181 125 10 86 5 75 115 43 151 78 101 141 171 69 127 66 121 32 117 162 147 139 10 199 143 181 114 79 175 127 153 76 178 155 183 82 16 45 188 108 143 59 27 184 189 20 174 29
35 174 159 147 1 156 85 127 154 155 128 86 145 138 157 85 23 164 156 74 138 85 173 154 132 153 159 117 4 25 157 177 193 63 185 106 172 54 192 190 158 123 181 54 175 5 149 15 200 118 102 185 81 35 129 150 121 153 13 116
91 67 139 93 57 44 131 122 81 50 172 67 18 47 124 27 138 164 182 118 9 162 126 55 63 117 168 103 145 81 91 168 128 25 94 81 24 167 187 17 191 54 186 114 194 163 70 141 156 77 102 37 107 122 36 197 101 77 177 165
191 77 21 21 42 197 142 30 96 88 18 125 24 177 53 101 19 39 107 139 8 73 200 9 118 111 168 15 48 63 186 152 106 61 189 82 176 13 66 135 86 47 82 171 61 93 189 65 90 38 26 109 79 78 104 167 92 73 12 194
199 64 174 104 120 168 58 4 87 64 59 37 26 47 69 49 77 166 187 150 21 188 29 11 20 40 96 140 159 79 177 134 37 1 180 157 172 141 55 89 156 138 70 91 180 148 150 158 48 107 149 168 178 141 136 80 10 158 4 188
144 88 143 98 62 49 131 181 109 71 152 70 160 38 195 166 119 67 144 77 146 191 197 40 7 172 106 33 185 70 134 5 28 106 36 90 153 51 186 94 126 116 148 173 58 86 200 144 1 184 184 185 140 111 109 132 162 102 106 197
200 141 68 3 150 86 149 167 50 43 46 29 100 38 187 148 63 163 39 89 4 46 14 80 78 149 63 107 75 20 25 114 195 29 144 84 190 81 179 128 199 74 120 30 37 101 143 59 171 75 60 27 127 181 76 187 177 157 104 74
46 49 35 143 106 123 53 179 34 5 162 200 191 149 94 129 50 187 69 135 42 161 192 13 92 143 143 178 161 130 22 90 105 34 195 99 95 148 150 195 86 145 48 95 99 195 62 52 133 37 113 84 194 145 38 118 51 164 124 118
79 107 22 130 73 86 44 84 146 23 181 62 135 24 18 132 14 180 158 78 96 191 94 44 125 32 176 159 50 42 69 183 188 12 27 20 92 71 15 60 27 195 168 3 19 15 190 139 185 111 106 50 74 42 195 37 133 187 183 126
92 188 79 41 30 21 40 56 69 187 61 139 117 149 130 74 66 142 51 135 68 63 192 32 34 13 105 22 128 73 49 171 77 42 25 72 4 87 129 1 170 111 36 16 106 19 159 182 87 196 155 157 185 185 128 146 122 148 108 78
14 167 161 162 28 142 48 54 57 49 150 105 18 119 31 42 27 149 21 188 84 69 46 166 163 126 78 133 168 195 137 34 162 87 118 117 160 35 71 72 122 194 52 89 105 35 117 191 58 106 123 191 171 21 198 73 106 5 54 184
18 138 139 84 60 176 191 135 40 21 36 135 101 133 1 115 155 129 5 13 30 142 18 53 129 110 74 31 151 58 176 143 142 169 48 185 132 34 183 159 179 66 134 85 86 68 186 117 14 83 193 67 166 100 190 101 181 5 97 154
17 91 178 77 136 17 47 36 76 164 83 10 194 20 54 193 11 197 99 15 103 169 45 175 197 61 81 190 3 180 12 76 11 150 75 42 104 191 67 190 90 85 169 77 187 21 187 151 99 19 102 124 181 194 129 141 95 188 40 96
180 19 21 199 140 160 149 114 17 142 164 93 146 151 8 56 54 137 113 115 125 73 187 161 5 90 14 109 18 175 164 43 123 78 124 138 57 183 51 116 153 166 47 29 105 81 114 63 73 171 12 91 169 178 7 39 178 65 180 155
105 188 120 148 161 106 21 103 193 168 3 200 7 105 195 199 42 191 165 46 64 6 133 150 105 62 75 143 185 17 197 149 69 71 110 56 8 151 154 39 30 85 59 5 108 39 115 8 115 196 21 82 166 174 37 156 42 47 32 40
79 77 10 185 63 166 186 149 157 187 42 124 41 96 158 90 3 97 55 122 48 15 188 102 162 141 2 125 49 126 159 146 127 106 97 91 127 158 177 197 78 34 165 147 53 177 7 38 66 176 4 176 61 182 63 160 136 159 100 32
97 120 24 28 192 125 122 38 113 8 123 91 19 87 120 1 38 180 137 16 62 114 114 100 57 179 183 151 82 115 54 163 47 192 59 53 17 168 197 106 149 23 165 93 10 147 58 159 134 68 87 24 130 105 184 49 72 61 9 189
18 163 31 83 92 144 164 8 103 112 60 72 98 114 47 28 167 193 11 102 93 115 38 128 21 89 87 117 103 154 16 101 117 79 67 15 89 22 65 137 14 8 102 86 42 62 117 32 106 145 181 86 180 103 2 110 42 48 7 13
59 184 18 17 123 5 24 95 158 172 66 176 178 12 185 142 131 19 173 153 126 14 91 87 138 71 181 26 47 197 89 30 164 98 161 166 150 53 4 110 30 186 132 87 5 182 167 144 27 190 190 169 177 95 90 53 155 96 46 161
57 121 131 166 107 79 125 123 7 21 133 157 46 5 184 2 150 20 51 3 174 173 172 172 87 28 49 110 125 59 45 175 53 53 89 10 76 190 62 82 49 166 156 122 113 16 126 51 185 182 100 148 200 187 126 137 161 63 95 136
123 116 78 37 86 150 47 178 133 70 184 65 2 182 107 28 109 159 20 7 109 173 176 190 182 13 1 136 22 112 122 39 90 166 12 35 194 91 187 195 36 35 130 19 87 73 91 54 46 167 163 59 20 142 23 121 165 157 133 9
44 103 60 153 51 176 75 32 149 64 84 55 2 81 121 108 91 30 87 49 127 13 171 103 120 121 81 70 172 1 140 155 191 82 127 32 162 76 159 196 35 85 80 54 131 30 194 21 194 138 89 172 11 199 148 178 120 121 15 199
60 47 113 130 18 142 171 13 50 116 130 102 23 86 37 153 181 180 47 152 161 106 87 198 118 22 15 150 90 19 198 3 27 107 147 56 78 99 70 39 22 114 162 103 119 132 90 30 153 128 192 165 59 106 81 100 86 193 45 138
134 55 159 107 164 70 196 196 1 80 101 131 83 54 91 23 30 171 120 90 190 93 29 150 45 24 36 120 55 135 97 47 66 55 37 133 198 12 150 136 26 132 71 78 99 159 24 12 119 186 191 64 80 133 187 185 168 50 67 57
13 42 62 177 129 133 63 155 55 39 114 171 174 62 29 133 131 47 101 40 101 181 135 51 18 125 164 52 24 191 49 63 144 41 97 128 3 20 185 125 121 67 97 57 19 79 68 43 161 56 93 195 54 4 63 97 179 167 193 197
146 158 180 85 121 1 11 3 189 23 55 106 121 95 195 120 55 77 6 5 101 33 3 173 190 166 170 149 9 114 33 104 138 68 10 19 92 141 27 13 98 50 93 189 130 17 113 44 19 88 111 124 166 23 24 106 132 51 1 128
57 190 157 41 8 171 46 164 36 94 100 77 46 89 96 144 126 85 50 183 70 176 151 38 106 114 81 171 80 37 159 6 28 151 113 196 71 99 108 100 75 137 46 61 177 77 134 101 150 56 94 92 111 17 197 9 112 99 88 15
