50 	
34	61
0	97	5	2562	1	
1	78	7	1829	8	
1	5	4	1760	7	
1	88	3	388	7	
0	1	9	1992	1	
0	54	7	1640	3	
0	25	5	1205	1	
1	72	8	678	1	
1	31	6	2879	1	
0	56	1	193	7	
1	6	1	2047	4	
0	38	8	203	6	
1	71	3	226	4	
1	24	7	2389	8	
0	38	2	906	4	
0	61	9	1342	2	
0	5	5	2251	2	
0	26	7	230	6	
0	93	1	1496	8	
1	5	9	3594	8	
1	62	8	41	9	
0	62	2	444	9	
0	48	7	990	8	
0	79	7	3597	7	
1	22	7	796	5	
0	5	4	2550	9	
0	17	9	1730	7	
1	97	1	922	7	
0	56	2	2996	4	
0	92	5	442	2	
1	71	6	971	2	
1	34	5	30	1	
1	94	2	2238	7	
1	74	9	1721	7	
1	85	9	169	9	
1	43	2	836	2	
0	13	8	1688	6	
0	91	4	1982	3	
1	91	9	2055	4	
0	18	3	1645	4	
1	99	9	1256	2	
1	4	6	665	5	
0	78	6	3319	9	
1	41	6	1594	3	
0	22	3	3320	4	
0	43	1	671	4	
1	18	1	3108	5	
1	37	5	2700	7	
0	30	3	1428	7	
1	16	2	2420	8	
166 174 15 34 192 43 84 67 68 57 113 52 151 200 46 37 125 161 198 170 132 3 169 113 4 84 76 84 74 142 185 107 64 47 56 149 19 132 13 184 191 97 13 61 195 191 33 163 127 63
78 87 72 9 197 97 5 12 12 171 169 187 17 183 25 10 124 48 46 196 51 116 11 8 192 91 7 48 142 149 110 151 103 190 142 167 195 95 199 80 66 198 112 64 27 92 8 3 84 34
42 168 94 178 94 44 174 28 27 172 127 196 188 133 81 194 110 58 199 146 35 83 115 116 172 109 35 68 62 109 144 11 121 147 173 195 164 179 168 164 101 32 187 191 48 197 102 124 85 30
68 102 122 64 133 143 182 192 135 8 33 18 60 42 79 36 70 125 17 12 70 165 112 123 7 100 26 158 48 74 64 154 104 109 154 102 25 115 56 115 114 52 121 162 1 24 63 10 123 128
158 105 89 75 49 174 142 85 44 147 149 34 113 37 32 175 102 113 40 6 197 126 82 8 101 182 102 196 91 66 4 171 145 63 117 55 99 178 2 84 82 34 102 152 98 21 118 167 81 121
134 156 145 115 172 85 171 137 31 192 134 12 17 60 56 121 63 21 6 172 46 191 132 136 116 186 119 67 31 127 95 72 124 9 46 200 2 144 157 106 199 87 108 131 18 64 181 103 48 17
178 176 101 131 78 75 41 63 104 62 142 70 188 2 62 169 69 99 47 13 26 15 161 112 166 69 71 178 199 92 73 84 47 82 98 73 54 84 159 90 23 20 103 56 161 171 133 137 66 180
141 32 127 1 29 30 165 95 199 132 196 200 110 98 144 94 47 180 125 125 121 167 23 25 68 64 198 33 83 186 189 64 190 38 182 183 194 56 32 118 28 188 36 6 12 69 29 149 5 74
67 152 50 43 155 165 60 64 186 64 62 33 75 163 45 163 75 110 177 190 152 80 80 61 197 188 115 42 155 92 163 170 13 197 137 7 43 197 174 75 128 94 157 81 177 54 120 120 1 89
7 2 39 34 25 139 48 7 22 78 179 20 55 30 137 71 194 112 60 134 35 162 83 98 165 99 3 16 123 6 125 119 79 46 90 89 192 86 39 57 192 109 85 149 146 76 167 139 174 13
19 89 56 161 123 54 100 81 10 72 135 155 19 145 93 157 59 181 73 155 12 29 136 65 108 162 9 9 191 113 87 11 105 199 108 126 38 142 57 176 62 57 159 15 124 115 135 179 199 186
151 169 171 84 147 85 181 148 110 128 121 51 70 33 64 17 99 37 143 43 104 57 160 38 182 177 84 152 104 18 58 180 134 56 189 94 129 34 200 129 138 171 163 187 1 31 14 16 6 82
90 123 43 91 50 58 110 97 124 164 89 181 171 5 148 67 102 195 194 6 107 194 170 12 56 177 3 163 76 162 186 53 121 146 43 134 122 169 59 85 165 87 102 39 28 136 121 10 97 183
123 32 80 95 48 139 42 172 182 155 119 37 26 195 22 156 38 36 122 120 34 151 189 164 104 77 58 15 176 142 135 200 56 113 186 170 39 23 47 143 75 168 134 97 64 63 137 61 92 39
17 98 60 105 45 133 69 90 59 157 161 198 38 183 145 96 7 137 28 43 198 181 92 9 108 118 34 132 125 177 13 145 101 77 116 54 130 96 73 145 146 42 169 84 146 40 186 159 47 7
34 41 125 138 143 149 152 30 73 42 140 100 79 187 21 163 59 105 65 46 117 49 68 47 95 50 169 19 106 86 130 75 72 118 136 77 67 52 184 46 76 199 53 33 73 56 181 107 51 179
177 183 134 168 73 85 144 95 190 182 25 58 118 183 198 125 16 172 32 40 84 109 85 4 82 96 90 165 62 49 158 111 140 93 129 159 177 17 95 23 140 58 35 34 147 140 13 7 110 17
114 37 4 61 53 122 190 144 47 20 66 163 83 75 115 47 38 196 114 48 152 100 110 11 28 152 68 185 101 180 47 85 85 10 97 88 41 156 69 57 29 18 15 143 21 34 163 75 157 175
187 45 178 3 192 119 172 72 89 8 53 109 128 125 149 106 89 118 198 6 115 131 120 37 135 62 40 46 86 34 64 183 183 19 63 93 86 158 153 188 38 189 127 137 107 121 162 81 135 137
107 28 77 10 184 27 6 5 166 128 145 102 163 101 141 155 58 102 113 107 65 116 24 123 9 59 41 102 42 112 17 38 182 35 105 56 1 160 89 2 165 82 171 164 149 73 62 173 140 86
90 28 25 197 131 32 183 185 51 190 59 32 154 153 171 38 27 191 165 90 1 87 142 131 140 156 180 29 40 179 31 63 132 31 160 172 196 92 51 132 112 74 40 132 53 164 74 91 200 39
115 16 192 11 164 153 117 6 175 36 22 77 94 164 156 57 86 177 135 21 154 125 188 158 19 76 152 146 190 171 192 62 119 60 11 117 172 114 119 132 34 80 141 30 151 197 59 144 6 106
172 3 1 189 198 52 175 142 142 169 4 156 39 1 139 145 93 100 90 135 95 61 58 42 88 168 63 60 164 161 110 110 108 43 199 3 91 138 36 19 172 177 97 163 198 173 191 22 101 48
87 136 145 183 87 117 67 80 160 182 156 71 109 127 115 65 189 27 106 100 35 141 124 111 139 134 7 123 20 195 111 131 129 118 11 39 190 89 13 117 197 198 1 23 124 160 26 153 181 89
43 16 116 176 150 43 154 135 131 167 149 120 60 164 165 176 104 54 103 131 72 89 106 163 157 107 152 91 108 78 184 45 157 175 2 199 55 124 17 184 90 18 35 84 135 153 16 19 140 108
38 107 129 108 28 89 198 174 129 120 122 198 14 95 96 138 18 5 162 78 37 81 76 83 142 13 160 195 54 91 133 23 128 77 127 154 171 2 134 156 141 73 16 13 28 114 158 162 144 83
128 190 41 192 124 171 58 129 13 41 192 26 48 91 69 20 9 102 182 168 131 29 174 44 163 129 1 156 29 80 159 134 194 109 4 5 71 152 182 11 87 89 142 173 25 161 196 161 6 45
53 24 110 32 129 14 168 17 65 173 173 188 143 26 81 137 84 198 187 31 106 120 39 135 184 21 73 177 119 151 106 128 139 38 42 68 91 41 39 175 14 172 194 76 25 175 36 75 117 143
106 150 134 174 38 85 139 86 47 155 13 198 118 134 19 174 7 7 195 12 9 5 118 185 30 187 114 171 118 170 60 48 40 196 147 128 133 113 33 161 63 20 92 101 75 36 142 29 97 81
6 42 141 48 76 98 82 41 94 89 189 2 47 182 198 45 52 96 133 181 46 7 41 95 164 10 112 167 90 85 74 15 175 16 160 194 123 186 176 193 2 75 107 62 131 130 11 178 33 181
54 81 41 28 54 162 79 62 113 5 180 124 17 4 195 127 139 3 169 69 155 146 126 168 185 62 37 179 138 129 30 70 54 112 199 25 86 198 188 64 55 100 19 108 29 107 38 169 166 176
196 147 188 74 13 90 38 194 38 149 134 23 35 185 189 15 188 112 97 124 11 39 96 161 168 98 29 122 10 121 108 189 12 50 67 173 85 194 18 60 81 101 132 103 17 89 116 165 72 173
22 89 131 19 70 196 62 136 36 84 3 145 92 174 141 60 1 79 36 107 5 159 172 13 126 162 160 195 167 191 16 186 35 195 147 26 175 199 157 60 29 30 195 135 53 62 128 74 168 185
125 161 52 45 42 70 183 23 151 32 44 67 8 139 102 52 76 143 27 142 40 72 190 179 91 200 114 16 164 147 101 151 50 48 100 125 61 46 91 119 40 192 198 198 186 121 126 199 198 86
182 50 132 170 64 36 41 71 93 38 179 159 107 10 75 100 40 160 13 192 62 93 63 46 37 85 39 172 34 3 59 101 200 4 18 56 175 123 94 182 193 68 70 72 84 149 162 9 79 195
70 100 22 8 72 178 70 124 55 140 160 136 171 152 89 166 67 37 137 75 92 86 55 95 11 160 194 98 83 197 184 116 26 168 60 99 124 149 106 53 127 143 14 91 150 188 187 137 14 140
42 166 152 83 164 26 166 169 31 194 30 151 2 111 128 54 149 59 161 173 119 114 149 50 118 29 44 18 61 192 134 135 191 84 177 32 22 86 141 124 168 22 71 4 123 20 124 44 108 162
142 22 200 154 5 82 167 111 142 158 1 151 73 126 2 110 148 153 23 189 151 200 49 6 57 38 103 164 66 147 137 73 19 162 90 187 64 127 184 132 184 191 191 41 151 151 140 99 17 13
110 132 198 27 57 182 76 50 17 56 199 99 95 130 164 62 41 145 161 3 99 67 157 94 28 1 196 5 56 40 114 163 15 189 178 162 73 61 176 162 141 108 197 14 189 163 100 81 182 92
15 46 115 128 26 28 55 146 150 7 132 51 177 3 51 152 173 96 110 94 192 19 46 131 56 131 164 138 96 124 27 52 115 44 4 129 59 1 15 24 174 193 74 107 101 198 57 58 126 51
47 122 197 80 151 115 123 94 143 94 200 47 184 118 55 146 34 189 87 95 55 33 9 9 6 13 122 106 174 175 106 183 147 113 8 4 90 148 193 155 129 23 155 143 63 12 21 56 75 18
59 168 145 67 11 167 189 172 175 196 152 29 181 59 72 145 13 12 52 64 170 80 20 114 144 186 105 125 95 46 117 31 159 157 83 139 56 20 25 24 159 156 6 76 56 21 92 184 56 136
134 150 183 169 42 121 189 195 199 8 41 175 43 66 161 22 83 50 119 156 85 55 153 68 123 54 136 84 183 64 59 121 55 105 73 188 81 187 197 66 23 29 133 54 171 152 11 171 31 174
176 44 27 125 44 91 86 1 116 28 86 140 70 177 53 194 14 137 28 6 136 96 135 60 25 112 64 114 9 25 149 112 194 38 125 102 2 171 196 84 84 7 131 106 112 40 172 167 5 175
71 200 112 116 186 22 29 111 151 129 71 118 31 8 88 100 161 94 168 51 169 60 5 171 6 56 17 164 73 119 175 124 69 198 144 44 26 31 13 86 13 81 57 171 65 6 175 172 35 166
97 45 31 103 180 84 7 71 138 128 180 69 28 169 76 79 34 170 173 198 120 10 48 160 53 130 16 127 184 145 197 47 56 93 107 141 128 33 83 82 55 114 158 190 170 13 13 105 21 129
185 174 179 185 116 153 199 32 31 55 123 31 197 124 12 36 46 181 91 108 100 148 104 101 103 104 197 152 137 7 194 107 164 161 90 33 141 139 165 61 89 125 113 109 109 182 77 151 101 8
176 38 174 167 20 165 30 111 73 176 124 180 177 88 143 177 9 159 139 110 76 188 88 138 26 85 70 176 76 12 174 99 185 41 156 163 170 55 13 111 76 13 7 147 199 133 139 53 60 79
14 191 180 184 184 37 19 148 34 154 78 185 174 98 149 102 29 154 94 181 189 126 22 183 104 49 192 109 179 14 115 84 198 93 200 59 181 58 50 200 127 191 56 186 167 49 187 109 149 66
127 121 55 151 133 112 181 199 141 176 17 111 136 66 171 33 178 187 86 159 155 20 93 123 148 53 175 195 175 174 191 67 157 33 86 59 21 48 154 47 169 107 173 33 84 41 185 39 11 46
192 153 49 168 11 155 189 141 16 151 134 146 71 109 173 96 50 67 122 156 91 158 169 18 65 170 196 141 59 189 178 37 16 52 20 57 21 27 173 35 114 129 75 144 194 180 76 86 112 189
