40 	
24	66
1	86	4	586	9	
0	93	7	927	3	
0	16	9	249	5	
1	55	2	90	1	
0	61	2	722	9	
1	94	2	101	2	
1	18	4	140	7	
1	94	6	862	2	
1	29	2	444	7	
0	67	4	272	3	
0	79	5	79	6	
0	61	8	1000	5	
1	89	7	565	2	
1	41	9	375	6	
1	63	1	156	1	
1	73	9	10	5	
1	31	9	186	5	
0	88	1	849	8	
1	4	5	1020	3	
1	25	2	802	5	
0	27	2	244	9	
0	57	3	446	2	
0	94	4	358	5	
1	57	1	1055	3	
1	25	7	630	6	
0	47	5	857	5	
1	55	4	387	5	
1	6	7	1053	9	
0	81	7	356	1	
1	49	8	384	6	
0	99	5	882	4	
0	39	7	400	7	
1	44	1	772	9	
0	21	6	953	7	
1	88	1	275	2	
0	14	9	458	6	
0	57	5	14	7	
1	23	8	954	7	
0	15	1	733	8	
1	67	4	14	7	
139 182 159 52 164 148 55 111 89 27 177 128 68 95 160 177 40 162 71 42 69 138 67 32 23 17 19 106 143 199 31 199 182 153 151 2 139 87 147 60
83 94 161 183 12 132 123 166 191 21 172 101 177 149 169 27 69 117 28 17 76 159 19 194 28 15 75 196 192 128 167 200 100 62 199 28 83 20 138 42
28 195 139 187 114 196 47 185 30 119 136 97 152 3 197 78 147 66 127 163 122 17 174 63 68 163 138 148 157 39 18 145 178 162 163 39 82 17 115 68
191 33 189 21 52 115 143 142 165 1 139 145 144 141 121 33 7 99 128 87 146 55 180 122 17 105 147 61 165 189 65 170 161 7 65 144 59 170 137 168
81 28 46 52 62 27 44 113 77 46 6 148 144 68 175 152 198 130 148 197 46 5 151 164 107 25 63 110 65 68 174 103 76 79 49 49 37 68 156 21
42 193 199 27 111 58 2 129 42 24 26 45 48 150 13 6 17 192 198 125 40 145 89 61 111 10 64 108 134 159 116 139 127 7 98 168 24 59 147 21
48 71 73 122 198 92 170 118 19 191 49 44 30 8 66 64 38 40 161 179 64 48 39 197 158 154 150 60 186 3 149 57 58 67 163 152 110 86 199 172
135 1 74 38 132 174 72 186 39 157 107 114 153 108 54 177 129 38 53 79 86 91 18 1 57 157 51 114 74 74 20 7 32 126 42 20 19 47 151 92
152 139 182 60 136 126 99 172 107 58 76 29 139 3 96 97 86 139 98 49 179 96 190 123 70 159 111 131 13 81 15 117 93 186 71 191 44 56 177 142
2 187 68 9 66 200 194 28 181 21 48 157 106 62 176 30 87 114 153 79 163 84 99 141 2 59 71 4 148 47 79 108 175 129 163 113 45 149 156 196
114 62 40 43 142 70 82 12 191 156 108 15 140 177 78 167 151 28 47 35 67 161 83 141 148 189 32 114 158 28 8 200 133 39 143 199 52 58 42 39
195 27 3 128 94 44 146 86 189 92 171 34 160 111 200 178 72 153 88 144 77 9 128 42 9 57 3 10 99 92 151 31 76 125 3 128 97 24 102 138
148 85 20 200 141 50 73 77 121 174 176 169 66 182 196 22 97 40 99 83 157 152 71 195 90 53 167 24 186 51 66 52 163 154 17 42 135 25 156 195
133 33 65 173 200 136 20 166 2 125 101 123 161 107 80 188 53 158 51 171 79 21 90 46 33 175 156 152 89 60 156 197 65 34 105 74 42 167 83 113
176 52 124 78 76 22 59 30 167 187 91 87 154 92 134 37 2 200 119 46 196 186 21 152 50 13 50 152 48 4 125 122 111 85 120 90 4 166 158 192
72 82 195 75 167 200 91 100 121 176 179 87 196 124 154 98 95 197 171 86 22 191 102 151 196 8 164 97 161 100 117 71 77 157 131 85 124 141 50 97
85 75 44 55 190 46 137 40 187 50 182 155 93 189 165 128 74 104 185 104 144 94 121 49 151 151 173 200 104 54 166 134 177 68 42 159 98 164 122 4
9 49 142 41 85 134 83 86 129 61 99 24 117 114 8 155 149 129 120 64 30 41 139 67 161 66 133 17 19 97 65 60 51 47 143 192 134 192 114 127
98 181 104 56 16 27 97 127 18 111 118 12 153 178 185 111 53 59 189 158 166 158 64 60 6 78 70 193 99 43 38 109 40 191 111 174 132 182 32 114
59 34 12 24 2 11 58 127 65 45 103 49 62 24 189 65 29 34 88 173 71 137 125 121 189 177 6 51 39 105 64 116 158 35 51 149 51 197 142 115
34 106 165 8 123 112 15 153 118 34 131 4 182 107 196 19 188 75 154 112 126 45 141 133 68 75 61 50 137 112 114 9 27 129 107 118 112 173 45 23
162 8 163 11 180 193 165 120 136 47 22 173 37 30 191 155 190 107 168 99 184 148 50 7 84 170 3 200 189 159 192 115 132 138 13 184 195 178 148 132
82 145 98 106 138 60 173 115 155 34 32 165 123 173 18 50 118 132 147 158 162 2 55 23 153 127 88 174 126 142 178 160 175 122 137 172 186 34 65 57
196 119 166 170 115 78 64 70 18 94 29 18 172 9 115 30 40 163 183 39 78 107 167 117 120 96 72 186 51 195 78 168 39 122 41 153 57 17 197 183
194 182 145 151 5 14 131 147 71 110 186 195 165 98 137 27 133 192 172 63 24 151 60 155 114 176 192 72 189 135 57 16 128 195 74 86 7 187 173 149
32 99 156 67 165 4 84 107 70 54 106 91 55 41 116 89 2 161 194 104 30 12 163 143 59 101 170 85 139 30 66 173 68 48 100 98 130 167 4 94
22 186 76 200 181 57 185 5 1 162 83 64 77 19 31 109 77 71 166 153 97 164 121 46 183 90 135 125 116 135 9 58 192 54 43 71 172 129 195 10
149 128 115 43 3 154 35 86 24 117 70 137 123 101 1 139 9 33 79 43 11 150 169 119 91 158 110 89 57 131 84 102 59 36 86 17 83 26 80 1
171 110 46 199 63 111 17 117 30 136 176 15 28 12 150 13 193 178 116 1 10 112 4 95 68 5 41 154 54 39 10 59 192 140 43 134 164 85 44 89
113 31 19 114 115 81 134 199 161 46 139 168 143 172 149 70 198 160 122 114 154 92 42 125 71 119 66 130 65 155 135 119 24 41 123 150 18 103 53 40
89 154 195 52 108 125 39 131 55 171 195 173 70 109 200 46 101 40 145 159 102 115 95 46 73 86 197 139 147 164 115 113 112 23 3 138 171 52 146 180
52 159 8 162 151 111 51 151 168 182 95 28 4 80 92 109 95 129 188 147 134 143 147 84 150 32 123 35 121 93 148 3 129 61 43 85 162 56 18 32
146 158 46 162 4 89 151 82 24 64 79 32 113 183 89 176 104 59 100 200 116 174 176 143 177 68 159 64 136 87 153 69 46 31 44 154 11 100 36 30
94 90 196 173 93 143 52 42 30 61 163 183 2 3 46 97 41 133 170 189 62 149 44 103 27 29 47 14 19 167 7 85 83 83 85 59 147 7 141 126
39 47 73 22 16 180 153 52 146 136 84 117 24 163 157 2 23 109 56 92 119 77 82 26 150 142 111 118 163 154 6 90 24 95 69 124 172 22 31 132
144 44 129 106 141 192 174 88 189 138 50 165 128 174 79 1 77 177 109 4 154 154 119 133 89 57 120 197 11 196 95 194 179 51 20 71 166 181 43 149
113 55 190 17 135 9 198 32 75 66 186 130 174 161 37 104 36 83 33 26 117 44 10 60 78 106 191 28 100 129 186 133 144 36 111 183 62 196 117 53
191 25 195 190 24 94 146 28 26 103 117 112 173 178 56 48 133 128 125 23 155 156 132 84 68 193 97 162 124 102 126 145 45 98 59 130 5 73 51 29
174 67 105 186 145 85 146 146 91 117 153 186 156 115 193 187 102 56 92 18 28 168 192 193 87 152 129 105 69 147 11 104 48 107 28 187 123 173 154 141
168 64 87 174 167 179 61 15 186 14 70 32 121 65 27 133 78 4 156 58 127 8 146 126 88 178 118 123 12 103 140 112 9 77 90 128 18 170 134 192
76 81 15 125 23 33 93 195 106 28 90 94 63 67 157 140 128 131 1 143 66 42 71 152 142 43 139 50 110 14 67 138 196 17 123 86 59 66 34 198
