40 	
16	18
0	10	9	545	8	
0	79	3	1875	1	
1	89	1	488	6	
1	74	1	1846	6	
1	2	9	1670	5	
0	24	2	1520	8	
1	55	7	1310	9	
1	95	8	265	2	
0	45	5	1590	6	
1	11	2	837	5	
0	24	5	580	9	
0	47	9	708	3	
0	64	7	523	5	
1	84	6	241	8	
0	62	6	1279	5	
1	83	3	1307	4	
0	93	5	335	8	
1	80	3	1339	7	
1	93	5	935	2	
0	3	6	1833	2	
0	94	8	1521	4	
0	21	8	1815	6	
1	91	1	2	1	
1	2	1	478	4	
0	56	2	231	8	
0	38	3	1056	4	
1	5	2	1042	4	
1	56	8	1744	9	
0	54	5	1622	4	
0	45	3	538	4	
0	32	6	481	4	
0	11	2	1842	1	
1	66	9	1298	9	
0	16	6	1355	1	
0	55	8	1642	4	
1	30	9	1193	2	
0	14	6	986	4	
0	18	9	1446	2	
0	55	5	250	1	
1	2	6	167	6	
19 162 73 133 127 165 165 177 169 162 160 84 41 184 180 125 2 95 179 193 11 87 120 181 62 151 42 89 60 131 186 109 150 184 65 125 38 54 20 146
22 30 85 4 75 9 64 122 68 98 128 59 192 164 130 17 81 99 84 91 19 180 135 56 12 151 29 73 178 68 33 145 184 66 88 114 34 71 189 43
70 95 157 97 102 104 51 65 149 166 88 137 66 131 92 107 106 45 94 88 195 2 65 94 56 113 135 171 81 72 34 199 144 11 148 138 21 107 82 115
36 50 165 32 91 54 185 198 141 57 118 68 111 125 198 175 180 95 37 54 57 128 32 183 121 115 20 23 131 35 97 184 124 68 130 186 146 29 122 72
114 7 113 185 88 19 56 141 106 121 86 134 108 33 31 136 53 181 82 127 20 5 29 130 135 152 7 177 185 191 10 6 43 190 85 105 155 20 31 66
3 34 132 49 197 78 80 111 107 137 199 141 74 38 22 113 32 45 132 164 88 33 159 156 76 29 143 179 172 131 79 41 14 120 187 67 73 11 142 120
137 49 194 152 17 101 20 118 119 195 36 76 136 191 37 191 25 131 104 78 43 185 66 80 19 114 165 174 124 181 9 119 42 71 120 141 160 190 198 176
121 52 165 5 30 41 178 106 6 73 195 103 134 46 103 122 152 78 43 94 197 63 70 168 30 70 83 29 134 123 125 191 170 20 85 116 115 187 42 50
93 12 21 142 94 48 109 6 59 139 192 27 177 105 90 30 67 148 135 6 129 104 148 98 194 97 131 151 16 32 113 121 66 68 83 53 187 185 158 126
94 59 79 50 132 126 164 19 43 199 51 62 29 163 47 35 77 108 162 55 139 52 53 176 10 29 118 148 141 65 139 178 77 191 198 86 195 85 21 118
161 129 22 10 125 52 131 31 44 137 145 154 55 68 14 60 166 144 118 172 144 116 42 13 31 119 62 47 166 18 8 19 138 163 156 33 101 112 155 28
163 156 144 51 47 55 164 37 157 12 26 196 150 151 121 53 60 28 28 99 8 99 183 34 40 68 149 154 144 132 142 21 111 23 59 88 44 151 183 17
70 86 149 126 30 164 6 175 67 146 47 11 19 81 176 109 26 68 191 167 158 104 147 124 125 5 134 96 41 5 132 200 176 185 180 43 172 71 77 87
170 51 8 167 132 113 93 101 61 87 29 125 157 13 135 162 31 78 4 134 33 61 121 200 195 164 56 55 183 60 160 124 126 159 72 117 77 176 146 143
132 47 94 162 36 18 68 73 41 157 19 95 10 91 191 133 110 25 141 114 88 85 130 145 79 117 11 161 37 185 181 84 114 156 153 89 101 170 29 175
41 9 32 192 98 26 55 190 170 166 92 197 102 11 158 61 181 68 125 95 128 15 92 38 44 65 54 82 9 157 11 74 15 172 25 199 115 43 74 174
141 87 89 175 195 115 23 56 135 185 190 191 174 128 108 176 155 10 110 98 65 24 11 99 39 51 50 199 157 57 31 73 124 148 177 28 89 20 22 46
4 167 184 32 113 122 82 40 53 164 56 149 181 23 52 77 4 113 71 29 135 73 143 103 14 127 51 56 59 140 170 1 94 98 103 184 116 71 18 161
67 94 175 79 115 13 11 146 53 132 21 81 182 174 2 10 95 110 35 71 125 175 140 137 138 152 152 81 65 128 66 175 43 177 188 140 50 130 99 158
60 97 34 122 101 11 176 43 76 164 142 2 7 168 95 16 166 98 165 169 200 65 136 184 94 120 56 61 98 140 121 35 38 160 58 73 104 185 176 158
80 182 178 69 117 25 147 63 65 76 22 180 49 31 146 166 164 95 190 52 68 1 18 190 125 169 18 113 112 58 116 88 181 126 62 200 48 113 77 43
172 184 139 193 96 56 180 61 155 26 91 33 11 132 20 84 45 22 7 123 121 138 10 180 144 155 166 87 189 8 24 140 2 134 41 71 74 91 113 146
18 55 148 93 186 38 184 101 2 147 125 3 168 48 180 127 53 163 45 32 69 23 184 174 197 170 79 39 97 34 61 151 123 158 14 145 184 32 90 136
178 127 135 24 145 197 124 142 107 131 143 132 152 21 44 25 57 5 66 139 68 7 189 182 61 108 24 99 100 182 115 106 55 92 68 140 31 54 168 72
17 125 113 165 70 122 77 132 124 111 15 4 175 32 97 12 127 27 164 78 44 35 136 52 98 146 148 100 198 29 162 92 86 27 96 89 99 1 91 59
8 66 74 87 41 116 109 51 10 27 12 51 121 117 188 134 162 24 56 21 139 100 28 100 84 135 27 29 147 191 137 113 98 68 9 183 145 179 171 61
188 28 91 186 146 45 48 82 90 4 90 192 165 108 66 106 1 3 183 1 126 84 77 184 63 115 185 68 58 174 116 158 182 64 109 17 169 106 63 58
168 31 75 165 75 43 140 36 180 162 45 34 158 99 28 135 195 36 74 191 19 135 77 30 98 107 33 123 20 126 174 92 4 67 191 86 3 98 28 169
162 141 6 77 79 165 89 82 142 167 25 146 141 26 133 81 12 195 15 6 157 128 28 109 106 110 133 172 1 118 104 95 79 6 135 97 121 32 67 68
197 159 140 4 42 16 68 162 78 124 83 153 83 36 161 57 13 176 9 79 28 144 146 110 55 157 150 26 158 45 197 23 16 106 63 74 107 2 189 196
37 174 13 24 111 151 148 145 56 196 173 76 135 59 198 63 97 78 111 164 107 120 50 146 186 146 163 159 78 102 71 2 40 186 197 104 48 142 116 165
106 188 78 102 53 35 166 84 60 4 163 62 155 132 106 193 188 174 150 17 102 109 21 82 88 192 128 15 29 22 174 110 87 5 145 90 45 36 95 3
124 200 37 88 47 138 159 137 172 68 71 144 57 94 59 182 171 142 99 70 122 77 91 13 109 165 141 39 13 116 187 16 152 38 163 27 150 79 75 32
75 193 63 92 186 171 173 32 86 20 148 163 183 156 78 176 129 191 152 173 52 127 195 36 150 18 82 110 180 149 165 8 120 127 43 140 160 11 162 191
119 177 32 79 128 113 59 122 129 25 176 103 103 162 194 132 108 67 145 61 53 79 81 20 131 81 98 21 126 97 170 197 147 99 134 178 58 184 16 35
116 45 30 75 95 72 91 101 90 173 177 141 115 123 79 80 80 155 49 27 145 185 8 116 39 195 152 40 36 130 105 108 33 112 179 126 16 166 135 143
111 25 33 69 111 131 165 8 8 38 59 174 83 74 194 117 69 145 33 30 77 183 34 14 94 170 168 99 143 21 11 112 44 37 40 50 186 159 46 166
100 153 137 29 191 158 110 34 89 88 35 102 129 29 189 4 50 197 192 48 166 147 155 57 112 110 122 83 14 160 61 15 56 68 45 62 19 81 55 115
44 79 108 47 54 197 170 176 168 65 178 59 88 190 15 178 151 144 76 114 46 72 71 182 145 139 138 172 135 143 137 35 148 108 143 37 152 107 186 41
177 147 127 119 185 42 195 181 84 89 44 129 38 164 78 30 126 75 125 14 121 193 70 169 158 174 183 37 40 178 109 39 185 71 20 144 177 82 23 33
114 29 100 94 149 27 156 56 184 58 39 126 104 156 101 104 5 198 187 83 97 193 135 190 123 35 136 128 36 12 15 193 88 9 133 81 71 67 13 116
