50 	
34	59
1	30	9	2176	6	
1	37	3	3360	7	
1	62	6	58	1	
0	8	7	2725	7	
1	74	8	38	2	
0	13	3	3407	2	
0	8	4	1220	9	
0	64	6	2699	3	
1	87	3	3294	7	
0	23	4	3575	2	
0	89	5	1664	4	
1	81	5	2865	3	
1	66	9	591	5	
0	77	5	632	8	
1	41	3	3323	6	
0	98	2	1037	7	
0	93	8	2391	4	
0	31	5	3127	2	
1	43	9	1960	3	
0	35	2	1039	8	
0	19	2	2073	5	
1	86	7	797	3	
1	60	1	3218	9	
0	79	5	208	7	
1	47	9	2818	3	
0	76	9	1250	5	
1	24	4	3561	6	
0	16	2	1690	8	
0	44	1	2417	6	
0	62	1	1644	3	
1	4	1	309	7	
1	30	7	476	6	
1	40	3	909	4	
0	89	7	974	1	
0	35	6	2638	9	
1	62	1	1367	6	
1	7	8	1183	9	
1	62	5	736	7	
1	65	2	3197	5	
1	8	4	2450	6	
0	2	1	1040	4	
0	76	3	3340	6	
1	74	3	2100	2	
1	97	5	2286	5	
0	62	6	3301	7	
0	53	9	1265	1	
1	33	6	2294	4	
0	63	5	1734	2	
1	27	9	562	5	
1	27	7	3234	6	
60 99 66 18 66 177 75 161 156 58 195 80 70 134 176 38 159 167 171 159 129 148 147 103 10 102 33 132 188 63 195 43 178 107 7 120 91 86 63 140 153 185 122 155 63 67 124 21 153 93
45 186 194 186 60 25 170 163 75 171 86 48 124 167 131 177 143 135 51 159 58 193 79 87 198 197 13 105 150 23 28 178 123 18 10 67 146 163 172 139 2 37 27 110 55 135 154 32 184 28
178 198 15 49 199 30 170 108 148 74 128 76 77 108 182 23 137 55 112 31 155 117 35 173 182 195 122 61 96 83 96 100 100 79 130 83 111 150 64 65 9 86 70 157 122 13 130 9 45 23
96 79 16 175 145 168 105 100 132 21 1 169 69 66 38 197 21 75 96 68 9 186 42 51 107 42 183 199 16 43 143 44 166 107 81 77 46 66 33 114 178 2 50 61 160 58 137 178 175 39
37 81 102 67 166 134 24 196 110 189 61 39 163 115 19 69 17 72 49 17 76 187 163 100 82 87 47 142 174 10 91 188 113 194 29 132 114 28 117 104 183 149 103 189 57 18 194 66 103 77
75 56 30 172 18 175 188 7 33 32 182 73 183 57 102 9 63 60 79 162 26 24 92 156 131 167 94 147 172 168 142 142 120 53 89 191 155 25 97 152 84 178 85 158 190 18 47 141 131 4
158 18 79 189 4 8 13 11 112 71 155 105 69 21 171 193 37 3 54 119 5 189 69 48 77 165 69 117 87 120 57 182 200 182 56 117 51 53 182 128 22 156 49 96 35 190 188 37 67 88
138 153 28 144 139 76 131 186 107 177 81 140 138 136 53 170 139 15 127 198 22 51 162 88 46 141 180 126 156 200 119 143 195 47 165 129 20 131 10 25 82 95 108 196 174 18 22 142 74 9
119 163 36 110 197 194 95 99 71 192 16 13 145 83 95 51 11 151 113 2 49 41 165 164 45 32 76 194 85 95 90 60 15 136 198 23 162 158 11 179 63 53 144 171 150 72 179 42 71 17
76 50 169 141 102 166 39 84 153 120 159 151 60 141 30 144 1 5 77 77 182 195 167 70 171 72 61 151 6 112 155 92 154 72 162 177 63 20 134 96 160 178 149 174 173 47 149 80 154 158
199 106 135 56 42 7 143 100 44 62 165 69 106 116 2 135 170 172 24 25 83 185 5 117 31 111 10 75 189 88 114 88 32 78 85 13 85 59 79 100 112 51 174 124 2 127 45 169 88 96
105 26 179 117 12 62 126 196 47 68 127 22 130 65 100 73 36 22 126 77 148 30 185 50 68 184 167 134 61 3 67 117 187 17 129 71 147 151 28 159 54 35 125 77 81 43 188 52 14 187
2 44 69 96 92 90 176 75 184 197 143 44 81 147 40 49 97 12 91 54 113 167 119 120 163 13 74 79 113 186 20 37 1 88 133 192 60 63 64 5 126 30 69 183 4 192 147 4 189 81
192 31 141 182 1 25 4 171 28 20 117 134 98 177 116 54 52 88 150 198 166 32 11 41 179 99 40 77 49 149 111 128 19 22 35 70 35 161 51 181 126 182 124 74 52 171 86 104 80 45
88 176 99 115 67 136 24 132 53 12 56 48 51 153 199 77 184 65 16 180 110 97 197 144 59 124 176 33 180 105 20 35 132 73 100 151 166 56 49 80 72 126 146 118 150 115 67 170 164 181
113 179 37 126 55 78 59 111 38 159 64 38 173 184 42 115 146 75 43 79 121 128 116 8 3 131 161 27 198 102 45 49 152 170 68 164 64 60 155 40 57 181 53 114 108 79 135 82 174 172
19 31 185 183 151 187 62 18 74 107 163 56 192 120 179 109 141 127 141 173 21 19 29 30 100 64 144 95 130 192 55 143 133 81 167 42 60 92 35 197 167 196 7 180 125 199 106 42 101 170
100 199 93 137 118 67 28 147 20 135 159 75 171 73 8 150 10 48 105 108 107 2 148 135 26 157 40 30 181 3 104 143 135 33 158 43 24 143 112 188 87 190 47 200 184 74 158 90 25 33
185 120 59 150 9 187 188 36 108 12 142 12 19 51 19 67 133 98 200 186 188 152 17 31 60 167 8 32 49 11 28 197 165 45 46 162 178 170 41 133 110 18 132 196 78 72 82 75 21 42
140 146 194 83 66 165 166 57 168 131 151 167 97 133 33 175 195 175 180 40 160 99 97 81 7 125 107 4 134 5 136 97 113 123 138 73 23 174 97 87 186 108 20 155 20 11 22 133 91 180
117 56 197 175 186 193 20 193 114 72 82 13 67 196 183 83 90 69 70 52 87 109 184 132 14 1 141 81 18 50 144 158 186 150 134 1 86 17 53 156 162 84 1 140 50 120 151 180 103 2
196 143 55 45 41 92 119 110 119 95 98 4 187 55 38 174 101 87 140 152 153 183 64 34 27 16 131 122 4 168 43 155 52 186 192 19 119 66 150 83 187 120 29 198 152 79 177 21 145 66
149 26 182 33 23 45 92 44 53 23 143 17 126 46 97 133 176 5 134 39 2 125 109 44 121 80 78 98 178 111 104 82 137 102 159 170 15 73 130 100 180 143 74 191 125 112 184 150 41 106
38 186 200 102 132 178 98 111 4 50 48 86 32 75 48 24 23 132 54 34 117 163 138 9 22 33 86 87 74 86 184 83 117 4 90 106 73 100 14 52 74 38 178 94 134 184 182 35 121 22
23 14 132 190 13 87 28 161 152 132 108 166 26 169 40 181 126 36 3 160 24 125 152 130 37 126 125 102 31 180 6 166 133 54 20 176 81 169 5 45 90 76 192 139 101 69 7 173 120 42
79 156 29 14 6 6 124 45 103 116 119 43 9 18 200 68 146 197 60 170 12 153 38 84 169 137 105 65 60 6 106 157 178 82 188 98 69 79 97 51 59 180 39 53 22 143 72 104 64 151
81 81 43 123 112 157 184 199 160 123 182 31 199 70 103 195 152 3 190 125 97 15 71 159 171 118 38 23 178 185 11 22 118 33 7 168 157 73 114 89 154 142 152 152 12 45 129 177 152 141
164 97 37 182 81 160 72 124 186 47 45 147 172 122 25 46 47 35 174 7 88 2 17 103 18 82 86 147 131 158 107 93 88 33 186 49 185 91 31 12 167 108 19 101 161 169 90 148 102 42
2 2 46 136 30 185 142 128 111 28 115 135 147 153 46 49 167 97 156 160 96 43 105 111 39 79 107 101 93 51 113 200 191 28 3 110 200 175 62 88 14 171 191 34 120 4 134 33 136 68
156 106 84 136 75 92 155 168 180 23 104 80 166 161 6 103 163 119 96 16 34 111 103 162 180 74 155 5 148 69 102 3 136 116 196 102 139 76 181 179 83 6 153 52 187 49 185 31 7 105
172 121 189 57 192 141 80 85 149 126 158 178 31 17 147 189 167 89 141 150 155 149 88 149 168 65 119 114 167 108 36 167 141 54 146 199 146 18 146 10 5 23 14 21 127 155 113 170 172 15
50 59 21 178 50 80 198 20 45 178 153 152 125 121 101 100 125 110 160 54 163 126 98 63 134 117 175 121 68 61 118 68 158 157 140 122 21 133 133 50 139 79 55 186 34 194 125 81 79 45
141 152 41 69 160 186 89 166 12 174 64 8 30 194 173 81 161 57 85 161 148 9 52 20 84 164 120 82 147 96 69 186 12 118 160 194 172 153 114 41 8 114 38 36 171 164 9 140 87 21
118 165 68 9 59 22 173 114 175 72 179 15 14 51 173 193 143 79 75 11 120 46 50 56 63 8 70 27 112 170 116 190 28 14 67 83 175 183 143 189 87 78 2 174 150 113 118 43 85 30
185 103 32 157 130 29 155 96 53 49 87 169 45 50 150 148 27 185 117 44 140 69 21 81 16 114 82 71 76 74 109 33 199 118 168 148 9 68 103 178 106 171 22 139 122 81 140 142 91 30
136 140 3 102 60 173 76 101 62 10 194 4 24 8 64 5 3 113 171 146 169 200 200 22 47 173 200 130 95 10 40 35 127 175 17 165 130 2 38 89 98 194 90 180 13 51 19 72 143 164
189 73 46 171 30 95 188 20 146 149 152 62 91 170 143 92 84 22 90 83 66 89 182 94 92 22 24 118 19 178 41 23 88 31 57 33 101 150 166 7 96 57 154 98 17 79 149 185 9 164
70 63 16 41 42 125 53 22 176 188 54 130 6 162 190 136 104 87 6 12 193 92 45 116 101 152 123 164 197 1 194 48 50 39 58 30 106 75 155 50 29 12 49 12 61 110 140 198 6 51
105 164 132 98 108 97 27 185 34 161 28 77 122 88 4 6 192 168 39 14 55 177 75 63 3 155 193 151 65 189 7 46 176 69 49 175 123 197 73 172 141 32 71 14 134 76 82 133 133 125
193 149 130 171 124 86 191 190 193 45 196 103 168 31 133 107 101 166 106 93 108 154 19 25 54 82 58 82 106 136 134 76 81 90 96 65 27 188 157 108 69 52 19 67 24 186 67 80 194 80
87 52 106 107 6 85 118 8 28 188 123 192 105 80 181 126 1 48 65 48 90 188 179 61 125 159 48 59 28 7 177 142 133 44 27 59 139 109 135 71 76 174 142 181 31 26 124 85 11 190
32 171 161 103 6 122 172 15 113 12 23 136 114 34 29 160 186 38 83 54 53 135 8 128 80 148 91 139 122 12 170 105 141 100 58 117 93 57 115 110 82 159 2 64 95 119 183 102 44 173
21 83 72 13 136 173 105 134 98 56 176 78 174 32 130 125 83 31 118 47 60 80 108 155 88 193 30 99 153 18 132 152 152 99 31 151 170 56 55 19 39 176 70 6 48 113 124 14 90 69
22 176 180 186 195 197 189 30 139 29 94 178 154 71 156 22 3 130 84 72 123 20 11 49 183 172 142 172 118 12 34 25 9 151 4 38 52 120 141 162 59 89 70 24 80 151 162 146 157 144
25 47 38 34 142 9 23 39 79 172 27 74 110 178 185 33 24 29 111 167 145 110 70 149 144 147 106 96 98 77 165 132 188 60 27 92 114 127 107 45 12 121 77 6 42 127 11 191 30 144
117 76 59 105 111 101 193 181 52 12 112 159 19 68 30 1 127 69 124 166 103 87 182 154 194 139 198 189 57 22 7 165 136 39 140 19 28 183 21 163 23 1 140 114 83 125 29 183 90 66
160 38 117 196 93 3 82 26 115 52 149 181 59 136 127 76 200 100 193 33 133 162 66 63 127 125 151 13 148 136 33 80 89 163 132 68 74 104 151 50 29 181 166 54 171 41 25 18 155 103
165 32 67 156 101 31 97 69 166 96 18 46 118 20 17 68 2 126 53 164 1 199 82 151 143 175 83 199 194 78 2 130 128 145 44 141 35 133 178 21 196 144 41 76 38 55 188 194 11 147
52 127 194 32 196 192 137 182 53 39 117 188 125 184 4 36 176 133 19 8 39 37 98 145 60 7 120 71 130 186 40 110 168 117 178 171 94 100 146 33 34 187 4 85 151 44 146 25 37 61
185 55 155 152 171 37 199 89 103 9 41 138 193 67 131 139 56 21 169 69 133 65 129 175 173 44 182 30 38 65 105 16 18 174 88 16 136 67 197 190 162 26 131 195 93 92 147 99 174 46
109 97 10 108 107 8 90 116 54 159 180 186 57 46 7 53 28 31 173 32 141 118 66 7 101 42 12 4 184 116 181 114 7 132 90 62 29 32 141 130 104 138 117 47 45 180 103 19 132 110
