100 	
51	58
0	51	7	3253	7	
1	81	1	2597	2	
0	7	3	284	3	
1	16	3	3652	6	
0	9	3	2572	4	
0	93	3	2704	8	
1	12	8	2072	3	
0	3	6	1570	1	
0	59	7	1295	3	
0	46	1	795	2	
0	36	8	235	2	
1	20	9	1510	4	
0	31	7	941	2	
0	83	5	1526	1	
0	95	3	103	8	
1	17	1	2187	1	
0	23	5	3736	2	
0	14	5	2460	7	
1	13	8	471	9	
0	40	8	1701	8	
1	9	3	2499	9	
1	26	8	1826	2	
0	54	4	1639	6	
1	57	8	1203	8	
1	57	1	4713	5	
0	57	2	3210	5	
1	2	4	988	5	
1	56	3	82	1	
0	10	8	817	6	
1	17	1	2655	6	
1	92	9	2197	5	
1	8	8	1856	8	
1	83	2	256	4	
0	2	7	2813	1	
0	39	1	244	2	
0	7	7	1311	4	
0	47	5	1713	2	
0	11	6	4442	7	
1	85	7	1715	5	
0	54	8	3320	7	
1	46	5	2519	5	
1	96	4	990	2	
1	32	1	200	8	
1	16	3	4158	3	
0	27	7	4742	4	
0	58	9	2833	4	
0	49	7	4351	8	
0	23	6	1929	6	
1	12	3	2324	2	
1	18	6	3685	3	
0	37	6	697	1	
1	37	2	4697	7	
0	98	1	1326	1	
0	79	2	1745	5	
0	32	7	2862	4	
1	51	9	3764	4	
0	46	6	1521	6	
0	16	8	656	7	
1	35	2	1145	4	
1	49	9	1084	5	
1	78	5	605	3	
1	79	8	2221	6	
0	66	3	825	8	
1	96	4	4266	9	
0	99	3	3428	5	
1	92	6	2041	8	
0	85	1	4420	5	
1	80	6	645	1	
1	65	6	2094	3	
1	95	2	1128	7	
1	28	4	1805	1	
0	81	9	2198	7	
0	58	5	1359	1	
1	23	3	2927	4	
0	69	9	792	8	
0	76	2	4380	8	
0	50	7	2158	9	
1	82	8	2885	3	
1	70	9	469	2	
0	79	9	2409	7	
1	92	4	533	1	
1	5	6	980	2	
0	26	1	785	7	
0	1	4	1913	3	
0	4	7	3321	2	
1	40	2	561	6	
1	53	8	4565	2	
0	36	4	3160	5	
0	2	1	2180	8	
0	60	7	3318	5	
0	68	5	880	3	
0	75	3	3048	3	
1	57	2	22	4	
1	73	9	1263	2	
0	54	5	1009	9	
1	26	3	3671	7	
0	24	8	2207	1	
1	63	2	3090	5	
1	96	6	3981	6	
0	60	1	1337	4	
88 162 50 60 180 193 194 105 32 83 145 8 148 51 83 27 166 121 179 35 54 145 146 118 74 9 13 5 67 23 147 64 174 38 102 133 101 28 47 28 108 171 17 130 170 60 6 132 154 187 54 134 149 199 168 173 200 195 50 198 102 85 83 78 28 134 146 151 35 89 23 55 132 85 157 53 116 78 2 80 27 44 129 115 144 169 31 143 185 5 155 102 181 138 169 20 77 7 152 52
161 16 68 185 198 13 107 58 54 197 196 26 184 16 97 135 92 102 145 99 114 198 82 7 118 4 167 173 189 181 124 181 45 115 163 140 191 37 123 24 181 126 178 188 64 43 84 37 152 129 150 110 172 35 47 37 96 180 71 169 1 68 15 3 190 155 106 55 21 110 53 158 36 29 189 11 109 97 128 42 100 131 27 70 174 49 67 14 93 143 91 28 147 179 72 54 68 59 34 16
75 126 67 63 163 10 174 155 29 200 122 55 77 92 88 82 137 135 66 163 38 13 199 6 172 21 79 39 26 15 117 197 139 129 137 153 24 194 109 5 12 192 152 125 100 68 52 86 86 97 193 172 110 49 142 54 53 57 4 131 84 154 142 64 103 90 185 11 81 2 85 142 100 194 94 53 57 187 150 19 167 142 78 136 124 2 107 186 74 25 26 62 15 132 90 145 21 84 193 15
26 3 155 146 87 122 24 53 178 114 26 133 94 29 136 128 53 157 104 2 10 191 68 94 55 78 33 77 6 83 172 155 109 29 76 20 181 100 50 166 93 134 62 57 119 193 138 2 122 129 66 117 122 94 100 190 113 11 100 159 33 144 149 169 62 143 18 43 116 52 150 194 149 134 14 93 146 137 200 92 58 8 157 16 130 95 137 79 92 84 60 10 129 59 150 6 131 10 166 9
87 46 47 138 145 40 80 120 157 158 88 25 102 188 27 56 164 10 64 23 48 46 127 136 111 94 71 108 123 75 165 48 68 157 160 179 117 171 115 8 105 139 173 158 154 128 64 144 36 148 124 46 9 122 86 46 147 156 184 114 67 20 118 19 119 30 118 62 34 99 57 189 119 24 53 91 62 123 124 160 192 131 50 77 138 170 43 75 77 64 165 63 37 117 114 175 200 18 43 15
67 45 138 160 67 68 182 58 49 50 116 56 73 140 132 31 23 171 130 130 89 165 46 89 195 39 159 42 170 12 51 79 188 196 84 56 84 86 75 123 27 33 124 165 102 194 27 45 12 85 7 102 114 109 129 192 194 74 132 83 94 199 25 45 33 171 113 73 56 171 153 124 129 74 74 200 190 28 182 36 128 18 190 141 89 158 67 19 46 181 189 114 9 55 50 102 72 183 26 26
14 79 98 101 13 139 170 59 184 87 18 61 31 113 106 34 154 169 58 91 87 14 137 145 68 24 18 22 30 53 124 4 118 13 38 15 132 176 180 35 15 45 174 118 153 41 6 178 139 22 54 124 23 61 185 56 195 74 26 167 166 174 162 67 9 75 96 115 69 197 5 46 37 138 65 161 72 149 125 51 134 154 99 99 184 174 155 95 194 18 178 56 197 67 60 53 69 123 191 90
189 14 110 143 56 14 149 180 80 170 141 159 81 133 179 152 120 192 182 40 178 40 148 176 44 29 173 193 127 5 40 64 10 109 115 40 133 101 165 132 39 200 135 118 183 9 145 9 80 36 142 130 92 11 37 150 199 102 180 128 88 4 103 64 88 89 177 16 68 111 148 108 119 194 51 5 17 25 162 90 66 185 166 187 53 187 183 124 170 184 43 71 140 103 46 48 46 36 4 144
125 44 183 47 174 42 70 41 25 140 21 46 61 99 118 179 20 8 105 44 14 15 7 188 166 114 165 55 141 92 133 110 142 95 68 180 105 33 68 6 83 148 101 133 141 147 29 196 186 116 67 158 44 122 102 149 53 48 179 130 153 108 175 31 68 198 9 132 175 110 33 155 130 137 187 154 84 99 45 75 191 26 94 5 127 63 83 46 74 62 133 149 142 126 73 82 122 134 1 48
182 141 165 10 80 43 85 9 55 138 133 159 28 162 182 24 96 125 126 25 143 37 155 184 58 4 5 64 109 200 82 32 84 72 171 6 60 138 2 115 38 180 139 95 170 39 175 138 116 72 122 147 195 37 48 168 167 166 173 146 68 160 115 50 56 167 167 101 35 177 53 157 128 135 1 25 194 102 37 169 22 131 107 85 163 183 110 151 28 54 33 184 29 197 196 175 192 178 160 155
179 12 119 58 38 174 189 194 196 63 38 57 89 200 198 120 189 39 122 40 23 112 111 135 194 177 68 89 145 60 3 161 168 159 164 50 190 5 7 122 11 5 6 71 42 172 186 46 28 129 64 200 34 64 1 117 6 81 59 51 19 79 83 31 138 92 90 143 32 74 113 137 36 3 25 121 162 121 152 109 171 164 72 123 170 144 167 120 23 102 163 122 124 199 159 27 54 158 198 168
193 69 158 126 48 200 62 77 121 25 32 118 7 96 176 196 57 85 81 86 3 83 130 93 23 155 105 65 183 122 146 13 64 77 43 135 68 83 59 53 74 13 76 86 72 69 78 173 125 100 133 7 51 37 49 118 182 62 100 111 158 14 172 156 197 70 50 180 84 72 123 31 45 192 20 153 154 110 102 95 179 101 52 114 172 116 26 52 38 15 143 84 96 28 2 37 45 198 66 143
199 195 105 162 128 79 128 37 135 127 185 47 158 57 194 158 55 6 124 33 59 53 49 5 82 110 134 44 193 71 29 172 157 10 104 93 94 96 107 72 175 104 167 84 12 133 21 182 115 130 191 142 116 51 143 114 94 76 147 63 155 44 51 188 190 128 29 174 84 189 93 162 145 13 127 148 23 102 51 164 112 22 7 105 10 185 139 39 193 195 17 66 77 106 147 64 156 173 8 143
30 81 89 164 81 149 133 60 161 55 153 141 19 94 69 130 38 80 106 86 49 6 96 137 152 170 95 87 84 100 170 8 147 26 85 92 44 152 56 15 89 141 70 104 136 72 163 66 28 114 120 1 15 165 144 179 94 138 138 170 81 179 97 13 58 173 117 116 56 168 177 44 152 174 20 67 124 99 114 117 114 2 22 111 106 161 27 164 94 184 146 21 113 50 117 192 41 105 32 42
50 198 165 6 155 149 16 187 58 197 13 167 156 97 191 87 13 70 185 56 60 92 134 47 5 132 122 131 45 14 74 154 22 170 63 107 76 115 76 6 77 151 122 87 196 112 26 81 138 25 188 133 78 198 53 64 84 136 197 105 77 133 66 132 71 148 152 116 145 194 52 119 156 177 177 120 73 141 115 190 175 131 48 170 173 161 165 46 164 36 66 95 35 182 9 74 182 177 136 29
138 62 142 130 82 197 145 37 154 87 121 94 176 57 93 104 56 12 31 45 129 148 96 144 145 17 155 179 133 160 54 94 85 1 12 178 199 116 103 147 94 89 5 169 97 108 45 31 93 142 99 12 154 68 134 117 54 106 174 22 91 30 185 89 160 146 165 49 3 9 73 54 17 167 132 53 121 110 147 45 125 111 174 148 197 41 170 127 122 19 93 34 113 53 162 17 114 30 173 142
98 57 105 148 15 135 8 178 133 79 53 194 74 117 154 63 161 175 41 77 85 63 128 27 93 94 136 83 108 185 76 120 172 25 47 185 61 10 151 129 75 83 95 45 76 60 21 109 174 152 197 174 79 39 116 151 43 192 11 50 59 66 154 62 131 48 127 105 161 101 100 15 197 53 64 8 105 18 179 99 35 92 39 44 91 37 42 139 51 160 124 55 10 196 172 13 200 96 186 100
145 113 103 171 173 10 157 101 158 40 122 8 142 4 118 69 132 78 160 45 27 47 57 157 69 185 191 172 7 93 122 4 120 40 125 135 13 61 182 157 99 192 113 38 34 166 99 8 38 84 32 80 137 95 36 101 82 125 102 149 152 1 113 158 165 113 41 55 178 16 16 134 186 16 147 39 15 3 175 102 172 147 177 117 187 167 189 162 44 146 170 115 63 31 200 167 12 65 115 9
105 6 199 27 77 48 199 176 139 115 145 1 8 120 114 100 99 79 104 100 41 87 52 58 172 14 161 36 189 120 78 20 21 20 135 143 12 180 90 109 13 183 139 176 103 66 170 119 126 115 139 38 80 52 37 112 5 86 61 78 78 182 141 33 72 163 94 93 2 76 70 176 184 43 199 32 13 130 156 48 159 173 146 93 28 35 164 97 90 164 16 71 45 183 18 148 126 190 56 71
132 137 136 43 137 9 75 51 8 99 36 200 160 128 63 22 143 136 85 198 95 80 119 146 69 185 86 187 135 110 55 111 66 125 130 9 13 173 117 79 79 10 1 89 175 86 170 104 108 19 21 92 159 147 147 120 166 17 178 164 11 39 86 109 92 20 34 178 100 14 140 70 154 30 132 39 169 172 177 51 16 5 16 130 104 97 97 181 16 133 4 103 109 159 19 177 62 157 80 48
44 90 20 54 89 134 89 193 62 183 88 86 155 180 172 186 70 136 129 64 71 67 32 147 199 11 175 151 16 84 78 108 160 22 193 138 134 116 6 160 70 180 39 33 10 39 104 26 10 171 94 34 82 54 132 138 120 98 111 137 28 146 51 104 129 128 53 63 7 6 191 62 136 191 121 106 114 118 47 83 76 54 79 37 50 89 97 36 98 161 151 80 64 154 133 4 95 16 55 151
59 52 174 69 101 104 25 109 74 67 5 20 26 107 134 120 129 193 34 109 175 76 112 18 99 61 101 48 77 39 137 21 92 104 9 189 149 43 181 160 33 51 43 161 91 156 141 91 103 53 156 192 92 57 93 41 183 197 42 145 73 92 48 151 52 129 163 103 36 116 184 101 96 30 59 114 80 80 186 70 59 124 17 91 170 151 40 25 87 6 120 179 110 164 35 175 198 195 9 74
171 186 10 64 47 87 120 31 10 41 177 108 2 99 43 182 121 69 155 42 47 74 106 44 75 115 19 73 41 8 70 91 150 132 63 14 96 87 74 79 92 112 49 194 103 23 162 74 137 145 192 88 79 133 69 165 141 124 50 171 40 158 103 147 25 94 49 188 3 119 122 26 80 135 102 67 56 36 101 88 182 83 55 80 99 70 2 49 10 181 109 187 111 31 1 49 169 100 125 185
59 146 86 169 33 133 63 63 6 181 126 51 168 55 176 1 4 33 181 167 168 96 23 116 32 199 195 102 198 126 56 197 170 13 172 54 60 92 86 191 102 179 185 6 32 152 113 142 51 54 108 123 9 60 133 114 143 29 162 181 130 183 68 29 47 87 195 186 64 100 174 78 64 148 46 103 136 134 56 114 85 7 135 145 117 40 95 197 51 136 137 200 21 109 140 106 26 111 151 28
27 119 113 100 95 10 123 34 52 83 121 156 41 23 14 11 48 51 174 176 51 193 173 182 30 42 174 95 150 124 43 16 41 38 188 180 115 171 50 129 67 12 23 166 196 129 190 62 104 163 115 200 122 191 128 97 77 133 154 163 18 180 144 16 137 142 134 184 109 101 15 130 193 178 97 149 90 68 5 107 21 114 122 111 42 177 30 186 179 90 17 175 184 147 134 165 127 187 137 63
193 169 151 4 98 70 139 82 152 127 55 64 38 106 42 18 68 198 88 91 114 117 90 118 107 19 183 44 128 108 33 169 104 119 191 180 14 98 200 8 12 121 25 192 137 95 131 186 27 4 6 114 84 195 195 122 165 88 166 198 117 47 172 177 67 134 105 180 98 167 174 81 115 60 99 134 94 128 44 88 109 15 135 175 22 81 86 39 89 155 47 51 183 13 147 130 2 162 156 116
126 10 133 51 77 9 194 185 93 190 54 29 29 60 102 25 82 39 58 112 180 196 94 138 28 26 200 39 98 197 173 69 71 136 66 59 71 178 19 29 72 23 168 184 194 185 43 79 98 41 39 196 120 33 95 122 57 149 111 80 44 158 105 140 141 151 92 92 27 22 145 177 169 137 194 117 2 116 123 161 84 68 71 12 195 159 90 118 86 19 6 119 70 18 121 85 47 20 110 66
54 3 116 21 19 157 75 124 126 43 29 55 108 189 78 33 88 11 32 41 4 19 120 133 113 179 175 151 66 4 45 152 6 67 62 72 197 30 115 140 96 96 49 114 164 109 193 56 92 163 16 57 121 108 152 150 189 146 19 155 61 122 106 41 23 36 132 192 105 104 21 41 97 57 114 196 42 60 122 6 9 161 190 186 156 149 96 1 141 196 106 95 144 64 96 110 95 22 12 86
155 197 158 74 95 180 159 156 125 54 50 199 65 23 149 161 84 104 65 85 74 148 77 20 91 117 196 85 81 169 170 59 178 104 155 16 134 141 39 26 111 95 54 27 125 145 193 143 197 183 18 98 181 22 127 200 3 159 58 93 164 71 1 182 40 87 54 42 23 165 172 111 6 63 68 105 4 144 34 19 60 180 136 18 132 55 34 102 41 101 101 43 32 146 74 137 1 82 43 151
137 193 102 176 119 21 139 101 91 176 152 64 143 8 155 83 95 38 51 65 197 95 92 179 169 21 169 143 196 158 19 25 108 6 38 175 175 21 193 42 19 38 111 63 22 199 13 200 183 86 8 78 22 89 170 173 153 151 129 167 103 46 19 100 123 100 110 180 52 56 150 95 163 60 104 51 125 86 13 52 106 148 128 92 98 25 49 199 178 80 98 26 86 51 131 184 41 31 65 55
200 31 200 66 191 57 178 174 149 44 69 23 32 52 128 182 165 113 140 155 115 48 142 47 37 115 182 190 57 90 110 185 80 78 71 166 57 74 126 115 42 125 168 95 46 151 197 165 94 194 163 118 83 193 158 78 192 67 73 200 68 50 132 71 157 90 74 171 7 162 88 200 32 66 119 99 66 198 70 103 158 183 78 138 40 108 79 157 122 99 101 58 157 116 62 126 150 183 7 2
44 197 149 153 185 57 77 183 67 175 77 157 98 38 72 30 60 50 180 135 10 43 38 42 51 53 3 78 155 167 51 127 172 68 36 105 177 18 140 87 94 44 36 17 124 108 113 180 98 45 107 74 141 91 22 69 21 104 125 21 135 90 1 68 3 144 116 24 128 193 86 73 6 123 100 40 117 15 73 68 74 148 98 124 86 173 133 22 113 21 184 194 37 2 10 88 88 121 54 53
139 175 145 23 75 135 72 1 166 161 76 1 100 134 73 149 33 181 69 137 17 94 17 86 127 23 127 179 30 148 51 110 107 193 25 144 14 125 8 55 59 175 44 180 182 21 72 200 106 180 34 118 76 146 66 190 125 14 70 73 191 79 168 137 7 24 131 10 119 134 189 197 69 159 22 90 102 161 19 196 186 176 8 80 190 169 27 177 110 12 15 1 199 140 135 197 47 160 191 17
151 17 177 25 17 187 150 111 17 186 37 123 192 33 138 52 119 126 15 85 198 78 178 158 131 35 68 168 25 65 109 180 34 165 60 160 32 76 134 96 108 102 42 43 93 173 113 86 29 63 54 189 38 152 38 128 29 118 133 26 68 83 135 67 179 50 60 157 67 149 74 34 49 144 130 119 8 189 99 179 128 130 34 167 175 107 134 103 97 26 150 75 109 11 158 24 149 47 101 187
15 177 196 92 199 134 19 161 32 27 105 146 73 92 198 174 76 83 34 88 63 124 127 71 36 14 123 192 83 26 200 55 14 44 95 42 48 194 157 116 17 40 86 130 127 120 96 91 19 81 137 58 46 100 86 146 39 29 108 113 92 193 171 64 56 171 119 17 27 29 120 148 104 186 21 139 16 115 182 108 124 142 34 20 86 160 96 58 110 144 27 79 147 85 133 112 113 25 162 177
195 94 58 68 138 112 19 126 169 30 128 13 29 179 31 70 96 102 160 130 34 173 121 122 176 109 196 46 151 19 2 5 7 163 183 179 154 143 154 14 64 195 71 183 72 42 181 107 38 50 109 47 83 18 177 58 66 14 75 172 46 71 154 180 168 153 160 172 171 139 156 86 58 74 20 196 4 21 33 74 183 63 9 130 140 24 5 137 110 57 28 144 57 75 119 70 50 190 17 40
98 114 176 118 8 172 36 105 57 13 28 153 184 51 67 185 151 128 55 151 188 123 57 2 93 145 108 86 69 133 191 116 5 2 131 126 64 135 159 107 198 147 129 162 58 40 194 169 197 127 44 88 32 15 30 18 70 165 147 107 50 23 119 16 195 41 27 167 13 199 128 5 23 200 76 9 154 72 14 142 66 125 82 76 123 51 81 70 179 29 73 187 139 163 23 14 15 61 118 170
141 50 132 100 182 155 31 179 175 186 82 61 74 36 24 168 77 89 52 97 72 23 74 92 5 80 74 185 189 123 180 162 52 168 181 82 25 37 129 120 32 14 85 92 171 27 53 199 37 142 19 53 153 159 80 102 145 175 22 135 100 172 121 31 67 117 63 173 13 14 97 133 13 187 170 172 145 147 190 14 92 37 64 54 148 107 106 42 52 30 174 150 58 28 72 171 72 51 22 168
86 1 1 57 53 138 86 159 115 149 188 53 28 158 77 46 172 160 4 183 177 14 27 106 11 80 42 103 177 111 35 151 114 110 98 150 149 15 172 135 14 119 41 130 144 93 153 177 75 75 138 157 190 110 94 88 119 45 5 136 94 146 121 92 47 18 159 59 113 143 182 88 172 18 54 135 175 81 145 188 62 116 122 101 152 101 136 110 154 56 175 141 30 89 200 135 139 173 110 146
69 93 103 65 68 125 55 42 166 74 47 36 180 146 42 75 62 166 28 84 43 82 120 107 21 114 179 182 189 68 30 87 85 65 84 172 164 178 95 12 21 148 20 118 158 174 141 198 85 152 192 99 172 62 102 36 27 131 43 159 57 108 6 186 31 5 52 98 9 45 142 57 169 60 14 158 34 41 22 100 7 133 27 70 113 32 158 191 137 57 109 129 199 55 66 179 56 151 187 163
58 8 116 4 42 168 8 5 136 173 176 101 81 96 85 154 80 19 161 42 105 132 24 148 152 117 75 169 165 110 111 15 197 81 164 173 61 141 193 29 140 150 185 46 33 70 15 187 114 189 160 20 115 127 83 117 114 18 197 103 15 81 156 190 90 15 129 57 123 69 125 126 76 42 74 186 75 188 37 125 112 188 198 1 114 123 197 154 93 182 49 65 198 126 160 134 29 115 168 180
6 106 152 170 131 189 131 162 64 108 51 39 114 100 63 108 74 139 130 179 133 87 127 63 129 49 179 5 92 20 172 19 159 7 149 181 171 176 167 85 93 134 24 43 90 79 35 160 93 3 77 90 197 69 129 107 49 146 31 16 128 73 115 86 103 36 151 163 196 148 105 73 175 163 175 200 119 159 7 130 159 21 181 90 155 28 109 133 136 145 165 87 100 19 129 59 53 45 97 57
30 115 55 54 145 160 54 8 11 121 153 24 23 100 194 77 19 190 68 22 7 100 103 72 66 62 184 123 148 117 188 116 18 177 179 3 40 184 184 24 117 173 142 73 167 70 47 104 100 28 18 145 86 25 98 78 158 40 130 67 64 147 26 150 21 131 174 154 129 11 128 152 109 135 108 122 23 56 77 122 126 150 28 199 74 169 40 189 76 116 155 77 14 77 129 133 67 135 177 60
172 79 16 165 148 15 53 66 15 102 193 43 70 77 197 138 18 10 60 50 46 106 109 187 185 191 26 40 143 15 2 42 123 85 52 62 127 69 88 152 61 16 148 113 127 161 54 163 153 141 86 37 173 32 70 172 95 162 186 27 13 88 140 135 52 154 101 41 102 177 24 162 180 105 161 167 182 154 87 172 52 18 166 116 10 89 3 79 87 124 192 149 67 97 164 98 56 58 9 98
178 183 36 86 115 60 94 199 119 117 115 143 164 130 63 171 28 148 5 60 149 163 46 107 52 168 19 156 169 7 110 1 124 42 183 82 39 156 68 52 69 138 92 87 102 103 178 31 110 72 63 68 73 31 192 133 1 187 54 24 102 48 72 43 24 18 33 71 172 47 142 146 49 162 156 3 4 176 94 102 57 35 33 77 73 50 91 61 124 83 156 92 93 159 23 119 65 187 32 119
171 155 155 133 66 11 178 22 11 130 134 179 10 130 165 26 190 161 83 180 81 139 40 78 33 6 159 172 4 174 79 116 97 153 135 170 117 13 74 109 113 192 173 85 7 117 75 57 109 187 191 49 192 29 57 167 89 80 95 69 148 152 20 37 186 119 4 128 1 181 151 114 62 197 188 143 56 35 113 106 193 7 163 53 82 114 188 73 22 181 143 173 161 186 120 97 113 33 197 167
15 70 36 156 58 99 56 115 165 93 178 74 98 190 140 159 19 8 34 147 45 11 66 158 173 29 13 24 48 119 132 56 198 165 50 73 26 41 46 70 193 117 120 118 79 198 63 11 18 166 60 102 95 120 116 190 196 43 62 7 99 76 154 190 83 135 195 140 53 182 151 56 9 131 151 138 191 138 173 190 42 176 127 188 34 90 27 176 4 76 139 73 80 97 45 127 3 148 138 149
113 151 117 181 150 186 116 140 23 132 57 47 63 86 21 168 15 22 192 61 116 198 69 41 83 129 51 43 126 178 34 84 9 136 91 126 59 147 64 7 164 178 45 141 50 95 111 101 117 169 23 193 118 154 182 21 172 73 110 90 171 191 118 20 155 196 6 73 83 191 52 28 36 98 153 25 10 24 73 138 148 32 140 141 35 169 181 129 128 60 5 175 1 164 82 21 40 81 187 51
154 163 138 148 178 165 108 108 79 82 41 90 81 18 29 45 192 167 45 37 166 197 100 194 111 33 181 5 112 165 136 91 46 46 21 169 6 153 59 74 20 96 186 87 174 148 69 175 35 21 77 55 171 188 9 187 123 150 36 178 63 165 23 95 84 169 109 82 146 79 146 160 159 95 90 109 114 51 45 11 98 28 47 124 189 164 95 200 38 125 143 142 91 173 123 51 127 127 93 91
41 107 37 170 48 52 79 6 124 18 35 56 177 174 180 137 72 42 176 93 109 79 96 99 146 137 45 14 133 111 105 75 197 67 57 86 25 162 148 103 24 13 107 111 9 125 93 181 7 112 187 64 16 37 31 63 39 139 189 48 137 125 13 198 133 61 190 55 2 77 118 14 32 61 148 130 127 153 19 91 61 87 102 57 146 40 35 172 175 185 138 40 109 53 196 72 23 181 187 38
181 19 21 195 162 15 33 65 81 28 106 109 73 22 54 103 82 117 96 91 133 143 108 36 88 43 28 104 157 159 152 18 109 100 42 11 97 184 185 107 130 16 131 67 102 165 193 159 190 133 172 108 125 86 121 45 48 195 9 16 118 41 5 138 117 85 113 130 43 26 108 92 114 105 186 98 121 151 89 81 105 152 43 113 138 3 160 35 184 3 66 65 142 149 183 109 33 70 26 56
171 161 95 152 103 34 19 71 21 46 22 72 153 166 58 185 17 137 141 180 128 81 176 81 125 3 68 155 105 89 196 51 2 135 42 121 58 165 75 14 142 101 187 141 36 84 159 133 126 92 157 48 93 70 165 28 183 147 78 173 124 94 83 173 38 176 7 133 110 59 94 15 193 145 72 134 3 74 63 50 177 163 28 111 7 174 24 90 87 123 82 24 163 44 141 65 171 173 12 139
5 133 67 176 145 124 168 38 112 175 184 182 11 110 67 170 191 188 100 174 145 47 180 42 104 36 6 128 189 68 82 140 149 15 80 12 25 37 122 157 168 5 138 98 172 104 43 113 69 150 191 43 117 170 184 141 61 184 60 143 186 5 125 39 25 46 193 170 37 197 196 79 199 161 107 127 91 103 98 113 115 26 7 15 35 11 144 184 184 176 157 48 54 151 173 6 112 27 143 183
100 98 131 195 155 177 39 130 60 171 89 104 42 137 186 122 151 42 28 74 96 121 43 21 46 51 20 104 200 146 15 136 49 156 169 119 38 134 14 83 8 106 33 169 31 142 103 116 145 81 192 154 99 89 164 49 57 84 147 24 20 200 16 58 95 45 16 188 24 96 2 60 93 81 102 173 179 69 145 92 112 109 139 12 17 109 153 52 159 13 14 154 147 198 15 21 37 173 16 77
183 29 167 60 195 84 131 126 93 89 149 100 172 181 154 162 14 62 182 198 136 174 47 26 89 49 7 6 154 136 8 120 70 69 53 7 41 109 56 103 8 193 79 49 55 123 55 197 26 147 135 124 122 171 90 140 138 170 172 1 166 89 139 170 17 72 69 125 103 172 139 67 127 27 68 83 73 103 42 29 80 52 119 39 87 124 172 96 154 160 136 187 153 65 47 53 27 107 14 142
112 69 84 31 69 81 52 120 12 145 61 70 44 126 159 160 78 92 20 197 31 46 50 35 151 151 42 159 190 23 63 131 103 3 178 17 119 98 47 77 60 105 56 180 137 48 52 64 165 2 123 68 109 145 142 26 180 150 59 113 166 147 56 156 174 176 134 11 157 60 185 139 154 199 59 62 187 44 38 78 76 91 92 47 111 179 88 56 61 164 111 17 9 141 119 151 126 68 139 193
151 132 82 190 104 51 61 95 117 40 57 62 159 123 75 116 32 64 1 157 64 53 53 184 47 73 29 150 94 198 25 173 21 53 1 115 59 176 23 150 6 156 199 10 86 107 78 83 69 65 109 32 125 58 194 130 114 78 30 94 1 127 31 21 37 45 62 29 132 15 34 187 122 168 89 196 162 143 82 162 101 33 122 19 177 78 70 125 95 44 99 28 58 23 15 148 118 167 196 191
7 181 133 76 150 188 54 32 22 38 58 37 157 33 30 151 88 118 145 134 112 128 76 129 127 177 112 17 160 40 22 108 144 187 62 84 40 147 193 149 193 102 3 58 188 129 27 66 21 73 93 112 127 62 132 21 30 144 170 168 56 14 71 23 127 142 168 105 120 30 93 115 67 11 184 159 166 134 191 35 167 180 30 123 189 115 119 113 157 113 196 164 58 90 53 98 18 99 5 123
121 81 97 135 47 185 6 99 196 48 98 139 1 104 30 136 173 52 67 75 185 186 17 189 64 32 100 183 81 106 95 188 11 77 172 176 7 80 173 75 124 164 114 147 105 146 4 171 172 112 113 127 187 182 192 144 142 168 28 40 60 130 141 114 85 161 179 30 129 27 65 126 83 104 181 34 196 25 116 107 132 148 168 59 14 91 148 195 84 16 138 5 52 105 130 197 58 20 197 1
109 149 128 42 102 195 62 75 131 125 132 64 135 189 18 60 161 55 47 87 153 193 9 118 124 5 107 184 154 41 81 18 151 31 88 160 41 52 144 76 132 126 5 14 45 178 54 191 37 137 22 66 46 105 86 110 191 194 150 22 63 102 108 92 134 69 152 85 30 172 157 57 41 162 137 134 159 133 134 63 125 117 183 15 97 80 63 128 116 195 18 42 1 129 94 54 167 155 100 99
1 180 96 151 88 108 167 184 92 53 191 34 155 174 176 3 59 193 93 115 123 41 105 154 169 117 65 61 6 101 152 71 170 146 21 195 130 48 127 105 141 87 49 113 156 141 68 46 189 34 182 120 64 94 36 9 157 60 56 22 80 16 74 30 68 161 96 53 187 40 32 101 15 192 149 40 183 131 67 87 188 131 113 114 156 95 33 134 63 13 91 76 3 23 14 178 78 175 20 51
160 102 42 189 160 188 163 44 102 172 90 109 145 115 59 8 1 4 11 138 138 10 37 200 10 107 137 149 46 40 70 97 40 118 139 107 40 179 48 52 29 135 197 113 73 148 131 79 69 13 143 31 140 7 16 19 79 113 122 170 74 130 34 57 81 14 145 126 138 180 194 154 118 55 25 51 13 46 175 131 49 71 9 194 13 103 160 64 189 69 1 198 37 24 92 125 111 133 140 126
191 143 195 36 185 135 171 100 73 63 9 177 95 171 111 55 41 92 7 133 10 133 165 61 149 122 122 90 89 7 105 27 39 72 101 185 124 54 26 191 102 60 112 159 4 140 64 6 165 170 20 66 123 15 129 148 173 143 172 43 68 53 198 124 51 87 39 99 76 119 171 63 17 96 147 54 120 173 54 63 174 29 80 6 180 144 160 69 71 180 127 65 97 52 14 28 32 183 178 24
110 156 99 152 169 150 145 155 11 51 90 151 145 153 27 100 16 22 41 23 167 186 101 155 47 51 121 158 135 42 75 194 113 127 76 83 101 145 126 57 148 143 186 177 152 20 178 139 193 142 109 188 121 178 14 111 145 189 188 107 132 64 127 31 181 100 124 21 195 105 8 148 200 13 38 126 179 86 154 52 20 17 117 196 109 5 86 132 149 163 120 162 165 185 46 41 121 95 90 176
116 148 144 34 76 142 58 106 125 9 133 1 5 31 36 8 103 61 165 194 166 18 95 192 40 18 71 128 79 145 187 168 131 161 170 97 23 38 197 39 29 82 168 27 142 1 157 69 86 4 37 170 154 136 176 191 96 108 194 57 75 37 110 155 16 73 94 185 92 191 125 9 64 149 10 103 43 49 174 121 95 3 27 36 140 98 168 72 84 13 149 86 177 96 67 48 149 104 37 121
28 176 70 90 126 97 147 104 86 167 182 55 55 193 44 52 85 174 43 137 100 89 8 89 187 1 50 45 102 167 156 73 44 20 128 65 180 56 78 152 10 113 25 64 158 167 135 22 113 113 87 100 57 49 118 165 9 1 165 138 45 192 100 167 170 140 107 75 146 128 78 124 30 72 164 79 98 127 46 153 76 128 168 185 109 137 132 180 155 164 40 21 125 74 78 82 116 67 170 19
19 12 166 116 115 180 36 184 192 115 99 129 133 94 103 48 106 133 130 125 124 172 37 35 39 199 164 160 47 96 9 132 69 126 135 26 13 145 101 34 136 120 161 36 180 100 25 157 70 195 98 197 82 51 7 38 79 107 86 42 142 141 189 91 157 193 110 105 14 62 17 8 108 200 132 26 118 21 154 140 153 8 115 37 57 32 86 4 152 115 119 34 132 9 136 170 153 110 50 58
147 160 142 31 118 78 88 91 22 77 90 110 127 22 129 199 155 171 66 80 85 134 4 70 30 116 76 12 73 131 200 199 50 116 132 29 192 190 81 189 135 23 147 98 88 28 156 87 78 57 34 68 184 42 100 134 180 49 115 82 87 161 150 163 178 58 115 165 181 98 126 55 192 166 113 36 116 42 13 160 171 81 69 175 120 106 61 109 68 10 182 2 77 19 41 131 134 199 38 171
34 44 94 108 193 151 128 171 173 45 51 42 8 143 108 56 30 138 49 107 182 1 196 71 133 37 53 83 22 127 72 8 57 64 72 65 150 40 175 140 71 63 151 60 56 54 137 162 89 47 83 63 170 135 139 79 68 150 148 137 191 85 107 182 137 158 19 126 117 194 43 151 138 185 82 143 89 150 190 171 92 120 111 194 87 107 43 57 159 86 100 31 167 14 112 199 177 5 45 180
148 32 81 114 162 86 189 82 168 136 165 24 155 171 67 113 156 65 121 48 39 24 8 53 78 116 62 78 158 153 134 114 85 196 128 172 97 140 68 126 126 147 191 137 75 168 79 154 142 199 122 111 55 182 18 134 188 14 114 150 14 32 146 13 162 3 45 3 72 85 160 97 52 48 94 183 200 34 155 86 137 103 102 9 46 176 61 198 121 120 17 102 88 100 124 178 52 170 121 192
25 49 174 176 55 189 76 74 71 11 163 59 135 11 35 183 105 74 84 11 24 1 170 29 86 174 49 167 180 147 32 103 26 176 103 64 111 3 119 64 162 135 64 158 141 43 7 199 59 43 109 170 186 141 75 179 92 20 103 79 72 61 42 132 170 50 62 61 137 137 140 186 51 145 53 200 25 24 81 197 137 39 108 115 89 60 59 62 28 172 141 118 67 47 151 53 184 34 133 110
144 51 6 115 43 152 113 166 182 100 58 13 24 151 20 58 78 37 75 185 169 161 109 144 171 76 1 11 94 197 56 50 4 197 139 95 52 12 130 174 67 28 101 101 8 22 11 1 174 17 147 53 121 177 26 65 189 118 50 119 49 37 46 26 185 1 181 88 183 56 69 150 97 94 166 132 129 134 123 7 128 126 54 101 155 172 154 121 57 99 117 15 181 99 113 45 12 87 4 162
131 91 131 50 133 46 74 53 151 99 146 62 37 149 73 110 85 153 71 148 20 179 129 89 19 151 113 161 152 169 67 158 126 177 110 55 196 6 108 139 110 151 86 156 39 166 44 65 99 188 66 12 168 88 49 172 102 20 56 27 193 17 88 7 29 135 113 180 76 60 28 126 39 23 24 49 162 179 194 11 187 114 186 52 85 57 79 98 186 90 200 51 64 122 118 32 3 35 200 171
110 72 191 37 142 95 4 69 33 162 83 167 127 81 144 112 178 144 194 46 153 138 117 88 26 166 143 16 150 154 110 83 29 49 109 85 10 6 111 14 128 191 2 108 162 142 148 101 190 142 150 43 158 96 157 157 142 63 78 42 138 47 144 35 24 61 39 55 70 86 130 161 85 156 71 51 94 190 112 46 143 163 60 6 171 37 18 81 125 176 186 65 122 178 188 90 198 117 140 101
157 128 75 193 14 173 151 123 73 19 74 64 53 99 74 104 147 54 122 159 162 31 177 126 163 25 186 71 98 183 110 5 97 172 120 2 152 88 38 69 31 183 46 88 155 88 167 154 90 144 110 123 161 26 54 54 4 76 148 127 100 23 67 157 90 21 196 74 157 132 135 104 50 57 117 90 57 98 98 33 17 47 24 119 137 143 91 63 109 25 185 46 140 156 135 183 134 127 115 170
189 18 106 110 160 155 53 98 91 132 12 79 81 71 79 129 105 132 2 51 162 179 171 11 176 123 148 42 192 192 193 31 43 166 3 42 19 81 4 160 125 42 17 139 9 72 70 108 168 72 172 112 121 125 162 105 166 184 197 169 56 83 143 170 75 132 61 124 29 153 39 172 177 86 90 55 164 94 45 117 168 52 1 15 33 98 109 10 123 155 11 125 12 163 154 146 194 19 56 177
29 166 158 164 88 81 99 33 88 63 11 100 1 2 107 122 199 99 144 19 44 186 40 48 188 172 149 131 171 142 110 191 96 107 14 162 35 125 29 190 157 34 52 55 143 140 81 170 146 132 58 75 180 170 67 83 154 25 113 117 86 176 94 136 184 80 89 2 25 25 57 45 167 12 56 108 37 163 90 167 172 119 133 77 43 68 97 155 190 144 196 57 159 60 97 95 119 39 126 37
119 140 41 109 182 62 97 94 146 20 16 34 139 159 34 13 17 74 150 108 125 172 18 104 121 66 112 49 28 91 161 150 99 11 59 2 101 180 82 110 70 68 26 129 63 79 87 167 71 116 131 6 117 24 15 71 27 18 176 122 101 142 88 120 91 14 185 150 132 81 99 192 45 102 198 171 189 79 54 160 179 54 162 154 145 66 40 199 10 166 154 189 46 23 180 18 82 63 79 157
185 178 107 183 86 18 177 34 2 15 19 86 70 178 32 151 11 119 166 112 5 46 80 87 135 127 21 44 47 187 91 20 88 100 52 183 124 148 157 109 93 181 53 176 77 88 53 196 55 1 200 66 75 154 58 30 175 41 133 99 60 73 24 160 121 141 154 165 160 175 77 146 67 40 83 191 194 133 122 80 150 135 102 82 115 137 90 94 43 1 30 170 42 118 104 53 64 71 20 50
100 132 32 54 19 170 158 145 189 55 84 19 191 117 170 124 170 168 57 167 187 159 70 124 195 81 82 122 13 11 99 33 40 110 20 38 194 167 28 99 77 160 65 102 135 173 166 75 65 4 18 196 78 94 57 72 101 5 170 80 62 10 65 149 119 61 8 72 15 19 122 90 196 170 104 148 142 26 183 111 72 183 72 92 1 34 154 152 102 96 110 160 76 143 26 131 98 71 116 160
21 101 73 78 11 63 82 106 41 18 4 134 17 10 174 153 179 63 169 186 133 79 17 106 190 94 173 117 24 114 82 162 16 3 6 139 126 58 57 142 121 73 200 21 28 119 109 172 15 192 193 41 55 6 3 176 158 22 188 177 145 69 84 177 199 91 1 157 34 193 38 111 173 18 5 177 111 59 198 18 80 98 37 189 85 90 47 52 169 109 20 10 37 134 6 147 31 82 57 26
109 140 121 59 117 81 69 188 110 64 194 90 25 193 47 58 197 78 105 127 133 15 166 89 74 99 125 73 175 188 22 99 166 194 187 103 24 171 125 50 26 78 46 17 91 159 89 184 116 74 67 160 34 101 1 155 19 198 52 106 30 159 102 159 114 197 44 78 27 10 75 144 185 182 62 155 143 92 142 109 129 199 18 83 18 103 165 29 4 60 133 35 124 169 164 151 27 195 1 164
32 148 100 189 67 134 85 46 174 111 143 10 98 68 129 187 12 79 49 141 33 192 198 13 92 125 117 6 64 168 32 193 75 3 147 181 136 132 28 174 146 146 157 6 8 80 192 20 2 162 9 73 181 176 159 78 138 89 156 34 154 96 110 89 27 30 134 17 17 140 157 193 34 100 45 166 97 36 74 105 1 89 90 134 182 64 6 142 53 158 42 199 20 125 48 193 14 39 38 140
17 163 104 131 27 7 199 185 6 136 44 12 125 144 172 93 48 37 144 2 104 91 200 197 95 65 197 79 103 128 53 80 79 27 178 83 45 119 52 85 5 120 100 163 112 196 130 43 124 199 167 78 51 128 103 114 144 11 68 136 54 44 113 132 21 134 155 99 198 34 143 182 16 44 134 28 194 176 123 165 89 103 62 121 71 122 78 67 39 14 158 128 162 165 43 189 111 183 16 200
181 60 161 108 92 47 187 158 52 154 25 13 161 117 120 179 93 160 100 9 144 193 54 141 80 178 73 23 106 12 61 194 19 33 101 159 5 14 165 115 71 169 137 181 8 197 78 69 189 152 174 17 1 137 26 157 171 139 100 192 61 167 102 159 176 177 5 12 86 110 19 57 28 26 91 62 157 77 141 29 87 85 101 42 86 118 13 81 120 19 59 170 162 97 20 107 27 189 17 157
36 90 90 64 75 158 45 46 151 189 200 174 157 197 60 58 107 23 16 129 168 53 128 170 9 9 36 104 169 166 85 147 193 186 59 155 38 60 70 178 44 40 111 3 33 38 29 117 168 111 49 108 104 124 38 148 15 26 128 158 187 38 96 96 178 99 163 81 127 145 193 155 101 97 34 21 173 85 156 74 119 34 145 27 35 32 44 86 89 45 156 37 66 79 162 144 189 56 189 195
159 119 155 37 69 133 193 105 41 198 61 19 171 31 142 88 170 21 71 35 56 67 3 60 194 149 153 31 131 198 126 123 24 81 71 120 35 56 14 74 66 165 193 23 37 22 120 43 163 35 100 52 195 32 123 58 188 170 21 188 104 122 3 44 8 12 175 158 5 22 72 182 66 129 94 149 145 15 178 31 90 148 19 60 59 56 66 174 142 199 70 177 55 148 179 94 139 156 199 44
75 122 2 8 197 96 109 118 93 78 61 21 82 127 120 200 93 169 63 170 140 158 123 171 134 39 135 13 117 142 166 25 64 140 134 40 138 118 9 121 70 132 148 6 17 192 158 56 38 131 171 58 53 181 160 10 187 142 78 13 107 14 121 116 145 74 138 148 31 26 1 39 4 105 33 21 37 99 181 181 35 148 5 28 160 53 76 95 35 8 14 146 97 177 48 39 196 12 154 91
163 200 178 20 36 133 108 23 189 132 189 119 15 107 173 190 167 89 42 64 130 97 100 106 41 21 77 179 195 91 81 140 21 176 23 75 93 67 185 8 96 195 183 25 31 140 64 119 25 178 128 154 103 148 174 88 56 53 156 79 25 103 200 109 142 149 76 38 57 77 1 76 27 81 26 96 38 78 75 58 112 68 14 81 42 198 147 35 108 52 151 65 3 99 131 147 123 27 84 178
116 31 23 85 37 96 14 47 25 121 38 75 33 159 82 111 67 45 64 9 13 186 84 85 13 119 104 26 58 82 93 6 187 175 77 20 141 149 173 173 170 144 34 200 33 13 69 55 52 183 53 179 116 151 170 68 61 154 131 155 147 22 37 197 196 136 57 148 30 196 190 136 36 199 117 106 111 198 33 2 175 131 191 118 119 89 164 153 185 124 46 6 30 56 20 114 42 81 15 177
171 76 124 79 30 87 82 194 35 191 99 141 114 101 29 92 146 151 157 61 147 46 170 4 125 95 82 131 163 8 98 85 128 99 90 77 131 109 13 140 40 179 83 95 127 65 33 116 171 48 44 37 55 166 47 87 75 15 87 193 9 19 132 49 14 42 178 37 68 125 31 121 103 22 104 42 185 156 72 46 181 66 144 43 1 185 101 9 133 56 167 103 69 192 125 188 41 99 159 73
52 36 67 69 74 100 168 137 161 72 41 78 92 174 34 3 47 48 19 24 198 164 100 37 45 153 56 116 11 79 67 47 94 29 32 121 50 191 78 165 117 103 171 81 93 178 48 180 118 170 142 44 192 138 159 103 124 141 126 172 53 195 1 64 15 39 188 106 15 195 57 45 184 85 57 196 89 93 47 178 35 132 104 83 53 134 74 186 34 84 78 154 160 30 172 71 140 38 6 178
148 43 163 42 163 158 77 113 77 143 20 158 69 199 138 33 44 51 80 86 189 7 152 80 176 87 39 72 30 10 50 166 55 161 136 158 165 177 121 178 151 79 36 124 84 92 153 74 122 33 127 102 168 137 43 24 98 36 65 135 100 61 73 108 113 79 183 128 37 64 83 134 102 41 150 14 136 55 15 173 163 124 55 193 40 109 132 8 186 97 21 124 139 148 63 198 14 8 11 72
191 171 136 175 82 89 91 142 36 150 169 48 165 21 184 190 52 66 109 35 102 112 38 7 21 16 198 174 136 18 177 18 133 135 102 184 36 72 31 114 154 118 73 142 21 42 100 144 98 158 177 91 129 146 194 37 184 62 83 72 126 110 103 53 106 130 20 67 98 170 174 174 65 22 158 163 57 181 170 108 153 167 135 13 195 53 176 140 149 101 1 13 194 55 25 66 63 146 35 16
29 64 58 26 47 88 189 20 150 66 96 44 81 40 152 133 185 77 187 138 43 178 1 123 102 39 44 191 117 7 20 11 113 100 7 97 157 142 197 133 123 102 191 148 192 63 191 49 78 15 44 190 200 161 56 64 6 110 81 142 113 134 89 42 187 90 91 118 75 55 46 200 172 195 189 15 151 75 31 41 80 92 75 198 46 104 3 105 122 144 11 86 55 192 66 167 12 188 58 184
42 92 84 190 78 99 135 24 104 168 85 75 144 58 155 61 176 48 131 113 125 17 98 129 34 41 96 25 34 163 167 53 58 152 29 20 60 20 127 33 167 2 48 148 20 176 39 47 145 110 21 145 146 197 64 14 74 135 106 57 62 163 6 160 168 19 192 181 144 60 68 42 174 29 190 46 155 127 56 176 93 173 144 64 167 17 118 74 189 121 103 192 38 16 14 88 83 29 160 136
165 86 109 125 40 176 95 135 97 200 162 32 101 66 7 121 101 148 186 61 157 16 114 130 51 95 25 196 184 144 152 59 34 118 31 144 165 21 22 126 111 102 1 65 101 70 113 153 91 89 87 21 197 33 180 86 133 145 101 193 139 57 145 10 61 117 89 108 60 148 59 67 135 136 194 24 45 180 43 98 176 170 56 84 185 62 67 193 191 23 182 38 30 131 159 11 10 198 122 166
100 100 97 89 113 140 59 86 152 13 127 49 22 134 145 42 127 187 134 182 120 95 61 112 30 151 129 81 9 194 158 137 25 50 88 175 9 172 113 119 52 38 149 147 30 39 20 91 14 48 49 102 29 94 115 145 10 154 143 135 3 143 128 120 98 144 30 89 185 194 28 186 184 108 31 128 74 65 135 100 34 31 90 79 144 186 168 46 186 116 175 174 72 186 62 42 26 6 52 126
162 111 59 130 33 30 2 102 124 187 164 68 43 33 166 55 130 98 119 183 79 182 148 106 59 32 114 12 194 192 26 42 50 160 47 13 80 113 44 159 9 164 142 81 138 123 21 11 135 74 165 16 178 186 68 150 161 55 200 3 76 176 129 26 160 10 185 175 46 132 50 189 103 81 62 8 119 155 131 116 155 65 30 187 94 199 177 132 77 136 162 31 79 2 77 34 91 112 121 29
144 11 187 79 192 163 45 151 107 77 31 160 125 178 197 191 162 101 152 92 117 96 106 45 188 138 22 181 82 187 192 181 197 151 199 193 108 140 160 132 98 77 65 42 140 181 109 80 16 101 84 23 85 180 28 140 180 79 167 171 39 41 176 136 134 97 104 114 161 90 122 25 168 153 10 134 195 32 26 94 106 87 199 115 184 107 186 102 157 75 52 49 77 16 87 159 16 63 152 87
27 53 45 107 83 198 58 187 70 96 53 18 193 177 197 2 155 66 105 89 13 9 163 162 172 178 119 58 87 23 128 173 137 123 179 121 88 113 52 123 115 17 143 34 55 57 130 75 30 175 63 1 92 50 113 81 97 114 91 135 75 135 194 75 39 35 99 170 23 169 161 124 6 74 53 136 64 158 12 133 104 143 81 94 119 93 112 109 108 104 43 54 166 28 36 186 18 125 2 135
