70 	
14	95
0	3	1	54	4	
0	7	8	99	4	
1	3	4	146	1	
0	6	9	86	4	
1	2	4	135	1	
0	8	6	170	4	
1	4	2	9	3	
1	8	1	2	3	
1	8	8	73	1	
0	4	6	22	7	
0	1	2	183	7	
0	4	7	171	7	
1	9	6	186	7	
1	5	8	118	6	
1	2	5	120	4	
1	4	6	133	8	
0	5	7	19	3	
0	5	2	117	9	
1	2	7	93	4	
0	1	4	111	9	
0	2	9	134	8	
1	3	7	139	8	
0	7	5	13	6	
1	4	4	136	8	
1	9	3	133	7	
0	2	8	180	2	
1	9	8	101	2	
1	5	3	4	4	
0	7	4	131	9	
0	7	6	33	2	
1	4	8	98	7	
1	2	3	191	5	
1	3	9	62	4	
1	7	5	46	1	
0	8	7	65	8	
1	2	9	80	3	
1	9	3	61	3	
0	8	1	149	7	
1	5	9	100	8	
0	7	5	98	2	
0	2	5	86	5	
1	8	8	97	1	
1	9	9	120	6	
1	2	2	63	6	
1	9	7	180	9	
1	3	1	37	6	
1	2	6	149	2	
0	8	7	46	8	
1	8	1	87	2	
0	6	6	109	7	
1	9	1	101	3	
0	2	4	63	4	
1	9	1	92	9	
1	9	5	181	1	
1	9	8	73	1	
1	1	4	100	5	
1	8	9	63	4	
0	1	2	89	8	
1	9	1	120	3	
1	3	4	2	1	
1	1	5	30	6	
1	8	6	141	7	
1	8	5	42	9	
0	7	2	72	4	
0	8	6	128	8	
1	4	4	78	2	
0	7	8	52	5	
1	7	9	64	6	
1	7	3	85	9	
0	9	5	153	2	
191 198 39 58 24 22 8 88 36 155 192 71 130 32 72 181 168 152 82 67 143 35 189 10 163 192 26 76 26 127 99 116 115 120 115 119 42 36 185 38 73 68 52 131 90 40 65 71 37 42 71 106 73 157 103 48 165 19 152 134 157 3 152 48 27 193 186 77 51 105
116 133 31 3 17 44 158 35 67 161 42 22 84 28 132 191 179 173 4 95 38 153 97 9 65 34 185 142 72 176 4 44 183 100 185 129 142 34 127 78 191 121 10 157 70 182 64 190 41 102 165 197 198 1 130 49 44 43 169 8 161 2 165 123 46 33 104 101 80 69
135 193 44 41 14 157 138 175 174 16 126 95 158 179 16 185 178 37 194 80 37 172 52 113 42 93 76 192 13 111 78 95 176 186 12 68 107 190 31 179 25 70 199 101 173 85 169 120 42 186 41 172 131 120 77 50 147 132 172 60 164 192 54 2 64 55 141 143 5 96
47 16 125 96 28 91 163 152 174 78 63 88 112 187 78 115 113 37 71 67 52 2 24 119 96 45 139 190 148 184 113 75 166 76 143 124 31 135 140 90 140 9 9 170 34 18 30 183 174 14 119 104 93 2 161 45 30 51 200 196 189 65 161 91 5 110 97 22 151 56
23 69 174 32 195 28 121 39 118 21 191 132 135 187 99 165 7 108 182 86 170 46 141 136 104 52 84 189 97 87 144 34 99 197 118 40 8 54 20 33 166 24 173 24 156 129 99 136 170 172 147 64 173 111 101 68 97 49 67 17 105 63 45 69 92 146 122 142 55 194
198 131 142 84 57 70 43 67 75 16 172 82 169 154 160 181 59 175 146 30 109 77 119 35 105 156 24 167 121 58 88 128 129 53 149 185 141 165 176 144 107 116 148 164 191 126 17 31 197 130 137 186 143 93 33 179 13 176 124 113 69 150 44 38 22 51 192 28 95 72
101 176 38 31 114 49 73 180 118 127 3 37 142 76 138 168 101 63 4 87 41 11 19 82 153 28 135 11 187 62 43 196 159 158 44 137 92 157 136 164 131 115 178 58 97 154 199 132 156 128 25 125 40 113 49 74 73 114 92 17 199 4 11 185 25 175 174 104 100 17
12 58 19 61 54 19 181 126 175 124 95 59 140 28 81 44 7 146 139 59 38 169 159 142 68 93 198 128 71 172 52 44 4 162 150 157 38 146 96 63 63 174 146 116 179 150 80 82 156 199 148 135 68 198 5 178 22 93 22 169 82 12 51 102 111 89 8 44 147 188
38 182 131 56 173 75 128 184 98 149 18 166 52 193 184 52 114 31 8 41 135 123 54 16 132 10 74 199 166 102 125 45 142 55 182 83 72 165 180 103 80 194 71 129 144 103 198 35 198 28 157 134 169 58 97 88 56 141 46 180 25 44 23 65 104 2 197 57 110 141
24 129 190 63 131 169 142 99 79 145 157 146 190 21 118 125 151 18 7 180 112 22 150 181 17 129 136 19 170 35 49 27 4 53 8 5 157 174 74 101 157 165 171 128 85 91 80 160 190 182 5 34 85 83 28 6 82 192 176 192 107 151 111 196 144 11 46 64 131 180
119 111 15 174 32 68 198 38 84 67 130 3 36 15 173 2 175 143 193 88 32 50 18 65 195 132 37 15 198 14 134 100 27 53 37 79 12 41 55 68 176 88 145 124 120 175 23 95 88 2 131 182 128 108 6 4 14 17 81 133 167 62 23 57 64 69 116 79 41 199
68 65 139 45 3 75 74 185 172 26 37 31 95 167 186 105 24 84 10 39 196 175 84 169 110 1 37 78 165 52 8 104 117 112 42 158 144 33 99 59 171 72 75 192 186 68 14 119 190 72 13 51 165 49 141 79 185 196 32 29 62 44 111 115 78 14 81 41 124 19
16 176 177 173 23 65 81 196 60 181 53 3 154 28 156 184 113 124 132 11 38 41 45 98 15 105 54 118 10 55 125 82 64 177 44 20 126 195 186 98 56 144 177 44 128 105 54 81 173 79 176 48 22 42 156 90 136 177 73 165 81 45 96 197 173 74 195 45 73 119
189 147 1 58 196 118 153 49 30 91 78 145 100 1 146 67 14 78 69 82 57 21 104 32 80 195 12 86 195 119 31 108 149 178 178 100 199 85 1 114 159 168 161 190 173 126 19 42 132 125 48 150 161 158 75 50 133 70 49 32 23 105 19 4 195 192 27 133 15 9
72 104 117 176 70 125 160 136 198 60 152 60 148 75 144 182 151 102 41 127 88 176 132 69 187 43 138 22 91 55 161 197 40 182 109 58 89 131 46 10 8 68 124 173 105 91 153 105 2 43 29 160 160 186 69 152 159 145 183 14 49 24 92 172 60 17 91 139 28 81
33 180 85 133 145 105 18 14 36 1 176 161 164 145 19 114 100 95 86 2 23 72 155 59 159 98 155 4 90 26 26 32 142 22 42 92 101 41 183 26 82 46 63 127 13 136 52 41 175 158 163 54 138 61 52 98 126 118 71 108 127 63 10 99 190 160 85 185 80 97
61 32 21 51 130 83 33 94 153 144 36 128 21 147 156 152 184 188 102 75 199 21 17 32 69 3 131 175 188 124 76 79 84 144 40 108 107 149 65 115 131 94 137 141 13 146 187 127 28 131 173 40 73 87 188 18 172 160 44 105 8 44 58 63 147 164 23 121 76 91
59 45 125 91 68 50 128 88 110 116 75 37 133 165 41 68 59 90 19 186 66 168 48 49 104 122 108 21 10 40 5 76 118 67 17 24 24 86 111 89 85 123 64 50 59 153 35 57 35 115 196 67 31 102 191 195 103 2 11 34 53 25 10 47 149 141 140 105 178 158
72 47 108 130 170 136 106 189 200 151 68 191 91 146 11 24 26 87 169 88 190 138 45 169 15 66 110 188 135 51 123 67 11 107 78 2 178 65 154 130 119 40 75 115 102 181 18 179 169 4 113 122 182 71 161 21 200 194 104 74 134 89 19 169 113 7 77 184 137 74
112 160 145 170 156 160 6 49 79 7 4 8 114 65 22 46 17 102 28 43 159 184 177 191 56 116 7 5 135 60 185 54 157 114 170 181 131 196 135 33 125 4 61 151 12 174 141 117 30 186 187 63 73 122 44 106 58 166 124 30 167 168 94 130 39 94 50 131 137 55
162 15 135 63 106 136 124 12 50 72 190 151 65 64 175 87 158 171 13 122 102 150 166 52 37 61 87 60 7 114 74 114 153 96 194 154 91 6 62 70 115 43 13 27 115 144 92 11 22 37 180 122 88 87 179 27 10 126 100 45 102 27 133 162 26 94 36 102 1 92
27 160 81 90 60 42 46 189 157 44 157 146 94 148 131 191 104 176 152 170 149 42 35 161 86 145 25 2 74 150 17 28 76 103 10 143 108 190 107 149 11 30 19 105 82 49 81 102 178 83 108 70 39 6 23 118 20 75 17 190 178 18 25 56 132 198 179 18 155 193
130 90 69 187 140 81 39 182 182 160 15 31 53 197 106 42 32 147 42 44 125 170 115 16 55 62 68 38 79 100 31 54 130 44 117 91 21 76 13 27 104 14 131 65 1 144 132 194 86 182 10 146 158 147 161 6 102 113 12 129 167 165 67 156 130 57 90 15 158 99
161 57 27 30 8 13 151 102 167 121 98 91 9 200 27 197 168 12 146 147 162 134 185 21 22 159 176 164 168 144 12 98 135 180 95 13 126 109 160 198 94 123 43 171 5 191 6 182 29 84 180 148 7 88 66 170 154 11 98 197 73 157 172 127 18 130 96 188 101 44
54 26 74 195 190 138 174 139 7 20 64 18 78 189 159 125 166 25 94 23 36 9 26 188 118 194 33 198 143 178 43 148 107 196 104 16 56 44 146 154 6 184 194 175 153 35 141 4 57 27 35 85 19 52 21 27 138 12 173 11 196 94 89 56 60 168 98 29 44 162
174 198 123 136 169 103 114 38 79 190 141 181 171 171 199 190 168 63 191 63 74 59 99 68 123 63 86 158 142 17 24 102 176 120 124 108 83 98 52 182 151 159 105 176 192 151 154 191 126 162 121 81 158 198 61 158 9 112 145 132 157 194 183 144 97 200 141 186 38 136
42 188 98 184 77 97 133 65 165 167 115 2 149 82 73 44 65 185 56 128 69 65 90 167 152 82 87 41 69 92 11 116 110 142 121 51 188 90 65 51 129 15 175 91 23 2 189 169 30 83 117 32 120 85 142 45 16 67 144 181 151 129 98 139 15 168 34 112 188 111
8 91 4 116 62 118 194 173 125 126 105 4 15 126 80 145 102 124 97 139 171 96 168 69 118 33 190 198 164 77 59 24 131 180 122 37 25 11 168 108 47 134 154 56 48 142 32 185 92 47 143 40 182 101 15 33 55 30 137 100 104 151 103 183 134 160 22 48 82 160
15 112 125 98 71 39 59 78 199 40 126 49 17 129 85 109 33 67 155 41 15 26 119 116 133 12 13 182 124 179 191 42 32 97 88 176 145 195 136 140 73 107 69 75 188 57 152 145 150 7 98 59 186 55 40 24 100 60 183 47 134 3 124 144 172 116 160 158 123 21
104 21 14 40 153 71 39 101 27 52 81 176 141 29 2 115 91 89 100 168 191 80 24 133 2 141 129 173 49 25 107 13 93 56 174 89 58 93 196 48 100 86 91 11 175 89 19 163 163 131 63 150 102 136 33 109 29 145 170 196 159 152 139 65 186 170 136 141 136 167
125 138 190 117 123 85 132 20 70 175 197 197 110 135 67 193 98 5 33 198 26 43 36 174 114 189 104 191 198 70 177 168 171 161 60 147 97 90 151 21 134 141 179 14 105 199 192 102 195 138 121 157 124 186 145 160 69 20 67 6 136 57 138 5 61 134 20 43 176 8
89 120 56 72 62 134 81 20 184 152 5 56 103 18 87 7 96 11 88 63 115 2 84 1 60 140 196 155 162 123 46 189 93 98 114 193 195 4 150 3 194 31 109 47 122 128 5 22 136 9 24 88 99 103 177 102 109 165 182 51 176 43 159 107 191 46 48 107 200 197
88 9 133 1 6 83 18 29 195 14 64 18 124 184 101 73 89 117 50 64 103 66 111 102 148 50 121 41 65 123 52 64 59 126 81 87 149 163 123 84 65 173 177 185 54 144 171 82 168 166 104 89 137 122 3 97 31 179 98 53 76 24 82 179 159 63 188 156 178 63
134 132 71 185 6 198 55 10 13 29 50 49 22 200 23 80 72 74 141 87 184 109 45 98 140 96 19 53 82 67 73 102 63 192 35 150 27 180 104 65 5 159 172 137 70 76 135 70 162 109 65 150 190 67 46 86 166 57 8 196 191 161 21 187 154 96 6 160 172 190
149 118 77 135 127 21 1 98 107 193 171 130 71 53 151 50 176 17 146 52 92 198 152 39 7 88 178 8 55 175 31 37 54 41 146 7 164 84 137 168 14 16 199 173 81 122 26 101 183 88 156 165 27 174 83 199 96 157 108 63 49 160 100 27 55 99 150 128 14 27
70 10 82 5 88 133 138 24 186 33 121 165 132 22 178 92 19 4 176 175 20 138 70 180 198 22 179 104 180 187 77 71 96 20 161 179 186 98 124 197 103 50 188 14 10 113 131 46 148 23 100 105 159 164 190 182 138 93 176 99 66 13 137 188 59 138 74 199 157 44
178 173 39 82 127 104 48 169 184 144 62 88 92 160 101 136 6 184 106 66 15 191 110 166 187 180 47 26 196 136 119 54 155 169 96 147 16 38 109 12 179 199 148 173 6 44 20 139 197 118 42 166 176 172 5 47 167 135 60 160 172 63 58 94 16 44 74 162 193 183
75 166 24 71 78 129 16 163 46 110 132 123 1 88 168 188 7 77 75 15 165 195 130 145 143 163 97 40 25 71 79 78 90 152 10 75 199 142 160 170 129 19 66 169 152 184 167 97 62 183 177 43 89 188 155 18 102 24 59 56 46 181 138 126 163 8 111 115 66 54
194 4 62 52 62 127 167 64 157 171 76 99 115 153 88 105 134 19 174 29 30 122 116 109 169 32 99 165 168 199 181 26 162 171 109 182 190 24 106 99 112 112 146 193 46 12 199 171 192 54 12 139 163 188 69 70 4 49 192 172 140 11 164 147 31 180 111 167 104 199
81 96 159 144 27 141 3 54 50 88 138 22 196 145 100 124 124 107 143 33 123 39 66 182 59 172 69 112 75 45 43 126 66 150 77 51 55 16 82 23 38 141 29 124 78 140 130 7 62 88 86 99 143 58 57 1 150 32 62 147 165 32 192 164 4 164 102 121 73 178
118 69 105 154 161 37 5 170 68 158 40 105 193 102 41 99 107 158 181 84 113 95 118 8 183 51 84 46 47 135 115 100 20 160 155 48 174 152 184 151 38 163 50 193 49 82 145 138 173 62 62 16 104 101 164 55 8 25 145 28 20 64 13 172 153 56 54 70 189 146
177 119 23 180 10 31 133 108 97 103 87 192 41 51 152 181 145 196 54 105 87 82 181 42 101 160 102 16 107 13 128 124 121 52 189 30 196 142 32 2 44 159 127 181 26 149 161 41 194 11 113 189 120 137 39 145 28 12 90 104 11 62 92 180 181 169 40 34 155 126
173 116 99 20 107 42 128 105 138 197 108 47 41 42 57 113 57 79 68 164 146 182 9 3 17 186 132 143 88 88 188 155 150 20 122 12 158 96 120 5 139 37 121 63 65 156 93 89 111 57 8 122 168 166 25 46 105 35 117 92 51 71 172 148 91 171 10 142 94 39
180 105 51 92 13 5 8 140 182 194 94 42 163 68 128 130 144 200 100 141 182 193 195 197 53 108 76 159 86 56 173 84 163 39 171 98 145 166 39 133 22 26 146 94 30 178 183 106 161 136 104 176 126 152 199 197 52 92 107 46 192 91 138 172 15 192 157 77 66 196
166 197 30 47 55 129 38 139 24 198 129 11 104 94 187 191 43 116 48 128 167 132 84 192 197 160 75 183 25 31 52 67 37 145 38 145 146 90 172 60 195 53 52 138 87 176 172 158 185 78 160 18 131 191 189 37 67 198 10 129 114 49 79 165 131 18 196 24 50 68
44 12 14 20 160 57 63 192 64 53 42 25 7 192 163 13 14 127 104 135 20 148 125 88 123 110 26 169 117 150 81 38 195 101 30 87 72 141 198 193 178 148 171 2 168 148 88 76 186 40 29 186 172 154 160 161 167 142 25 42 41 84 39 34 194 19 94 124 28 6
98 3 55 168 166 151 152 37 51 127 22 16 118 73 162 149 57 150 165 90 92 138 145 150 133 109 150 47 51 11 72 37 81 75 181 64 181 87 26 66 24 165 18 127 16 166 172 145 131 101 21 167 79 87 82 137 15 116 189 159 24 160 153 151 153 193 132 171 106 183
156 154 55 183 179 165 17 38 77 129 168 77 103 101 108 199 140 164 125 86 169 152 160 110 48 197 61 174 62 153 125 38 10 187 148 45 118 28 185 159 41 103 173 130 5 110 172 1 42 192 62 168 140 68 185 87 54 86 10 5 81 34 117 51 77 194 95 76 119 57
132 17 146 183 66 59 16 162 71 18 72 66 51 49 93 33 66 33 6 104 94 59 61 144 190 124 159 50 175 3 149 62 132 155 113 13 105 128 182 184 77 166 82 44 12 101 150 112 138 140 144 30 176 153 122 122 125 157 67 10 31 88 197 62 27 144 67 175 71 110
167 78 77 142 193 178 108 189 68 130 175 125 164 76 54 128 27 72 64 60 127 26 44 108 164 180 94 191 76 100 97 12 59 88 83 49 130 30 178 64 117 14 56 155 62 200 38 81 173 48 19 68 156 190 9 52 110 135 36 133 93 198 116 95 80 108 143 190 35 133
180 120 37 80 99 53 193 192 84 163 33 42 81 140 178 22 136 76 142 110 6 156 123 73 20 198 183 86 42 27 89 193 25 3 123 98 133 26 26 195 196 48 145 46 146 63 43 112 66 99 78 142 36 48 105 118 120 124 186 136 38 41 118 154 109 28 140 60 12 174
71 10 197 197 188 145 37 67 113 195 25 70 119 120 32 17 90 18 183 117 154 193 52 14 181 120 48 41 68 66 5 187 35 62 65 105 76 42 110 133 67 97 75 133 74 95 56 195 78 61 120 160 121 83 185 66 135 7 124 36 65 94 53 94 118 151 91 108 77 30
86 149 79 183 192 138 129 103 116 88 109 107 140 66 35 140 193 140 122 10 25 90 190 145 197 7 198 155 171 114 21 68 78 52 96 86 82 133 127 173 3 142 72 16 79 146 104 122 74 140 7 172 44 193 166 77 87 66 43 145 5 167 178 86 107 199 84 29 93 199
148 124 8 196 96 168 102 148 158 190 18 53 194 114 130 72 65 181 98 132 23 31 134 188 200 90 6 83 171 123 24 30 151 62 149 55 85 91 84 27 70 191 78 94 122 76 97 130 170 103 36 41 128 157 137 28 130 10 29 165 70 118 102 199 192 183 93 42 42 61
7 68 24 60 44 189 184 143 11 91 90 93 185 9 180 175 45 2 191 136 140 158 100 174 59 109 81 147 56 30 36 18 50 77 144 14 89 65 153 197 17 64 32 168 82 113 172 190 72 130 76 48 151 107 146 179 138 2 116 117 125 146 140 180 22 129 156 44 28 137
28 29 13 174 80 90 166 90 138 182 114 90 2 174 19 151 6 92 196 55 111 120 197 83 194 75 93 14 91 17 104 63 107 69 104 135 164 122 68 75 125 64 23 100 24 119 47 132 153 170 28 187 32 53 176 9 45 167 158 134 106 79 153 168 149 52 100 32 46 46
161 4 30 62 50 118 198 194 9 167 190 147 66 144 43 39 137 83 82 36 191 52 62 10 178 53 100 162 128 6 67 1 138 136 170 41 70 156 73 87 110 11 165 195 160 58 102 104 24 11 13 81 51 88 10 27 197 142 125 106 108 48 96 66 111 47 100 53 3 180
51 162 22 148 60 177 81 56 48 89 175 152 133 90 43 92 168 163 64 15 34 31 85 13 147 144 29 14 149 36 126 80 91 63 93 2 92 67 150 161 186 11 35 71 159 8 178 85 185 158 86 149 68 143 76 62 156 35 177 126 158 153 189 180 133 85 55 5 112 86
136 188 132 9 47 116 58 86 159 179 171 30 51 190 100 116 109 147 142 128 74 72 157 51 56 197 58 171 26 77 28 118 137 122 72 171 155 59 8 183 81 1 177 74 178 145 51 106 153 67 13 87 138 4 33 34 53 46 66 179 181 193 190 174 167 69 179 67 182 10
68 180 172 150 110 123 42 28 73 171 82 63 42 145 57 193 78 39 76 158 47 138 66 129 31 167 65 46 59 90 77 110 192 141 178 49 156 164 181 64 57 195 18 48 137 198 149 82 51 48 48 87 177 125 32 49 148 158 156 13 139 95 130 137 53 141 198 72 158 6
8 162 189 129 157 82 178 104 4 194 174 187 26 39 192 107 2 198 43 84 22 125 127 65 32 142 18 29 187 109 36 92 20 92 13 13 47 129 154 47 132 49 196 102 191 24 101 97 130 145 87 3 73 138 27 38 57 17 30 4 153 129 78 14 85 182 76 21 104 19
168 184 3 101 122 118 71 127 87 153 161 62 103 127 32 93 41 148 54 88 94 111 127 126 12 166 46 124 191 102 96 45 144 109 188 132 16 59 22 134 161 130 193 94 54 181 95 2 176 36 142 121 8 117 124 122 186 172 132 82 72 102 110 65 12 118 20 175 110 104
128 158 53 150 124 51 84 195 21 129 176 124 187 148 70 121 166 45 1 102 92 16 138 138 56 157 191 28 6 133 200 135 187 13 48 160 55 151 96 76 29 90 158 51 22 169 90 158 5 85 125 66 89 92 5 97 149 62 107 3 44 183 144 19 195 172 146 134 194 89
29 123 90 25 38 11 138 138 105 19 20 154 86 34 8 119 76 57 85 73 157 22 94 43 53 147 109 75 132 13 192 116 5 11 159 187 142 95 8 117 26 177 59 184 66 93 97 91 26 114 33 171 73 113 114 176 102 190 4 185 193 144 51 63 181 159 77 164 32 133
113 150 62 37 167 84 28 137 104 95 33 114 71 58 68 104 55 134 163 161 85 98 76 199 137 169 94 123 145 88 159 182 39 79 124 99 106 2 158 12 77 143 120 7 70 147 166 195 177 109 55 135 165 121 72 28 15 96 92 183 134 74 8 21 57 7 126 26 28 102
140 79 141 55 71 23 48 158 159 48 193 56 132 91 104 157 159 111 182 20 64 48 9 75 70 97 75 52 42 182 126 63 30 184 52 170 10 99 70 31 110 175 33 166 12 63 66 53 124 155 30 113 66 170 33 184 116 94 170 108 105 20 98 166 66 110 85 63 52 89
170 181 198 76 22 15 158 13 39 59 173 35 92 32 148 59 50 108 191 151 123 129 188 89 59 133 84 78 39 79 158 59 78 175 30 112 15 64 103 123 167 98 106 39 27 31 30 165 69 94 50 116 190 1 79 50 198 161 93 39 50 127 183 185 133 198 164 115 101 39
152 137 148 131 125 79 41 116 129 21 64 56 25 114 74 8 51 20 23 108 151 53 87 172 80 125 83 157 50 52 34 35 197 39 5 58 52 95 137 17 175 149 170 105 169 121 190 93 121 186 185 97 173 87 71 68 48 190 192 154 132 83 62 182 42 140 152 150 167 57
193 75 128 171 25 96 117 20 136 50 70 187 102 198 72 132 145 198 77 117 134 56 171 104 9 186 57 186 98 148 145 1 102 158 65 26 66 122 68 6 175 12 143 29 147 25 35 123 135 189 137 153 36 112 77 173 81 25 123 185 187 78 128 30 98 94 95 186 86 3
179 155 50 35 177 144 9 55 199 177 2 198 77 49 67 44 87 196 148 156 111 73 197 179 164 167 44 140 42 119 82 15 109 183 98 175 46 97 44 35 74 174 167 55 133 76 115 154 172 69 143 43 165 151 36 55 140 6 132 113 137 154 26 145 39 170 59 180 196 131
10 90 140 105 28 107 32 117 51 38 78 3 45 145 199 175 179 15 102 94 144 36 50 170 58 86 92 41 162 158 72 87 164 29 16 185 82 165 46 11 124 18 37 70 123 175 108 164 60 87 40 117 148 198 96 76 190 171 66 191 49 38 60 20 24 91 167 19 98 84
