30 	
56	89
0	1	6	281	9	
1	3	1	219	6	
0	1	3	100	7	
1	5	1	51	7	
0	2	7	246	7	
1	3	9	233	2	
1	3	9	136	9	
1	9	6	83	6	
0	7	6	142	6	
1	9	5	252	9	
1	8	2	67	7	
0	2	8	109	3	
1	5	4	127	1	
0	4	6	166	6	
1	2	5	5	7	
1	3	9	221	8	
0	9	3	168	5	
0	6	9	129	3	
0	2	9	122	3	
0	8	2	211	1	
1	3	2	233	3	
0	9	4	152	8	
0	4	2	170	5	
1	8	9	263	1	
0	9	8	10	5	
0	3	1	259	9	
0	4	8	125	6	
0	9	6	12	9	
1	1	3	222	9	
1	2	8	153	4	
23 169 50 185 185 139 140 78 200 25 150 146 180 85 158 13 54 171 199 73 193 18 95 12 180 127 158 113 158 2
111 93 186 130 192 115 44 74 69 16 190 129 177 50 174 155 42 136 61 78 113 5 27 64 67 188 76 29 24 18
30 122 115 47 133 169 198 117 71 122 3 11 161 119 82 138 72 15 164 6 195 149 155 52 110 181 78 93 178 148
139 141 47 87 44 139 61 191 176 129 131 121 79 148 100 67 57 76 101 82 105 3 96 160 141 7 11 31 189 12
7 166 197 102 47 173 21 102 65 27 55 116 152 101 34 69 113 154 29 5 199 151 178 130 49 98 112 177 25 133
56 198 99 100 64 143 76 144 22 28 8 73 192 26 173 4 146 60 66 128 13 170 165 11 103 119 96 168 135 150
63 195 141 112 95 177 167 62 50 138 198 176 49 143 61 102 49 114 137 162 34 165 12 159 123 196 40 101 72 35
28 29 190 69 168 59 195 134 82 104 34 186 130 148 176 170 143 161 136 89 69 184 78 19 8 52 59 163 174 184
23 104 113 35 100 30 197 124 179 60 168 72 58 75 142 131 91 105 14 163 104 42 106 68 151 113 89 174 180 45
198 169 160 189 103 146 54 29 35 147 30 123 59 102 68 131 134 40 75 106 110 134 84 13 89 171 89 161 166 69
3 129 195 187 121 48 130 169 11 154 95 139 126 13 154 57 118 107 48 37 144 172 66 68 179 184 29 169 43 33
11 6 45 117 165 187 43 39 19 14 167 108 117 30 9 160 79 18 115 137 87 178 6 53 181 97 6 173 129 99
166 70 69 113 194 39 145 54 24 126 187 9 90 14 113 190 120 52 150 115 192 122 121 159 73 41 140 85 31 103
87 3 200 66 9 136 54 158 70 114 134 38 32 2 142 153 44 168 177 148 102 54 167 99 181 177 136 158 128 41
184 170 90 185 101 130 179 170 109 128 13 200 95 158 28 1 131 193 77 94 133 2 31 180 41 172 123 187 112 129
154 149 80 190 161 49 28 28 112 21 7 3 71 101 162 39 89 189 145 147 151 23 158 179 84 40 140 173 169 117
164 56 125 190 42 25 151 151 86 136 73 86 92 24 127 144 189 103 10 164 67 176 160 142 192 6 36 163 3 17
189 71 112 141 113 154 155 1 176 51 79 104 173 94 154 60 17 142 78 15 3 49 6 16 107 37 181 74 97 11
11 3 58 177 179 167 161 117 23 76 26 12 63 9 119 195 65 39 190 22 45 29 17 172 46 196 49 95 60 54
143 181 116 132 153 186 138 88 121 128 159 140 77 5 34 175 73 129 197 86 39 81 6 21 162 94 61 41 93 117
62 136 106 69 19 150 75 161 59 162 66 89 194 78 88 135 139 179 6 13 175 47 131 82 156 134 113 128 145 15
105 92 20 137 109 113 25 34 11 21 62 3 162 110 120 153 139 175 92 78 124 193 134 85 157 71 187 39 189 111
83 18 151 9 144 81 38 127 162 103 171 136 63 66 39 80 88 59 93 158 143 153 93 84 2 104 10 101 116 92
77 14 53 196 71 101 27 149 64 14 112 172 119 121 7 23 199 35 148 156 101 8 145 18 121 181 168 63 103 168
160 108 26 156 138 75 25 170 155 136 100 63 87 108 88 88 171 132 119 37 114 177 172 131 5 42 37 69 133 128
137 128 80 168 110 106 126 93 70 102 62 99 79 200 137 50 140 173 11 87 135 81 133 92 160 118 99 98 75 13
188 104 93 66 68 12 67 166 50 143 167 73 45 182 11 68 37 104 133 200 7 176 45 156 139 198 56 151 134 25
102 59 77 21 178 63 48 28 161 137 151 71 43 154 63 23 33 39 138 14 87 132 177 144 177 123 63 127 194 25
32 153 8 53 31 9 136 63 162 146 69 103 58 144 69 92 142 136 103 26 107 79 141 39 187 83 62 127 190 125
175 40 23 36 69 132 175 167 169 187 31 189 64 87 10 13 75 126 165 97 39 197 127 56 193 178 109 194 81 37
179 163 28 174 177 147 86 43 60 139 135 168 71 32 158 181 121 28 151 63 122 46 195 156 142 171 44 127 36 16
