30 	
10	11
1	2	6	64	8	
0	6	2	133	2	
1	6	6	54	1	
1	8	2	7	3	
0	7	5	10	7	
1	6	1	85	2	
1	7	3	155	1	
1	4	2	32	3	
1	7	4	67	9	
0	6	1	147	5	
1	1	3	107	1	
0	5	1	99	4	
1	2	9	165	8	
0	4	3	91	9	
0	2	5	44	8	
0	3	3	124	1	
0	6	8	57	7	
1	3	7	99	4	
1	1	7	70	2	
0	7	3	125	9	
0	4	5	61	8	
1	5	1	137	7	
0	2	4	162	3	
1	5	4	19	9	
1	1	7	107	1	
0	2	1	18	1	
1	3	1	182	4	
0	9	2	143	1	
0	7	4	173	8	
1	4	5	11	7	
68 100 78 179 110 1 172 72 112 150 3 57 126 38 145 76 178 121 105 191 163 135 103 69 46 151 147 158 153 7
143 74 197 28 155 129 121 135 77 83 193 121 186 42 141 28 33 18 56 16 62 109 99 141 71 57 137 177 101 67
148 175 86 145 78 82 117 132 13 85 56 119 165 186 103 85 192 65 138 67 93 143 126 69 140 37 122 114 183 5
74 25 82 141 200 5 198 156 65 140 147 192 22 176 77 130 137 69 75 107 1 100 192 95 17 157 66 197 106 101
73 79 167 23 122 43 191 84 151 178 180 13 178 58 70 129 41 71 117 188 142 90 190 57 148 8 10 132 71 178
52 82 93 90 6 9 99 163 185 35 180 71 123 156 91 156 50 87 139 9 187 143 26 33 116 136 34 18 181 2
107 137 15 44 113 40 127 40 5 76 194 9 10 107 93 145 127 6 181 42 95 98 72 115 161 84 109 37 189 135
56 106 59 172 158 137 16 74 146 174 140 14 75 34 130 52 110 127 113 90 30 40 199 37 148 71 157 159 58 189
133 137 121 188 87 166 26 170 10 141 17 186 178 65 198 47 195 69 78 133 178 194 170 108 112 200 146 92 65 4
124 71 89 186 190 11 103 171 74 146 130 194 10 133 109 37 36 21 163 97 17 189 168 73 65 64 146 193 36 58
29 138 42 155 1 173 153 10 185 34 30 88 124 188 50 189 41 46 30 156 47 82 19 3 9 49 100 158 68 196
74 200 4 27 116 23 132 21 160 50 94 48 174 191 33 153 23 163 101 111 63 64 131 85 84 59 126 99 88 179
129 29 186 175 81 45 46 11 146 1 95 63 61 38 99 76 53 105 85 140 200 88 106 43 179 112 123 30 190 143
110 16 93 174 161 116 68 52 13 119 131 187 13 101 19 84 182 79 121 44 69 15 49 156 155 96 179 194 173 178
33 138 126 26 33 160 140 176 19 137 165 46 53 6 61 69 105 14 33 198 199 32 156 95 64 145 92 189 46 187
63 176 81 43 38 68 170 139 193 29 113 24 76 142 143 144 183 152 190 44 87 175 83 102 37 141 131 117 152 93
32 13 152 95 4 118 163 190 80 169 98 62 56 162 64 87 70 156 189 58 93 166 26 35 33 86 6 145 44 110
138 64 22 142 175 95 72 76 174 66 63 84 67 174 66 76 30 108 101 193 144 138 21 38 165 64 195 182 44 59
192 32 153 185 143 137 157 53 97 149 161 124 95 5 87 185 33 34 97 79 52 148 54 121 180 132 191 169 160 13
121 165 145 143 32 160 193 92 89 151 179 171 116 7 113 104 199 112 90 12 76 114 8 7 192 87 35 69 110 166
107 41 43 120 3 192 6 136 164 86 158 88 138 148 21 117 3 138 198 193 86 75 81 64 120 104 174 73 3 161
93 82 192 78 83 78 138 198 39 91 16 80 98 60 172 176 120 10 117 187 28 5 120 163 22 161 195 63 22 184
132 72 90 74 31 124 186 144 199 95 46 42 41 179 22 9 90 54 7 60 74 130 33 76 78 190 180 3 131 143
184 157 87 164 125 23 59 2 4 161 84 101 163 143 187 198 153 122 63 155 137 102 50 69 143 101 56 155 151 102
106 128 174 83 49 49 142 151 31 95 130 46 99 50 47 187 171 173 196 45 7 169 11 60 108 3 157 18 144 112
81 165 38 73 103 147 32 47 128 94 170 197 79 90 79 66 83 179 185 189 89 36 182 79 160 94 64 186 140 77
51 183 112 114 197 102 117 136 5 184 6 78 69 162 182 197 141 195 96 19 137 78 86 52 22 82 32 68 185 67
69 56 100 32 52 92 178 65 11 4 130 99 19 186 180 38 66 63 170 135 69 145 101 31 73 53 118 82 37 98
29 36 25 70 88 113 61 107 47 132 61 64 60 47 96 153 178 12 35 37 115 176 177 39 160 41 39 128 200 89
71 31 146 93 54 114 56 41 192 7 79 128 69 85 131 69 76 193 85 83 83 180 38 77 31 176 65 121 197 146
140 140 81 24 68 114 136 23 71 45 102 9 135 96 8 97 195 189 186 97 186 199 13 126 18 189 100 31 31 144
