60 	
26	58
1	3	7	402	3	
1	8	1	189	8	
0	2	4	164	1	
0	3	7	183	2	
0	3	6	582	7	
1	8	9	308	4	
1	3	5	73	9	
1	6	5	78	9	
0	6	6	405	1	
1	8	1	137	4	
0	7	4	489	7	
1	6	8	199	1	
1	9	3	91	9	
0	1	2	442	8	
1	7	5	592	7	
1	5	7	125	9	
0	2	4	633	9	
1	9	8	448	9	
1	2	5	319	8	
0	9	8	374	1	
1	6	2	194	2	
1	4	2	280	1	
0	6	4	400	1	
1	7	5	499	6	
0	4	5	459	9	
1	8	7	359	3	
0	8	8	25	3	
0	9	4	400	9	
1	9	1	576	5	
1	5	9	389	8	
1	7	9	518	4	
1	4	3	603	1	
1	5	3	42	3	
0	3	2	629	5	
0	5	5	344	4	
0	7	1	441	1	
0	2	7	171	7	
1	2	5	582	2	
0	3	5	175	6	
0	2	9	627	9	
0	4	9	498	3	
0	9	2	300	8	
0	9	2	32	8	
1	7	6	241	1	
0	7	7	235	9	
1	5	4	254	2	
1	3	4	337	9	
1	3	9	506	1	
0	8	8	123	4	
1	9	7	453	5	
0	9	8	361	2	
0	4	8	201	6	
1	7	3	193	5	
0	4	2	368	4	
0	2	6	559	1	
1	1	9	602	5	
0	8	2	418	9	
0	4	3	348	4	
0	2	8	453	4	
1	5	7	522	5	
76 97 9 20 12 125 134 18 198 57 120 21 73 34 70 44 40 1 9 78 94 176 138 164 10 102 92 160 118 65 35 47 104 56 152 103 62 94 139 182 4 103 176 86 5 18 72 105 118 185 148 56 53 93 185 186 167 26 87 34
4 166 172 181 24 144 122 163 183 84 172 165 111 20 32 4 158 25 40 113 86 151 115 14 189 11 66 183 78 130 12 41 163 16 103 82 40 2 15 5 38 7 3 174 190 46 8 167 167 187 13 111 174 178 35 58 61 104 195 34
131 190 193 2 134 34 129 147 47 47 59 21 166 20 44 10 38 51 21 139 118 109 122 179 146 169 157 109 108 6 194 141 152 95 63 11 105 25 164 15 24 61 30 12 99 32 176 9 123 167 90 95 43 172 50 59 166 62 21 164
193 146 102 80 34 159 137 159 23 95 84 46 195 11 175 6 118 14 73 163 107 76 92 93 79 7 126 164 108 117 54 10 152 170 23 72 199 66 45 80 63 120 81 30 32 127 122 192 68 112 131 16 123 39 23 5 57 20 101 105
48 155 194 199 129 120 105 19 73 176 199 94 59 117 86 147 193 116 77 149 144 160 38 192 125 41 108 78 115 154 194 66 70 135 1 81 3 181 12 32 105 195 177 157 135 147 100 197 10 85 159 1 12 149 181 16 181 112 78 167
172 180 53 97 82 5 36 129 23 193 42 25 109 174 139 128 84 98 4 10 140 60 24 182 143 158 109 136 101 75 28 30 51 137 120 113 95 88 187 34 7 35 108 74 105 142 111 150 188 75 28 50 181 94 38 72 145 38 171 114
171 78 135 4 129 97 69 28 96 93 163 199 29 128 164 34 51 80 145 136 157 72 162 123 79 91 194 187 26 11 200 83 107 15 72 182 8 147 14 66 95 181 82 133 6 188 88 17 19 11 89 137 140 53 117 189 63 182 168 91
141 147 180 158 162 57 115 26 37 85 67 182 96 132 32 37 5 104 16 44 119 126 109 95 164 103 85 41 58 198 128 93 24 186 160 13 185 44 72 166 9 147 62 47 146 66 12 188 87 81 100 39 45 89 10 154 94 38 88 78
169 64 14 149 162 26 92 30 76 5 164 62 98 38 70 135 88 103 78 88 190 117 12 27 69 181 82 39 117 125 22 19 19 71 16 169 13 40 195 176 158 187 119 53 198 41 168 49 120 110 132 156 76 105 151 169 11 108 57 140
155 46 37 75 185 70 151 188 110 24 54 158 74 131 189 151 193 141 3 59 105 182 167 146 72 76 86 1 43 163 167 88 175 78 23 11 129 101 99 184 200 34 175 114 199 37 75 114 197 125 133 153 22 149 106 22 67 67 21 63
147 175 131 183 112 189 66 181 75 146 158 141 21 10 27 22 32 135 108 24 104 84 131 25 71 56 139 167 153 69 79 60 15 184 120 41 56 6 37 59 65 98 58 192 36 48 33 5 160 134 48 44 37 29 174 174 170 197 8 118
76 56 95 145 25 152 154 41 74 98 148 154 166 157 154 157 125 96 66 158 11 183 44 105 184 11 108 84 87 83 81 145 142 179 195 185 182 10 148 80 63 165 200 105 32 128 20 61 66 109 119 111 164 34 33 156 37 32 79 102
55 23 87 31 144 51 82 155 125 164 8 7 148 177 191 196 28 128 7 165 160 25 5 61 186 81 34 161 174 86 129 103 19 90 29 149 11 194 35 134 101 109 47 36 176 175 118 4 133 30 155 58 44 3 192 113 177 136 178 13
186 116 102 36 22 42 76 147 98 123 30 41 34 101 33 199 145 186 95 123 60 87 183 83 63 192 102 168 125 173 78 168 164 98 145 89 185 20 173 140 182 60 82 158 62 5 3 154 8 8 114 16 94 125 25 53 166 54 23 46
11 11 57 69 174 165 123 137 33 147 33 32 199 161 128 73 10 191 191 143 148 173 33 155 193 125 58 99 17 136 11 126 90 155 4 65 190 26 37 79 10 147 81 14 118 197 103 91 177 136 22 193 99 136 140 144 163 182 46 121
52 97 169 41 92 146 200 137 147 191 87 67 143 144 96 98 53 111 183 173 117 130 146 83 52 159 73 54 198 166 102 120 28 23 70 199 28 198 160 157 98 126 55 150 178 80 131 49 104 188 157 30 189 15 167 41 127 197 9 186
25 101 122 13 14 63 86 43 163 127 91 32 31 86 145 149 106 63 94 187 197 86 15 9 185 196 26 191 58 125 67 24 52 130 45 7 36 2 40 187 140 169 104 79 109 71 19 104 7 182 183 107 77 148 73 21 92 88 20 125
81 157 118 6 65 97 52 189 182 15 32 65 159 136 17 78 12 43 141 119 141 88 166 13 80 175 199 84 90 157 44 160 114 24 44 49 102 157 13 178 74 149 196 9 185 133 156 14 16 155 54 184 35 28 134 155 33 178 26 123
177 123 106 84 45 100 197 150 164 47 137 122 90 22 69 82 105 101 60 37 194 170 155 199 129 78 47 103 107 82 195 101 50 31 45 163 175 74 149 28 52 181 53 136 106 189 132 45 17 184 88 7 31 152 57 71 119 43 171 151
166 87 198 132 13 69 143 61 74 146 131 195 55 13 148 126 16 30 181 133 156 112 143 85 61 18 89 13 110 114 164 62 158 44 155 16 184 100 111 2 86 78 102 57 173 102 170 139 144 182 190 83 119 197 196 110 149 30 163 65
152 117 113 22 90 60 42 148 136 124 143 198 83 195 41 160 111 57 3 26 147 182 179 36 101 24 103 25 149 33 114 16 47 27 74 40 149 30 172 163 199 69 95 96 163 10 51 125 138 185 131 179 49 141 52 145 117 86 107 184
153 23 73 184 99 88 118 31 45 22 147 189 115 19 183 41 149 54 199 77 127 26 2 100 165 73 129 110 74 48 189 133 100 61 83 143 61 119 14 187 104 200 92 34 66 68 182 148 111 50 138 196 34 124 142 74 44 167 130 23
6 40 177 39 48 151 143 40 41 107 134 189 70 156 118 60 11 70 121 168 185 153 108 146 2 174 173 104 87 107 168 144 10 74 50 119 184 31 54 108 172 108 66 57 22 38 176 180 97 50 105 180 194 146 168 156 158 191 99 51
125 21 120 71 139 9 118 169 78 11 24 28 151 89 94 112 123 11 151 37 161 177 9 186 66 102 197 130 47 84 188 47 169 139 37 45 87 54 42 81 99 115 35 56 85 198 192 113 28 5 188 28 13 190 83 80 89 172 93 100
134 4 169 31 99 32 117 169 66 118 67 173 26 148 167 182 61 31 76 59 54 10 15 49 43 126 92 124 154 137 107 111 181 124 191 169 119 134 166 46 156 48 92 164 178 140 170 16 65 97 14 162 142 182 63 87 191 164 128 57
19 156 93 133 171 30 26 176 187 165 140 177 55 83 32 127 75 150 87 71 70 198 86 8 187 190 106 84 74 7 21 61 69 21 111 99 126 112 177 57 35 126 120 141 27 63 74 114 88 170 20 127 56 170 25 151 197 46 126 104
92 104 173 120 19 200 55 158 167 42 24 90 85 173 139 48 192 84 8 120 93 93 65 135 85 93 174 129 9 47 85 85 2 90 175 56 112 20 69 150 1 174 68 64 126 45 40 156 56 176 143 122 166 197 71 31 71 122 125 148
84 70 173 187 61 83 40 48 164 53 14 175 200 193 174 70 108 24 51 161 100 57 21 30 199 72 190 192 189 63 69 193 40 170 28 75 184 42 143 132 27 127 57 131 126 63 43 118 77 42 9 38 98 31 186 132 26 157 158 119
136 135 10 76 142 168 140 57 128 15 49 169 62 98 74 100 8 48 35 183 131 82 104 53 184 105 61 154 68 145 115 146 57 161 30 50 9 11 167 153 9 90 172 149 199 139 26 119 121 96 174 69 168 18 98 36 122 18 150 159
109 134 190 85 98 193 59 43 72 154 73 183 83 45 104 104 101 193 113 194 66 57 28 133 75 175 51 169 166 183 175 34 113 47 31 21 1 152 126 90 35 107 137 183 117 63 12 13 185 11 56 171 117 42 121 164 127 135 36 56
51 63 13 173 191 195 169 200 8 66 10 141 27 32 7 66 192 88 33 59 80 89 18 165 84 133 61 106 15 4 37 88 160 135 146 129 15 22 79 148 53 137 49 87 105 83 191 174 171 128 172 3 148 71 99 72 62 77 8 78
35 43 136 124 82 21 123 111 167 165 26 183 76 130 186 124 189 151 46 167 71 144 162 64 144 168 177 75 65 167 14 28 63 3 195 178 12 140 49 192 76 25 183 63 75 24 172 188 89 126 196 104 62 169 125 130 117 83 129 126
71 145 11 43 173 58 130 28 17 24 81 123 19 154 114 56 149 107 101 150 62 110 20 104 80 39 59 130 33 9 39 6 92 145 140 105 118 68 172 41 170 89 21 93 175 94 38 199 74 77 54 89 62 53 103 105 96 89 165 123
75 172 56 125 65 187 91 23 146 154 179 142 168 45 166 172 185 86 71 198 146 47 41 87 124 29 149 130 164 38 136 188 154 147 66 149 171 51 95 127 138 94 2 110 150 32 30 1 34 44 94 108 56 153 50 77 134 136 200 95
115 176 169 138 178 139 42 66 9 142 6 109 124 175 102 135 68 26 51 114 19 146 90 43 183 141 89 168 139 192 114 68 17 161 112 44 56 93 6 27 99 88 16 115 45 121 27 185 155 23 16 135 95 85 148 174 92 187 50 185
92 59 62 98 91 57 46 1 138 32 13 7 93 173 52 11 118 17 182 156 29 141 112 102 56 112 1 149 49 147 37 138 16 163 151 81 105 81 45 136 126 51 95 181 89 198 83 148 111 40 7 56 66 19 172 169 12 169 173 28
105 3 149 74 102 132 18 12 44 186 167 76 14 161 105 150 55 134 172 111 186 35 119 151 23 16 54 101 48 163 3 85 27 157 65 41 83 129 56 37 145 141 69 173 67 34 134 178 60 7 75 123 191 46 117 31 36 163 109 146
56 135 152 163 143 85 144 90 197 189 57 82 33 109 196 89 46 149 130 118 136 140 124 55 57 29 78 124 129 90 89 171 68 158 110 127 61 186 182 85 177 24 194 86 180 129 15 178 27 108 100 161 163 52 173 82 124 53 180 182
141 169 164 76 31 95 126 162 54 75 115 80 122 117 73 45 121 32 75 60 97 64 88 37 146 133 171 47 88 60 189 102 125 149 93 196 140 182 63 89 130 183 119 17 114 91 26 27 174 106 79 93 188 98 127 149 2 72 62 77
68 198 75 27 56 178 191 46 75 146 94 157 83 187 185 78 4 35 189 90 7 98 12 6 137 154 167 4 25 184 118 23 52 149 159 45 76 116 105 23 151 134 89 63 143 63 106 145 39 21 71 166 38 17 121 78 115 102 62 163
51 8 191 15 165 67 141 2 44 29 99 117 91 9 178 166 174 131 9 105 87 182 48 38 192 27 200 109 193 145 92 46 49 86 52 59 90 195 12 108 131 48 169 83 104 187 95 50 53 125 133 79 72 34 147 196 139 120 94 88
95 6 114 14 106 113 122 119 161 121 129 183 148 66 118 56 36 40 16 70 110 147 60 193 7 163 49 22 55 104 173 75 167 141 107 37 180 31 6 90 59 131 172 78 95 21 95 151 54 81 19 47 59 33 141 172 47 129 145 163
58 163 166 161 86 37 37 72 8 121 136 69 170 13 26 107 18 198 196 164 153 134 187 80 58 191 5 190 135 96 100 117 180 20 189 62 192 144 166 149 33 136 146 49 146 18 72 110 151 14 23 141 109 127 44 170 100 141 124 68
165 76 83 186 142 141 51 74 169 189 156 134 198 138 198 20 132 73 59 153 125 25 2 22 3 43 151 149 2 124 36 39 93 106 5 50 124 49 159 17 88 19 166 45 165 145 97 157 145 39 176 14 186 96 15 45 47 108 124 10
121 122 23 162 43 85 59 164 95 11 33 114 72 23 99 101 13 55 185 47 123 37 142 42 21 79 36 78 166 2 112 60 2 136 71 138 91 90 176 70 137 167 182 176 145 52 186 182 39 80 108 169 138 66 41 101 56 185 197 82
39 97 150 132 125 124 168 108 11 107 54 181 111 133 116 60 166 139 128 120 42 148 77 108 86 8 183 113 95 28 120 175 60 118 70 120 196 76 132 90 165 106 4 55 54 117 53 79 140 56 100 90 144 17 169 120 146 128 49 175
100 128 2 168 104 81 139 41 73 41 70 88 51 10 10 167 47 102 174 128 34 198 8 120 20 60 117 46 73 6 42 138 14 104 109 42 81 173 190 153 136 135 14 73 187 21 149 130 137 187 31 148 74 90 153 135 91 45 109 170
125 10 75 139 65 136 147 98 47 5 126 115 191 115 41 90 74 29 200 20 140 89 26 125 144 164 183 2 38 200 62 15 150 186 102 17 86 86 188 153 128 49 132 134 12 133 82 70 40 64 155 67 163 99 44 59 110 43 100 126
135 3 153 13 190 145 191 26 94 136 88 137 91 128 100 188 168 128 44 14 125 125 158 3 111 26 181 43 142 120 129 119 159 26 52 81 140 108 158 163 56 120 192 134 118 172 73 115 79 33 153 111 70 113 67 159 62 161 151 121
100 33 169 102 55 126 74 4 79 183 115 72 200 176 127 49 196 39 191 74 4 41 13 101 138 192 36 22 148 159 185 179 86 99 25 132 52 22 143 59 68 184 13 167 134 49 131 99 180 154 62 80 76 21 78 46 56 18 139 27
19 83 111 20 160 14 79 179 165 139 90 193 38 190 90 108 8 11 41 140 88 105 136 197 54 135 32 172 154 40 124 21 19 150 195 178 90 20 7 196 198 79 77 62 54 115 90 131 16 29 37 43 199 84 60 135 42 180 62 165
125 153 72 27 135 72 14 182 145 179 91 42 71 60 175 114 49 186 159 135 3 128 164 13 194 149 117 12 17 50 110 16 185 163 21 119 144 105 196 43 92 30 183 75 183 41 51 193 129 99 168 200 91 67 136 133 33 45 167 134
15 155 37 183 43 126 107 196 182 192 185 5 80 92 130 9 90 95 83 18 93 110 153 72 2 131 162 150 171 64 173 99 104 147 36 12 16 127 15 118 6 90 117 191 144 101 5 195 56 15 149 54 137 155 141 13 136 165 197 122
156 129 182 12 123 130 164 111 61 170 70 114 44 20 49 187 35 183 59 95 183 8 156 118 49 103 186 73 191 47 158 36 81 153 22 172 61 153 174 61 120 10 43 194 42 189 67 199 112 94 129 177 111 126 30 166 37 161 8 176
127 2 170 88 115 171 181 66 105 58 200 103 142 195 88 64 157 5 163 28 12 137 187 21 1 91 96 112 41 69 186 194 62 54 166 30 37 181 4 133 178 169 178 194 112 139 142 124 121 18 78 68 96 163 187 21 123 25 65 137
166 112 76 191 29 184 77 7 110 8 66 185 82 32 42 55 108 138 40 6 109 181 177 166 63 152 166 69 80 152 91 78 190 137 138 44 168 3 192 42 190 25 32 21 159 85 48 136 115 52 9 88 90 110 187 110 151 9 130 175
52 82 45 4 89 120 17 131 21 170 161 149 44 19 143 16 58 156 137 101 45 166 52 66 23 22 87 123 16 30 111 84 43 157 60 72 172 14 100 191 192 49 144 189 29 115 119 83 174 163 65 24 158 94 86 131 161 146 153 56
65 176 147 8 95 18 121 157 153 70 72 125 89 195 191 164 193 61 63 192 18 183 124 3 57 136 179 8 105 199 62 54 50 37 61 28 147 110 8 179 173 169 76 184 102 200 66 85 196 113 17 158 9 54 46 141 170 182 163 78
186 80 169 118 182 177 113 177 129 43 69 24 19 141 8 40 140 169 84 195 125 23 25 93 94 185 23 156 23 116 167 94 90 108 62 148 45 174 140 156 95 194 19 138 135 137 126 13 86 32 46 64 72 67 109 96 191 101 76 170
156 184 63 136 87 126 135 172 18 74 80 86 20 171 17 166 62 123 193 18 2 109 158 9 73 144 189 88 10 165 156 44 177 50 123 34 33 123 156 75 44 175 24 128 190 91 82 155 148 27 76 37 83 18 39 136 141 132 40 3
57 145 197 145 89 185 107 180 1 64 158 183 166 56 22 44 93 56 38 28 61 58 38 99 32 138 154 153 30 98 164 104 178 5 18 186 197 39 100 92 74 9 18 82 197 23 101 21 12 33 48 22 177 80 194 188 65 153 54 99
