70 	
0	18
1	80	4	54	9	
0	81	4	1014	9	
0	13	5	167	3	
1	90	9	726	6	
0	59	1	767	2	
0	39	4	425	4	
0	95	7	1519	5	
1	40	5	1464	1	
0	16	5	796	1	
1	73	5	1416	1	
1	81	9	174	8	
0	44	6	585	8	
1	35	9	1032	9	
0	48	2	95	9	
0	43	7	929	8	
0	37	5	481	3	
1	24	3	1124	9	
1	7	3	1312	1	
0	27	1	936	8	
1	98	7	39	6	
1	12	2	928	9	
1	84	1	1692	4	
0	97	1	810	9	
1	76	3	306	3	
0	92	9	1269	1	
1	35	8	1287	6	
1	52	7	198	2	
0	66	3	1687	6	
0	74	2	256	8	
0	2	3	67	3	
1	79	9	1469	8	
1	68	6	1669	7	
0	90	7	1141	8	
1	50	1	220	2	
0	72	9	977	6	
1	6	9	616	7	
1	27	7	1321	2	
0	87	3	1074	2	
1	39	3	11	7	
1	19	2	271	6	
0	37	2	15	6	
1	85	3	1319	3	
1	27	6	171	8	
1	8	6	548	4	
1	96	1	129	1	
0	36	4	498	1	
1	47	1	165	5	
0	46	6	856	5	
0	54	3	1603	1	
1	50	4	645	3	
0	54	1	575	9	
0	35	5	915	2	
1	42	5	807	1	
1	47	4	1433	8	
0	90	6	602	2	
1	30	4	652	5	
0	9	3	1132	4	
1	9	6	547	2	
1	78	7	26	7	
1	93	3	213	9	
0	28	1	664	1	
0	79	5	1005	3	
1	28	6	4	2	
0	10	4	458	8	
1	42	8	569	1	
0	83	7	1293	5	
0	66	9	822	9	
0	36	1	491	6	
1	9	8	1426	5	
1	21	7	434	5	
70 95 8 115 145 151 106 76 102 173 173 39 200 94 54 101 167 104 153 197 13 146 172 125 187 138 81 61 93 135 93 112 58 131 162 195 165 10 173 51 62 149 162 93 64 187 103 21 104 64 126 56 2 170 103 122 92 194 143 21 73 52 120 55 32 50 77 45 186 199
192 4 164 1 186 152 173 77 145 77 125 196 182 45 87 144 125 24 140 47 180 23 10 198 87 186 100 33 190 195 52 123 175 79 189 31 191 152 48 59 193 6 22 60 33 192 99 161 108 190 17 147 129 12 197 182 119 174 183 151 54 168 109 90 5 23 162 85 40 53
132 166 4 177 99 135 74 69 196 172 177 172 198 190 181 167 33 68 32 130 199 165 112 169 15 73 61 26 91 5 131 140 122 14 93 42 163 112 76 93 62 193 49 110 119 60 62 80 31 146 76 37 135 65 95 74 91 182 178 5 43 47 88 135 161 45 73 119 34 148
106 19 29 158 22 17 43 158 124 179 104 43 69 79 163 134 120 192 198 182 114 6 84 139 166 121 186 161 115 136 14 78 132 65 189 123 76 58 26 73 191 162 167 123 32 196 125 181 139 198 195 31 164 116 134 144 77 157 25 60 51 1 29 176 183 71 129 43 71 163
176 190 135 28 153 66 128 56 108 11 27 96 195 76 167 86 50 167 153 151 57 153 12 98 78 121 19 176 89 180 186 52 13 69 87 70 105 23 177 97 135 47 131 106 73 94 79 8 165 66 11 151 114 194 1 190 148 84 127 125 139 35 28 113 158 145 108 28 101 74
44 156 45 141 175 7 190 19 91 140 32 109 173 181 26 200 129 1 16 108 140 159 108 172 30 167 133 53 177 45 57 91 77 88 59 170 194 148 138 123 125 175 45 41 120 144 39 117 169 24 186 18 177 83 159 140 90 160 9 79 96 57 170 107 88 131 184 46 187 47
19 89 67 59 101 150 85 89 151 82 2 179 116 85 55 59 73 10 54 9 53 35 94 132 73 50 135 169 160 191 15 84 51 94 140 30 55 22 193 20 11 178 187 187 189 21 119 2 199 26 37 170 72 173 193 191 77 39 162 163 17 17 56 122 132 50 47 182 125 152
50 166 88 72 145 95 149 84 177 146 42 91 12 67 43 91 170 151 62 89 126 44 174 89 33 68 112 62 129 50 32 88 91 48 116 96 71 127 87 114 72 96 87 161 162 94 46 171 15 106 198 199 170 180 162 86 65 161 7 123 80 94 131 93 42 141 36 150 184 70
77 86 105 124 150 3 183 74 130 187 54 163 133 154 107 48 57 112 59 57 161 13 176 8 125 191 92 26 138 185 125 89 191 52 115 173 99 193 143 157 150 119 123 122 88 137 30 28 90 48 60 200 3 19 129 194 136 162 27 29 140 29 2 156 86 171 53 21 128 42
124 153 85 28 7 67 180 154 60 33 13 30 43 174 193 119 67 63 42 44 149 171 65 45 36 107 163 41 18 12 198 98 102 187 39 40 170 103 84 147 141 12 157 148 136 26 119 139 3 122 159 57 90 179 171 59 195 83 158 130 56 196 37 142 166 15 152 175 145 177
192 62 177 39 143 152 86 72 2 138 52 39 66 25 20 51 39 128 7 51 80 136 163 97 164 81 100 159 48 83 96 71 10 40 103 137 85 139 182 162 58 39 84 184 191 101 81 114 20 80 95 4 7 57 47 110 68 105 169 115 68 22 167 196 106 161 106 140 155 114
85 157 179 18 182 100 174 147 113 50 28 51 22 106 74 169 32 67 5 73 43 163 47 43 63 89 158 166 65 132 96 161 20 151 175 106 199 124 159 87 140 138 138 144 186 196 17 71 148 47 66 39 27 165 31 81 78 156 39 126 69 130 94 179 121 31 182 195 200 85
46 50 129 31 10 122 157 170 130 22 31 43 173 33 149 106 189 199 46 7 157 161 180 131 194 98 127 189 133 162 68 151 112 167 115 59 166 122 147 195 57 54 44 21 179 75 104 155 180 196 97 88 67 94 132 198 164 135 112 119 106 160 181 3 165 155 135 200 43 185
123 83 170 71 32 128 119 42 10 164 153 40 79 37 139 22 34 32 154 125 12 62 14 194 172 170 72 20 190 45 1 125 83 92 69 137 163 104 115 147 126 97 139 86 195 114 43 23 196 81 72 166 40 180 93 162 116 174 32 50 2 147 128 118 115 67 187 60 44 28
171 18 48 124 114 10 176 182 188 97 157 47 76 164 95 21 139 83 130 184 197 80 61 102 1 127 127 113 66 60 52 194 119 130 77 146 149 16 9 169 60 80 114 132 150 1 176 20 177 170 114 180 23 192 3 122 9 92 154 51 88 143 99 103 138 30 133 138 58 176
145 149 43 21 198 52 157 181 38 93 85 46 104 85 62 145 158 153 49 169 163 84 51 50 69 116 135 119 26 66 124 64 161 133 116 57 119 128 76 162 1 104 53 6 158 163 199 139 37 185 110 90 94 1 31 50 35 154 82 110 2 97 47 184 180 120 46 131 68 109
94 9 21 90 118 106 131 198 90 21 160 146 159 103 11 37 17 16 157 177 7 190 134 182 112 194 117 79 108 79 77 111 116 173 188 8 14 108 14 198 20 86 190 44 134 4 105 31 158 17 193 4 193 72 198 75 51 37 52 28 93 93 97 160 4 30 59 66 191 148
10 47 108 170 124 43 94 106 105 69 113 83 97 127 88 81 149 132 145 39 138 93 68 149 16 16 192 54 135 164 6 15 108 153 27 106 132 90 9 182 109 160 55 162 200 197 152 102 175 100 105 115 165 120 162 14 124 74 65 141 87 193 144 32 114 166 100 2 70 14
147 125 176 196 18 150 1 149 74 90 98 195 74 179 145 23 105 58 128 28 10 139 146 120 74 164 196 175 50 124 153 18 26 91 119 78 143 197 50 15 55 70 6 102 149 32 136 146 33 198 108 166 90 45 48 188 25 46 171 164 77 120 52 116 163 112 139 94 57 91
37 72 163 154 120 64 117 147 127 200 82 190 140 97 94 129 103 104 38 2 144 102 122 159 80 165 113 100 78 43 152 68 112 89 66 132 68 138 148 109 136 179 182 42 82 195 28 132 167 158 31 150 24 37 86 182 172 81 8 1 55 114 66 56 32 58 66 85 18 35
97 73 80 92 104 170 35 5 109 5 123 68 120 81 25 135 86 135 18 137 80 31 73 51 198 143 108 85 40 24 48 155 68 88 45 28 61 67 111 179 156 184 182 40 8 91 49 144 17 38 16 108 168 59 122 38 174 6 32 48 32 81 72 38 73 92 8 169 141 85
46 136 38 175 148 21 41 87 131 90 106 82 55 64 42 6 186 194 95 54 45 180 67 191 48 9 151 175 140 1 174 196 5 133 190 83 131 168 195 187 174 160 185 30 168 157 33 112 158 53 135 7 141 61 140 26 172 82 160 49 113 40 48 97 5 23 39 93 48 65
141 129 19 193 170 115 6 77 24 142 46 121 176 112 118 187 14 111 3 74 94 41 110 119 140 198 19 132 96 66 74 177 107 72 60 5 60 195 83 92 33 56 175 154 169 104 185 100 146 96 9 66 199 191 160 69 20 85 162 54 142 28 7 133 113 182 134 96 73 37
157 183 1 129 178 14 41 50 102 110 134 88 134 157 123 79 81 41 74 37 90 6 139 83 41 147 184 81 85 52 76 41 11 114 39 197 45 91 49 5 63 69 129 1 128 16 137 115 179 99 48 191 94 22 181 117 171 179 158 147 183 39 57 69 157 23 151 73 93 65
87 145 4 107 186 49 41 35 90 148 190 183 154 128 194 81 132 196 85 138 37 197 25 128 179 175 19 9 97 160 107 21 82 143 68 91 68 30 52 180 155 13 14 189 172 85 3 145 92 113 30 178 45 90 18 98 12 33 193 189 24 24 145 107 137 149 154 39 101 182
195 21 124 33 66 128 42 180 174 102 21 19 22 88 104 146 18 162 105 133 162 41 9 110 93 60 35 30 62 41 31 58 145 130 128 181 119 137 200 39 192 7 32 150 189 9 31 100 171 64 110 164 37 79 172 49 189 118 170 130 125 7 89 31 169 35 136 61 134 93
128 176 54 119 72 73 137 168 134 196 38 108 38 156 174 11 36 12 104 143 135 143 162 99 52 15 1 24 88 161 127 154 4 199 106 45 169 163 70 55 178 188 102 170 144 55 7 167 135 24 199 128 142 5 193 37 19 173 16 167 141 119 40 136 102 128 84 200 50 15
62 66 178 177 170 89 15 75 107 1 30 49 54 159 67 89 59 83 188 159 108 7 173 97 110 137 199 52 10 127 145 36 136 152 139 68 33 7 41 34 165 37 190 89 25 147 25 170 76 100 105 187 125 101 14 151 114 76 160 83 159 195 104 72 76 200 5 195 10 167
200 56 199 107 119 51 43 109 196 182 140 132 80 33 121 193 116 20 153 8 53 136 118 134 191 164 77 76 9 24 148 132 114 199 84 145 179 98 157 103 130 15 8 53 180 115 130 123 23 97 73 4 71 167 97 16 14 58 2 68 21 145 122 120 3 4 188 185 46 22
160 164 13 168 156 141 6 7 123 57 61 42 82 152 91 128 111 174 142 11 133 36 7 150 100 40 45 90 173 134 120 179 29 73 56 72 192 147 178 145 172 106 78 57 73 196 14 173 134 26 83 179 111 72 119 130 126 65 185 41 17 37 156 169 148 147 76 83 50 124
56 28 44 66 41 111 166 158 149 191 152 95 154 168 52 153 93 41 16 143 169 13 26 164 37 83 186 147 175 55 74 110 141 101 197 83 83 114 29 186 174 80 60 62 102 199 193 57 123 57 117 26 122 143 111 95 198 31 90 4 129 149 156 46 138 134 25 87 91 17
68 84 183 108 134 199 166 116 137 157 179 130 147 10 166 24 62 166 50 97 60 80 21 103 127 46 172 118 76 71 12 184 128 166 132 199 55 36 1 153 88 15 46 140 115 156 30 133 162 146 194 80 58 151 167 76 88 118 143 82 71 119 199 176 18 164 105 8 46 63
104 177 125 34 14 131 199 136 25 159 69 83 44 171 13 154 133 35 114 141 37 111 72 189 94 47 106 86 158 1 71 168 134 155 80 1 41 169 159 57 41 61 147 141 63 92 92 39 154 141 195 200 186 149 156 24 151 41 111 123 4 95 32 117 153 38 200 105 60 31
100 144 19 143 51 48 193 129 96 34 84 108 88 8 98 119 184 131 191 65 52 120 188 12 167 141 58 132 182 2 151 47 130 103 153 15 100 21 157 184 172 50 112 154 135 80 170 115 56 61 128 94 42 101 48 141 47 102 143 81 1 18 150 122 177 20 106 177 92 146
42 16 195 87 77 128 105 52 58 54 124 150 168 109 185 195 110 117 138 181 80 28 77 43 159 122 128 26 152 81 2 97 195 198 77 163 60 103 23 50 85 4 24 1 130 87 109 16 85 197 47 117 51 23 166 134 157 25 114 41 151 100 105 82 74 32 172 93 171 7
26 174 67 172 74 38 1 66 34 13 147 36 198 125 68 34 158 102 62 31 200 99 92 76 13 144 123 143 138 103 1 82 140 160 72 184 76 26 173 24 177 158 181 108 39 23 86 52 108 144 15 95 174 111 81 190 41 84 81 175 186 35 107 62 23 116 14 121 10 76
110 184 157 168 141 26 30 97 187 82 43 196 128 69 176 136 48 25 2 194 174 19 51 31 123 37 89 141 87 143 52 130 13 161 12 34 188 3 59 30 124 1 18 190 185 65 188 198 138 88 29 119 153 179 81 28 59 199 27 152 198 176 12 54 84 117 153 19 142 46
63 72 24 178 182 115 156 179 133 7 162 33 101 1 6 92 106 64 104 180 145 106 55 194 89 166 174 16 136 172 147 109 81 162 151 131 162 75 88 176 56 12 29 169 10 57 158 192 188 13 110 145 198 55 73 83 162 44 107 91 45 45 10 46 93 139 117 59 6 143
168 126 50 94 131 115 151 21 128 74 103 193 80 148 18 23 166 152 56 131 139 159 101 158 162 160 34 7 19 41 22 199 71 107 143 157 9 30 180 158 166 195 126 183 172 22 130 4 8 193 82 133 199 29 5 68 58 100 172 176 191 44 37 190 10 192 85 156 141 103
126 195 190 112 59 123 34 50 1 12 55 107 177 200 186 66 157 65 48 133 122 27 153 160 183 160 28 125 61 113 194 12 116 80 69 45 95 117 12 49 175 152 117 19 185 140 74 126 117 199 174 77 68 139 132 148 143 179 141 86 43 26 135 183 76 87 36 38 167 98
54 49 59 117 47 76 16 7 70 173 59 166 137 10 47 185 183 172 83 111 57 156 182 195 183 36 177 89 37 180 26 137 114 155 23 99 9 6 10 59 33 124 195 66 60 145 195 33 14 71 64 66 107 131 85 116 4 76 31 29 98 181 68 86 176 110 167 164 76 4
45 18 123 68 135 74 169 93 29 173 55 119 170 96 53 50 132 142 143 50 97 75 163 74 63 191 120 81 136 127 126 184 8 200 49 108 54 96 52 116 63 152 58 147 118 161 137 152 75 180 99 58 55 144 159 171 66 184 123 191 78 150 61 180 54 139 163 15 54 106
196 113 112 189 169 174 189 131 187 136 24 168 125 154 49 112 64 136 3 195 90 39 144 183 155 133 61 175 42 130 5 42 133 126 22 127 120 193 54 132 31 59 97 27 192 162 127 178 20 141 82 116 58 85 82 100 72 166 186 83 86 100 28 172 176 176 13 196 20 105
31 92 133 155 115 80 48 196 120 39 122 28 58 9 95 31 104 126 64 162 90 121 35 136 189 143 170 104 127 195 26 186 18 60 139 78 174 90 149 131 177 4 133 54 124 14 194 196 90 123 109 72 159 61 62 59 105 54 29 86 21 195 87 46 163 81 195 103 84 3
57 50 60 124 153 192 195 16 98 157 93 116 188 1 11 75 98 142 176 135 77 171 140 3 83 125 84 25 59 36 127 75 14 63 61 200 55 27 115 175 31 85 115 28 45 102 197 91 96 150 74 52 73 81 23 167 49 156 32 154 58 92 98 135 169 49 54 133 42 109
56 5 185 41 12 175 87 78 181 88 127 198 95 178 62 130 86 98 58 113 64 99 17 57 5 124 89 78 164 179 130 39 160 30 11 158 8 200 136 49 169 110 98 105 119 190 196 13 104 171 52 92 51 37 120 18 191 160 139 106 67 148 52 45 37 159 8 54 78 56
55 196 64 190 166 197 133 117 91 2 148 139 17 188 169 126 58 42 72 12 15 105 182 79 66 189 172 158 92 87 199 32 114 73 141 6 97 164 12 2 37 1 166 52 43 7 92 12 148 56 43 130 92 91 21 72 66 87 193 90 74 91 176 132 41 4 134 119 82 96
72 131 23 51 25 193 135 58 139 61 181 19 92 15 143 107 156 23 55 131 115 35 127 107 73 127 140 75 41 32 3 140 40 169 40 160 53 87 102 99 13 97 92 171 47 178 98 3 60 63 129 40 74 149 125 142 137 11 180 190 153 127 67 46 183 40 22 82 91 126
169 153 98 17 62 193 78 155 54 62 171 158 69 195 184 197 166 186 59 149 107 19 29 107 79 174 150 107 16 184 110 78 100 17 72 199 95 62 58 72 156 98 79 37 26 87 162 193 170 148 71 82 200 5 145 34 133 108 20 34 108 24 49 169 177 83 66 146 188 41
185 70 102 18 67 79 159 66 187 5 62 145 48 111 42 106 111 60 132 4 10 172 90 144 165 177 166 60 30 38 87 84 189 57 186 53 11 180 136 84 118 80 144 43 104 103 26 1 48 84 184 169 168 162 86 154 190 4 44 121 199 129 68 76 172 181 125 50 188 91
45 137 20 147 197 64 37 29 180 187 53 75 40 145 73 112 32 134 75 23 155 47 34 99 43 94 40 57 29 61 64 102 98 124 35 13 172 75 187 78 138 128 97 115 193 164 144 40 146 58 84 142 9 162 86 50 17 42 111 172 81 126 52 111 172 75 137 116 130 190
127 187 46 76 24 60 197 143 97 133 29 6 38 126 123 155 72 200 47 31 130 86 75 93 115 48 53 87 16 14 163 113 120 94 184 115 143 41 109 187 166 123 109 129 87 172 25 45 176 39 3 185 184 182 25 143 38 24 2 54 62 109 143 56 157 125 87 105 155 108
48 68 31 50 48 135 104 4 163 120 82 92 173 96 154 190 47 90 78 81 68 163 156 84 128 180 110 83 41 31 151 11 86 25 86 25 189 107 20 36 125 196 163 53 128 138 25 84 176 195 179 196 21 183 76 184 27 36 198 106 195 90 133 56 24 114 32 75 11 64
128 27 193 195 58 118 130 189 4 157 181 195 79 107 28 74 180 52 195 109 159 21 63 131 137 142 44 193 109 120 152 38 130 165 7 13 54 104 92 112 41 156 52 85 109 39 1 34 107 196 155 39 106 51 148 78 2 165 104 85 14 56 128 6 38 165 21 58 161 199
153 105 171 101 174 17 131 140 81 185 7 76 84 193 30 139 41 70 41 87 17 105 47 19 171 41 91 32 124 73 86 27 68 48 48 30 131 183 98 108 123 58 19 96 33 8 121 46 116 106 146 2 197 77 157 71 153 33 43 93 6 85 95 46 32 71 52 52 144 7
73 92 96 105 157 118 59 69 33 54 22 136 98 34 14 127 20 130 160 4 126 70 107 119 141 108 137 50 52 168 60 198 186 142 109 130 88 127 167 171 174 78 56 156 160 114 48 107 49 33 192 55 53 45 162 34 90 126 195 106 179 21 102 90 3 192 89 15 113 174
58 71 170 12 63 21 46 109 179 50 190 9 79 33 41 57 158 109 31 197 68 96 150 192 186 16 3 180 189 7 18 103 67 162 150 15 106 5 74 12 17 113 133 129 49 85 18 10 55 187 77 7 152 29 167 64 94 101 123 182 54 187 133 198 82 78 46 27 132 4
104 117 11 14 72 9 197 27 32 34 110 86 64 114 119 190 179 24 29 111 123 20 142 173 179 79 2 135 171 167 104 172 12 93 42 136 131 57 76 172 122 147 115 173 31 1 66 8 87 134 12 183 140 23 144 47 94 55 47 30 181 97 19 120 152 20 188 43 96 80
179 164 2 39 96 16 3 95 37 30 196 195 67 3 33 172 132 136 20 95 186 199 186 143 34 119 128 157 54 190 166 68 22 63 91 136 143 53 52 176 112 28 88 37 46 118 75 186 97 160 39 8 171 106 46 169 76 9 72 55 166 132 9 42 41 37 170 27 159 3
166 159 123 171 171 195 136 57 173 175 73 58 32 85 167 111 123 125 13 159 191 105 19 52 67 36 154 33 76 126 33 138 85 85 111 60 159 119 187 75 53 178 18 20 148 23 146 126 180 96 100 178 30 163 82 144 100 97 150 73 125 102 120 171 159 77 155 54 53 46
92 193 199 150 11 111 150 75 73 20 134 140 21 154 167 159 60 95 10 87 139 199 1 32 154 92 189 153 36 76 96 167 148 32 150 69 35 20 89 82 22 29 2 28 178 143 78 102 149 157 77 130 5 54 115 169 173 179 53 176 48 137 179 38 183 53 31 107 192 114
125 95 186 36 183 114 189 135 171 124 107 132 79 172 104 181 45 87 168 187 139 96 18 120 143 7 146 128 58 159 110 70 101 122 113 103 22 102 47 111 146 132 78 127 22 198 129 76 184 200 117 144 155 169 107 151 116 30 192 88 177 86 107 127 60 163 36 180 57 101
31 17 24 127 177 37 158 181 47 143 24 89 131 101 114 182 145 85 66 116 187 37 87 10 111 116 10 147 48 129 73 4 186 198 176 61 135 75 183 65 69 56 197 60 186 57 78 119 88 18 130 169 164 144 198 22 124 83 72 12 138 109 94 99 143 120 139 176 36 191
148 141 71 11 196 125 2 6 102 37 164 177 157 27 127 64 94 43 63 16 38 45 37 182 135 147 167 56 139 199 110 92 68 111 17 67 103 175 68 65 157 66 73 51 72 75 14 98 152 197 3 173 124 72 54 67 39 69 33 90 107 64 187 182 44 10 87 30 79 104
53 28 157 58 176 18 195 136 27 9 2 148 44 69 16 143 19 107 33 145 179 35 32 193 1 157 66 140 95 82 53 182 155 147 160 109 66 195 4 11 80 139 195 10 185 70 137 26 78 163 59 76 39 119 40 126 96 71 162 3 120 162 171 186 27 12 18 89 194 26
1 32 192 138 132 111 155 135 70 6 166 30 54 114 165 181 64 199 83 84 128 87 17 105 162 91 103 16 116 179 59 145 41 60 13 26 50 30 32 163 10 23 38 11 155 172 44 165 18 60 82 180 1 135 116 171 144 196 155 109 162 170 174 123 8 152 127 71 159 18
31 9 25 71 115 148 93 114 148 92 168 83 183 60 82 152 36 193 174 18 129 84 56 113 53 186 108 67 91 12 180 10 14 94 84 154 139 165 171 80 151 188 32 114 153 124 72 106 109 137 60 185 85 12 180 130 62 193 94 141 160 61 175 165 127 149 74 78 26 145
30 130 185 24 68 122 125 33 120 196 64 80 71 194 132 184 144 114 10 81 167 69 81 16 106 103 120 159 195 68 34 148 158 169 100 184 124 113 191 12 105 135 26 71 58 102 114 96 167 117 114 186 129 158 21 44 26 115 51 86 18 8 185 96 121 179 176 10 41 4
162 76 176 145 114 98 44 172 135 77 117 114 53 98 6 103 146 12 58 124 30 85 143 112 120 141 24 103 36 8 108 159 20 5 161 175 21 151 109 189 130 137 141 92 98 80 50 163 128 114 52 49 167 93 97 93 145 14 140 147 49 150 35 146 164 138 120 131 7 87
13 68 106 169 182 61 86 29 156 1 72 120 59 105 53 52 181 25 117 106 191 28 158 110 53 95 118 45 3 50 18 164 86 35 175 105 90 144 78 140 41 36 43 80 117 162 31 107 4 129 151 3 150 37 117 109 104 82 36 7 63 95 115 99 7 34 182 15 72 85
55 5 37 96 120 192 55 176 111 128 112 21 101 184 49 137 187 134 29 26 135 85 60 153 26 103 199 88 129 35 146 32 160 105 6 125 112 142 38 57 6 187 50 4 8 26 107 164 138 163 153 165 86 17 100 193 49 17 79 134 115 71 51 125 104 151 107 23 24 22
