30 	
8	51
0	67	8	1169	2	
0	2	9	410	4	
0	52	3	1559	9	
1	26	6	1336	5	
1	21	1	1520	1	
0	84	2	261	1	
1	18	1	1094	7	
0	67	9	830	9	
0	55	3	106	3	
1	87	8	441	1	
1	23	1	904	3	
1	89	6	243	5	
0	13	6	1212	2	
0	7	1	1419	4	
0	72	1	815	6	
1	71	5	1515	7	
1	46	6	831	5	
1	76	6	1251	9	
0	42	4	1102	4	
0	76	5	1350	8	
0	18	6	620	1	
1	97	3	1377	9	
1	1	2	185	4	
0	55	4	345	7	
1	76	5	806	4	
1	63	1	933	5	
0	98	8	1484	4	
1	89	6	1002	6	
1	21	2	487	4	
1	98	2	139	9	
200 145 109 154 146 73 9 40 45 130 57 60 142 76 31 180 183 107 46 190 143 19 140 70 173 58 149 143 190 25
98 89 53 79 113 158 114 186 136 188 185 38 31 100 170 46 113 104 135 94 163 101 14 126 128 113 56 184 130 39
116 71 193 31 89 100 10 132 9 123 107 89 16 108 114 16 185 121 134 81 172 75 133 106 91 14 146 88 155 3
6 198 199 54 163 48 59 1 183 6 70 69 61 132 143 112 46 117 194 136 21 129 135 183 174 154 28 159 33 102
118 27 18 104 14 27 183 24 136 100 75 79 74 179 124 68 134 178 34 188 118 43 157 187 183 143 172 153 124 89
68 182 183 184 78 88 150 193 99 51 69 24 149 159 96 23 86 185 115 71 188 27 33 108 158 190 199 116 91 12
183 145 187 188 26 171 52 187 37 126 143 136 26 110 48 144 128 109 32 193 111 153 31 193 118 139 186 183 183 60
115 101 86 145 107 82 108 101 137 99 57 164 179 34 156 130 20 66 59 105 174 17 122 185 161 87 122 62 44 154
183 178 16 61 26 41 62 35 159 77 7 43 3 134 181 151 109 76 196 113 166 153 110 17 41 155 147 184 193 98
59 61 176 109 186 110 169 180 70 167 113 156 134 128 164 106 48 8 169 54 79 17 43 19 104 102 19 25 191 103
117 184 56 114 195 62 149 155 181 8 179 124 1 43 17 37 37 192 101 136 23 121 195 42 74 80 3 46 89 115
60 97 104 16 183 31 144 99 166 141 120 122 10 79 121 78 140 65 162 126 71 172 45 181 40 33 94 96 183 40
32 90 27 114 194 15 154 184 16 34 158 137 188 168 177 91 185 78 30 81 135 188 3 49 57 183 38 72 86 115
153 63 163 132 163 17 69 32 162 36 14 190 184 57 143 125 49 1 34 174 163 187 183 138 87 31 129 70 93 49
114 140 152 169 127 45 127 177 150 90 104 132 38 57 12 13 41 91 39 177 162 134 89 141 156 19 72 82 154 200
38 91 16 168 76 84 158 62 167 123 32 55 197 168 55 115 151 152 184 86 50 119 52 17 27 182 17 147 9 156
5 27 168 74 199 113 5 86 113 11 5 165 10 155 194 125 66 27 150 95 101 91 41 165 154 158 192 70 147 124
185 145 72 153 34 101 70 9 141 52 29 91 30 62 44 67 184 125 53 137 25 97 82 103 91 66 3 47 97 22
66 12 63 3 69 188 30 61 25 151 82 60 187 38 123 176 157 22 13 142 153 162 152 67 124 4 194 43 142 158
15 70 36 143 64 186 131 168 63 39 26 196 64 119 116 135 189 192 54 56 69 86 18 60 47 16 18 59 198 184
63 158 154 12 161 8 113 176 172 63 109 90 57 62 110 116 161 119 83 139 15 48 165 97 37 85 108 176 198 41
10 80 168 162 4 98 39 2 31 107 153 97 124 10 66 41 181 160 83 190 142 109 116 195 4 135 124 182 49 12
142 97 10 184 71 17 173 35 74 72 70 97 157 14 43 73 143 78 40 66 68 171 183 121 155 162 26 145 148 127
155 144 77 132 191 123 17 5 126 143 71 61 146 132 71 95 29 122 59 76 78 51 31 54 31 196 182 124 20 106
64 22 163 89 22 131 100 57 4 160 167 30 118 133 30 52 60 76 172 137 138 154 56 129 150 125 38 55 122 33
179 2 122 155 22 80 49 163 54 18 9 156 151 97 126 26 21 32 146 70 20 36 25 80 96 19 28 31 59 116
190 19 115 158 58 74 127 21 96 28 5 158 141 181 170 15 4 64 98 139 44 198 60 171 42 139 40 124 108 155
119 64 85 62 87 156 68 115 179 169 141 26 85 196 150 38 2 131 193 81 189 155 53 77 109 39 174 51 72 110
50 6 73 176 73 105 119 155 54 23 12 79 169 105 75 143 90 137 36 41 167 121 9 25 82 53 106 115 140 189
51 160 11 192 80 3 166 131 89 106 26 44 51 41 13 132 30 106 72 76 147 25 66 74 176 57 150 197 78 194
37 72 150 125 200 4 114 161 198 2 160 190 110 140 111 156 187 82 58 119 123 35 181 38 177 144 82 165 67 164
