30 	
17	58
0	9	5	15	2	
0	1	8	39	7	
0	7	2	122	4	
0	1	6	50	7	
0	8	6	66	6	
1	7	6	56	8	
1	3	5	8	6	
1	5	8	94	8	
0	9	1	27	2	
0	3	9	50	7	
0	3	3	72	8	
1	4	1	42	1	
1	3	8	89	8	
1	9	6	29	4	
1	4	5	58	7	
0	2	8	2	2	
0	4	1	127	3	
1	2	7	122	4	
0	8	1	19	4	
1	9	6	76	2	
1	7	5	34	9	
1	6	4	142	3	
0	2	9	110	1	
0	6	8	102	1	
1	6	5	6	7	
1	5	2	45	7	
1	5	7	1	6	
1	1	1	29	7	
0	2	6	4	4	
0	3	3	107	8	
62 31 74 12 93 189 107 12 160 52 28 26 1 150 199 199 52 194 85 93 46 123 94 153 173 73 69 193 53 91
148 16 194 142 187 43 194 35 114 167 22 189 123 115 81 143 42 124 101 85 185 25 147 15 169 175 116 167 70 157
87 77 5 150 114 171 124 110 139 192 130 15 72 65 100 1 175 91 18 75 14 16 176 158 147 148 198 61 51 178
15 55 177 182 136 176 178 34 194 180 47 180 166 200 53 185 141 49 75 131 195 160 105 24 16 23 68 101 110 182
31 98 68 67 92 144 53 169 194 111 70 117 23 176 86 59 36 181 56 162 128 114 152 131 200 152 96 114 46 188
98 40 36 60 142 120 186 165 101 143 135 184 199 128 52 140 96 65 53 149 113 56 91 97 71 172 103 189 78 123
24 65 142 96 155 172 176 83 55 28 172 45 85 146 154 35 59 133 26 130 75 81 194 92 105 2 58 187 36 20
161 124 28 62 123 85 154 196 2 38 148 116 157 58 42 31 146 144 31 47 82 107 27 59 59 64 188 77 75 186
24 132 159 87 157 154 151 88 112 188 39 31 142 13 174 136 47 79 200 74 23 33 60 87 59 3 193 167 30 84
6 92 68 97 12 47 40 125 128 61 137 198 94 165 50 81 114 108 4 52 155 100 22 179 125 65 7 18 186 34
169 90 116 115 23 200 58 143 136 45 38 120 179 192 182 104 143 137 32 199 159 19 97 61 3 56 35 70 164 68
158 115 104 168 191 160 194 181 137 194 30 121 159 77 121 96 99 145 61 117 20 35 84 74 100 180 35 102 6 156
17 158 64 163 155 141 85 93 79 98 123 87 63 139 118 20 174 16 173 162 65 94 129 151 14 160 181 149 146 187
124 11 184 16 124 181 78 62 61 28 72 123 44 172 106 118 82 62 85 182 30 126 155 168 103 122 178 28 45 117
74 112 72 189 103 87 114 198 10 124 188 136 188 197 155 30 105 175 126 36 150 84 190 24 129 103 82 176 111 158
149 67 19 129 36 192 102 152 62 125 99 99 5 180 43 175 23 134 99 175 100 7 136 88 164 72 139 109 124 6
40 121 32 109 62 6 185 130 7 153 24 49 176 115 158 195 3 102 9 162 153 93 60 124 180 56 53 187 28 78
83 37 173 73 78 46 104 163 87 109 194 176 16 33 158 13 115 47 121 146 184 31 155 66 19 23 7 140 112 8
153 169 60 141 14 57 131 182 148 88 104 184 177 121 101 152 95 133 192 131 152 193 200 66 191 49 82 144 184 137
95 120 68 88 100 52 147 32 79 121 10 29 115 38 104 164 132 25 42 65 20 37 41 179 79 148 58 2 175 92
196 51 75 5 73 27 198 129 30 14 143 181 46 67 91 130 62 142 169 187 120 12 83 134 113 50 21 15 60 127
173 26 186 8 47 54 76 136 92 55 135 18 54 87 66 176 105 154 131 12 10 68 97 59 191 40 167 141 197 100
29 13 98 89 124 122 81 41 199 173 138 110 16 156 146 17 5 43 55 23 171 23 51 119 78 30 20 7 177 6
187 66 135 13 105 48 3 197 149 72 33 11 59 195 2 116 193 15 72 132 117 36 90 9 67 150 70 196 168 25
152 153 187 198 199 83 127 34 105 10 47 118 52 44 55 119 108 132 77 138 80 171 50 115 77 24 41 81 131 7
81 172 31 57 141 41 33 15 149 21 186 146 135 69 125 89 113 146 27 57 162 26 169 51 161 2 150 126 50 156
161 23 167 195 122 157 139 92 198 11 141 4 147 66 38 62 143 171 3 196 135 89 23 118 173 128 94 52 175 101
20 104 189 168 156 13 139 114 193 135 104 166 67 3 159 186 111 94 176 69 14 25 106 165 200 129 43 157 131 166
136 120 179 160 29 166 83 161 168 155 100 12 39 97 142 81 41 157 154 58 51 13 5 39 112 54 180 176 22 123
105 190 89 192 90 135 83 149 3 14 136 96 199 152 37 47 135 59 34 196 28 26 21 173 168 178 75 57 37 182
110 182 51 145 58 42 117 20 162 184 25 7 66 90 107 121 44 108 69 40 99 40 83 118 194 34 148 166 199 94
