10 	
36	73
0	23	4	43	8	
0	74	6	158	4	
1	91	7	43	8	
0	2	9	244	1	
1	12	5	372	5	
0	41	8	326	1	
1	97	9	186	7	
0	74	5	244	3	
0	14	2	127	8	
0	1	5	375	8	
100 56 124 33 196 154 179 67 161 84
188 167 177 24 195 30 56 53 87 41
85 199 111 6 78 62 131 115 29 197
120 49 65 166 177 184 119 188 81 69
152 111 200 156 48 186 185 124 145 144
184 161 16 171 103 51 182 33 39 80
155 129 103 168 161 145 37 153 112 41
184 189 172 84 6 113 102 157 160 198
199 25 44 98 2 107 162 41 148 100
83 101 140 132 138 114 75 171 26 186
105 99 49 129 38 157 166 122 56 185
