10 	
1	40
1	15	1	4	7	
1	67	5	65	6	
1	3	1	264	4	
0	15	3	47	1	
1	80	2	104	7	
1	57	9	286	7	
1	38	2	383	2	
0	12	4	375	4	
1	37	9	68	2	
1	81	5	1	8	
35 123 137 140 175 52 86 199 51 38
55 174 117 70 125 99 159 17 156 61
132 25 136 182 183 184 175 155 11 59
1 137 135 191 134 164 79 170 108 122
41 188 57 100 112 5 39 103 160 125
172 55 47 191 27 94 118 22 46 59
154 170 189 18 164 28 3 3 66 117
125 126 51 133 115 101 118 132 53 11
166 44 50 132 69 130 145 41 86 13
147 3 149 54 91 86 39 184 135 130
124 131 142 146 167 163 195 153 29 1
