40 	
47	97
1	39	3	960	3	
0	91	4	1444	2	
1	90	2	2813	3	
0	5	5	417	3	
0	66	5	1715	1	
1	4	1	2763	6	
0	51	6	2112	8	
1	96	7	127	3	
1	58	6	2886	9	
0	41	7	187	2	
0	52	4	2939	1	
0	16	8	1846	4	
0	83	8	202	5	
1	99	5	913	6	
1	43	2	1327	4	
1	22	5	851	2	
0	61	3	2874	7	
1	61	5	166	5	
0	21	1	541	1	
1	74	8	1832	5	
1	29	5	1356	8	
0	23	7	2708	4	
1	5	5	1328	5	
0	29	8	9	4	
1	33	2	611	2	
0	73	3	2424	6	
1	99	6	2138	6	
0	90	3	141	5	
1	40	9	587	7	
0	87	4	2460	1	
1	17	1	1856	8	
0	84	8	2917	2	
0	44	7	2325	9	
1	38	8	2002	5	
1	6	4	741	1	
0	8	8	254	8	
0	74	8	1486	6	
0	25	1	1366	1	
1	58	5	2061	2	
1	43	2	2539	9	
136 70 87 189 151 19 83 26 99 36 68 27 124 60 73 200 57 167 49 96 173 139 83 95 165 40 147 48 183 66 162 134 109 128 181 76 191 94 50 69
75 151 125 83 157 121 112 32 54 90 100 114 38 24 14 123 158 60 36 115 80 179 58 116 174 95 61 11 68 153 183 47 114 6 66 147 169 40 155 125
108 160 19 43 153 1 122 46 131 194 115 18 16 18 107 6 125 139 106 105 94 167 54 100 126 199 13 122 50 63 35 44 139 67 94 196 44 188 87 127
1 16 122 50 149 189 147 137 111 69 69 69 41 135 52 19 88 98 23 36 140 145 178 124 124 122 78 163 33 96 96 72 82 118 44 173 101 3 30 33
69 165 135 1 6 95 173 170 27 175 91 157 193 12 180 131 29 128 130 42 149 193 53 107 122 40 68 45 140 149 146 76 52 138 165 67 88 42 24 109
13 176 174 140 191 149 194 62 108 85 161 58 142 41 123 77 198 103 167 73 57 122 196 152 82 89 93 57 126 4 10 32 50 48 181 101 116 28 103 194
95 165 154 45 182 144 70 136 62 62 119 136 45 59 24 78 152 198 76 69 20 140 3 110 21 81 6 50 107 179 130 112 52 112 78 75 25 152 16 12
85 36 100 2 130 52 62 17 142 121 189 147 113 191 56 67 13 183 125 114 98 31 78 107 18 22 133 100 94 128 106 94 120 171 2 69 189 36 33 15
75 18 157 200 60 77 56 132 121 43 192 20 86 22 72 181 155 121 56 71 31 101 98 27 60 188 106 159 21 128 73 188 11 128 87 117 173 20 105 89
54 174 42 85 124 194 23 139 196 22 81 120 70 186 29 32 178 19 72 94 199 49 117 97 109 99 170 37 188 58 86 164 38 120 48 117 62 112 55 178
184 33 54 95 186 46 165 95 63 62 123 16 118 134 164 146 177 19 174 196 61 32 65 96 17 117 12 26 32 69 65 97 57 82 4 89 114 116 158 148
60 15 56 97 40 187 189 27 188 22 68 80 117 135 89 193 40 34 79 160 153 12 38 5 47 76 191 123 18 110 127 16 26 86 73 129 156 133 112 71
82 25 81 188 181 165 5 110 93 60 113 146 64 192 41 162 100 183 104 180 87 15 53 89 172 167 175 5 123 186 133 101 123 164 90 45 155 102 80 146
54 71 166 176 68 146 122 144 128 92 108 167 78 183 31 183 165 17 85 137 31 44 16 169 107 59 158 78 184 54 81 158 142 117 54 157 64 31 47 177
99 183 61 188 193 131 42 82 106 29 94 196 18 15 116 44 85 111 30 126 133 13 173 108 111 165 5 133 166 188 30 137 149 122 103 80 191 95 6 107
86 61 76 10 57 89 131 177 13 4 131 62 29 138 15 179 1 55 108 119 198 73 19 120 120 45 121 56 165 176 152 187 181 142 34 48 120 116 132 112
100 90 13 85 162 93 45 59 170 136 104 145 72 153 100 86 14 77 84 60 189 116 106 31 194 109 188 27 12 125 98 53 169 163 1 163 56 14 185 51
21 111 153 78 44 64 130 44 152 87 99 184 112 123 1 167 10 131 17 103 191 3 145 56 4 23 9 69 12 48 150 96 66 28 52 118 10 123 38 57
71 149 80 187 62 194 94 116 39 157 42 105 116 66 156 73 190 128 48 140 51 171 176 123 117 24 88 93 190 98 10 35 134 156 41 177 65 32 157 169
64 128 76 53 35 181 88 75 130 179 117 101 4 149 192 151 161 193 21 183 188 115 2 150 35 166 90 31 159 139 158 123 19 169 128 31 78 34 164 30
2 47 10 161 192 97 57 40 193 6 134 17 175 130 159 152 172 162 112 57 74 147 55 35 82 130 158 195 8 60 6 125 113 183 170 57 111 88 89 163
37 170 123 82 22 146 178 68 123 160 3 142 108 186 86 166 74 192 17 172 49 145 123 181 154 22 10 152 54 16 134 108 12 168 150 154 16 19 15 32
80 189 29 66 17 23 128 113 179 119 7 92 80 34 84 171 183 142 69 24 185 118 137 5 17 186 18 62 72 124 95 51 160 176 164 110 6 122 155 62
114 8 148 13 26 155 181 48 110 132 22 120 103 133 167 90 194 135 62 99 103 83 147 130 83 142 8 31 198 42 127 114 186 38 30 132 197 62 66 9
143 79 26 135 16 7 141 111 8 139 91 87 162 19 186 22 103 93 118 61 38 115 111 139 34 170 11 43 45 182 194 169 87 174 33 103 61 169 72 70
24 171 114 114 139 122 66 152 166 83 168 183 45 120 61 164 67 140 6 150 113 153 13 65 189 9 157 124 198 41 37 3 63 1 109 78 197 186 192 66
79 28 138 191 90 174 20 6 166 116 34 36 112 123 54 16 14 141 7 21 198 111 57 50 131 159 93 63 182 168 106 126 1 53 50 119 126 69 81 161
152 111 43 25 98 88 85 67 111 16 196 43 47 186 32 180 195 1 77 55 41 175 8 118 69 85 93 35 82 114 11 15 174 11 105 124 88 99 135 151
63 73 177 196 48 79 118 71 187 142 58 16 132 56 17 11 117 63 190 124 138 53 40 78 76 7 49 93 173 189 6 131 49 40 169 56 96 22 115 6
7 187 59 165 151 10 110 108 85 195 106 60 193 68 94 67 99 188 33 110 156 65 147 168 52 2 135 133 172 188 127 63 173 83 111 27 197 47 6 41
126 167 82 149 21 79 91 32 126 137 154 52 8 123 198 161 68 192 149 38 110 137 174 3 149 16 41 79 17 76 105 95 46 50 14 186 69 57 82 66
136 46 108 115 44 15 84 124 114 200 181 156 141 154 127 141 164 4 88 71 100 46 39 167 7 75 60 103 107 24 101 147 155 160 27 158 68 40 124 60
20 195 59 132 99 16 18 54 84 43 126 31 54 80 18 176 178 192 168 19 79 192 183 29 198 188 106 130 87 149 154 67 171 172 32 72 194 195 155 46
181 74 167 110 125 161 54 50 163 92 147 125 94 17 55 174 61 13 50 126 96 96 48 78 179 107 146 38 134 42 156 172 129 189 64 181 182 8 166 172
179 86 120 96 74 161 173 106 137 11 5 9 63 138 145 47 110 146 10 126 151 17 141 149 183 72 153 187 198 11 91 137 30 120 148 158 132 17 73 69
51 106 199 5 69 80 62 45 52 153 142 77 10 175 44 178 175 15 160 163 93 60 84 189 110 97 43 101 149 186 80 45 26 47 1 180 195 91 22 66
92 74 98 81 7 33 71 48 99 80 46 121 130 14 31 190 82 123 138 32 117 48 1 200 190 63 189 15 182 127 17 107 138 194 13 92 187 83 36 67
80 189 156 24 191 163 153 108 143 177 145 103 58 40 145 189 104 196 25 98 177 8 185 179 49 137 145 124 42 85 17 82 19 182 83 92 12 115 176 168
74 165 73 186 12 52 35 61 195 200 147 197 59 8 92 25 134 15 175 77 118 51 30 18 198 2 66 182 156 119 77 123 192 22 141 16 103 125 19 115
198 82 141 48 116 121 36 79 46 122 46 168 105 36 128 194 143 20 133 92 63 137 4 192 163 92 133 142 39 185 153 133 107 25 91 161 197 185 143 104
194 77 167 56 163 71 169 76 72 52 19 143 195 56 22 46 72 43 135 8 75 6 65 71 1 2 87 78 174 127 8 33 35 2 61 48 12 64 151 16
