100 	
31	33
0	59	4	7787	9	
1	14	5	7272	4	
0	85	1	9429	1	
1	26	8	3315	9	
1	5	7	6681	7	
1	9	5	630	6	
1	90	5	2056	8	
1	77	6	3492	7	
1	53	2	741	3	
1	85	2	8500	2	
1	32	8	3105	1	
0	41	4	441	9	
1	10	3	6950	2	
0	31	8	8083	5	
1	86	2	8068	3	
1	3	9	4407	1	
1	35	1	2654	8	
1	64	5	2296	4	
0	33	6	779	2	
1	84	1	668	9	
1	26	3	3105	7	
0	48	2	1080	9	
0	82	3	4941	5	
0	8	7	7508	2	
1	32	1	4922	7	
0	65	5	4837	9	
0	48	8	4352	7	
0	94	8	6608	1	
1	15	1	7659	1	
0	80	8	7207	8	
1	37	9	5980	1	
0	64	5	4692	9	
1	69	2	3380	7	
1	9	6	1166	6	
0	45	6	994	2	
1	62	8	3280	6	
0	6	7	9142	4	
1	17	2	1446	7	
0	33	8	957	1	
1	74	5	3633	9	
0	13	9	8472	3	
1	63	4	9420	7	
0	92	2	9576	7	
1	69	4	89	3	
1	98	4	8585	3	
1	27	4	2433	5	
1	50	9	1969	1	
0	21	8	3853	5	
1	24	7	9703	1	
1	17	1	9725	2	
0	33	2	2556	7	
0	57	2	9293	1	
0	48	9	1856	8	
0	5	6	613	5	
1	42	6	5898	5	
0	64	1	3369	9	
0	77	7	2391	8	
0	91	6	5472	3	
1	51	2	7995	2	
0	37	3	2065	7	
0	39	9	8297	7	
1	42	7	4135	2	
0	89	2	5938	5	
0	61	1	5966	6	
1	86	9	8400	7	
1	89	2	9211	4	
0	20	4	6201	5	
1	36	8	6000	8	
1	43	9	5479	8	
1	55	6	4475	6	
0	52	7	6853	2	
0	36	1	8840	2	
0	1	3	3727	7	
0	84	5	2646	3	
0	40	6	5754	8	
1	85	5	1047	5	
0	69	9	1586	3	
0	38	2	1245	5	
1	87	6	82	3	
0	83	8	2725	4	
0	4	2	2503	9	
1	44	1	1149	5	
1	72	3	3418	7	
0	32	3	1494	3	
0	99	1	2774	9	
1	52	2	8076	6	
0	84	8	3934	6	
1	4	5	9563	8	
0	87	4	1820	4	
1	90	2	4513	3	
0	41	5	7718	2	
0	7	9	9605	7	
1	11	8	6576	2	
0	63	4	1257	7	
0	66	5	9217	7	
0	87	9	2975	7	
1	21	3	7014	7	
1	3	4	4120	4	
0	43	6	5633	8	
1	20	3	1917	3	
72 95 100 58 135 7 40 76 36 118 129 170 107 4 164 52 119 47 38 4 112 69 141 196 73 172 117 185 122 101 67 173 7 171 194 34 94 168 30 145 113 158 93 78 48 22 195 10 122 68 37 189 57 137 140 54 146 168 23 176 111 170 140 96 120 130 169 139 35 127 155 15 162 65 1 86 125 24 7 108 36 25 48 180 157 192 81 164 60 162 106 187 164 56 132 109 112 5 121 171
174 107 77 166 34 13 77 19 78 9 20 72 175 196 163 75 4 165 165 108 22 108 114 141 152 108 30 25 38 163 63 118 131 145 169 125 71 3 152 94 116 120 184 5 26 82 89 200 123 38 51 25 109 135 59 30 52 101 175 16 7 88 50 153 128 30 163 118 71 99 50 123 5 157 67 66 199 76 123 198 22 135 92 95 8 134 130 178 35 181 73 76 30 118 103 135 137 170 194 166
35 14 8 101 58 92 3 133 41 71 82 50 91 26 51 120 81 25 62 130 31 63 7 82 41 81 147 94 118 48 172 36 42 184 49 42 129 137 99 167 170 109 36 147 1 150 113 172 115 74 15 114 57 17 70 126 86 13 6 188 91 115 130 62 56 37 62 133 22 192 132 80 81 177 69 62 100 44 102 129 10 178 26 114 66 187 121 62 89 162 157 40 78 74 58 13 32 21 37 19
64 60 46 109 118 29 181 185 172 153 147 143 158 159 55 72 83 134 14 18 162 187 68 91 157 133 138 183 98 112 183 6 56 103 92 40 10 65 175 22 74 31 198 125 86 106 183 154 183 40 22 118 188 165 194 63 83 192 62 74 176 104 33 143 89 154 99 162 68 102 179 198 75 96 180 198 144 180 52 1 107 20 73 94 105 38 152 73 67 36 57 188 170 46 45 31 119 95 145 59
29 200 157 40 112 191 186 137 25 5 196 81 42 57 94 148 137 194 70 200 50 148 129 53 198 79 61 154 37 113 195 134 119 82 198 43 136 9 153 71 181 79 196 80 35 73 68 77 169 51 17 60 162 66 88 15 112 183 39 92 127 149 68 76 20 46 190 15 16 22 13 104 89 30 3 168 7 33 133 165 131 94 125 141 132 159 32 13 186 195 132 131 161 101 184 95 100 45 125 170
36 5 108 106 157 84 63 169 112 80 152 28 27 114 31 99 112 118 17 6 75 55 162 91 51 91 79 173 118 161 1 3 23 13 30 125 43 36 183 138 100 70 8 191 135 163 128 190 12 86 79 149 119 57 59 45 48 109 124 46 89 38 152 42 145 123 125 188 137 155 36 74 159 9 142 108 99 162 82 195 26 193 47 90 157 86 165 83 118 33 38 180 5 80 118 58 99 44 74 10
23 11 172 47 50 67 101 39 145 171 96 153 126 40 140 151 29 141 118 69 43 99 42 103 132 147 1 91 74 190 71 57 133 162 189 116 132 169 170 104 148 134 79 39 12 93 163 9 105 186 113 63 13 108 127 150 138 59 67 65 35 124 185 36 9 35 81 71 182 7 155 118 195 155 36 42 85 126 75 138 125 182 25 87 17 67 111 85 69 122 140 8 153 181 182 75 157 100 116 27
169 130 98 82 6 75 107 160 185 75 170 90 153 107 109 188 125 65 14 170 57 41 144 168 60 129 18 78 89 16 66 25 141 159 150 20 143 191 64 28 131 83 184 123 188 96 79 61 8 118 28 132 163 23 53 107 59 21 84 28 114 180 19 107 171 36 157 87 43 70 41 98 10 9 77 27 7 197 88 86 24 190 196 40 113 5 31 52 31 77 2 78 62 58 192 37 159 190 35 141
146 132 144 199 133 158 163 66 110 160 146 164 40 59 2 173 14 34 3 182 177 164 108 8 63 167 118 103 6 65 123 87 178 153 109 63 25 141 191 56 173 7 44 156 131 36 94 60 31 80 38 86 122 146 188 174 116 44 25 184 162 108 133 161 177 184 53 167 4 135 156 182 81 173 100 94 196 96 126 130 59 36 113 4 143 174 56 197 2 82 191 123 169 35 32 155 146 141 101 62
46 100 102 51 93 9 125 85 62 5 67 32 55 192 121 190 52 82 52 163 8 22 168 25 165 133 77 145 48 152 99 77 55 188 182 186 114 95 17 73 60 117 123 80 108 52 186 198 175 117 141 168 28 175 67 115 59 166 129 196 82 160 59 131 96 36 146 42 148 64 2 195 34 74 87 71 112 58 141 186 66 19 193 124 104 159 200 136 119 177 148 75 167 85 24 194 35 111 141 6
177 85 191 175 38 105 113 196 47 53 148 133 87 122 190 5 154 133 133 76 95 145 40 7 87 169 142 42 14 181 192 162 10 68 54 103 111 43 99 24 131 22 71 105 3 138 32 106 176 83 25 188 200 57 153 124 174 84 195 176 42 101 45 139 23 192 185 188 124 190 69 82 95 167 65 74 187 88 59 97 148 88 126 99 40 27 166 19 116 7 151 138 75 108 62 120 28 164 81 66
109 128 180 135 80 177 30 127 30 190 104 24 34 68 189 146 7 163 152 100 84 13 186 142 166 199 103 100 131 64 66 177 172 73 100 72 169 37 117 127 53 181 3 136 85 129 55 49 101 37 21 181 170 94 76 19 61 172 75 193 120 84 116 10 22 188 177 128 193 44 8 182 72 83 199 56 49 101 12 20 161 178 18 38 123 168 29 185 7 140 110 41 84 60 28 189 28 134 100 152
7 61 20 52 68 13 142 118 160 145 41 117 164 9 30 89 118 35 100 145 83 193 196 102 1 23 136 9 52 130 141 24 164 157 115 53 130 184 96 188 173 140 19 115 152 117 167 98 173 36 126 123 83 133 66 48 59 75 72 91 36 182 52 191 92 26 172 104 102 162 194 72 47 40 55 77 60 82 45 138 100 21 136 93 65 161 144 24 132 46 124 103 108 120 154 118 31 4 187 150
196 96 154 3 117 143 183 36 31 12 20 70 178 197 151 64 101 141 83 154 200 143 31 7 193 13 93 158 65 182 73 44 3 100 82 159 19 179 74 147 124 43 114 120 39 119 42 195 93 55 49 191 75 72 49 79 127 158 25 89 61 21 148 114 195 5 174 77 109 16 165 176 114 123 47 182 40 86 169 173 16 62 191 182 131 126 72 195 19 161 167 35 128 49 11 69 1 29 181 2
101 154 11 195 23 123 167 82 161 183 95 153 81 167 70 64 2 152 149 156 178 142 141 110 26 127 125 143 52 138 118 199 44 13 121 137 109 10 123 187 3 49 81 169 73 115 91 141 189 156 163 116 53 47 90 128 112 56 83 61 48 54 126 159 136 158 141 189 28 138 68 29 59 5 160 40 53 156 112 34 101 100 36 18 24 81 39 47 32 133 185 181 97 118 16 20 126 78 92 108
124 150 153 106 177 102 37 151 185 161 49 37 183 172 128 98 137 10 168 8 13 197 86 75 133 112 56 112 169 198 142 150 132 66 78 52 28 71 68 142 184 162 156 1 115 137 156 187 122 146 43 58 174 171 114 30 106 51 57 90 167 130 74 107 152 150 193 200 130 104 183 129 86 155 17 97 138 152 199 51 96 188 41 195 50 155 21 186 159 103 49 47 192 39 160 14 89 109 154 45
138 131 168 107 20 179 124 109 24 47 47 48 36 39 14 164 74 88 23 4 186 151 166 154 100 143 104 101 3 128 143 137 90 4 21 174 151 85 22 176 178 144 103 80 90 199 21 93 94 52 187 74 72 31 2 197 169 174 37 168 43 185 132 85 2 13 173 3 136 165 141 8 29 105 178 141 164 150 11 169 73 125 151 149 200 173 160 190 36 196 78 23 146 143 151 163 75 43 106 92
4 49 122 43 91 176 51 23 199 85 190 138 144 132 1 19 131 109 187 185 54 149 75 152 149 125 10 110 105 55 52 60 65 144 65 86 17 58 177 43 45 11 23 97 175 24 94 155 160 190 24 197 176 185 51 32 10 96 124 168 20 3 28 183 65 2 106 98 94 137 1 158 135 19 130 75 50 112 24 70 50 90 28 93 31 162 117 25 128 39 36 51 133 41 141 183 6 60 30 97
43 141 98 21 73 72 54 112 136 87 56 72 29 183 90 14 197 39 19 102 123 181 192 46 188 156 146 56 19 102 93 187 2 128 36 111 60 131 184 73 12 197 87 167 188 16 112 111 198 3 175 63 16 95 15 167 83 103 131 145 86 188 162 117 188 133 40 151 130 148 123 67 48 106 145 142 3 105 85 80 193 145 103 171 7 6 91 95 158 116 12 115 82 90 85 108 32 55 18 66
147 144 146 113 88 132 134 1 165 99 86 75 74 136 176 82 9 64 77 32 12 102 182 150 45 120 106 195 121 89 198 45 157 177 181 42 187 8 107 18 44 193 85 123 148 68 129 89 189 30 165 32 68 117 95 19 140 109 157 147 62 92 199 180 31 166 176 137 130 152 39 155 29 18 119 155 97 55 98 171 122 61 97 62 197 151 187 28 142 7 48 93 149 82 85 110 82 85 71 36
83 133 125 90 4 40 72 41 34 95 5 86 64 98 11 72 133 167 69 15 23 108 77 70 108 35 167 55 127 93 147 42 135 59 130 81 4 51 127 101 126 47 74 121 153 119 10 123 176 137 12 166 88 12 130 10 39 83 55 22 153 128 128 188 103 137 186 33 196 113 29 26 142 149 184 100 181 35 22 4 107 190 107 103 185 158 24 143 153 178 165 93 166 200 111 130 84 9 195 20
154 124 6 91 4 9 106 106 146 121 136 22 163 62 18 92 68 65 67 136 125 171 78 1 27 35 185 27 65 48 114 153 70 117 74 124 196 110 181 110 6 11 83 12 55 135 170 23 190 49 158 146 128 175 159 21 33 13 194 145 35 67 133 192 154 18 170 51 96 95 133 191 104 146 71 57 51 68 119 75 118 140 76 186 151 101 12 33 170 30 175 12 181 110 139 34 165 81 169 126
85 143 51 12 11 120 197 121 96 107 195 91 9 75 197 23 179 161 193 178 95 125 177 111 180 163 156 45 12 125 179 68 89 17 188 196 69 8 151 19 192 114 72 9 133 182 181 144 15 200 186 63 195 27 165 52 98 64 184 180 131 116 73 81 42 26 193 169 92 54 159 13 140 192 170 98 78 91 54 30 94 140 140 3 5 143 81 40 34 120 151 10 190 187 200 80 30 93 143 131
114 109 155 47 10 92 170 129 150 148 177 68 128 118 137 126 89 42 153 74 197 19 45 69 173 7 55 189 85 70 15 123 47 43 172 1 104 74 79 7 84 3 6 196 50 59 46 120 94 82 121 26 44 92 103 128 23 25 179 6 9 9 71 31 37 47 14 35 129 142 39 188 158 102 137 88 183 24 40 186 139 151 132 1 71 53 157 199 107 54 141 155 152 152 52 168 16 183 66 62
93 64 136 147 80 171 147 17 48 116 47 195 57 95 35 142 150 186 90 7 194 96 161 63 134 162 184 156 83 25 15 164 92 73 115 16 199 87 129 93 69 33 123 65 87 179 26 174 150 192 65 13 29 106 111 53 139 192 187 31 25 82 186 147 46 45 190 34 130 53 182 63 58 5 124 49 82 70 57 108 151 187 34 181 54 113 147 73 55 174 114 135 142 195 185 44 43 138 120 179
53 143 56 179 88 135 128 99 165 168 156 101 99 60 185 163 104 167 24 43 144 113 136 128 58 63 78 55 191 67 143 82 70 137 148 124 10 199 123 86 164 52 133 16 73 133 182 24 115 134 68 157 14 124 50 116 95 195 94 118 109 66 15 60 79 66 141 156 29 174 40 14 67 123 174 140 197 25 45 145 111 61 79 108 44 39 29 191 80 12 58 4 94 18 21 3 53 63 197 18
98 30 81 96 49 22 97 114 4 164 51 21 25 169 72 28 108 34 164 117 170 142 95 171 24 101 93 48 183 59 105 121 194 196 197 182 133 85 61 116 38 132 85 133 122 148 133 55 46 140 168 176 163 28 94 61 139 5 113 183 188 57 2 196 65 181 68 59 28 18 41 106 48 73 150 190 20 72 66 167 139 173 131 154 28 114 79 189 115 54 182 96 103 135 167 51 69 35 119 101
136 103 73 169 155 113 177 77 198 178 84 142 125 76 165 145 99 143 139 16 114 180 34 165 58 118 93 117 120 185 195 12 48 154 191 153 183 192 166 151 107 95 165 18 102 146 186 49 59 134 139 23 34 111 26 80 95 20 93 192 131 21 175 169 195 134 84 134 128 60 45 83 167 8 49 114 62 147 16 76 130 98 171 164 57 131 7 112 122 60 24 115 14 189 86 170 98 143 184 157
140 126 109 11 91 91 100 109 96 48 103 157 8 139 186 20 176 178 74 86 151 153 97 29 30 48 27 68 51 150 62 59 75 188 44 151 27 61 112 102 97 111 189 180 155 36 71 31 69 43 100 60 119 173 36 27 71 32 132 124 178 114 153 188 194 124 122 188 93 192 54 159 13 194 134 163 64 40 144 180 2 15 129 34 173 24 167 47 7 103 97 20 39 58 41 120 63 186 23 82
29 94 156 164 119 19 49 66 73 69 41 154 165 25 181 86 187 160 141 22 190 52 130 12 46 186 142 194 142 41 167 74 14 145 33 94 168 156 54 155 82 7 183 93 195 183 171 28 150 132 59 32 177 172 188 99 31 41 80 54 103 71 184 66 94 140 88 180 146 174 34 176 114 190 18 174 10 179 7 145 174 9 115 30 37 92 191 113 108 62 71 21 104 7 32 78 170 2 112 118
32 128 200 199 52 143 143 10 187 73 45 92 38 35 137 169 27 193 47 126 33 90 124 101 53 185 128 28 24 72 189 195 132 160 64 168 50 93 92 189 181 153 78 24 66 80 64 142 176 18 3 199 50 2 181 131 171 89 48 85 76 104 99 18 129 101 174 78 182 12 196 173 97 61 95 188 191 115 16 195 90 100 4 106 94 98 104 123 31 97 100 132 138 52 137 15 91 32 57 43
46 163 96 71 46 101 163 50 172 164 195 198 171 44 104 195 144 116 2 43 7 1 24 182 198 22 20 132 93 64 140 43 132 30 77 76 130 103 22 54 4 90 62 29 136 8 154 129 69 9 6 68 23 65 6 166 152 101 40 62 95 71 142 150 177 23 47 56 3 107 131 39 144 59 59 1 110 20 143 147 101 199 112 136 110 45 143 93 193 90 75 18 8 137 97 29 16 66 60 33
71 18 161 162 20 73 19 62 12 174 175 119 45 154 29 81 76 25 143 55 6 54 122 15 194 187 137 88 111 84 96 130 17 160 122 126 180 33 15 25 65 182 80 125 51 123 152 192 79 1 163 40 120 62 119 98 81 19 15 13 117 154 141 137 103 10 23 120 44 152 62 106 19 122 149 159 159 196 32 28 168 39 7 31 174 169 178 155 81 196 53 118 83 47 154 90 173 103 46 67
32 75 111 161 149 163 111 139 188 1 55 115 138 75 98 13 111 65 25 166 38 126 163 179 152 194 4 198 13 187 198 190 126 199 95 194 20 131 22 60 42 79 166 28 101 166 199 154 148 114 102 169 90 158 84 25 194 137 19 150 168 103 188 103 104 166 86 66 145 70 56 3 189 194 147 154 66 17 87 161 17 167 64 187 119 63 40 129 46 61 44 187 129 6 66 57 157 48 182 6
50 110 143 52 199 95 94 59 170 102 113 18 127 157 81 53 61 56 154 126 191 164 119 110 125 55 12 185 197 76 56 129 172 76 30 112 117 115 71 66 104 32 164 188 20 94 70 42 4 72 132 181 171 153 49 70 116 69 95 122 118 137 146 133 72 95 15 78 13 98 165 146 115 81 195 120 49 182 84 125 174 112 76 32 28 144 64 166 129 105 151 188 167 131 11 33 178 73 180 63
130 51 191 167 187 100 113 192 2 37 12 194 45 61 149 78 160 14 53 42 133 124 110 1 200 181 198 24 62 191 143 4 136 31 152 40 26 146 46 171 157 130 80 200 53 172 131 166 146 91 99 195 18 64 57 37 127 16 1 91 36 62 52 162 58 84 159 174 70 181 154 29 156 167 126 185 193 90 15 76 49 95 4 108 72 71 109 189 162 173 198 174 159 25 26 63 113 172 20 53
104 138 91 14 54 10 109 200 198 126 30 181 49 91 23 61 90 76 168 11 182 114 193 179 22 18 50 159 28 121 115 57 187 116 5 126 43 22 42 176 116 84 78 171 77 85 45 63 193 91 25 178 134 84 2 128 34 94 191 148 70 45 178 193 143 97 151 75 38 160 185 74 91 50 182 109 21 185 106 74 35 140 3 131 32 174 47 174 57 43 50 118 81 56 165 44 189 194 109 96
4 42 184 99 29 115 14 166 128 49 56 137 160 54 85 39 44 65 172 126 180 1 123 89 6 64 190 10 175 58 97 189 33 192 116 39 138 109 88 83 6 139 159 8 142 52 64 59 68 68 23 40 135 151 9 141 143 8 100 84 126 122 65 51 16 96 174 5 125 102 3 32 44 89 182 44 140 196 145 47 125 112 3 23 109 94 192 37 144 33 85 109 107 95 50 23 5 118 76 176
170 39 12 160 88 47 53 108 143 64 123 23 153 102 195 40 130 54 180 38 142 15 83 81 33 100 188 103 117 125 44 38 157 60 192 165 83 38 108 159 170 128 170 163 96 15 116 52 81 173 5 23 191 135 43 135 9 158 117 109 77 55 68 148 163 147 171 59 99 128 30 21 114 195 163 117 200 52 65 27 120 110 143 57 124 48 34 179 39 183 81 63 127 145 102 149 81 21 100 66
152 113 119 7 147 183 88 90 162 192 42 81 189 52 200 149 34 14 55 159 78 156 100 42 194 76 12 162 162 106 194 188 102 44 170 192 16 115 25 127 21 107 1 13 66 166 122 145 68 136 92 15 167 21 10 15 37 189 182 41 46 132 29 186 188 146 150 189 14 128 101 82 40 10 43 196 141 150 139 28 113 3 182 13 169 169 107 28 107 168 36 132 102 150 180 119 29 136 77 131
108 126 120 101 35 170 156 55 176 28 176 125 192 27 149 156 89 12 88 190 95 35 45 122 149 94 72 163 194 22 120 192 2 154 119 64 180 179 1 118 64 179 9 41 142 114 87 132 39 120 107 146 162 77 62 106 33 75 13 27 12 180 40 172 185 13 200 1 27 192 12 141 7 137 176 137 25 110 86 43 37 31 161 132 43 137 29 38 13 24 102 175 80 198 102 30 51 84 159 36
78 32 181 147 15 24 16 175 34 51 68 168 19 46 17 131 132 21 149 24 181 82 111 80 44 133 72 165 147 130 40 175 91 40 182 197 173 33 119 124 119 112 58 143 73 64 101 150 124 27 103 81 116 123 179 133 4 192 40 158 25 30 74 168 24 99 185 4 134 128 91 126 64 115 107 83 152 17 12 178 65 43 188 176 150 107 54 49 99 101 150 59 163 75 55 81 182 127 74 32
67 27 77 42 22 84 113 69 165 149 156 27 70 48 114 36 179 38 40 24 10 194 133 153 32 42 129 47 114 117 191 24 92 62 91 48 170 176 96 126 165 77 137 104 67 142 189 113 115 199 147 33 103 160 104 97 23 161 11 151 104 193 25 123 46 124 143 77 91 84 188 99 158 90 121 98 167 174 146 70 196 171 39 22 29 137 68 153 20 151 82 131 21 193 128 111 91 48 94 125
109 99 154 120 128 94 158 119 170 19 104 176 144 10 76 129 36 76 125 29 4 5 74 84 4 176 59 147 110 129 159 77 50 184 66 191 2 183 114 174 51 4 158 143 39 28 30 23 118 81 173 118 121 43 62 95 178 170 120 168 57 10 99 189 162 11 84 129 132 178 178 41 21 170 107 26 80 106 13 126 154 111 55 86 19 59 93 79 65 185 19 47 159 124 30 49 192 192 137 129
87 199 44 56 105 10 29 194 181 17 143 165 94 120 42 193 183 174 154 197 92 198 158 90 120 30 124 67 14 36 77 81 26 103 5 12 19 136 26 109 22 35 183 102 52 3 185 107 29 87 86 119 150 44 144 54 181 115 140 119 58 77 53 131 53 86 105 104 39 97 83 196 61 82 183 113 86 48 28 58 82 61 47 104 138 40 20 179 26 193 16 12 166 141 106 136 86 90 179 107
38 3 198 174 161 27 98 135 62 167 150 184 56 177 25 40 100 115 5 87 165 167 117 104 164 126 125 134 25 59 63 65 19 104 186 131 84 25 43 32 92 34 84 163 23 165 184 132 140 173 126 105 63 42 131 31 156 95 111 178 61 124 89 50 167 7 26 112 98 93 130 119 127 61 28 108 72 192 120 113 143 23 163 123 127 123 97 22 149 62 192 26 78 69 134 36 92 58 70 53
162 200 137 170 43 36 23 174 182 37 90 153 56 165 86 93 38 52 172 33 169 181 137 184 12 124 23 152 5 200 96 39 101 164 44 71 87 137 109 50 144 197 96 69 65 73 101 179 103 11 142 52 32 37 24 94 161 131 25 23 143 12 183 200 4 19 151 60 25 177 39 69 124 16 92 102 123 190 19 166 17 130 61 118 187 144 37 31 105 41 34 12 61 126 14 184 160 6 55 72
113 11 144 87 181 175 148 69 195 131 125 131 69 58 52 160 88 190 88 125 66 21 62 174 123 27 82 187 48 175 175 107 113 126 70 148 108 187 170 29 67 5 163 166 39 79 157 132 89 163 20 16 27 163 199 127 146 25 47 154 54 142 118 3 71 99 36 198 87 22 168 141 190 32 125 95 144 166 108 30 57 36 152 67 71 133 197 197 88 94 101 103 45 25 38 106 35 84 68 152
107 120 42 6 78 28 38 186 157 134 192 193 62 176 74 72 81 123 123 35 58 146 42 158 145 164 158 5 14 145 169 91 1 72 141 178 134 100 182 156 179 97 10 5 123 94 44 146 81 50 132 194 21 43 86 190 54 77 173 61 56 167 95 158 94 33 12 9 131 87 14 133 186 115 77 142 133 124 142 58 14 104 28 177 146 192 44 91 165 188 75 120 54 98 160 169 174 126 106 180
60 66 88 19 10 73 143 193 36 128 191 56 100 194 13 187 5 174 190 5 159 163 169 4 131 102 97 166 139 37 22 121 87 64 157 130 45 10 65 119 133 200 117 151 166 164 197 113 63 92 111 35 15 170 196 31 128 129 158 6 5 160 191 170 36 131 8 98 132 92 62 121 43 128 198 57 96 76 101 129 102 168 21 13 28 20 180 80 91 189 163 160 128 91 20 85 120 37 47 146
187 53 38 166 182 80 181 131 3 153 74 157 9 93 171 76 56 111 34 46 90 72 55 168 192 198 133 135 48 128 131 154 146 154 128 73 172 133 36 10 117 79 36 16 85 28 60 11 171 25 100 48 80 87 119 102 164 94 100 164 96 158 76 6 180 188 159 8 93 68 9 104 56 167 192 167 176 167 1 69 104 85 177 146 34 184 180 8 15 178 120 130 9 58 193 191 8 21 40 48
137 55 83 158 129 190 142 12 109 145 32 101 170 159 126 38 11 98 196 89 98 183 48 102 69 99 148 86 62 124 106 190 83 67 108 186 16 70 112 87 86 93 70 175 165 28 62 74 12 174 32 85 12 185 143 52 96 107 132 37 127 160 175 156 196 197 148 157 164 1 78 36 124 134 146 183 56 9 55 18 93 20 73 24 146 103 77 42 34 166 6 75 7 18 101 186 125 165 151 83
194 167 97 85 107 115 154 126 65 66 176 45 113 75 187 58 144 156 131 200 105 113 84 14 31 5 168 23 162 153 54 15 78 147 4 11 73 75 74 72 152 168 39 67 54 25 181 128 90 182 28 162 162 191 173 35 29 17 142 103 21 134 59 70 90 124 154 74 140 158 118 97 20 58 145 83 197 187 52 73 182 163 60 40 86 117 68 75 136 75 136 145 192 89 1 102 7 44 55 120
175 180 154 106 159 159 101 47 47 5 88 37 40 83 2 173 102 75 101 41 46 158 73 11 170 167 4 159 137 32 75 142 11 165 17 132 161 35 26 188 164 85 149 58 126 175 180 18 38 105 132 188 35 129 167 119 97 80 160 137 50 190 121 47 102 47 181 197 49 181 71 89 187 29 67 191 35 75 70 64 44 153 108 6 185 69 69 68 7 109 112 35 199 103 87 88 129 162 134 49
105 71 110 192 25 41 137 187 47 47 104 177 77 47 45 191 81 190 81 27 191 192 131 39 53 182 187 25 25 84 29 96 165 124 70 102 130 71 71 160 57 180 178 44 177 164 157 105 33 71 139 64 178 97 174 124 180 123 193 85 150 181 179 179 159 134 89 5 153 185 161 124 185 81 133 26 44 35 170 131 64 167 7 82 16 193 47 127 111 14 167 194 196 185 188 162 27 167 178 170
113 96 38 81 24 7 194 173 45 82 86 59 36 20 148 42 98 188 148 150 165 48 70 99 93 59 135 81 181 26 120 94 195 153 32 21 156 122 153 111 200 184 184 100 143 59 125 148 29 176 166 25 21 159 68 77 145 52 76 37 96 75 195 65 199 67 45 159 133 20 128 187 133 117 90 103 100 119 39 16 11 163 95 69 116 120 18 16 75 63 161 120 45 144 6 31 186 167 199 80
94 35 66 186 152 17 84 200 78 32 69 107 114 109 172 145 19 138 90 7 187 75 102 138 36 91 155 5 30 177 22 20 146 88 26 164 165 29 148 130 158 15 59 60 152 153 185 115 52 197 53 134 16 194 177 129 194 87 183 140 65 4 195 67 139 2 27 187 140 99 163 115 58 18 49 99 124 78 173 188 22 134 116 132 142 32 127 124 190 102 150 32 99 177 32 104 104 66 123 32
41 128 84 104 30 45 109 112 123 69 155 193 60 27 18 84 102 66 94 133 91 197 48 71 155 78 121 188 49 101 129 125 118 69 14 80 15 31 57 150 109 140 9 23 52 191 132 29 54 45 72 183 1 130 158 94 190 122 63 151 128 169 188 87 44 185 101 119 14 31 13 137 3 95 20 79 74 77 28 93 137 116 195 23 35 181 186 51 169 163 101 109 36 174 172 37 141 197 183 57
183 98 84 70 57 28 142 15 167 172 13 197 28 193 46 163 119 79 178 154 30 106 165 183 67 170 85 183 34 41 21 127 2 175 63 118 125 133 72 11 29 197 51 10 118 187 180 87 72 84 21 139 114 166 37 138 49 186 2 79 3 40 144 34 144 132 104 32 127 169 7 134 54 76 105 167 134 200 108 73 196 46 119 168 129 48 67 123 200 162 144 191 52 158 128 20 167 103 95 66
69 172 167 114 29 85 105 193 200 146 28 133 134 96 14 45 32 188 3 23 43 171 108 30 153 31 3 120 139 174 171 117 191 34 91 8 98 14 180 43 178 18 15 53 144 136 129 128 92 198 147 73 162 161 148 14 98 30 99 84 45 59 5 86 37 115 115 14 163 57 131 180 127 86 142 191 146 198 50 131 36 173 76 24 65 110 67 72 32 170 105 59 66 12 50 129 128 182 25 74
41 113 75 75 181 182 43 101 87 99 172 104 26 134 178 80 100 179 179 108 195 55 127 23 134 133 98 69 83 73 185 43 130 119 163 139 54 25 117 170 66 42 130 141 179 121 197 111 161 59 162 184 18 19 4 76 200 122 149 147 157 134 41 139 93 63 153 13 147 185 5 58 145 136 51 179 56 40 6 39 148 82 14 46 85 129 185 20 39 157 22 48 167 195 62 196 126 131 68 136
18 163 37 41 149 63 72 114 159 157 80 26 27 142 87 177 67 143 133 196 1 86 150 163 187 66 118 71 91 16 51 149 62 62 192 197 1 45 110 96 166 192 34 89 27 173 190 169 146 143 16 162 194 49 94 77 24 78 15 107 21 129 55 36 187 23 146 86 138 123 82 15 59 16 85 88 41 34 57 33 96 127 113 137 108 45 195 52 148 170 115 51 11 144 57 59 5 84 124 133
182 120 75 83 28 107 169 115 194 182 197 163 39 90 6 24 110 32 115 138 92 94 141 39 32 22 143 198 132 5 9 198 2 114 54 156 158 92 13 105 167 156 191 60 117 161 74 5 3 158 8 2 169 71 62 56 113 47 141 81 133 1 1 88 83 200 97 72 15 101 71 72 174 97 67 98 115 152 166 130 174 35 136 191 51 167 115 12 66 58 126 163 193 73 108 119 190 166 160 76
172 62 140 102 2 37 21 195 42 24 73 108 103 117 149 28 42 71 20 58 147 33 172 44 44 128 61 121 158 52 11 46 130 15 3 181 5 142 183 11 80 50 194 198 43 103 134 157 171 184 139 156 45 11 127 90 68 117 131 171 173 199 142 46 200 84 76 33 91 40 38 46 3 148 39 180 161 124 70 16 75 40 94 132 154 22 55 118 103 148 195 105 161 161 183 116 181 136 11 161
115 196 22 49 182 5 161 113 80 139 163 10 164 191 4 76 102 76 172 34 7 79 168 186 17 25 23 190 13 2 103 30 80 184 99 187 11 110 149 163 70 45 132 166 70 24 23 199 166 165 81 30 80 183 96 23 53 155 110 92 149 177 51 183 115 141 108 57 96 182 2 60 194 41 124 108 49 13 24 153 95 39 107 16 177 159 72 126 94 62 25 15 31 138 184 188 23 12 141 13
118 119 163 130 14 190 141 7 146 5 125 151 1 38 59 2 197 87 151 85 49 67 115 78 74 162 166 5 99 93 79 77 116 14 7 7 121 120 182 128 94 126 27 195 102 169 113 178 95 168 118 94 154 99 105 7 97 86 126 110 71 1 132 41 7 154 105 77 118 49 80 184 73 184 43 190 184 18 143 16 8 12 121 159 200 70 173 115 56 179 9 140 126 73 163 167 14 11 139 199
85 66 115 107 109 116 171 88 30 46 26 115 120 187 121 47 148 63 154 30 1 176 99 127 112 99 184 31 14 190 148 6 121 47 113 171 5 177 18 138 145 4 76 53 115 49 170 47 69 163 176 112 145 162 67 111 122 141 36 152 148 172 46 156 105 128 175 2 68 16 58 56 13 62 115 122 165 168 42 199 27 147 80 112 70 97 30 199 102 1 156 114 68 70 51 71 124 148 146 47
176 126 69 124 114 56 38 27 75 67 10 138 127 100 83 190 129 184 11 104 165 50 33 128 10 120 24 121 115 200 80 21 15 129 66 38 29 58 100 179 156 34 158 75 8 83 40 125 126 23 171 88 73 102 177 49 127 82 121 37 140 157 113 125 168 128 198 68 164 35 194 101 5 25 178 49 162 152 28 198 84 183 178 137 104 119 17 90 11 197 19 56 183 130 22 146 5 167 118 83
175 101 127 53 154 180 84 180 134 23 164 167 93 169 189 179 143 134 97 72 86 64 194 153 189 103 59 90 156 40 100 168 135 186 95 48 63 21 50 66 50 46 17 167 136 12 163 61 41 21 56 60 98 37 110 35 198 181 28 178 8 72 186 76 25 150 34 177 80 78 114 139 77 167 129 132 174 130 87 93 52 139 157 36 95 176 38 103 198 47 6 108 173 87 138 148 26 40 111 151
68 190 175 138 180 149 99 198 33 157 183 36 171 28 13 82 53 147 194 59 87 87 102 110 2 55 31 130 7 199 163 74 114 61 65 48 145 21 99 101 125 117 147 158 195 101 156 93 149 118 181 10 120 160 54 146 11 181 138 82 152 160 63 178 26 137 184 10 140 65 165 47 171 36 62 100 36 110 3 33 87 141 184 106 168 66 183 120 29 177 99 19 82 176 127 3 143 67 48 20
194 178 169 15 127 59 146 160 60 19 115 90 196 121 29 60 63 38 114 96 64 11 3 144 3 165 111 99 42 114 113 199 51 49 51 71 23 18 141 33 112 185 137 58 40 62 31 26 130 177 16 200 167 140 51 135 112 112 16 153 200 195 51 95 116 34 193 197 39 180 8 152 115 23 22 84 166 27 138 124 105 109 47 59 155 84 53 168 148 7 160 93 43 10 78 18 193 86 94 61
57 167 62 6 54 33 85 171 98 91 182 3 100 152 64 106 35 65 115 125 29 128 179 65 129 34 172 146 83 77 123 117 4 187 146 149 138 65 78 105 100 158 159 118 190 10 117 138 69 11 94 65 3 18 26 143 151 170 145 38 144 43 27 43 17 127 157 42 194 58 9 113 45 167 175 50 138 53 155 147 183 81 89 99 146 189 125 180 173 176 145 162 186 188 115 122 118 182 177 189
1 124 177 43 33 77 67 30 13 156 195 134 138 47 21 149 134 96 128 12 197 1 25 168 45 27 14 69 86 55 30 58 52 186 36 153 132 168 126 159 54 159 65 185 30 31 106 129 30 144 28 190 113 159 76 133 25 59 196 179 157 137 134 36 134 16 46 112 161 55 72 145 37 51 54 90 40 185 104 129 2 51 140 145 76 65 78 76 45 163 25 90 89 29 187 190 108 44 168 109
187 112 188 149 28 100 3 126 186 92 1 162 59 155 153 181 69 63 10 127 49 57 114 106 1 134 133 123 49 61 33 121 144 113 14 163 102 57 104 114 120 96 59 61 11 118 188 165 121 86 41 112 32 53 80 123 43 8 80 116 152 116 133 17 104 195 31 19 70 100 180 121 146 118 53 192 177 50 84 67 50 119 74 91 161 1 160 31 40 167 113 180 34 143 75 138 107 5 110 47
171 151 164 8 164 136 138 19 55 55 39 172 71 5 104 58 84 84 60 104 90 124 59 7 186 17 141 181 104 26 80 114 118 99 176 19 102 86 80 128 42 132 42 172 115 128 105 154 43 7 88 68 175 190 57 112 166 186 119 156 136 61 48 33 187 159 87 194 107 117 102 116 137 63 48 166 199 185 186 128 197 116 114 179 29 86 103 44 57 186 28 117 32 35 193 154 20 176 59 75
14 1 92 31 116 191 120 22 106 124 192 167 78 14 79 179 102 148 187 139 86 98 52 13 194 80 78 59 14 155 175 102 90 61 109 97 90 105 195 153 138 164 79 145 27 54 158 173 106 99 64 26 172 82 107 148 58 186 38 109 139 106 6 162 191 151 55 190 118 111 77 92 140 96 1 32 129 167 72 196 86 170 165 106 31 64 95 188 133 164 181 64 133 130 75 43 8 86 27 198
163 108 119 32 139 174 128 113 19 164 116 149 165 59 33 24 111 166 141 127 158 172 173 130 25 78 23 130 129 196 44 89 147 53 70 138 120 130 81 152 20 64 79 27 109 98 133 14 193 155 185 19 82 196 39 38 77 177 26 14 135 46 146 76 108 189 160 136 89 10 167 136 23 11 101 55 156 54 98 168 101 110 36 15 135 58 53 24 120 131 95 163 132 25 36 150 3 15 180 126
55 198 127 110 41 49 106 181 115 36 181 167 90 139 188 11 20 64 64 51 125 60 21 170 43 41 189 174 183 180 71 112 22 25 180 114 17 89 200 23 150 110 136 105 189 168 46 166 197 77 7 157 119 126 155 178 66 31 153 32 147 73 166 120 82 164 166 108 83 170 71 160 198 43 129 131 36 199 42 124 139 158 46 171 175 121 55 176 24 12 153 12 49 27 115 11 128 11 173 77
122 22 180 55 144 23 23 129 194 51 139 117 94 9 183 130 71 138 62 77 112 56 117 98 185 33 90 11 161 192 90 85 66 87 78 142 153 89 79 38 125 150 39 91 190 6 69 182 142 139 106 77 19 26 186 124 157 29 40 142 181 110 126 178 148 122 9 117 77 39 175 180 151 195 97 170 4 144 92 169 58 111 57 65 159 176 96 182 10 116 31 117 160 163 40 167 130 33 119 36
17 70 181 147 132 98 176 75 107 150 88 157 146 18 22 13 103 194 112 104 178 52 94 114 60 33 18 79 85 100 64 53 147 165 174 177 135 194 109 79 41 180 164 194 139 148 46 141 125 194 159 139 134 85 28 47 112 41 150 180 113 107 63 27 179 197 38 53 117 174 77 57 62 52 37 91 33 26 162 177 168 183 104 154 49 188 12 52 91 43 100 141 166 68 100 73 195 32 97 130
168 68 107 1 137 50 109 110 129 116 72 50 45 64 115 47 40 32 17 144 170 28 64 59 172 20 171 113 115 70 75 5 56 90 21 181 69 56 74 7 105 5 121 21 38 79 168 151 170 34 116 153 189 160 57 159 88 75 104 29 73 7 48 68 14 96 28 12 104 151 30 40 185 51 58 128 42 99 175 129 158 112 104 195 19 3 44 186 66 80 76 129 35 109 25 130 199 99 97 158
199 129 3 101 143 109 200 96 60 97 192 11 162 121 94 20 156 118 141 38 53 130 188 30 179 173 19 132 172 12 106 125 132 145 197 144 198 126 134 163 26 180 145 19 179 58 10 169 74 119 3 83 150 82 194 98 151 70 193 146 91 4 111 194 46 176 84 197 78 15 197 130 134 123 49 195 1 188 4 194 57 95 173 191 25 61 85 108 116 98 39 52 106 60 150 96 69 179 3 25
127 29 121 71 170 28 123 71 151 185 37 82 19 165 1 192 6 182 107 185 104 11 82 114 138 52 109 41 191 34 112 189 10 20 58 165 134 42 102 12 125 48 48 134 7 103 70 142 72 9 97 116 149 183 36 184 108 182 81 150 74 90 14 109 83 37 55 21 92 177 128 138 125 141 12 186 131 88 183 121 155 57 6 64 10 76 121 79 29 142 1 74 193 69 54 85 152 44 137 124
122 49 188 95 24 43 45 143 128 29 143 94 12 67 130 78 3 2 80 198 189 132 54 30 187 28 77 103 108 153 139 54 98 33 54 6 154 127 147 155 94 125 173 22 198 22 13 99 111 102 109 184 7 194 154 28 88 170 54 52 24 25 87 134 126 9 50 191 68 17 29 93 32 176 13 196 38 199 167 48 56 13 33 122 191 92 137 45 121 155 75 194 122 43 168 62 160 4 118 130
133 8 197 30 24 56 141 171 151 64 98 104 90 146 64 142 68 172 102 121 153 159 138 18 63 49 111 189 50 196 88 172 22 161 42 193 138 30 97 148 164 166 126 133 18 141 42 28 143 11 19 142 102 92 170 39 50 94 143 56 125 155 58 189 77 142 76 126 183 108 120 76 88 186 188 6 97 26 80 82 175 46 125 66 172 80 111 39 28 96 188 46 133 29 66 17 63 113 163 173
183 107 143 122 10 131 161 12 169 144 86 177 142 91 66 105 20 97 173 73 181 142 106 195 160 168 196 8 95 93 4 107 167 42 107 185 54 10 43 97 174 40 135 122 123 160 106 22 129 103 107 77 163 192 150 130 87 38 183 163 12 136 48 34 167 148 61 62 139 41 74 118 138 174 171 23 33 32 75 116 185 35 167 154 170 148 187 145 75 13 140 49 141 138 91 39 172 65 11 110
73 18 44 143 87 94 34 14 107 160 54 108 60 3 32 105 20 7 18 183 125 50 162 36 159 19 87 37 174 60 57 112 23 27 34 25 164 75 13 115 49 179 159 129 75 167 36 48 78 120 13 82 157 183 20 41 4 16 19 18 136 191 62 120 93 68 33 69 104 88 46 160 48 126 113 93 27 57 187 52 9 194 91 74 41 81 84 4 159 124 4 30 8 30 185 141 77 132 27 180
90 152 123 39 129 200 46 157 185 22 51 1 29 76 199 95 168 153 93 187 76 15 18 70 134 148 128 74 80 82 173 121 35 89 90 23 146 63 135 194 98 160 53 76 94 66 97 117 138 62 114 130 175 8 191 191 98 182 191 45 9 37 45 183 175 149 148 155 100 195 6 100 127 78 122 127 147 97 132 42 146 95 66 173 11 104 128 181 128 80 122 61 9 56 91 99 21 119 33 186
163 129 2 36 55 173 199 74 84 200 132 20 119 12 30 27 157 37 153 31 128 27 51 122 196 136 173 102 63 147 4 171 167 182 137 113 70 178 133 136 87 93 183 48 93 184 102 23 80 128 27 18 35 162 144 32 156 44 169 33 126 87 169 68 37 162 174 23 22 166 49 58 102 191 79 131 94 13 107 81 125 83 142 121 16 110 96 20 148 16 109 143 172 49 65 181 84 48 111 52
103 66 52 58 103 185 168 175 113 194 171 92 142 101 173 38 84 79 88 23 195 184 180 27 32 99 197 104 40 136 60 127 133 78 8 50 49 199 138 144 17 140 25 178 174 38 154 200 172 56 48 53 188 54 106 44 54 55 26 37 145 75 189 143 84 27 156 63 72 181 27 172 115 37 128 183 25 122 163 95 187 110 170 114 31 86 193 98 199 1 12 166 95 121 136 107 184 91 172 26
60 91 82 160 92 107 68 65 98 7 45 110 103 164 54 55 97 182 1 142 56 7 109 151 4 83 40 69 6 94 161 146 118 107 153 90 145 10 129 84 103 22 118 196 93 117 138 148 172 70 53 40 88 121 110 94 45 121 56 149 6 65 132 33 39 135 54 200 148 66 115 52 178 40 164 142 91 171 108 180 167 198 36 107 75 128 12 171 25 200 121 101 97 55 91 122 184 125 22 83
152 150 43 194 40 109 97 89 118 63 75 60 63 156 114 194 102 191 113 71 50 32 30 3 22 180 84 51 115 12 153 95 175 104 9 92 40 94 189 122 55 63 51 11 177 124 14 146 186 135 1 172 78 61 192 166 39 194 54 35 87 170 131 189 39 100 156 24 79 52 105 168 122 92 28 96 83 8 34 178 69 144 119 181 188 150 150 174 145 76 58 198 82 52 81 199 21 45 129 152
73 121 5 53 158 128 160 95 197 62 8 44 124 98 5 12 160 44 179 131 47 153 176 90 101 60 167 42 112 41 9 124 184 91 34 35 90 151 90 32 78 27 153 131 23 32 186 154 56 194 161 26 12 143 32 23 53 7 30 43 183 182 71 200 3 30 125 30 139 195 72 169 37 19 88 52 35 85 15 169 146 75 127 198 21 183 104 67 74 161 28 23 55 115 124 147 145 148 73 168
57 5 117 8 13 196 3 12 40 118 181 6 113 152 145 190 67 190 196 134 145 200 141 110 33 161 58 118 58 184 15 148 191 130 16 34 13 181 46 98 135 65 200 66 86 162 27 185 100 133 163 8 160 75 3 64 19 140 148 179 6 134 150 96 35 139 96 167 77 161 175 128 121 135 191 186 108 26 194 169 76 110 72 52 10 2 98 37 29 157 50 126 132 109 1 15 124 172 154 178
108 198 15 9 198 34 7 192 157 132 96 137 172 168 100 184 57 147 26 196 56 173 163 94 101 143 34 152 151 65 160 172 164 54 200 194 87 100 34 82 138 195 73 125 25 140 95 41 143 184 23 26 163 155 67 40 156 175 14 165 21 89 131 154 30 135 85 147 39 73 54 51 193 179 40 125 185 111 62 124 176 73 83 22 171 96 4 47 48 20 167 163 61 178 25 155 60 116 45 63
46 160 9 81 183 61 180 39 93 82 79 112 92 40 15 93 86 77 26 103 70 197 178 51 58 53 179 37 92 5 90 157 105 91 36 39 132 111 121 151 47 137 151 102 89 59 32 84 193 83 59 34 106 181 33 115 99 186 9 48 193 76 59 138 152 35 159 18 18 66 190 55 19 10 169 13 35 188 30 62 56 139 43 157 176 25 55 134 56 174 11 15 121 128 152 156 102 13 65 100
182 73 131 61 53 173 4 149 76 47 165 69 116 11 131 51 184 142 183 170 102 25 25 192 53 58 199 56 102 13 10 52 87 143 13 119 22 161 10 184 95 1 149 110 151 80 108 32 120 182 35 157 60 80 125 166 9 123 28 35 61 14 1 196 178 65 20 105 7 187 1 189 165 160 119 158 24 54 74 42 172 137 20 115 19 58 14 110 13 113 128 118 180 65 180 133 194 150 84 178
174 103 32 97 32 189 56 44 9 146 64 137 30 4 38 168 6 195 29 177 21 64 75 145 150 142 103 111 114 43 132 148 90 173 74 102 103 29 144 73 72 131 144 147 117 130 150 98 39 39 71 155 111 130 51 89 181 106 92 108 187 30 120 104 69 33 99 136 49 26 147 189 90 67 107 3 151 42 113 140 105 183 76 37 68 88 48 43 50 42 145 97 97 44 133 116 74 36 200 119
183 160 113 149 85 103 62 178 151 170 155 107 42 130 22 137 46 53 73 192 142 82 72 66 150 149 142 35 198 103 131 65 54 88 122 49 185 127 49 11 42 122 57 176 69 84 131 2 81 79 192 188 96 136 127 13 120 195 62 69 194 61 123 57 148 80 46 96 81 65 16 59 74 39 60 183 82 144 134 54 132 65 86 132 1 38 68 58 103 48 3 198 75 122 156 195 146 44 194 25
130 34 73 70 8 14 71 106 124 108 124 130 36 70 117 55 114 1 2 39 165 54 123 38 40 85 181 104 12 27 189 173 158 101 185 6 41 25 3 127 171 125 200 61 184 155 52 91 10 21 90 81 44 55 52 185 73 74 2 175 73 108 134 24 3 32 40 38 15 103 59 65 133 197 22 174 113 116 109 176 72 178 30 14 48 39 77 166 53 16 167 22 27 37 199 96 40 29 146 120
121 21 115 128 171 43 182 83 173 127 62 109 114 167 128 121 190 50 103 143 86 135 113 111 111 200 128 71 154 180 101 120 14 155 164 33 89 128 34 108 132 11 156 99 28 146 186 113 48 122 134 2 66 116 39 82 121 198 98 175 61 171 181 105 143 34 197 144 87 27 143 178 165 15 148 19 34 94 45 31 37 161 162 188 168 164 29 85 134 171 104 55 18 110 64 176 178 78 140 174
