90 	
25	57
1	2	8	122	4	
0	7	5	145	7	
0	5	8	43	2	
1	3	3	135	5	
1	2	9	11	1	
0	3	8	56	7	
0	9	9	168	7	
0	3	5	63	3	
0	4	4	71	9	
0	5	9	152	2	
1	9	8	44	3	
0	2	5	58	4	
1	2	1	197	5	
0	5	7	44	7	
0	7	8	111	2	
0	5	5	36	4	
0	1	9	140	2	
1	5	4	159	8	
1	5	5	118	5	
0	6	5	73	7	
0	2	4	156	9	
0	2	9	6	3	
1	6	3	164	9	
1	3	6	196	6	
0	1	8	136	3	
0	5	1	136	7	
1	7	2	141	1	
0	9	2	107	1	
1	8	7	137	9	
0	9	1	103	4	
1	1	2	195	8	
1	9	7	109	8	
1	1	3	31	2	
0	2	6	125	6	
1	3	5	104	6	
0	7	6	46	3	
0	2	4	149	5	
1	3	2	7	2	
1	7	6	185	1	
1	5	7	67	2	
0	9	4	115	1	
0	5	4	191	9	
0	8	6	58	7	
0	4	2	148	4	
1	1	3	113	6	
0	6	3	56	9	
1	1	1	35	9	
0	1	9	93	4	
0	6	1	45	1	
1	1	7	12	7	
1	2	6	82	5	
1	8	9	14	8	
1	3	4	181	7	
0	4	8	67	2	
1	6	3	57	6	
1	3	8	159	5	
1	9	8	61	6	
0	1	7	83	9	
1	3	1	4	4	
1	6	8	160	9	
1	1	5	166	9	
0	1	5	170	6	
1	8	1	56	5	
0	4	3	152	6	
0	1	3	104	9	
1	2	7	95	5	
0	1	2	125	9	
1	4	2	70	5	
0	6	9	143	1	
0	6	7	193	1	
1	3	9	98	2	
1	8	5	168	3	
1	4	2	117	9	
1	4	6	19	1	
0	5	2	43	4	
1	1	7	48	2	
1	1	8	150	2	
0	4	3	166	2	
0	9	1	158	3	
0	1	6	55	8	
1	2	9	131	4	
1	3	2	42	2	
1	6	9	132	5	
0	5	4	130	8	
1	2	6	65	3	
1	8	9	185	1	
0	9	9	167	9	
1	7	5	80	9	
0	6	4	47	4	
0	6	4	42	6	
142 62 26 161 123 44 29 168 128 88 82 188 55 63 173 178 82 149 126 143 146 122 171 72 84 188 123 118 75 144 15 17 105 47 45 82 136 156 115 200 178 150 174 126 101 114 77 68 70 140 77 187 73 35 39 54 175 26 109 186 170 119 97 67 81 58 140 164 147 174 28 27 41 100 132 23 48 8 25 198 42 149 183 83 76 14 93 27 94 105
43 47 75 117 150 13 57 75 101 129 34 71 54 174 109 20 154 190 118 94 75 113 194 13 3 157 66 142 106 148 127 183 198 122 110 95 151 21 27 8 179 160 163 108 89 50 72 127 193 179 90 127 61 44 46 26 188 98 198 74 122 170 153 57 189 15 12 81 53 198 199 171 97 191 152 157 115 40 139 111 139 86 26 17 142 79 20 104 43 30
181 103 190 159 19 173 125 127 121 105 142 184 8 22 55 34 7 108 66 66 135 185 98 99 115 87 9 62 70 17 196 106 110 71 151 76 153 17 47 73 96 168 190 111 109 152 196 144 140 199 83 200 158 94 147 56 92 144 69 38 35 183 2 142 178 171 160 62 8 1 173 66 28 172 173 2 141 6 149 195 7 119 151 40 81 68 17 180 91 71
193 44 33 123 112 196 63 65 177 2 41 83 158 170 49 28 142 23 107 193 152 172 93 55 38 173 40 96 121 82 166 104 187 184 18 4 127 185 105 86 60 66 167 7 54 170 69 79 70 142 123 176 24 195 128 120 140 182 16 97 152 14 101 67 117 166 40 54 143 96 142 13 54 53 11 6 163 13 54 105 157 161 146 85 137 47 118 166 151 126
130 103 166 154 148 187 158 95 79 128 62 156 178 164 19 10 67 145 4 150 175 36 74 69 100 131 62 109 43 15 126 159 128 117 11 195 38 101 90 148 145 70 49 183 159 41 183 129 67 52 83 17 161 26 171 112 85 106 162 175 16 135 91 162 55 130 74 115 174 93 106 115 12 55 85 65 133 4 81 73 69 23 95 200 167 163 45 98 156 104
175 45 114 76 98 168 77 126 53 111 72 58 107 170 49 88 193 118 57 193 68 36 68 189 27 98 53 148 119 15 162 84 38 100 7 147 38 40 134 129 88 101 51 22 32 38 108 84 163 135 181 171 3 195 26 23 24 48 176 168 28 87 131 175 117 128 69 21 17 188 69 117 50 178 6 9 53 18 42 91 2 184 65 98 191 192 28 62 21 9
4 83 130 35 122 122 42 182 12 105 16 8 41 9 158 161 23 86 67 80 138 157 37 87 15 37 1 126 192 98 83 47 8 55 100 71 123 167 96 31 42 158 170 104 135 15 7 36 25 74 36 180 115 97 181 105 6 71 82 33 127 134 31 84 16 150 10 45 135 7 157 29 33 105 37 159 103 67 27 23 112 165 52 103 145 117 53 66 119 182
6 81 74 128 42 130 1 147 79 59 190 101 179 89 179 147 108 75 190 91 110 83 77 41 45 134 120 115 79 191 131 79 8 182 167 20 198 108 171 94 3 13 83 38 164 162 85 116 100 129 148 59 46 90 24 178 200 150 114 191 198 5 54 184 189 136 143 121 114 90 197 200 102 116 177 53 133 142 161 36 136 71 81 81 146 4 77 69 161 100
145 197 123 77 160 36 45 132 122 97 124 126 199 138 9 150 171 11 103 84 180 180 32 103 102 147 135 10 45 200 77 27 46 110 154 117 86 62 60 122 96 17 165 13 127 136 120 38 31 101 163 46 19 74 18 146 87 103 141 178 159 120 194 187 4 82 147 72 170 181 130 89 199 106 70 169 150 12 47 33 128 55 46 64 40 19 126 24 50 26
135 194 57 48 70 118 9 14 166 131 21 121 22 20 172 16 28 160 88 15 127 34 3 26 165 156 83 8 121 185 116 30 29 127 122 114 87 49 9 55 75 141 42 36 68 12 20 163 125 45 49 188 20 168 182 193 114 50 111 51 187 151 153 91 190 140 62 190 61 42 57 191 55 165 161 29 186 64 192 113 121 30 31 108 152 108 37 96 60 33
93 138 177 25 74 22 188 146 148 141 122 189 17 56 62 190 169 135 114 84 123 195 48 80 13 153 107 38 164 170 29 78 98 163 34 149 128 155 167 159 11 82 76 130 156 140 128 51 118 163 73 136 149 147 173 24 140 103 11 103 71 56 145 113 109 67 156 142 8 4 24 172 43 159 120 71 40 159 66 41 87 2 156 100 72 109 121 78 174 63
149 10 151 140 165 143 35 40 174 53 72 126 87 91 18 4 7 38 64 102 140 5 184 112 42 167 7 77 14 171 96 199 1 106 156 51 138 115 139 156 143 87 170 174 7 158 99 117 142 84 195 196 60 100 64 135 192 46 181 157 79 48 163 82 180 56 19 30 38 6 124 158 56 114 197 66 137 18 122 187 130 148 130 65 128 134 56 181 94 13
45 133 89 184 94 1 177 156 157 2 180 21 5 108 41 105 56 70 42 187 13 183 45 132 78 105 71 15 55 21 140 33 135 162 79 156 168 18 169 62 95 171 167 141 70 134 28 61 81 132 99 83 16 33 71 176 174 197 4 101 31 22 44 178 180 87 47 143 106 119 77 44 41 191 10 125 186 186 69 148 24 26 65 150 49 122 139 194 56 86
27 78 161 60 163 196 146 42 198 132 102 101 129 137 117 87 187 127 121 102 144 120 16 59 85 83 99 197 152 121 35 187 101 131 97 141 148 15 123 189 9 113 182 81 169 54 85 22 85 162 145 8 174 34 97 40 159 79 200 86 137 149 48 162 185 85 152 20 151 194 134 25 108 129 18 105 43 4 13 84 175 177 45 85 4 37 42 99 193 121
195 157 116 137 97 95 86 147 26 71 73 71 177 168 24 196 180 186 56 152 55 113 192 188 195 135 70 40 17 23 72 170 116 171 50 28 162 122 129 158 120 39 123 123 59 186 90 122 197 47 27 140 167 99 162 4 126 153 151 91 46 144 187 187 110 189 57 193 5 162 116 165 147 40 118 151 76 178 154 69 55 78 25 64 170 184 116 140 110 108
79 31 41 145 133 177 94 21 61 19 52 4 195 130 121 90 154 191 121 188 111 166 163 46 152 74 192 32 61 157 111 9 16 178 42 53 46 128 46 48 68 92 64 68 124 117 42 76 12 3 110 15 33 35 105 104 47 177 99 47 20 21 182 172 15 82 60 111 50 116 23 195 75 181 125 193 48 87 172 11 184 29 20 55 56 15 185 47 109 175
110 107 61 116 13 68 123 27 30 65 56 184 193 149 164 149 37 48 153 8 164 97 154 45 61 64 155 47 79 49 22 45 89 137 6 95 177 21 150 37 95 111 51 200 83 9 21 35 191 146 131 144 59 106 113 139 78 46 164 133 94 13 166 191 3 106 52 14 55 21 135 80 182 170 96 135 45 144 194 140 76 150 180 149 125 90 185 43 49 197
123 54 26 169 5 111 64 57 67 194 27 2 81 134 17 29 174 177 144 112 99 35 44 41 149 17 11 152 52 112 109 113 183 53 191 158 83 194 66 60 127 101 185 44 24 197 36 73 71 29 112 98 47 75 145 47 67 77 188 64 111 165 18 1 56 39 3 140 196 48 116 146 123 37 42 32 184 90 18 71 105 172 29 86 24 200 104 102 27 64
157 27 119 111 29 148 178 167 16 30 103 31 164 149 44 42 161 89 120 15 1 28 28 90 72 108 107 52 76 167 171 116 29 129 31 121 183 74 84 167 116 17 77 196 151 126 32 39 75 18 180 68 137 82 199 51 38 150 29 138 106 48 36 109 132 143 172 29 50 130 189 124 72 42 134 169 16 140 156 113 169 127 126 86 133 106 127 79 149 32
95 179 63 152 186 22 149 93 161 94 107 105 190 159 182 39 128 64 25 57 117 127 179 132 13 73 91 157 49 51 177 126 35 16 86 167 181 82 53 180 72 146 21 90 195 197 112 173 27 127 42 22 23 65 16 85 164 46 57 102 27 106 22 118 153 5 37 100 109 6 144 24 144 185 157 160 140 8 6 41 96 101 182 148 83 83 79 54 153 109
159 97 12 74 68 60 198 51 38 77 102 108 13 54 99 159 51 183 62 121 194 109 154 159 99 121 153 47 179 114 58 101 5 3 24 19 119 153 125 52 164 83 41 7 124 2 3 16 26 161 169 172 45 45 169 150 24 55 81 6 18 85 57 70 72 166 3 39 3 107 139 54 135 82 41 31 145 68 77 65 56 198 38 117 185 115 65 176 46 178
80 12 134 185 120 60 115 133 67 160 68 136 172 120 145 84 53 4 154 7 5 81 20 36 83 79 175 138 160 3 145 24 120 71 178 35 96 166 107 24 190 38 85 8 142 200 37 32 175 66 175 80 189 16 154 158 167 36 196 143 29 109 115 160 188 7 57 55 70 97 26 12 52 3 91 173 134 5 68 28 127 35 161 55 69 183 1 48 82 105
117 161 75 181 45 187 72 9 105 53 33 72 95 30 15 126 15 68 160 76 186 72 140 8 98 195 150 136 113 18 83 66 1 102 123 48 31 199 48 167 70 153 10 129 89 91 48 71 109 86 83 1 126 126 197 83 11 149 168 188 22 192 36 96 88 65 28 116 82 103 174 32 87 120 135 188 126 68 116 93 20 87 166 165 101 116 171 41 13 162
189 63 44 149 20 135 113 200 79 21 81 100 158 110 150 90 182 92 11 179 2 90 106 72 48 162 5 137 147 126 35 79 64 165 19 12 119 36 180 40 40 194 149 139 153 177 142 11 73 54 159 65 119 184 184 50 121 191 44 71 191 51 172 125 164 194 149 89 160 27 174 146 122 80 168 184 126 130 36 68 127 185 139 68 104 122 112 151 139 181
97 179 97 92 166 116 102 188 175 194 132 148 194 77 60 55 35 171 188 93 52 159 196 173 89 120 1 148 79 74 187 156 116 77 90 147 176 118 51 106 157 44 76 132 105 164 152 198 145 103 3 85 99 133 106 4 138 133 11 12 51 140 54 38 172 69 53 83 169 132 110 182 48 148 198 69 61 1 159 27 139 75 38 158 91 86 112 6 36 191
165 140 164 123 143 60 61 55 193 4 71 47 19 33 197 49 94 194 107 168 192 7 196 2 55 107 115 27 138 17 97 13 156 164 151 96 143 98 8 128 1 185 34 138 183 15 138 155 34 176 97 88 96 60 148 56 138 117 66 149 141 20 26 21 147 31 128 47 44 46 24 140 8 136 176 83 73 65 94 63 11 171 33 169 191 5 128 37 200 1
123 198 107 48 58 177 31 131 1 117 148 153 115 58 24 50 46 27 124 65 145 94 4 113 119 184 53 59 199 29 149 83 113 128 70 179 21 58 174 138 124 145 99 78 37 189 134 96 153 151 68 81 2 96 147 37 14 76 174 157 151 36 198 123 45 52 198 33 153 114 106 190 48 192 9 93 135 64 65 37 52 169 38 8 198 15 189 161 146 67
140 74 69 167 78 94 39 172 14 54 30 181 28 67 4 22 184 39 125 51 102 38 113 68 177 156 183 23 101 97 89 183 87 107 4 114 56 33 116 66 57 22 131 1 45 54 90 15 63 8 124 125 14 81 119 36 187 188 119 26 45 151 186 21 194 45 54 182 159 200 182 193 118 188 197 195 70 147 168 149 199 188 35 58 3 138 70 22 178 69
17 116 192 136 196 53 144 161 44 19 84 115 110 53 192 34 189 15 95 128 34 68 182 88 50 87 49 45 171 181 3 118 34 2 15 6 195 146 165 162 133 148 183 65 168 102 39 129 140 133 53 132 113 134 70 55 98 186 111 51 128 82 46 10 96 34 175 173 112 115 162 46 39 179 149 169 1 105 30 88 56 168 200 163 93 164 34 58 53 148
151 124 80 60 67 151 140 33 148 133 154 2 72 89 200 118 89 11 54 26 57 123 55 88 28 117 93 111 41 29 44 182 137 176 73 91 183 64 95 11 70 153 58 94 184 2 127 4 154 172 150 56 150 180 9 80 122 83 59 27 36 91 153 63 184 40 114 75 58 69 166 68 183 92 95 49 122 58 58 16 189 36 6 124 4 39 179 1 140 178
193 159 71 94 166 56 63 5 46 90 166 116 73 42 158 134 129 14 134 193 58 5 11 113 11 181 155 44 51 171 51 33 192 132 171 139 51 69 106 2 12 106 100 179 155 134 183 13 143 76 49 79 46 71 64 12 179 105 104 109 171 172 169 125 151 167 12 47 138 22 113 41 137 172 114 29 197 100 56 179 17 71 185 153 22 7 185 20 79 199
26 181 12 12 41 170 119 43 82 15 185 182 68 109 181 46 144 68 168 16 127 103 122 147 111 199 52 87 100 10 149 22 129 48 12 96 125 96 126 105 13 43 82 35 143 120 125 47 92 170 69 34 167 164 200 57 37 84 96 138 135 49 89 183 106 48 8 105 55 51 151 200 159 86 71 196 184 166 72 35 57 147 172 61 108 17 11 162 94 161
4 21 72 147 145 129 184 101 63 46 34 194 127 25 70 102 88 113 125 71 65 23 171 158 130 179 78 94 52 64 126 15 115 90 126 197 43 61 155 155 153 67 138 88 109 177 176 16 34 35 100 96 56 69 14 160 172 163 66 35 2 129 39 96 11 172 59 46 32 102 99 44 116 75 196 63 84 199 141 162 199 28 70 162 76 199 89 10 31 156
76 107 98 189 66 88 93 165 22 195 28 179 50 90 128 191 177 108 1 186 17 155 157 135 35 128 46 196 35 85 78 90 164 56 19 83 162 49 8 54 112 186 47 79 7 186 3 13 57 116 98 51 148 114 169 23 51 15 83 179 189 161 58 26 79 27 76 128 43 103 91 44 17 29 196 39 160 27 3 166 37 179 169 139 46 75 101 146 78 118
115 178 18 144 132 123 106 1 169 140 124 134 44 53 4 75 72 31 13 113 132 55 54 70 60 105 126 54 57 14 47 51 60 113 29 12 60 22 18 130 160 8 128 184 69 72 3 42 121 28 13 46 145 188 139 86 182 41 31 51 51 8 119 62 141 27 104 96 93 163 66 147 192 109 193 14 33 35 181 106 86 55 79 187 189 33 55 147 55 58
88 183 55 126 164 108 24 20 78 164 88 197 50 15 1 164 35 42 47 137 157 163 95 192 170 66 117 134 168 138 141 175 92 99 56 159 70 24 78 9 10 117 125 65 169 6 103 120 37 142 108 143 11 109 36 26 65 162 85 70 122 193 107 84 169 91 133 105 89 142 7 131 179 156 158 91 116 55 174 142 50 14 82 99 123 148 44 9 74 200
99 32 143 89 128 98 170 91 76 26 43 89 142 110 196 117 4 91 25 78 125 83 39 128 99 120 100 71 128 22 155 124 31 50 59 37 72 77 147 36 198 77 117 94 43 107 172 2 76 144 174 105 147 145 143 141 30 76 76 53 12 53 96 154 187 142 194 148 84 188 4 199 133 158 93 137 65 115 162 110 131 141 165 2 33 153 175 36 78 125
173 150 130 150 64 177 69 101 160 120 57 75 188 60 93 122 91 38 13 55 105 132 40 35 123 180 37 56 155 99 185 18 34 160 169 195 18 156 156 23 23 193 70 169 182 145 109 68 36 177 101 83 48 4 123 165 126 136 5 108 14 52 42 43 13 90 21 63 63 144 90 9 185 101 120 115 53 188 66 5 77 181 182 39 47 68 133 110 21 111
148 20 81 26 197 53 25 54 13 80 88 114 30 95 17 58 50 106 151 37 66 73 94 82 44 149 16 18 90 32 19 98 115 25 41 36 177 34 133 139 167 22 162 169 143 131 137 130 166 26 95 42 132 10 157 50 114 168 136 110 115 12 24 142 90 41 159 184 130 144 131 82 86 127 58 185 155 108 6 3 146 13 131 148 85 44 185 1 74 172
11 141 31 60 184 24 79 46 75 14 130 39 121 114 199 47 119 128 50 1 86 13 114 95 107 146 163 135 114 110 69 83 106 112 190 176 148 55 141 183 55 179 146 150 72 15 55 87 81 94 132 52 186 193 89 72 129 80 14 68 165 120 19 140 40 2 55 67 185 163 165 38 141 106 187 44 130 176 49 43 51 144 164 109 35 71 42 184 67 150
48 200 153 61 128 30 99 99 103 44 129 166 176 77 176 17 126 104 163 5 91 71 169 45 148 89 45 11 108 144 28 74 31 124 196 21 88 140 124 123 53 199 143 39 71 50 174 58 152 190 93 153 127 70 24 82 85 26 33 63 32 20 55 112 139 177 136 165 183 66 59 68 76 171 33 118 157 25 68 182 12 65 140 30 84 29 111 21 55 76
79 193 165 156 4 124 56 158 59 141 18 155 192 14 72 77 82 1 28 177 13 44 35 119 161 133 91 153 169 162 61 28 104 182 44 187 47 2 118 29 84 178 142 10 197 87 151 58 139 188 60 185 109 152 63 57 73 120 23 193 134 69 42 139 151 125 36 31 84 121 132 89 60 17 54 179 129 72 11 160 176 7 182 177 142 169 149 38 57 60
140 107 115 162 185 24 190 156 127 143 134 69 62 134 155 183 22 28 199 155 125 138 5 149 2 73 40 137 179 120 103 20 160 130 176 14 184 165 20 6 37 147 144 5 8 162 197 22 169 137 68 130 157 27 196 175 145 171 33 7 159 104 57 132 54 2 37 18 186 144 2 51 49 180 192 143 5 124 181 85 63 9 33 140 16 92 56 95 55 179
35 21 181 175 64 5 140 190 77 151 171 108 44 173 44 174 25 6 26 106 138 62 130 17 171 145 60 149 49 129 195 140 101 46 77 64 36 21 159 53 116 97 139 187 10 164 143 22 200 133 32 20 159 188 39 110 132 39 109 108 51 77 183 131 75 190 41 53 173 37 5 141 22 24 172 90 16 137 3 173 148 74 72 141 5 129 32 146 52 92
103 16 115 122 166 147 102 56 138 75 66 184 144 60 10 139 78 75 107 182 117 141 171 120 26 90 164 7 71 167 136 144 66 42 85 195 173 47 75 7 88 21 160 75 31 103 170 125 48 117 16 162 23 38 144 40 24 198 191 104 156 179 21 178 43 104 114 11 94 82 91 135 149 140 148 100 95 73 25 57 1 125 84 109 66 146 11 167 8 184
149 13 162 36 134 52 191 46 97 167 198 61 126 85 47 8 52 169 123 45 73 182 116 6 161 156 40 153 139 183 196 25 6 151 85 131 86 45 117 65 66 158 188 183 173 8 134 132 98 7 130 15 120 183 135 18 65 35 72 162 55 86 123 65 40 9 20 157 90 101 178 56 173 88 34 182 17 148 83 44 189 99 97 178 101 131 57 162 147 112
54 185 103 73 178 74 41 117 163 133 60 11 40 104 188 154 63 196 38 148 200 147 109 198 5 46 2 187 175 13 97 61 188 166 26 172 46 167 165 103 187 30 67 113 146 71 78 74 97 89 108 92 93 117 31 177 135 91 8 28 20 82 59 42 48 158 112 130 44 51 65 94 186 69 4 126 100 181 177 1 18 195 73 183 143 49 109 178 159 30
198 62 65 3 34 91 197 100 198 125 58 149 142 133 194 67 47 169 53 143 12 195 115 158 51 176 156 135 177 32 43 73 10 135 75 4 103 68 86 54 180 48 80 127 23 151 169 3 60 74 162 149 109 52 187 2 31 56 99 48 36 87 18 184 38 155 108 142 23 153 16 70 171 115 87 61 129 135 82 29 129 74 6 6 55 139 1 115 69 183
180 31 137 71 154 73 37 25 115 38 51 60 78 124 61 157 162 159 101 30 15 139 50 168 69 191 153 67 185 68 134 19 154 4 52 180 24 60 61 152 191 145 43 175 27 75 137 105 47 3 173 56 189 77 2 122 53 74 80 26 95 9 89 35 200 173 172 35 166 3 69 48 137 122 141 175 78 178 41 179 189 33 8 106 156 167 175 98 73 148
96 148 9 52 88 79 27 141 165 192 20 10 21 200 30 64 134 10 163 177 167 28 5 7 126 100 60 71 77 147 82 73 123 25 72 44 2 198 157 54 168 97 155 151 18 167 118 47 149 19 189 143 197 158 180 196 116 132 104 151 76 90 135 165 196 64 51 101 112 148 153 71 165 54 188 194 192 40 88 108 163 111 39 167 16 33 23 149 21 44
180 196 163 154 166 16 4 6 24 186 112 108 118 152 71 148 19 200 195 73 47 197 73 38 9 96 172 141 52 85 169 85 63 42 191 25 107 114 136 149 153 7 104 173 56 180 143 68 26 14 99 115 160 167 121 42 163 53 47 6 184 141 161 111 36 133 144 10 48 192 28 170 183 47 35 140 163 186 70 134 10 77 13 84 170 1 7 196 52 35
37 158 194 65 52 29 2 18 187 177 72 122 4 149 91 197 85 79 64 29 66 109 117 137 199 58 173 110 95 149 175 100 2 115 21 43 61 124 104 162 145 116 182 107 93 71 191 85 151 168 184 181 76 78 168 4 155 52 21 84 5 174 113 41 69 48 190 45 74 38 72 150 73 40 154 49 116 94 183 7 117 121 164 23 104 95 178 175 138 95
178 33 34 135 132 110 144 37 41 186 185 181 146 64 75 89 127 13 159 67 86 95 190 51 39 128 172 36 171 194 105 174 76 94 40 115 60 107 3 119 155 180 137 183 133 40 6 7 166 113 132 116 115 95 49 102 39 86 189 10 115 143 32 137 42 172 82 76 102 68 156 106 123 146 77 95 169 151 57 4 96 4 143 156 148 66 72 95 53 68
117 51 121 104 24 91 54 96 151 44 88 180 104 1 138 134 42 55 31 91 134 171 120 132 88 142 8 8 200 69 63 61 40 17 48 196 133 82 117 27 22 168 118 91 75 169 173 71 92 24 75 113 185 183 37 127 38 149 129 22 176 80 12 39 50 194 57 65 101 187 96 149 90 76 45 79 128 160 115 86 113 38 168 101 111 29 20 31 171 145
12 59 176 18 11 51 178 54 38 188 155 168 111 99 123 60 40 182 109 52 106 37 195 191 172 33 6 53 116 40 144 127 55 7 15 126 115 161 147 185 74 47 105 9 124 152 99 118 65 147 110 136 43 117 18 194 101 2 178 114 178 185 94 109 80 100 142 59 10 12 38 168 80 176 119 185 88 45 80 53 197 148 128 183 164 128 35 128 55 195
90 63 176 154 65 60 57 152 147 135 198 133 101 30 84 11 193 160 142 192 110 140 111 82 32 164 29 192 11 128 69 106 112 83 126 85 49 124 173 195 168 150 110 120 25 101 171 136 182 117 73 49 81 162 32 154 13 49 114 196 73 176 114 119 146 99 112 175 139 83 127 105 193 195 114 114 15 78 124 163 66 95 146 74 82 24 5 114 49 68
26 158 40 59 52 5 178 63 57 17 150 166 31 57 65 100 177 186 46 158 105 156 186 117 143 42 64 164 153 143 71 31 113 98 184 149 127 34 88 93 186 188 111 62 46 17 135 184 60 9 151 163 110 113 160 135 5 63 40 111 17 125 123 54 58 117 181 81 59 199 134 172 59 64 82 163 12 194 128 14 64 59 184 8 148 10 56 45 59 151
48 164 167 191 8 6 68 114 95 193 1 190 47 81 27 46 20 44 57 24 111 11 9 199 141 139 73 192 17 181 166 25 196 190 137 111 196 79 22 100 120 38 123 195 121 177 27 153 114 197 107 53 135 1 57 147 91 12 99 112 31 197 116 155 6 141 14 52 127 24 175 28 93 117 83 86 113 162 141 25 121 150 44 125 160 176 145 140 124 124
96 149 185 125 54 33 158 143 90 187 98 102 57 113 57 91 71 43 104 107 130 106 19 178 71 50 122 71 182 175 158 138 77 40 35 72 112 146 187 90 111 6 135 61 56 6 50 42 141 25 179 49 159 159 65 140 100 67 59 128 80 140 169 142 63 86 173 49 15 151 47 166 15 198 196 61 40 195 159 160 124 40 75 24 153 141 138 163 50 180
126 70 159 170 85 179 164 122 137 11 199 109 126 177 21 70 70 172 56 84 1 177 163 113 192 1 151 140 41 139 56 161 166 69 167 72 7 115 39 29 193 199 181 102 138 138 46 42 185 104 55 175 197 128 183 129 23 2 100 17 137 90 135 133 8 153 130 135 2 107 151 54 75 162 135 81 21 16 90 113 145 154 177 17 100 185 137 95 121 41
107 199 115 65 49 14 17 152 196 75 11 14 69 200 167 132 120 84 151 163 1 110 32 65 167 188 106 21 24 139 163 101 141 179 163 41 187 149 68 139 116 52 1 197 14 52 77 36 17 170 151 90 151 130 160 150 188 183 148 153 64 112 14 154 118 86 72 1 123 149 43 75 15 149 116 172 116 87 160 58 153 157 14 157 64 2 128 107 153 81
103 7 62 176 139 76 27 127 14 15 193 160 63 199 62 73 128 62 194 179 123 164 8 191 67 22 117 121 196 92 115 158 66 105 138 61 56 93 183 176 182 69 98 116 72 117 32 42 183 43 126 34 66 46 136 185 125 115 50 191 83 102 122 125 177 35 15 142 60 3 148 82 174 2 73 123 76 40 36 84 172 179 32 172 70 162 10 122 178 80
95 44 58 34 95 39 8 68 55 84 51 178 44 65 5 125 45 177 51 26 181 114 193 110 188 50 180 176 34 192 159 161 99 187 169 191 115 44 55 22 168 12 83 44 75 36 57 189 48 192 159 103 62 51 45 38 165 73 147 60 97 31 116 186 48 86 2 149 174 135 65 196 167 11 193 167 157 177 136 64 61 9 19 137 20 39 182 64 72 146
25 37 83 16 168 32 138 197 52 106 105 146 96 51 103 67 55 164 9 62 41 3 141 77 125 100 177 18 36 79 136 96 183 28 115 77 182 89 161 138 4 143 64 38 185 13 25 27 135 16 170 50 52 46 11 190 88 93 178 67 192 163 136 42 199 35 137 173 182 93 13 37 90 123 198 121 177 108 148 65 11 148 199 138 182 115 33 83 110 50
160 37 114 79 131 185 78 150 161 192 72 56 28 65 58 38 109 86 6 118 69 150 57 89 128 103 149 70 129 104 30 149 31 121 111 11 84 179 36 118 8 48 37 163 50 115 187 152 197 139 141 170 107 24 195 57 47 195 182 63 75 165 94 53 181 124 123 138 53 136 29 58 126 79 131 185 171 145 109 81 46 51 5 118 4 31 89 118 168 172
147 174 88 193 151 184 80 181 164 44 127 122 36 48 183 29 190 67 171 162 81 68 107 84 136 105 165 56 163 148 62 69 8 144 105 23 184 188 13 109 45 125 180 49 5 180 82 48 109 95 171 82 144 161 96 157 167 27 18 3 135 143 175 137 193 118 139 60 150 18 198 98 157 89 96 186 17 34 171 28 23 154 28 130 26 153 66 16 8 45
148 176 47 144 113 116 102 38 198 199 171 8 141 16 31 38 114 151 79 133 127 39 39 62 48 199 100 55 8 43 164 158 112 141 138 132 167 192 108 31 79 79 12 30 10 68 71 166 151 52 101 103 24 1 168 192 65 88 65 193 161 138 67 64 95 101 56 103 28 19 150 109 43 164 13 169 22 138 112 15 190 13 147 23 45 46 73 118 50 165
56 53 67 22 63 67 174 156 86 8 77 163 173 105 128 53 135 185 79 105 77 180 40 33 26 164 73 131 66 38 39 179 128 5 144 53 136 197 129 22 168 5 43 123 3 132 111 7 88 167 135 134 30 54 133 162 57 144 137 110 71 98 176 60 55 82 106 76 75 40 166 50 11 60 46 114 126 7 143 39 147 173 101 138 126 127 159 31 67 134
6 22 108 196 91 8 120 158 112 27 2 118 18 105 183 192 35 3 49 73 148 194 61 181 90 65 185 92 184 119 92 120 34 81 70 150 183 176 39 71 96 143 108 90 43 184 133 29 4 152 72 138 64 160 57 36 114 163 145 46 165 20 3 57 49 187 193 138 13 196 137 61 33 199 135 98 118 43 59 66 16 85 98 29 20 157 108 138 175 70
55 162 84 100 139 164 97 126 40 94 188 18 6 5 174 80 59 5 178 50 196 25 124 18 81 63 114 131 153 191 5 86 40 97 58 96 180 189 101 87 106 196 9 35 144 192 47 17 160 173 4 61 89 25 47 125 126 21 85 5 29 10 110 5 49 105 175 116 180 104 135 197 78 151 114 66 28 194 108 151 17 137 124 106 94 69 170 108 145 45
5 182 90 170 76 176 134 135 90 107 12 59 87 142 46 75 43 40 59 146 133 70 136 17 20 186 104 41 77 94 183 31 53 32 34 192 141 28 104 160 19 38 66 60 100 109 14 76 168 11 66 14 67 42 76 118 116 88 146 25 78 158 133 81 113 118 63 167 144 184 16 38 38 156 85 130 86 58 50 21 12 132 151 69 74 180 40 38 103 32
88 67 11 112 3 71 41 65 22 161 182 196 161 63 132 83 18 16 77 134 14 61 195 177 189 107 129 49 10 167 24 92 158 107 40 134 195 49 152 158 108 39 59 34 17 12 96 49 136 131 97 65 147 197 8 169 153 69 164 101 94 36 149 158 102 1 155 49 196 43 71 89 155 174 43 42 34 166 188 102 49 143 34 116 107 11 42 38 87 134
20 6 12 108 103 165 9 111 139 55 61 142 178 50 139 35 85 82 9 180 96 90 186 118 30 17 37 117 181 49 198 197 148 53 25 93 28 135 93 14 184 84 173 145 13 61 198 109 81 10 5 173 47 2 57 153 161 104 136 133 25 167 118 96 124 30 178 95 187 76 113 182 119 81 184 43 41 27 8 157 124 48 37 6 149 184 198 94 5 175
28 74 88 41 167 187 23 169 32 114 27 49 12 138 97 34 139 51 20 155 28 25 172 16 32 187 151 166 184 153 34 116 32 147 19 42 33 188 8 149 64 198 30 110 29 47 152 32 59 88 173 27 10 14 35 120 70 51 52 146 62 155 95 138 83 168 38 51 66 23 46 177 30 108 49 132 72 75 192 88 47 114 3 65 27 109 47 189 47 14
153 81 77 7 79 72 110 180 86 191 195 69 173 119 191 174 142 183 93 110 111 145 40 151 143 187 38 22 94 119 48 95 181 96 44 5 65 102 200 30 109 26 132 187 76 165 101 100 22 78 160 188 58 61 156 37 77 112 92 31 184 54 72 25 80 15 19 186 164 37 124 199 18 174 26 161 40 45 94 118 101 104 39 188 106 63 100 42 125 15
102 27 166 132 157 91 50 117 64 132 7 123 113 56 23 67 64 113 185 99 90 34 56 33 173 5 132 121 186 194 107 84 166 177 196 26 139 144 33 116 156 194 70 148 131 54 47 181 108 11 8 154 26 21 193 110 54 28 180 29 186 187 31 145 150 40 50 112 165 138 145 49 192 10 121 104 178 151 151 126 175 65 57 188 127 82 3 49 17 187
171 48 85 65 23 67 51 115 123 92 46 43 107 100 169 123 159 117 135 69 127 145 153 163 7 43 12 47 105 138 198 50 184 184 65 102 36 104 105 153 104 152 11 73 181 117 67 186 127 46 41 135 106 35 10 163 104 39 127 52 97 81 111 107 171 114 96 110 97 181 26 35 105 59 150 164 36 130 102 60 131 98 43 54 174 150 85 157 90 61
136 1 52 7 59 179 198 54 40 20 177 49 195 166 81 87 68 96 116 50 75 87 4 91 73 104 131 39 11 73 200 160 88 15 95 192 58 73 34 159 6 73 129 85 141 23 37 172 109 46 182 103 25 94 122 130 123 129 58 197 74 123 183 187 165 147 95 63 102 3 82 9 120 1 145 152 63 66 139 94 169 138 34 80 129 35 55 170 77 168
189 182 35 200 147 148 91 33 54 109 72 151 135 177 22 6 46 56 25 52 76 58 20 190 33 52 149 154 67 73 72 106 119 80 170 167 2 44 147 138 31 162 10 180 162 6 172 44 15 157 177 120 17 141 133 135 71 54 47 166 95 179 107 135 84 89 19 161 160 133 49 68 34 24 75 194 60 100 139 125 56 41 6 167 137 106 177 37 108 1
21 36 89 93 1 148 63 189 48 30 80 113 155 116 190 122 29 199 41 10 76 90 50 172 164 90 76 116 99 199 36 67 149 137 98 70 133 198 143 22 113 147 118 123 14 61 191 199 14 53 83 57 148 161 142 196 55 168 42 135 101 94 136 27 173 93 31 46 28 194 117 83 145 158 20 150 77 3 114 127 174 95 176 188 131 94 74 40 163 149
14 41 17 87 172 8 115 34 183 103 93 178 18 156 165 71 130 170 129 118 162 3 167 120 15 126 44 155 42 17 178 20 43 179 24 53 111 122 128 29 134 7 38 157 6 45 42 5 150 177 78 143 15 189 178 53 194 163 18 159 34 114 83 88 111 85 63 12 182 125 143 40 187 190 97 74 160 101 82 45 60 122 124 189 60 101 6 165 43 31
73 95 90 100 5 143 160 58 151 71 178 21 104 15 14 174 197 12 65 128 183 171 102 130 77 110 3 186 158 115 96 117 100 166 39 115 149 189 75 123 140 134 186 149 59 152 191 139 79 71 169 185 143 75 3 183 14 140 192 138 194 193 162 103 120 103 74 159 70 146 15 135 112 156 141 67 7 153 14 168 94 133 41 29 132 33 155 125 178 193
147 162 184 170 48 35 152 199 179 109 69 14 62 82 78 38 175 86 39 34 95 125 71 132 115 17 176 147 127 38 142 102 47 82 7 154 134 189 5 26 75 102 37 65 10 63 61 157 188 18 40 98 134 107 121 175 35 87 32 153 81 80 123 23 110 79 182 93 89 181 140 34 178 135 115 187 120 112 159 103 160 84 121 49 171 93 22 134 199 159
27 96 115 80 172 104 136 140 124 17 101 86 180 73 147 10 3 105 24 183 13 114 16 61 100 50 4 95 187 129 99 46 71 58 63 117 157 64 92 112 124 130 129 49 163 16 14 178 89 141 176 135 106 67 156 156 22 53 20 191 27 150 88 44 41 61 136 17 161 13 4 118 10 61 15 86 40 152 191 179 115 176 149 75 185 156 99 75 73 15
19 68 175 19 46 39 158 54 21 86 90 134 46 125 102 198 145 14 78 107 136 176 19 112 142 20 125 161 28 145 74 150 141 187 200 164 180 167 124 129 43 162 11 145 100 49 105 146 106 48 140 141 3 188 89 54 90 190 154 7 54 180 51 122 102 164 15 28 90 52 179 110 150 44 92 51 60 172 156 67 18 102 105 138 191 58 43 168 129 188
72 22 200 90 32 173 14 190 6 72 57 33 123 107 54 94 24 182 34 110 121 192 84 3 11 102 155 193 172 64 66 59 41 83 56 98 96 34 33 141 39 88 157 97 180 88 149 38 80 177 194 170 20 131 2 24 26 118 81 127 5 144 71 125 3 90 77 67 131 40 174 5 192 91 19 44 44 48 52 30 78 171 55 109 141 33 101 34 68 163
92 194 187 34 20 120 136 186 158 97 6 87 116 79 189 93 59 117 68 168 128 166 93 39 90 85 74 41 134 144 139 44 19 44 124 52 200 193 191 128 174 187 112 121 169 21 42 41 174 106 85 127 112 131 179 108 7 59 62 185 98 168 155 52 185 15 158 43 13 197 70 41 104 87 29 36 184 188 50 21 200 81 72 102 78 177 18 143 158 170
41 5 120 54 180 148 161 51 99 62 34 34 112 88 149 18 13 99 121 78 36 100 171 194 182 96 164 27 143 29 187 108 52 153 25 164 128 14 161 153 135 104 87 143 75 107 188 46 189 94 40 174 124 104 42 141 64 117 178 172 134 9 155 125 106 55 23 195 64 31 132 117 176 53 79 127 139 61 47 122 114 6 5 142 73 62 14 39 193 14
155 54 3 110 164 165 115 83 101 54 59 61 79 21 42 49 106 111 47 23 100 117 85 179 18 182 25 148 134 102 70 65 148 6 174 110 180 12 22 131 80 111 179 105 97 56 48 95 135 37 173 1 95 172 32 145 104 143 6 169 175 68 42 55 108 128 179 82 151 101 153 183 69 15 113 139 147 108 17 48 19 66 8 175 166 185 67 187 4 69
102 141 100 156 66 159 75 166 39 90 147 137 180 171 151 32 56 140 38 102 51 47 133 2 132 31 188 153 155 65 57 2 42 59 43 1 72 68 158 162 192 187 7 191 118 123 99 156 119 191 6 176 108 187 56 5 64 59 117 158 10 70 79 43 122 21 18 94 39 106 15 14 50 163 84 159 15 178 166 132 180 144 196 117 141 197 185 165 133 66
23 18 30 106 64 63 33 29 6 154 165 83 127 183 30 18 109 83 70 58 142 200 31 24 74 27 30 82 2 57 111 153 59 88 22 47 157 167 21 115 155 171 117 16 54 82 184 89 123 142 70 87 125 57 2 53 117 76 35 60 197 103 71 88 34 23 24 111 21 100 58 41 128 52 117 120 197 169 182 154 123 107 124 45 73 97 63 71 183 29
