60 	
11	12
0	2	2	32	6	
1	1	6	23	6	
0	3	2	42	4	
1	9	7	82	4	
1	4	4	498	2	
1	7	6	259	7	
0	3	5	340	5	
0	2	3	269	5	
0	2	8	176	1	
0	2	8	244	8	
1	1	3	520	5	
1	1	9	110	5	
0	4	4	114	9	
0	4	9	35	5	
1	3	8	484	1	
0	8	7	220	1	
0	3	1	446	3	
0	1	7	499	6	
1	3	1	91	6	
0	7	9	65	3	
1	2	3	79	2	
1	9	7	504	5	
0	5	6	458	9	
1	7	3	545	2	
1	9	9	562	9	
0	7	8	496	5	
1	4	1	446	6	
0	6	9	141	4	
1	8	8	562	3	
1	9	7	558	9	
1	8	9	118	1	
0	8	8	373	4	
0	2	9	153	4	
1	4	8	335	2	
1	5	3	452	4	
0	3	5	45	8	
0	3	1	312	1	
1	8	8	481	2	
0	8	8	157	8	
0	5	4	443	8	
0	8	8	342	7	
0	1	8	63	4	
0	8	8	213	2	
0	5	5	341	1	
1	6	5	305	9	
0	2	6	356	2	
1	1	5	504	1	
1	3	7	206	6	
1	7	6	205	5	
1	1	4	164	2	
1	7	9	123	4	
0	5	8	431	8	
1	5	5	301	1	
0	8	5	69	6	
1	5	3	445	6	
0	6	8	138	3	
1	7	9	367	2	
1	9	6	545	7	
1	3	7	272	3	
1	2	9	223	5	
84 119 168 12 67 166 41 160 178 69 200 8 191 12 192 19 124 12 184 56 193 69 137 127 34 146 134 151 115 60 28 121 185 160 10 178 66 175 115 41 22 164 80 105 129 97 4 168 169 173 84 83 57 194 192 61 109 41 48 46
172 17 137 157 75 140 134 28 37 64 124 143 70 104 13 141 124 196 196 173 194 145 74 163 3 73 35 13 4 167 149 87 4 120 198 58 155 92 66 28 141 116 184 46 140 97 159 127 47 47 5 113 23 29 198 87 180 176 120 103
177 31 148 52 31 138 189 55 24 83 146 141 189 110 167 18 47 89 56 76 189 116 157 175 181 194 120 142 49 113 115 14 100 106 200 177 136 43 110 112 6 49 88 172 172 122 107 185 119 66 100 25 129 17 46 110 87 142 59 191
152 120 15 123 102 62 97 199 152 49 14 157 4 171 72 110 102 194 174 119 151 193 102 101 22 161 99 31 45 197 30 85 62 104 155 56 55 46 135 69 86 92 134 149 12 33 38 40 193 133 42 50 99 127 174 174 127 60 173 21
86 140 155 79 145 101 70 127 81 25 4 15 19 22 131 13 139 120 182 144 197 158 14 83 140 37 56 115 79 14 114 73 53 140 36 77 44 99 56 17 173 199 149 140 93 54 129 105 61 83 187 200 85 104 22 31 132 47 165 191
39 69 68 139 89 84 25 9 136 199 8 74 154 138 128 170 200 123 10 125 153 124 27 159 171 14 81 24 10 63 139 102 164 153 58 197 170 15 54 172 39 89 44 115 159 109 77 176 141 115 135 3 172 68 11 161 102 53 65 67
124 136 124 152 96 63 200 123 136 178 199 85 114 168 138 17 43 46 156 185 44 144 16 28 175 11 55 6 90 127 200 99 151 161 33 134 179 95 178 179 19 90 168 110 88 77 61 40 195 139 15 141 123 107 122 184 65 41 106 139
184 150 114 13 200 34 25 3 182 186 46 142 93 125 126 34 8 10 20 109 137 32 60 15 99 115 164 3 200 34 15 119 143 110 44 146 66 150 51 44 169 88 10 82 52 18 143 27 167 86 24 92 173 73 21 6 150 57 42 150
195 11 171 72 60 3 78 43 94 53 35 82 61 154 89 77 32 48 139 41 128 114 43 107 171 41 176 61 165 67 95 108 63 57 176 129 12 189 135 148 191 143 151 162 53 192 181 154 67 66 37 22 114 140 169 132 147 37 7 135
158 44 161 87 112 150 133 175 121 113 122 189 149 66 146 54 40 98 154 84 160 83 66 68 158 186 182 25 45 52 159 17 151 139 173 133 42 144 199 14 36 142 30 156 149 44 142 6 65 67 185 138 113 123 32 16 96 57 115 77
7 109 98 151 17 112 196 167 144 164 182 62 171 160 147 61 192 179 103 70 151 86 164 191 92 132 192 177 21 148 149 142 186 11 135 159 23 146 30 154 30 166 80 176 135 177 42 143 116 53 79 17 118 102 156 167 177 19 153 168
119 138 42 93 146 55 99 83 112 197 172 192 161 105 108 30 107 179 102 100 16 3 158 137 68 156 152 154 176 173 91 34 82 48 72 76 29 68 112 41 2 36 7 76 91 58 17 191 125 142 74 176 151 96 11 116 84 163 1 181
11 50 48 37 66 126 47 119 126 164 21 183 151 173 124 198 100 160 120 160 86 187 178 50 188 195 114 165 43 125 125 44 177 153 82 157 187 89 139 130 166 42 168 200 21 144 198 78 158 8 156 131 146 103 161 136 102 197 184 63
36 77 118 140 45 159 131 132 151 111 185 196 118 194 77 126 90 121 117 153 72 62 162 53 168 69 34 83 190 158 141 175 96 179 136 125 115 19 165 117 2 113 91 150 82 161 141 200 119 29 82 173 119 200 59 32 81 42 19 113
71 182 81 177 67 12 117 190 33 120 186 105 86 118 191 164 66 70 101 54 97 167 66 96 116 11 180 129 27 35 27 125 115 84 119 160 164 155 35 172 50 99 166 192 176 67 147 152 118 76 61 1 193 174 72 120 90 84 1 28
88 69 156 9 165 49 42 65 41 25 120 56 170 2 133 88 105 39 148 140 25 161 189 121 151 4 121 29 37 65 194 119 118 44 51 38 150 97 91 67 124 148 45 6 200 12 161 135 106 185 87 2 186 6 121 191 179 105 113 71
104 137 98 147 118 191 192 195 23 75 149 176 116 90 35 32 130 153 84 198 131 99 32 194 159 179 195 62 183 60 168 121 121 115 132 159 87 190 127 44 38 75 58 51 162 169 96 170 125 136 102 60 197 149 88 88 86 42 120 194
170 37 26 20 146 197 130 47 178 58 96 154 92 141 138 48 14 23 4 142 114 134 158 150 35 128 15 58 193 188 196 54 178 154 18 110 57 124 81 48 180 48 144 174 172 192 80 132 41 160 4 24 63 199 170 13 73 151 146 61
29 100 99 148 187 107 8 109 69 27 89 168 118 171 26 35 116 72 132 8 172 42 33 9 182 74 132 108 30 9 94 35 15 190 166 104 65 135 162 189 82 127 184 184 68 38 122 130 16 43 132 182 1 22 96 32 143 60 3 146
104 70 94 196 16 98 146 176 112 61 120 97 69 181 23 46 81 95 185 177 198 183 52 66 148 49 105 193 20 164 113 49 184 131 161 88 187 196 182 146 163 176 108 104 65 198 164 54 168 108 37 150 141 134 38 9 117 69 42 9
125 123 42 193 62 50 179 138 193 102 92 73 6 175 28 127 71 55 150 91 191 78 155 196 108 87 163 20 165 69 13 97 162 80 118 6 115 167 19 19 127 199 169 147 25 38 158 48 51 57 156 190 144 23 180 85 9 32 140 145
164 131 200 133 173 199 15 49 99 199 86 89 193 13 51 187 157 120 60 124 125 45 68 19 158 114 53 38 51 174 48 69 13 182 58 30 95 90 36 118 66 10 77 78 17 135 171 163 137 74 86 148 172 139 105 157 76 9 30 200
18 11 91 164 73 198 162 86 19 170 130 25 156 15 141 16 59 192 53 20 31 94 55 199 89 168 24 157 39 132 153 189 60 55 20 180 13 84 192 93 166 12 87 25 20 11 42 100 194 109 34 16 106 147 11 125 182 146 56 84
26 146 24 130 163 178 85 139 85 164 167 121 137 111 104 124 139 178 178 60 81 154 124 61 78 45 26 158 81 96 178 20 7 52 103 61 13 154 168 31 60 120 23 122 3 91 15 99 149 44 65 71 189 46 171 13 110 41 102 4
127 103 127 186 77 24 172 142 141 23 39 81 78 106 31 174 3 111 20 20 120 164 53 106 45 122 58 154 170 36 99 119 148 188 48 171 163 48 42 142 81 15 16 61 90 58 86 178 1 164 63 143 125 184 4 143 85 134 80 157
70 19 144 181 135 147 186 153 158 116 119 1 121 198 94 199 51 116 37 181 4 11 19 88 67 161 194 158 54 143 95 12 79 78 39 183 9 73 79 99 24 115 193 18 131 22 150 118 15 175 113 33 131 114 195 51 7 147 82 160
11 191 100 70 162 79 84 13 139 108 126 190 19 172 106 14 43 172 46 18 153 196 99 95 14 87 82 135 195 137 133 57 27 32 22 55 173 177 5 5 60 192 38 153 6 133 173 77 67 1 17 90 121 120 116 193 69 180 34 125
131 51 13 87 61 150 165 47 17 52 133 100 173 165 174 102 19 11 19 71 53 67 132 157 127 79 67 181 8 127 14 58 115 96 48 196 99 59 174 56 63 180 160 82 25 183 84 105 72 168 142 41 112 114 88 24 30 50 155 100
62 3 100 111 193 26 75 182 96 63 140 192 178 115 178 170 54 119 57 8 68 55 126 154 89 165 104 200 18 92 91 177 79 93 29 177 91 100 53 21 134 7 106 39 33 87 2 125 64 44 172 168 5 54 127 88 101 35 79 83
179 6 48 167 39 161 188 184 118 137 15 124 168 2 190 46 171 105 165 99 121 57 168 67 4 144 47 86 109 98 94 134 156 187 186 73 82 20 130 12 195 120 1 15 28 168 155 58 162 67 38 175 123 90 72 152 46 128 5 73
8 113 67 127 146 23 26 148 75 7 63 94 116 40 197 139 116 21 94 84 97 170 103 86 16 94 16 167 93 29 52 182 25 148 58 23 69 13 150 96 190 49 1 146 161 84 188 134 98 80 70 179 95 70 36 199 151 166 111 61
123 72 93 37 21 177 139 145 93 84 95 110 119 191 55 191 97 143 183 90 122 188 183 20 37 98 187 2 52 158 11 37 15 7 81 200 100 85 67 24 141 43 133 161 124 75 45 108 66 163 148 70 8 51 42 88 84 96 198 190
163 32 107 109 97 145 62 22 116 84 107 60 111 113 138 155 191 112 121 153 20 195 101 71 63 121 126 182 173 161 160 197 112 83 23 155 165 120 45 103 82 169 134 103 96 177 95 151 143 76 195 65 125 120 181 50 92 2 165 145
27 47 13 169 122 2 195 105 21 139 184 147 62 162 179 91 110 86 65 20 50 129 127 187 127 51 35 169 137 40 150 103 12 13 35 39 168 66 92 32 30 36 92 37 112 97 112 85 180 28 184 177 169 8 89 53 178 100 200 114
87 84 73 136 53 128 183 142 192 159 186 67 59 139 111 59 85 130 133 200 78 96 61 139 37 144 175 151 27 120 124 152 99 45 16 61 28 13 32 66 39 86 127 85 46 104 97 200 18 96 78 58 82 150 160 41 16 174 106 60
152 139 10 158 26 172 25 105 136 172 56 79 112 107 166 42 143 111 54 57 30 104 160 19 136 79 149 174 55 118 107 174 18 192 70 161 6 100 110 65 114 84 184 70 44 67 14 54 140 100 68 181 10 196 96 196 33 49 63 183
125 113 165 8 153 80 7 39 180 173 49 82 164 74 41 14 71 28 174 145 94 61 179 181 9 85 175 22 148 132 17 35 133 127 62 108 148 43 5 39 70 55 89 14 158 152 133 27 156 153 55 43 110 114 29 138 107 21 73 165
33 104 55 81 117 103 183 68 35 35 34 100 20 56 122 189 44 77 86 136 15 31 187 59 92 67 45 17 37 193 165 85 29 33 125 125 52 56 145 119 72 153 56 169 158 111 25 135 99 161 99 90 41 112 184 179 181 13 129 132
161 57 60 190 77 44 6 112 1 105 196 42 9 89 38 36 60 38 104 168 142 140 152 31 20 2 70 148 137 75 169 35 86 151 139 79 148 41 7 51 112 57 167 190 186 53 129 108 158 164 1 122 168 52 81 92 49 71 38 117
138 158 3 41 40 7 50 128 47 182 26 195 58 108 70 67 198 136 183 116 175 7 117 114 141 3 38 56 21 190 48 102 158 106 126 57 80 78 175 27 34 74 113 108 131 136 44 83 120 118 121 193 90 55 51 151 170 30 139 21
2 81 7 13 110 199 164 71 90 116 68 168 130 40 25 192 26 137 155 72 181 130 134 131 99 21 145 23 161 117 50 17 48 96 30 157 109 110 121 156 78 90 173 22 189 190 164 191 95 115 64 199 33 134 98 39 55 126 110 26
163 91 191 105 51 148 144 68 116 147 110 112 5 18 5 41 32 23 116 186 15 165 7 145 161 145 128 72 140 128 12 54 148 113 42 130 1 97 136 127 184 92 146 11 155 97 21 192 112 48 119 11 159 199 121 36 11 87 108 22
96 71 67 42 109 103 103 153 174 144 145 170 155 137 132 107 103 38 173 78 30 163 34 31 86 90 179 24 108 134 132 85 121 63 160 60 124 18 7 126 16 52 7 194 179 158 155 132 83 98 172 151 34 104 141 200 22 71 150 4
26 189 3 99 132 190 121 30 69 84 196 19 198 79 178 40 10 172 135 143 135 114 74 32 94 152 182 128 158 93 147 115 135 16 108 148 29 86 147 11 187 128 120 126 57 194 68 101 52 108 119 169 130 68 172 23 41 107 193 156
49 27 134 88 9 194 155 181 21 64 58 121 192 37 101 165 185 66 3 119 41 26 137 16 148 181 197 14 67 126 196 18 52 11 21 92 39 40 69 189 67 144 146 163 200 141 195 147 64 7 16 126 164 113 72 64 56 61 37 152
39 28 28 72 26 112 94 122 120 125 63 44 58 98 57 38 155 95 176 75 77 82 76 97 65 54 77 141 39 28 147 100 110 175 96 40 160 8 6 107 196 13 81 9 27 158 67 199 2 98 187 165 107 64 164 85 35 180 66 78
136 8 156 6 146 89 95 192 77 171 16 19 14 63 15 113 155 177 83 190 51 7 80 67 61 159 130 10 41 59 182 42 130 143 171 134 158 78 52 91 7 19 193 100 60 156 22 177 92 134 143 158 150 25 134 110 118 54 5 5
137 27 113 124 47 114 150 45 35 94 165 74 21 169 101 88 41 78 151 165 150 125 39 35 113 177 109 67 9 35 152 109 186 27 138 143 11 8 58 139 72 51 100 86 49 98 168 62 80 70 20 47 185 94 147 95 42 41 100 169
32 24 171 83 27 174 131 139 170 151 156 194 60 83 62 14 40 159 186 137 198 59 7 123 135 51 145 122 40 28 87 104 142 150 121 55 153 80 181 171 46 189 158 16 39 82 129 99 187 29 149 165 142 120 69 135 142 180 166 179
75 146 160 170 55 190 199 49 62 85 132 43 194 44 41 77 87 151 159 118 191 124 126 63 11 26 164 2 187 51 73 133 141 13 5 188 52 6 167 185 37 66 174 193 163 191 150 15 144 6 26 109 118 121 136 106 171 159 147 154
154 153 183 154 76 73 139 140 106 131 173 53 36 132 165 73 17 11 73 166 175 78 137 82 89 75 48 77 158 188 178 178 8 174 163 145 96 94 156 40 2 149 8 120 189 106 160 12 156 16 28 124 167 51 7 155 52 80 161 108
65 63 148 155 167 26 165 66 126 125 158 133 37 138 99 130 11 164 35 68 87 7 191 98 11 153 96 20 158 198 199 21 172 46 34 194 83 195 14 81 140 75 177 48 155 10 176 26 93 117 90 28 78 148 198 7 181 144 23 94
129 180 68 89 173 53 134 159 197 139 4 196 30 186 42 136 73 78 138 58 93 109 102 80 82 106 110 47 109 25 190 85 91 91 36 194 126 56 18 40 17 45 149 179 77 27 57 92 129 55 8 118 157 14 121 137 68 122 181 108
26 168 122 24 76 84 129 54 77 40 110 11 194 100 103 162 119 70 167 38 83 59 148 33 7 183 70 143 119 67 124 132 130 31 128 137 83 93 161 92 105 47 177 194 63 63 139 80 122 27 42 14 145 117 118 171 50 133 11 138
63 146 134 39 185 7 108 72 147 125 198 42 121 57 147 51 72 193 21 185 43 154 154 112 69 120 83 134 176 66 71 132 184 104 155 195 85 71 71 81 166 98 42 172 5 43 72 134 54 63 170 27 44 194 85 82 117 88 59 35
33 122 40 115 25 175 16 15 10 8 103 113 12 200 86 74 166 17 11 152 135 19 121 61 37 125 28 62 21 24 3 34 168 83 188 88 185 151 155 51 181 125 101 140 170 7 134 14 93 133 178 162 21 60 9 40 155 54 122 163
87 27 10 47 135 118 21 8 112 171 143 88 131 51 160 63 14 86 65 152 147 166 65 196 20 94 123 4 147 36 150 145 169 156 147 81 20 141 118 53 79 78 35 157 96 135 159 85 2 54 88 195 109 123 160 130 51 149 68 71
69 197 192 65 184 21 93 42 194 134 68 58 147 124 22 34 106 20 50 47 60 21 94 198 54 146 92 82 199 57 78 171 192 156 114 154 27 179 151 138 154 79 113 136 66 95 131 189 102 53 14 122 37 37 153 25 144 98 17 144
138 82 141 196 3 11 53 81 151 145 27 42 145 183 131 46 80 199 134 177 5 190 57 38 170 191 168 118 84 2 80 107 188 118 200 170 119 176 105 146 43 51 107 149 82 18 77 143 130 200 5 47 184 103 190 124 53 160 29 173
156 147 173 80 138 162 84 62 64 59 143 156 144 98 132 105 47 25 140 141 106 124 9 180 94 42 163 50 176 71 75 38 194 35 66 69 41 32 178 43 23 59 160 66 188 54 72 83 87 178 164 119 121 142 158 138 58 150 102 52
29 181 161 135 27 200 169 74 122 160 125 121 175 57 75 187 122 43 128 85 83 99 64 175 61 124 85 154 12 115 141 4 147 144 90 187 6 62 10 77 25 111 31 10 124 158 8 141 94 76 32 17 180 3 192 142 84 51 120 146
