30 	
42	67
0	34	8	94	1	
0	60	5	287	4	
0	29	1	553	9	
1	54	3	292	6	
1	37	3	496	6	
0	95	5	26	9	
0	99	8	730	6	
0	98	8	242	6	
0	44	2	148	2	
1	87	5	737	3	
0	56	2	374	2	
0	16	6	458	3	
0	6	8	210	4	
1	73	7	400	6	
1	80	3	700	3	
1	3	4	624	2	
1	34	7	697	7	
0	35	7	252	2	
1	26	6	725	1	
1	72	1	243	7	
1	9	5	553	6	
0	26	8	689	1	
0	96	2	324	5	
0	67	3	26	7	
1	20	7	83	8	
1	81	1	78	7	
1	18	8	539	9	
0	53	9	212	9	
0	69	6	170	5	
0	55	4	713	3	
182 83 48 27 52 4 55 100 138 56 166 182 129 115 154 13 189 187 192 115 109 42 19 150 185 132 151 71 52 56
167 96 96 168 62 116 13 79 158 124 152 55 138 116 58 182 27 109 50 40 121 115 134 111 169 109 107 189 194 52
92 54 109 29 68 111 72 128 76 150 19 178 59 186 147 13 28 196 39 3 84 67 149 108 124 132 46 99 77 73
105 44 184 24 9 141 87 109 55 122 7 178 101 17 125 83 108 98 119 131 71 32 82 199 9 146 48 134 86 95
38 24 137 58 147 173 25 168 76 118 162 49 98 86 137 99 81 5 174 28 17 120 64 61 150 132 86 104 23 112
95 197 115 119 199 144 2 170 123 122 99 82 10 21 37 58 40 35 92 162 78 49 111 123 84 192 180 165 194 25
2 68 98 193 150 164 180 81 116 21 71 196 94 71 66 156 44 116 150 148 60 74 125 137 48 13 110 168 149 34
20 86 151 40 139 150 181 199 118 67 165 22 150 93 189 199 168 168 48 154 85 22 55 56 179 57 116 121 13 18
96 130 55 86 25 112 67 144 31 75 63 8 155 129 123 66 23 58 14 127 140 78 130 4 157 194 144 173 116 56
27 79 104 180 4 194 19 136 153 142 8 43 48 181 122 82 12 194 122 13 193 134 131 52 178 69 27 161 166 169
193 173 36 58 34 197 15 154 47 136 23 75 57 60 64 189 177 57 200 121 157 142 68 185 65 118 160 166 186 16
14 125 140 89 197 19 7 157 160 176 196 152 127 27 89 82 92 21 56 151 30 41 15 198 95 191 90 120 166 110
123 64 64 68 184 192 79 151 31 184 23 70 91 8 63 168 6 153 67 171 143 18 20 163 85 37 39 153 4 200
67 22 123 146 170 99 108 195 67 144 188 63 198 36 157 165 43 111 23 169 68 35 149 26 130 125 71 126 15 177
93 26 158 151 95 122 144 79 34 96 184 81 15 195 12 68 143 156 173 62 21 122 20 27 144 12 10 119 197 171
167 100 153 96 27 77 4 133 194 192 185 153 40 188 108 153 199 68 32 42 108 139 160 187 199 26 142 35 53 21
96 98 120 43 42 191 76 32 3 144 164 49 129 56 119 138 136 184 33 123 169 177 18 116 24 100 176 97 85 146
199 56 32 183 181 148 135 86 149 52 4 20 86 57 79 77 104 6 174 55 71 85 162 35 169 142 119 168 107 190
81 164 40 8 33 171 6 191 57 121 104 62 62 33 73 138 189 129 119 41 126 37 195 173 165 165 38 138 193 19
136 12 139 124 12 27 13 79 89 28 95 116 159 133 69 24 39 197 36 125 191 123 100 108 89 129 82 41 117 96
165 138 36 191 28 98 164 123 193 99 35 162 26 160 68 52 41 3 82 168 24 151 139 34 158 3 142 197 65 105
194 192 51 167 39 82 183 74 41 124 24 128 65 24 195 64 98 29 152 35 189 92 46 194 42 125 58 28 136 117
28 26 161 123 125 33 89 150 134 82 187 77 30 91 160 110 55 47 114 13 39 163 187 85 188 24 142 50 135 71
121 2 78 48 36 130 58 26 121 113 46 178 16 131 23 122 98 162 7 92 82 183 48 4 23 132 56 161 76 141
185 121 143 30 128 114 140 143 83 40 22 144 154 198 27 59 42 55 78 33 158 136 101 23 9 146 186 136 154 142
86 1 160 166 183 64 31 90 141 68 85 146 188 174 191 168 46 166 187 8 19 5 5 108 67 149 49 82 199 61
26 69 136 129 152 67 68 29 75 11 23 179 52 151 36 54 58 106 137 200 17 95 49 34 74 135 88 48 93 77
160 80 11 101 112 51 178 151 167 133 130 192 19 67 39 168 76 115 163 116 173 157 190 16 87 188 78 62 114 117
82 168 156 44 18 119 171 74 147 157 187 55 178 170 195 137 97 146 45 62 98 28 34 14 10 24 114 169 187 184
116 160 88 192 36 111 113 59 43 38 118 77 148 52 27 22 34 53 6 85 8 62 116 16 68 41 18 84 136 44
7 158 40 48 199 183 163 30 73 56 133 159 38 50 134 199 182 118 19 65 159 35 195 96 197 41 149 20 9 78
