70 	
14	61
0	63	2	661	9	
1	53	5	722	5	
1	47	1	1124	3	
0	9	2	843	7	
0	20	6	111	3	
1	44	2	1008	1	
0	5	5	58	1	
0	68	7	762	6	
1	83	5	865	2	
1	42	1	272	6	
0	29	5	1314	7	
0	28	6	704	4	
1	59	8	747	4	
0	6	6	439	8	
0	29	8	820	9	
0	37	1	1004	2	
1	25	4	1261	3	
1	46	7	983	9	
1	7	2	253	1	
0	58	9	1209	7	
0	42	9	587	3	
0	15	8	1284	3	
1	50	3	461	8	
0	36	5	212	9	
0	3	4	1354	3	
0	2	1	275	3	
0	52	2	1338	8	
1	73	5	443	7	
1	2	4	576	2	
1	50	8	1272	1	
1	27	1	660	1	
1	19	4	1321	4	
1	66	3	1306	7	
0	20	9	961	8	
1	34	4	1034	5	
1	39	8	835	8	
1	21	4	1146	5	
0	18	5	1304	5	
1	60	1	1389	4	
1	97	5	1210	6	
0	30	8	1370	8	
1	6	2	916	3	
0	82	6	792	5	
1	24	7	61	7	
0	7	2	1152	3	
1	39	9	602	1	
0	53	9	729	7	
1	69	3	413	9	
0	93	3	26	6	
1	9	1	533	1	
1	39	1	1337	3	
0	50	5	358	9	
0	52	1	69	3	
1	67	8	1322	3	
0	53	6	350	1	
1	80	2	486	2	
1	38	7	225	6	
1	4	5	357	5	
0	99	3	1345	8	
1	73	1	229	2	
1	85	1	736	4	
1	38	5	394	4	
0	87	3	516	2	
0	31	9	487	1	
0	24	2	301	3	
1	19	3	1268	2	
1	33	1	1269	6	
0	4	4	871	9	
1	4	8	1241	2	
1	71	6	906	7	
46 110 119 100 132 179 11 182 30 197 173 191 90 6 91 120 126 155 123 160 17 135 8 84 45 14 39 4 182 28 2 97 80 74 158 192 45 194 168 143 82 42 69 83 96 117 112 174 89 43 195 144 11 23 89 34 171 175 2 119 184 76 71 61 167 116 142 131 113 83
96 67 84 182 122 68 124 166 44 123 15 162 96 30 65 98 185 37 19 192 45 43 70 9 38 73 30 145 139 103 142 146 79 192 125 148 29 129 84 21 110 50 86 16 196 158 92 127 113 54 58 184 191 75 192 25 36 74 3 76 11 30 165 79 7 66 23 32 185 131
111 102 87 186 198 144 20 34 157 178 123 172 172 87 34 17 185 161 11 144 79 145 108 104 90 79 2 37 48 129 33 74 182 19 94 95 12 159 95 172 8 68 73 72 181 122 163 68 77 38 193 101 30 72 16 113 108 83 84 40 170 47 59 45 171 65 183 92 36 11
53 95 140 122 131 136 73 97 78 157 71 9 195 77 128 37 146 11 64 141 12 3 58 181 176 7 30 168 22 194 81 70 144 68 186 173 153 84 143 95 26 143 43 186 167 1 147 27 159 9 106 11 34 115 160 124 125 34 9 88 77 122 61 154 112 74 18 15 110 182
84 87 171 162 132 20 7 103 26 118 48 63 1 114 123 193 153 14 40 199 96 149 64 54 175 166 67 102 116 49 154 153 79 65 167 49 90 196 49 166 146 135 177 133 200 140 30 132 96 53 186 74 187 184 116 87 57 119 2 28 71 74 13 190 19 195 87 88 174 66
134 48 106 62 11 129 90 107 128 88 90 1 124 156 116 88 91 127 84 106 62 36 110 15 110 158 123 184 110 25 200 31 150 4 100 1 99 31 195 8 123 169 133 36 36 60 112 48 66 123 112 127 174 84 82 34 26 63 45 34 28 168 20 142 14 70 164 126 59 193
163 178 179 102 32 1 129 178 110 128 49 75 105 92 49 176 54 31 73 188 78 100 28 57 110 69 26 162 155 162 73 195 184 82 35 184 199 147 121 154 103 150 133 153 19 21 35 34 187 75 156 184 140 182 143 91 61 65 5 76 115 112 15 162 65 104 103 185 153 53
188 65 3 197 36 92 165 157 129 158 7 129 27 104 28 113 144 199 122 63 54 179 178 200 1 34 148 178 151 27 174 183 82 149 1 35 119 151 149 121 137 148 178 11 171 16 186 8 50 158 123 171 137 103 168 132 190 123 36 142 79 82 149 75 154 56 23 165 154 78
158 90 20 191 190 144 14 200 63 31 58 145 83 147 88 145 74 52 125 108 197 176 113 132 126 93 117 55 120 36 72 197 1 38 84 58 166 66 173 75 173 142 55 35 93 8 167 125 113 54 141 156 80 8 28 17 73 108 11 183 71 167 124 72 65 159 96 185 101 159
121 78 68 161 58 83 36 165 17 155 115 154 85 49 17 154 36 165 142 79 151 68 74 118 13 126 15 118 5 154 82 21 200 59 145 45 38 82 65 165 114 41 134 183 41 105 10 53 80 68 86 65 106 123 42 64 6 88 45 58 42 137 59 183 28 75 142 16 197 190
76 53 21 125 92 158 165 7 107 141 126 50 132 115 179 151 154 12 145 176 199 131 163 86 184 46 55 143 52 144 51 61 121 84 27 13 13 63 129 10 181 152 9 40 163 199 137 54 85 74 177 32 24 179 181 130 14 108 53 84 194 135 70 168 55 132 79 5 108 107
121 155 53 75 199 196 5 86 136 107 66 173 60 157 126 84 91 13 156 167 135 88 84 81 30 14 157 47 192 134 158 196 131 84 5 114 41 41 95 140 200 146 13 182 25 123 181 166 56 170 10 123 2 115 198 163 107 104 116 75 60 175 124 171 93 24 185 20 180 91
166 58 181 162 123 184 196 15 72 76 93 162 123 34 53 56 167 34 99 105 17 151 112 18 60 74 71 189 28 3 190 78 150 116 94 152 29 199 91 131 41 61 98 42 63 39 188 185 63 79 68 186 138 2 126 51 76 172 152 28 145 137 111 72 94 12 131 182 87 188
7 125 50 167 100 76 24 130 133 102 88 139 31 26 150 95 28 16 42 133 49 95 150 18 48 80 79 174 166 171 17 143 23 177 31 140 74 131 60 139 39 49 67 112 194 153 164 71 14 200 103 39 80 58 169 19 64 96 83 22 186 62 163 83 89 9 72 20 33 59
190 73 146 80 143 54 195 13 107 75 147 11 132 23 13 38 62 199 46 124 93 119 77 198 159 148 114 157 80 146 58 76 93 190 63 167 34 67 5 130 97 89 128 22 132 120 67 112 114 89 200 144 29 48 10 110 70 143 134 50 70 150 150 32 149 35 162 101 24 65
18 46 49 40 156 164 16 185 160 176 161 101 12 180 10 13 38 131 137 152 91 5 97 150 168 51 84 5 55 144 50 179 163 41 139 89 88 141 112 55 40 32 77 63 153 180 50 78 186 74 60 134 47 91 170 191 76 58 168 132 39 153 146 186 80 126 195 143 74 197
64 68 32 26 143 153 99 141 59 193 61 154 54 188 103 4 7 182 28 82 2 65 183 100 176 40 187 190 187 62 135 139 51 40 43 123 195 15 100 154 41 188 64 166 135 168 40 36 137 74 130 66 77 24 112 129 67 145 185 99 94 110 58 107 84 5 58 168 146 147
52 23 117 185 159 186 66 162 13 38 15 161 23 8 39 8 157 49 105 72 172 132 148 134 41 192 72 145 136 20 188 84 48 125 71 197 160 112 71 115 142 9 188 136 103 166 141 130 67 12 18 132 132 195 99 192 148 69 35 13 198 118 43 59 133 33 102 148 9 172
25 149 91 163 200 194 64 145 189 186 155 145 44 144 189 147 119 186 200 181 65 38 54 78 80 63 159 114 30 86 195 189 7 182 68 7 100 44 152 39 45 171 34 141 115 41 179 9 118 128 15 76 60 146 76 61 77 113 41 125 85 177 36 51 197 58 84 73 169 1
126 119 108 78 115 177 163 159 184 97 39 13 107 199 18 163 159 148 7 2 102 162 26 102 143 66 129 87 51 193 31 89 193 168 20 127 77 171 98 73 39 163 198 159 48 4 93 74 25 161 136 200 181 35 165 43 15 160 70 83 152 90 106 175 64 115 99 132 59 157
16 128 50 38 199 20 153 163 15 51 95 115 35 122 193 32 42 176 28 35 146 16 157 181 85 32 25 154 78 86 110 6 9 79 169 75 8 130 32 38 98 18 88 196 14 71 150 5 191 63 195 194 99 113 150 191 161 40 130 1 187 157 144 25 120 147 18 115 103 79
164 149 22 167 174 2 14 30 51 57 54 159 111 171 133 198 19 128 185 15 41 183 20 99 149 24 109 189 94 143 144 153 133 107 36 43 153 137 139 35 145 179 73 47 105 86 196 114 145 152 113 82 68 14 10 29 56 47 3 108 8 33 81 26 110 135 124 196 120 89
182 46 72 116 15 6 36 113 122 108 76 166 60 10 131 18 103 23 15 25 77 198 171 84 2 133 28 175 111 194 30 116 18 136 31 145 62 133 62 83 114 57 87 119 133 86 23 7 50 34 2 4 102 78 66 188 8 4 79 26 12 100 120 18 151 18 80 7 171 163
135 16 82 147 106 102 69 181 182 198 114 26 11 38 47 113 52 21 62 3 54 11 57 127 154 42 33 68 142 173 177 36 197 49 173 199 109 174 148 196 165 182 196 179 114 61 140 37 16 74 2 35 131 135 77 99 182 199 101 77 176 62 118 98 81 191 78 129 153 64
23 82 115 48 69 114 36 87 19 188 125 47 19 192 150 179 46 1 84 47 194 19 55 178 105 177 109 65 56 121 53 25 183 114 66 49 147 17 31 83 195 144 48 183 160 44 54 98 3 22 170 85 3 151 18 39 71 144 18 71 130 27 96 139 180 72 144 158 176 156
189 74 24 179 172 40 163 192 126 42 178 93 48 195 22 119 135 198 17 87 165 14 156 195 139 30 78 157 145 136 97 1 67 93 54 186 193 170 36 71 134 18 195 161 65 184 107 169 194 63 21 58 86 68 86 114 33 130 193 43 96 26 30 193 31 94 132 164 188 155
106 185 90 185 166 73 132 2 173 8 15 126 81 168 15 47 146 10 145 197 76 166 89 188 87 81 14 94 185 174 182 197 99 41 23 134 158 100 133 121 15 42 104 24 29 138 2 170 131 88 67 152 137 119 197 103 125 65 85 126 142 19 83 177 46 113 85 125 69 93
159 142 195 144 126 33 89 128 38 195 25 109 24 23 165 67 118 111 110 97 199 46 20 86 151 93 192 172 46 141 13 145 133 196 72 178 91 63 15 189 151 159 198 168 122 142 102 184 115 184 198 194 108 15 103 81 161 37 112 26 87 23 157 192 39 38 190 157 130 146
94 181 28 199 123 76 71 125 48 168 176 111 46 26 142 16 18 150 72 6 113 198 107 20 60 16 163 137 10 131 25 132 56 71 189 32 64 117 96 124 91 114 142 69 125 54 57 199 154 116 132 166 137 43 36 109 84 156 92 64 192 175 10 109 4 25 56 109 167 61
24 121 2 62 54 166 49 55 189 176 82 163 104 55 175 166 34 51 186 35 193 76 52 11 152 168 142 108 115 180 26 115 23 99 9 172 47 25 99 6 109 39 96 84 151 135 158 132 56 32 157 11 147 120 89 2 106 136 180 133 199 72 53 40 180 68 149 123 50 195
184 39 19 147 55 168 130 141 20 31 92 139 43 132 17 190 188 124 72 55 12 81 105 114 55 169 155 102 119 50 125 193 32 52 1 182 36 159 56 30 2 145 56 97 165 193 89 151 85 87 91 106 188 30 157 45 176 112 147 77 77 120 141 127 93 137 65 44 190 49
140 26 82 68 40 56 154 114 70 137 161 64 109 70 165 39 114 21 11 7 20 122 179 93 114 102 103 13 137 25 26 176 69 68 162 170 159 87 180 167 51 82 79 189 71 141 143 190 2 105 105 64 40 167 137 19 119 23 143 165 197 150 181 13 7 37 137 134 188 107
23 26 82 95 53 195 105 79 153 77 75 148 56 87 15 118 184 28 132 128 80 54 69 63 83 198 181 37 92 70 97 7 94 148 84 67 2 156 199 136 115 146 187 125 98 120 6 161 26 9 36 17 198 174 99 142 103 75 19 94 149 39 136 136 46 46 82 183 77 112
149 115 200 4 113 21 16 63 189 137 130 149 18 34 145 6 159 129 41 184 117 94 171 68 99 25 57 11 96 196 178 136 124 171 128 103 160 164 17 35 161 115 95 137 95 112 121 77 161 96 71 71 57 12 129 97 126 167 21 52 135 69 112 87 86 114 76 55 49 85
44 188 79 101 188 141 139 58 43 194 62 80 196 149 197 119 113 113 167 105 94 10 20 56 33 119 116 191 161 36 31 10 14 82 182 28 52 161 187 135 82 59 158 172 125 15 50 162 63 86 181 109 119 129 184 36 184 65 192 137 14 142 198 137 96 190 193 116 118 179
134 41 35 102 109 79 137 40 75 93 149 182 21 144 128 192 115 109 80 148 39 138 116 28 138 14 133 107 154 180 75 79 43 54 25 140 15 159 188 146 108 163 174 144 144 99 135 49 166 102 16 128 24 92 156 145 13 113 126 60 118 77 17 115 95 162 74 145 37 72
81 200 102 170 30 188 31 169 110 26 149 7 179 65 65 121 80 115 194 79 23 188 117 38 154 188 16 112 96 178 73 33 195 58 120 104 129 57 123 136 139 122 60 141 72 140 3 69 149 85 18 98 152 197 25 141 160 194 32 59 21 25 64 191 177 159 7 29 105 87
98 178 138 77 156 13 79 193 187 95 87 96 51 118 43 200 22 159 28 179 19 134 183 33 158 82 88 142 184 90 163 90 131 185 135 86 125 106 172 42 125 189 24 182 82 53 23 77 185 121 127 107 83 8 73 169 48 191 5 121 29 38 195 21 49 178 30 45 163 78
130 179 60 132 24 98 19 66 36 11 164 84 63 144 58 30 181 76 25 162 39 172 3 97 123 17 27 116 96 150 158 35 172 44 116 56 132 32 174 3 85 177 108 54 147 51 130 54 180 177 179 2 86 74 180 85 71 134 7 132 157 47 56 166 44 133 97 7 49 167
147 18 142 146 27 31 23 132 194 88 191 81 182 51 131 86 83 152 200 200 17 132 177 65 24 161 1 8 113 54 55 38 176 106 83 77 81 104 130 7 83 51 136 29 119 38 94 39 71 155 145 11 158 185 189 22 132 36 43 103 177 80 36 71 33 131 117 117 101 160
43 35 126 121 32 195 107 123 170 118 8 11 7 121 35 135 155 42 175 172 198 189 6 25 72 165 149 163 129 31 4 21 142 112 39 111 86 94 121 95 142 180 123 166 167 139 72 45 135 46 29 138 81 26 126 149 76 39 45 173 82 133 192 186 176 18 111 115 198 16
38 131 19 9 88 194 109 138 170 198 125 57 65 4 152 117 139 57 67 129 20 58 175 171 33 157 91 26 193 68 99 155 169 148 14 28 200 143 157 129 177 17 106 104 164 10 193 36 12 124 10 3 27 139 152 37 14 77 134 144 147 75 140 53 176 32 63 170 76 149
32 175 3 165 58 150 156 36 148 56 120 23 108 5 150 48 167 167 28 139 5 153 167 46 95 66 156 5 93 193 70 162 67 69 158 200 5 160 19 82 16 189 171 107 188 103 114 58 192 168 147 25 58 26 39 128 82 76 54 182 30 127 113 94 21 156 27 95 190 147
193 151 94 54 137 104 71 65 64 194 36 188 131 157 139 51 153 117 126 148 106 154 110 84 116 99 45 73 157 28 121 56 60 57 3 150 128 67 41 11 103 73 33 40 94 6 150 74 152 143 27 144 73 35 75 17 10 197 174 80 6 169 120 37 131 53 91 162 19 148
97 46 107 83 68 99 58 62 44 147 116 25 54 26 6 183 111 50 19 109 78 106 72 167 113 168 123 121 29 176 194 59 90 183 82 131 123 101 107 57 99 122 136 50 39 168 142 132 31 183 75 67 102 12 27 85 176 132 104 183 68 29 67 29 124 152 117 35 197 145
128 190 154 28 51 139 137 105 123 179 153 183 100 112 16 58 188 21 195 166 124 168 50 11 15 123 105 48 58 91 7 139 10 13 25 158 42 75 101 154 3 83 69 62 100 66 169 157 46 162 102 19 87 198 99 198 42 66 89 183 128 140 24 45 183 171 50 43 190 94
76 1 117 110 38 102 23 51 21 53 156 63 149 41 74 171 101 49 140 3 99 179 148 71 79 117 124 128 135 140 167 6 162 158 68 158 154 178 176 34 129 4 15 75 149 130 93 49 187 185 99 60 100 88 102 87 1 189 75 178 140 128 82 152 15 93 79 35 170 124
63 97 186 84 187 83 106 124 194 42 38 167 14 106 155 38 48 138 57 186 78 138 157 75 93 159 106 175 72 67 128 169 115 56 98 195 166 11 118 151 189 112 19 47 200 43 14 91 103 3 57 162 4 48 106 153 17 63 41 133 73 104 27 182 64 21 120 113 69 123
144 43 139 187 121 87 45 8 75 198 192 87 193 151 182 122 30 45 139 73 85 162 172 6 110 56 18 43 22 6 193 96 34 7 80 50 78 174 49 138 91 149 51 184 98 22 188 105 14 32 178 134 44 113 79 86 3 41 12 25 18 148 71 123 13 174 105 55 193 133
31 82 68 11 81 78 124 63 114 183 137 128 101 88 140 48 161 71 105 93 97 194 58 166 181 63 192 124 193 148 75 83 171 113 127 153 37 147 44 64 173 111 191 100 8 101 187 35 135 99 94 146 10 191 56 153 38 175 72 112 116 52 82 140 123 155 126 175 124 104
19 69 12 33 18 143 96 64 145 182 8 12 68 19 132 155 152 159 133 7 104 59 198 53 148 21 101 136 89 20 142 198 171 105 135 200 191 42 160 45 130 5 31 30 79 191 29 183 17 88 160 109 140 39 154 196 79 184 72 122 196 91 88 34 97 20 53 184 16 99
186 144 15 37 167 151 59 170 171 36 180 152 40 36 120 30 71 138 46 105 59 174 120 200 138 87 153 4 102 112 21 33 192 5 199 67 131 116 99 158 140 72 65 200 168 158 54 184 32 105 79 96 107 176 75 159 130 73 39 93 173 160 175 34 84 29 41 50 198 10
112 129 52 179 38 149 35 97 56 24 101 148 169 176 125 191 93 128 103 44 8 126 24 181 149 104 184 68 59 54 108 56 194 120 170 91 40 33 180 2 104 178 143 196 66 3 9 119 105 78 102 82 196 185 140 81 70 78 192 124 18 199 55 198 99 21 79 183 80 198
141 41 132 51 141 59 187 105 61 34 126 5 134 37 11 128 193 134 100 148 91 118 181 189 150 100 27 27 147 131 68 152 195 55 50 136 148 163 115 135 112 73 136 60 69 170 111 41 147 143 188 163 97 95 108 146 53 81 192 160 20 122 152 1 196 161 181 144 197 95
100 143 50 154 14 36 35 138 54 65 40 122 10 97 154 163 123 157 106 24 31 102 85 94 95 23 102 26 75 111 1 98 186 46 155 112 116 47 131 102 39 62 81 17 16 9 26 136 157 196 37 59 89 64 87 152 89 96 180 93 73 138 143 54 61 157 171 83 118 125
155 137 46 134 100 197 61 171 175 33 37 132 178 131 69 157 157 69 13 140 22 156 163 119 103 21 15 193 95 90 101 37 186 55 146 57 93 36 164 42 184 153 148 51 121 27 68 188 92 50 96 106 18 112 151 69 4 2 30 36 173 194 107 72 40 160 76 200 37 47
90 160 44 21 96 157 195 122 193 6 92 170 143 115 101 165 111 26 71 151 35 145 187 94 2 185 156 71 154 77 135 176 62 189 177 176 129 178 158 74 64 128 177 136 111 156 5 134 194 158 156 189 12 176 110 51 121 54 54 193 61 35 176 94 117 145 48 102 96 189
49 43 20 189 116 71 37 70 62 144 33 36 101 171 128 56 16 165 135 195 154 15 39 28 47 156 170 199 24 171 120 106 111 102 188 4 5 14 200 26 25 172 136 52 146 92 190 23 145 55 23 34 103 98 112 58 14 189 162 111 83 113 67 112 59 44 168 181 188 161
135 93 85 117 68 111 143 184 36 48 199 57 171 182 94 8 174 41 7 65 9 103 109 114 66 167 178 111 165 93 87 131 136 24 8 187 48 101 23 159 65 103 134 189 164 101 69 45 158 105 102 6 26 15 165 111 42 132 57 191 5 196 28 191 25 73 172 142 110 53
178 101 190 156 186 53 30 110 164 97 170 63 33 198 125 121 157 33 7 86 66 87 25 181 70 28 18 159 129 183 4 80 23 164 157 35 71 99 83 177 31 94 171 42 37 3 179 49 54 88 175 44 99 70 5 200 162 155 187 15 111 18 142 178 125 1 167 175 75 183
89 161 38 49 133 120 174 106 69 86 34 173 115 151 71 119 153 58 59 189 172 9 63 56 67 198 125 23 50 159 19 164 129 150 137 111 159 121 94 133 90 130 89 135 124 52 11 118 14 103 127 42 140 94 28 58 176 172 133 196 33 68 32 62 4 33 165 191 197 105
93 101 123 126 71 59 59 121 21 97 150 199 19 51 99 132 77 61 178 128 198 43 16 196 185 13 168 177 118 65 39 167 171 157 29 133 41 107 169 68 107 91 124 95 27 154 112 32 9 22 191 180 191 170 160 80 3 136 101 141 121 30 22 65 190 17 39 132 172 143
96 103 97 181 167 56 93 174 61 64 159 175 44 172 121 150 53 112 128 33 23 192 156 57 196 34 96 170 103 139 167 135 72 127 125 62 11 119 143 21 174 43 116 28 57 15 75 37 168 190 174 126 141 7 124 163 28 10 119 16 151 52 23 135 68 190 82 123 21 40
200 165 131 125 113 93 76 7 154 37 52 199 109 12 133 35 16 58 26 25 11 137 127 148 35 54 42 124 193 86 159 116 125 107 152 184 145 62 131 175 193 173 168 172 130 119 162 105 183 48 85 40 78 84 52 87 18 175 36 17 85 149 143 150 196 79 81 29 62 144
84 108 179 195 136 27 199 184 176 6 6 19 34 165 88 114 40 78 76 142 163 119 130 183 114 165 18 17 194 167 154 197 153 19 146 118 79 177 136 115 62 79 185 65 190 20 61 195 176 106 196 63 48 162 140 178 174 187 165 18 134 22 129 145 114 90 52 53 117 88
147 109 170 173 43 100 167 36 22 58 12 69 25 173 188 78 197 135 38 75 78 199 45 128 85 98 174 115 9 125 44 40 147 58 26 107 69 27 65 24 43 89 81 43 197 181 166 183 24 199 63 85 180 137 121 180 193 9 36 6 190 183 188 187 185 81 40 72 33 143
95 11 87 25 151 82 114 142 98 3 31 70 95 11 195 107 194 88 181 46 138 124 29 93 151 70 67 180 31 143 134 91 114 88 20 111 153 183 189 120 113 84 73 127 26 123 2 40 73 173 29 46 10 48 63 90 66 169 35 70 162 96 25 46 69 61 147 61 94 57
179 6 164 59 194 138 16 181 48 51 69 126 187 152 5 82 17 29 50 91 84 194 57 133 167 155 128 75 19 27 199 26 141 92 87 187 44 128 50 151 147 36 39 127 15 80 149 32 50 199 85 130 176 174 145 170 95 6 83 67 176 125 60 97 45 152 142 185 23 92
197 104 190 75 140 42 93 127 193 69 195 200 188 185 82 139 64 9 178 34 149 110 160 130 112 90 145 14 24 131 76 184 147 199 5 1 150 141 89 5 30 164 78 164 184 76 64 11 93 177 20 52 83 5 110 89 141 2 172 101 104 94 103 124 66 198 193 67 122 64
12 58 184 18 176 81 190 189 31 72 46 111 181 31 189 79 21 186 45 133 120 17 194 194 171 164 77 17 48 53 123 48 10 119 181 49 19 3 57 108 120 180 13 193 130 148 27 160 14 23 197 70 158 69 24 124 162 17 184 196 51 49 79 72 74 92 103 44 133 175
101 124 80 85 44 61 150 4 8 183 88 49 15 171 25 100 72 168 169 173 77 25 75 120 30 74 55 160 86 173 34 118 198 174 169 66 114 85 113 141 132 100 10 106 110 76 132 10 192 9 45 74 41 162 40 119 130 197 155 70 112 29 79 72 56 132 1 50 73 172
