40 	
26	35
0	4	8	3815	7	
1	76	1	1884	8	
0	67	2	3371	3	
0	15	1	633	4	
0	23	4	27	7	
0	73	5	2745	8	
1	55	6	434	2	
1	73	6	1695	9	
0	89	7	3785	3	
1	5	5	2032	5	
0	83	1	1434	7	
1	67	5	268	8	
1	24	2	362	3	
0	66	1	2150	4	
0	43	8	96	8	
0	35	4	1319	7	
0	45	4	1019	2	
0	67	5	2769	2	
0	54	9	1791	3	
1	23	9	2443	2	
1	15	2	1325	8	
0	44	8	2766	5	
0	6	1	753	7	
0	26	4	2504	9	
0	35	9	1623	2	
0	86	7	744	7	
0	63	3	555	1	
1	81	4	3512	2	
1	35	5	2476	2	
0	47	4	3493	2	
1	41	4	2569	5	
1	99	4	1525	9	
0	70	5	2435	8	
1	39	3	407	6	
1	66	7	796	8	
1	7	9	1642	4	
1	81	8	3680	9	
0	33	4	2614	8	
0	24	1	494	3	
1	57	3	1413	5	
68 151 4 103 57 186 85 114 172 49 85 170 73 117 163 185 146 140 128 127 179 148 139 131 176 125 76 21 100 99 80 66 62 190 3 192 172 54 187 104
104 61 104 109 70 117 127 141 85 188 171 107 63 39 179 107 22 105 177 16 35 123 113 32 31 34 29 108 64 149 75 126 153 139 93 113 165 28 134 69
153 140 131 62 111 102 197 150 28 175 61 109 43 7 10 128 9 132 150 80 162 176 129 188 114 72 78 55 170 123 83 89 160 174 146 54 113 9 185 16
97 168 46 51 37 36 134 80 121 117 59 200 116 52 93 4 25 42 30 13 99 80 118 126 158 182 7 96 166 30 88 40 68 181 186 198 44 61 23 52
50 81 158 114 29 188 151 4 190 27 175 59 88 95 114 162 194 89 191 153 116 101 31 96 61 119 116 47 193 126 178 143 54 122 191 20 50 182 170 20
173 162 28 172 131 67 34 148 143 132 137 46 179 17 133 191 88 191 137 49 53 13 188 59 176 127 91 123 73 131 198 138 157 68 159 122 84 158 86 171
32 198 173 199 19 175 39 45 54 118 146 188 100 178 6 193 1 158 55 150 163 116 99 48 45 65 57 109 26 67 45 10 10 82 186 175 161 111 197 164
114 129 157 81 113 170 109 13 61 159 75 134 176 94 179 191 55 8 170 69 174 167 33 145 7 96 198 169 174 106 165 82 143 94 175 18 93 160 166 149
135 23 196 124 141 65 110 180 110 197 123 66 15 77 92 95 170 199 191 59 117 154 178 181 2 177 184 30 49 192 91 199 3 40 5 170 95 184 89 149
178 161 164 198 14 15 17 25 187 172 92 158 97 121 63 150 15 56 163 105 152 168 179 86 178 106 174 193 65 149 62 85 150 11 28 72 110 25 122 131
31 133 185 96 176 183 134 36 183 152 102 107 167 77 159 136 82 56 195 13 93 96 159 48 46 143 189 112 71 82 58 161 145 164 160 6 195 193 120 192
129 25 86 32 168 5 131 60 148 119 90 194 19 13 173 90 32 146 191 167 158 103 199 33 160 110 133 185 144 183 12 38 85 19 82 193 141 6 143 107
33 138 181 178 72 146 107 31 135 103 125 106 47 13 9 157 34 48 34 103 36 154 138 31 119 97 144 102 158 77 84 142 103 163 126 144 162 180 106 13
165 182 200 127 61 90 132 60 48 92 161 85 135 197 48 91 196 189 72 171 160 117 4 176 177 35 182 84 21 167 6 74 98 55 134 34 38 188 126 107
72 85 40 86 140 43 192 89 44 191 40 104 61 59 122 143 34 6 114 186 144 170 81 53 49 163 148 84 56 143 128 126 124 174 130 175 81 144 104 8
113 100 186 24 123 23 8 41 78 57 62 84 53 1 87 151 197 117 196 25 145 44 81 182 157 43 53 92 95 146 60 108 142 168 72 51 163 13 120 151
29 25 62 186 111 120 48 117 168 128 71 30 108 127 8 157 175 36 83 113 198 142 159 102 59 41 72 79 45 124 27 188 71 70 165 81 166 184 5 153
199 60 78 95 52 91 124 178 105 2 64 69 193 108 159 83 104 192 140 135 139 65 199 180 184 25 23 174 85 127 75 180 149 23 124 190 80 40 92 48
135 58 165 94 186 45 123 188 46 3 68 153 166 171 155 42 186 48 128 199 147 120 169 166 85 117 70 41 50 117 66 61 183 23 152 193 97 170 8 180
18 69 46 35 64 104 148 169 34 65 75 3 65 179 139 143 191 64 5 23 49 125 170 126 110 80 187 178 3 141 64 53 99 175 74 140 2 99 163 112
93 13 59 35 107 15 143 55 194 109 25 55 64 162 38 37 59 66 178 44 116 154 10 24 118 83 168 157 17 39 86 140 68 82 87 22 88 11 136 155
144 118 92 32 2 26 27 161 175 22 2 93 176 166 156 138 199 60 83 39 114 61 132 135 184 200 74 185 81 135 57 56 96 76 126 167 174 48 148 106
21 154 100 165 119 17 196 191 113 146 50 151 100 48 86 39 146 88 126 146 167 106 156 6 93 117 14 36 175 83 125 111 150 162 64 137 150 166 194 78
92 24 46 148 68 151 28 95 150 12 18 157 11 22 86 14 190 127 136 34 154 6 132 34 164 48 56 173 104 61 170 192 179 29 76 15 7 70 179 13
173 81 196 36 118 39 158 24 144 49 63 126 164 147 36 82 168 102 26 49 66 105 138 167 139 155 85 90 8 20 124 30 102 34 126 3 110 126 60 77
58 185 5 150 150 43 60 27 147 60 113 79 67 12 200 7 172 24 125 124 195 185 19 113 90 36 109 4 103 131 18 112 182 117 182 30 117 149 178 42
57 6 140 80 173 49 133 112 185 179 107 122 104 179 43 113 41 26 134 72 103 10 26 23 18 31 2 133 135 90 181 25 96 173 35 3 49 93 120 39
6 128 100 45 32 58 128 174 130 182 22 95 123 1 117 1 56 194 75 48 81 104 39 151 100 2 41 136 113 166 111 77 85 8 155 146 33 83 35 44
86 42 151 43 40 124 55 181 95 14 16 195 95 144 69 121 95 71 185 18 31 6 187 62 126 121 175 134 95 182 135 55 156 172 149 40 105 96 191 14
45 60 79 171 33 71 127 171 193 65 13 114 80 33 146 93 167 118 170 12 132 124 141 47 1 50 40 85 163 93 161 53 47 27 184 185 11 165 179 89
184 9 159 137 199 152 4 109 135 77 21 130 64 2 50 56 182 47 99 30 154 114 199 83 21 114 111 123 116 1 138 149 74 3 39 65 195 66 159 82
155 194 38 27 51 181 14 80 64 188 34 163 7 4 72 136 160 56 120 146 173 70 126 32 117 141 175 1 95 55 86 111 60 180 109 44 19 66 186 174
95 21 7 192 148 74 38 74 139 175 79 75 129 41 190 127 111 28 54 143 20 171 74 198 169 174 85 37 38 123 87 160 126 8 160 127 132 149 24 117
197 56 42 16 174 13 136 167 45 135 93 26 69 90 196 152 88 160 47 146 151 121 94 151 121 190 81 14 170 69 169 96 133 46 130 59 42 119 132 72
8 98 159 55 179 187 169 100 113 151 116 182 73 46 117 121 86 85 75 39 194 6 19 183 19 181 15 139 47 46 39 57 165 45 122 138 50 30 38 139
140 31 125 186 130 89 141 119 34 42 52 147 21 106 83 172 82 106 108 151 40 101 147 94 42 23 78 197 157 28 58 13 81 30 109 3 39 145 19 188
31 180 55 70 177 77 12 166 120 92 84 168 193 45 88 1 170 42 176 64 146 23 175 101 118 190 148 137 117 14 91 191 187 34 190 25 87 61 132 144
23 152 62 68 127 103 193 31 160 184 175 189 188 156 1 124 190 43 162 155 41 3 175 89 171 152 74 72 171 52 31 69 195 108 161 124 64 45 23 54
81 37 90 121 161 132 156 139 37 145 55 136 171 64 148 199 198 161 96 99 10 96 68 82 48 86 70 147 42 31 17 11 165 15 44 141 110 133 142 97
129 124 75 113 123 177 140 70 177 179 1 143 8 46 26 111 145 190 16 154 65 149 63 17 56 109 183 20 36 2 10 141 93 171 54 65 168 68 45 196
130 18 53 38 175 27 136 128 1 10 115 12 170 114 67 120 130 87 40 109 59 182 91 157 34 189 44 132 63 67 185 103 120 149 108 181 42 145 49 93
