60 	
15	16
1	4	3	0	1	
1	7	3	88	9	
0	1	3	271	8	
1	8	4	199	8	
1	4	1	1	7	
0	6	5	393	6	
0	6	4	140	6	
0	5	9	464	1	
1	8	9	144	9	
0	9	2	411	4	
0	5	8	77	1	
1	5	4	446	5	
0	3	6	114	5	
1	8	3	233	4	
0	5	7	434	2	
0	3	1	424	8	
1	7	6	447	4	
0	3	2	4	2	
1	5	3	214	8	
1	9	8	81	2	
0	2	2	170	8	
1	8	6	125	2	
1	9	6	406	3	
0	2	9	190	8	
0	2	9	174	2	
0	5	2	26	7	
1	9	4	214	4	
1	5	7	65	9	
1	8	1	208	4	
1	4	7	142	4	
1	9	2	57	3	
0	7	6	221	6	
1	1	3	284	9	
0	8	7	460	2	
0	8	6	308	5	
0	7	9	233	3	
0	7	4	339	6	
0	6	6	169	3	
1	5	5	249	5	
1	4	7	26	1	
1	2	7	373	2	
0	8	3	119	8	
0	1	9	56	9	
1	1	9	19	4	
1	1	5	43	4	
1	8	1	32	2	
0	6	9	452	6	
0	3	8	405	9	
0	6	7	347	7	
0	8	4	312	4	
1	1	8	130	6	
1	1	8	234	2	
1	5	5	176	4	
1	3	1	193	2	
1	6	8	115	1	
1	7	3	336	9	
1	4	7	353	1	
0	2	6	355	1	
0	6	4	114	9	
1	5	8	214	5	
58 107 180 193 163 180 131 157 67 15 155 10 2 161 186 2 136 91 28 188 33 138 10 56 65 24 68 143 87 44 48 152 106 27 118 128 68 153 67 40 124 54 148 61 22 160 109 193 45 71 176 31 65 35 76 158 18 153 151 139
155 183 99 148 113 193 115 169 94 115 78 98 77 159 110 129 121 191 33 132 161 110 42 195 64 96 181 127 35 185 165 122 110 62 76 70 92 114 183 45 154 135 87 81 145 30 38 122 44 193 31 169 89 39 53 89 92 33 73 55
181 41 169 83 80 129 2 78 35 195 17 108 161 102 164 105 83 65 4 34 189 111 44 105 177 7 168 189 59 193 144 114 166 103 169 179 139 34 55 132 62 148 131 14 36 175 30 59 111 93 125 21 147 25 16 72 163 122 22 179
94 135 39 101 154 20 154 127 112 131 200 69 56 52 86 133 113 53 113 114 125 9 199 48 156 68 103 16 22 15 43 51 191 56 97 39 117 88 156 66 200 37 169 120 179 197 76 82 73 159 156 10 166 200 170 159 95 141 154 130
40 108 37 22 19 117 69 75 96 63 30 16 2 136 92 29 128 11 14 122 183 83 191 69 113 76 156 145 60 140 9 184 42 122 179 37 90 156 45 119 95 118 83 52 147 104 14 1 12 162 28 120 168 174 118 135 137 175 171 122
91 5 20 174 59 63 199 189 63 61 25 149 54 168 140 52 78 57 109 88 94 17 171 189 153 111 2 42 9 165 144 121 98 158 56 188 99 48 17 56 164 19 79 157 60 153 23 101 187 69 13 53 86 113 95 88 186 84 60 74
200 2 162 172 198 25 93 121 3 173 69 196 61 192 126 46 185 54 29 102 144 177 196 177 1 163 152 53 37 72 73 67 14 134 39 23 94 96 50 19 1 121 182 31 73 189 63 65 162 114 152 126 111 193 175 32 183 115 40 11
60 156 187 130 117 8 43 200 77 80 67 12 7 49 30 173 20 93 84 67 132 115 44 63 105 189 41 112 147 200 150 128 151 124 182 26 110 150 135 46 129 151 182 74 77 132 99 127 101 171 11 58 52 151 43 188 86 136 73 186
24 87 38 3 13 147 194 40 87 41 196 36 64 141 102 88 89 39 18 100 112 162 12 117 135 110 195 132 174 175 84 128 199 54 90 71 137 22 194 19 38 11 17 5 164 89 162 84 37 62 89 164 15 145 64 106 26 24 27 1
107 129 24 9 85 145 24 199 151 134 87 166 163 44 88 41 87 51 94 195 194 64 61 15 41 81 41 125 198 183 74 145 24 180 77 91 188 143 106 4 98 174 139 6 172 61 15 178 85 48 131 148 2 22 157 54 193 36 176 164
18 177 116 48 113 187 24 111 76 186 155 105 144 43 88 37 146 99 163 59 31 35 63 39 37 156 63 143 48 178 82 162 123 22 109 46 121 18 150 167 118 152 7 153 188 124 136 146 48 94 146 189 151 171 115 147 142 68 80 45
24 70 183 165 105 51 33 108 18 126 195 180 164 55 191 80 4 89 187 2 150 72 167 10 192 176 160 86 141 137 189 173 166 7 169 1 37 29 132 157 184 53 49 151 147 200 51 150 110 68 1 12 191 99 93 185 36 27 8 43
145 176 2 138 173 106 43 36 92 140 108 190 67 197 194 143 168 175 152 70 160 59 35 132 180 196 143 41 189 117 160 109 54 110 154 177 7 25 124 140 105 142 134 1 82 200 194 177 94 80 66 87 179 103 143 53 46 110 81 76
145 118 178 39 2 82 189 1 8 110 179 185 119 32 168 28 75 115 112 77 43 37 68 38 110 19 52 96 24 85 166 44 142 31 66 22 91 11 18 106 121 132 32 106 24 164 146 43 77 171 138 133 158 124 64 148 42 131 149 118
179 144 76 141 164 77 17 186 175 31 29 158 157 175 73 29 66 95 112 20 161 62 2 189 111 181 110 21 10 118 135 100 11 152 36 164 25 76 60 199 151 127 131 133 171 162 181 158 109 126 113 175 188 84 90 117 34 115 177 119
199 15 140 150 148 50 115 159 179 181 78 43 172 187 90 173 19 28 12 154 33 16 122 39 82 78 157 140 69 18 112 78 49 150 125 63 195 172 142 43 126 198 69 125 191 192 101 58 16 39 106 54 139 88 140 35 93 17 75 130
65 43 130 45 121 146 110 14 54 1 53 102 99 163 82 31 175 100 164 173 176 45 54 35 138 108 96 156 41 123 92 56 181 33 15 54 2 120 125 39 22 122 31 191 94 61 9 80 2 120 140 131 54 67 136 169 60 155 179 18
182 127 45 16 53 124 23 98 102 15 164 129 176 125 147 169 154 106 157 69 139 117 189 51 50 35 82 66 118 65 104 5 111 38 68 71 130 112 177 44 178 85 44 180 107 151 91 176 132 140 8 120 73 89 110 104 91 185 92 59
74 119 30 160 90 184 172 8 8 143 153 182 67 47 48 80 46 100 141 178 199 56 152 50 84 113 61 160 170 163 188 60 89 111 100 184 34 110 14 177 179 118 162 14 134 59 146 118 176 6 94 67 177 120 80 196 30 15 181 72
34 48 87 4 56 3 64 20 84 65 195 67 49 84 129 52 180 164 92 29 142 177 25 73 85 120 158 130 38 41 60 13 132 168 15 34 11 54 14 192 59 165 58 82 62 133 183 95 178 22 180 196 140 154 163 105 42 95 97 23
198 107 77 77 96 84 134 80 5 197 192 179 37 17 70 31 123 11 36 113 144 187 110 11 147 67 134 146 85 83 8 30 34 166 153 59 27 27 141 180 11 58 134 136 75 105 65 57 58 139 50 101 127 83 144 185 197 81 55 113
138 18 21 24 45 72 56 98 50 37 62 49 118 67 150 170 97 73 63 35 103 143 143 163 78 123 159 101 59 106 157 188 173 56 81 181 10 23 39 30 83 45 196 161 60 150 18 171 10 84 187 182 114 92 169 94 136 74 98 56
199 169 71 32 175 3 91 192 94 59 61 163 101 187 108 24 115 31 171 130 77 138 57 44 158 74 45 155 75 87 35 167 20 175 77 141 159 83 176 195 195 97 77 105 68 27 172 62 165 27 74 200 41 85 190 110 68 174 83 90
64 191 174 200 175 57 168 95 111 117 192 162 34 119 100 165 74 116 199 79 36 39 25 167 42 26 179 54 124 53 156 2 75 133 64 144 138 116 18 119 134 195 163 64 18 139 159 146 81 2 15 190 155 89 137 127 150 195 35 181
119 26 105 67 163 186 136 111 170 195 154 145 102 98 171 139 148 181 138 185 151 163 96 116 9 28 152 173 181 8 23 109 32 60 51 88 22 40 180 43 171 168 96 66 45 23 108 6 2 26 194 13 53 118 138 140 62 56 104 52
136 76 132 164 45 122 107 129 184 86 70 39 175 154 55 2 65 21 42 54 91 122 180 24 45 104 78 81 114 125 120 78 60 90 80 25 50 184 153 110 190 9 148 140 112 84 11 151 199 195 143 185 45 18 19 79 187 117 117 168
57 40 124 43 39 137 16 29 83 101 35 61 91 81 159 83 149 73 179 16 95 44 89 133 28 149 100 142 96 146 176 179 3 7 86 195 9 10 136 172 2 39 181 35 36 15 11 186 23 97 74 163 98 137 167 139 181 169 134 13
128 193 187 177 38 73 17 91 100 178 116 65 38 155 182 28 109 174 169 167 84 140 39 20 12 183 22 18 166 148 161 10 58 32 72 41 46 38 140 6 94 19 200 61 26 119 1 126 193 58 179 142 178 123 78 180 4 46 110 153
12 113 1 143 159 140 14 35 161 24 160 102 193 46 181 75 162 200 12 187 144 132 18 179 135 152 152 109 42 27 104 138 47 59 102 78 145 97 163 86 133 163 37 191 171 108 4 89 64 190 68 39 165 132 121 9 136 161 45 61
32 167 197 82 96 83 55 146 146 153 25 149 168 198 74 41 86 101 43 178 196 36 122 87 192 193 96 182 97 137 4 99 23 89 12 192 153 172 127 50 181 40 156 131 106 182 64 120 3 49 183 141 59 74 101 149 4 115 31 86
77 118 73 94 108 33 97 17 152 100 30 19 120 88 12 10 148 77 42 48 86 154 82 162 169 156 181 52 176 107 175 97 64 135 185 139 142 113 140 11 83 185 55 95 83 129 160 105 10 77 79 159 103 96 30 150 137 164 128 154
149 10 57 48 186 174 81 134 168 197 162 6 65 22 183 104 159 30 148 183 49 147 123 182 49 14 136 123 4 94 197 145 20 195 137 91 12 136 110 35 18 28 190 111 97 173 77 118 130 148 81 83 183 63 184 98 5 154 180 40
176 102 133 195 74 79 6 104 108 193 63 158 52 112 170 136 8 103 156 32 45 163 134 75 37 149 176 102 140 120 5 118 189 44 41 143 104 196 171 87 20 73 5 78 173 129 154 146 82 61 157 17 103 198 57 96 27 12 78 200
3 37 92 50 111 200 104 182 195 111 35 129 155 94 56 22 128 71 124 196 162 186 68 195 128 5 40 19 152 151 8 189 121 172 189 149 30 159 97 82 187 111 72 118 83 123 55 14 91 134 110 131 108 104 152 112 183 109 194 195
88 117 69 72 104 80 16 55 129 173 33 200 106 197 109 175 132 191 51 26 1 77 19 143 86 61 195 54 196 5 29 130 50 134 18 75 1 37 143 5 111 36 154 127 140 152 130 92 9 186 135 157 169 64 54 54 44 106 170 25
33 28 84 2 12 71 184 129 86 133 140 50 52 115 199 180 171 80 14 195 137 37 75 32 151 151 119 99 49 12 75 94 1 33 168 114 42 180 118 129 72 94 196 171 66 188 76 144 12 35 8 45 177 200 177 89 194 176 63 101
30 95 191 41 41 124 42 118 169 69 79 83 90 182 173 188 15 110 92 31 15 12 192 117 30 145 60 129 135 65 76 111 10 133 93 108 55 188 106 112 42 31 48 15 142 169 5 198 33 41 139 8 40 30 55 128 130 105 4 170
38 52 133 118 172 59 61 8 145 172 161 37 189 55 125 135 31 108 138 75 3 13 103 71 13 181 159 123 7 56 73 34 45 37 91 39 12 200 66 57 136 191 121 10 179 173 130 170 100 132 48 149 127 90 49 164 19 7 112 49
127 144 42 110 95 6 64 177 128 36 34 116 110 175 158 143 104 67 117 107 107 169 64 24 61 106 143 198 119 52 151 83 115 49 62 106 122 199 86 123 49 139 192 99 118 84 106 71 103 65 199 32 159 51 118 11 57 188 127 157
141 94 136 42 46 104 50 109 111 25 168 34 132 118 71 85 110 48 42 163 145 109 59 127 81 6 138 14 21 68 35 186 91 199 76 182 44 200 14 199 176 192 133 24 100 93 138 107 141 26 162 178 55 69 55 119 17 99 116 50
15 148 84 54 76 127 160 177 187 174 113 148 119 80 139 157 42 11 155 57 72 76 149 15 46 61 75 170 21 157 67 27 105 177 176 62 190 66 33 108 11 141 147 156 141 59 92 200 41 51 198 93 192 172 142 87 153 35 51 97
148 109 161 19 75 30 9 25 132 123 98 37 121 52 21 184 49 70 149 107 133 130 109 69 62 2 10 71 34 7 86 71 40 78 105 139 180 45 189 30 134 84 99 26 67 119 144 2 167 41 45 15 178 152 120 9 11 62 177 3
171 13 183 83 44 35 169 158 174 36 79 72 180 80 177 16 151 74 106 79 112 154 85 68 184 29 51 153 180 12 114 92 84 165 16 65 130 94 74 114 30 99 17 78 109 17 69 29 191 156 190 164 78 104 54 58 99 174 192 97
109 40 116 85 32 80 129 21 83 12 91 158 170 136 138 157 43 29 196 130 128 133 129 21 179 61 77 32 7 102 199 8 167 160 106 170 101 183 127 175 78 113 33 9 74 89 115 147 123 63 174 192 81 31 24 196 184 66 81 128
123 170 33 192 44 81 81 22 15 41 141 155 34 42 54 30 141 200 139 153 132 98 97 60 3 125 113 199 120 41 195 139 43 158 126 165 31 53 36 142 45 9 64 194 99 58 69 153 137 100 181 2 191 174 168 122 160 11 161 59
122 169 175 6 22 57 12 105 148 94 101 159 33 92 47 29 98 75 37 38 45 138 113 54 128 127 113 108 129 172 82 101 167 38 85 61 78 154 189 77 133 49 158 43 54 14 171 107 189 131 197 77 138 23 184 73 9 174 43 16
128 121 75 186 96 4 33 11 191 101 148 199 63 130 155 170 102 47 103 103 7 60 19 53 112 110 84 167 116 95 179 196 141 72 45 72 54 166 37 126 147 196 106 43 157 182 136 48 153 185 20 168 34 147 196 106 106 7 117 109
180 172 15 178 160 113 83 161 8 163 80 79 175 154 127 51 14 170 154 99 37 24 45 50 90 67 147 197 25 7 167 100 45 38 142 199 120 140 1 68 196 8 165 104 140 5 181 121 54 125 136 39 13 35 55 50 147 170 54 125
165 61 98 151 160 196 47 169 113 194 43 116 110 24 102 20 42 156 162 167 93 134 185 43 34 20 33 151 185 48 165 140 36 141 133 189 40 20 121 18 134 167 80 75 73 79 139 43 191 93 144 13 4 53 145 26 28 106 168 28
111 109 20 135 81 148 193 34 39 149 100 36 68 156 91 49 15 70 147 113 173 59 53 68 30 130 115 142 140 19 77 126 88 31 193 50 55 25 44 186 157 80 146 34 181 125 156 44 26 177 45 154 35 84 19 7 31 191 5 190
66 29 23 182 114 184 85 22 96 74 113 69 36 88 4 183 192 31 23 74 25 62 126 178 46 12 9 128 60 120 42 41 59 191 72 90 33 158 8 183 103 130 126 58 96 18 73 63 129 101 40 124 88 193 195 18 173 138 16 12
160 109 160 129 105 165 94 45 71 124 127 189 53 150 135 137 68 123 182 107 96 161 84 151 16 70 82 74 167 94 149 26 115 155 84 15 29 36 193 104 189 87 148 179 184 70 59 153 2 166 154 36 158 48 98 123 51 155 119 106
117 126 165 174 14 136 164 168 8 154 129 78 185 52 140 50 13 197 169 175 83 123 72 160 101 13 52 122 118 62 173 102 111 105 72 10 72 22 155 120 86 176 12 13 121 139 83 170 166 142 78 194 76 16 41 30 172 5 114 52
169 185 64 91 119 104 145 81 128 66 5 40 158 130 117 85 122 55 33 176 27 151 120 80 165 34 113 166 109 76 49 22 156 125 60 176 45 60 156 24 80 152 20 5 22 190 15 57 104 101 133 29 77 168 34 95 200 31 200 104
97 163 161 150 154 115 108 24 11 194 192 30 21 2 154 68 99 96 159 11 109 199 141 23 60 117 137 101 120 124 124 78 52 90 184 126 155 41 23 119 110 57 200 31 146 168 160 189 157 107 102 79 90 151 33 198 41 33 5 82
130 11 50 199 176 75 46 162 116 45 2 41 59 157 26 184 64 79 183 150 34 35 169 112 13 143 140 75 85 71 191 87 183 168 125 187 90 154 43 48 152 178 174 173 156 199 47 190 8 116 114 116 120 28 69 191 49 184 25 182
50 23 33 193 14 98 24 157 83 70 200 111 105 96 119 94 11 87 46 4 31 189 113 43 185 182 91 47 176 93 108 35 8 45 71 67 45 154 35 147 186 18 59 19 30 191 136 67 155 85 145 174 151 44 44 180 84 37 80 38
172 154 103 57 158 185 192 142 180 14 159 76 98 64 45 139 130 1 62 48 179 1 10 145 127 175 116 72 116 111 44 81 164 3 121 91 161 30 24 102 177 15 182 12 23 132 191 132 98 109 35 59 75 36 149 91 1 103 129 114
18 92 171 155 84 180 116 26 53 72 58 182 61 61 52 74 103 64 75 186 23 15 43 90 120 137 13 193 124 133 164 34 198 186 115 86 25 178 95 23 50 39 152 195 110 117 97 157 131 138 193 173 12 65 200 13 44 111 10 38
133 179 41 38 58 200 23 63 16 103 169 96 124 180 74 12 17 97 179 181 56 130 46 31 37 105 51 123 112 159 190 89 109 21 81 61 99 107 95 197 131 160 116 66 115 49 157 100 32 182 9 197 90 35 59 132 98 148 162 44
140 139 169 44 138 22 68 132 34 12 26 111 13 76 144 32 4 102 58 41 171 66 22 40 199 176 98 51 40 176 5 153 22 147 152 83 78 104 88 195 16 161 25 43 156 186 47 112 195 50 199 45 14 62 67 63 62 46 6 67
