100 	
7	11
0	2	9	318	2	
0	5	2	176	7	
1	5	8	74	9	
0	6	9	327	3	
0	2	9	282	5	
0	3	4	312	9	
0	2	2	347	5	
0	5	3	235	7	
1	9	7	415	9	
1	5	8	477	5	
1	2	6	400	2	
0	1	6	0	4	
1	9	1	380	7	
0	8	1	249	8	
1	4	6	14	6	
0	4	3	255	7	
1	1	1	353	4	
1	7	8	479	2	
0	7	9	204	8	
1	2	3	330	1	
1	8	7	306	5	
0	2	4	244	3	
1	6	1	433	8	
0	1	8	56	1	
0	5	2	225	5	
0	8	5	26	1	
0	9	5	422	2	
0	6	1	112	1	
1	2	2	18	4	
1	5	1	25	7	
0	6	8	127	3	
0	6	1	63	1	
0	1	4	309	8	
1	4	2	127	8	
0	8	5	430	8	
1	3	2	83	4	
0	4	8	210	8	
0	2	7	99	6	
1	5	5	343	7	
0	6	3	329	9	
0	1	7	75	2	
0	5	3	51	5	
0	3	5	317	1	
1	8	8	214	5	
0	1	5	398	3	
0	7	4	269	1	
1	7	1	416	9	
0	7	9	180	5	
0	6	9	464	2	
1	6	4	93	6	
0	9	4	176	5	
0	2	3	70	5	
1	3	6	298	1	
1	7	1	381	7	
1	2	8	397	6	
1	2	5	82	1	
0	1	2	269	9	
0	9	5	244	5	
1	4	1	285	1	
1	4	8	206	5	
1	9	2	32	1	
0	8	6	62	3	
1	7	5	45	3	
1	7	1	274	4	
0	7	7	233	1	
0	6	3	88	5	
0	2	7	359	7	
0	6	7	80	3	
0	6	6	434	1	
1	4	8	85	7	
1	3	9	441	1	
1	3	1	6	8	
1	4	2	163	3	
0	7	7	16	8	
1	3	8	41	2	
0	4	5	121	4	
0	8	4	332	4	
1	7	7	311	4	
0	3	1	475	3	
0	8	4	277	1	
0	4	6	41	2	
0	8	2	47	1	
0	2	8	93	4	
1	3	1	444	4	
1	3	6	411	4	
0	1	8	410	3	
0	2	7	397	1	
1	9	3	21	9	
1	1	3	34	1	
0	3	2	101	5	
0	5	5	81	7	
1	9	2	465	8	
1	4	8	270	3	
1	6	4	227	7	
1	9	6	1	9	
1	4	5	62	4	
1	3	6	3	4	
1	8	8	340	2	
1	3	4	361	2	
1	2	8	395	1	
68 116 87 79 184 73 128 187 171 53 160 108 1 10 47 108 40 62 34 194 140 190 56 159 177 114 125 66 112 84 7 173 42 63 129 59 183 102 153 95 114 132 37 13 79 52 37 123 133 97 46 11 120 86 114 111 194 79 37 167 143 190 162 73 194 153 124 8 177 36 103 117 191 190 137 133 161 44 4 25 21 182 66 127 32 50 66 10 172 86 197 3 7 77 181 4 154 68 190 166
151 27 103 179 69 58 80 10 17 23 180 151 31 134 107 60 136 98 146 21 7 96 49 179 45 173 64 185 12 77 69 162 175 196 22 198 123 79 153 17 16 19 106 170 108 118 147 114 126 11 2 124 116 22 102 13 196 42 70 152 85 25 117 120 122 82 136 125 169 152 73 49 146 135 107 47 143 25 110 183 179 21 185 116 6 174 98 86 52 1 138 84 56 48 41 120 135 68 34 146
188 63 105 46 102 121 51 116 140 88 19 104 72 186 68 124 44 1 79 39 70 198 80 170 116 63 93 4 112 104 178 5 102 108 186 108 193 156 48 168 157 109 84 119 151 191 114 68 79 132 114 23 182 122 75 41 54 87 45 101 141 24 104 93 172 73 180 162 180 21 103 138 25 24 114 113 144 110 176 81 42 63 190 29 86 108 101 39 24 101 104 179 105 64 166 28 136 114 77 41
42 196 102 176 165 89 158 92 39 169 109 104 154 76 118 120 91 42 141 79 85 71 66 51 4 182 61 124 128 142 127 152 132 138 20 79 134 100 116 152 143 7 133 135 60 177 9 127 18 9 198 1 36 191 113 67 132 16 180 46 154 137 72 38 192 12 19 163 59 120 179 143 101 104 92 81 86 126 76 54 30 92 163 32 2 163 68 98 176 196 80 179 12 200 16 63 60 81 172 17
198 51 61 199 94 139 157 32 181 96 185 23 46 48 182 15 168 85 4 177 75 109 114 123 189 50 103 178 14 125 41 44 14 142 191 191 192 5 161 184 120 186 86 59 165 148 28 184 97 114 187 38 12 120 82 170 60 197 16 170 159 71 54 145 186 192 21 50 161 137 163 125 193 142 114 102 95 26 174 69 100 12 131 185 101 78 171 168 167 191 152 88 167 10 25 113 89 45 70 67
52 76 187 195 23 128 16 105 70 31 52 125 173 116 47 18 143 84 115 88 45 39 37 171 120 34 194 95 74 179 35 124 112 61 34 150 69 121 182 96 66 119 165 85 9 38 39 118 14 55 84 61 144 33 157 77 88 179 167 6 195 122 53 81 43 167 105 193 169 34 196 120 79 45 97 76 154 29 100 66 183 10 161 77 12 83 102 198 73 151 41 145 47 79 80 32 35 9 82 113
30 131 18 160 59 101 79 93 15 3 74 22 9 194 91 31 143 176 23 2 183 196 41 73 185 19 196 70 8 88 184 186 114 77 75 178 100 4 81 59 104 154 40 14 98 163 39 90 97 134 81 13 88 174 129 45 38 18 12 63 107 149 123 167 79 99 54 58 196 110 155 197 139 140 175 27 186 39 189 63 89 34 91 187 37 7 169 196 174 33 80 28 88 146 33 149 4 172 81 131
27 39 107 28 60 133 54 87 3 165 73 105 4 13 151 71 12 108 177 174 31 59 167 186 133 156 154 85 59 41 101 126 45 130 18 116 117 5 123 61 118 161 194 195 77 71 166 129 174 24 138 1 113 3 58 145 10 195 158 137 148 193 154 142 13 49 63 12 120 198 184 76 50 64 166 200 50 81 3 5 194 192 183 188 116 200 160 187 134 48 13 106 179 46 190 116 9 200 154 11
86 115 171 69 13 18 91 134 24 168 112 143 194 82 25 137 140 67 28 185 194 74 104 197 126 179 57 59 122 200 187 30 57 158 10 190 139 136 182 35 53 139 36 91 9 31 82 166 57 46 80 172 27 153 101 126 46 50 173 190 149 192 149 163 160 20 164 131 62 159 127 173 133 60 105 84 123 21 116 85 33 142 17 74 40 85 46 52 85 4 59 127 20 110 136 27 149 180 130 129
149 45 199 11 39 194 103 55 77 35 119 168 91 38 32 21 140 22 27 181 192 69 123 143 11 69 161 127 197 144 74 140 18 193 42 118 186 131 44 149 25 130 25 121 16 130 73 177 161 155 134 180 148 24 98 5 28 2 134 25 55 180 96 91 20 176 161 183 38 84 38 102 59 29 181 164 191 160 171 6 171 124 65 107 82 155 2 178 43 86 68 123 89 76 63 183 23 129 123 192
15 41 72 86 88 52 81 40 133 8 181 157 54 171 17 34 123 70 199 121 188 85 21 30 30 137 99 161 21 131 30 26 97 105 96 91 160 35 21 124 111 45 83 53 182 145 193 154 75 158 174 188 146 135 35 169 80 82 147 102 16 99 46 6 39 56 58 96 129 152 10 94 117 120 188 142 26 46 156 67 191 177 17 8 86 5 73 119 172 42 99 28 34 127 9 42 152 41 76 87
186 169 46 27 59 29 185 21 51 38 148 68 123 139 100 45 75 148 116 45 183 167 77 59 176 129 2 136 78 28 9 194 173 106 189 83 13 155 165 1 149 158 35 13 107 184 89 191 172 166 133 81 48 78 183 87 3 6 166 21 23 68 115 133 82 67 188 67 18 23 47 65 63 67 27 193 84 97 131 20 134 71 104 75 71 168 51 139 75 87 172 155 4 30 80 34 140 31 56 12
76 149 94 185 8 95 200 4 152 25 178 5 3 42 200 140 21 18 67 179 186 21 46 195 2 195 20 134 178 77 142 57 197 16 31 170 147 74 160 46 34 169 103 116 117 115 61 189 167 192 189 18 166 157 157 151 167 104 10 61 108 126 81 120 5 167 85 170 74 115 86 120 129 61 13 62 177 149 57 71 154 2 85 51 78 179 56 126 102 52 134 198 153 58 51 52 188 134 22 102
148 47 80 107 141 122 82 137 188 177 38 75 127 123 101 66 146 118 111 120 129 100 167 17 45 149 18 196 10 78 137 5 159 173 140 30 144 93 44 167 112 20 32 158 127 21 35 53 16 87 180 177 3 151 139 52 107 89 142 129 191 149 129 18 8 123 9 158 164 25 186 39 12 155 100 90 54 123 43 96 129 4 34 115 74 194 95 11 73 92 62 76 8 126 6 59 32 161 166 169
165 5 42 84 177 8 90 78 38 178 63 154 104 26 56 156 107 180 7 174 70 99 9 107 123 95 31 131 18 114 147 97 161 66 128 107 96 105 155 111 42 3 12 119 72 15 70 168 140 22 164 51 64 55 58 97 150 165 46 141 126 146 37 121 65 9 129 58 72 30 26 109 167 109 32 152 75 148 69 27 91 171 104 82 43 27 95 166 24 91 28 26 69 22 130 58 57 73 126 47
107 59 78 29 173 123 125 29 17 152 83 174 107 68 102 5 181 45 159 35 40 189 118 70 91 8 169 132 109 167 194 71 129 14 185 56 141 118 200 154 136 193 78 199 158 63 102 4 103 79 195 39 154 20 70 92 159 2 197 36 71 45 146 85 198 193 36 155 143 100 50 21 48 3 60 140 82 160 190 19 163 121 51 117 87 137 65 40 106 123 11 62 196 113 133 46 96 78 2 79
129 114 74 40 80 44 6 143 118 8 158 89 167 4 48 1 45 2 86 188 185 95 129 12 12 198 185 82 102 45 11 175 190 188 10 16 36 179 123 116 68 47 57 42 145 134 195 91 93 22 68 190 75 192 145 149 66 4 154 124 167 142 106 173 53 114 8 34 44 128 41 109 106 189 91 12 59 179 149 68 48 183 173 155 76 84 101 162 78 47 157 39 132 78 85 115 47 90 61 170
33 79 137 102 124 100 165 98 37 93 11 3 142 91 199 17 60 102 193 42 17 47 62 184 104 176 80 38 180 166 134 180 43 172 42 93 33 164 109 137 7 11 13 37 4 131 126 160 62 8 195 12 72 140 144 57 34 186 191 111 6 81 28 52 117 27 83 7 112 45 47 106 48 99 32 6 77 98 200 197 26 185 118 118 78 61 181 143 124 143 40 164 173 123 43 88 136 128 62 100
66 185 31 139 195 32 195 80 28 168 28 104 119 112 152 178 196 182 41 52 123 27 23 71 104 132 100 158 156 61 133 144 129 62 65 73 143 91 184 188 1 56 67 10 127 28 8 131 41 76 74 125 130 128 194 184 30 125 94 74 9 179 136 137 64 110 27 171 110 85 26 186 91 182 5 4 114 66 50 143 43 3 54 187 119 7 168 124 84 192 140 89 71 74 182 176 113 34 65 173
152 80 47 89 61 109 142 76 166 16 118 26 27 160 108 22 142 150 193 40 131 27 43 102 148 184 198 51 64 5 157 128 164 31 182 152 189 58 151 46 121 88 134 56 120 140 63 176 141 161 28 181 73 163 38 180 55 174 163 176 177 165 122 106 75 95 71 94 158 143 88 139 98 25 176 117 14 191 131 187 183 189 147 79 154 19 189 187 121 55 161 9 125 146 182 134 49 125 81 83
159 50 194 12 100 136 182 130 116 195 50 170 48 72 123 7 112 102 175 139 11 143 166 1 119 144 90 34 144 155 120 59 21 3 32 113 3 160 196 138 197 69 121 144 3 140 115 55 50 33 109 7 104 167 200 193 105 97 168 170 62 21 127 55 66 143 179 10 140 38 145 166 16 65 22 20 94 46 80 69 132 77 146 175 33 135 89 63 199 192 191 26 58 15 169 74 152 9 111 42
106 79 176 164 182 121 10 69 10 19 71 86 65 36 122 153 107 175 105 182 70 120 89 139 41 82 128 110 164 12 80 14 171 117 104 89 117 154 34 189 125 186 64 23 19 18 67 175 197 12 174 148 197 141 110 123 134 98 108 79 198 37 14 61 182 145 83 122 182 9 86 6 73 91 14 13 147 186 9 127 118 123 165 74 166 125 175 155 52 127 102 134 43 54 181 120 168 108 193 130
117 154 93 53 32 140 23 88 54 115 172 38 78 63 35 158 144 52 124 180 174 3 174 175 188 80 177 78 31 36 73 75 175 60 189 82 198 70 185 193 40 96 4 161 92 165 78 40 175 186 146 6 175 153 29 129 102 179 141 56 109 175 50 73 137 39 73 175 101 116 163 95 23 129 187 59 50 3 26 83 151 73 165 66 27 147 86 36 74 188 170 100 4 7 105 143 190 136 125 23
37 1 73 129 119 140 93 137 106 137 6 56 106 175 177 38 138 73 4 113 158 155 189 100 36 85 69 127 179 103 106 192 155 26 32 99 183 196 17 182 79 119 130 67 56 82 91 48 62 53 118 138 49 67 30 157 35 75 93 8 173 91 120 99 87 118 199 154 175 184 7 141 10 74 194 170 100 169 173 164 184 146 164 11 100 98 160 152 167 40 6 198 1 133 23 69 23 129 6 176
164 157 194 30 140 38 13 48 185 124 104 24 100 136 171 168 124 120 138 36 180 123 110 69 116 199 173 69 4 140 4 134 190 29 126 135 92 106 134 109 21 101 132 103 143 1 2 134 182 189 100 58 180 109 170 141 105 146 200 60 37 116 20 138 199 84 187 37 105 82 141 34 69 72 185 123 106 86 138 93 146 106 119 177 111 136 27 187 27 178 125 15 138 118 11 6 35 186 162 195
72 2 68 161 188 157 103 65 191 28 9 107 166 167 112 177 52 161 104 26 159 76 168 101 133 10 195 26 149 156 17 143 2 96 169 174 31 181 135 9 89 65 79 158 169 71 139 166 194 12 65 179 8 52 48 69 118 104 117 90 62 174 131 41 62 34 104 164 20 132 130 149 122 24 66 126 87 146 65 169 101 45 153 51 139 176 78 148 38 78 48 132 87 137 15 190 185 176 42 9
139 142 109 192 19 145 34 131 146 23 62 22 110 61 23 22 113 72 102 21 23 156 39 84 143 72 19 41 82 14 163 167 11 156 89 3 34 188 27 82 179 90 32 162 93 59 170 80 27 170 29 98 200 169 141 173 80 86 163 186 194 39 108 177 29 115 195 117 39 190 77 96 130 177 115 199 31 28 87 52 137 47 154 8 160 50 15 82 10 42 59 116 72 4 16 144 9 24 157 190
117 69 86 73 159 105 185 85 120 166 124 73 49 125 9 1 56 109 118 97 112 178 185 77 39 83 104 42 167 194 150 193 84 142 197 193 20 17 23 3 66 97 31 124 173 194 37 38 188 117 35 82 179 87 126 142 55 12 132 100 163 171 111 108 160 133 83 156 65 152 21 110 4 176 104 195 75 99 23 56 96 126 125 7 20 63 34 48 79 82 119 32 96 67 16 183 132 100 28 75
25 57 82 70 136 96 143 169 77 104 111 17 72 195 26 133 61 195 192 130 15 53 32 60 152 35 49 193 107 93 148 69 62 36 11 185 133 6 103 125 76 97 114 116 1 86 146 54 93 10 57 143 189 192 170 197 143 60 66 134 118 165 85 174 90 200 151 84 80 135 98 177 60 174 79 153 102 62 54 48 66 2 27 28 200 68 130 80 26 13 122 183 76 199 177 63 179 42 113 140
92 189 76 134 187 66 89 76 8 146 168 88 145 26 113 112 163 95 56 187 182 75 87 46 193 159 160 39 129 133 109 181 117 157 56 157 118 125 3 110 157 27 172 5 58 196 128 109 78 169 153 139 185 123 6 13 145 147 146 6 4 77 186 142 99 137 23 28 37 8 94 181 106 88 2 86 179 102 2 36 153 106 110 24 154 116 15 128 182 198 120 40 162 117 133 190 37 83 94 42
131 133 162 108 31 122 136 78 82 199 125 115 74 9 162 144 116 190 22 101 11 25 101 58 149 198 100 63 184 129 80 102 142 127 73 186 134 143 145 67 49 137 141 45 111 184 86 6 28 46 109 142 153 187 109 31 129 101 158 96 81 27 91 25 127 72 75 96 86 199 159 95 147 130 68 59 162 102 186 158 152 141 105 17 34 154 100 184 155 33 10 127 53 49 28 120 89 158 4 61
154 92 192 197 152 26 48 182 100 17 19 87 192 90 156 88 122 110 3 51 59 55 38 123 87 184 186 141 164 74 182 139 24 131 191 72 189 13 27 35 117 9 98 59 146 149 21 166 49 10 12 140 52 20 194 170 3 164 19 128 59 139 199 60 150 143 181 52 89 180 43 110 41 132 152 167 73 87 51 122 24 129 63 107 133 11 40 178 17 141 84 144 18 45 90 10 3 124 128 14
118 174 172 52 56 136 49 70 140 39 73 173 39 168 46 175 183 145 170 38 135 98 4 114 62 200 176 175 153 115 18 9 77 19 133 142 63 100 101 118 63 159 37 153 173 10 98 119 1 170 166 101 179 124 78 187 35 78 125 156 1 57 197 145 134 49 21 84 152 63 67 33 59 193 196 30 119 30 47 104 108 64 59 76 132 195 94 18 196 79 30 190 104 163 41 55 171 20 47 102
189 173 167 130 68 58 103 93 180 27 156 38 191 168 55 186 147 131 151 14 75 131 162 70 52 3 28 8 176 179 21 105 4 171 178 185 152 92 77 14 115 185 194 137 75 47 133 109 146 100 130 108 166 127 120 19 53 35 68 146 94 134 37 142 41 176 46 197 12 91 68 137 48 120 127 82 105 181 176 37 99 103 7 86 146 63 100 68 3 134 54 1 2 151 62 76 182 65 21 86
139 117 88 40 12 51 197 181 103 167 57 64 199 82 162 9 36 89 7 102 100 87 110 43 2 185 14 113 3 141 61 138 198 16 173 35 94 185 132 63 57 111 192 97 93 88 36 133 104 117 138 170 136 32 81 3 129 139 18 107 130 31 94 85 39 4 53 115 183 108 168 192 86 26 112 25 172 102 68 198 135 195 24 109 140 191 97 79 55 139 29 147 200 32 20 102 64 60 175 14
189 72 113 65 174 74 165 47 33 183 23 174 23 83 190 106 95 121 92 85 118 94 14 188 141 74 104 190 107 91 84 54 179 188 158 122 111 145 113 96 121 66 155 84 15 73 33 30 119 9 162 67 105 150 178 154 39 195 143 106 173 173 62 37 7 108 165 81 45 149 115 83 154 17 13 132 80 66 118 140 10 175 45 82 120 174 56 25 19 145 88 32 14 157 112 187 130 105 136 115
97 9 169 49 134 178 134 51 145 198 103 60 3 131 116 142 38 81 10 136 4 175 138 78 27 128 169 153 149 142 200 1 57 186 120 48 173 50 190 5 170 120 199 179 35 99 39 8 60 27 185 18 81 95 37 197 87 9 113 102 160 39 9 8 135 148 27 189 20 41 89 6 98 4 94 122 88 187 21 27 19 73 107 128 193 27 94 95 197 25 159 98 34 193 105 121 48 103 12 87
140 118 74 174 33 188 67 162 108 118 66 17 175 132 100 57 25 140 94 163 58 34 89 60 51 169 45 37 100 31 134 37 37 77 90 134 193 135 181 99 47 75 146 35 148 127 173 90 137 186 87 121 110 141 111 114 115 32 59 134 24 182 45 116 152 155 96 75 52 66 43 41 85 101 196 102 69 38 16 170 139 178 177 122 178 107 14 185 50 144 162 22 29 60 188 149 64 63 47 119
58 31 87 27 182 158 74 55 64 170 93 96 49 163 157 68 146 177 134 47 82 117 60 172 128 156 48 125 122 176 49 86 166 189 152 41 17 54 179 186 23 104 78 144 128 30 177 77 87 175 79 62 34 23 27 160 122 147 97 49 149 128 99 181 63 142 133 25 141 119 73 6 199 68 27 167 195 6 99 83 19 101 192 158 119 104 27 19 63 151 183 172 161 129 100 21 130 106 101 17
55 187 107 40 115 30 150 152 41 142 200 125 194 8 25 3 118 97 60 158 108 122 95 139 87 80 98 85 60 94 178 17 174 157 96 40 197 110 34 15 102 93 159 140 51 155 66 89 116 167 135 106 13 163 9 31 78 91 179 20 145 144 127 192 34 92 27 159 12 117 99 75 79 172 110 98 21 118 26 108 22 170 128 83 101 143 24 53 29 59 183 195 120 128 100 129 67 169 35 170
162 91 12 4 116 144 110 149 18 57 199 64 100 92 198 154 92 61 64 58 38 97 161 98 79 134 153 153 19 6 165 107 93 45 5 156 93 13 181 198 82 152 181 115 134 133 108 132 104 168 153 13 188 67 12 66 107 71 125 112 194 161 171 176 77 28 125 56 2 28 53 135 40 3 38 76 176 5 54 79 185 110 51 136 83 41 193 135 19 103 152 53 190 53 85 41 176 173 198 161
163 78 191 43 51 178 187 191 29 96 64 155 114 69 170 51 45 167 185 186 167 10 22 157 41 48 100 56 116 179 37 195 56 105 122 29 24 130 159 103 148 137 120 31 131 165 158 124 169 108 146 1 125 172 60 86 16 177 111 52 143 153 96 56 148 181 107 112 182 175 117 110 47 185 123 153 137 175 7 8 62 44 38 12 12 71 83 65 173 7 153 180 98 106 192 90 110 197 149 103
28 120 182 32 170 153 49 185 175 63 74 130 14 131 81 158 46 196 44 10 169 129 184 129 166 55 179 192 83 53 75 156 46 70 189 42 83 70 182 70 49 82 8 147 153 25 150 85 39 164 177 29 73 184 131 75 74 49 175 128 125 181 49 27 148 101 63 75 40 85 189 89 54 139 28 93 150 140 47 65 171 190 142 139 170 87 72 126 60 51 155 128 127 4 88 38 147 92 186 186
121 127 190 101 3 29 128 65 138 95 190 30 41 118 160 199 132 166 113 190 61 175 162 16 59 25 52 78 39 135 179 37 36 187 192 40 168 9 108 37 143 129 140 143 62 101 163 20 196 110 181 76 58 100 124 125 1 162 194 38 114 174 101 172 50 110 37 53 55 77 82 200 135 42 148 22 85 43 171 69 79 61 66 46 144 9 81 94 120 129 2 98 154 180 8 101 197 12 58 94
21 195 31 129 61 192 44 153 5 35 147 148 92 104 198 73 23 140 30 176 181 74 105 150 132 40 127 52 21 121 170 142 35 100 129 138 86 66 86 131 28 114 14 92 133 85 46 123 192 102 137 55 79 36 131 60 19 123 168 87 162 102 149 162 160 157 78 153 3 115 14 81 6 172 167 62 95 109 179 105 23 104 7 140 47 55 4 86 198 103 85 105 8 98 158 41 79 192 47 28
150 169 34 111 110 70 184 136 97 176 195 80 54 175 151 122 58 29 114 60 110 149 67 186 191 79 47 151 93 85 43 56 195 11 113 7 102 186 10 46 122 41 166 192 47 186 140 176 187 20 161 123 132 22 37 170 154 60 61 75 124 132 193 38 23 74 129 82 30 159 74 39 127 140 136 2 141 71 155 152 145 25 23 76 199 156 25 127 11 106 47 200 73 9 116 125 3 12 114 78
171 85 154 164 5 182 141 38 152 104 70 40 105 172 141 88 69 59 174 10 151 17 191 117 6 31 98 16 174 140 123 19 12 88 72 24 194 63 181 73 6 102 75 177 157 38 146 126 168 193 185 170 102 196 34 133 56 156 18 56 120 18 199 156 37 118 1 135 200 197 17 32 63 86 126 164 39 110 48 182 166 4 116 154 116 102 158 115 126 175 56 110 41 12 173 88 160 29 116 199
128 81 36 22 69 34 160 90 114 165 106 91 181 148 19 147 143 174 144 61 169 68 145 12 182 167 176 99 125 194 75 113 154 109 83 12 55 172 154 4 101 2 147 60 178 180 134 116 138 136 153 63 130 171 181 155 127 113 190 20 121 171 138 155 71 53 135 132 56 41 170 64 119 105 77 119 193 173 189 49 98 194 2 16 88 150 164 199 70 150 21 145 36 118 64 110 34 186 114 98
102 198 18 7 81 94 23 180 60 191 27 118 154 34 10 71 62 45 194 191 34 128 41 9 56 50 71 4 45 106 190 87 153 106 58 33 12 17 135 101 5 57 44 164 51 106 68 137 72 35 124 80 193 32 101 121 132 56 104 177 17 96 155 162 69 142 140 31 45 198 120 192 96 117 52 90 119 130 177 71 151 32 14 159 37 166 112 47 118 48 25 29 110 4 105 177 17 164 65 116
54 187 176 191 3 166 121 98 29 165 173 198 111 116 107 118 115 43 101 153 104 148 149 35 197 24 32 102 43 187 129 64 55 144 127 126 49 158 86 37 78 131 17 142 84 111 63 100 26 61 75 163 67 6 71 196 131 107 96 97 146 2 128 183 44 159 63 66 173 63 116 183 24 199 185 167 199 115 112 142 71 156 139 180 155 60 41 21 42 16 40 196 119 143 150 40 191 6 103 197
3 44 62 147 73 186 101 49 83 50 24 13 63 67 126 157 112 132 46 59 175 149 26 74 97 159 50 74 161 114 63 43 183 187 18 183 94 69 118 52 149 149 154 83 88 151 13 40 23 146 64 122 194 184 120 135 70 25 81 59 87 10 86 186 104 164 194 2 62 141 62 36 3 160 108 145 115 58 45 139 84 123 129 189 144 165 133 167 189 65 61 113 155 26 120 26 30 103 29 49
129 54 63 97 135 67 27 49 74 64 112 94 53 38 23 181 169 28 171 105 172 50 141 100 123 50 10 56 15 183 35 167 99 86 160 37 68 120 45 111 36 9 43 161 137 40 48 89 13 103 130 110 43 157 159 167 163 150 88 128 175 110 125 116 3 125 166 147 191 127 5 78 57 136 46 78 54 171 166 67 172 46 35 61 141 141 34 57 147 153 50 67 175 44 86 120 28 41 152 120
166 66 12 45 172 178 126 134 12 28 4 6 149 52 74 14 31 151 16 37 176 11 54 38 73 70 163 183 113 3 92 129 41 194 187 145 120 160 45 180 106 200 26 128 55 171 74 105 180 179 70 171 8 80 126 90 146 140 63 82 3 71 175 3 15 36 199 132 44 32 120 193 146 62 17 79 126 79 17 174 18 157 35 158 147 115 198 169 116 121 129 12 175 138 76 7 8 4 19 122
25 61 185 55 136 27 135 153 137 5 109 16 100 160 71 79 137 53 21 155 163 163 68 129 64 76 81 145 121 88 85 57 9 114 85 161 42 43 78 45 184 55 84 60 39 53 164 39 150 127 45 129 22 83 146 117 107 55 49 65 22 18 34 160 119 102 171 200 53 14 75 84 189 200 184 48 38 166 13 4 47 200 18 38 152 171 151 116 69 93 35 15 197 43 143 123 99 136 20 45
147 56 17 194 45 168 140 13 141 13 27 139 30 140 58 57 40 191 60 16 164 19 116 81 69 110 101 103 160 17 30 122 28 194 10 46 63 64 8 150 80 96 179 135 40 170 68 104 100 35 106 112 130 92 181 112 26 18 28 102 5 160 149 16 129 5 158 183 31 197 37 68 112 170 68 81 153 194 141 101 173 179 189 176 159 97 98 147 97 141 162 159 181 124 188 45 43 27 97 144
36 141 156 70 159 162 26 187 71 137 41 152 174 7 181 110 193 39 165 79 71 189 115 165 55 49 33 97 17 129 48 45 140 46 161 180 95 55 118 79 132 64 164 76 87 149 175 107 186 19 162 171 60 170 9 53 69 48 22 176 156 123 114 15 33 143 169 102 172 113 108 152 88 25 129 49 46 191 29 156 126 12 147 184 97 64 124 94 97 35 142 112 42 120 124 83 8 48 174 105
3 107 51 123 62 131 67 111 112 159 171 196 67 98 46 191 28 186 144 107 22 127 51 190 178 182 110 29 120 125 22 89 39 57 61 129 63 10 195 60 109 193 166 102 83 84 179 30 59 127 93 146 156 26 74 66 96 80 133 90 65 134 193 44 89 48 178 193 61 23 135 28 170 85 16 32 146 167 16 20 140 24 77 68 4 123 90 62 22 71 114 32 99 40 200 121 198 169 116 21
142 78 149 94 88 174 1 95 127 197 108 62 33 56 81 77 3 72 179 150 65 192 122 67 150 99 155 189 195 153 72 188 166 42 184 195 100 194 101 74 182 124 87 100 18 94 126 65 189 7 31 117 181 191 123 200 132 91 119 99 20 36 36 105 24 90 197 123 118 55 14 110 76 151 142 154 166 100 116 69 99 111 168 63 136 89 189 142 25 87 156 182 6 141 79 197 96 12 194 198
182 112 199 47 192 48 193 53 91 3 57 159 73 33 18 157 66 94 90 132 163 21 191 198 47 56 163 178 35 86 54 45 46 42 2 134 28 167 84 6 97 117 175 125 111 70 61 5 181 87 108 115 12 96 7 34 118 173 135 185 51 49 34 187 14 108 89 48 153 63 87 109 2 94 33 71 177 157 132 167 165 150 91 151 3 39 165 134 33 55 138 92 109 29 126 105 81 73 65 169
68 7 79 194 17 164 176 128 168 144 96 104 117 83 52 70 84 121 184 159 39 178 68 172 124 57 130 44 97 25 39 44 176 27 97 3 157 121 135 68 125 80 135 89 19 69 15 105 164 31 106 151 98 149 169 57 61 86 154 95 17 70 130 86 95 186 68 98 136 9 23 84 69 118 14 112 146 11 65 7 75 35 35 34 37 8 135 60 57 10 177 44 94 145 36 47 78 32 179 117
99 116 83 60 196 192 118 141 151 132 6 34 124 151 71 184 150 135 125 198 157 17 113 168 166 38 178 12 145 107 55 132 160 45 8 25 124 49 59 171 53 80 20 64 61 28 89 61 84 131 134 117 103 135 146 165 21 57 59 26 110 169 142 46 176 113 153 57 49 71 18 167 173 182 196 48 32 68 62 153 181 55 166 94 143 107 155 115 31 64 99 53 24 190 56 100 5 119 155 96
57 81 75 72 12 66 139 86 53 81 178 188 139 80 158 76 51 9 131 65 20 83 148 43 105 173 74 43 161 70 125 89 194 120 187 12 147 51 158 1 192 150 129 182 31 123 48 177 57 194 75 82 158 177 193 193 139 187 65 20 67 65 64 193 165 24 80 133 71 101 193 13 58 192 173 77 84 155 112 111 111 123 75 66 106 8 147 194 76 176 71 117 167 148 178 182 25 150 66 62
119 111 147 95 56 67 48 52 196 175 184 75 45 26 25 138 3 44 130 103 179 106 39 92 193 68 133 51 22 186 18 121 38 89 78 40 178 82 106 91 198 197 114 101 113 54 129 20 61 133 29 85 121 52 51 90 124 44 147 143 108 191 180 199 117 26 126 122 69 12 7 67 136 26 74 141 79 49 96 28 26 147 190 88 196 36 153 37 198 90 19 137 25 42 1 160 117 128 167 5
87 15 35 37 116 34 59 101 119 145 78 179 165 185 174 29 128 11 54 149 179 156 159 5 43 36 44 50 123 108 133 76 58 70 27 23 151 11 67 157 44 10 154 7 24 113 34 37 126 3 173 27 81 169 101 142 129 144 189 157 4 109 140 69 104 187 51 89 64 179 34 46 135 98 24 5 26 52 148 94 20 48 87 84 105 81 151 114 161 78 61 25 135 101 126 65 153 86 141 179
9 102 45 25 8 192 32 150 50 120 66 90 195 171 37 155 2 93 120 146 50 151 36 75 131 184 37 51 17 25 88 2 140 64 147 102 128 134 144 200 141 146 121 189 179 39 41 191 25 165 161 93 8 164 84 8 44 9 66 79 138 64 1 73 131 20 187 182 94 50 120 2 161 185 195 65 95 142 46 121 19 46 6 197 102 59 15 150 152 171 182 133 67 153 25 97 42 100 22 139
175 43 135 54 136 159 36 134 118 128 100 74 27 66 113 193 2 138 45 12 130 194 108 71 190 46 37 46 128 135 99 12 69 71 55 69 105 33 177 168 119 140 151 31 40 97 191 61 127 89 6 97 10 72 160 103 109 191 68 156 27 113 98 169 125 178 105 200 69 57 23 107 115 171 142 86 41 91 54 91 22 53 152 153 152 50 56 128 60 33 17 27 1 11 48 143 39 134 72 55
86 15 178 199 24 59 152 9 178 102 55 139 55 37 186 76 100 54 64 145 34 195 78 85 146 106 167 149 155 140 120 86 170 90 40 4 170 115 37 168 115 9 57 164 156 102 11 1 18 128 24 190 79 25 110 159 162 26 89 5 191 148 120 164 134 73 194 54 15 189 164 34 109 51 117 109 195 53 47 189 52 121 15 14 6 152 77 189 69 182 53 80 79 134 124 15 70 7 92 54
34 185 124 189 190 51 179 139 50 85 21 176 44 139 158 161 109 26 104 149 10 163 65 166 118 147 87 8 173 55 133 181 127 104 102 170 10 191 43 4 46 152 126 4 1 16 126 13 16 88 61 183 147 164 108 37 137 28 80 23 120 51 130 173 135 48 119 152 96 10 155 176 41 144 79 165 74 152 8 118 125 115 88 93 4 101 139 86 149 41 64 120 191 162 39 192 191 83 76 199
8 126 178 199 134 180 93 25 12 17 139 17 186 78 164 63 199 197 59 102 162 199 97 142 70 11 88 134 21 188 73 115 72 122 199 60 181 142 141 23 149 89 54 161 141 131 84 144 199 110 63 137 19 197 153 118 133 176 169 35 15 200 3 84 169 77 93 170 193 45 53 17 125 183 8 134 129 157 147 52 59 15 52 196 60 51 50 80 173 200 55 91 78 77 103 78 14 117 130 180
41 89 112 139 33 148 172 54 139 176 118 142 121 18 130 1 120 75 73 179 122 194 71 162 189 160 122 106 37 51 151 128 12 170 3 7 116 84 147 54 141 16 123 162 68 121 14 121 200 180 88 28 115 196 80 123 117 135 191 145 100 49 99 113 99 30 190 115 69 26 169 56 42 108 101 59 134 166 53 86 107 104 2 119 190 191 62 170 66 179 86 189 13 189 193 146 123 4 19 38
81 33 153 45 135 106 150 147 133 44 126 30 77 84 145 23 134 196 142 73 193 166 194 104 116 103 116 165 58 172 46 131 89 4 88 71 185 96 106 147 79 157 49 57 106 156 138 32 22 97 184 22 72 95 170 108 10 92 137 60 180 158 122 124 200 114 130 145 162 2 40 58 107 97 172 23 103 9 130 91 1 63 96 161 74 94 2 80 97 63 138 145 200 26 1 31 99 21 8 5
189 153 177 54 39 72 109 67 2 56 126 73 6 60 111 62 49 38 67 171 40 110 4 152 19 166 83 168 182 58 70 76 46 103 54 164 100 160 74 175 180 116 105 163 146 6 8 78 71 58 62 78 183 108 92 118 91 62 133 54 117 87 74 3 49 76 96 87 18 147 135 114 176 153 43 87 151 200 65 104 123 52 41 131 146 143 41 98 144 162 69 162 125 54 24 155 56 10 83 55
95 74 90 104 3 179 129 39 70 181 55 119 74 49 130 180 28 45 40 30 119 195 175 84 119 89 60 126 102 174 23 89 121 167 21 32 167 66 84 1 98 98 165 189 32 13 93 182 73 47 119 85 44 160 60 66 30 108 55 149 188 33 13 55 102 21 35 178 14 125 166 159 124 133 179 139 162 181 98 98 115 16 174 121 152 132 41 121 26 91 30 77 14 63 24 26 67 22 7 97
16 21 175 84 110 125 194 46 18 129 151 182 159 16 166 96 157 165 193 70 30 73 58 25 93 66 196 47 72 116 131 3 168 130 95 154 99 3 139 193 89 145 120 82 198 176 109 124 197 155 22 159 123 28 165 5 191 105 145 1 98 8 47 11 175 27 97 178 106 81 157 84 93 163 147 66 125 39 166 59 59 45 192 32 92 157 133 6 148 28 159 109 85 48 102 40 47 59 157 151
45 38 181 136 55 18 65 158 135 104 64 15 50 91 15 151 80 101 161 122 159 133 121 35 57 98 160 123 12 127 139 93 27 113 81 77 34 120 174 101 5 45 2 50 109 147 93 5 87 47 72 133 103 195 110 136 34 52 98 9 191 159 154 189 54 9 137 72 187 117 151 77 168 18 20 25 151 153 140 90 97 62 188 89 120 84 56 120 89 90 168 109 42 176 71 81 14 184 19 65
38 134 189 129 65 31 190 146 121 1 147 62 7 161 114 41 53 173 132 90 8 15 124 180 28 28 135 33 20 136 13 96 128 52 4 86 103 186 162 109 132 194 60 7 14 57 199 198 10 182 67 147 3 29 179 90 131 34 9 193 24 16 120 18 65 96 7 166 168 12 171 49 46 184 175 29 32 52 158 171 60 94 126 109 26 133 16 115 30 188 123 141 118 125 146 157 115 28 148 1
66 22 184 187 149 31 56 141 189 138 73 18 56 198 77 69 49 76 54 153 89 157 58 143 144 31 115 13 127 2 84 21 83 126 124 105 190 109 62 164 150 27 4 138 71 111 132 9 56 180 121 151 192 188 80 138 158 25 2 160 31 110 80 58 153 3 177 38 43 35 29 30 149 94 96 7 96 156 144 9 33 169 104 62 116 149 183 128 97 14 166 146 187 102 194 37 97 83 4 105
125 157 87 126 141 104 64 78 37 141 62 63 16 103 14 165 59 192 38 190 32 102 148 161 22 169 83 87 143 200 175 83 24 166 193 167 62 70 154 89 145 50 8 31 31 165 199 126 99 57 17 115 104 139 142 36 180 129 189 155 53 138 135 4 129 139 179 60 160 26 99 133 4 56 187 26 66 127 19 91 114 154 27 185 107 129 102 99 151 106 25 124 45 76 50 111 34 119 28 75
142 108 102 137 155 18 137 83 7 161 38 11 185 107 122 136 47 195 174 128 24 11 49 120 126 64 139 172 15 186 159 71 101 165 89 115 121 30 62 143 27 53 24 39 138 151 131 90 99 169 175 56 176 186 153 112 79 38 44 155 121 67 182 151 63 119 1 126 154 2 36 138 118 58 117 56 16 183 186 164 9 134 58 38 85 22 147 144 11 5 147 152 177 127 90 17 156 117 164 111
45 132 22 159 173 44 153 84 82 10 111 50 39 69 122 32 1 9 169 174 136 168 186 33 146 8 103 83 90 31 121 153 48 176 86 34 160 38 107 194 116 152 21 54 20 130 115 196 137 14 118 15 53 187 12 49 57 27 43 146 100 158 176 174 150 170 55 118 175 164 145 112 85 49 37 189 28 198 34 181 78 172 106 119 105 27 77 100 55 36 182 145 194 7 31 180 94 136 40 117
65 42 102 95 29 40 85 115 47 110 26 78 144 62 147 20 173 72 106 25 140 169 79 127 41 59 130 149 171 58 189 13 184 5 101 91 106 45 40 18 77 12 109 156 105 141 137 44 65 51 95 33 61 149 69 29 2 175 106 59 80 50 176 30 54 137 47 64 83 126 190 72 105 36 49 161 191 190 31 6 73 123 50 82 120 9 132 101 171 111 9 131 99 127 123 22 4 96 168 46
191 33 166 189 94 119 95 55 19 194 167 165 133 21 118 51 179 27 118 113 139 158 182 14 86 131 3 19 28 29 23 184 169 89 84 84 104 117 112 140 83 3 36 95 152 57 112 197 120 159 116 197 31 188 20 95 18 166 62 98 38 200 108 121 173 143 87 35 162 79 116 152 82 178 197 197 10 58 170 91 66 54 200 199 30 40 16 147 145 57 194 70 119 16 86 168 11 63 169 165
38 195 5 115 86 191 192 131 33 127 110 24 142 127 91 41 52 183 188 103 36 28 164 50 158 127 49 60 44 117 107 121 100 65 185 63 102 87 119 29 115 71 182 77 72 132 27 56 160 178 44 176 152 128 92 103 33 69 190 91 132 85 11 175 80 167 41 135 114 64 56 6 136 7 3 48 79 10 87 108 195 41 145 114 105 166 199 103 150 97 138 25 47 81 153 63 176 89 13 95
32 32 136 50 181 45 122 166 32 114 184 47 106 154 130 56 126 166 119 127 167 108 10 61 24 42 47 19 120 2 47 39 172 119 3 194 78 182 17 160 151 83 179 135 164 50 145 58 62 191 184 167 64 106 84 151 168 84 14 73 137 102 112 55 18 199 184 130 89 185 176 192 92 36 144 165 55 195 181 60 111 172 197 92 176 49 5 156 111 117 190 161 195 172 122 28 190 98 97 50
81 176 95 173 199 163 134 119 41 49 58 51 106 185 31 4 11 92 191 126 154 191 118 21 187 145 57 164 69 192 182 182 196 158 190 52 52 75 78 86 112 117 138 115 197 64 177 86 143 175 139 171 152 59 175 14 5 163 73 154 140 117 38 138 155 134 181 4 36 158 101 135 18 27 99 115 178 8 148 30 61 46 98 22 185 71 149 147 103 45 132 106 111 154 145 13 111 28 157 39
60 179 155 103 170 141 12 125 22 109 50 156 172 167 173 122 38 20 167 191 152 145 142 147 19 4 131 186 26 25 176 188 138 101 86 125 132 41 99 142 15 37 55 117 173 147 12 19 64 182 55 30 52 130 125 49 115 139 4 156 138 166 87 26 74 98 189 69 195 99 150 12 168 3 56 158 176 81 25 149 124 26 134 186 116 169 122 173 12 156 72 153 20 128 123 52 17 38 101 87
132 186 118 85 88 178 146 4 101 177 54 52 100 168 40 45 115 111 94 186 59 28 133 27 107 181 88 139 165 51 186 68 118 15 80 82 90 125 15 97 32 65 157 135 68 6 37 32 167 1 148 196 43 54 84 123 147 132 69 108 13 98 25 38 39 101 13 170 188 93 158 118 15 192 120 171 173 199 135 100 66 159 131 20 159 35 14 173 160 143 20 168 131 22 87 178 178 131 17 185
85 174 114 104 125 169 39 71 89 61 101 63 102 72 108 13 159 142 49 147 19 132 65 182 32 164 80 113 25 186 106 38 39 146 65 77 36 143 190 177 199 81 111 38 38 133 107 38 150 5 187 198 9 20 153 42 49 60 198 92 135 169 129 5 161 131 46 147 126 134 119 24 66 83 69 187 74 149 153 135 63 90 60 108 194 26 199 168 139 126 140 78 74 142 107 145 51 137 44 120
174 32 125 166 37 13 96 131 45 28 91 97 192 194 124 123 142 136 50 71 115 147 135 161 179 41 180 99 56 162 115 154 190 173 32 26 171 103 126 110 44 80 198 55 120 6 106 104 43 1 84 59 105 175 64 112 131 191 53 102 186 2 156 22 186 186 37 191 106 95 2 17 197 60 108 33 186 81 40 124 123 20 126 9 30 112 140 64 73 81 29 71 1 200 191 103 130 86 110 92
106 114 199 80 28 155 61 6 72 26 123 28 114 106 171 51 68 97 57 81 127 147 26 196 35 136 94 57 127 152 16 51 15 161 111 197 128 71 187 182 79 126 199 119 47 10 42 191 49 168 31 111 22 104 98 89 51 68 80 57 83 118 29 88 102 62 169 63 48 129 111 51 97 179 144 37 18 192 100 126 115 35 52 89 16 19 61 107 89 133 192 42 47 158 134 121 94 99 29 80
93 130 111 58 151 161 174 125 60 24 164 159 111 126 70 126 95 25 146 188 3 153 76 32 125 2 178 140 38 128 171 160 187 181 183 51 177 8 7 129 67 127 42 92 6 164 166 60 187 184 99 68 77 152 181 180 35 113 29 127 17 111 36 7 182 21 171 29 191 149 52 67 149 171 199 149 11 179 13 200 155 25 80 155 93 77 88 173 58 37 99 90 35 88 42 133 120 140 199 175
10 129 105 84 121 34 74 124 63 42 167 101 1 80 73 173 189 92 183 158 124 187 118 139 34 110 103 41 141 184 47 114 180 77 191 141 98 49 106 197 111 130 61 13 180 90 95 50 58 170 172 84 165 35 146 92 87 149 131 78 140 1 70 14 48 173 196 28 114 56 138 97 50 171 94 145 14 185 101 122 4 29 1 19 96 72 138 146 22 162 135 188 185 103 186 177 195 26 88 135
115 71 28 94 29 68 143 39 177 30 163 68 187 11 94 166 6 77 107 149 34 108 166 162 27 125 87 68 182 117 109 196 125 26 39 26 178 145 23 166 22 193 133 102 27 59 126 52 20 110 38 181 27 190 140 20 137 66 134 179 146 68 72 6 174 3 194 178 166 27 50 111 139 154 125 68 54 190 43 36 29 158 198 14 42 126 145 94 148 162 46 34 103 191 43 72 114 22 92 124
174 87 161 31 19 84 151 17 161 90 115 66 149 55 19 78 147 88 61 139 70 90 69 168 15 156 61 8 24 24 45 136 197 168 195 187 62 18 136 80 169 155 100 157 194 87 152 144 57 140 177 60 56 125 69 90 200 139 111 70 154 162 27 156 170 83 132 175 192 40 166 33 32 85 119 186 98 53 156 95 66 139 72 196 16 163 56 107 8 123 37 91 174 189 84 68 102 178 43 169
194 63 12 91 195 185 192 29 132 146 83 40 165 149 116 79 60 76 174 137 36 185 190 123 110 143 166 178 145 56 183 117 58 182 200 124 84 104 195 99 153 46 170 93 35 45 46 118 37 94 147 117 147 126 148 125 143 166 8 194 41 8 3 27 179 39 178 180 17 16 147 30 181 48 141 166 123 23 19 33 49 109 42 30 68 20 158 29 142 194 197 19 2 127 138 174 11 55 46 128
198 91 137 79 68 86 124 54 131 165 9 142 105 115 163 151 77 48 104 48 49 3 192 80 84 34 34 141 176 7 27 157 9 8 81 32 23 139 69 145 61 56 129 57 9 124 199 130 46 165 198 10 191 194 200 94 158 126 98 193 200 56 127 13 147 79 129 38 197 134 94 153 5 7 113 34 128 43 145 11 103 37 42 46 199 95 83 81 51 24 134 157 77 188 88 189 109 95 143 59
200 144 102 104 141 21 105 181 107 167 48 171 46 186 67 54 8 33 11 67 163 105 37 139 32 79 196 108 162 135 55 162 200 157 129 113 136 76 124 108 163 111 98 63 172 175 156 117 61 116 28 184 25 4 15 198 37 42 39 40 127 187 60 60 96 137 103 181 165 1 142 97 110 103 95 150 27 198 188 42 4 94 29 105 138 134 78 57 126 5 91 94 188 44 66 98 95 183 138 185
192 71 100 108 131 103 110 38 80 138 118 151 194 184 95 191 149 189 26 90 37 95 28 140 199 181 155 96 200 60 15 79 87 178 23 123 195 167 74 15 179 185 45 123 73 15 196 185 1 194 131 45 118 173 1 130 165 165 143 3 89 25 169 122 1 98 43 187 108 115 20 90 29 71 125 171 109 91 91 56 184 163 106 66 162 19 92 27 71 143 162 111 121 163 70 129 122 180 180 74
163 159 138 115 147 181 17 145 157 161 180 66 129 67 33 190 197 89 116 176 26 74 28 150 56 114 119 10 91 16 173 199 144 6 166 186 64 50 23 98 12 55 152 90 101 54 157 104 199 107 71 25 124 2 169 188 68 36 20 181 19 59 59 31 54 129 11 145 194 49 164 67 49 19 141 148 143 190 107 37 126 171 44 55 113 51 127 47 168 98 69 183 197 88 49 200 50 130 64 139
15 93 13 17 147 168 100 139 126 67 123 105 127 68 180 16 34 7 124 138 181 90 126 72 173 57 125 56 138 7 20 157 113 145 14 131 124 108 74 193 67 166 113 106 194 122 87 91 124 184 145 120 91 169 76 4 85 73 68 37 17 30 5 132 99 104 154 81 7 48 184 179 164 166 199 58 51 43 58 130 4 158 128 198 148 39 65 56 39 180 173 101 148 52 37 199 44 191 138 16
162 4 23 88 125 82 53 65 85 30 73 137 55 7 114 167 9 107 149 39 66 14 32 99 187 124 159 114 20 12 102 174 161 25 88 168 72 26 41 113 138 28 86 105 177 175 102 139 44 113 28 75 128 104 87 75 122 181 199 126 165 121 197 61 117 166 20 88 95 34 88 182 115 147 194 1 78 22 69 131 46 161 62 107 147 129 173 86 71 29 170 27 190 30 91 193 122 127 78 39
