10 	
9	79
0	68	2	14	9	
1	14	8	31	2	
0	27	6	438	7	
1	11	8	34	8	
0	21	4	598	6	
0	69	4	582	2	
1	42	9	344	9	
1	47	3	380	7	
0	61	8	864	8	
1	87	5	850	6	
197 140 119 113 21 123 184 74 106 153
54 193 74 173 48 126 137 22 118 112
65 112 138 91 127 14 112 154 102 11
44 180 18 181 42 199 78 43 170 19
51 191 178 198 4 103 170 108 90 199
188 161 41 6 157 121 93 184 68 35
96 134 50 137 93 3 144 109 10 130
195 95 68 179 31 166 53 155 43 176
173 92 167 32 44 47 115 24 178 26
38 113 27 130 16 78 70 124 175 29
57 124 66 141 8 61 186 198 129 198
