50 	
37	50
1	7	1	102	3	
0	5	6	218	5	
0	8	2	227	1	
0	5	3	349	6	
0	3	3	44	7	
1	1	1	314	7	
0	3	9	368	7	
0	8	3	375	3	
1	4	6	113	1	
0	9	6	304	3	
0	6	1	275	7	
1	9	7	331	7	
0	7	7	345	8	
0	5	2	249	7	
0	6	1	82	2	
1	3	7	325	2	
1	3	3	302	4	
0	3	2	226	2	
1	1	2	103	4	
0	5	8	278	9	
1	6	5	229	5	
1	2	1	261	5	
1	2	7	7	1	
0	3	9	38	7	
1	9	9	255	6	
0	1	9	331	3	
0	7	7	175	3	
1	5	4	280	9	
0	6	5	187	4	
0	7	2	281	7	
1	8	5	35	9	
0	8	5	188	7	
1	6	5	160	5	
0	8	9	114	7	
0	8	8	215	9	
0	7	5	172	3	
1	2	9	310	5	
1	2	5	29	7	
0	3	2	115	2	
0	7	1	237	5	
1	6	8	308	7	
1	6	4	224	4	
1	1	2	67	8	
0	1	9	294	2	
1	5	5	301	4	
0	8	2	55	4	
0	2	9	114	1	
0	8	2	44	6	
0	3	9	22	1	
1	7	7	79	5	
169 181 155 13 87 166 76 12 158 95 140 169 168 30 30 171 99 187 25 12 25 27 60 193 74 92 43 47 86 190 86 110 12 138 22 169 45 129 146 2 110 181 73 127 89 29 15 95 10 164
143 103 134 140 129 178 143 112 71 8 41 121 97 187 88 155 98 12 14 176 121 33 81 105 33 42 112 95 91 154 188 64 106 145 193 104 20 83 19 29 18 39 43 183 11 160 1 34 118 77
168 141 121 125 145 35 187 111 88 145 66 153 80 116 142 114 187 152 45 83 186 85 53 140 145 135 126 119 11 177 124 131 54 47 109 41 126 186 64 168 27 68 128 168 90 81 163 9 5 98
154 63 192 11 2 70 194 188 155 168 166 81 75 20 200 200 115 180 146 130 56 142 51 165 135 3 194 153 37 5 20 25 129 71 72 55 16 19 157 186 49 175 88 145 151 96 177 24 32 61
100 139 118 141 173 197 199 38 59 24 188 134 24 182 30 78 44 31 159 108 143 1 97 130 95 28 155 38 129 145 87 9 195 47 30 80 31 30 106 104 146 188 197 22 131 109 42 17 69 2
78 24 168 133 166 194 188 56 136 147 1 31 115 70 82 127 24 144 180 180 134 11 46 71 149 110 163 120 4 100 5 170 94 51 62 191 94 135 86 151 32 155 48 164 57 80 149 153 121 97
178 65 191 123 94 150 98 173 52 82 125 188 7 3 41 156 6 58 108 158 83 42 129 84 100 172 91 113 14 48 185 45 140 28 104 200 64 108 9 80 13 167 47 113 107 47 18 104 15 35
120 134 140 22 162 198 166 175 17 36 3 35 27 187 123 92 40 21 166 200 82 142 88 174 104 2 45 15 97 99 40 30 82 30 137 128 47 140 175 34 179 7 111 56 4 166 45 90 90 105
53 129 191 33 1 170 144 41 154 125 6 3 63 52 109 186 83 19 37 27 186 85 168 187 55 195 162 107 45 35 138 91 155 23 153 122 151 7 113 22 111 193 91 165 131 14 19 62 145 14
55 99 113 130 8 83 23 36 1 26 78 141 36 46 182 42 85 40 90 30 124 193 98 115 191 28 16 166 18 159 150 136 101 180 28 89 58 182 29 190 160 43 88 198 59 38 156 47 51 130
194 179 160 181 115 133 59 28 190 40 1 183 112 58 61 129 187 75 190 164 1 63 133 177 33 133 76 47 90 171 138 186 162 194 179 77 183 131 37 117 24 187 114 189 91 21 66 144 145 60
200 118 195 1 1 173 28 31 78 173 3 74 149 104 196 42 56 18 99 195 17 132 186 148 121 85 29 161 199 156 48 165 82 105 151 166 156 134 52 168 174 146 48 165 9 130 103 53 130 44
72 166 11 32 23 191 101 189 156 113 147 6 130 155 24 73 188 68 59 184 197 55 57 161 145 47 195 172 2 184 116 79 97 120 177 7 42 191 59 178 22 53 100 180 173 34 5 7 134 73
16 170 55 108 16 161 176 146 44 110 65 20 68 178 122 69 98 37 190 89 18 117 43 161 180 131 164 124 124 116 152 37 171 111 181 95 133 102 75 114 17 174 42 1 161 56 118 149 122 52
156 134 196 146 182 143 46 114 10 169 69 148 173 54 50 79 146 12 16 149 185 37 200 159 151 135 185 81 161 182 42 92 3 29 164 71 60 1 124 4 191 140 37 40 132 127 33 19 162 71
196 88 33 87 108 125 59 130 161 108 62 158 91 103 59 77 54 60 88 106 11 103 117 132 108 195 180 164 147 104 142 4 196 94 172 200 100 153 129 77 53 98 53 142 32 11 195 142 129 94
185 29 139 159 178 200 73 177 149 85 179 1 22 82 82 19 187 74 126 67 56 149 28 77 8 109 166 133 128 8 117 125 172 37 104 1 160 121 182 160 67 79 134 50 167 4 121 91 59 101
141 32 190 74 140 108 35 103 60 75 197 20 140 134 155 1 66 35 127 177 44 123 117 50 137 100 131 196 176 196 1 92 164 157 116 146 39 123 162 142 181 35 118 119 60 200 153 186 145 30
155 175 84 176 50 51 180 77 176 11 152 130 70 136 50 84 23 129 114 151 104 163 101 109 117 181 86 55 107 114 120 55 46 8 68 199 50 70 61 14 69 77 133 35 93 163 180 72 54 76
15 165 55 200 101 10 57 124 88 90 83 169 28 77 94 10 115 30 147 36 160 157 172 108 15 106 86 68 22 11 112 59 102 11 111 188 175 111 57 107 64 133 193 111 104 57 77 137 68 53
116 38 87 16 1 132 148 6 124 125 35 73 17 19 145 70 154 104 196 83 161 21 48 40 184 58 79 56 162 40 102 194 125 142 180 164 99 2 49 96 66 177 75 47 151 103 162 123 131 82
96 6 84 87 87 155 94 106 192 153 137 84 25 171 82 167 34 169 103 175 107 144 67 69 21 171 114 16 124 22 148 20 152 17 125 38 158 50 89 20 171 96 9 186 116 55 156 55 1 103
32 87 85 89 197 103 37 10 121 74 46 26 144 64 152 84 45 109 125 101 64 191 54 52 9 90 136 191 54 104 139 39 99 130 27 192 95 125 110 52 97 48 113 31 99 71 148 42 149 12
56 135 10 95 111 17 30 81 168 167 49 159 72 156 61 53 23 148 26 101 120 36 168 82 172 39 86 182 14 44 164 165 132 124 124 135 95 108 64 113 101 162 142 168 119 106 48 90 98 190
142 148 185 19 171 60 101 131 187 4 17 90 39 87 75 154 69 41 137 99 149 100 53 164 1 118 50 86 193 184 104 136 26 129 195 141 126 25 127 150 120 148 10 31 177 20 160 67 89 98
48 34 187 77 87 131 185 100 133 126 190 40 65 164 104 89 86 121 177 112 51 192 125 190 108 121 77 159 70 3 50 17 157 88 102 63 47 161 49 177 146 197 27 52 196 60 23 164 158 47
145 153 123 18 91 24 30 163 28 53 19 107 90 32 190 175 91 53 188 149 96 19 199 36 55 9 191 163 153 28 142 140 173 2 156 124 48 40 6 52 99 50 88 172 129 47 69 92 102 100
81 187 165 4 33 165 141 149 169 11 179 80 197 16 131 152 98 169 27 172 52 172 197 171 133 86 24 199 176 47 194 168 157 111 68 114 106 163 135 66 19 115 93 82 11 40 131 58 159 146
195 144 194 128 77 43 141 90 126 120 123 125 94 96 182 120 31 171 72 25 49 174 78 50 37 87 177 145 105 66 138 116 67 182 176 114 43 136 13 187 36 35 160 117 65 19 122 141 191 99
82 165 35 185 47 43 148 82 178 92 143 21 150 192 20 22 12 152 182 69 82 120 105 49 1 51 9 197 117 189 168 65 92 184 50 103 80 181 116 100 84 109 57 128 54 85 123 78 69 105
191 100 173 103 146 49 114 54 89 105 177 3 100 14 181 156 130 60 153 87 80 28 186 190 56 199 77 144 22 176 42 70 157 35 47 153 186 143 123 46 10 27 146 125 190 64 135 155 117 49
84 176 151 155 109 111 195 153 187 15 105 176 81 161 134 108 88 112 14 23 125 195 117 24 68 159 106 60 59 154 180 132 103 8 34 200 172 125 101 33 189 63 14 130 59 65 175 182 167 162
106 63 76 22 119 197 7 11 162 196 95 157 178 18 146 192 113 8 27 81 186 61 2 40 45 26 193 194 197 140 95 8 137 17 124 121 120 4 14 101 81 115 157 47 136 67 193 150 141 88
94 44 92 126 132 164 42 195 185 50 64 190 115 12 155 33 182 49 113 117 14 162 69 194 104 93 109 112 134 163 93 143 132 155 66 142 188 124 181 85 55 57 197 14 159 197 94 108 131 83
45 198 43 110 15 81 180 125 124 49 52 44 59 58 169 170 126 166 185 27 115 188 6 188 79 150 177 40 121 154 134 143 101 184 19 163 186 35 63 94 7 61 62 182 164 9 129 163 139 73
52 111 179 73 124 182 174 16 164 130 154 91 30 110 153 2 51 119 23 50 45 117 66 143 194 78 185 192 10 70 78 19 170 58 80 16 41 147 195 21 41 15 26 82 90 150 106 13 193 74
50 143 71 71 71 143 14 86 157 61 169 181 163 169 119 20 89 168 164 100 43 4 70 176 188 56 38 184 88 50 33 56 196 192 112 26 168 131 101 11 28 127 161 73 193 28 165 143 52 129
151 182 62 24 126 4 13 19 133 195 107 114 103 161 53 153 158 50 157 192 106 52 128 38 70 175 5 44 66 21 93 36 97 144 168 155 35 134 159 154 129 21 75 9 71 150 122 77 146 36
189 169 90 107 36 126 43 160 10 7 54 135 172 48 12 120 121 164 153 36 57 184 149 72 87 174 106 186 174 86 11 72 121 114 124 161 126 154 46 137 29 11 13 101 86 55 148 188 190 126
15 17 166 106 61 90 53 128 46 15 200 39 196 99 15 38 176 135 114 49 21 134 113 67 161 79 89 52 9 148 39 140 166 2 185 173 197 200 116 18 150 116 22 34 181 4 60 99 88 3
173 58 163 29 55 34 59 112 200 124 40 106 25 105 198 8 43 180 50 114 189 79 25 141 93 152 60 27 155 111 97 13 25 167 175 15 120 166 72 164 58 7 71 170 83 37 83 182 31 124
140 59 122 136 5 103 185 123 65 2 31 41 182 6 54 173 57 68 13 187 196 198 53 70 3 52 121 104 153 64 98 69 40 53 104 4 153 60 77 107 20 91 100 166 57 120 181 153 171 139
31 131 109 69 143 3 179 145 114 170 14 191 195 14 193 68 141 115 130 117 158 16 174 105 160 37 147 52 53 137 137 133 10 17 61 75 172 142 192 2 73 146 68 51 159 140 19 3 177 137
36 65 154 126 156 18 11 104 157 130 88 103 94 15 70 191 192 108 172 47 176 24 182 6 108 96 99 172 49 190 9 75 35 92 87 164 196 118 196 154 15 102 82 185 142 23 46 3 48 72
195 30 169 32 145 155 122 153 2 112 184 156 160 192 152 132 163 36 101 147 133 129 113 51 124 1 89 91 172 102 73 179 52 66 60 88 183 64 152 9 76 90 92 182 115 149 84 101 195 143
112 160 186 163 130 57 96 57 185 192 73 166 6 199 138 128 60 60 194 175 94 113 52 193 182 11 40 198 138 178 5 171 138 2 67 157 16 53 67 200 85 6 38 143 136 123 124 19 51 82
147 156 36 148 4 66 193 150 19 17 61 80 151 149 29 122 72 132 41 68 94 163 170 120 148 47 151 14 130 42 11 160 14 199 174 181 16 41 147 116 49 196 110 181 66 56 37 183 35 85
45 106 115 86 9 94 62 140 187 92 102 91 194 133 92 74 12 8 100 81 160 67 192 196 51 115 5 68 48 200 142 2 193 196 12 9 144 171 92 59 98 157 136 28 108 123 174 171 48 133
76 116 167 153 152 2 132 92 42 159 175 53 198 43 140 46 8 78 167 33 90 101 155 152 133 107 43 163 127 78 133 140 158 35 108 143 20 76 138 127 136 193 101 79 148 12 193 119 79 30
79 70 167 79 155 46 45 54 190 85 198 159 148 1 152 92 196 196 23 41 138 110 182 196 23 51 74 103 160 38 62 150 149 134 64 95 144 199 137 12 27 157 5 24 188 94 186 156 151 188
14 161 91 85 164 160 35 45 195 184 125 49 72 115 164 126 143 134 148 175 123 2 84 13 87 171 22 30 165 60 96 95 85 110 42 65 20 116 123 187 36 78 129 151 176 75 78 57 92 24
