40 	
0	68
1	29	5	1858	2	
1	68	8	2695	7	
0	79	2	2188	1	
1	19	4	156	1	
0	50	6	2276	1	
0	45	3	1467	9	
1	29	5	2192	8	
0	21	9	1256	9	
1	38	4	2941	3	
1	11	6	2822	9	
0	50	7	3066	4	
1	5	9	524	1	
1	46	7	1502	7	
0	89	2	1461	4	
0	59	5	146	9	
1	4	8	2961	9	
1	95	9	950	8	
1	17	4	1019	5	
1	79	2	1174	6	
1	87	1	38	7	
1	5	7	119	6	
0	6	2	359	9	
0	56	7	2884	9	
1	62	3	2193	6	
1	91	8	511	6	
1	56	2	1959	8	
0	70	7	581	2	
1	57	3	2922	7	
0	85	3	1535	8	
1	54	4	2485	3	
1	68	1	2192	2	
0	84	2	2196	1	
1	51	3	737	8	
0	62	6	2347	9	
1	55	8	1568	5	
0	88	6	346	6	
1	27	1	1052	9	
0	26	5	440	5	
0	77	1	1431	1	
0	49	6	1185	2	
77 133 195 2 25 160 154 118 183 186 106 130 149 178 116 124 98 63 114 167 47 66 40 65 36 135 138 15 21 59 29 3 7 110 35 158 125 168 151 26
181 154 62 98 191 123 77 2 44 139 171 175 29 117 155 19 164 3 85 35 109 183 48 130 2 59 83 180 143 139 69 83 170 192 78 23 26 60 51 131
171 58 76 25 138 192 106 50 15 56 41 30 134 10 20 84 93 65 129 149 155 10 105 166 55 58 33 67 67 163 143 142 11 132 148 155 179 120 21 2
27 24 86 54 44 121 7 32 21 32 91 86 167 70 100 45 93 95 43 3 87 194 145 64 75 16 79 143 117 36 32 113 9 179 16 34 3 47 84 80
189 63 114 142 144 172 107 127 13 113 45 13 199 106 147 11 88 170 108 166 19 179 89 153 185 95 16 116 133 137 150 166 158 30 64 183 56 38 35 73
107 196 117 90 46 4 46 29 15 41 184 186 77 133 146 82 51 6 118 122 157 71 94 111 4 3 49 41 156 49 142 65 51 28 52 57 128 172 196 175
185 154 22 103 93 45 106 154 53 138 178 181 158 10 33 31 75 177 123 91 74 134 183 88 105 81 93 25 9 120 149 36 161 146 47 147 73 124 175 70
56 75 123 190 167 35 132 154 158 169 38 195 7 197 137 166 152 198 109 108 149 109 81 40 130 106 162 92 105 97 52 138 128 72 197 110 38 53 122 1
103 176 29 123 38 33 70 137 83 113 2 26 119 57 174 37 145 154 53 134 52 11 62 59 28 123 81 167 182 186 72 58 28 131 118 20 1 63 6 180
58 103 2 129 180 57 16 95 172 154 9 11 64 138 25 114 23 113 184 191 150 62 80 113 171 1 79 121 65 69 102 152 65 82 102 45 191 141 71 36
37 74 96 185 28 180 180 123 153 52 9 93 47 151 162 46 80 49 37 171 70 183 83 51 30 45 45 60 60 144 41 194 194 185 138 168 82 86 32 20
102 51 91 142 4 65 127 149 196 188 27 87 57 13 165 30 173 52 5 82 48 15 55 75 119 149 155 185 19 84 152 35 21 94 62 39 164 195 79 186
162 122 138 84 184 152 166 48 47 170 56 10 103 67 24 61 19 104 87 20 13 28 182 170 21 74 99 190 64 153 49 79 75 126 113 161 176 117 53 120
110 194 176 65 60 122 16 47 62 197 120 83 59 78 196 46 169 70 127 100 113 194 194 195 66 111 94 33 97 141 17 97 5 42 90 53 166 154 3 24
19 180 15 181 55 19 94 152 179 179 130 136 199 86 75 136 128 190 65 175 52 38 161 187 143 19 137 184 35 48 199 118 164 156 26 50 122 81 165 94
134 196 38 97 8 48 189 195 182 84 52 135 72 4 187 3 181 163 126 91 193 165 172 78 151 83 111 131 94 176 129 160 23 3 37 75 186 84 194 166
96 71 51 115 141 134 121 102 3 33 9 23 3 103 109 174 152 48 77 16 88 111 200 41 181 75 63 159 172 81 79 190 193 32 47 91 123 1 156 198
6 121 199 11 157 151 107 188 101 102 194 73 100 157 3 32 184 114 155 76 135 178 91 185 116 45 75 76 187 128 157 122 151 196 44 8 115 73 92 139
87 81 132 50 31 49 41 182 197 123 154 44 13 160 43 130 160 194 21 150 99 97 102 197 2 149 193 145 67 62 45 29 144 99 20 173 113 112 11 1
179 24 88 106 120 175 191 151 150 81 104 171 66 63 27 80 98 58 78 126 42 191 94 93 172 86 146 69 128 192 160 80 3 134 38 36 5 42 161 198
99 1 182 6 150 64 29 100 87 92 188 44 126 14 174 170 36 162 7 160 166 3 127 60 147 159 195 41 45 141 183 118 179 68 118 54 19 121 197 13
149 176 37 188 20 87 108 49 147 177 31 125 106 23 66 99 121 160 96 34 126 197 97 39 46 183 119 34 79 127 42 104 79 150 48 89 73 33 184 140
22 93 101 113 7 178 107 21 126 109 114 108 79 67 195 116 59 89 109 50 196 17 48 29 75 33 195 126 91 31 127 107 56 154 38 177 20 56 72 182
183 141 192 104 76 161 171 49 4 119 50 109 120 50 43 120 21 199 54 154 187 53 107 173 103 20 124 195 177 76 143 49 149 101 199 200 85 114 164 190
72 195 158 50 169 167 69 176 52 146 61 17 133 165 80 25 189 89 118 91 84 13 87 129 12 131 55 186 73 3 118 134 39 148 135 161 8 98 170 11
17 168 46 115 81 86 84 120 10 44 198 31 28 167 148 68 185 93 192 29 155 76 34 108 68 132 85 54 38 65 154 194 88 171 145 103 22 166 167 109
133 87 32 31 30 10 54 75 130 187 161 29 84 25 89 154 121 198 44 123 182 28 163 92 55 171 148 147 115 45 139 63 144 93 100 116 146 29 50 107
166 146 13 181 40 153 75 123 56 121 110 64 187 105 83 112 9 158 162 164 33 52 45 37 98 63 28 146 90 57 125 137 150 42 75 171 10 90 17 87
25 197 63 177 151 123 144 171 44 77 34 99 79 143 115 59 150 167 169 103 115 157 23 173 55 118 191 46 88 190 198 95 117 43 42 161 65 39 137 91
164 151 179 29 176 85 89 80 167 84 110 99 81 75 32 87 168 6 56 20 150 61 190 120 27 152 45 125 123 183 95 12 65 121 76 24 168 161 14 126
143 89 177 35 94 118 191 116 89 148 121 112 93 15 167 69 122 192 146 34 112 15 180 89 97 187 129 138 152 174 44 32 7 73 144 60 168 91 115 13
91 135 76 69 178 69 97 29 127 133 108 135 166 79 49 22 77 78 8 29 90 22 97 87 48 95 183 158 87 195 49 192 77 133 135 100 105 6 42 94
96 143 17 28 51 126 34 32 101 161 88 4 105 193 93 8 161 193 185 110 175 27 59 99 3 87 63 155 103 117 162 159 90 89 187 28 135 68 191 94
109 165 194 88 168 31 48 191 188 129 131 116 111 28 96 2 26 84 160 119 59 155 106 169 59 135 13 184 135 84 93 124 148 138 46 89 61 188 15 97
49 142 191 36 39 191 40 167 79 92 51 128 143 170 142 35 165 76 157 92 111 188 173 125 188 27 114 148 53 170 26 93 64 99 47 137 120 9 123 6
180 30 194 47 29 50 55 87 197 30 74 83 69 171 192 106 108 150 117 15 176 113 135 154 187 25 5 171 72 68 25 79 14 86 72 27 66 20 122 169
129 184 161 5 80 44 177 31 199 124 161 11 115 108 113 38 3 38 181 64 25 64 83 190 131 61 145 160 110 64 104 157 27 136 74 143 125 175 176 89
142 191 37 100 6 65 10 191 132 103 25 157 159 41 53 155 90 83 170 101 169 35 94 173 39 154 106 4 162 95 188 9 7 123 141 69 51 33 143 55
99 180 167 167 107 102 93 147 146 133 34 117 63 160 120 61 127 142 193 101 180 69 101 102 183 154 75 41 43 181 51 46 200 120 116 161 99 11 148 114
76 45 137 25 95 72 170 141 149 169 124 152 153 3 170 127 142 114 98 125 35 21 108 161 98 140 154 95 93 154 73 195 51 7 123 72 193 171 180 55
165 158 163 85 137 71 153 139 142 86 155 199 49 198 157 117 149 167 42 190 35 135 148 173 174 78 199 186 2 43 168 24 186 96 179 63 53 45 104 175
