30 	
27	31
1	3	5	27	7	
0	9	8	48	7	
1	3	4	48	5	
1	6	3	36	7	
1	9	2	5	7	
0	6	2	15	2	
1	5	9	52	4	
0	1	4	59	9	
0	9	4	77	1	
1	7	7	25	3	
0	2	1	41	6	
0	8	7	62	7	
0	4	4	57	4	
0	9	6	67	3	
0	6	2	59	2	
1	7	1	9	3	
1	3	9	13	4	
1	3	8	83	9	
1	9	4	41	5	
0	8	1	51	7	
0	5	9	1	8	
0	3	9	38	4	
0	6	4	70	6	
1	8	7	21	7	
0	7	4	28	9	
1	1	4	18	6	
0	5	8	24	3	
0	4	6	4	5	
0	8	1	25	2	
0	5	2	38	5	
57 46 49 173 59 11 76 195 136 3 35 17 81 37 66 4 174 148 79 178 17 115 90 20 58 59 142 187 87 17
166 185 146 25 84 184 101 118 31 23 123 171 50 28 41 116 102 6 116 116 91 172 73 60 136 141 148 23 79 101
120 50 96 93 111 42 34 162 54 186 55 183 40 112 153 139 65 187 73 148 26 122 62 65 63 2 132 19 110 182
9 122 11 35 89 148 155 189 198 79 188 23 73 107 136 199 97 200 81 53 89 25 127 93 90 22 42 185 194 95
135 151 108 6 176 184 100 115 187 59 36 187 100 118 100 56 75 35 47 168 109 160 78 161 40 28 199 74 39 194
190 156 54 84 143 154 7 17 133 123 128 77 20 63 35 49 101 195 84 37 50 95 142 45 38 191 2 103 137 177
27 36 5 8 88 101 181 15 103 199 141 101 56 87 101 96 90 41 192 143 58 141 50 125 57 157 50 137 124 124
13 105 158 182 42 151 40 110 191 56 12 181 100 48 88 36 175 181 95 144 26 132 172 76 139 21 66 59 59 52
60 35 60 182 133 114 48 114 129 185 15 113 184 91 76 118 82 146 48 115 1 155 15 67 182 88 34 49 34 20
118 111 48 101 56 173 13 47 90 21 52 190 190 117 162 46 178 19 120 102 117 11 137 71 74 105 143 91 151 33
197 111 100 145 185 40 14 103 6 168 89 170 35 42 81 184 181 148 97 65 30 64 185 96 76 60 8 178 116 184
67 102 128 6 176 188 122 12 78 68 105 11 128 159 36 26 192 48 5 146 48 102 115 163 18 135 7 74 84 121
72 158 129 18 179 137 133 23 8 80 156 12 115 21 105 92 112 174 54 5 185 60 109 53 105 9 130 128 166 95
116 25 122 74 143 187 39 190 155 91 77 172 86 187 157 126 33 24 31 149 174 84 158 53 96 81 190 48 126 108
181 169 84 138 25 193 33 63 78 8 85 20 49 162 140 106 71 16 85 75 114 114 37 21 72 145 164 130 56 116
77 82 147 67 19 137 8 197 143 115 98 129 133 196 143 8 112 115 54 23 14 108 101 46 54 170 39 176 136 192
162 68 1 37 76 31 13 99 18 122 192 88 115 87 82 172 33 148 68 89 24 84 107 45 13 12 78 155 133 160
123 134 186 150 116 8 196 24 45 156 149 164 66 163 168 107 114 178 78 65 136 192 177 68 39 111 117 121 124 174
76 107 47 18 72 172 24 30 19 196 169 110 139 63 133 15 90 142 14 138 70 177 182 143 96 53 75 67 117 58
33 54 22 76 200 82 101 168 73 100 97 162 67 185 8 71 198 74 184 160 43 166 4 185 185 16 45 123 73 173
107 49 189 22 185 134 84 56 134 10 46 78 113 22 17 174 7 138 159 57 193 55 39 6 17 182 60 169 16 23
151 130 94 113 34 176 138 134 89 131 3 82 148 49 104 121 116 124 6 63 62 195 180 51 128 45 10 76 67 147
60 125 181 125 32 67 93 75 49 93 154 26 27 149 133 76 190 31 72 152 64 76 34 104 161 10 122 129 22 141
200 22 181 6 43 45 182 13 146 194 185 18 186 168 68 53 11 86 119 76 85 196 64 81 106 3 81 149 116 61
173 104 152 144 131 173 120 38 107 175 100 159 118 195 66 139 50 87 178 173 5 66 179 131 154 154 181 76 52 176
106 79 92 92 147 140 113 48 73 42 11 172 86 100 2 57 11 193 117 37 62 71 184 166 147 60 116 176 5 110
31 154 26 96 173 137 24 106 155 80 196 182 90 2 160 187 148 184 64 140 137 184 58 13 72 180 9 79 152 3
71 132 173 169 123 85 51 126 40 194 158 66 56 129 75 177 125 191 165 200 35 158 129 120 191 77 36 136 10 63
83 172 28 181 128 4 166 101 34 21 197 111 161 77 112 129 134 158 66 121 102 53 151 97 61 103 39 86 144 114
27 97 94 156 138 34 81 76 102 166 53 23 198 28 88 63 44 9 196 65 89 94 105 82 61 115 142 76 97 90
1 94 138 106 104 131 80 171 40 92 66 155 146 97 109 100 34 17 199 146 15 189 37 71 84 55 137 127 187 1
