10 	
19	62
0	37	4	236	7	
0	59	6	351	2	
1	48	2	25	8	
1	20	7	164	8	
0	40	7	285	4	
0	72	5	263	3	
0	29	1	118	2	
1	73	1	30	8	
1	44	2	195	8	
0	17	3	326	6	
30 185 144 39 164 137 52 132 123 146
156 132 193 22 127 18 118 78 73 4
88 93 8 11 124 179 8 140 117 15
80 75 85 127 181 172 178 139 46 93
110 170 99 12 81 168 132 6 97 198
172 28 133 186 94 57 14 53 146 169
47 197 94 136 136 137 59 19 104 170
194 152 24 69 44 74 12 192 28 103
65 195 190 112 191 191 99 199 39 139
138 27 108 55 58 5 193 63 3 148
9 41 45 136 25 142 184 170 151 2
