20 	
43	44
0	2	9	76	5	
1	3	6	80	1	
1	8	9	87	3	
1	5	7	71	8	
1	2	8	84	9	
0	6	8	3	7	
1	3	6	65	3	
0	1	3	43	3	
1	4	7	62	3	
1	7	7	55	3	
0	3	2	70	2	
0	8	1	59	2	
1	4	9	16	1	
0	7	5	32	1	
0	8	9	48	4	
0	5	9	0	6	
1	3	6	94	8	
0	8	9	70	7	
0	9	8	9	2	
0	7	1	49	2	
91 193 94 129 170 96 36 47 38 187 99 144 142 198 167 158 17 132 60 53
53 167 41 186 68 115 68 23 80 155 88 53 111 115 66 163 101 120 185 127
143 31 147 56 190 174 181 150 145 40 117 52 193 33 129 108 64 135 29 99
49 106 39 78 73 81 66 194 130 13 39 96 2 22 5 83 47 120 20 74
130 34 186 13 154 153 61 140 171 130 131 151 106 47 14 170 107 8 52 172
129 72 138 8 18 66 38 26 100 32 75 181 187 91 173 197 59 129 93 59
148 97 76 118 71 56 26 55 49 137 85 70 55 77 138 128 192 106 52 167
124 140 16 12 101 192 102 199 58 94 114 69 56 101 182 104 143 130 174 5
80 61 48 74 72 165 157 99 54 141 158 49 138 178 74 11 159 26 78 1
147 97 81 188 199 148 192 12 54 158 11 162 35 128 110 187 43 122 95 120
171 62 75 157 69 167 183 200 179 19 111 158 150 94 135 32 189 121 106 143
155 50 180 10 62 4 58 182 176 64 124 23 62 165 100 98 1 159 44 157
126 94 94 68 69 25 8 20 52 145 74 174 89 197 190 143 106 74 92 158
117 147 193 172 44 194 83 153 82 139 38 197 109 101 70 5 128 1 186 41
88 151 9 50 65 106 19 165 119 1 104 61 167 16 74 20 196 178 25 158
129 179 169 86 5 99 125 10 165 173 62 164 14 69 40 125 200 113 110 67
128 40 91 166 193 103 129 108 72 177 1 37 142 50 72 178 87 61 145 58
146 113 134 89 32 93 107 111 144 182 53 137 72 187 105 195 17 50 49 46
9 95 174 108 96 175 118 93 27 5 169 90 94 122 40 11 30 92 46 119
12 90 171 113 147 118 141 185 104 114 103 110 113 46 7 107 107 113 76 57
96 196 67 106 200 91 32 151 190 57 33 23 130 164 63 5 158 136 141 68
