40 	
5	14
1	7	7	66	8	
0	7	9	33	9	
1	2	9	32	8	
0	1	4	88	3	
1	3	4	51	1	
1	9	4	51	8	
1	6	2	27	8	
0	1	9	1	2	
0	6	2	95	6	
0	7	8	93	5	
1	4	5	39	4	
1	9	5	5	8	
1	6	4	17	6	
1	6	5	40	1	
1	1	1	24	2	
0	2	5	72	6	
1	9	7	87	5	
0	4	5	80	8	
0	3	4	89	7	
1	2	9	76	5	
0	2	4	84	8	
0	9	1	46	3	
0	6	6	68	3	
1	7	6	89	3	
1	4	5	66	8	
1	6	4	43	4	
0	7	5	46	7	
1	2	4	63	2	
0	9	8	34	6	
0	1	6	62	7	
1	8	3	89	7	
0	4	5	54	3	
1	5	2	6	7	
1	9	3	12	1	
1	9	7	61	4	
0	1	1	5	1	
1	7	7	53	1	
0	8	9	23	7	
0	2	6	89	3	
1	9	3	81	1	
38 150 69 60 95 157 194 19 152 142 81 18 189 14 138 118 51 86 115 175 90 16 55 23 174 200 101 62 102 68 63 67 106 113 35 142 25 137 175 160
88 60 68 120 123 54 120 164 2 45 24 171 117 26 38 136 200 149 32 161 178 23 108 154 166 123 125 65 49 135 76 2 66 48 137 140 14 35 56 193
114 123 91 131 68 35 65 67 105 8 104 17 94 97 26 138 68 127 52 98 143 53 144 166 199 82 35 36 175 39 78 77 116 148 115 54 138 135 43 98
161 183 82 101 25 200 71 176 65 93 120 20 177 150 131 164 144 119 107 18 73 169 29 197 7 16 126 23 35 56 103 6 66 111 188 53 135 44 53 114
179 5 138 198 80 135 168 123 58 43 160 26 161 144 145 96 168 138 122 110 17 19 38 100 21 84 161 57 86 194 72 120 20 66 67 63 118 62 16 27
73 145 14 122 152 117 118 196 133 73 146 49 155 63 95 32 34 138 71 113 50 14 185 166 192 82 163 122 5 41 100 40 85 136 175 138 80 197 151 59
36 31 93 103 18 165 180 171 171 101 102 34 51 121 78 163 90 24 86 46 1 177 67 184 134 153 168 70 14 132 70 52 63 58 74 127 136 72 51 89
70 156 124 57 25 103 130 141 20 194 162 16 77 90 105 55 133 123 165 159 166 154 89 67 41 132 153 36 1 111 74 63 142 64 98 22 50 40 10 69
198 127 43 160 44 143 197 105 187 77 32 178 119 146 155 1 21 136 194 143 68 148 66 191 76 147 51 79 77 138 116 95 199 129 1 179 73 101 65 108
169 52 66 125 144 171 178 54 88 187 47 83 156 29 174 187 2 27 58 188 143 160 172 200 139 69 158 189 187 114 142 161 189 57 184 186 3 40 89 15
2 192 169 21 133 69 61 108 65 4 46 124 96 97 117 16 102 194 196 34 134 97 14 108 53 14 28 170 48 176 43 190 3 91 151 77 110 55 22 81
24 106 14 88 176 53 122 147 58 2 191 55 172 197 47 16 173 25 149 135 166 136 193 84 106 125 68 69 23 163 38 133 118 109 179 78 69 37 3 17
141 122 149 54 53 194 17 1 44 131 162 182 151 3 98 11 126 32 27 77 32 97 93 57 146 171 26 108 23 28 142 32 131 112 23 21 23 90 73 8
87 93 155 41 107 34 9 79 5 182 145 57 80 163 39 66 81 147 172 92 186 80 30 19 151 153 141 89 79 126 1 19 177 106 52 174 73 126 23 141
119 59 198 152 23 10 120 95 26 135 55 36 159 172 16 17 157 36 46 145 191 14 184 42 99 69 42 72 160 117 29 125 178 139 76 14 159 112 74 74
175 22 197 20 13 119 157 91 34 100 117 173 106 147 114 133 90 141 160 88 57 165 61 1 181 141 77 100 80 35 46 32 198 86 130 192 15 77 151 62
158 131 170 75 94 189 94 39 74 148 107 30 119 84 89 155 55 176 130 195 171 130 136 99 18 40 51 52 12 118 170 84 98 48 95 100 158 120 121 21
5 99 169 135 110 143 10 9 198 165 99 175 92 118 196 36 118 66 123 126 15 179 140 167 123 47 162 173 170 146 86 133 37 90 191 139 91 19 132 143
166 112 44 112 165 176 37 107 47 119 167 57 90 136 25 4 189 10 44 171 120 44 131 37 77 148 3 141 161 143 37 174 99 166 80 115 174 66 160 182
184 162 68 166 142 126 88 173 155 167 107 75 106 200 163 85 80 26 103 151 188 65 74 189 85 118 109 95 136 93 19 4 128 151 162 100 86 153 176 76
157 13 75 177 179 125 47 132 113 197 71 144 38 20 45 59 122 69 79 156 32 83 124 110 103 37 197 171 129 22 169 111 110 130 26 86 200 72 17 116
156 64 141 22 8 17 168 133 48 64 11 138 8 33 93 186 168 87 139 102 119 185 57 189 192 69 44 31 10 31 182 120 84 162 3 87 49 140 122 86
3 170 77 87 69 27 100 195 65 34 92 159 138 120 120 143 92 8 27 98 106 154 183 2 143 24 156 130 38 34 104 107 62 56 16 187 65 3 58 35
72 81 31 39 123 157 158 18 101 196 78 167 42 84 119 3 119 20 100 130 180 44 11 63 28 156 152 180 174 185 35 93 111 15 44 90 41 83 106 36
130 121 126 148 168 58 34 42 123 56 161 82 157 66 66 42 39 1 46 22 120 165 124 198 88 42 170 22 7 19 137 71 164 146 32 167 15 178 76 95
138 68 105 87 4 108 72 134 59 129 160 70 19 64 39 170 129 197 166 56 153 86 162 33 112 118 150 137 78 150 2 141 72 93 126 99 128 139 152 43
68 65 132 159 57 176 138 166 23 119 38 88 34 169 14 41 54 98 53 20 85 155 71 163 18 31 197 106 160 129 161 22 160 89 143 130 94 143 136 14
93 192 86 57 109 58 24 111 78 174 81 183 28 179 102 117 51 129 73 111 110 153 46 184 118 179 79 36 78 115 182 158 101 187 200 190 119 69 80 181
2 39 40 150 178 5 139 55 118 177 112 71 161 102 56 65 5 80 67 54 41 107 44 9 30 184 196 126 78 31 163 49 7 192 47 25 83 24 108 6
68 15 196 19 7 186 196 177 40 171 184 16 4 1 52 109 173 21 6 111 52 134 94 93 91 51 149 60 173 57 195 69 104 5 71 15 33 120 56 29
87 65 108 120 194 123 69 115 44 181 49 12 12 96 185 136 12 80 105 88 69 145 40 109 150 18 142 159 28 91 141 38 103 178 171 178 100 1 189 176
166 57 48 19 82 11 155 160 5 126 174 175 36 109 187 118 7 95 69 111 40 188 145 111 107 101 141 124 84 123 160 181 107 148 100 178 171 25 66 135
41 195 136 34 71 127 7 43 17 113 103 114 159 14 8 26 154 8 153 92 53 190 95 168 28 179 100 173 99 27 135 115 132 167 61 91 67 137 63 165
31 62 108 183 174 105 133 195 33 2 163 61 142 102 158 98 94 73 182 25 9 162 56 13 75 19 117 59 96 172 162 50 156 19 30 116 32 47 107 164
80 107 162 153 40 164 33 191 9 187 141 4 33 169 159 101 195 130 66 59 172 4 170 66 163 182 176 159 107 17 177 10 200 28 85 88 60 91 57 128
35 69 166 106 168 37 42 51 6 132 22 172 62 100 74 42 81 11 135 69 125 160 35 179 148 33 36 114 102 88 28 196 158 166 55 131 3 161 70 187
171 109 93 133 17 1 52 172 143 116 69 161 119 64 85 190 50 148 8 57 128 2 75 88 157 67 54 169 19 61 28 196 21 193 53 21 121 46 17 88
99 108 68 95 97 99 132 172 111 35 69 82 23 165 186 183 76 191 168 174 135 143 43 171 16 155 78 131 30 6 92 195 190 168 46 46 137 43 192 164
166 26 40 190 182 192 10 38 8 57 17 12 38 48 53 187 20 1 31 144 163 95 16 97 56 183 196 186 175 162 35 44 162 12 98 153 183 162 129 191
21 196 136 132 169 177 159 178 15 136 157 162 67 27 160 58 175 3 193 70 197 91 60 167 20 123 61 25 141 154 183 165 79 62 9 198 35 39 149 105
189 141 160 39 147 176 89 46 57 105 197 104 50 32 16 64 145 43 137 83 172 194 2 199 150 149 132 111 137 168 113 134 110 178 2 5 183 197 104 195
