90 	
44	52
0	5	5	754	6	
0	3	7	767	6	
1	7	1	118	4	
1	3	9	481	4	
1	2	6	612	6	
0	1	6	395	6	
1	7	3	57	7	
0	1	3	619	8	
1	7	7	763	9	
0	1	9	54	6	
0	3	8	589	1	
1	8	9	335	2	
1	4	3	654	8	
0	4	4	434	5	
0	5	9	426	2	
0	7	1	639	1	
0	4	3	756	1	
0	6	4	361	6	
0	7	2	734	5	
0	9	4	36	7	
1	5	8	313	1	
1	7	3	204	6	
0	5	6	281	3	
1	8	7	459	7	
1	3	7	764	6	
0	9	8	222	7	
1	5	4	345	1	
0	3	7	297	6	
0	5	6	780	2	
0	4	2	183	9	
0	1	8	681	3	
0	7	1	162	1	
0	4	2	820	5	
0	1	6	756	2	
0	5	5	159	9	
1	9	2	22	9	
1	1	6	116	3	
1	6	6	351	2	
1	7	9	366	5	
1	6	3	782	5	
1	3	4	427	6	
0	1	4	771	5	
1	2	4	809	9	
0	2	5	653	6	
0	4	2	138	8	
1	8	4	780	1	
1	3	3	57	7	
0	3	7	450	6	
0	3	1	234	9	
1	3	9	316	8	
0	4	3	569	3	
1	8	8	310	5	
1	7	8	249	4	
0	2	2	360	4	
0	1	1	503	4	
0	4	3	777	4	
0	1	7	577	4	
0	3	4	157	4	
0	1	9	350	1	
0	2	6	449	8	
1	1	4	273	1	
1	4	3	205	5	
0	7	7	658	3	
1	5	6	286	5	
0	1	8	248	7	
1	3	6	478	8	
1	7	3	60	7	
0	1	8	647	5	
0	6	8	143	1	
1	9	6	677	8	
0	7	3	543	1	
1	4	5	745	2	
1	8	1	182	1	
0	3	5	694	2	
1	2	2	634	9	
1	6	2	458	2	
1	7	7	210	9	
1	7	2	432	9	
0	7	3	335	8	
1	1	8	313	3	
0	7	5	422	2	
1	2	4	439	5	
0	3	8	290	6	
1	8	4	488	4	
1	6	1	695	2	
0	9	6	321	5	
0	4	2	462	2	
0	7	2	636	9	
0	5	3	508	5	
1	5	2	726	3	
34 114 182 97 131 126 146 166 199 174 110 65 157 184 94 7 65 52 122 54 71 158 24 61 79 170 179 48 78 29 106 108 167 117 75 73 18 91 30 127 174 52 162 78 42 108 188 60 31 143 67 130 72 42 195 50 198 158 24 47 155 97 150 129 64 164 25 109 157 161 126 191 53 114 185 85 40 86 30 188 123 30 166 59 187 78 196 184 92 186
200 105 100 136 133 140 31 160 114 77 83 107 128 167 183 149 184 181 76 53 91 84 94 48 84 80 22 141 22 9 198 75 78 132 79 51 183 175 119 182 29 192 149 18 102 75 44 140 56 95 115 175 150 100 33 36 44 183 132 162 93 183 133 154 88 33 16 121 195 158 117 120 110 57 118 173 145 128 17 154 93 123 43 103 13 153 32 100 126 111
157 133 165 107 182 42 93 45 160 13 131 29 54 27 117 21 44 36 133 65 36 188 58 46 156 198 28 48 131 143 158 121 7 28 63 96 177 198 55 129 23 117 50 36 86 134 54 189 40 135 180 181 72 126 39 38 35 13 80 177 135 166 41 48 105 117 85 35 51 127 157 123 133 172 136 20 157 44 145 116 72 123 102 49 86 105 103 1 59 7
190 57 131 139 89 92 160 177 158 16 2 165 72 126 109 144 167 21 197 121 116 124 7 123 34 49 88 24 30 55 101 177 84 66 87 200 52 140 167 141 39 37 124 62 54 5 103 69 194 40 11 110 10 106 133 43 130 10 45 26 163 67 107 9 27 131 128 172 191 129 90 62 145 124 149 113 93 1 131 157 75 172 128 131 177 41 133 111 18 61
77 151 30 128 100 47 164 119 61 148 120 144 104 59 1 15 7 94 81 102 108 152 34 37 43 123 21 136 94 50 150 193 78 40 68 79 53 122 26 152 65 182 58 70 124 176 1 57 7 142 14 107 168 75 127 128 129 44 43 115 144 155 72 23 70 100 148 162 199 151 142 111 92 125 164 78 101 55 165 193 156 28 191 171 41 107 77 132 58 78
40 59 167 78 22 118 41 37 56 168 27 68 30 187 54 98 180 112 95 189 9 107 16 64 161 15 170 159 106 27 18 18 8 136 110 191 110 187 161 37 93 173 32 20 160 63 1 13 12 163 117 150 146 91 190 48 132 3 172 88 156 158 137 195 193 74 36 143 11 36 1 64 84 161 117 73 14 147 55 66 168 41 172 61 50 176 126 80 82 39
110 110 194 46 81 31 52 181 17 64 144 96 111 126 35 168 110 13 175 43 63 156 2 113 97 114 136 185 162 60 25 177 182 96 116 169 198 30 182 100 72 175 71 43 76 8 178 182 115 98 20 180 88 110 95 135 55 169 95 86 77 105 17 46 154 161 15 107 27 32 39 191 55 198 68 102 100 165 193 50 85 123 167 24 10 125 86 54 185 85
126 121 180 152 67 110 168 126 86 1 38 24 92 155 49 165 105 180 51 174 80 89 169 38 195 95 124 143 68 13 189 83 135 187 64 104 137 90 56 150 131 94 84 119 92 102 80 91 194 119 101 95 2 155 37 188 142 145 8 49 93 93 150 172 115 30 166 18 147 180 189 88 160 14 46 111 110 108 72 23 162 111 136 91 137 118 160 52 68 55
66 102 186 103 63 144 136 113 178 110 95 148 45 163 36 47 66 196 17 142 95 191 167 5 155 180 9 54 158 47 141 101 86 45 166 160 153 37 154 53 163 165 196 171 22 151 198 89 111 165 170 156 71 47 144 17 117 136 112 66 93 22 45 99 43 103 17 151 183 25 174 6 151 119 88 142 175 4 28 127 46 86 3 125 167 176 28 39 119 102
189 6 90 24 31 193 14 193 11 188 120 132 48 50 185 22 45 128 183 13 91 33 90 84 65 58 11 56 156 143 189 112 64 146 37 85 6 128 17 184 63 30 40 87 180 145 35 71 14 142 172 108 128 104 30 123 69 139 146 6 169 194 152 106 189 36 32 170 120 108 2 8 79 47 150 174 29 62 196 22 191 184 170 17 117 122 197 30 146 20
81 8 195 62 36 195 164 198 12 13 16 198 63 16 118 116 117 94 110 170 160 118 11 91 103 195 44 112 41 166 97 31 8 134 87 108 138 198 97 129 80 137 114 61 10 8 145 4 194 169 182 73 186 59 16 195 15 96 86 125 120 20 170 65 200 34 131 77 84 46 3 188 36 62 169 38 26 130 95 22 134 85 140 160 52 54 49 146 169 82
192 156 176 105 86 54 189 44 79 166 173 198 139 92 31 163 135 197 173 98 69 96 17 190 49 143 132 36 11 21 196 31 167 37 3 150 186 16 131 99 170 90 38 104 138 118 128 18 101 3 76 132 112 153 194 199 123 31 87 20 56 142 56 175 66 133 147 179 36 86 42 37 194 154 143 191 61 82 137 171 182 172 180 39 105 168 100 196 39 87
33 137 75 180 15 190 196 156 152 98 7 140 60 73 114 90 160 28 14 54 28 47 77 156 199 88 178 200 23 42 50 146 117 189 104 142 186 158 92 7 111 116 79 105 68 121 172 164 8 141 161 166 120 63 8 144 61 92 149 162 93 146 165 110 181 20 132 4 162 43 187 121 90 55 200 69 40 28 172 74 154 68 163 78 200 144 87 142 136 199
61 14 59 7 29 66 2 145 180 110 184 103 76 60 84 29 55 51 61 72 118 179 10 105 42 6 101 182 187 116 2 154 53 106 199 27 149 81 141 181 165 200 114 111 198 70 55 22 134 51 68 124 159 39 56 109 17 152 147 7 134 65 9 180 140 41 170 31 139 175 82 112 60 188 182 176 118 114 195 113 191 46 159 168 171 60 44 6 34 79
130 162 52 21 75 31 49 65 148 35 12 115 53 191 92 33 177 59 7 57 173 44 1 188 33 76 95 175 163 87 61 35 7 65 147 14 126 54 49 147 56 5 121 26 2 136 121 141 38 169 109 89 44 86 140 73 11 29 123 71 7 61 91 106 131 132 158 5 59 26 75 165 61 188 173 73 179 57 154 62 54 157 153 110 12 192 6 82 131 178
146 179 77 76 29 58 19 46 195 26 43 198 58 5 117 192 50 3 65 31 144 158 197 37 148 85 104 71 167 129 142 99 99 92 77 78 120 66 172 155 186 121 21 112 60 191 68 124 61 141 200 38 166 28 117 51 42 90 147 176 141 40 105 173 174 80 71 78 24 72 193 85 184 30 105 67 156 32 70 127 71 163 148 161 195 56 122 38 130 190
32 106 37 196 4 18 10 142 130 21 162 104 110 34 148 116 187 145 158 169 9 146 100 143 161 23 194 171 95 83 179 180 182 174 123 153 112 187 116 191 142 174 40 177 104 23 75 131 42 16 46 102 63 8 147 67 45 91 109 133 3 66 176 191 130 52 113 56 115 61 49 79 6 1 183 115 188 22 126 108 149 77 57 43 100 26 159 165 101 89
25 82 82 40 144 97 48 60 146 92 160 35 81 78 56 137 165 167 138 11 121 46 176 23 111 58 189 111 68 63 115 10 82 37 28 145 83 104 30 100 181 99 161 34 100 55 46 138 84 110 150 9 2 31 79 1 182 102 115 34 173 103 103 198 133 132 22 154 19 192 11 89 6 89 92 68 193 92 113 41 10 17 157 195 13 36 159 22 5 135
72 144 130 71 108 186 139 13 177 109 84 67 59 50 138 113 102 40 190 184 106 85 179 55 177 199 70 59 137 144 120 117 129 69 140 162 42 186 138 33 47 118 148 154 178 15 128 98 168 114 175 45 101 196 49 63 63 125 149 69 132 132 123 169 176 75 121 40 194 149 58 186 46 56 74 109 11 91 26 138 150 12 33 169 23 151 98 17 50 187
71 35 139 40 27 121 53 200 99 92 194 42 189 146 63 116 130 15 176 29 164 156 99 158 81 134 21 165 61 32 3 65 1 111 167 69 174 91 188 191 30 97 35 90 171 200 113 189 67 12 148 200 116 9 194 125 107 99 177 51 141 92 106 119 198 53 60 161 123 80 37 81 163 11 170 40 51 155 95 187 23 89 95 103 199 95 54 53 118 193
153 144 150 44 15 31 139 178 17 75 118 78 154 19 111 161 118 14 1 99 191 177 128 105 69 22 77 52 14 49 110 168 30 110 170 123 63 160 65 166 193 183 49 99 157 71 110 4 113 6 88 161 72 153 139 134 2 91 25 170 148 28 111 14 5 137 55 176 133 56 53 186 175 16 99 153 18 128 4 155 103 43 58 84 16 82 93 76 59 35
154 175 50 88 100 30 176 103 188 54 196 17 5 74 14 13 185 170 184 147 136 173 86 165 164 200 142 64 141 119 13 187 177 143 161 22 102 44 116 98 189 63 191 136 134 103 64 171 94 174 113 167 96 129 173 64 119 127 55 155 151 105 21 161 199 113 184 139 171 76 121 20 2 104 129 76 103 152 123 144 107 184 118 32 19 171 180 160 24 81
47 47 55 27 45 51 126 133 34 174 82 105 1 26 116 76 53 32 21 176 42 83 181 89 24 200 115 179 18 162 11 28 164 20 47 2 194 1 142 107 40 111 67 130 183 19 122 122 28 151 152 10 104 169 30 58 200 12 158 198 13 147 143 164 197 187 93 93 149 95 118 200 100 64 181 65 193 196 76 59 186 100 103 161 131 103 36 102 120 87
126 41 108 136 53 96 90 156 140 118 48 39 133 87 175 162 153 101 89 4 192 31 197 53 102 59 137 179 118 125 100 53 173 181 140 96 102 141 10 143 75 177 64 118 172 183 127 95 43 126 25 137 51 197 13 127 99 108 111 6 40 36 2 28 125 21 41 147 112 53 84 66 109 26 87 83 66 197 123 74 199 90 2 163 90 14 43 71 5 36
196 79 72 47 92 82 59 73 125 137 110 146 58 11 138 165 122 199 107 3 168 197 172 194 79 102 153 34 20 81 195 174 128 62 18 151 127 5 181 107 155 65 82 39 78 120 40 187 160 19 151 71 42 93 67 153 68 146 9 169 33 163 45 154 182 197 133 157 13 39 107 42 157 177 58 106 47 192 137 2 192 103 5 149 139 116 127 93 74 82
39 47 9 183 108 101 6 10 180 104 97 92 75 186 55 22 120 184 114 188 46 86 149 102 24 28 49 106 160 30 39 155 174 14 81 174 73 101 147 200 148 21 98 154 16 38 179 1 115 108 200 76 93 86 165 28 105 109 160 109 134 160 36 22 96 168 120 107 198 168 48 108 169 192 12 7 128 27 99 61 37 172 46 73 86 31 152 132 107 182
132 91 155 164 26 161 93 151 111 187 75 108 4 162 28 16 37 9 91 100 15 86 175 31 137 131 51 177 199 143 170 29 97 126 10 52 41 188 156 87 35 109 76 27 180 89 30 89 171 121 8 129 56 181 150 84 76 156 49 170 152 49 117 163 60 55 173 121 162 56 147 109 75 60 101 1 169 156 41 88 112 124 150 195 152 87 22 20 168 88
86 93 23 167 145 126 114 48 121 180 82 188 1 56 112 120 178 148 111 48 141 135 59 189 7 73 190 99 174 188 159 174 39 122 172 92 10 131 31 64 53 93 8 5 56 102 189 111 180 1 16 19 146 96 131 72 185 186 76 141 62 2 188 121 130 199 127 132 105 154 87 104 86 96 9 8 118 164 159 9 42 18 174 117 112 7 69 183 32 160
164 93 151 67 200 84 27 118 116 95 191 19 23 142 34 76 70 105 164 136 138 193 98 143 198 120 94 86 22 24 153 187 114 200 41 16 84 4 25 157 40 114 47 18 18 192 19 13 66 165 90 12 187 82 99 108 148 15 94 47 46 58 58 40 2 134 33 176 123 195 27 111 105 31 43 169 168 200 139 105 33 12 88 193 19 11 33 23 182 51
95 94 172 101 70 90 86 133 53 132 134 79 23 87 69 43 59 41 135 37 34 128 22 54 1 132 43 106 19 125 164 141 172 8 126 130 178 132 12 130 40 181 165 92 61 121 72 183 3 49 118 158 108 56 191 10 192 105 76 9 46 192 43 13 92 96 131 32 125 135 147 191 184 22 61 42 189 1 188 73 114 67 148 173 56 8 2 48 53 28
39 158 134 164 161 75 60 173 89 80 153 48 72 104 28 13 19 123 63 177 76 120 103 51 23 19 54 3 51 187 170 90 38 148 109 137 81 193 112 175 61 155 115 41 137 28 152 102 116 88 190 3 140 191 100 56 171 200 81 33 5 107 99 49 156 11 59 164 23 135 128 106 10 40 112 101 163 49 181 92 63 101 178 106 106 179 162 80 96 77
14 137 161 69 93 101 17 41 66 98 89 90 29 9 34 57 23 59 65 146 113 53 130 86 93 141 77 117 82 20 52 61 104 141 32 33 100 95 92 27 155 165 127 38 67 155 88 178 82 127 45 124 110 54 62 190 95 160 116 15 168 116 123 149 56 123 93 108 87 8 25 175 192 10 109 172 102 94 18 67 193 189 18 35 49 89 191 91 53 142
61 149 200 161 38 170 199 158 91 155 9 10 50 3 121 177 122 78 126 136 198 56 123 7 171 180 35 88 122 162 185 99 124 79 17 101 76 197 8 159 47 181 72 176 141 157 36 82 148 23 127 160 183 125 45 88 1 139 189 164 154 98 108 47 32 171 123 77 109 41 55 166 25 149 54 130 9 1 173 137 43 16 97 33 50 143 102 144 140 57
47 168 182 32 147 104 170 8 123 162 126 36 159 171 147 34 113 91 146 167 36 130 74 40 42 115 77 106 16 151 146 186 137 181 120 75 16 185 184 162 28 27 163 171 117 42 56 16 200 89 154 161 131 51 40 68 129 91 104 100 181 46 24 89 53 104 52 14 104 182 170 56 112 81 115 123 135 97 192 95 48 167 180 115 115 190 101 126 93 129
196 178 164 8 98 100 110 195 80 7 14 78 21 117 111 28 31 2 147 105 200 49 146 107 71 33 112 139 65 148 70 77 170 133 13 151 90 63 1 58 65 194 107 153 91 102 156 124 156 56 60 100 144 170 54 20 199 64 88 188 61 137 186 84 170 60 128 85 194 106 34 138 86 171 176 33 150 189 30 49 87 96 164 176 15 118 108 125 154 199
74 132 132 55 174 56 12 8 55 29 164 27 85 20 66 36 193 46 192 74 69 3 183 148 177 154 171 42 97 51 176 113 52 166 146 134 73 150 5 82 94 17 184 65 141 103 157 30 178 93 176 90 174 145 200 121 136 174 103 95 54 161 157 84 196 5 85 2 154 143 170 123 99 12 183 66 125 96 112 4 29 110 9 24 26 164 159 148 73 163
164 63 28 78 133 171 15 66 53 165 179 80 168 18 197 198 112 5 146 117 130 58 73 8 51 45 89 107 21 9 74 149 51 139 63 105 184 166 137 111 178 89 114 39 129 57 55 11 78 179 23 57 89 73 42 55 188 16 93 138 94 128 74 123 157 47 157 136 147 116 37 34 124 117 77 146 57 195 114 53 136 5 9 171 136 67 111 51 61 8
120 11 75 120 193 170 21 152 37 130 25 195 54 13 86 14 121 87 12 166 161 103 102 156 176 118 44 37 80 4 10 15 149 98 60 73 132 100 143 34 189 28 44 185 141 6 184 100 130 151 116 101 75 41 15 150 20 108 151 49 3 86 92 125 79 178 94 176 90 152 90 86 97 69 69 49 142 146 80 139 26 162 36 75 8 49 104 175 93 116
142 83 170 180 23 108 181 142 33 189 103 192 186 42 102 169 167 167 4 50 173 89 139 45 199 33 67 124 164 163 23 79 121 138 88 143 14 159 91 14 135 143 26 107 18 86 88 111 101 67 81 160 26 151 27 170 81 170 163 158 69 191 117 28 137 42 1 74 38 182 82 30 121 190 160 53 176 55 186 113 177 175 175 118 45 17 43 151 49 49
49 41 72 14 129 164 24 53 91 61 145 18 109 47 150 86 97 89 176 191 93 37 38 31 29 3 158 50 5 1 7 4 89 12 148 121 42 33 36 87 197 138 53 13 39 28 90 185 47 31 183 129 90 157 121 75 155 27 51 111 92 137 183 35 87 167 43 24 198 111 172 55 185 180 112 22 144 137 81 173 175 59 83 112 16 117 67 61 155 156
120 149 119 62 14 19 160 57 12 64 54 19 5 188 44 120 144 140 49 72 53 165 193 177 171 72 74 155 158 7 67 183 75 122 8 166 71 151 84 100 117 7 178 153 130 189 17 86 157 115 192 146 4 68 135 66 18 193 40 73 139 186 72 62 51 138 101 100 33 128 111 62 126 95 169 153 154 76 111 190 61 47 72 12 174 60 145 93 98 189
176 6 169 136 22 193 171 21 50 95 177 132 20 36 152 179 180 89 122 33 141 26 162 54 193 177 130 85 101 39 49 63 60 51 29 5 10 136 7 190 160 99 101 168 68 71 35 29 61 108 178 120 147 10 117 157 191 95 179 129 32 53 41 113 113 195 16 82 3 173 10 104 65 61 15 9 148 95 178 175 115 53 120 11 74 166 167 113 4 6
34 73 58 196 8 111 170 150 110 9 105 151 91 112 35 7 145 91 83 21 193 88 110 81 165 143 200 128 63 185 104 108 174 165 4 146 162 117 142 67 128 82 8 99 130 128 63 181 17 72 152 42 133 85 6 110 111 111 187 50 38 18 134 4 81 166 125 12 24 173 67 72 93 173 151 156 176 108 22 1 101 129 154 174 198 78 86 171 28 107
101 28 197 184 132 166 114 148 69 37 120 42 88 83 25 136 186 45 25 160 47 101 92 180 102 83 1 176 168 133 93 147 134 165 83 193 70 123 104 117 112 99 30 126 168 173 112 131 54 116 122 47 133 170 79 161 43 134 118 178 32 46 33 59 111 182 160 110 42 14 70 122 65 53 50 138 168 7 55 114 183 8 133 80 132 160 32 63 44 86
59 32 14 165 57 172 91 145 181 107 126 142 147 2 29 163 69 108 143 60 197 36 68 158 21 162 154 33 96 111 162 122 112 100 30 40 3 21 194 45 12 130 58 110 131 162 99 130 103 72 31 81 167 29 198 49 103 158 104 151 71 171 187 48 103 107 56 25 191 158 69 3 10 108 174 140 142 65 61 125 187 175 96 165 61 19 72 172 97 94
62 184 152 6 140 53 41 22 195 65 169 8 188 23 51 124 64 192 135 199 172 158 86 164 76 163 115 41 142 14 188 188 45 115 141 98 54 110 78 6 185 98 198 190 42 147 151 106 64 131 187 92 197 147 74 41 114 173 93 98 34 25 110 80 65 162 168 121 152 170 138 160 8 36 70 121 41 118 59 31 181 104 191 117 196 143 32 29 104 52
139 189 156 193 29 142 22 106 195 14 89 83 167 3 171 23 28 4 167 78 113 7 139 4 98 74 73 125 8 1 192 161 10 77 96 130 91 120 72 67 42 46 103 98 32 200 180 113 68 56 154 181 138 34 78 55 189 2 44 12 195 74 93 153 27 142 196 164 140 53 26 148 86 114 161 153 17 50 146 7 189 58 42 113 180 101 108 98 118 41
127 7 123 55 98 86 14 89 131 80 128 159 15 135 59 50 70 68 162 50 102 103 164 100 28 8 137 195 116 74 80 147 130 64 134 15 165 58 154 175 30 70 12 122 128 22 122 6 89 104 184 119 103 141 23 164 75 93 106 40 194 90 191 12 161 184 72 124 87 61 75 105 49 6 39 49 16 11 62 10 97 144 122 3 22 150 109 15 151 114
62 103 53 144 139 47 91 164 44 166 25 200 71 98 151 112 104 86 96 137 71 50 88 36 178 134 117 56 43 22 152 26 22 11 96 94 189 138 35 102 194 30 119 85 27 192 68 142 174 146 91 48 118 69 29 83 183 149 157 80 145 48 155 171 8 129 71 70 128 199 176 128 114 176 106 112 195 100 169 150 104 146 82 125 96 199 7 191 80 79
199 33 123 53 48 84 187 120 23 69 23 34 48 25 188 39 116 22 77 109 185 177 178 44 81 168 16 53 102 165 97 76 88 181 98 157 33 68 197 145 192 102 81 23 46 114 133 187 110 171 49 20 117 117 162 157 128 60 68 33 39 73 167 51 174 123 81 19 176 30 36 93 33 70 25 46 42 181 84 84 36 118 26 112 170 122 76 198 78 86
62 26 199 151 177 98 40 24 157 16 40 182 44 62 165 185 53 192 188 165 3 188 87 84 20 105 130 50 69 185 8 14 69 87 130 67 165 89 40 56 30 126 200 124 176 6 54 145 64 113 73 109 132 107 182 142 137 21 138 181 98 125 98 149 36 94 182 120 176 55 174 125 93 31 103 112 81 80 161 167 47 159 48 75 77 174 194 79 47 124
138 37 99 70 9 166 44 56 135 175 104 116 76 46 77 131 46 13 116 96 98 81 96 68 15 7 188 120 190 158 176 140 64 131 167 126 97 83 100 149 96 75 19 11 58 56 175 72 170 188 125 5 74 125 49 84 118 26 67 174 68 32 86 97 66 139 157 20 71 79 60 49 16 33 92 151 112 43 10 199 47 179 86 117 28 41 158 90 179 104
158 20 35 97 148 3 131 174 126 1 145 97 173 9 36 60 43 40 33 104 170 192 84 191 18 83 128 175 189 132 164 49 91 189 72 164 101 61 199 96 71 200 154 125 14 75 63 93 133 172 42 125 28 198 120 49 159 38 105 145 140 173 68 166 126 67 170 157 21 141 102 131 47 74 195 178 66 162 150 107 14 56 64 25 53 55 41 20 15 30
47 168 130 163 130 131 199 118 28 141 141 121 25 171 199 23 155 177 89 117 54 103 58 171 120 115 121 93 33 137 170 153 16 100 190 121 12 140 86 147 73 185 132 62 55 182 91 42 191 144 47 49 81 22 75 173 110 79 118 76 162 116 17 121 152 200 124 180 4 149 146 50 87 48 68 76 55 167 188 61 120 96 103 118 159 100 131 27 127 153
35 88 78 102 34 92 161 7 174 144 154 87 66 85 10 50 111 10 184 97 107 148 4 72 178 138 49 165 99 163 19 43 17 80 135 179 46 112 146 175 43 52 159 32 10 44 143 138 158 78 122 68 113 10 53 174 193 122 128 16 39 73 198 136 59 134 145 106 164 91 145 53 170 72 78 55 56 115 52 49 142 60 126 65 110 26 10 128 20 194
5 4 119 153 64 154 155 69 152 74 200 95 181 13 172 48 34 18 196 125 199 184 170 95 169 12 196 151 102 176 4 187 54 145 170 190 121 178 164 107 154 71 199 26 200 136 97 193 79 146 131 135 182 38 190 149 90 67 185 36 113 112 127 156 33 121 117 190 126 55 139 36 156 68 33 88 32 69 11 58 57 74 35 44 183 105 87 31 33 85
82 140 140 90 77 17 134 156 102 197 122 119 38 119 127 154 94 130 79 138 136 76 41 128 10 80 140 115 75 52 158 41 156 137 152 148 63 168 1 37 66 13 107 85 74 3 21 120 131 129 102 97 99 195 16 148 133 5 88 76 85 58 155 167 153 171 164 49 196 116 101 120 146 97 68 83 129 170 190 140 23 100 169 115 11 119 114 125 177 110
72 128 189 115 181 90 194 99 196 85 179 52 145 127 10 62 71 55 34 176 173 90 126 54 30 9 13 85 8 187 168 66 164 76 121 4 176 100 145 35 105 182 12 155 130 63 62 141 21 7 24 129 118 172 7 167 29 125 93 19 14 121 140 18 12 71 195 86 133 28 153 40 97 34 167 93 145 75 105 152 39 136 26 176 169 181 58 9 96 124
96 51 72 144 33 145 30 2 121 27 172 140 72 76 109 8 90 141 136 16 75 53 48 148 194 176 193 70 1 85 106 66 73 101 44 162 188 127 175 53 182 117 146 196 195 118 169 80 191 66 114 14 21 198 50 17 163 77 53 15 132 125 152 193 80 157 67 58 76 46 191 20 115 135 106 162 155 189 119 88 14 48 73 121 175 143 138 118 85 114
186 161 76 118 188 99 155 168 157 134 152 10 189 184 115 10 164 168 75 27 67 169 22 171 65 109 142 33 114 86 193 115 125 75 6 182 38 35 21 160 3 118 102 9 58 89 177 171 43 10 147 70 47 136 96 130 125 15 173 3 17 196 9 62 22 62 1 100 101 48 136 188 8 49 67 161 56 70 86 27 54 67 47 58 118 141 112 110 24 157
63 169 193 148 63 148 105 111 50 159 165 52 118 71 85 99 87 34 169 82 105 149 161 51 72 98 99 194 93 44 189 140 198 119 129 77 104 157 141 64 134 40 181 120 173 98 13 136 193 93 176 178 191 30 91 140 9 160 198 111 151 155 41 147 99 110 143 181 101 195 80 165 68 176 130 76 1 16 169 183 188 38 19 181 108 15 164 136 102 140
200 151 67 180 123 152 176 179 1 138 171 176 87 78 147 40 178 80 180 35 171 47 72 19 116 131 4 141 125 136 10 197 128 92 102 91 163 39 105 30 199 29 140 34 31 109 138 7 175 112 193 186 137 186 177 126 10 176 143 121 17 144 162 154 194 14 179 85 109 146 98 39 103 80 133 86 67 89 12 102 71 12 184 167 80 29 110 12 11 166
144 108 124 116 84 91 73 115 14 6 58 21 24 186 32 46 74 56 60 166 40 39 78 64 191 111 95 77 181 199 95 11 12 148 85 105 123 190 154 31 198 109 63 119 179 86 71 11 34 119 32 182 84 50 62 87 112 158 125 85 68 101 154 105 107 5 127 162 78 6 84 147 137 1 29 23 81 181 163 69 143 28 69 172 163 109 189 11 138 21
171 13 88 14 81 164 173 114 155 59 24 27 98 180 149 121 86 19 106 48 116 121 134 38 71 179 47 188 108 192 54 56 67 19 17 9 182 190 18 188 32 148 197 106 93 96 173 1 154 163 124 150 32 163 11 137 158 115 177 80 162 133 117 88 116 120 192 95 90 95 195 182 86 169 4 161 11 64 171 94 49 74 97 190 147 176 143 86 152 95
124 85 106 161 38 92 5 108 39 66 41 172 77 153 119 41 62 18 33 97 167 6 136 199 37 123 101 47 36 92 130 143 137 161 178 105 92 54 188 119 84 92 102 33 103 82 154 107 117 90 151 20 43 39 167 14 105 10 35 187 82 195 32 15 114 75 51 184 86 180 68 127 77 101 164 81 27 149 67 156 80 72 7 131 185 79 71 24 120 5
112 84 181 63 124 54 16 57 147 125 166 5 49 73 51 123 114 2 11 105 121 188 144 145 74 187 42 6 122 88 34 73 55 126 58 195 58 29 11 33 63 46 31 80 186 59 98 138 75 113 74 199 48 123 163 143 47 22 18 83 176 83 194 31 57 21 1 26 66 175 52 187 71 123 83 192 128 13 1 8 65 130 1 9 185 168 57 1 115 23
94 177 3 123 199 98 65 149 129 125 76 72 187 30 164 193 149 130 169 157 91 80 92 63 70 158 80 148 199 74 82 184 199 172 44 32 23 157 1 7 20 200 79 49 157 116 34 54 18 165 98 16 187 159 77 2 102 175 156 97 17 171 95 63 46 100 57 168 149 194 81 161 27 96 161 111 160 139 101 81 16 190 80 148 81 107 106 152 32 43
86 58 185 187 53 152 34 101 3 168 105 198 3 147 190 187 170 99 130 199 4 178 87 157 36 104 148 1 131 66 92 156 118 174 11 151 80 108 42 16 164 76 19 21 94 68 147 25 151 133 42 169 155 123 29 43 17 187 76 53 30 104 199 148 179 38 186 173 179 186 141 80 127 41 120 74 94 36 106 54 24 88 46 131 99 162 60 67 168 101
23 85 175 20 109 15 92 28 141 29 68 12 160 43 89 151 191 9 102 135 39 4 66 142 12 63 100 114 86 96 39 29 198 44 99 194 15 194 177 56 100 197 134 21 64 135 101 24 138 190 51 178 197 102 128 167 15 138 138 85 57 190 163 196 144 32 29 135 71 30 158 66 24 70 82 127 198 196 194 132 149 5 164 126 162 111 167 90 110 184
136 129 31 135 139 23 31 117 110 191 42 27 75 167 136 165 193 25 22 98 73 24 134 54 17 129 47 56 6 116 37 61 80 35 109 152 178 160 144 57 17 121 116 12 79 34 85 62 113 63 3 64 43 134 137 129 15 180 185 1 9 175 156 187 50 70 142 168 91 45 14 63 14 184 127 188 55 115 32 186 173 180 114 102 168 74 66 136 44 25
58 12 97 35 130 118 154 22 102 176 120 15 24 34 198 93 181 121 4 15 49 106 39 56 40 3 79 93 20 194 114 175 120 39 73 19 77 31 38 43 179 73 124 152 70 57 18 99 24 183 178 198 6 113 21 91 4 41 64 115 100 25 79 145 105 42 142 143 22 180 14 16 61 200 89 150 27 134 75 140 178 51 195 111 137 187 186 73 51 116
32 199 47 96 111 117 53 150 18 126 115 101 143 38 69 172 86 161 188 41 119 90 122 34 25 64 108 102 24 198 173 91 48 19 153 128 63 75 42 154 177 94 24 82 60 170 16 77 35 18 114 50 73 175 75 147 180 37 13 185 178 118 101 146 154 175 67 40 31 90 92 190 70 100 98 79 18 113 162 176 175 68 109 18 187 111 51 81 107 17
66 141 51 195 2 184 156 126 53 178 110 152 43 185 9 17 15 102 48 53 187 146 88 163 92 83 36 143 30 173 30 158 63 133 15 47 118 84 101 162 48 178 140 9 43 127 8 177 172 188 113 16 70 140 134 117 52 104 43 79 39 164 38 69 159 187 189 132 140 199 129 65 174 89 102 143 151 165 51 102 39 129 32 68 16 39 87 159 145 157
39 31 25 104 144 140 34 84 148 47 41 10 126 6 162 90 60 174 102 194 71 17 187 8 125 200 103 94 189 47 87 57 43 183 99 141 4 172 48 188 99 158 1 146 133 3 78 88 85 66 100 64 173 72 94 148 38 195 88 150 26 6 141 115 25 111 92 160 116 183 102 184 156 126 35 72 142 44 56 66 27 94 58 80 101 130 63 135 67 193
6 122 112 200 173 157 146 166 130 179 148 163 181 146 154 65 89 97 169 81 67 25 154 102 186 105 162 124 127 88 8 137 68 197 67 164 25 99 197 25 77 122 22 124 161 51 148 173 104 196 171 121 2 145 59 50 187 74 138 179 164 99 179 28 101 115 167 145 166 95 61 20 85 113 154 84 185 199 52 77 185 27 61 179 131 24 93 4 35 92
134 151 200 126 136 180 61 59 171 194 23 108 163 36 36 119 43 140 174 96 141 78 7 194 33 118 14 200 43 57 82 57 187 127 172 113 4 199 167 30 110 12 123 97 179 172 75 70 99 141 169 33 155 48 139 35 70 200 148 194 65 8 117 34 190 151 52 83 195 85 139 64 79 127 3 79 45 168 111 7 120 81 126 117 115 127 128 44 101 162
139 186 114 189 191 84 53 1 16 116 118 101 145 106 152 121 168 93 134 41 175 106 109 177 185 19 38 185 107 87 144 52 179 102 78 145 21 167 22 179 146 100 20 117 164 192 177 54 179 56 32 57 145 14 118 71 46 126 30 49 165 111 144 19 51 131 72 155 71 41 64 120 103 185 158 93 77 152 10 34 106 146 66 3 161 67 158 8 84 85
87 17 181 87 78 57 173 125 18 131 164 157 73 161 56 196 141 14 41 85 144 170 125 184 166 63 74 9 11 51 94 116 132 96 118 9 3 29 44 26 180 97 80 57 134 54 139 152 116 31 11 140 144 121 4 79 22 66 178 189 76 70 38 177 87 116 6 5 109 151 124 71 104 105 45 48 165 94 106 14 162 87 119 190 199 16 4 118 143 122
138 104 112 68 82 81 72 200 61 50 28 32 63 173 63 138 197 54 79 7 118 149 67 59 21 185 152 69 23 17 30 130 69 144 47 27 39 197 31 93 193 60 12 99 99 9 69 99 36 197 155 96 7 2 67 108 115 136 78 21 143 120 57 31 177 24 183 134 175 38 77 157 89 148 184 23 141 93 81 35 158 9 38 68 166 92 102 62 150 8
190 19 189 54 151 74 35 197 196 47 48 7 141 148 119 3 57 61 40 25 42 85 150 77 126 127 180 167 106 159 149 194 171 188 52 164 69 14 104 128 69 113 80 189 36 100 54 24 109 21 58 47 7 108 17 30 90 146 79 2 123 1 65 149 16 73 148 21 192 20 200 92 55 46 82 33 134 42 110 89 159 115 107 186 18 175 101 23 121 35
150 132 99 113 34 65 53 54 97 197 171 8 161 124 36 98 158 76 5 84 146 89 133 21 173 39 65 185 50 32 134 163 132 120 31 95 59 57 3 140 162 174 19 154 74 162 12 17 59 199 145 183 196 122 92 11 149 166 111 200 78 155 32 155 105 83 95 17 158 97 138 24 35 194 188 186 1 148 126 140 64 22 44 28 184 20 109 14 15 80
130 9 69 149 151 175 49 126 151 146 131 27 15 158 3 55 80 161 86 148 182 31 160 127 120 78 21 190 3 200 143 91 79 145 35 121 99 114 190 126 165 134 79 199 189 72 60 2 97 145 190 138 84 15 188 4 104 47 152 181 128 190 116 145 152 89 192 137 186 35 171 52 34 68 18 40 104 59 145 87 86 74 90 70 130 8 85 91 86 111
117 51 165 189 139 152 180 148 190 62 137 132 166 4 93 152 87 123 7 196 18 140 165 20 116 65 106 150 75 187 115 113 66 36 92 90 104 67 171 53 147 114 177 116 112 1 64 18 147 63 15 129 165 23 119 30 77 145 189 58 45 170 111 55 175 128 56 178 20 180 84 153 129 59 175 134 135 174 117 170 56 72 193 30 136 192 153 95 90 52
77 32 3 50 7 64 153 120 140 164 162 26 173 79 37 82 30 64 120 121 80 33 95 11 170 43 134 144 182 28 151 34 128 51 117 17 22 116 58 106 161 38 97 29 124 41 128 34 24 10 39 104 198 95 174 153 198 140 13 164 139 125 27 16 38 58 198 31 141 34 114 192 88 155 32 83 20 83 21 30 181 141 70 180 98 190 40 103 132 95
156 22 72 84 17 46 68 24 56 97 146 9 8 85 40 72 12 72 24 183 196 81 88 112 100 62 96 13 49 92 81 131 14 25 168 9 150 54 57 142 144 63 66 82 163 104 82 197 147 158 147 140 134 26 177 131 150 116 11 88 157 37 118 60 66 141 128 18 115 30 100 1 16 103 15 111 158 132 71 10 53 65 15 193 23 122 183 73 85 169
78 91 97 74 134 121 39 184 127 132 17 43 146 69 191 14 145 78 16 179 19 149 143 54 89 189 14 12 94 131 171 120 67 1 24 120 47 160 93 152 179 177 178 89 29 182 39 72 200 174 139 42 190 136 17 82 200 123 100 188 67 184 8 32 107 46 25 70 144 199 38 113 16 142 57 65 47 24 159 7 102 187 36 188 120 9 38 52 11 189
132 164 127 4 66 5 180 61 33 123 30 199 21 157 196 43 42 61 3 100 45 125 132 197 35 107 99 104 125 38 118 71 29 36 64 152 95 1 153 77 89 40 70 161 169 28 92 89 172 157 124 97 93 91 99 132 114 32 127 49 51 185 83 190 37 14 42 26 182 146 54 10 16 69 195 58 17 134 90 67 155 83 194 145 27 59 73 54 45 57
67 37 190 1 157 122 133 97 175 128 98 89 134 174 89 93 61 28 135 4 147 20 117 177 27 81 128 6 62 113 21 64 80 130 71 41 159 200 104 184 148 58 35 50 86 127 99 131 170 176 185 143 17 3 79 66 157 54 22 133 88 34 103 25 26 65 175 172 58 199 198 71 138 14 172 187 118 99 46 109 172 192 10 127 26 44 126 158 61 49
104 158 99 52 56 183 114 110 40 5 159 176 133 44 57 50 120 167 51 163 100 173 39 120 170 187 68 167 69 148 37 101 21 99 195 185 66 187 33 151 194 78 77 87 112 2 51 79 66 138 59 10 66 189 15 133 21 10 42 175 95 9 113 67 185 36 81 84 165 55 98 192 16 32 57 7 37 5 188 78 3 162 89 71 109 50 118 89 167 152
127 82 90 154 80 55 152 19 132 42 96 76 22 148 4 79 171 132 72 176 80 165 192 180 10 63 174 140 32 27 156 154 59 77 56 3 159 16 71 117 168 51 25 173 25 133 35 84 143 140 80 128 70 83 2 86 60 167 83 117 197 62 167 25 87 21 24 26 187 131 14 66 169 86 100 119 191 142 113 86 181 118 117 182 7 105 132 34 41 121
161 106 128 36 183 85 110 94 134 108 74 172 61 44 120 35 24 168 191 119 130 132 40 190 186 189 143 162 112 67 177 182 177 106 109 63 4 11 123 154 20 36 162 188 10 154 180 146 32 28 147 12 63 3 93 38 124 187 184 199 1 87 106 97 152 197 191 100 59 97 147 182 130 112 85 13 166 104 91 154 153 173 106 54 28 175 68 176 200 68
