10 	
6	16
1	2	6	14	1	
0	7	7	18	2	
0	4	8	0	1	
1	8	6	10	6	
0	3	4	16	8	
1	4	7	14	6	
1	8	4	16	9	
0	5	3	16	2	
0	5	1	14	7	
0	3	6	21	4	
189 146 43 120 106 49 119 139 85 131
92 56 99 89 34 155 27 162 37 171
64 47 169 58 180 184 120 16 189 123
56 157 56 157 172 127 159 135 143 1
46 44 142 194 13 16 84 115 149 26
140 78 45 145 101 22 133 47 111 173
16 48 1 8 52 200 32 38 125 141
57 73 151 46 170 10 197 89 30 90
59 127 80 166 94 136 5 182 34 141
138 131 35 134 138 50 26 168 105 21
127 30 42 54 138 154 24 130 136 182
