100 	
76	79
0	5	4	81	1	
1	1	3	462	4	
0	1	8	188	3	
0	7	5	246	6	
0	3	9	576	5	
0	2	1	377	8	
0	1	6	451	2	
0	1	3	72	5	
1	1	5	283	7	
0	6	9	112	9	
0	4	9	273	6	
1	9	6	136	9	
0	3	6	614	4	
1	8	3	125	5	
0	6	1	513	5	
1	2	7	525	9	
0	6	8	696	7	
0	8	8	477	8	
1	5	1	613	4	
0	2	9	218	9	
0	3	4	251	6	
0	7	5	529	6	
0	3	6	515	5	
1	1	1	211	2	
1	4	5	295	8	
1	3	1	51	7	
1	9	2	215	7	
1	8	2	17	8	
1	1	5	38	9	
1	6	4	294	4	
1	4	6	458	3	
1	4	9	325	5	
0	2	2	217	7	
1	5	7	17	1	
1	8	8	240	3	
1	3	3	584	2	
0	3	8	162	9	
1	5	8	174	5	
1	7	8	366	2	
0	1	1	169	3	
1	3	4	170	8	
1	7	6	688	6	
1	6	6	287	2	
1	3	2	137	8	
1	1	3	49	2	
0	1	6	696	2	
1	5	3	201	3	
1	1	5	219	5	
0	9	3	533	6	
0	1	6	491	7	
1	4	8	600	7	
0	9	6	195	7	
1	9	8	341	1	
1	8	1	434	5	
1	5	1	79	3	
1	2	5	63	5	
0	6	4	684	3	
1	5	6	555	9	
0	4	5	260	9	
1	3	7	429	5	
0	6	2	182	5	
0	5	8	530	3	
0	1	2	674	3	
0	6	9	595	9	
0	6	5	232	2	
1	5	1	53	6	
0	1	6	574	1	
0	7	3	364	4	
1	5	5	450	3	
0	6	4	40	2	
0	8	8	505	5	
0	5	4	421	8	
0	3	9	646	2	
0	5	6	602	8	
0	9	8	335	4	
1	2	6	314	8	
1	6	4	195	1	
1	3	4	253	5	
1	2	1	379	3	
1	8	3	636	1	
0	4	4	63	1	
0	9	3	69	6	
0	3	3	435	7	
0	9	5	198	6	
1	3	4	369	4	
1	9	5	541	5	
0	7	9	423	3	
1	8	2	370	1	
0	2	5	294	6	
1	9	9	262	3	
0	2	7	329	5	
1	1	3	274	4	
1	8	8	70	9	
0	1	4	440	5	
0	1	9	244	4	
0	4	9	693	8	
1	2	3	72	5	
1	9	2	551	9	
0	8	1	398	9	
0	7	3	422	8	
168 5 150 66 26 13 103 177 68 154 90 15 16 165 137 49 130 152 32 54 119 91 111 141 138 44 3 41 191 190 58 74 4 153 75 192 149 33 25 196 177 166 194 28 150 98 78 21 160 58 47 38 167 15 183 114 53 180 116 138 169 125 193 169 48 96 200 141 54 90 175 138 19 158 61 139 178 37 25 7 152 144 123 129 44 46 195 79 3 153 39 148 7 19 86 78 61 143 164 20
15 35 181 118 129 175 185 181 150 11 101 195 150 30 72 4 11 157 170 144 109 135 59 68 181 160 143 50 50 48 4 14 150 96 6 95 135 90 148 25 33 53 25 19 60 114 89 191 64 136 117 12 48 33 169 192 38 65 91 4 24 85 191 132 14 98 89 102 2 136 61 101 17 2 107 165 125 37 4 86 124 180 152 28 106 42 88 196 98 32 175 39 34 127 179 40 114 141 44 89
61 185 126 165 59 50 32 91 109 31 153 83 122 23 77 7 198 114 84 170 48 73 38 70 138 127 183 188 19 62 140 85 11 74 159 178 170 75 11 127 141 196 119 170 193 122 105 192 47 14 163 140 16 75 200 83 194 190 50 130 96 167 181 20 56 6 199 136 81 147 33 32 72 27 167 19 13 178 130 10 21 73 30 152 107 16 51 14 55 16 96 67 160 107 37 80 137 90 58 88
5 142 103 131 84 143 145 164 138 122 179 200 124 42 75 127 73 21 117 56 103 122 79 3 78 130 91 102 175 130 7 81 39 126 58 10 194 158 198 80 106 78 93 76 113 66 129 57 58 99 16 36 56 164 77 99 26 60 186 87 39 85 183 129 116 148 130 157 116 161 199 63 63 4 126 161 102 151 90 96 1 32 137 115 134 136 168 90 84 93 92 33 107 181 79 117 97 45 117 121
187 18 127 78 191 54 142 165 39 121 66 9 138 133 61 118 135 141 147 88 8 63 199 117 164 59 52 65 97 170 114 139 12 87 197 185 155 187 173 73 17 198 111 40 100 182 59 6 85 139 68 189 47 143 78 173 22 124 45 46 113 184 114 126 158 48 122 28 38 168 200 192 42 20 129 85 108 164 146 174 87 32 10 100 60 80 179 129 144 178 182 89 156 41 92 106 173 128 25 127
124 148 38 151 46 17 18 182 51 82 152 14 198 15 48 85 146 11 9 132 15 107 182 119 56 170 92 51 2 48 18 87 17 41 149 191 161 52 108 111 24 95 90 96 63 138 175 126 86 146 149 122 112 178 183 102 170 127 147 141 23 122 12 4 54 192 56 106 173 57 88 114 68 17 151 55 88 63 96 91 198 112 132 112 37 134 87 8 169 75 186 163 68 129 143 27 77 172 143 52
67 7 34 97 67 152 92 23 22 95 17 169 184 55 116 72 105 63 137 48 42 137 116 39 88 156 75 130 19 127 65 3 86 186 96 55 186 8 111 140 169 190 185 19 172 128 167 152 133 184 175 124 99 120 69 47 199 85 118 110 128 43 76 13 195 37 141 43 116 90 56 123 172 119 6 141 33 127 185 56 106 165 87 100 157 7 150 104 68 184 52 123 110 179 191 113 200 84 12 39
58 181 94 6 112 146 80 78 178 70 158 64 138 6 121 80 5 41 161 118 65 123 59 37 62 139 161 150 188 80 90 162 66 22 23 73 4 3 153 176 100 50 111 128 61 9 157 110 97 153 137 163 193 57 25 30 200 34 138 28 95 165 34 181 162 84 3 135 56 108 84 157 63 68 200 18 15 148 121 5 62 171 94 98 62 186 142 162 192 106 151 187 118 4 115 184 10 62 97 161
99 90 132 85 62 138 187 83 23 109 27 184 81 5 137 48 165 195 74 148 139 142 22 113 138 192 3 156 22 74 114 103 189 59 135 169 80 186 13 133 104 7 134 42 117 105 191 59 97 8 66 14 46 115 81 15 78 198 120 144 169 121 2 129 132 139 122 171 118 72 103 164 40 30 147 156 23 48 189 178 144 121 84 13 144 146 172 70 71 169 119 92 163 125 99 117 177 8 31 146
43 112 163 76 184 28 169 49 105 60 97 118 34 106 14 20 129 148 4 103 82 136 168 92 86 84 22 91 42 112 100 108 125 43 130 1 49 96 24 84 152 142 151 92 123 137 163 121 173 166 167 164 153 61 82 8 62 25 89 157 81 12 184 103 13 68 101 182 25 66 108 68 62 162 200 146 99 164 148 81 108 163 17 114 63 2 9 79 78 29 118 89 1 108 182 108 150 50 172 188
157 74 173 164 16 176 47 57 175 105 16 195 7 60 84 93 176 143 33 7 23 141 192 41 123 90 2 135 68 118 146 159 109 172 110 131 144 129 86 152 137 122 150 14 54 36 116 153 38 54 150 164 71 113 92 12 106 55 123 86 94 138 94 84 152 88 19 7 97 128 195 41 196 161 131 157 146 75 125 192 98 160 70 62 76 200 4 146 94 85 79 98 121 22 85 91 5 177 93 174
148 2 82 117 90 63 183 121 198 102 178 196 97 177 156 43 94 158 34 47 76 1 66 161 136 3 80 134 145 125 187 171 8 118 123 59 121 100 99 20 150 166 174 124 40 62 51 133 63 70 13 96 33 102 60 189 135 98 111 36 33 169 61 60 68 68 77 14 23 42 170 62 53 139 42 124 170 102 55 76 158 42 14 152 66 188 100 10 109 122 82 52 102 151 110 118 130 95 109 8
160 93 141 62 118 5 17 45 68 186 169 108 110 124 94 170 175 12 125 70 165 76 64 136 70 53 18 149 124 170 165 42 45 183 5 29 111 80 88 188 6 121 172 105 114 151 154 163 7 79 189 30 20 27 10 88 66 72 12 68 75 51 163 61 6 29 69 95 143 42 53 184 103 65 6 98 40 19 182 23 25 115 10 161 77 166 147 40 156 164 37 25 28 72 180 108 186 19 174 85
129 167 173 179 181 38 154 28 10 112 42 122 174 184 177 142 52 140 49 30 64 151 147 40 157 74 33 103 65 93 66 190 59 113 75 191 75 141 64 68 180 27 45 55 144 70 133 4 164 35 75 137 129 196 173 39 124 156 71 123 71 148 144 39 26 45 188 93 7 128 29 177 85 180 107 108 140 145 100 186 20 183 143 173 112 43 193 68 177 10 66 8 46 73 18 121 185 99 145 150
146 187 151 17 24 30 129 146 99 79 169 102 104 38 92 144 76 7 177 32 188 114 8 134 78 32 58 2 71 69 20 124 107 58 200 148 182 193 70 80 74 88 24 71 200 152 170 143 174 74 180 21 9 24 35 186 128 134 181 85 176 75 74 110 77 130 40 154 140 102 83 72 178 3 28 55 113 44 46 141 93 144 159 49 170 195 103 59 184 165 81 28 1 124 28 177 123 137 76 48
134 128 162 89 137 107 57 20 139 38 157 52 179 55 6 87 59 190 95 192 101 195 5 159 147 61 108 199 110 81 90 7 94 152 124 173 17 125 94 189 41 85 166 8 168 14 150 166 176 186 172 179 116 87 44 82 147 79 63 50 192 119 151 47 35 115 176 98 99 171 110 73 14 174 133 83 107 86 13 162 1 67 147 132 145 119 46 73 128 121 156 45 132 66 194 37 39 18 168 58
185 167 160 30 17 166 124 172 91 151 43 82 29 36 19 133 159 144 93 23 35 7 38 2 111 179 13 40 77 68 90 113 69 101 48 113 15 77 120 49 156 55 113 96 165 15 69 65 101 181 12 59 166 41 68 46 60 74 110 54 6 154 8 74 162 134 163 50 22 165 1 120 72 166 89 117 52 178 189 193 192 101 61 49 137 97 161 126 194 85 93 183 165 186 59 53 58 99 11 34
161 71 2 165 178 108 112 86 183 81 151 186 179 181 66 66 127 7 94 49 124 178 69 41 144 40 17 162 129 30 143 188 163 169 79 66 38 4 140 103 62 84 199 26 80 173 84 146 142 81 159 40 82 3 155 14 114 19 78 106 181 66 186 157 117 126 185 189 52 175 58 145 137 186 97 98 99 54 175 117 29 37 179 194 60 149 163 159 79 158 111 33 72 108 152 88 134 134 122 97
57 86 168 54 37 42 134 80 22 60 145 4 160 157 82 155 116 4 123 132 115 6 104 135 176 126 133 6 198 112 179 40 28 133 149 91 81 135 102 21 185 127 145 184 160 50 5 4 61 200 66 66 187 2 188 31 164 131 50 100 170 81 1 17 151 129 134 10 89 144 130 5 196 164 127 170 145 9 122 14 172 170 67 62 135 157 48 154 25 181 83 186 106 175 81 138 27 100 78 59
37 196 168 113 114 34 185 3 153 115 53 87 165 136 138 94 154 83 195 157 121 85 93 114 137 150 144 72 175 186 25 47 105 64 171 38 4 18 77 125 120 127 150 36 61 67 124 196 106 80 28 138 4 6 103 177 27 188 136 111 195 16 111 28 196 172 136 134 89 60 77 157 78 23 40 98 191 27 171 103 72 121 83 55 109 42 109 13 60 1 126 83 104 102 194 198 118 52 178 118
34 36 147 130 107 108 75 92 168 178 171 182 20 49 140 33 138 114 170 88 75 35 131 29 2 70 199 174 58 106 46 175 15 136 127 133 43 7 39 7 114 171 14 155 191 67 52 83 155 77 29 6 5 130 181 18 172 181 74 144 147 158 178 127 163 15 153 22 22 157 57 141 138 160 122 177 48 102 33 155 11 86 114 109 194 137 133 128 54 25 60 166 24 114 128 151 3 156 152 106
137 15 178 34 58 70 179 52 141 148 195 105 168 76 129 171 169 168 179 184 159 190 49 177 11 26 192 69 163 67 177 133 97 172 79 104 141 130 125 184 68 39 178 196 102 125 14 101 11 180 32 133 121 51 126 121 104 97 45 37 176 187 56 117 197 84 94 149 180 61 151 26 106 123 195 152 165 7 181 146 164 26 6 59 31 171 137 199 80 186 185 60 45 30 101 147 64 101 13 178
102 133 1 44 39 184 37 19 33 132 92 1 96 47 15 199 157 172 24 4 74 45 26 37 110 34 159 47 174 181 62 28 64 41 157 131 20 44 52 112 103 129 162 167 74 41 27 137 151 1 180 56 84 169 22 51 9 15 183 26 31 98 110 154 14 101 117 185 149 81 128 194 177 183 163 131 128 68 23 97 134 159 107 29 88 152 171 18 95 25 68 68 159 110 173 37 36 35 180 10
46 49 37 30 161 142 114 58 76 112 137 173 23 40 132 24 180 40 125 182 78 55 183 94 21 89 52 44 153 183 79 128 157 3 164 52 85 111 116 173 152 75 74 177 166 166 44 160 46 58 86 19 72 141 35 174 161 54 126 121 123 82 35 64 190 122 193 82 91 57 125 65 11 100 185 67 67 85 169 146 185 50 81 105 45 143 48 149 122 128 197 184 137 130 179 164 99 164 182 200
102 109 162 35 75 82 54 24 57 58 50 175 153 148 166 82 46 37 15 29 13 32 73 102 117 91 185 55 98 57 42 85 44 157 83 187 41 167 142 138 3 71 176 196 107 58 131 47 141 121 31 105 172 176 148 56 109 153 126 18 47 47 51 149 168 173 62 9 143 39 54 76 177 50 25 198 71 97 165 189 101 161 14 166 113 3 112 2 120 84 17 49 65 118 59 111 119 192 162 127
96 169 199 145 156 147 7 154 107 8 4 175 60 141 66 109 17 41 143 181 68 158 187 120 32 171 118 155 190 121 111 160 15 5 92 108 151 79 149 57 68 165 190 185 39 44 46 35 170 54 121 107 55 115 76 61 115 67 24 166 31 136 182 51 42 149 76 153 90 129 13 74 70 156 151 47 47 151 124 163 45 117 151 192 63 23 180 162 142 117 50 141 182 76 182 115 193 94 68 181
166 13 39 53 151 55 38 100 197 60 55 128 37 33 158 159 36 145 118 1 133 2 112 29 199 15 132 99 92 194 184 170 171 149 159 144 91 35 23 81 105 44 29 111 143 95 172 21 132 162 195 167 163 142 56 72 67 1 42 196 69 163 140 95 147 26 176 36 133 106 7 121 98 7 34 116 15 180 15 54 188 66 154 124 70 170 26 93 105 104 50 190 140 143 147 123 46 106 36 193
166 70 173 40 73 151 128 32 44 117 31 170 135 9 31 107 134 155 126 135 47 48 21 69 162 176 26 116 76 189 184 13 98 143 74 100 150 95 199 62 75 126 71 143 70 77 2 117 193 7 131 169 133 118 144 60 23 104 130 198 98 189 40 88 83 14 89 144 186 124 149 56 193 96 33 4 73 154 35 32 140 65 194 8 149 91 61 186 75 137 58 66 112 77 114 104 145 14 177 181
176 39 101 199 164 38 11 63 176 107 140 65 142 7 176 83 88 136 158 82 164 9 29 29 161 183 96 34 107 137 161 33 151 139 200 30 18 188 69 117 192 112 65 7 129 16 89 47 67 196 66 21 28 37 195 29 141 136 112 132 176 99 97 47 179 111 196 92 197 154 126 5 196 27 27 76 165 86 125 58 10 10 159 34 159 148 197 161 158 23 105 184 178 13 81 7 178 38 24 35
158 16 56 60 129 43 155 63 64 138 117 87 8 11 86 163 3 156 140 168 8 54 17 64 141 187 87 32 2 43 173 112 26 99 61 27 41 185 6 159 121 46 6 63 153 75 34 199 175 189 22 56 37 51 149 11 30 89 8 139 52 74 90 195 187 145 53 75 104 67 41 84 53 50 95 25 53 142 43 64 174 132 155 187 149 12 123 106 40 48 36 55 41 94 191 143 113 108 176 159
2 194 79 63 97 118 11 78 112 95 26 112 5 197 38 62 141 159 47 172 73 123 175 137 75 132 153 192 34 188 157 30 74 17 137 63 26 68 187 190 142 134 89 99 140 49 149 73 40 129 199 173 196 55 65 97 165 95 74 148 73 199 170 175 75 9 183 5 47 36 200 29 164 2 156 164 100 145 163 153 187 172 109 133 41 67 167 4 165 71 55 179 89 36 61 160 81 33 54 86
66 129 35 102 85 186 180 128 73 189 89 171 178 94 88 74 58 102 37 87 105 82 197 153 9 193 115 135 85 171 200 177 46 78 198 141 136 57 174 149 34 63 39 64 60 106 6 34 29 51 60 82 69 14 71 27 154 53 190 165 184 62 36 8 66 135 132 176 3 189 50 196 9 22 125 155 138 160 27 37 120 72 74 159 160 46 65 144 165 116 64 97 75 102 46 140 13 2 20 177
143 166 103 13 37 66 19 120 200 193 182 153 135 118 193 178 74 59 193 178 98 84 29 189 72 111 71 68 5 84 12 83 12 40 60 197 69 13 41 148 115 190 87 192 58 112 198 61 192 178 108 81 178 80 46 105 73 12 52 6 91 157 149 167 36 59 44 26 49 53 23 79 98 30 140 171 136 104 11 152 135 192 169 78 181 156 15 159 92 184 101 74 27 31 138 174 189 96 112 29
60 91 193 97 42 89 26 15 68 117 149 47 183 96 151 136 112 8 66 68 124 106 184 79 159 125 93 96 160 100 194 30 185 134 36 161 93 178 28 184 99 45 110 155 105 129 188 125 2 73 43 145 53 118 200 61 122 71 91 107 119 13 89 51 199 142 127 73 178 100 191 101 190 141 138 200 198 146 3 7 57 26 156 83 160 57 57 84 53 67 58 10 132 159 73 178 177 8 118 66
17 19 58 131 163 98 25 182 84 142 118 103 167 137 75 95 170 89 162 113 187 13 151 64 121 127 87 6 149 72 59 112 169 115 86 9 50 30 181 179 144 38 51 8 174 186 141 142 58 99 140 128 41 87 151 107 40 74 50 29 61 162 136 173 132 189 64 56 38 196 60 53 116 195 149 93 179 66 19 117 200 168 130 47 31 162 52 55 122 133 198 151 159 177 64 37 172 14 105 129
43 170 190 131 8 181 109 71 103 95 51 189 160 168 105 183 128 151 162 54 103 65 183 114 36 2 171 45 163 4 42 155 168 103 192 72 135 144 84 61 142 122 111 93 25 145 29 175 130 41 68 161 107 109 31 95 191 179 92 41 131 41 180 175 169 130 69 144 96 160 108 13 179 20 112 172 200 164 18 148 75 93 162 26 127 108 42 183 156 152 132 32 51 65 118 81 117 89 91 38
14 75 48 131 57 44 25 114 147 47 191 102 135 26 100 47 190 6 47 108 148 56 123 36 121 35 35 22 196 176 6 13 176 169 103 169 11 141 64 47 182 56 184 112 13 192 27 40 190 105 6 152 192 65 27 25 140 125 121 116 81 147 112 72 160 192 48 64 120 189 59 74 141 132 150 15 154 34 31 74 189 15 56 114 14 183 129 59 72 4 7 97 32 182 144 115 77 90 40 193
46 145 73 150 148 23 119 79 177 114 37 77 58 99 23 100 182 153 124 46 30 66 135 171 66 86 7 34 119 39 70 139 121 113 47 48 198 68 145 17 34 102 115 9 46 194 102 18 78 74 7 45 185 52 5 189 1 111 26 116 153 199 70 18 124 132 35 71 179 179 104 81 4 159 87 48 110 128 147 32 31 177 103 189 96 58 138 104 96 113 158 174 34 168 68 140 21 56 75 107
33 142 21 114 97 108 157 46 100 67 14 51 59 19 98 116 100 167 86 135 187 32 173 90 70 3 100 176 171 77 140 121 78 38 93 147 160 124 194 106 20 23 29 175 83 150 26 4 64 93 46 52 119 63 113 71 126 164 14 147 128 124 123 80 75 24 6 21 178 42 104 66 121 184 46 156 30 12 96 133 15 144 28 68 67 86 36 200 177 85 165 79 44 73 1 120 87 166 177 16
95 163 194 113 67 97 80 89 164 85 162 22 4 159 110 139 127 68 118 11 96 58 161 76 136 93 38 170 69 60 193 58 160 112 126 175 46 129 195 43 158 66 92 71 129 180 59 130 151 47 151 40 18 104 50 76 125 147 131 47 169 40 71 46 1 178 1 81 18 90 85 93 20 28 50 189 80 38 97 163 17 138 45 33 191 194 146 183 1 9 61 127 136 178 150 105 131 65 183 41
187 28 104 166 129 71 151 73 165 170 81 111 50 66 59 100 169 199 154 123 6 193 110 178 161 84 134 8 142 95 33 148 42 36 114 121 154 88 185 132 24 170 136 153 67 147 25 41 42 76 92 168 95 164 44 86 8 29 187 128 173 70 29 49 83 92 46 38 22 6 81 160 153 33 29 200 78 155 143 73 162 194 23 124 110 124 95 198 92 150 55 174 92 47 157 74 107 97 158 123
179 89 182 11 151 48 76 100 26 47 50 124 184 116 88 111 2 68 109 33 63 4 112 31 1 93 55 129 32 73 15 52 77 68 95 107 52 169 13 87 43 42 140 169 66 84 170 83 77 157 76 6 200 56 182 63 113 122 31 85 154 80 55 105 104 54 94 142 129 183 50 1 38 79 15 194 182 177 149 45 193 90 157 91 154 156 57 135 9 154 101 127 55 193 176 140 78 157 143 9
74 22 34 171 83 68 183 90 155 34 61 85 43 8 66 135 170 153 182 95 177 82 155 84 64 64 114 50 85 53 169 39 99 61 47 103 17 55 157 160 125 112 165 135 131 55 138 77 30 107 150 190 81 197 125 189 87 131 55 7 200 168 16 167 100 10 195 85 39 168 10 46 156 45 48 102 153 177 141 4 175 147 171 193 92 78 100 169 134 33 102 200 99 82 134 55 194 171 118 12
151 107 19 8 115 56 93 188 6 159 158 124 173 5 39 198 192 107 98 8 1 144 158 193 134 5 14 159 4 80 92 137 80 178 67 171 132 181 65 169 88 27 35 115 144 148 26 18 115 77 96 93 4 41 47 86 106 45 127 89 162 166 114 61 65 70 147 183 50 38 13 89 133 12 151 129 99 133 175 35 37 27 160 126 78 34 198 71 13 10 186 184 9 200 32 35 115 154 194 142
92 95 2 31 53 158 158 7 22 112 130 140 49 139 42 99 6 5 131 19 69 109 11 125 94 135 9 108 73 173 10 89 181 18 85 27 194 45 26 18 45 170 120 57 181 187 178 80 179 137 34 126 77 96 176 95 24 86 183 137 171 140 119 93 107 33 45 82 70 18 186 60 182 181 122 167 164 127 53 18 194 107 141 159 25 96 162 134 141 23 109 41 62 53 136 179 105 58 50 132
174 7 112 196 22 191 6 100 111 194 149 74 99 128 139 15 60 125 82 50 158 153 179 179 74 19 84 200 20 41 187 81 8 81 51 66 34 189 53 119 62 169 42 141 146 109 133 111 131 157 140 197 102 14 81 161 142 176 199 33 46 51 36 195 189 74 154 15 125 186 173 119 39 163 178 53 87 60 101 123 134 6 139 34 22 187 70 162 44 159 103 165 134 40 93 168 31 150 142 146
132 190 72 10 153 163 15 128 89 145 53 54 141 184 138 172 58 98 8 95 119 184 151 69 154 16 185 83 193 82 78 62 172 72 108 145 174 90 159 110 160 28 128 83 180 117 4 166 146 114 26 180 196 50 81 119 45 148 83 111 40 193 200 195 107 127 68 7 78 142 125 51 172 17 10 161 100 38 90 127 142 191 137 146 74 47 163 79 77 75 149 188 118 189 48 171 163 34 198 86
5 121 41 82 40 57 47 173 25 139 106 64 48 101 169 102 15 112 163 191 172 63 119 55 167 43 181 83 45 168 193 100 64 87 1 60 127 52 132 110 12 56 126 81 5 165 57 1 148 85 178 96 46 46 120 5 79 178 10 18 68 53 125 136 6 126 183 164 100 48 121 12 56 73 197 20 135 77 98 74 155 127 95 40 128 186 56 181 101 75 26 5 28 106 71 64 66 121 17 30
100 187 88 190 85 70 63 185 117 101 69 147 61 118 23 16 5 160 95 174 15 47 97 158 141 54 147 72 83 1 56 84 116 179 68 11 11 161 87 115 45 199 104 39 15 190 120 124 122 57 6 52 153 64 115 131 183 182 92 129 63 122 21 173 129 20 10 200 71 151 101 113 173 123 35 160 32 180 118 33 23 32 18 19 41 146 85 9 18 195 154 193 162 190 163 59 104 173 25 104
153 79 168 85 196 94 38 12 86 74 99 143 50 13 33 174 198 168 112 135 168 9 77 61 108 191 108 168 34 185 51 178 64 103 163 176 52 123 21 35 115 109 46 88 179 74 163 159 58 162 62 3 200 178 42 47 174 124 108 153 172 182 190 152 156 113 6 64 145 48 36 188 198 58 38 74 46 81 196 20 50 168 171 195 199 74 63 49 184 155 58 43 80 148 74 20 168 8 46 149
77 63 67 181 50 109 114 115 190 99 189 99 97 182 169 44 102 48 12 28 36 72 128 14 93 186 37 123 56 155 106 144 154 7 170 194 131 96 167 52 173 14 180 179 85 137 50 143 143 35 128 123 71 98 85 66 25 171 67 141 84 123 7 17 24 57 73 106 162 78 129 134 124 37 138 94 66 34 59 188 29 126 95 53 82 177 87 196 112 183 141 50 193 117 183 48 141 1 83 68
69 88 68 46 14 104 151 122 129 150 178 192 61 138 44 11 139 173 154 73 87 83 192 47 106 182 22 184 27 25 115 132 76 67 127 46 104 88 117 26 3 87 86 118 55 23 34 106 98 93 125 84 137 56 174 30 193 34 152 194 148 89 100 193 149 14 180 117 198 6 167 192 60 159 127 14 105 68 3 17 56 65 108 182 61 74 79 107 188 12 111 31 45 40 25 13 168 164 50 67
37 174 122 57 108 16 121 160 16 142 60 17 147 196 127 61 107 142 10 127 79 3 112 28 59 27 62 44 123 192 116 167 193 45 196 41 29 102 89 78 125 140 32 17 45 83 33 100 52 79 181 5 135 74 169 100 46 136 61 180 162 74 171 64 138 188 88 7 149 188 113 198 53 127 156 141 2 58 59 26 155 164 184 160 9 193 66 148 27 128 57 186 43 2 19 27 46 16 44 15
132 199 127 80 1 107 51 121 184 36 46 126 156 150 51 7 200 9 6 177 72 96 21 41 187 13 125 76 117 150 107 76 172 57 107 60 13 111 95 47 170 16 40 99 75 4 77 190 80 77 38 153 1 129 198 27 23 20 164 105 167 40 119 15 150 176 187 25 163 128 121 51 174 118 98 90 12 94 107 4 168 24 36 153 76 195 39 121 14 144 135 181 158 193 87 152 122 78 61 45
191 33 144 54 196 94 53 105 28 92 37 168 1 22 183 108 60 182 169 19 124 27 126 68 9 37 145 173 199 83 165 115 194 16 166 10 26 186 17 168 88 118 155 11 164 97 193 122 115 50 1 56 137 72 77 12 157 91 63 83 172 194 192 181 4 69 12 137 69 117 127 79 172 143 148 151 124 168 68 127 139 73 198 127 198 68 67 196 134 51 3 153 143 184 105 22 6 37 4 94
38 171 192 150 134 140 2 176 169 77 166 156 127 61 127 69 189 121 97 134 141 193 110 155 129 79 36 63 17 132 200 47 104 51 160 54 120 196 2 68 22 73 22 159 161 123 111 155 16 92 66 34 144 62 118 27 100 52 39 3 123 137 33 179 85 74 132 92 79 193 81 107 73 26 10 76 161 16 38 68 136 50 122 19 98 82 194 105 9 89 64 34 57 175 127 198 151 12 75 72
17 99 67 127 10 137 2 190 138 133 42 102 32 64 154 24 96 70 120 147 60 56 50 59 13 116 9 52 39 125 139 75 23 88 22 79 106 23 46 14 120 81 74 24 23 142 173 144 146 5 33 153 41 184 175 69 43 69 188 26 129 43 57 37 16 66 191 166 93 18 169 148 127 177 58 197 100 26 188 79 48 45 109 43 192 119 69 43 193 135 34 73 135 197 187 77 2 102 112 114
189 165 39 177 39 61 188 120 129 164 187 176 172 152 102 139 5 175 57 102 176 75 125 72 140 3 43 49 43 177 123 86 22 192 133 102 192 40 112 126 99 23 101 166 142 16 120 131 117 101 169 49 80 140 176 100 200 30 38 148 127 126 139 1 85 62 64 94 78 187 63 46 60 157 8 98 140 190 195 115 58 60 71 29 174 37 64 140 167 71 49 49 45 137 118 134 141 67 182 131
36 119 68 69 116 184 67 188 38 125 66 112 60 31 78 38 95 89 119 27 46 46 138 175 95 155 1 12 119 195 47 61 193 77 33 198 59 72 23 47 99 152 70 126 39 155 123 198 11 141 112 34 100 191 112 165 133 47 135 33 27 80 179 100 110 172 179 163 132 145 130 50 146 194 32 197 70 30 169 198 96 64 105 14 152 194 122 50 11 156 90 76 187 28 88 71 114 1 12 118
84 65 29 54 38 128 112 93 28 103 122 106 98 88 165 120 60 178 65 4 20 197 26 76 188 144 152 54 9 127 71 60 179 128 28 85 69 47 90 160 60 135 93 89 18 7 29 168 196 86 75 23 142 189 155 1 160 189 33 88 152 140 193 45 82 21 182 174 98 168 80 59 123 191 76 105 103 95 171 129 78 15 189 109 151 43 109 131 36 5 181 87 137 106 105 99 78 164 52 45
11 136 84 58 197 148 61 111 109 157 167 163 54 93 184 27 48 123 26 33 164 154 45 156 188 154 27 45 110 2 16 50 60 112 101 96 152 10 33 111 87 195 140 192 106 102 94 130 170 148 157 54 122 160 181 89 186 35 200 193 56 170 193 153 58 165 49 51 88 136 109 169 186 53 46 39 33 59 101 101 38 115 108 152 180 102 76 158 127 143 172 140 44 144 83 178 172 48 90 85
63 101 61 47 142 1 139 71 75 18 66 137 103 104 9 96 2 93 116 67 83 90 142 34 182 199 174 18 39 128 161 131 3 76 143 79 8 125 49 94 125 108 195 86 196 10 187 49 171 170 81 57 128 34 83 170 7 99 16 20 186 98 157 32 84 106 94 152 192 196 134 167 116 197 113 80 171 79 83 158 143 91 198 123 46 49 111 113 150 28 186 129 56 176 156 109 32 41 80 191
158 42 189 149 17 104 174 134 13 24 133 1 85 97 82 2 135 68 125 35 165 90 34 16 137 150 173 38 7 144 63 130 91 138 51 70 52 72 23 62 95 112 87 90 187 99 147 121 56 161 69 133 115 180 72 41 194 162 19 28 149 74 158 163 21 106 30 119 95 119 151 18 123 97 74 38 58 32 169 112 20 158 181 79 41 101 117 47 184 114 191 6 14 72 72 144 108 124 139 56
104 21 155 129 103 33 15 25 187 41 107 41 144 7 81 126 101 55 150 27 29 152 178 31 53 56 103 10 121 149 151 11 170 134 174 23 130 165 52 24 104 91 91 52 144 137 155 42 96 198 18 27 174 101 193 106 73 84 120 175 60 19 128 71 90 133 110 50 172 87 31 110 7 111 125 4 179 159 142 91 123 34 113 58 40 171 89 90 197 177 143 151 26 87 65 27 131 32 16 141
73 52 186 111 61 94 27 87 103 70 73 83 93 179 76 36 196 49 179 115 188 198 58 60 145 192 22 174 178 110 83 199 180 4 113 172 132 185 184 43 58 192 84 99 116 78 1 33 193 125 114 165 186 7 24 43 83 29 196 14 192 80 159 120 85 2 78 197 114 5 93 126 92 21 86 123 149 129 55 159 104 146 150 177 47 84 174 14 187 14 181 30 2 121 98 148 100 86 138 144
107 3 37 165 46 192 74 127 67 26 83 170 102 42 47 142 17 34 138 152 25 36 93 175 55 156 169 4 74 187 184 130 77 30 143 67 1 161 116 105 26 168 138 129 79 84 97 35 47 102 118 192 36 82 113 34 106 180 29 125 199 11 74 138 43 180 191 37 13 102 12 73 120 71 96 130 63 168 171 82 191 91 167 70 44 115 75 176 185 33 97 138 154 74 32 128 199 150 58 103
168 67 187 192 27 149 41 27 181 12 4 95 132 65 146 120 21 76 193 57 80 135 138 82 113 6 183 1 1 42 3 148 105 18 177 74 56 105 180 53 47 118 9 2 103 60 67 187 104 156 97 43 80 181 116 75 7 116 90 67 127 84 95 188 163 42 124 194 71 116 114 54 173 80 179 149 44 112 10 64 195 123 99 21 136 47 14 58 13 151 190 47 4 146 158 116 105 171 99 176
196 61 43 136 99 154 5 175 94 110 174 132 153 116 114 4 2 15 32 37 165 163 55 14 193 188 81 199 182 161 107 108 149 31 74 18 176 31 108 156 63 199 4 58 103 133 15 194 82 99 81 52 61 68 77 149 93 27 110 103 143 162 101 120 2 23 50 48 91 163 155 26 41 114 15 47 39 9 87 158 46 64 71 19 199 79 180 133 15 25 73 167 13 56 121 125 117 148 116 121
110 121 200 95 24 83 130 118 158 191 37 184 176 28 151 18 43 187 58 125 196 19 52 157 56 139 28 84 42 178 46 151 110 126 129 14 24 59 180 164 42 123 164 6 16 158 67 179 169 177 34 159 175 137 81 26 25 181 105 23 108 133 64 30 179 143 118 89 158 10 148 15 180 81 74 132 193 146 86 4 159 10 182 165 114 85 59 49 169 43 98 90 132 94 41 124 123 117 2 191
65 106 184 1 56 169 89 104 115 127 105 45 52 152 15 109 143 59 94 2 28 96 90 84 27 111 130 50 65 25 73 62 104 116 82 110 53 28 11 49 18 103 15 149 5 46 160 140 12 37 50 84 49 155 186 81 187 153 76 83 48 149 166 19 143 47 7 100 192 198 30 200 13 96 128 10 193 185 7 136 4 101 143 199 62 98 176 149 76 46 7 165 82 99 136 132 80 32 114 107
35 68 129 200 178 169 150 166 81 123 18 71 80 106 121 22 166 134 16 165 151 110 99 123 16 123 75 179 2 8 121 41 5 141 36 38 113 8 166 194 159 67 78 147 157 23 148 20 31 117 67 167 153 23 167 160 199 16 152 93 195 193 112 89 88 80 134 135 193 192 198 66 18 87 188 82 185 193 12 47 76 114 63 119 88 133 196 175 145 64 41 175 194 90 105 15 59 176 146 49
32 77 120 149 66 164 27 60 92 102 76 120 46 146 185 9 152 100 184 152 19 87 139 51 81 140 172 186 20 38 198 85 120 188 146 111 10 120 192 44 183 142 72 175 66 71 143 136 47 9 142 134 37 114 47 173 144 169 94 194 14 11 41 10 27 52 196 140 7 166 92 20 183 171 106 181 83 92 108 168 142 106 89 130 74 36 35 173 55 175 28 131 134 112 165 26 102 167 148 172
61 26 195 190 115 31 133 9 62 108 23 110 119 50 157 19 20 2 141 195 181 193 60 59 26 169 112 3 12 41 72 91 137 105 112 151 39 151 76 151 86 29 198 30 75 168 26 136 82 100 118 39 190 136 196 20 136 51 15 51 45 154 143 153 24 128 62 196 113 19 75 192 150 123 129 56 135 140 14 158 93 37 60 46 14 15 102 128 70 150 64 47 31 4 39 97 130 72 69 151
117 81 7 84 61 110 131 142 42 140 184 108 103 77 52 102 65 38 53 2 147 87 164 171 27 18 166 50 165 102 174 186 190 171 84 1 191 83 70 85 78 31 45 85 83 58 125 7 41 160 131 77 179 179 161 177 44 119 134 156 72 165 77 200 156 88 133 184 3 78 94 175 128 70 98 174 177 129 156 143 165 188 168 156 168 88 184 72 192 95 95 27 114 129 80 34 30 145 17 107
103 190 143 51 173 43 43 23 29 21 73 142 59 101 20 76 146 34 110 171 102 173 174 122 197 113 165 60 160 82 156 53 21 7 166 43 2 21 28 88 16 125 137 181 130 134 116 57 5 145 185 33 35 53 173 159 170 50 100 119 85 51 188 185 173 8 166 198 132 175 24 102 191 83 4 65 124 137 49 73 88 84 40 40 28 195 68 151 55 118 75 46 85 92 102 68 89 17 81 144
85 92 195 111 127 178 158 77 66 165 168 112 186 85 53 51 24 146 39 67 73 27 184 36 70 23 176 124 9 89 77 174 185 191 73 169 181 174 131 160 59 137 136 169 16 93 72 151 32 179 143 58 93 122 119 19 194 89 183 146 162 129 149 156 130 54 138 146 197 96 25 43 196 11 182 84 186 100 10 136 131 52 45 173 67 159 96 190 114 17 173 36 122 25 14 59 96 188 41 82
187 44 186 84 103 87 110 139 100 54 43 190 119 5 101 145 88 42 40 197 165 11 47 80 37 81 152 143 61 178 7 21 26 79 40 149 40 114 159 96 83 119 119 97 83 64 183 187 178 138 71 110 68 187 80 126 109 35 67 15 180 166 84 197 8 20 176 70 15 43 1 23 193 41 60 140 31 115 183 166 101 192 155 99 53 198 49 20 85 137 173 75 141 51 154 107 45 186 135 9
179 135 65 176 165 108 157 68 32 143 108 123 10 89 120 101 94 107 26 48 141 147 153 86 98 177 3 118 147 141 49 140 192 86 146 51 176 41 30 160 89 81 126 187 62 102 107 30 189 170 6 31 70 112 25 58 120 2 134 106 99 103 105 61 83 102 10 142 6 26 41 61 35 159 39 144 76 143 154 40 23 90 187 76 197 178 99 164 39 14 157 93 87 177 194 179 199 200 1 127
47 180 61 14 93 145 43 77 26 88 116 81 39 48 160 11 23 103 135 100 4 84 179 158 18 86 192 20 148 135 85 152 134 167 142 69 71 122 82 24 27 116 108 118 140 34 5 11 56 145 13 161 78 55 166 19 23 102 92 67 168 15 54 121 108 128 39 5 111 4 174 109 78 116 179 88 13 157 23 182 67 148 170 19 190 194 52 148 89 26 67 14 34 159 37 19 91 18 110 40
40 43 83 122 64 28 72 42 162 111 30 182 56 69 72 105 13 139 134 145 86 72 119 68 37 43 150 180 147 136 130 141 200 160 171 178 134 170 144 45 180 92 64 46 97 113 162 123 70 141 97 13 142 55 34 22 36 99 37 102 122 96 48 153 123 65 146 178 178 126 60 89 7 149 137 78 140 38 103 116 127 130 112 80 164 130 82 175 198 35 15 174 191 34 109 118 138 81 37 45
93 190 123 105 80 54 172 158 158 110 7 133 178 33 143 77 135 186 103 14 123 102 109 39 166 194 111 94 99 190 29 136 192 6 28 50 33 195 191 175 193 193 168 24 110 179 199 155 24 195 167 14 59 51 97 69 30 107 58 174 109 144 116 164 136 190 10 32 120 130 11 76 117 68 190 1 95 82 48 74 35 50 144 31 132 132 100 35 159 104 157 21 70 34 122 32 75 74 191 43
192 14 112 3 45 184 19 200 133 186 179 93 200 31 163 42 67 105 178 72 160 60 171 97 61 37 10 2 96 133 71 160 192 33 8 178 41 193 126 182 42 126 167 77 50 152 97 14 25 26 181 178 20 140 130 67 76 131 73 60 120 129 40 135 117 42 167 62 95 104 119 54 109 139 156 49 196 72 42 43 86 153 97 129 80 149 152 19 70 125 5 141 2 24 98 146 4 53 55 88
82 187 161 21 31 109 133 99 61 178 134 8 62 156 158 46 53 84 125 86 134 132 108 170 9 193 78 165 86 91 108 94 158 157 64 36 40 30 147 158 68 111 188 179 13 21 190 123 63 144 158 147 76 57 38 185 81 183 41 85 198 179 92 19 137 19 97 56 144 152 89 57 160 178 133 10 197 52 200 196 63 47 133 106 199 159 189 154 100 49 136 196 151 186 173 144 46 31 193 26
6 76 51 97 160 157 145 108 68 75 164 123 94 46 142 196 171 158 31 100 68 70 7 154 95 21 163 187 82 190 176 35 31 93 65 191 16 21 116 117 3 31 169 71 177 108 126 189 27 38 69 164 12 100 200 27 175 182 56 155 141 60 112 62 154 199 184 51 33 59 196 84 5 162 82 29 50 148 8 80 52 65 91 15 130 200 154 23 169 13 8 153 111 42 118 101 113 65 68 66
100 196 104 140 102 168 6 2 89 79 3 67 88 182 6 58 87 72 101 158 102 130 41 80 22 121 165 32 7 184 106 175 196 104 58 110 136 29 100 185 160 12 76 104 23 25 192 65 117 109 130 147 105 125 54 67 97 68 126 199 51 49 155 196 3 124 43 143 65 126 88 23 77 152 19 103 133 39 100 71 84 107 34 99 87 165 151 159 35 30 179 195 139 157 142 93 21 121 85 146
65 132 75 110 176 185 98 193 19 76 137 74 111 46 134 1 199 46 122 48 164 153 177 197 89 190 129 188 199 136 196 94 64 101 189 124 189 176 180 74 36 156 199 162 28 24 165 68 16 82 34 36 186 19 92 72 69 108 146 141 160 172 28 3 11 200 93 108 13 197 196 134 161 96 43 182 154 198 153 103 194 1 111 102 66 7 37 188 172 189 62 39 112 35 18 139 103 112 49 20
65 111 169 121 131 76 73 123 157 155 113 13 194 198 194 170 75 99 34 177 58 181 126 97 141 18 118 94 13 130 10 87 139 155 183 71 60 126 109 150 146 137 31 176 49 72 186 20 36 71 168 197 86 98 154 63 82 194 81 158 153 78 109 122 100 45 183 7 136 67 70 86 138 186 115 95 41 179 169 125 120 35 9 184 3 10 44 75 176 177 107 87 107 145 31 58 140 95 180 162
109 7 27 52 48 75 194 161 118 137 89 70 149 193 197 39 154 84 132 127 129 72 157 156 23 60 35 79 152 160 36 138 142 137 157 4 31 162 84 96 44 46 142 143 140 113 113 75 162 183 155 105 142 187 8 195 194 181 177 93 89 16 137 21 80 176 11 36 76 198 88 122 16 78 105 89 68 162 175 70 90 108 45 111 113 80 196 141 2 149 183 94 186 177 34 27 57 40 94 67
33 11 194 120 114 106 88 26 193 57 142 42 76 10 43 139 77 8 78 115 6 71 68 194 96 19 183 59 130 7 3 164 91 138 157 155 156 38 199 13 85 115 187 97 172 42 4 165 120 169 9 188 71 199 72 79 127 77 120 152 173 78 140 180 104 59 7 165 91 55 134 146 59 92 42 126 128 39 190 137 120 31 9 23 87 72 7 178 140 186 26 126 108 97 194 161 192 90 3 13
17 34 122 83 131 45 123 51 162 7 190 100 82 101 84 15 165 156 179 104 30 74 36 40 31 3 175 127 65 105 195 52 123 161 115 26 9 180 70 128 64 117 192 198 18 147 13 130 17 188 38 190 189 187 29 7 122 161 21 138 156 141 94 111 96 43 200 119 186 137 115 80 177 138 141 112 156 139 184 145 84 98 93 12 90 190 92 34 91 118 10 154 12 163 178 174 146 136 83 73
115 43 164 112 181 112 92 74 142 114 189 99 16 182 197 190 72 110 78 71 29 130 174 181 94 127 182 56 186 37 149 14 77 177 22 71 166 98 11 40 123 141 155 138 199 159 99 111 60 95 114 148 166 97 114 184 13 109 118 125 183 31 108 160 54 123 33 24 198 47 28 121 41 50 15 92 185 190 179 107 180 147 139 138 74 101 103 147 54 149 29 187 162 81 97 60 46 136 13 175
64 6 9 133 23 98 8 136 151 146 3 92 86 164 31 159 89 147 91 150 195 118 72 49 151 195 140 6 5 1 124 122 54 59 32 147 37 46 120 150 40 170 138 45 141 37 69 79 9 5 24 73 57 42 113 123 179 147 155 16 153 142 29 115 155 90 93 3 118 33 157 114 117 21 81 3 54 61 33 12 17 72 100 113 102 24 150 102 94 16 112 160 184 128 48 171 51 132 124 143
4 181 29 6 102 72 10 95 168 193 130 164 136 79 139 109 31 3 65 151 186 169 10 49 180 185 26 191 15 53 197 92 113 194 139 42 43 111 66 68 73 98 99 137 138 104 39 10 182 25 10 44 20 163 199 34 66 28 167 186 152 54 1 95 172 193 120 123 33 67 151 72 99 108 28 143 44 95 89 47 71 192 75 67 27 178 78 148 33 80 24 185 180 100 49 14 83 192 160 100
167 82 199 184 114 167 144 92 122 63 79 38 6 113 91 67 192 75 166 102 186 177 51 185 165 68 54 103 128 14 29 12 139 151 9 77 40 196 25 171 67 151 144 105 189 91 75 185 136 179 187 185 150 68 25 179 160 89 111 5 112 170 28 96 83 29 131 70 109 65 102 178 175 87 125 92 121 118 101 4 200 174 172 68 61 107 144 96 172 181 9 77 91 182 169 198 93 95 197 192
63 4 62 9 58 37 118 6 93 172 18 62 6 132 153 82 185 91 125 191 84 199 144 118 65 25 53 50 56 18 153 58 128 161 130 128 175 137 108 164 161 187 190 84 43 94 129 200 164 98 91 163 177 117 146 153 80 56 53 171 113 45 46 31 35 174 15 138 56 64 4 81 7 187 98 20 138 148 104 64 60 99 33 189 77 8 110 77 55 130 81 189 116 200 186 68 48 164 80 177
80 46 160 35 42 84 58 125 71 2 134 111 44 146 121 195 22 18 75 102 150 135 34 47 79 129 32 154 170 30 196 170 29 26 199 106 146 5 40 55 97 106 121 197 116 183 164 68 188 182 149 87 196 81 171 77 27 169 188 114 69 141 197 70 94 22 78 54 198 81 171 146 63 142 81 52 44 13 23 192 89 171 144 149 94 59 89 27 88 195 40 97 115 90 152 88 183 13 124 178
187 160 60 91 37 143 161 38 175 73 67 171 93 22 72 57 50 182 187 127 174 42 171 63 119 48 157 134 162 35 69 141 14 82 81 160 79 129 168 64 139 179 116 77 172 178 28 194 7 40 107 40 84 114 199 141 18 6 34 188 105 50 16 69 44 50 96 94 113 96 143 41 137 120 128 13 106 200 11 107 77 39 101 64 67 35 103 15 69 129 169 69 50 188 143 176 51 60 2 156
157 122 97 36 99 47 178 60 43 76 24 187 46 66 69 132 54 49 45 135 3 110 79 85 161 176 9 88 125 147 99 187 8 160 56 141 148 50 187 8 172 165 151 22 79 161 62 39 177 143 122 144 163 160 151 40 100 111 28 195 93 156 36 64 28 116 59 140 188 155 118 189 42 3 127 18 157 47 80 128 175 17 130 134 195 71 177 20 32 199 42 103 63 194 199 39 153 13 110 95
37 158 200 191 149 18 71 13 41 117 54 145 73 7 116 111 93 5 95 111 159 38 36 172 142 48 176 25 174 112 163 84 71 37 141 48 103 120 70 37 149 128 127 157 196 52 8 100 118 132 2 135 27 53 12 36 67 140 124 160 42 63 26 123 136 200 19 102 115 121 1 103 148 83 110 194 53 191 43 36 19 124 75 50 8 20 29 152 126 85 154 20 120 71 15 181 184 162 21 31
194 72 64 116 101 141 187 67 80 112 90 44 86 78 66 155 195 129 190 164 166 48 12 164 91 46 71 12 54 109 131 165 157 44 94 131 178 111 131 144 50 178 110 103 143 96 164 51 165 171 20 65 66 11 166 130 144 123 191 121 111 45 21 124 67 134 181 89 47 175 149 100 52 135 142 72 108 88 88 84 139 85 142 81 70 84 46 38 64 3 3 105 150 89 95 45 26 16 37 144
90 23 123 139 71 12 184 141 59 27 30 119 78 125 6 16 86 163 67 176 77 11 184 6 54 165 134 35 42 116 193 114 50 77 182 73 169 176 76 176 188 13 179 36 105 44 18 34 137 95 187 50 189 161 173 2 145 21 144 125 77 114 116 181 127 97 61 26 172 14 34 53 164 146 119 161 7 35 147 80 9 181 45 14 58 128 151 84 52 54 164 110 142 50 160 31 176 173 132 146
