30 	
1	10
1	9	6	122	7	
1	7	3	35	8	
1	2	7	135	1	
0	8	6	154	7	
0	9	5	170	9	
1	9	1	25	5	
1	1	2	145	1	
0	7	5	108	3	
1	2	6	204	5	
0	9	4	230	3	
0	3	2	28	2	
0	9	2	41	6	
0	5	4	25	4	
1	4	6	201	1	
1	1	9	159	7	
1	9	4	120	8	
1	3	5	0	9	
0	1	2	137	1	
0	1	1	125	3	
1	7	8	173	6	
1	9	3	118	6	
1	1	8	52	4	
1	5	4	140	6	
0	7	6	44	5	
0	3	5	84	9	
0	1	5	218	9	
1	7	7	19	5	
0	4	7	111	2	
0	3	3	65	4	
0	9	8	88	4	
126 113 133 56 42 175 65 140 130 138 56 110 36 129 154 95 192 67 38 21 126 95 185 132 162 30 107 174 75 192
185 32 138 112 147 114 110 198 110 194 24 14 60 121 132 140 31 168 113 54 132 198 81 57 182 42 23 163 165 49
19 26 173 12 13 178 158 93 10 82 120 30 151 40 161 36 164 140 185 65 180 48 27 38 40 46 22 56 187 185
150 171 181 125 47 88 89 94 47 72 91 151 72 46 32 56 177 58 126 72 7 76 150 186 190 8 37 5 4 190
23 182 54 90 58 195 195 91 73 75 129 31 159 71 177 160 119 10 60 176 172 81 146 162 83 15 193 52 101 116
5 28 40 33 145 98 10 3 144 85 14 74 111 121 125 23 132 39 31 68 64 170 99 78 106 10 20 199 171 38
143 86 52 13 184 181 107 121 108 82 183 95 144 198 188 16 189 68 154 177 104 109 149 43 107 3 25 182 119 21
47 140 97 190 124 198 21 196 104 173 163 141 136 3 180 18 26 20 104 170 121 30 29 189 27 24 34 196 16 142
58 45 2 141 121 193 168 132 166 83 160 1 43 173 117 104 170 29 84 182 63 72 66 1 192 56 159 128 64 84
14 141 54 50 181 20 92 20 79 86 88 12 103 165 19 103 17 168 3 153 21 37 103 74 186 1 184 74 157 129
170 182 49 192 158 150 52 146 11 11 37 111 73 76 32 90 116 28 149 139 178 96 194 137 138 180 44 155 113 41
188 125 37 16 161 65 64 196 26 12 159 112 175 137 110 152 136 69 115 151 79 12 197 189 145 16 9 192 75 145
48 79 167 99 40 50 24 94 35 46 55 90 59 4 89 5 186 134 199 11 123 85 99 119 103 17 107 187 44 126
170 167 86 176 55 43 179 1 87 108 168 75 5 132 80 109 84 6 94 112 19 73 3 111 192 181 24 10 29 64
158 52 147 171 46 27 52 79 17 85 138 165 77 126 107 198 13 100 27 161 179 175 2 52 192 7 15 26 182 105
149 60 49 94 112 102 121 31 166 80 136 162 74 20 70 169 51 171 70 69 47 11 94 2 46 74 166 192 18 50
103 140 68 38 178 137 155 79 22 100 66 3 91 43 58 104 57 112 132 60 179 51 118 39 18 110 47 24 190 139
12 2 142 131 130 41 5 15 84 167 67 136 33 94 84 181 82 184 21 164 14 148 22 109 188 37 64 127 113 135
162 53 2 77 152 160 146 17 38 170 171 159 27 142 83 113 104 24 95 51 74 198 62 137 33 61 33 127 130 45
24 105 15 189 65 56 168 77 34 48 108 20 12 133 178 189 186 127 93 47 116 49 105 121 124 16 9 115 131 12
181 53 169 78 179 16 195 133 104 34 162 130 198 167 57 108 189 26 31 160 198 32 56 80 68 104 65 156 199 141
31 108 19 198 111 41 25 113 24 155 88 131 119 195 159 99 146 53 84 84 128 111 188 158 190 146 55 124 180 92
174 193 187 85 30 128 120 89 50 7 148 19 187 166 135 166 145 103 70 34 186 88 178 9 50 98 146 158 126 53
114 198 108 94 188 56 86 157 54 196 48 170 71 195 146 7 19 39 141 26 3 2 185 36 194 15 15 13 3 118
144 169 58 165 91 156 37 31 34 195 160 131 197 92 37 76 170 96 172 146 93 18 173 93 26 19 23 182 145 96
73 52 67 57 9 85 168 150 91 56 71 172 59 69 179 11 181 198 62 53 105 41 114 156 83 116 59 132 29 124
154 195 164 165 64 111 96 60 67 181 135 34 173 23 26 169 115 61 65 121 182 126 163 185 185 36 1 111 25 136
29 178 198 147 140 63 183 82 52 56 199 36 139 1 76 121 124 164 191 5 196 136 41 130 50 197 5 178 186 181
161 168 99 132 180 81 27 150 103 68 52 191 94 148 137 107 124 193 168 177 51 178 135 200 184 82 181 156 4 178
86 36 113 55 153 85 45 179 132 121 102 160 79 172 98 139 198 178 64 49 190 145 48 188 26 120 120 152 137 141
12 16 36 58 141 116 81 198 48 122 125 87 26 186 38 178 11 64 161 168 69 103 53 9 75 197 195 190 23 43
