60 	
6	61
1	1	2	328	9	
0	8	9	525	3	
1	1	6	372	6	
0	3	3	169	8	
0	8	7	510	6	
1	3	7	231	4	
1	2	9	525	6	
0	8	6	296	3	
1	8	8	380	8	
0	4	1	43	3	
0	5	1	344	3	
1	5	1	58	4	
1	7	6	254	8	
0	5	6	91	5	
1	6	6	60	6	
1	6	3	496	3	
0	8	6	30	5	
1	2	3	532	6	
1	5	2	597	2	
0	7	8	33	3	
0	1	9	190	7	
0	7	4	64	6	
1	3	1	85	5	
0	2	1	510	1	
1	4	3	389	8	
1	5	6	70	4	
1	3	3	609	3	
1	1	8	201	3	
1	8	7	25	1	
1	4	9	145	8	
1	7	5	520	3	
1	4	2	373	4	
0	6	1	596	2	
0	7	4	580	1	
1	6	1	577	2	
1	2	9	58	8	
1	9	9	498	1	
1	8	9	296	3	
1	9	7	217	5	
1	3	9	516	2	
1	7	8	173	6	
0	6	7	82	1	
0	1	4	596	8	
0	8	9	530	2	
0	9	2	301	1	
0	3	9	84	4	
0	1	7	35	8	
1	2	5	147	5	
0	1	8	42	1	
0	8	9	39	7	
0	9	5	84	5	
1	1	6	301	2	
1	9	2	228	4	
0	8	9	224	5	
0	1	1	38	3	
1	8	9	14	9	
0	6	4	570	4	
0	8	4	352	3	
1	2	1	239	8	
0	8	3	429	9	
48 147 75 96 20 192 147 90 48 124 175 96 131 20 46 64 129 21 30 81 98 196 137 94 198 18 171 104 113 23 158 159 131 29 84 109 104 55 105 73 125 2 34 198 78 106 188 52 182 183 110 71 25 127 79 133 72 197 155 64
57 172 181 130 85 43 54 162 8 63 44 28 187 139 48 143 151 90 186 78 171 115 41 137 126 104 136 137 120 181 96 91 75 65 12 21 87 122 171 46 159 176 137 144 133 153 107 157 35 145 114 182 123 199 146 139 120 109 179 173
98 169 197 133 169 148 3 116 120 31 6 39 15 196 199 82 131 13 117 5 84 115 168 88 144 121 65 84 181 112 112 46 113 21 158 32 132 2 141 144 19 77 51 192 5 86 29 22 82 132 71 137 36 22 13 66 119 69 42 91
84 105 134 66 149 118 108 38 69 168 78 200 157 111 57 113 138 112 2 90 116 170 129 72 184 58 12 105 9 140 66 91 95 199 22 5 17 70 49 29 134 70 193 99 58 40 10 111 84 74 169 161 3 12 75 154 13 38 115 116
70 138 144 6 17 173 79 173 57 39 109 184 38 79 188 57 35 120 38 19 57 17 83 158 161 82 61 23 180 185 151 117 166 182 30 11 173 183 179 168 15 83 155 200 186 51 15 105 47 36 184 98 21 84 189 138 183 173 27 45
82 13 99 57 70 140 98 192 80 98 81 26 141 76 179 31 150 17 94 87 44 197 157 103 96 155 96 114 70 45 131 162 12 125 36 132 100 53 95 16 12 32 189 125 18 5 13 75 143 197 152 44 125 198 129 161 36 60 170 68
146 160 35 88 167 158 94 76 172 92 95 188 82 185 16 39 199 152 148 38 65 195 32 114 144 147 75 121 197 87 65 52 42 55 183 140 96 107 31 20 30 166 115 147 88 191 64 139 10 169 157 127 168 158 10 48 45 89 126 106
135 166 148 104 190 158 33 62 194 36 103 107 29 139 166 129 173 92 74 86 192 70 151 192 72 163 31 107 18 162 66 89 174 121 74 176 14 172 78 102 136 161 89 38 90 48 16 39 118 177 196 178 8 66 149 81 7 131 12 91
120 193 85 76 14 191 129 64 107 167 97 156 19 52 91 93 55 25 62 79 158 5 25 148 165 25 196 128 174 116 45 50 53 94 98 163 150 96 75 13 186 164 22 103 116 68 50 51 190 85 99 199 151 54 30 145 50 36 150 123
98 74 102 171 50 30 108 69 161 180 76 84 89 142 127 39 154 132 58 121 90 73 72 39 123 183 176 182 79 76 66 18 70 192 41 99 124 167 19 146 185 198 192 59 50 50 177 89 174 169 51 122 93 73 92 172 41 48 112 86
112 23 123 199 117 123 109 17 125 19 158 6 32 191 146 46 47 52 181 115 193 150 74 76 187 126 112 69 17 99 33 99 94 59 49 46 44 37 172 18 40 12 80 85 58 107 42 144 145 159 135 50 2 112 15 104 80 14 11 149
39 19 10 140 135 180 195 103 109 164 120 114 72 42 176 128 152 45 89 86 109 51 74 183 92 24 71 175 64 107 157 186 183 157 64 193 31 18 56 77 178 183 37 12 91 53 94 117 1 41 169 179 80 142 166 183 88 134 130 108
89 40 181 3 174 175 160 85 169 69 45 89 26 84 1 189 17 42 158 64 90 9 77 38 36 121 194 187 49 172 187 6 78 126 70 144 69 24 31 43 83 158 49 30 32 5 198 148 114 183 69 120 175 193 181 108 190 56 108 162
33 112 110 73 153 79 94 9 56 3 43 41 143 135 6 107 174 118 107 127 197 14 189 15 52 112 115 168 139 151 97 74 138 67 106 33 58 177 82 29 155 182 188 2 68 23 61 169 35 97 158 79 32 76 128 83 75 34 25 192
87 119 71 24 163 72 100 189 148 41 153 34 140 41 153 143 103 10 70 128 72 95 19 111 142 138 16 65 184 59 56 121 190 35 46 143 190 118 40 66 101 13 70 132 48 17 33 46 74 200 171 186 34 177 35 42 51 175 71 142
169 186 86 63 86 60 146 129 18 147 41 151 125 168 114 30 67 42 187 9 146 147 56 8 168 155 3 2 153 18 9 7 63 93 186 124 54 134 11 177 124 40 76 14 142 138 70 156 43 39 155 97 106 18 11 162 72 69 145 153
37 59 33 184 200 127 185 88 67 17 169 175 138 109 166 96 137 189 187 192 30 195 147 110 44 35 49 28 65 91 16 195 171 200 158 192 82 74 172 148 197 52 155 120 110 25 109 183 113 186 134 13 170 64 113 1 162 186 175 85
125 51 139 140 6 65 125 124 98 159 61 75 51 90 195 175 193 158 166 83 68 105 178 185 3 27 88 178 103 65 50 166 37 85 66 128 67 107 16 188 120 31 13 54 130 197 9 20 32 20 19 106 42 191 104 174 24 153 199 164
97 71 140 152 31 154 1 151 69 23 182 183 124 9 172 132 175 39 119 167 140 30 79 66 122 9 65 74 82 148 128 1 24 79 39 119 108 72 5 57 111 73 138 162 142 81 65 144 147 55 72 197 168 88 182 18 182 198 106 118
52 126 4 117 44 21 150 4 18 94 2 78 47 21 20 19 18 164 198 96 185 67 90 143 198 163 99 38 89 14 30 42 159 91 87 20 190 114 24 50 174 126 167 156 15 185 188 126 91 37 168 26 67 186 160 69 122 71 194 166
164 162 143 153 192 179 85 5 181 199 141 43 47 32 9 65 94 48 91 200 13 90 64 1 69 108 163 151 66 68 188 161 109 125 54 189 60 9 34 157 179 129 170 134 43 133 64 172 169 28 153 22 109 152 159 26 82 56 187 160
62 47 171 74 52 189 132 121 114 109 60 2 80 48 107 167 19 131 101 143 88 22 128 197 55 85 115 5 42 165 97 51 16 16 187 117 70 188 66 199 91 9 36 29 195 34 71 188 101 124 14 168 141 100 93 126 196 91 186 170
148 174 19 182 55 18 108 43 141 107 141 141 143 128 177 5 4 109 73 175 190 105 39 71 12 157 114 172 98 35 153 187 9 194 145 47 81 10 84 8 46 59 29 92 94 83 122 113 46 75 107 179 5 17 80 49 104 61 13 71
124 4 75 81 11 25 133 193 94 31 21 175 117 94 82 21 153 40 3 79 110 155 18 80 98 149 194 118 88 172 46 161 128 181 127 60 198 182 182 178 196 80 22 132 197 53 3 101 105 25 115 89 36 163 152 151 65 33 48 107
24 99 200 38 183 148 144 156 149 167 8 29 117 184 58 172 143 157 187 48 80 191 50 16 89 173 156 64 52 186 156 186 147 18 14 116 159 71 55 88 166 56 125 179 30 51 189 56 137 158 4 104 141 122 114 162 74 112 12 89
151 20 92 169 168 58 154 77 109 171 76 78 36 83 109 66 69 178 144 81 119 61 177 139 182 25 144 54 109 20 178 30 174 181 61 166 88 20 154 162 179 125 14 97 155 171 131 165 110 53 9 11 61 52 35 187 134 114 40 98
80 115 157 198 102 93 4 16 6 124 18 159 6 44 23 163 99 127 45 64 192 163 160 83 105 138 161 157 106 1 48 170 54 76 152 172 108 125 190 111 121 177 63 70 142 3 79 136 77 56 125 7 152 35 132 102 141 193 111 137
8 44 136 40 101 61 95 49 176 177 155 87 129 40 78 137 4 145 138 162 144 87 193 4 8 71 84 98 154 22 148 187 56 74 166 179 138 85 94 196 60 43 101 121 176 85 54 148 117 131 77 59 137 39 186 177 199 41 63 77
29 192 136 90 155 120 118 44 198 136 38 161 79 98 195 75 142 106 142 51 2 66 62 3 136 181 85 16 114 53 42 100 94 21 185 17 167 36 55 182 141 147 6 145 113 166 121 11 162 179 12 117 170 104 94 73 60 113 35 140
78 147 31 168 68 91 181 23 127 184 103 175 189 37 196 76 105 36 194 29 29 130 68 15 83 77 53 87 131 167 25 44 194 145 30 113 121 57 89 195 152 76 132 93 26 86 54 18 172 122 57 79 52 195 44 50 115 52 92 101
168 39 51 122 182 77 152 5 182 109 59 108 87 77 46 65 26 198 143 161 10 15 80 8 95 32 23 178 50 200 18 96 115 120 40 67 195 37 53 76 173 50 68 173 54 94 147 170 177 36 22 87 142 108 77 200 89 176 143 166
153 137 33 112 74 161 194 138 73 48 131 133 105 170 91 90 104 117 35 152 41 18 111 181 94 30 96 12 91 80 116 40 194 189 23 177 143 187 182 135 125 58 92 119 144 111 107 198 172 32 99 188 110 95 85 192 98 38 169 166
11 99 68 14 104 88 183 78 191 52 29 190 105 48 87 60 94 37 108 56 181 15 44 197 128 114 111 121 83 183 50 147 188 22 121 19 191 21 124 152 165 127 199 192 180 67 165 94 108 36 44 34 24 86 97 98 6 34 80 90
190 78 46 31 142 151 160 15 132 158 184 62 10 4 77 89 2 108 93 108 137 2 28 32 29 25 117 111 51 104 98 3 118 47 165 174 102 50 140 87 3 23 117 144 22 155 3 146 103 120 156 172 49 125 79 44 158 41 142 13
195 199 131 105 193 181 136 91 33 173 106 90 42 27 3 151 156 27 149 183 82 120 38 154 98 119 46 106 160 80 136 163 12 117 84 101 16 114 14 125 23 73 123 17 119 90 10 89 199 105 149 185 145 128 184 36 102 78 91 139
125 166 86 8 68 41 162 22 177 70 52 27 153 14 27 120 82 110 129 77 145 161 111 16 50 51 113 104 66 134 113 153 100 117 94 70 13 49 30 147 68 155 63 159 129 71 131 12 87 136 186 96 27 53 123 5 81 24 129 196
147 30 39 81 188 170 87 156 32 170 104 83 86 31 141 26 13 55 173 108 182 19 19 138 71 112 179 166 106 45 131 165 157 23 90 56 82 170 151 170 2 182 2 125 183 135 138 14 140 107 3 178 149 59 175 170 70 35 76 155
183 136 96 20 122 107 41 167 176 111 51 78 35 7 59 57 81 80 160 52 63 91 176 158 52 148 186 57 50 112 37 174 195 3 31 12 7 173 132 89 50 89 107 40 155 98 165 75 126 113 170 68 48 137 175 48 22 48 5 113
18 134 195 198 94 57 69 39 117 132 45 81 85 152 105 24 188 41 34 52 162 9 100 109 130 185 184 95 139 104 85 163 119 20 175 77 75 106 45 153 80 198 167 75 33 102 85 200 160 187 145 51 177 36 185 59 28 182 135 131
56 12 167 66 198 140 150 133 115 47 35 187 124 174 37 200 104 178 152 98 8 56 63 34 100 191 62 30 15 97 71 151 46 12 93 9 79 91 11 47 73 82 19 106 21 82 2 188 57 88 134 154 93 11 24 28 74 159 167 40
20 23 18 80 103 196 153 174 162 1 91 42 161 112 17 52 29 14 127 43 195 137 162 57 97 117 180 198 5 165 138 124 47 96 135 192 192 132 84 125 23 20 166 70 162 50 179 192 103 75 177 172 57 31 154 21 127 51 23 84
172 62 130 35 96 4 162 89 174 75 192 7 18 144 123 155 198 115 44 44 4 128 66 126 173 133 122 28 174 85 36 192 14 100 82 156 185 128 12 121 172 111 55 191 81 106 129 34 37 64 27 105 74 177 37 197 14 196 102 71
104 138 70 155 24 131 145 190 82 112 18 81 67 103 27 101 66 87 56 165 119 183 51 199 182 78 182 17 18 116 100 92 196 64 191 86 83 53 76 156 169 105 119 87 57 131 138 2 97 122 158 144 123 122 116 100 58 146 15 65
57 131 192 42 72 37 56 184 22 136 152 165 175 84 32 193 191 173 42 44 17 6 127 97 112 186 157 150 103 82 140 186 64 60 112 13 132 191 164 48 101 74 57 50 43 79 61 93 166 86 154 147 20 163 77 14 163 32 137 61
117 118 94 178 17 128 150 188 119 87 28 168 195 80 67 20 82 44 187 98 2 91 120 64 108 75 83 114 150 85 187 166 102 136 132 101 188 126 166 23 56 38 136 78 6 62 4 124 39 134 56 30 159 95 137 81 67 66 55 57
159 56 14 14 160 197 1 111 112 128 30 111 182 111 10 76 145 97 195 35 74 184 171 157 157 93 200 60 16 114 3 95 119 170 171 99 34 134 179 109 52 57 28 113 36 113 94 144 52 159 65 9 191 48 19 195 36 119 187 156
5 50 167 24 101 167 75 90 129 171 147 25 11 10 102 185 183 23 106 41 114 150 70 40 172 101 69 89 185 190 150 89 134 19 162 178 132 168 59 190 139 96 63 13 186 32 117 112 90 196 45 139 150 77 62 6 10 171 33 193
155 112 150 23 107 1 172 199 160 146 97 71 36 106 110 57 171 4 93 82 200 57 77 195 200 175 62 70 88 131 40 197 19 92 39 176 70 10 168 188 30 35 176 107 47 167 129 88 37 196 125 159 96 75 9 60 48 18 92 118
10 65 182 76 59 4 151 68 166 193 119 89 81 119 88 54 95 17 43 150 117 100 110 72 120 74 19 111 26 181 33 33 107 197 39 21 150 129 11 180 85 146 10 106 196 137 146 141 183 66 101 99 72 63 80 188 31 54 134 17
15 139 176 31 77 113 150 32 143 115 175 2 199 44 167 67 78 130 46 51 20 27 93 17 2 44 86 62 44 79 74 138 144 68 136 114 199 154 31 24 81 94 87 141 196 74 62 161 73 161 113 23 27 178 138 45 96 12 115 145
51 196 29 171 146 155 104 93 18 45 171 166 126 78 16 110 165 10 3 91 118 122 102 134 28 35 190 86 142 103 160 75 20 163 25 162 85 159 60 99 76 88 45 76 176 4 199 102 117 5 137 45 101 100 67 141 138 176 26 77
135 94 86 55 196 26 2 162 8 164 74 187 108 58 191 84 77 170 59 176 60 18 122 150 43 176 193 97 131 86 105 37 140 199 192 157 127 7 189 80 88 179 86 76 192 35 5 138 53 111 13 164 182 22 132 40 71 141 153 124
110 132 197 7 150 155 144 27 51 122 4 69 194 129 70 83 13 136 17 102 109 67 3 17 130 12 14 42 23 150 152 2 128 124 3 13 83 135 25 138 96 49 65 1 125 20 73 4 52 182 31 163 8 30 72 31 75 107 124 39
89 58 150 184 94 87 23 13 75 18 42 195 187 131 157 52 142 128 152 14 106 149 27 27 194 140 124 36 175 88 159 121 103 117 151 116 22 93 19 31 148 61 126 181 174 101 83 112 162 38 188 169 122 187 59 91 101 102 140 170
166 198 90 180 35 69 85 57 157 94 99 160 147 161 62 98 24 86 175 136 41 179 64 111 194 99 190 80 123 200 49 31 75 6 139 106 93 89 169 38 133 110 177 113 76 60 197 117 6 124 178 120 178 8 44 164 119 188 103 14
82 91 96 46 196 176 103 39 132 173 34 191 153 23 45 101 122 140 89 19 87 77 187 26 12 102 150 44 85 43 25 132 39 116 152 52 45 70 88 29 12 197 111 39 176 117 68 164 166 185 34 182 21 188 120 62 21 38 129 169
107 9 60 157 44 112 178 160 98 16 137 87 105 144 77 169 29 137 188 89 75 9 140 51 185 90 56 40 138 51 2 8 99 83 66 188 14 133 5 88 107 200 102 87 94 59 85 15 73 29 19 116 48 141 94 65 104 121 29 180
50 86 183 111 114 26 197 30 90 18 198 81 167 121 23 117 44 80 108 94 81 47 172 182 36 190 50 25 72 49 59 136 55 171 109 121 70 66 125 123 153 102 73 120 17 31 86 33 6 199 32 189 3 91 96 23 102 86 135 69
13 136 71 122 187 151 83 32 176 126 124 54 63 84 200 192 102 32 69 188 26 52 167 81 13 128 152 136 94 83 85 90 134 149 67 142 100 173 162 108 121 152 91 3 110 199 87 174 105 28 47 78 165 93 62 66 15 192 127 91
36 193 44 86 11 115 118 191 150 148 190 187 122 105 35 51 20 40 104 2 144 129 104 15 175 13 86 169 71 70 45 82 165 174 196 81 12 71 15 64 60 111 67 187 96 99 43 32 122 107 76 187 101 58 170 179 96 115 195 129
104 187 16 120 87 84 108 8 85 161 43 43 147 28 82 69 163 15 185 84 53 18 28 6 70 180 8 35 19 177 49 8 79 188 62 25 198 124 167 70 112 103 81 33 7 123 70 62 17 83 163 155 66 180 176 29 112 19 185 35
