30 	
37	52
1	3	3	54	3	
1	4	2	127	2	
0	8	4	86	4	
1	6	5	131	4	
1	5	2	171	4	
0	6	5	301	8	
0	8	6	166	9	
0	4	2	302	2	
1	7	1	23	5	
0	5	7	67	3	
0	6	3	206	5	
0	4	7	179	5	
1	5	5	58	9	
0	4	7	225	8	
1	1	2	0	4	
0	8	9	37	1	
0	7	6	244	8	
0	5	4	103	4	
1	5	7	224	4	
0	1	3	24	9	
1	7	8	72	9	
1	9	9	85	4	
1	4	3	226	1	
0	6	2	243	6	
0	7	3	271	9	
0	2	8	253	5	
1	7	4	256	6	
0	5	7	295	1	
1	5	4	80	7	
0	2	7	158	1	
107 106 109 143 171 116 193 91 117 196 66 173 142 132 124 76 84 36 148 176 165 55 122 9 32 65 25 32 121 18
154 140 155 7 38 65 157 92 137 181 98 6 84 142 99 86 78 124 50 21 180 13 199 194 71 190 1 133 37 1
144 189 196 90 192 124 78 176 177 67 89 50 114 26 37 2 131 200 59 10 39 180 84 141 27 100 73 12 60 99
128 158 187 186 76 181 100 189 96 60 146 196 40 28 198 69 99 133 196 96 117 160 6 130 34 67 108 191 178 124
23 34 37 35 90 188 159 19 41 49 183 141 175 184 20 26 139 17 49 72 91 170 100 179 190 14 65 176 164 120
178 83 173 154 132 99 116 139 15 111 100 144 2 44 62 29 188 90 184 200 127 43 127 33 109 153 47 162 172 182
150 15 178 165 129 22 4 115 10 35 12 147 131 167 66 176 55 128 88 197 188 117 159 40 177 107 8 102 38 91
162 84 9 112 80 65 168 171 116 78 67 176 109 162 166 72 29 57 74 98 121 77 8 199 1 10 184 94 126 164
108 101 148 132 19 92 76 153 74 41 43 190 155 16 185 171 122 151 166 147 73 152 75 30 157 175 179 80 2 192
168 188 189 42 190 62 74 167 192 147 46 161 66 109 46 165 105 36 46 29 136 92 198 68 124 34 11 168 108 93
21 69 26 168 53 2 78 164 46 58 188 195 22 178 188 47 49 79 63 117 67 9 1 56 119 172 133 197 105 126
16 125 62 147 165 98 83 77 136 162 151 10 162 15 66 106 41 13 46 158 121 116 19 140 4 49 84 79 48 119
199 120 155 142 41 79 20 59 145 153 13 123 35 196 63 99 62 134 92 24 92 39 177 25 45 151 102 173 128 149
198 80 161 8 54 200 46 66 48 40 164 13 11 116 96 163 132 12 144 135 126 186 58 110 127 196 52 24 86 164
189 91 140 185 129 120 179 107 1 25 169 166 65 171 10 133 57 84 118 32 108 91 115 24 68 45 57 110 185 46
196 126 14 156 85 114 180 63 195 142 12 22 147 200 191 195 107 15 56 134 13 177 75 8 96 102 81 142 139 182
22 46 173 120 16 183 178 125 87 186 127 141 93 1 153 63 46 117 111 162 86 101 43 67 179 161 65 145 125 96
73 8 31 87 195 103 32 1 130 138 91 82 132 57 196 199 144 183 141 34 46 40 145 47 159 182 118 7 173 96
110 59 64 183 101 64 55 196 131 69 21 47 77 145 30 4 47 131 56 44 32 137 173 148 161 86 170 75 197 56
179 48 58 185 134 48 102 5 54 117 8 166 123 89 24 110 38 59 79 199 106 192 137 20 18 174 68 146 185 97
102 31 126 93 24 68 142 8 11 176 84 40 42 41 62 19 184 187 200 137 82 73 92 20 151 14 33 92 108 45
126 26 59 116 126 47 4 42 116 171 36 177 82 82 124 115 35 59 184 136 60 52 149 158 38 72 67 10 176 117
82 60 43 176 70 21 32 150 26 180 165 10 124 150 133 151 85 31 59 93 95 98 127 7 92 168 142 106 53 154
11 91 108 20 136 189 132 30 192 31 99 126 98 25 25 154 132 59 61 112 166 4 142 152 160 88 14 151 166 172
135 17 114 11 15 28 23 8 102 16 31 172 37 94 80 184 106 177 195 86 98 51 179 189 167 73 159 162 182 121
61 175 2 34 121 105 60 134 112 70 192 35 48 19 30 82 21 18 151 41 133 83 61 178 126 51 88 88 133 94
133 184 128 104 27 149 20 190 134 61 92 82 191 115 28 114 71 143 56 172 14 16 95 197 94 118 30 152 67 158
114 81 184 99 124 130 166 88 1 84 73 26 70 160 53 183 4 193 26 62 135 27 13 119 144 129 54 160 175 34
145 165 83 42 193 190 37 45 165 154 94 122 195 149 144 65 135 65 69 125 90 13 85 28 166 7 27 42 140 121
90 157 200 164 87 72 173 150 196 139 195 50 17 172 76 54 20 183 177 77 134 140 26 17 171 48 55 150 36 59
33 15 65 96 199 117 63 137 11 174 100 104 133 195 52 77 156 170 65 35 149 152 113 99 26 66 79 179 37 23
