10 	
52	98
0	1	6	51	4	
1	1	6	56	3	
1	3	1	46	6	
1	7	5	62	4	
1	3	7	51	6	
0	8	8	42	3	
0	6	4	62	3	
0	8	5	74	1	
1	9	8	53	3	
0	1	1	40	1	
56 25 3 53 132 165 140 155 25 127
168 161 31 159 183 15 43 170 123 123
40 92 83 91 31 22 124 26 51 118
86 12 128 141 12 55 123 43 138 60
159 156 74 116 139 165 24 146 67 82
77 141 71 40 41 137 39 141 19 122
5 75 80 88 5 29 3 110 180 163
37 168 200 35 178 94 167 140 63 75
133 62 172 27 93 82 89 1 15 188
181 110 133 10 163 74 109 183 35 129
80 17 156 77 80 28 140 30 189 88
