90 	
27	86
1	4	3	219	5	
0	6	3	178	3	
1	9	5	25	1	
1	8	8	27	8	
1	6	2	159	6	
0	4	3	222	4	
1	5	5	18	1	
0	9	8	97	5	
1	9	4	142	2	
1	8	5	25	1	
1	3	4	79	5	
1	6	5	119	5	
1	1	8	223	9	
0	8	3	210	3	
0	4	3	171	7	
1	8	3	33	2	
1	3	2	110	3	
0	4	5	225	3	
1	7	3	9	1	
0	2	9	50	2	
1	5	7	32	3	
1	4	5	73	7	
0	7	7	128	6	
1	8	1	23	8	
0	3	7	48	8	
0	3	2	140	8	
0	8	2	24	4	
1	8	2	32	7	
0	1	9	22	1	
1	6	7	190	1	
0	6	2	216	1	
0	6	2	128	3	
0	1	9	85	7	
0	6	6	21	4	
1	2	4	178	8	
0	9	1	216	3	
1	2	2	201	6	
0	4	1	128	2	
1	8	6	78	8	
0	7	6	89	4	
0	7	1	223	7	
0	6	2	189	1	
1	3	2	100	6	
1	2	3	119	4	
0	6	2	216	5	
1	7	4	194	7	
1	6	8	75	2	
1	3	8	133	1	
0	8	2	143	8	
0	8	9	33	3	
0	3	7	2	4	
0	3	7	143	1	
1	3	7	41	7	
0	8	8	118	5	
1	1	6	91	2	
1	1	5	21	5	
0	5	9	62	1	
1	4	4	183	7	
1	7	6	16	1	
1	1	9	175	4	
1	6	7	94	3	
0	1	3	215	1	
1	3	4	77	1	
0	3	1	137	6	
1	5	6	154	6	
0	2	8	196	3	
1	7	5	121	9	
1	4	2	16	7	
0	6	4	172	7	
0	3	4	114	1	
0	5	6	45	2	
1	2	7	141	4	
1	8	1	97	4	
1	5	2	119	2	
0	2	3	215	9	
0	6	7	72	1	
1	2	2	87	9	
0	4	3	212	3	
0	7	9	214	3	
1	2	4	114	7	
0	3	3	131	7	
0	8	4	40	3	
1	8	5	107	6	
0	1	8	41	5	
0	5	5	224	1	
1	8	2	222	5	
0	5	6	169	1	
0	7	5	162	2	
0	6	4	214	7	
1	9	7	116	5	
172 13 61 68 108 134 174 14 114 80 58 14 121 27 157 107 81 129 187 86 159 129 151 50 189 147 121 178 77 73 82 11 66 108 7 44 191 131 87 108 113 198 31 1 141 185 20 45 176 59 162 40 75 150 67 175 79 197 34 87 93 6 122 200 107 161 68 164 79 4 88 151 145 121 127 143 104 154 186 101 114 122 105 25 136 82 102 167 178 161
27 92 68 141 96 157 72 63 171 112 195 50 87 38 200 77 157 22 33 146 149 83 40 77 199 183 177 113 26 69 159 34 134 40 34 104 114 66 161 144 40 88 200 66 126 110 181 126 142 142 108 187 35 55 173 69 193 154 92 70 199 105 77 90 83 71 199 97 192 38 18 161 100 19 31 121 151 115 82 27 74 30 29 184 42 97 182 103 72 52
34 135 6 27 87 183 101 72 26 176 167 145 143 15 123 135 94 102 59 58 37 173 117 90 71 130 41 93 49 45 122 96 76 115 131 166 60 119 137 173 32 64 7 191 26 195 171 61 78 189 35 129 117 47 88 62 33 45 36 119 173 172 38 76 193 169 195 99 141 14 35 190 134 20 18 75 26 137 49 71 154 189 110 127 28 38 40 107 104 135
22 29 11 33 91 45 196 164 54 193 81 90 159 195 193 177 9 23 77 80 146 10 162 69 108 44 73 35 111 175 54 63 160 94 184 191 190 197 35 44 115 118 198 193 146 130 179 149 9 53 155 99 11 7 114 71 95 184 155 156 94 82 92 192 192 63 154 53 30 86 161 8 74 154 22 30 153 144 30 79 72 62 67 79 151 14 187 197 162 32
170 50 189 163 122 4 137 168 130 105 170 19 37 24 35 167 52 9 112 93 183 174 26 31 136 49 82 187 81 121 87 13 183 176 140 185 92 47 110 17 155 28 108 118 34 44 171 146 137 174 30 45 195 170 23 154 173 19 180 13 181 34 108 50 55 146 1 129 87 21 167 18 135 91 48 2 162 157 74 195 91 183 176 113 134 45 62 111 186 42
103 77 118 123 73 159 31 70 199 176 7 65 124 106 50 64 44 96 129 163 5 115 89 195 33 145 8 144 39 135 155 113 20 126 162 79 147 153 135 33 178 166 112 186 154 10 129 3 158 56 150 140 126 96 132 102 52 125 164 87 99 84 15 101 163 96 79 85 91 39 10 59 37 81 42 111 26 187 152 124 123 196 97 48 82 33 182 137 198 166
91 158 69 144 127 75 115 125 30 6 173 179 41 33 75 128 28 130 30 135 107 124 35 182 132 160 175 35 73 123 161 57 137 19 99 60 95 102 51 69 25 56 158 153 188 45 76 81 165 189 57 105 104 92 69 171 186 171 69 75 93 70 148 151 194 180 176 36 35 137 121 130 186 3 111 124 44 95 69 142 15 133 189 177 90 9 194 29 189 112
59 12 72 64 182 135 183 20 160 187 146 31 40 68 26 125 80 87 23 175 119 155 184 134 64 53 62 20 115 92 117 70 183 112 35 81 150 172 108 165 93 164 56 180 29 107 99 66 108 90 90 48 127 51 196 76 113 148 63 162 57 32 161 11 147 49 188 67 104 7 146 122 196 72 32 4 185 18 58 135 196 20 184 168 39 53 22 81 192 45
199 142 48 74 59 183 95 118 42 112 36 144 164 53 114 159 199 14 170 52 168 133 101 186 105 89 101 150 157 192 190 164 172 98 124 104 180 83 183 133 87 73 103 184 198 14 3 73 42 150 40 142 66 127 106 87 138 142 3 134 60 167 20 185 88 149 183 185 146 160 83 84 83 171 195 99 146 133 34 32 119 2 100 21 106 48 68 55 138 74
63 167 135 25 137 4 94 88 136 122 183 157 27 92 74 125 4 60 58 75 69 70 189 75 92 16 73 143 70 195 61 44 151 148 44 64 134 142 88 148 27 134 11 148 32 118 42 46 98 165 69 128 100 16 118 130 36 81 29 56 47 159 195 14 200 185 88 144 174 166 166 155 177 3 147 43 182 150 59 113 89 136 24 148 134 90 49 187 37 93
128 59 137 44 170 29 16 60 130 160 96 129 103 54 193 109 74 151 38 144 57 71 85 188 3 66 58 19 145 4 131 45 124 10 120 56 200 112 25 18 128 164 102 110 33 32 200 29 76 54 39 3 148 3 170 133 57 40 156 108 61 127 83 178 26 147 64 144 58 97 13 65 174 61 91 70 84 183 37 52 74 22 82 189 109 82 127 77 90 68
127 82 173 197 43 2 179 33 14 157 55 54 63 78 140 81 113 185 69 72 92 199 51 102 55 155 158 139 36 123 115 111 134 97 39 144 40 3 83 80 185 176 88 198 32 43 113 20 53 123 188 18 181 102 109 29 45 58 183 85 11 60 165 183 148 179 92 139 169 113 146 186 142 103 131 68 22 53 31 188 130 193 90 77 184 71 97 48 98 20
140 18 51 125 31 107 55 86 143 135 158 43 60 116 110 89 119 155 10 159 130 79 29 11 144 38 150 200 112 47 20 199 143 152 133 196 189 143 168 168 53 154 104 3 114 33 112 113 116 21 152 165 99 16 151 168 96 158 167 44 92 96 8 134 48 8 17 2 19 32 167 192 31 73 165 50 25 125 174 157 189 79 22 150 74 17 100 108 99 114
92 144 196 86 182 95 67 167 173 46 185 196 48 158 80 137 137 169 28 12 122 57 151 119 180 58 155 44 132 2 83 117 29 116 136 99 42 184 68 96 98 43 75 144 75 107 17 166 18 50 73 52 1 87 148 144 175 95 20 116 120 121 13 64 102 12 17 146 63 105 102 176 147 5 142 186 141 149 41 171 10 24 32 72 169 140 198 111 97 12
68 29 140 16 192 145 133 116 159 55 21 13 49 66 132 158 42 63 169 177 199 44 28 44 53 119 80 31 92 140 44 56 97 97 140 193 155 105 167 91 146 51 36 73 26 34 22 167 196 107 180 190 11 113 173 133 16 94 186 93 48 96 102 78 167 101 16 60 170 127 81 101 123 119 181 155 164 113 140 149 154 115 31 58 1 147 105 43 60 27
48 185 88 41 98 197 102 83 152 33 186 72 78 142 144 50 140 97 18 103 24 97 102 185 94 196 103 34 79 20 37 81 30 199 69 154 28 183 2 92 118 128 95 99 47 4 3 85 145 101 60 131 46 77 113 40 192 16 80 147 10 168 87 47 189 88 128 81 80 128 15 100 63 94 58 171 190 152 9 79 100 94 153 200 23 179 181 187 20 143
129 50 179 109 112 43 80 162 110 36 6 113 129 1 70 180 121 142 47 123 173 106 159 37 93 24 61 102 27 146 63 60 35 145 25 64 147 55 95 182 116 175 167 4 58 44 136 78 126 171 133 178 47 171 98 100 138 45 107 111 100 147 171 128 151 120 188 78 122 42 118 179 89 71 82 167 162 15 94 111 36 63 185 125 135 26 145 63 117 141
89 190 125 82 194 196 15 192 195 97 174 121 131 200 69 170 46 189 133 20 3 109 100 193 65 54 55 153 150 39 21 47 161 31 9 93 68 101 34 47 152 155 22 90 56 161 23 6 32 5 50 80 140 179 80 124 148 70 149 101 107 182 200 196 108 74 52 165 128 129 103 166 97 13 44 126 152 99 164 9 30 67 172 62 99 200 165 118 72 78
167 183 142 138 132 156 112 26 1 78 187 71 130 93 81 107 8 108 70 124 145 7 15 35 86 18 90 109 156 174 44 117 99 119 13 85 54 57 124 106 72 180 188 170 135 13 79 151 109 186 69 108 102 146 152 4 166 121 49 149 101 53 57 49 100 113 193 91 53 179 193 161 182 46 46 75 177 22 42 56 21 4 103 107 198 189 111 50 85 106
187 92 195 132 167 126 102 198 136 14 154 82 24 175 169 43 41 191 57 29 139 10 26 166 41 162 78 12 82 12 149 138 6 158 141 156 65 37 94 72 198 194 99 192 186 27 171 78 108 77 91 187 128 147 91 181 83 154 85 49 167 164 23 95 31 165 15 19 176 150 199 125 2 118 19 28 77 18 14 89 69 80 127 86 163 178 83 112 190 158
161 28 132 182 42 90 95 167 97 163 182 19 22 153 68 181 109 21 111 24 79 88 80 157 37 142 63 49 119 199 174 79 175 31 198 74 17 134 88 162 40 131 86 33 125 65 155 121 90 196 97 45 193 56 186 48 165 77 111 11 154 54 145 66 121 168 189 65 128 69 130 97 134 194 1 158 83 194 122 155 100 18 38 61 140 116 66 8 171 44
189 96 134 126 166 182 60 93 158 34 10 87 36 190 188 67 42 189 193 88 39 118 48 71 119 149 143 90 129 84 3 118 136 4 52 154 167 157 37 188 102 104 114 163 149 23 103 25 110 85 15 185 133 107 44 62 74 4 186 22 12 116 16 97 2 130 59 5 131 28 22 186 139 55 121 200 27 5 118 5 166 160 62 71 124 93 196 22 138 146
38 105 57 52 121 49 96 76 71 178 58 33 1 169 106 162 94 99 50 50 133 59 162 82 192 45 29 3 93 85 25 61 45 100 107 4 54 9 84 46 11 4 38 191 44 5 143 133 167 171 178 48 35 160 49 187 175 57 54 87 29 24 197 31 70 99 147 174 181 171 38 43 44 177 147 29 194 68 78 52 113 59 118 175 24 62 196 186 167 77
131 129 155 73 128 125 150 65 39 54 108 79 146 177 25 199 23 66 196 6 123 20 85 193 162 169 8 144 27 34 13 85 57 126 82 48 58 101 167 101 125 127 111 18 42 154 185 145 96 159 94 196 132 108 29 182 121 192 9 18 107 42 152 136 137 72 178 192 87 6 40 186 89 157 34 9 57 34 138 193 188 129 124 68 186 1 192 85 78 191
34 38 39 147 48 153 115 9 9 112 63 36 62 199 136 151 63 137 77 139 187 20 113 110 76 41 71 130 171 196 76 133 176 55 129 181 103 71 73 60 191 40 108 161 154 64 142 86 163 195 195 90 98 134 47 142 72 27 115 11 28 149 175 190 65 18 2 85 95 138 200 108 133 110 196 72 111 146 167 13 145 4 62 159 102 102 153 30 151 17
135 188 120 139 164 103 141 56 142 200 85 107 73 159 65 182 57 54 6 66 1 137 51 90 188 99 105 80 108 73 37 190 178 158 117 140 8 39 2 76 137 51 38 134 29 130 50 92 149 15 169 102 102 94 7 106 165 183 76 103 20 110 74 18 37 147 114 55 46 84 143 136 57 61 43 189 32 68 53 52 131 38 191 34 44 96 77 10 39 182
66 39 114 125 121 192 46 36 69 137 52 120 125 193 9 38 112 186 121 192 151 12 166 126 177 51 168 67 121 119 76 179 23 171 25 174 169 25 142 162 175 188 92 72 125 84 143 158 170 173 89 77 174 183 83 192 71 193 170 184 45 111 40 9 109 108 61 39 33 177 101 17 94 181 89 41 161 178 16 94 26 7 79 16 41 155 62 102 134 100
170 41 51 102 11 119 158 145 190 57 114 51 9 111 155 190 27 148 155 177 39 39 2 149 5 93 20 146 172 28 84 197 94 108 7 126 17 196 132 169 113 46 197 40 105 167 115 137 163 46 67 46 48 36 125 76 106 9 119 19 113 176 62 167 67 149 21 5 147 13 190 151 26 136 11 168 23 63 9 113 191 87 124 121 129 116 2 54 56 76
115 176 18 118 93 7 132 46 93 101 181 12 164 161 137 100 7 66 162 38 123 189 19 185 163 67 166 12 198 122 196 71 19 58 112 61 44 71 173 103 53 25 21 14 94 58 134 178 189 192 106 36 92 178 136 85 9 45 148 179 2 102 62 164 131 96 193 63 170 5 101 124 45 89 59 160 56 93 124 103 161 27 162 26 125 21 51 58 128 118
112 110 173 105 186 10 101 115 134 1 97 86 23 36 169 106 149 58 157 47 69 188 30 42 195 77 144 158 161 11 134 2 127 108 13 195 102 171 39 185 184 88 167 19 142 137 35 93 116 125 10 180 100 82 170 61 32 38 12 51 90 39 124 161 175 86 56 62 19 152 11 161 182 183 147 157 126 194 25 42 100 62 26 156 150 101 27 15 31 170
142 130 47 194 30 16 116 144 153 155 149 155 85 126 90 165 179 142 17 134 159 69 127 138 46 74 124 115 19 66 55 14 34 63 99 32 149 150 49 107 182 122 7 139 72 84 151 179 177 6 200 19 13 26 175 23 73 141 169 13 29 53 33 15 34 122 18 173 108 12 136 68 140 18 73 72 78 80 112 115 185 112 158 10 58 51 149 63 29 44
13 165 68 172 71 5 100 92 71 84 154 88 120 64 2 90 18 193 159 126 93 148 158 188 34 37 42 77 69 82 182 141 95 5 52 103 185 91 114 165 40 53 111 106 79 93 23 42 196 170 200 160 20 186 134 186 179 159 52 62 13 17 119 150 34 86 118 10 195 16 42 79 4 70 60 1 136 108 38 13 127 174 92 96 148 189 16 32 160 79
141 147 174 197 75 46 112 108 52 128 116 185 111 37 148 19 86 155 52 118 120 20 166 96 125 183 69 10 68 45 133 11 71 70 180 181 28 59 73 103 5 34 23 55 159 128 81 68 151 54 151 136 59 63 129 181 93 92 146 146 116 138 113 23 71 40 34 179 18 192 156 30 2 86 67 165 20 183 13 40 38 149 191 130 105 37 130 188 182 60
138 177 23 159 197 97 19 20 29 153 114 100 58 150 40 56 52 73 51 101 94 104 112 47 60 166 166 30 131 60 160 198 182 20 71 68 101 41 54 38 75 159 41 168 156 22 200 141 14 184 192 80 125 52 92 77 138 178 158 135 166 78 36 154 74 73 84 18 40 13 143 187 142 169 35 2 20 44 158 149 65 119 159 25 161 91 41 141 173 153
91 99 51 134 167 25 59 68 190 60 2 126 104 196 131 56 153 40 33 166 178 186 132 146 103 193 124 198 119 108 79 47 30 31 194 195 178 168 183 119 186 64 100 147 93 75 106 67 65 14 9 43 63 110 61 190 74 44 200 84 129 34 19 39 56 162 26 21 12 60 110 71 113 35 162 176 84 119 28 89 139 134 97 64 162 87 121 75 176 163
35 63 30 131 125 51 107 144 90 144 38 60 7 63 161 4 126 15 138 197 131 162 14 162 56 19 11 11 85 35 114 167 145 47 163 102 64 163 61 19 172 183 199 97 120 189 46 195 193 106 122 52 149 144 53 47 35 133 48 95 184 133 116 182 42 191 146 121 12 185 197 190 151 144 55 70 132 7 91 58 116 114 101 125 144 169 112 196 1 112
70 58 98 18 150 181 98 136 146 27 1 116 24 175 167 53 123 90 171 121 123 196 22 187 118 10 60 121 23 184 138 95 166 122 30 113 197 150 13 153 194 163 113 95 198 184 144 160 156 187 24 27 124 113 27 126 110 137 121 100 72 19 92 127 93 92 155 154 116 120 45 177 149 57 106 119 100 42 86 172 167 125 197 122 68 155 69 192 156 156
112 42 164 74 139 114 128 87 101 101 56 22 48 15 54 1 164 130 98 30 34 162 194 78 79 12 145 156 144 105 194 35 193 19 82 114 46 89 157 59 160 53 47 70 184 40 56 84 89 180 23 90 165 113 88 8 190 14 175 181 86 17 45 119 193 178 123 52 122 136 13 144 200 56 31 50 110 109 47 165 10 110 144 136 173 25 181 172 88 180
199 79 95 159 77 117 51 114 71 139 188 36 85 157 167 145 104 134 151 60 116 12 66 126 81 48 147 60 188 64 128 116 187 74 10 99 40 51 60 16 77 156 153 111 6 123 98 189 12 71 10 41 193 175 135 189 164 124 136 101 175 198 67 192 55 91 144 90 1 96 45 86 130 123 194 5 160 68 26 158 60 34 107 126 100 172 73 189 126 99
190 165 59 8 82 89 159 48 56 195 70 197 62 11 160 180 70 57 147 96 2 117 123 110 103 41 195 86 106 25 128 62 92 65 161 124 103 186 69 11 139 33 161 50 91 122 107 132 104 29 99 33 103 111 96 94 111 3 48 150 106 64 8 159 60 200 184 1 4 86 96 150 92 124 25 167 111 32 180 94 176 92 138 176 38 97 9 103 123 52
57 176 115 200 39 126 43 11 162 89 50 57 197 27 55 3 136 141 113 167 126 41 83 112 62 72 60 68 26 102 58 28 61 98 2 165 139 193 24 125 86 110 131 115 125 199 13 181 101 147 102 66 78 89 179 118 61 57 25 36 89 101 93 162 61 59 94 87 104 7 162 57 36 119 191 143 95 38 195 177 9 197 36 1 76 97 30 108 23 158
151 87 148 42 78 22 148 42 51 98 51 58 104 56 117 95 114 58 8 59 196 96 187 137 35 18 59 117 2 103 154 49 179 165 24 159 84 152 62 15 10 95 125 152 45 7 98 86 181 87 16 79 57 68 60 82 186 188 65 29 119 73 198 12 69 69 131 128 39 100 7 74 79 43 156 8 160 89 120 144 61 71 76 112 191 2 156 175 152 136
181 157 47 183 100 32 129 118 70 46 97 183 157 104 162 186 180 196 179 132 192 88 77 69 16 113 77 61 33 122 98 97 152 152 93 160 75 87 127 172 71 191 52 69 62 31 141 21 127 160 43 63 47 33 64 93 13 18 185 57 9 169 72 192 180 169 123 17 133 60 156 136 57 162 135 5 28 25 191 129 199 69 3 2 56 148 158 53 23 31
150 116 198 46 156 148 18 114 31 85 99 81 120 85 62 94 198 122 127 126 177 15 109 146 197 153 48 96 64 168 163 199 28 106 39 183 160 14 135 117 7 181 103 109 191 25 82 196 33 88 77 77 137 93 180 178 88 199 174 55 64 69 106 93 38 97 186 175 23 188 75 196 113 121 81 47 24 176 169 47 44 73 116 106 84 22 100 185 137 150
137 56 120 97 180 30 176 155 162 173 38 7 66 32 11 89 142 188 74 40 59 58 128 97 6 114 61 22 84 80 55 59 189 145 140 154 97 102 89 93 133 116 119 164 169 16 161 4 110 124 101 165 66 143 51 137 76 120 154 31 134 105 138 162 84 175 60 65 138 50 134 144 131 36 21 78 158 199 161 84 131 104 137 12 97 93 55 174 93 18
5 119 73 142 20 48 92 122 143 197 110 181 167 16 39 117 19 126 125 2 55 101 180 145 159 121 67 170 120 5 155 191 4 115 44 175 143 30 39 135 139 125 36 58 182 39 105 119 133 57 147 2 166 194 126 43 66 33 62 161 55 151 58 13 15 17 55 72 37 41 176 169 189 18 43 191 178 187 123 9 6 65 169 57 26 72 120 30 102 187
123 65 137 49 8 18 40 16 1 120 85 140 150 101 188 179 117 164 121 178 54 143 83 75 117 11 107 75 180 97 57 63 146 34 195 97 153 163 187 159 177 97 28 59 140 189 4 163 191 118 33 14 100 159 53 83 194 3 157 121 44 125 99 107 140 118 24 183 157 35 87 172 55 64 192 140 77 106 88 20 168 155 187 72 85 52 65 127 164 68
70 9 28 19 194 20 193 17 83 13 174 126 179 20 61 1 56 7 188 132 195 125 65 16 58 200 170 111 178 157 188 20 44 139 173 114 102 27 38 174 147 170 44 184 11 6 3 164 111 112 39 54 83 198 36 161 192 82 14 41 64 64 49 132 106 183 23 105 124 1 96 114 8 21 123 53 2 75 163 31 77 187 79 181 170 40 154 12 158 53
22 132 148 90 173 9 37 161 154 117 169 191 153 51 195 10 143 138 170 73 62 128 84 120 172 103 29 138 39 40 23 66 165 200 200 87 14 175 34 174 111 6 110 117 108 4 186 73 32 99 146 14 181 53 70 82 123 165 169 21 87 139 52 88 31 148 10 53 34 119 87 56 120 77 49 112 19 154 136 101 10 168 154 187 167 104 47 150 160 166
31 110 53 21 3 113 156 74 168 24 108 54 8 49 39 64 177 102 83 176 200 88 75 48 60 74 192 175 36 70 101 51 73 65 19 55 62 142 131 103 176 31 185 121 8 140 183 151 91 200 167 7 79 61 66 16 27 127 188 114 96 137 26 20 20 120 113 3 22 103 24 79 74 161 115 8 141 68 157 31 185 181 81 18 159 70 81 8 182 65
152 61 194 52 151 109 69 139 108 20 73 179 61 148 35 40 129 22 26 48 117 118 98 61 50 185 134 107 56 46 11 16 43 48 194 80 152 116 53 79 107 91 200 168 6 81 179 25 60 31 49 16 88 96 63 134 141 44 46 27 40 197 144 132 30 134 64 38 63 73 60 185 132 125 72 28 36 23 115 120 32 162 153 105 83 17 35 126 22 129
66 142 127 185 49 137 129 118 130 105 33 90 85 118 38 34 82 191 178 41 110 10 59 50 101 140 29 165 158 58 53 113 5 50 27 23 200 175 8 42 149 66 179 112 109 95 167 146 127 50 75 82 77 173 110 116 76 195 4 83 180 121 45 176 199 150 51 144 26 54 36 192 75 199 55 81 54 29 78 18 120 11 10 12 62 34 26 147 66 103
184 160 36 57 162 130 27 96 133 168 40 18 142 192 181 69 41 60 147 64 125 95 86 58 67 109 15 108 155 180 17 14 113 41 109 25 145 145 99 162 72 138 18 10 40 83 100 63 117 96 188 73 58 110 145 109 67 94 22 38 184 67 148 162 19 62 94 2 140 173 13 36 155 189 182 44 164 29 87 62 85 101 123 10 15 162 10 151 148 59
158 200 103 175 102 64 55 163 99 180 195 6 130 39 16 33 90 73 165 86 157 39 11 150 116 179 62 162 96 142 36 72 113 30 89 152 51 95 145 28 191 166 187 13 91 109 163 166 87 9 66 98 157 150 100 102 185 99 14 127 175 93 125 141 93 78 110 88 145 178 45 80 27 191 114 172 163 99 112 52 8 26 137 141 124 34 26 134 104 49
36 35 183 171 92 139 81 2 158 61 103 91 29 42 170 140 158 90 55 33 161 109 88 54 111 90 32 76 180 34 58 138 132 184 124 178 81 82 180 181 89 59 113 119 35 86 175 44 79 192 177 176 137 112 86 152 121 84 94 192 154 195 123 199 52 175 131 97 179 77 38 156 96 111 32 132 16 165 144 157 36 35 13 83 175 46 56 178 161 8
39 29 3 162 178 154 116 142 115 164 116 37 166 172 85 19 116 145 5 65 63 28 115 80 127 18 84 56 127 48 32 58 71 81 108 149 93 54 70 183 132 114 50 131 58 192 79 190 165 16 76 124 17 26 104 123 62 30 158 22 80 173 191 102 152 150 197 159 179 162 4 30 103 110 171 66 116 115 95 71 37 90 102 66 105 2 55 82 141 112
162 87 54 190 26 59 182 51 178 57 90 78 112 60 41 33 120 128 131 9 30 53 136 98 86 5 111 117 33 97 62 181 170 64 85 169 56 62 41 73 2 106 9 30 40 103 192 39 17 116 122 169 39 31 135 37 143 10 167 2 1 58 89 26 113 7 149 182 72 125 156 16 183 4 186 152 77 194 105 23 95 124 172 198 186 23 120 158 128 33
24 149 127 165 150 129 26 86 34 180 165 78 42 120 128 150 73 85 90 25 106 53 134 162 77 51 42 39 11 40 132 191 180 41 76 97 108 143 115 96 114 161 193 50 71 200 7 128 52 3 166 81 11 34 65 13 143 144 137 23 103 135 52 75 40 157 191 189 187 84 136 90 133 45 160 134 196 103 195 54 49 98 96 76 61 171 183 14 56 140
108 37 117 182 50 171 196 184 175 100 102 72 160 56 105 56 5 69 98 86 29 195 103 60 53 13 176 157 82 59 63 40 124 160 11 54 199 75 96 195 5 129 84 167 107 158 199 173 33 15 23 79 2 67 149 188 34 167 200 108 113 94 123 132 154 117 119 187 186 92 142 89 136 29 68 182 27 52 176 180 44 14 5 176 119 96 136 79 120 172
22 25 70 89 36 60 102 110 144 173 17 79 6 64 188 138 8 71 39 98 193 181 138 200 74 84 15 200 82 193 140 20 99 145 45 88 132 137 138 94 30 16 190 49 14 10 138 71 168 55 156 95 192 191 43 65 59 79 34 178 103 59 136 97 120 123 157 100 90 7 53 24 185 80 86 198 176 56 197 169 42 150 118 38 26 198 143 127 139 183
167 141 177 197 162 83 102 128 112 80 54 85 178 54 133 86 58 35 154 140 15 24 73 67 139 22 22 114 89 145 104 100 61 9 195 109 38 86 3 169 52 33 51 148 97 199 48 127 105 142 93 47 42 176 21 19 17 72 167 123 78 92 78 92 135 170 34 48 80 190 61 98 170 151 91 75 192 128 108 21 54 193 153 170 169 186 21 132 44 25
5 16 70 113 122 91 104 76 15 55 26 150 64 166 157 86 19 109 88 199 200 80 42 31 185 64 185 98 119 74 82 112 141 10 195 135 89 53 158 46 67 94 101 72 183 170 100 88 195 145 56 74 141 147 38 74 43 101 47 25 200 161 104 7 114 165 31 194 110 33 83 158 66 95 85 171 4 167 44 123 23 136 125 58 172 94 131 154 97 42
47 53 153 35 142 4 126 46 7 35 127 147 27 126 34 28 29 53 116 164 170 56 94 191 169 100 43 24 24 2 81 108 100 94 155 112 78 60 102 22 135 155 146 128 74 57 38 96 80 8 134 183 181 2 50 142 88 119 194 144 185 158 43 160 128 113 72 135 200 104 46 54 7 157 151 106 6 22 92 184 78 112 95 130 83 49 17 12 183 189
129 147 66 74 176 149 90 131 182 18 195 164 164 86 119 47 183 3 189 134 73 189 105 144 115 166 152 66 8 191 169 81 104 148 102 14 22 117 134 50 129 64 2 86 56 160 104 34 15 143 78 112 132 50 152 130 156 42 85 78 100 151 111 189 126 162 186 58 26 43 122 76 142 127 4 39 183 175 165 35 108 137 50 9 110 157 21 190 35 96
42 16 99 130 85 150 18 121 5 125 121 117 38 73 50 142 74 46 130 61 86 183 94 195 18 42 85 95 115 107 68 8 130 47 103 56 45 59 118 114 153 92 151 97 26 16 176 148 112 16 171 130 1 141 36 170 110 95 126 123 14 130 187 97 48 70 64 21 180 141 41 27 117 2 123 71 11 69 7 113 146 57 133 21 196 8 137 38 8 12
20 10 69 105 30 3 157 185 158 192 158 4 88 29 32 189 69 49 108 44 120 70 163 200 148 36 77 192 195 160 75 45 119 66 181 39 64 153 35 51 89 37 139 146 176 144 199 128 149 191 54 172 136 130 96 7 29 151 70 142 55 5 113 65 123 137 154 60 53 90 10 137 114 67 13 24 170 11 8 41 156 157 177 28 106 121 45 47 20 95
33 88 111 133 107 55 194 22 34 138 63 24 95 197 81 87 91 131 87 28 150 142 157 136 82 72 181 145 97 117 171 8 140 123 58 151 12 116 57 99 3 30 175 1 191 34 183 120 81 37 49 142 67 35 186 137 122 108 196 52 177 193 116 182 185 91 145 101 18 183 5 30 159 129 130 171 58 173 79 139 60 155 72 77 20 153 85 95 155 9
5 11 95 101 200 10 146 187 67 188 137 152 157 52 97 52 111 103 68 32 73 177 26 102 150 189 19 76 170 53 88 64 91 78 104 171 62 115 44 114 7 132 138 32 39 88 109 28 197 194 92 145 74 5 9 96 103 14 50 114 33 137 163 37 40 126 53 136 149 188 25 34 112 35 158 102 19 11 75 70 119 199 181 124 104 47 116 118 79 155
32 29 135 198 146 107 157 156 121 59 69 102 100 144 140 54 18 145 43 167 189 114 28 116 183 73 21 82 67 8 83 17 145 95 110 21 5 147 158 23 129 9 36 43 28 15 86 96 166 143 153 2 190 102 90 195 154 65 185 84 16 71 35 69 114 134 11 43 121 119 137 68 4 162 186 194 191 158 101 152 94 140 53 15 5 147 10 53 75 107
137 61 3 121 37 192 145 25 80 26 120 134 71 145 76 125 18 145 62 151 162 109 51 73 82 45 151 136 85 126 105 103 25 90 129 89 5 41 134 70 183 101 144 144 174 50 11 64 127 168 185 67 61 121 68 31 101 40 18 64 9 155 65 4 188 58 123 5 146 182 8 181 178 58 107 186 167 140 41 186 190 19 47 198 135 37 4 132 156 66
125 158 22 199 102 8 55 82 32 196 41 109 126 175 168 44 73 88 161 19 5 1 139 128 175 167 17 44 168 138 44 115 192 17 97 150 114 151 48 173 49 22 173 68 94 49 149 155 14 48 176 125 92 59 112 148 63 194 7 172 12 117 186 20 51 172 20 59 17 135 158 174 122 129 19 106 153 35 191 149 43 148 191 193 166 68 183 13 153 56
93 157 98 136 32 7 166 198 141 178 173 85 10 26 189 195 141 86 50 80 53 182 124 156 6 178 168 67 154 149 102 48 153 194 137 130 49 180 116 195 15 60 111 150 110 146 111 163 113 152 171 52 143 129 4 162 58 138 139 127 86 146 157 142 125 152 94 62 32 62 108 76 147 45 66 180 50 97 136 117 158 72 66 157 101 27 14 90 116 62
107 181 57 85 81 114 95 154 93 72 18 131 61 156 163 60 8 139 12 164 192 144 174 71 20 47 100 24 7 60 19 84 114 29 119 134 198 52 24 75 180 129 12 171 57 74 151 59 16 183 104 194 94 166 90 40 99 15 176 158 89 157 33 22 162 162 142 164 152 113 140 145 172 42 158 158 93 27 61 196 57 144 31 195 179 23 108 119 129 62
90 114 70 26 116 116 160 198 139 42 148 25 58 48 193 63 12 173 45 176 166 70 34 10 108 49 33 178 118 111 58 67 22 31 197 200 128 163 70 171 184 28 193 193 70 3 193 99 17 8 85 187 150 55 12 179 150 152 161 31 93 31 174 123 169 3 96 107 93 159 184 99 125 145 143 112 61 91 56 145 39 147 182 146 160 7 74 82 139 164
29 139 172 10 100 108 14 104 150 159 148 72 16 153 64 34 10 89 102 92 6 107 168 95 146 169 124 105 111 190 172 87 59 89 183 140 119 100 50 183 78 103 194 144 127 151 45 71 88 169 181 161 90 199 141 170 53 160 192 190 58 110 130 81 143 137 165 101 30 130 193 197 54 99 3 80 71 15 158 156 81 118 101 175 175 106 45 78 66 191
131 114 84 185 170 11 73 118 40 158 194 80 155 53 17 127 26 188 177 179 1 111 55 33 155 179 57 44 173 60 33 78 61 185 194 165 190 132 106 132 193 155 161 10 88 59 24 10 44 91 79 129 196 76 97 110 51 142 7 21 91 197 112 69 85 126 170 185 16 20 185 82 12 16 84 99 102 71 3 69 24 85 112 171 87 193 122 25 87 125
68 91 15 16 2 85 83 167 39 76 73 81 4 197 120 24 94 49 4 61 156 111 47 177 3 182 176 40 163 36 107 150 144 160 165 198 184 41 113 177 167 169 179 170 45 128 106 104 176 170 151 181 4 182 183 26 26 193 29 142 41 155 79 13 145 12 98 183 15 157 190 13 164 155 22 39 50 149 41 137 5 55 74 108 125 84 126 124 71 189
174 140 28 26 144 121 71 128 49 175 173 186 15 16 27 42 37 35 100 174 81 102 70 93 156 151 197 179 66 53 40 154 94 29 103 15 75 199 151 155 159 64 20 29 47 112 30 56 17 51 67 138 28 134 118 141 187 48 138 160 53 180 69 75 155 109 86 194 153 197 152 82 124 17 114 20 24 12 53 45 160 60 166 135 8 96 189 22 42 31
129 131 115 126 99 59 157 167 60 151 120 69 62 183 129 21 182 79 195 55 147 190 193 47 119 189 182 30 71 29 44 163 148 57 14 129 141 144 197 147 8 112 171 162 46 16 62 27 157 163 112 49 48 172 168 45 179 154 174 104 175 58 76 92 45 18 185 137 124 10 75 37 63 34 68 169 49 22 50 141 23 151 188 182 119 8 157 168 184 13
132 143 146 33 139 75 22 8 59 144 99 103 114 179 160 137 21 182 123 17 187 181 104 56 46 31 39 42 183 184 32 94 65 188 162 166 23 62 139 55 88 130 135 173 63 102 12 14 46 35 187 175 175 58 14 84 27 64 98 147 121 30 34 46 117 104 148 180 74 157 177 191 181 167 28 188 159 113 138 136 100 21 85 48 67 184 75 142 136 190
70 150 27 181 38 16 129 88 187 144 185 17 8 12 130 172 3 155 46 52 175 176 138 145 171 31 59 143 97 2 162 49 15 8 163 30 32 111 78 133 115 73 38 72 192 2 139 175 21 102 190 52 27 130 54 196 186 82 60 5 131 2 162 34 80 107 129 146 43 126 27 173 76 165 166 60 179 5 88 191 16 5 79 60 84 25 160 113 113 152
200 144 22 182 135 110 164 24 89 167 84 84 119 125 159 149 14 84 58 162 87 138 59 168 57 15 63 7 45 180 100 15 128 107 139 48 96 61 172 50 195 81 176 65 160 118 105 65 37 5 65 105 199 180 85 198 20 126 143 195 152 90 7 135 99 185 42 139 156 163 130 186 165 24 45 21 48 77 178 4 114 124 108 164 103 134 15 162 163 8
142 86 198 131 98 174 165 26 79 161 135 77 13 112 51 69 16 82 109 91 26 14 97 118 89 52 109 40 151 22 170 172 132 5 124 103 98 105 78 86 132 4 138 114 38 110 169 177 168 30 96 56 102 197 96 190 149 155 129 145 68 192 146 51 60 61 137 43 121 178 109 158 151 122 100 29 31 149 68 75 119 11 106 145 114 113 36 18 31 178
159 7 105 113 122 75 115 73 117 99 1 70 176 198 70 136 169 70 128 55 58 105 200 47 149 79 135 125 102 177 87 170 13 61 39 144 156 192 53 69 174 21 27 180 15 69 88 195 87 134 143 127 108 51 55 113 70 196 57 83 121 95 28 63 116 124 80 192 197 162 37 188 191 187 45 122 26 146 130 75 81 36 116 153 112 21 133 77 93 160
152 191 155 10 133 179 151 44 72 8 51 136 161 66 16 151 119 171 3 191 121 177 80 99 150 62 32 32 81 110 171 140 141 163 53 112 38 176 62 155 60 95 194 36 8 79 69 161 170 48 75 53 43 149 85 59 133 196 21 40 63 53 121 143 26 183 45 192 106 174 134 56 149 4 180 195 30 131 184 141 5 88 8 185 63 188 139 167 165 137
51 34 185 138 192 106 115 133 183 148 85 140 85 184 9 52 80 166 153 45 71 54 163 153 132 188 101 92 192 86 123 65 150 106 92 82 146 184 148 157 128 147 120 35 193 35 25 136 192 168 122 34 35 162 131 179 39 172 21 147 95 156 9 33 16 21 127 150 95 101 141 164 136 93 98 123 66 78 91 178 160 89 95 55 151 163 32 96 189 64
152 23 44 92 159 96 88 76 90 89 49 137 147 199 92 176 187 81 58 156 69 14 196 144 62 26 120 72 54 136 53 47 36 171 22 80 120 163 86 195 73 113 89 39 112 97 100 162 136 59 8 175 180 95 139 66 176 47 32 124 160 114 55 101 17 35 86 129 38 128 159 190 15 120 84 156 29 187 190 132 190 129 200 51 99 152 78 74 21 133
71 27 54 145 116 178 111 11 50 120 168 194 142 51 3 77 112 175 147 124 193 19 106 45 81 59 180 140 145 25 115 194 131 37 73 39 105 80 158 120 109 34 172 114 52 25 80 51 47 144 160 108 84 89 22 143 45 172 53 24 15 61 44 80 161 76 145 200 4 134 168 195 7 91 26 88 28 114 30 171 55 164 91 157 70 148 99 186 39 96
9 76 149 175 62 145 188 184 165 101 131 92 129 79 32 62 177 113 8 36 87 71 60 171 135 116 111 1 4 186 6 25 193 150 165 29 180 117 108 73 175 143 189 144 82 173 24 56 160 45 107 80 184 102 180 120 167 49 173 71 74 172 39 159 160 113 179 3 89 120 136 100 169 67 160 25 184 164 23 155 169 25 102 190 162 174 41 50 193 140
133 124 196 60 181 136 74 12 79 108 27 19 15 32 4 160 126 73 93 129 157 68 130 78 100 156 30 200 36 82 4 181 25 103 125 179 82 168 68 14 24 160 14 23 57 26 73 110 60 35 186 158 199 40 98 2 180 44 182 155 15 67 156 111 191 37 25 58 131 24 114 179 135 12 151 124 86 3 97 188 87 86 198 27 36 16 149 40 49 129
184 18 86 179 183 127 21 172 58 55 150 159 25 192 13 56 89 89 190 151 97 107 22 177 170 129 129 84 178 145 154 168 80 183 143 196 19 63 60 144 59 139 136 197 67 29 78 50 75 36 137 157 118 81 194 64 194 144 137 107 130 161 99 170 159 95 153 106 54 60 100 34 78 34 86 64 51 123 165 191 170 77 77 113 35 147 21 55 52 88
