80 	
11	12
0	51	8	549	8	
1	1	9	811	6	
0	1	4	1432	2	
1	67	2	1158	3	
0	66	6	264	2	
0	98	2	971	3	
1	95	8	1563	8	
1	41	7	1300	9	
0	15	5	1374	7	
0	65	8	15	1	
1	34	3	954	9	
1	91	5	563	4	
0	14	5	1104	6	
0	55	3	1935	9	
0	72	5	641	9	
1	51	2	1870	6	
1	32	2	1262	6	
0	35	6	292	2	
1	55	8	432	6	
1	83	2	821	5	
0	46	8	1305	8	
1	22	5	1089	3	
1	8	5	1982	1	
0	36	6	1044	3	
0	62	3	1440	5	
1	96	4	1159	8	
0	72	9	1951	2	
0	3	8	1954	9	
1	33	7	425	4	
0	61	7	915	9	
1	17	8	835	7	
0	86	4	922	3	
1	40	7	1363	5	
0	25	7	1307	3	
0	74	9	1887	1	
1	57	3	623	5	
0	26	2	1945	6	
0	68	5	313	6	
1	32	4	1135	8	
1	12	8	60	9	
1	88	5	890	6	
1	89	6	262	5	
0	91	5	252	4	
0	19	1	1017	8	
1	37	7	1110	1	
0	61	4	363	8	
0	73	5	282	9	
0	60	4	245	3	
1	48	5	412	5	
0	13	2	52	6	
0	49	5	1846	9	
0	60	9	1152	8	
0	91	8	1442	1	
1	88	2	1894	1	
1	86	6	526	9	
0	89	4	1000	2	
1	76	3	980	8	
1	50	2	723	9	
1	1	1	1025	3	
1	52	1	1704	3	
0	83	7	529	8	
1	99	4	1003	6	
0	75	4	1929	5	
1	62	4	219	6	
1	39	5	338	1	
0	14	8	2005	2	
0	62	2	1286	3	
0	72	6	503	8	
0	1	2	397	1	
1	23	1	959	2	
0	24	9	1469	5	
1	94	3	951	1	
0	91	2	1241	4	
1	43	4	882	1	
0	20	1	32	6	
1	72	5	1369	3	
0	63	5	1490	1	
1	8	2	1577	4	
1	4	9	336	6	
1	29	9	1802	8	
75 143 190 64 132 160 98 82 178 104 108 84 131 115 153 198 17 130 6 183 81 30 171 71 20 76 57 28 167 143 173 129 109 158 128 108 3 182 117 47 16 104 33 40 103 165 155 197 88 101 193 74 18 50 168 110 41 130 36 173 138 107 20 4 87 172 65 91 58 13 46 198 68 41 23 40 53 94 77 84
62 122 165 197 86 63 27 102 191 92 130 194 88 152 193 88 60 32 52 25 154 69 26 91 135 98 111 94 192 120 72 72 129 99 155 100 142 37 103 76 160 11 184 124 179 59 188 139 69 99 101 2 135 195 139 78 185 120 160 125 73 130 90 106 180 116 36 36 120 16 13 53 132 51 151 66 58 124 110 28
182 77 165 46 53 176 82 113 89 130 102 7 200 1 111 27 173 137 193 139 66 25 110 66 70 36 80 119 153 129 126 100 46 108 91 133 170 11 137 170 28 163 132 166 13 76 134 70 86 86 99 158 107 13 35 187 116 28 33 122 12 35 104 58 5 126 15 15 155 182 29 160 151 81 39 2 11 104 79 102
41 170 183 37 61 155 67 191 22 31 39 31 51 175 114 45 86 168 20 155 121 178 66 63 99 131 89 62 14 136 74 169 26 95 110 134 65 53 7 26 87 199 62 31 87 35 197 67 175 96 7 153 167 107 174 61 9 181 24 38 10 163 114 157 47 184 28 107 40 132 55 187 173 4 90 198 40 118 10 101
55 180 33 22 19 53 99 152 173 168 177 36 81 23 35 148 134 39 187 123 135 3 31 187 116 190 90 186 152 195 83 195 178 30 4 83 82 199 26 22 97 96 172 56 123 144 4 171 99 149 136 109 31 193 140 144 25 61 121 83 72 53 30 1 183 152 108 146 189 24 87 14 100 35 100 169 17 122 4 43
180 122 17 125 169 112 93 73 20 169 1 158 29 14 96 26 137 21 152 121 196 159 6 129 197 191 180 126 9 189 67 64 83 24 187 163 83 33 51 144 69 199 73 65 84 111 185 85 176 156 37 130 193 48 87 104 91 145 194 39 105 17 28 47 176 27 53 82 122 104 55 83 16 169 111 6 197 137 5 48
62 66 69 35 110 77 77 112 91 191 131 165 83 113 13 198 63 138 41 22 44 121 87 104 112 166 47 39 82 108 41 74 19 173 19 115 109 58 175 1 137 116 160 184 7 1 127 152 154 5 116 153 133 186 143 140 29 92 5 39 49 165 167 170 18 33 49 42 145 91 190 183 13 49 11 14 149 142 174 31
174 141 67 36 112 116 72 183 167 67 165 107 12 150 13 85 181 9 113 10 108 32 40 131 174 52 6 123 48 32 95 172 55 142 193 172 91 193 44 147 167 121 167 193 141 23 3 156 13 42 129 161 21 22 93 198 113 55 133 190 30 143 148 159 111 171 7 147 17 196 81 43 100 22 23 123 190 48 70 168
99 77 160 146 17 14 28 89 194 138 63 39 26 79 89 15 132 107 127 134 178 70 92 12 28 78 155 82 193 58 127 112 188 175 134 9 197 51 178 128 197 57 175 51 142 31 158 92 66 152 185 69 71 87 44 66 53 191 141 24 162 26 68 74 155 78 43 100 8 28 109 67 129 89 183 13 102 141 147 12
20 185 167 48 180 18 176 72 44 134 121 40 72 15 10 63 48 23 148 164 8 165 197 30 118 182 55 165 139 50 194 118 141 159 1 188 5 7 200 4 37 122 158 175 83 171 120 169 13 160 150 92 18 112 142 104 55 53 122 150 44 102 83 94 192 178 195 46 75 57 60 199 16 158 104 105 70 155 92 140
78 106 83 85 136 145 108 154 36 76 137 6 43 56 92 195 166 124 13 87 111 117 4 189 46 169 131 111 73 199 35 58 99 36 6 23 69 39 24 71 165 193 36 184 68 140 117 125 189 59 178 125 36 106 3 88 73 131 19 183 177 170 185 6 174 194 171 145 196 167 128 165 183 132 109 149 76 76 93 165
88 147 134 127 66 104 168 197 190 28 168 152 190 59 39 156 39 101 126 10 41 105 44 156 5 98 11 54 163 192 80 111 65 184 60 127 142 24 193 75 82 55 33 134 120 197 148 152 78 85 5 66 12 38 47 197 81 176 63 15 18 66 151 59 165 189 97 143 134 194 22 84 187 33 157 4 76 100 161 119
43 169 4 152 100 142 185 100 5 178 106 92 183 24 104 39 135 104 119 152 99 155 95 162 138 143 110 59 147 197 192 41 7 43 64 119 101 195 6 144 73 120 10 19 95 61 168 182 159 3 90 159 6 10 46 50 197 194 171 101 24 110 95 14 81 138 112 12 109 2 108 114 29 91 169 189 19 6 188 32
105 136 61 180 161 14 24 127 97 186 83 88 136 111 39 16 159 84 178 43 175 166 140 93 62 158 57 43 180 8 8 95 147 41 160 122 191 132 36 191 34 78 150 182 33 12 120 28 39 121 81 197 14 105 32 49 42 77 191 34 143 62 140 6 49 183 110 159 36 11 159 14 23 88 27 100 153 126 51 68
88 79 148 152 96 162 56 130 200 102 79 183 197 15 180 94 57 38 13 164 5 151 85 103 181 171 85 75 175 19 69 22 116 121 21 38 163 61 127 142 99 120 141 114 117 28 170 53 14 116 51 23 17 164 80 24 125 124 154 135 128 30 82 163 127 7 129 69 11 190 62 115 59 28 45 113 157 78 80 84
130 190 35 141 16 187 39 70 47 197 92 9 47 43 137 154 15 150 123 195 66 74 155 106 85 86 72 108 123 141 41 182 107 176 190 10 165 81 46 146 93 194 113 177 85 30 120 181 124 160 186 87 28 80 2 31 145 198 30 118 188 37 23 161 170 22 124 105 130 71 99 27 94 168 52 29 172 188 121 69
51 21 27 47 67 130 80 26 102 3 96 163 167 4 76 22 187 144 152 36 116 147 161 110 189 195 108 157 53 46 69 144 97 92 64 144 48 66 97 172 130 60 192 13 44 121 178 1 29 183 87 75 148 126 114 87 12 7 25 17 126 134 97 21 198 147 196 5 37 87 58 167 158 133 47 192 77 95 155 68
48 189 108 176 128 174 194 101 22 43 90 46 145 148 75 33 16 56 41 119 36 200 184 56 20 144 136 2 6 182 110 173 143 95 30 192 42 70 134 184 20 156 174 93 162 111 79 66 61 140 30 21 22 112 106 34 67 165 66 74 105 35 75 186 39 143 78 71 104 195 24 16 149 5 157 128 66 27 156 106
19 168 94 55 182 66 106 188 130 189 104 123 6 200 31 188 91 159 75 110 49 164 146 144 102 76 109 36 91 2 127 20 21 167 139 159 119 48 60 60 100 20 12 44 180 89 135 19 8 170 43 68 23 35 51 98 148 36 170 109 52 79 163 77 166 167 113 119 154 185 190 55 49 15 29 144 112 137 170 21
183 140 197 163 139 145 177 28 28 199 144 188 87 129 152 97 8 117 191 197 23 134 199 69 160 192 196 118 78 66 146 145 60 39 199 129 135 188 1 150 163 112 74 89 74 96 44 67 9 161 10 110 127 122 128 45 121 6 97 87 161 79 72 169 43 88 45 92 154 130 181 146 16 160 145 93 110 91 18 75
99 179 126 89 130 1 194 125 117 75 70 192 43 169 152 156 57 116 97 83 108 197 59 115 139 105 70 176 135 98 142 156 51 200 174 21 70 68 37 73 63 157 41 161 44 49 116 26 20 98 54 164 30 46 78 195 23 56 199 189 110 85 5 193 25 29 160 42 27 8 87 80 75 87 112 31 163 50 26 112
191 75 7 148 160 91 106 155 12 43 154 91 5 64 3 8 102 90 118 89 188 143 114 37 178 90 12 111 105 150 199 196 131 177 184 185 44 87 99 66 168 57 45 73 110 5 46 123 79 77 59 88 72 104 2 103 181 155 64 105 199 85 194 34 81 149 97 124 140 183 59 62 2 173 136 174 147 35 177 111
51 68 82 190 110 38 113 30 11 173 26 82 42 197 152 33 95 96 134 54 78 110 186 122 74 173 150 96 44 8 153 184 139 41 102 144 99 94 137 126 136 88 4 53 76 56 90 153 145 171 198 184 83 97 69 172 180 141 25 100 78 105 1 136 174 179 113 158 160 10 93 133 69 84 174 87 186 129 197 152
29 155 158 100 162 153 124 25 197 44 137 190 24 32 183 73 76 115 188 110 104 65 106 96 151 191 35 112 19 147 157 118 15 58 1 19 71 194 24 174 2 137 131 180 1 87 45 160 196 42 32 200 189 169 197 65 170 40 54 130 192 157 73 49 37 14 41 144 90 159 164 158 95 57 111 113 183 171 22 160
79 35 87 41 120 124 184 200 27 94 166 183 74 37 15 168 92 143 166 115 144 179 89 138 67 122 180 153 108 93 51 161 82 171 30 147 127 140 107 190 132 33 175 188 53 128 180 90 97 31 51 27 121 116 2 21 93 30 41 106 27 170 44 52 36 157 9 191 198 105 143 154 137 31 49 10 37 74 173 14
40 31 26 35 158 85 195 195 69 110 46 93 199 8 161 52 154 145 12 155 96 42 91 101 99 71 104 98 136 70 155 115 33 200 156 110 46 69 127 158 144 190 39 23 198 90 3 68 57 127 133 119 153 140 126 161 133 153 57 164 150 180 1 99 53 128 142 177 198 85 150 61 108 109 42 90 93 166 134 76
149 53 76 198 67 16 123 91 26 133 186 27 104 159 1 157 92 131 67 26 138 30 65 72 185 154 190 103 80 9 13 5 198 93 134 151 113 69 131 80 75 20 115 4 96 198 185 100 200 25 62 74 103 149 195 51 27 78 195 132 159 139 149 195 73 21 127 8 133 191 120 172 86 195 162 106 194 31 75 176
52 160 21 111 160 114 68 6 111 180 195 103 186 45 109 179 138 186 117 104 167 110 20 5 159 33 56 108 146 198 20 173 17 142 47 186 66 131 36 92 112 153 139 174 153 116 42 135 9 120 59 113 32 142 164 173 7 1 137 178 173 131 116 13 89 35 100 46 129 187 156 200 178 50 176 123 122 70 104 23
181 35 150 68 138 172 9 125 61 111 136 94 194 55 167 183 162 183 91 150 191 129 22 184 89 18 67 187 183 15 180 188 88 141 137 172 163 184 195 27 128 70 129 91 195 57 118 142 120 117 143 48 151 110 68 121 160 11 2 60 62 68 143 15 99 142 45 113 78 102 195 7 21 77 26 7 171 119 12 143
124 22 169 155 101 51 17 127 21 27 138 188 197 19 58 70 16 186 155 181 120 199 135 71 33 176 190 13 13 150 88 139 3 159 200 120 135 192 163 130 167 68 186 163 127 13 34 169 39 170 85 198 146 126 50 100 5 186 18 166 99 160 111 7 125 2 174 11 107 17 65 99 14 86 129 167 53 57 126 56
130 1 68 151 26 35 132 19 22 149 164 51 165 132 2 6 5 76 16 178 175 109 14 42 179 21 183 161 183 8 42 84 77 66 49 54 158 133 10 82 73 109 156 38 48 119 108 162 120 180 196 131 120 27 49 199 27 193 22 12 86 169 175 193 38 185 49 116 83 149 72 139 180 126 5 182 27 79 19 155
45 124 18 67 170 138 61 182 172 87 69 38 147 109 61 84 65 66 163 73 69 73 86 7 155 123 13 102 116 199 144 62 198 57 93 181 66 121 117 24 186 48 28 73 67 170 1 85 69 4 154 41 148 76 17 194 42 58 172 115 144 131 38 194 166 49 62 62 62 176 67 164 131 116 142 68 170 142 124 54
151 171 126 102 82 34 57 58 57 49 184 13 157 58 29 78 58 59 130 47 75 90 148 122 12 134 124 153 38 106 170 27 164 61 172 197 71 96 56 44 45 43 167 178 97 57 112 116 130 142 20 142 130 83 5 120 150 130 18 181 44 71 117 86 9 59 134 119 145 149 2 40 113 193 156 85 134 172 197 152
47 27 131 165 126 72 125 84 85 155 52 90 187 199 45 169 37 155 186 5 156 128 10 190 4 59 122 67 30 42 158 84 8 10 31 129 171 168 164 117 73 99 109 179 65 1 37 149 37 88 181 176 22 28 93 36 117 88 96 147 129 48 112 79 70 82 199 110 65 19 108 94 7 117 90 139 20 101 44 108
35 41 4 32 183 181 78 26 100 199 184 40 58 185 189 75 171 80 49 169 72 157 122 86 50 144 132 137 192 132 73 189 39 155 14 123 91 139 64 152 134 76 140 94 141 136 192 148 15 75 99 64 64 171 142 153 100 83 41 172 84 64 197 13 126 16 101 74 102 100 49 29 104 182 7 68 157 171 29 86
103 39 193 27 51 182 186 130 51 102 196 183 157 22 192 107 40 53 134 68 131 67 107 13 163 66 50 91 39 104 185 56 45 44 80 91 152 200 82 107 119 30 53 127 12 21 115 65 75 84 29 146 84 11 117 155 88 195 147 109 185 27 165 135 52 89 199 142 119 97 82 133 132 175 161 96 10 151 108 164
120 3 180 53 200 72 100 195 161 22 93 109 131 94 123 16 30 130 44 117 122 53 50 31 166 101 135 200 63 85 140 64 162 126 185 97 134 103 15 166 35 38 97 73 2 173 81 13 101 164 84 181 32 32 44 115 174 171 117 183 26 31 121 176 120 172 32 25 32 107 154 84 50 151 75 158 51 195 24 61
125 73 147 53 162 3 125 19 7 9 116 158 125 8 154 90 118 54 46 132 134 100 189 69 106 192 169 136 62 117 193 144 82 50 29 2 14 154 162 194 145 159 194 22 49 134 107 37 24 21 46 146 52 33 123 155 134 122 66 161 178 171 63 168 39 123 92 46 144 65 184 26 143 27 32 88 84 184 187 174
67 76 195 13 81 94 198 16 191 32 99 6 93 125 50 93 5 115 71 105 132 178 31 186 40 16 197 10 108 105 165 167 159 32 170 101 138 101 25 35 30 83 185 186 129 79 181 173 152 63 162 183 78 68 185 182 88 110 42 148 164 74 164 106 94 79 124 9 142 109 77 37 100 127 195 84 11 126 166 57
153 126 154 129 135 11 144 104 26 50 163 147 182 134 73 129 102 67 68 181 173 179 78 72 190 50 95 89 10 87 98 67 85 108 78 143 185 119 119 32 116 141 49 80 109 29 7 2 19 98 36 165 163 29 173 176 76 43 172 34 106 30 61 14 141 101 54 163 166 11 140 137 170 124 142 70 112 31 199 196
32 193 22 92 14 173 33 32 122 128 113 66 135 61 56 177 119 42 110 12 27 15 134 76 80 175 118 38 172 111 114 141 70 133 197 62 196 106 79 2 30 36 77 95 111 158 66 8 185 142 16 46 53 164 96 124 156 14 59 145 182 27 35 178 112 25 177 99 181 74 32 15 17 95 137 73 169 169 148 144
171 55 81 76 156 170 76 36 195 111 155 128 130 183 142 133 23 47 22 65 43 43 67 5 65 150 27 153 95 123 19 14 179 119 153 32 46 115 148 140 96 137 177 78 167 70 75 148 149 14 128 140 137 23 23 22 140 44 200 179 121 165 32 82 22 38 157 34 76 69 192 190 5 11 18 159 68 139 182 37
123 9 78 122 111 61 3 119 143 62 173 58 58 113 18 128 8 105 145 115 63 34 193 189 177 98 147 91 47 32 151 6 173 150 79 165 124 166 93 148 18 64 31 21 9 119 31 10 17 181 140 5 80 19 16 50 139 48 152 159 53 90 48 50 197 193 24 42 136 66 186 97 125 87 44 45 136 81 111 190
198 83 188 190 87 54 172 187 147 168 67 92 130 163 47 173 62 88 114 170 132 140 52 134 122 73 3 147 26 54 113 135 138 14 85 95 167 27 119 166 174 127 103 1 151 16 121 74 52 84 69 7 196 192 83 182 86 35 45 72 23 56 95 160 148 159 73 163 173 94 159 64 113 33 118 57 193 70 93 157
113 149 11 144 168 173 45 194 37 38 146 152 66 24 140 76 91 55 62 168 162 187 181 110 19 54 12 102 174 70 74 160 56 95 23 99 54 8 3 125 53 74 137 10 92 132 109 183 36 166 9 177 114 179 177 113 157 128 112 178 56 160 193 56 55 53 112 176 136 29 146 88 168 145 116 4 154 34 138 158
175 112 138 97 96 180 192 69 156 123 95 131 1 64 117 159 115 32 122 11 152 3 101 128 83 133 145 149 16 33 94 193 142 64 31 176 97 136 162 83 44 141 26 140 29 124 103 147 176 164 129 163 23 194 164 173 192 108 93 68 194 75 78 57 187 129 9 175 22 4 130 187 167 61 192 81 120 148 128 197
21 172 72 52 78 67 135 27 155 66 77 13 52 81 56 65 119 39 99 130 179 90 47 124 100 55 111 99 22 158 194 118 180 97 37 32 133 196 60 25 146 180 64 86 125 198 18 71 181 89 44 184 153 153 154 129 7 158 19 188 171 114 133 170 192 49 155 156 101 102 177 147 71 95 52 104 183 59 38 160
94 23 167 24 81 2 24 86 176 78 87 144 72 26 9 138 39 141 126 194 154 88 87 136 70 109 163 140 92 194 69 154 132 185 42 103 2 110 15 72 96 87 97 43 13 71 187 76 175 129 69 114 138 156 163 66 15 134 51 117 152 86 130 65 159 41 142 149 29 144 169 21 193 110 78 13 39 188 88 56
117 55 113 188 131 89 14 46 148 13 60 22 193 198 139 34 50 104 125 18 126 22 131 116 192 167 135 77 169 22 128 31 125 2 176 200 68 56 55 57 26 41 64 121 122 75 8 103 100 137 27 37 92 192 67 167 29 98 85 161 16 92 14 127 23 136 67 128 184 22 123 119 93 90 29 49 108 135 183 23
72 97 9 28 122 41 124 137 116 112 94 184 43 100 127 139 39 155 181 193 67 121 54 7 165 100 131 144 97 103 138 165 47 187 169 27 116 39 127 27 14 54 184 50 99 13 171 127 78 185 192 9 121 73 29 169 115 135 16 157 86 53 160 104 172 88 69 29 42 144 37 190 146 84 165 70 91 19 9 81
85 47 50 130 81 92 194 196 100 178 10 93 46 140 48 121 74 20 4 115 199 114 102 5 35 169 3 176 92 27 71 111 94 49 34 85 99 183 123 70 34 75 197 108 98 24 8 166 90 14 63 101 101 71 131 80 157 20 189 40 122 41 177 37 73 67 46 133 147 189 158 39 80 30 62 64 87 96 24 160
172 122 131 186 40 199 25 170 135 82 181 53 163 106 121 106 155 97 160 102 123 183 118 33 24 177 61 13 138 38 181 110 128 16 38 39 120 141 175 47 129 4 70 4 101 98 33 55 147 19 129 51 1 35 155 175 178 57 77 192 27 121 2 38 65 91 168 140 52 63 177 68 187 123 136 39 148 48 41 97
11 107 198 17 92 88 7 190 86 128 94 82 69 196 37 157 191 172 17 41 191 80 151 106 171 162 184 174 184 48 160 139 111 147 107 102 190 194 27 167 154 174 26 177 143 196 137 177 152 54 125 114 136 195 135 169 46 90 73 183 190 16 122 23 124 66 9 76 182 30 158 187 176 69 130 3 141 14 168 76
83 58 142 73 34 120 155 73 186 104 138 125 196 164 197 129 103 171 147 53 170 100 137 109 119 125 70 10 167 81 42 31 81 141 157 18 178 160 159 103 156 61 172 186 87 40 12 11 80 176 60 168 105 39 51 96 60 32 20 41 188 180 131 20 134 64 109 132 127 100 109 12 134 162 56 98 123 168 163 8
43 17 25 91 114 44 37 189 191 115 179 114 194 93 174 125 25 147 168 93 158 103 162 48 185 145 187 48 119 130 21 166 177 137 61 64 177 34 184 49 2 82 198 33 121 60 132 72 37 163 4 105 91 182 86 197 187 68 7 121 181 104 25 106 129 120 18 50 4 131 112 164 155 157 89 157 110 168 77 28
105 59 188 174 29 45 42 35 194 156 66 166 82 11 112 55 184 158 115 188 141 21 12 149 194 127 15 17 78 18 54 193 116 133 113 54 61 132 130 94 123 155 53 167 14 101 27 175 147 151 10 178 92 158 88 67 71 62 143 121 199 43 186 77 132 129 132 9 175 45 167 73 94 167 174 91 181 132 160 108
164 21 89 39 107 180 200 4 41 39 116 64 78 68 130 45 43 6 141 90 38 65 36 66 90 155 16 4 149 85 69 200 75 56 18 3 153 9 27 186 152 116 7 138 194 191 23 158 160 132 6 196 173 27 80 38 172 47 195 57 137 143 173 103 61 198 59 145 63 103 126 59 71 52 178 182 122 37 184 144
132 198 160 135 15 185 83 159 2 32 76 89 46 180 74 62 182 114 106 75 70 50 143 51 6 16 186 62 163 40 133 161 198 164 60 160 131 193 62 28 196 97 168 61 158 130 198 199 104 146 145 193 126 4 13 153 92 88 192 12 157 10 163 19 9 29 134 14 30 168 42 66 11 61 154 60 184 125 39 51
76 157 10 37 179 160 132 165 68 191 178 42 117 159 106 163 38 8 176 40 78 26 129 16 161 161 189 99 43 28 4 112 33 121 68 148 103 89 26 117 103 95 168 130 6 108 71 10 121 100 144 66 67 116 11 34 53 70 140 31 51 120 50 139 108 89 168 114 55 47 148 53 127 64 142 52 125 43 7 146
91 40 145 75 123 173 185 128 112 85 189 123 111 67 174 177 82 4 99 150 48 78 94 36 21 49 28 11 130 165 112 186 144 51 105 115 134 10 178 112 41 178 183 117 40 26 155 2 186 18 121 31 156 136 161 92 158 140 90 93 69 126 135 106 94 142 160 150 26 187 61 130 123 49 120 103 60 61 192 156
15 154 91 119 87 7 198 77 194 74 55 119 20 133 151 9 111 106 22 15 155 118 104 72 97 132 81 77 128 187 74 104 106 101 108 83 136 84 55 5 1 178 198 179 18 14 96 71 166 147 176 190 137 146 189 114 153 171 156 73 127 185 63 95 55 163 182 177 180 8 56 153 110 27 174 145 173 114 111 165
194 43 151 194 199 56 23 162 140 2 139 96 117 8 41 63 140 127 73 120 125 120 165 40 95 171 45 4 57 40 21 126 88 11 29 179 6 165 200 26 187 56 76 198 34 1 118 86 131 13 192 10 11 112 64 195 85 124 52 194 116 102 62 147 108 198 125 156 191 96 75 118 140 34 38 193 171 100 168 104
26 149 164 186 93 106 71 13 76 54 189 41 177 68 22 108 5 178 85 166 13 125 134 97 69 88 96 165 82 115 151 114 114 48 120 136 22 71 185 38 81 51 197 74 190 43 159 40 139 193 91 22 75 112 55 1 103 70 57 119 17 68 82 31 10 88 122 161 5 187 181 15 124 53 99 50 64 50 26 163
54 181 195 127 124 185 122 29 40 178 47 87 176 10 95 30 47 54 51 45 88 54 2 57 62 9 29 53 88 171 188 171 196 172 4 40 156 138 40 105 19 92 157 84 159 93 65 192 64 55 8 110 139 78 57 103 143 102 168 150 196 162 132 178 10 55 158 57 28 126 144 5 143 122 161 24 167 155 194 106
58 186 15 107 192 6 119 144 185 58 169 95 113 98 61 40 42 147 136 141 194 104 132 87 44 152 65 42 142 50 148 184 197 69 124 92 72 47 93 70 169 182 79 26 199 186 86 59 49 5 164 23 192 141 168 33 65 50 135 128 124 83 23 102 87 114 69 18 127 43 65 8 83 81 120 90 32 178 42 168
146 194 138 43 198 103 173 72 14 133 88 70 27 14 89 50 50 42 117 83 36 83 196 138 163 16 114 61 68 189 179 99 22 81 115 33 123 29 133 8 134 177 47 112 29 179 51 78 15 150 9 19 160 45 25 40 47 94 10 5 158 147 174 144 90 94 3 47 65 155 166 11 94 82 188 196 68 39 199 169
173 144 42 150 71 177 92 60 183 48 22 86 128 68 44 120 63 141 172 83 191 89 25 25 2 178 194 107 197 119 45 15 98 4 90 7 60 200 75 45 122 47 61 196 9 78 98 91 123 198 103 119 159 127 49 73 93 103 7 69 2 109 66 48 57 110 175 159 190 111 26 66 182 136 68 6 53 107 11 188
103 91 119 18 100 134 156 185 188 160 126 150 27 91 111 121 160 63 35 80 94 128 66 88 150 133 97 47 191 49 197 2 49 168 179 173 89 68 110 87 99 96 193 141 58 178 72 32 107 147 113 78 64 79 31 176 44 2 104 5 125 82 150 41 140 196 176 62 165 124 169 184 78 184 133 116 158 44 2 3
45 9 179 103 78 200 28 138 129 152 14 172 11 139 136 109 35 34 191 53 88 139 20 81 128 185 74 111 34 181 152 41 134 181 83 139 194 44 69 118 46 9 55 4 23 142 26 84 174 118 58 118 137 182 169 181 56 184 196 103 102 93 99 112 87 190 175 147 31 35 42 53 123 5 198 24 15 38 88 28
68 86 197 45 57 145 172 60 2 181 121 115 85 165 153 131 186 26 146 184 108 163 166 47 146 167 169 126 171 16 127 132 140 169 62 197 87 127 115 174 43 49 86 60 36 80 3 166 2 117 195 186 89 116 102 62 199 69 138 29 51 53 37 29 111 105 124 65 10 19 32 62 91 40 96 47 91 11 80 23
71 170 35 78 61 30 4 111 146 34 77 68 193 89 36 10 188 87 185 28 3 169 199 73 66 170 145 88 16 108 198 167 173 194 10 20 173 160 35 162 83 186 175 86 71 90 196 23 55 64 103 184 166 200 126 181 164 195 196 195 90 117 125 56 186 127 145 139 94 177 193 1 150 96 64 98 194 163 28 157
91 17 31 166 132 14 128 198 108 28 55 148 2 192 191 76 32 75 134 30 6 10 72 84 18 17 200 171 64 66 59 61 43 152 99 95 160 183 178 113 21 86 121 173 2 145 162 75 97 198 140 93 176 17 96 85 19 160 71 18 83 182 19 153 161 15 3 7 75 35 42 169 30 137 1 85 196 182 167 97
129 129 95 99 97 28 145 149 13 164 192 95 172 187 119 4 167 65 104 45 73 173 141 119 30 144 43 114 101 49 103 186 187 110 134 112 93 198 200 33 81 6 178 37 30 196 155 41 19 199 119 198 69 68 48 31 112 36 113 138 83 31 61 143 181 27 68 132 200 133 129 21 39 50 3 110 153 144 74 95
50 125 73 126 79 96 37 129 49 31 187 24 110 139 144 9 114 59 42 64 152 75 25 82 119 156 41 38 128 192 31 10 30 35 108 145 15 39 42 47 40 193 160 103 97 15 50 15 92 76 14 194 62 11 41 19 42 111 122 199 107 158 65 192 61 70 64 102 21 18 130 28 22 130 198 70 87 143 84 145
74 164 41 24 19 136 147 132 79 62 93 44 1 12 33 107 141 174 11 60 56 4 105 196 129 87 82 73 135 174 52 149 136 140 42 51 95 14 113 66 182 131 114 187 110 95 45 10 36 100 83 94 165 116 128 60 141 91 88 111 81 150 190 43 44 108 123 184 155 63 161 37 17 34 32 178 117 47 126 90
2 173 199 161 18 189 20 188 165 193 137 85 30 80 124 98 103 190 109 147 123 187 103 182 193 113 157 44 123 55 154 81 8 192 42 15 160 168 17 134 175 127 154 46 193 49 1 145 17 58 123 85 30 6 27 22 123 120 110 74 102 29 86 20 114 189 7 73 97 104 200 6 60 181 79 42 83 176 58 78
114 197 16 168 39 145 119 98 1 96 133 197 3 42 65 95 16 99 198 69 135 115 70 160 42 189 6 106 119 6 163 91 74 134 78 48 82 22 172 45 164 3 50 96 97 183 130 188 160 25 115 161 197 177 40 153 119 130 200 30 51 62 165 155 76 174 76 95 162 74 106 84 47 143 21 104 6 190 169 3
189 15 89 191 79 81 151 166 68 143 46 150 72 42 199 190 114 85 152 140 164 128 148 31 24 177 164 86 12 85 39 45 35 40 155 129 104 105 177 88 173 82 73 51 129 2 196 132 200 105 142 120 170 188 14 194 86 169 190 175 84 43 164 120 119 28 185 81 40 160 80 44 172 142 34 32 21 66 3 28
174 111 135 49 30 103 80 10 160 28 130 105 62 84 143 138 101 127 59 111 149 179 21 193 23 114 111 11 54 107 65 185 87 110 127 71 113 112 48 129 173 32 119 183 175 49 4 90 189 174 148 156 180 107 71 94 122 167 71 7 90 183 137 186 19 72 129 47 70 25 93 165 65 105 85 93 138 1 163 163
200 111 177 163 139 192 12 12 12 171 126 122 171 150 28 179 17 148 186 101 164 48 51 77 136 39 177 198 160 156 164 168 183 105 192 118 169 82 43 141 195 193 63 102 187 176 113 127 95 139 89 77 185 169 195 8 120 185 66 1 82 114 77 109 54 107 145 184 116 140 145 61 33 147 93 86 39 118 165 171
168 4 66 3 10 123 82 140 42 21 106 190 31 81 198 156 92 81 183 122 189 68 125 12 104 157 81 181 134 155 197 146 19 28 73 90 88 149 155 17 168 148 79 128 121 139 79 138 72 182 29 21 43 102 28 81 114 84 114 140 178 158 123 66 94 56 93 170 77 172 105 16 92 75 37 87 127 111 51 185
