80 	
30	47
1	38	2	3944	2	
0	30	5	3836	5	
0	44	6	2328	1	
1	51	3	3512	2	
0	87	8	5484	4	
0	38	4	1237	5	
0	38	6	5866	3	
0	23	6	3810	4	
0	53	7	866	9	
1	44	7	1771	9	
1	51	8	1785	2	
1	74	2	7011	4	
0	96	3	3915	2	
0	4	1	4448	7	
0	34	7	93	4	
0	15	1	2056	9	
0	51	8	8106	2	
1	90	6	3765	9	
0	14	2	900	9	
1	99	9	6275	4	
1	83	6	4471	4	
1	41	7	7075	9	
1	13	7	824	5	
1	17	4	2050	8	
1	34	1	7014	6	
1	71	5	2003	9	
0	90	1	1845	9	
1	75	8	4408	6	
1	29	5	6745	5	
1	99	8	4052	9	
0	93	7	6341	5	
1	36	7	4843	8	
1	80	6	7023	5	
0	55	2	6400	1	
1	72	9	1725	1	
1	42	7	7702	2	
0	79	9	6765	2	
0	49	2	7690	3	
0	91	8	6302	9	
1	79	1	1375	9	
0	8	3	1612	5	
0	78	7	5447	9	
1	80	5	6832	4	
1	33	6	1019	5	
1	45	9	1229	1	
1	35	7	5296	7	
1	16	1	4197	9	
0	67	3	697	1	
0	25	9	114	5	
1	85	4	7943	4	
0	56	2	7385	4	
1	1	2	2433	2	
1	2	7	7490	2	
0	96	9	1871	7	
0	45	3	5457	7	
0	89	6	3642	8	
0	81	5	391	8	
0	96	6	5405	9	
1	43	8	525	3	
1	99	1	6313	2	
0	82	7	3817	2	
0	1	5	0	2	
0	4	4	7887	3	
0	90	3	4835	5	
1	88	1	4873	1	
1	28	1	4661	7	
0	41	6	7644	9	
1	80	4	3773	7	
1	40	7	5503	4	
0	27	4	3080	1	
1	15	4	4597	9	
1	3	5	703	2	
0	39	5	8061	2	
0	35	2	6710	4	
1	66	6	5907	9	
0	50	4	843	1	
0	15	2	4513	7	
0	88	7	3947	8	
0	50	8	7682	2	
1	6	3	7930	8	
117 177 49 173 175 4 46 69 25 46 24 140 84 134 21 165 105 32 78 29 11 144 90 40 155 25 182 186 125 17 66 92 68 75 14 81 111 166 111 160 125 138 195 64 52 152 34 32 163 147 111 197 25 136 149 5 119 15 42 111 180 117 43 144 151 155 10 137 60 47 135 59 179 67 172 169 152 2 186 62
137 144 198 161 135 1 146 126 37 54 141 40 23 113 172 45 112 57 182 114 22 172 160 75 60 80 77 32 100 32 55 54 7 200 23 177 113 119 121 141 39 79 26 120 2 140 15 32 72 31 107 148 52 104 76 179 8 88 99 110 10 39 41 172 35 135 67 179 187 103 190 139 114 14 181 33 120 173 54 138
198 51 29 74 135 51 189 189 87 56 163 48 162 118 40 48 152 46 144 36 143 116 80 65 186 70 191 15 125 171 152 178 152 17 178 142 115 31 86 133 69 124 79 2 133 91 30 99 186 37 71 127 80 190 146 49 113 5 67 16 107 76 50 198 16 153 7 182 47 139 26 152 34 149 45 69 100 118 19 98
48 164 192 114 38 108 163 187 73 57 123 33 183 24 19 145 112 35 118 7 137 1 188 64 138 4 35 95 72 200 16 69 105 117 185 115 160 88 124 159 164 182 42 13 146 140 89 82 111 141 47 22 160 82 190 197 43 35 61 43 63 23 42 19 52 169 127 200 116 189 68 127 106 35 152 71 29 116 74 37
100 143 72 138 176 1 20 46 38 186 175 160 119 100 159 156 25 179 95 160 39 135 18 34 64 45 173 12 200 175 78 51 77 80 147 151 110 16 84 102 169 185 56 77 48 78 146 11 45 53 137 59 174 60 137 151 138 156 3 133 120 67 32 42 27 44 17 79 132 108 111 64 106 127 131 166 22 100 77 20
58 199 5 91 133 111 94 71 19 5 44 54 162 167 178 73 136 64 77 39 42 145 85 185 134 69 151 117 42 24 137 135 61 193 57 84 179 113 124 163 185 172 162 37 112 159 197 155 196 77 97 100 145 6 16 24 150 96 144 92 10 94 152 130 43 14 175 107 198 159 101 75 91 197 17 37 88 66 193 73
178 131 153 23 136 61 67 79 98 119 68 179 67 165 175 132 160 128 157 168 13 58 194 86 81 37 196 20 82 73 28 147 98 52 195 68 70 60 186 52 27 78 191 92 107 14 32 84 27 60 168 190 92 39 92 106 137 52 107 180 132 109 114 143 177 181 93 199 184 38 175 73 47 15 64 184 197 182 175 143
136 186 166 18 83 87 181 160 62 164 81 94 117 114 112 22 4 180 65 129 170 121 58 39 110 55 7 90 9 30 192 110 63 192 130 134 137 124 140 199 154 116 90 162 156 126 152 167 26 124 130 7 21 81 36 120 69 176 19 105 159 132 62 99 148 135 143 37 76 168 161 193 37 107 135 196 192 178 47 48
124 137 124 152 195 81 34 19 182 104 178 27 165 86 110 180 51 21 98 117 135 51 105 9 13 16 99 43 74 193 6 57 141 189 5 40 107 6 151 10 116 163 172 138 181 38 184 159 92 177 193 69 62 175 146 35 24 162 118 183 169 174 184 194 143 23 20 130 39 33 65 85 200 130 164 91 185 18 189 32
39 38 122 196 127 41 79 138 61 53 113 156 109 90 109 85 163 76 130 167 37 196 32 85 125 46 32 6 180 143 34 34 5 26 158 75 122 190 189 79 25 114 139 51 59 132 119 45 29 133 50 98 114 17 3 148 30 85 68 40 49 181 33 34 107 100 141 80 145 39 195 59 38 188 166 39 150 18 106 73
97 56 148 158 161 199 53 17 112 100 159 155 147 176 196 10 147 184 94 164 162 128 62 179 59 56 116 141 168 76 158 75 131 156 187 52 149 151 44 78 2 141 73 116 88 136 7 183 52 18 44 165 173 139 165 170 155 189 114 170 94 195 130 128 138 170 66 3 41 187 114 190 50 46 112 30 116 160 143 49
68 133 10 81 74 75 189 161 136 133 95 26 152 3 151 21 195 71 73 136 66 44 77 124 123 3 148 194 4 158 181 10 61 137 173 27 16 11 181 41 7 118 131 38 88 77 49 139 182 147 58 170 169 154 40 180 31 89 90 146 40 192 86 72 139 45 61 161 168 131 1 176 192 142 95 101 149 112 45 160
120 119 12 198 31 82 183 126 118 77 42 174 41 10 100 199 150 80 66 43 127 36 104 150 151 194 167 34 38 189 30 199 5 66 58 144 70 56 16 7 54 120 153 47 86 70 90 76 200 185 20 199 86 200 27 69 50 130 80 50 37 143 200 15 91 154 168 47 169 9 82 20 146 39 40 145 122 119 191 143
67 133 7 170 27 197 43 172 24 18 152 107 186 9 106 137 170 38 35 146 184 123 30 193 166 107 8 174 130 151 25 45 166 65 177 173 10 37 8 50 3 114 38 6 199 112 94 133 46 42 147 123 140 169 12 195 157 132 127 75 162 118 9 196 70 60 54 61 5 40 156 72 34 149 83 90 18 184 35 70
62 197 66 154 7 170 66 29 169 79 127 184 73 103 24 125 18 80 61 165 73 101 30 171 78 122 24 188 34 4 153 35 131 104 187 177 163 103 86 31 121 58 72 25 69 49 33 173 144 74 37 193 187 177 69 63 96 154 189 106 110 101 22 135 72 195 32 123 59 16 198 83 63 120 65 194 112 157 198 152
126 35 125 134 108 80 143 123 168 79 85 8 91 100 33 140 80 169 196 70 95 167 35 199 167 153 137 145 28 113 56 187 26 164 146 47 160 40 169 146 21 29 171 171 28 80 189 75 97 183 9 104 18 156 31 161 33 142 144 77 44 184 134 115 155 49 159 200 25 135 112 78 35 60 28 154 178 14 199 179
182 47 18 143 68 185 21 137 26 127 54 50 48 98 181 39 67 41 65 39 186 80 67 1 174 150 175 32 50 93 128 155 83 13 91 37 42 6 12 178 118 74 80 194 113 100 87 180 187 139 99 106 24 155 192 31 5 69 196 46 156 27 81 11 182 55 30 163 68 17 82 96 65 95 60 53 44 180 57 75
71 7 134 139 1 136 42 29 191 70 133 99 48 42 114 110 35 121 106 78 29 187 73 24 161 104 180 56 134 40 89 120 97 136 151 85 111 90 72 191 196 157 1 90 122 174 109 93 139 85 131 31 8 96 85 183 111 135 136 60 36 131 87 160 47 108 107 122 78 12 57 159 42 145 14 195 92 140 98 182
64 43 71 54 126 165 145 28 27 160 72 7 86 154 45 66 126 92 31 121 58 55 78 68 85 135 93 64 31 124 129 144 82 70 146 25 61 77 136 160 123 11 85 112 103 178 88 147 82 77 185 6 67 144 26 71 62 97 174 32 91 136 13 99 170 137 66 33 183 6 70 171 195 21 181 22 183 47 79 161
177 78 78 110 134 190 36 100 9 160 199 75 195 24 50 109 170 133 52 115 97 114 21 79 31 172 2 98 60 13 200 12 121 171 4 187 132 2 48 164 143 117 168 130 199 121 107 112 25 34 11 125 79 19 176 88 187 96 124 76 94 96 2 40 21 157 184 133 57 156 183 51 171 155 85 121 48 29 165 189
6 87 53 190 7 155 194 159 56 68 105 154 89 36 119 96 85 111 131 40 50 140 68 93 70 138 73 16 81 135 165 190 147 15 196 196 14 25 159 56 6 100 177 198 60 177 195 146 92 132 78 49 52 141 118 90 156 40 59 137 86 28 168 96 75 130 58 121 103 114 83 100 19 25 148 2 19 91 44 68
146 108 78 9 56 136 187 135 107 63 69 123 153 145 121 106 7 46 81 139 79 178 11 111 200 117 155 41 181 9 167 20 160 13 125 4 191 13 190 179 137 124 194 126 111 101 32 109 106 11 169 195 131 178 102 59 10 41 173 189 150 76 73 138 163 40 63 143 79 100 130 169 147 136 146 177 185 157 37 74
187 127 17 118 26 46 139 16 4 149 65 109 169 41 43 183 35 187 147 79 124 104 77 28 24 86 149 50 99 110 49 134 43 128 102 88 194 152 154 88 58 54 186 159 189 178 24 33 24 179 51 32 198 91 132 183 20 113 6 101 120 62 5 160 6 170 54 33 63 15 45 52 62 145 50 43 73 136 37 19
91 104 2 113 144 109 142 153 136 131 188 195 159 123 76 172 175 109 142 193 129 103 22 140 178 165 200 58 60 34 63 144 17 2 8 154 26 28 104 145 174 74 154 47 17 156 143 185 157 80 104 94 105 85 116 2 134 92 137 198 169 133 191 161 78 68 186 176 85 116 188 133 154 98 135 171 175 22 115 63
7 56 145 5 44 150 17 39 191 6 134 63 169 17 185 141 95 90 35 200 124 176 142 147 79 135 192 169 124 90 92 180 48 105 124 59 69 38 153 59 94 55 131 146 155 85 168 149 196 123 47 120 192 163 14 131 60 168 179 43 118 78 150 58 134 14 28 87 85 91 104 12 179 24 179 117 67 27 130 199
96 37 193 33 113 73 66 69 168 127 119 69 131 67 4 128 84 116 200 134 183 26 63 137 156 120 186 97 31 155 23 147 175 100 193 85 127 13 8 153 89 19 66 34 115 133 160 9 170 32 94 125 45 20 192 167 193 184 14 139 178 117 69 157 124 185 47 176 86 67 104 85 149 93 54 6 26 87 118 120
45 157 123 132 117 31 194 76 47 163 116 163 181 59 129 121 171 67 123 168 36 196 68 187 100 19 143 118 116 146 17 133 90 86 26 41 144 151 184 39 89 14 20 123 108 90 39 187 63 129 26 73 78 194 7 36 35 112 51 174 191 12 73 116 35 18 134 167 197 80 161 97 142 62 184 109 174 174 106 108
170 103 162 98 78 185 180 157 52 107 45 172 102 160 72 195 6 26 88 46 178 51 105 13 2 165 157 113 132 121 78 198 69 197 122 186 48 170 179 46 94 93 143 82 26 63 194 61 52 130 133 52 113 25 28 103 127 167 41 9 92 16 106 194 6 40 62 196 130 137 75 55 42 75 152 64 48 173 118 38
199 85 189 151 160 59 107 11 173 171 168 197 199 158 190 72 101 79 152 96 66 146 154 87 186 12 66 25 172 163 104 8 78 169 181 64 31 52 108 32 179 77 102 22 22 67 123 48 120 38 71 106 126 133 18 83 46 139 85 188 88 89 188 94 140 17 138 165 68 85 140 141 87 65 58 125 80 93 152 186
127 191 52 5 180 182 153 21 72 24 24 105 16 3 75 157 200 128 34 130 14 14 44 74 188 129 98 134 175 95 3 200 182 73 61 151 123 50 133 62 188 125 190 67 133 6 22 51 195 195 159 158 50 52 58 77 121 192 93 33 81 165 106 153 158 18 33 83 184 155 182 123 48 116 197 99 18 2 84 125
188 155 55 197 145 156 105 108 174 85 83 96 16 37 193 182 197 2 4 59 193 112 160 172 19 16 185 72 188 9 123 6 86 30 132 102 161 188 183 103 75 30 137 13 140 31 105 75 127 76 57 122 105 199 73 108 36 187 140 168 129 64 166 171 39 28 18 34 43 110 39 72 190 141 166 184 106 106 79 191
114 166 128 33 122 107 161 87 164 175 168 80 163 168 32 125 106 143 175 200 40 81 100 171 89 158 4 149 70 161 184 151 47 157 174 91 143 65 26 200 132 59 151 48 133 154 177 139 122 58 155 7 112 101 79 96 186 150 91 99 189 190 144 44 124 94 79 200 7 75 132 168 175 80 82 60 86 132 20 85
143 76 82 177 50 120 91 89 51 175 90 4 140 116 28 32 194 29 81 160 63 41 171 121 103 140 173 141 174 103 24 139 7 9 115 133 176 114 171 38 79 29 80 77 35 46 64 199 13 146 14 139 154 22 147 2 192 106 22 172 125 67 18 135 75 62 59 126 143 30 40 189 167 13 155 20 83 95 72 191
134 193 42 196 136 186 180 13 198 102 111 144 77 126 99 148 150 105 97 28 194 102 86 143 56 112 91 14 110 122 175 34 52 25 47 52 165 107 70 58 58 86 90 32 191 129 133 149 122 4 1 152 53 43 113 90 46 146 139 99 21 75 64 181 32 137 90 37 200 143 117 78 105 31 95 51 40 192 108 90
88 130 21 21 8 42 88 138 169 67 5 15 152 142 176 167 108 128 151 150 130 64 18 30 133 25 67 18 15 122 21 50 97 80 121 186 117 76 164 95 191 194 66 54 111 126 51 98 118 41 195 2 123 24 113 150 55 128 187 74 85 180 117 170 152 112 68 42 124 104 110 92 103 46 180 161 53 99 195 80
183 185 120 195 152 29 168 164 30 18 12 56 54 4 32 122 49 18 185 130 170 70 30 103 167 115 115 61 75 60 2 182 177 147 157 50 166 115 152 78 98 96 21 189 141 41 151 191 110 87 34 96 174 22 152 197 129 49 52 42 52 185 54 27 188 157 38 23 3 62 162 73 176 199 18 74 135 153 117 32
145 177 189 191 160 172 55 59 89 25 74 17 174 51 70 77 162 55 150 133 200 69 156 52 138 110 194 61 128 23 74 126 11 181 126 101 171 118 101 88 123 50 141 172 136 120 96 183 28 138 35 166 102 112 195 28 94 143 143 175 197 195 195 74 121 143 192 78 16 18 196 141 136 161 144 172 62 8 181 155
166 110 138 54 9 37 111 135 35 181 148 73 161 110 2 106 150 29 186 7 41 184 200 179 91 174 154 135 106 36 194 107 82 16 148 42 33 32 120 94 168 6 174 35 193 179 61 35 173 4 175 155 176 15 27 170 25 3 69 143 69 131 28 79 26 109 38 125 4 55 196 97 63 184 57 40 13 6 3 93
63 165 40 33 151 83 135 171 163 65 35 148 192 39 52 105 169 20 182 163 107 97 125 181 20 131 56 64 127 166 138 158 128 156 121 179 98 199 191 75 34 128 47 101 139 39 195 71 174 120 156 47 3 162 121 116 86 194 168 200 189 124 196 148 19 26 152 130 51 179 44 39 184 95 112 109 16 139 113 181
75 96 123 137 146 13 12 190 19 195 70 122 105 87 41 63 15 22 108 164 71 140 173 53 119 12 131 119 190 120 124 121 3 5 40 74 55 53 124 190 92 96 26 137 141 147 9 65 84 15 95 120 24 56 53 196 12 54 88 103 7 181 180 33 100 183 110 134 165 60 175 72 172 153 157 158 174 85 70 151
123 180 161 128 6 147 40 73 187 144 44 184 55 193 41 99 60 160 152 52 160 108 134 64 89 12 200 74 174 64 71 191 168 72 182 112 6 123 60 63 176 13 180 112 64 18 166 142 164 61 53 104 137 15 123 120 37 170 10 151 191 59 33 14 161 157 155 146 36 168 188 79 145 108 92 160 199 135 117 200
150 37 185 199 184 73 41 63 132 179 184 176 76 198 94 199 198 45 146 193 56 56 155 178 102 44 59 59 159 56 67 192 171 169 2 43 10 122 1 113 42 13 68 155 152 164 33 49 71 65 15 168 95 93 11 9 96 36 169 163 169 29 57 154 4 182 130 181 96 198 78 189 152 118 76 191 187 114 193 144
63 108 164 33 180 25 73 169 109 107 26 191 144 123 74 83 188 141 164 151 22 127 72 60 150 54 91 146 175 72 90 13 22 126 56 34 42 191 182 115 163 152 89 121 116 1 142 31 168 111 91 71 43 191 161 64 53 150 93 70 121 77 187 14 31 152 31 31 184 147 178 35 8 130 12 47 55 57 31 119
65 165 141 16 36 141 18 6 44 122 16 7 66 157 176 47 146 24 78 92 81 126 85 179 117 65 199 9 186 113 71 1 103 7 181 20 139 80 154 120 112 66 143 58 85 60 90 129 57 116 177 99 187 79 2 46 43 170 76 8 141 114 177 135 81 83 148 156 2 87 141 92 102 47 189 134 103 50 43 64
179 98 100 98 151 12 11 199 83 110 32 189 2 88 116 68 139 101 117 59 109 151 93 119 55 113 130 114 176 183 28 132 75 178 113 179 64 31 9 133 146 26 93 95 108 172 22 175 138 176 31 24 1 169 32 29 194 4 7 84 183 156 9 129 148 43 93 139 99 158 146 34 124 181 19 45 44 56 181 53
51 9 18 143 100 175 4 131 107 129 193 60 132 185 110 56 3 103 45 143 146 44 15 137 87 68 49 89 162 53 157 62 29 6 107 33 104 176 18 70 142 112 80 177 113 14 4 11 127 30 8 162 77 185 152 111 71 153 149 5 89 191 106 164 53 110 44 44 51 165 2 132 133 127 42 169 125 68 197 32
147 97 149 60 105 115 42 171 86 68 22 33 124 22 18 28 86 120 114 4 181 85 50 115 149 165 148 15 42 29 77 86 81 174 128 129 153 103 147 30 116 43 174 108 99 71 131 91 131 171 56 195 76 13 169 109 56 63 189 98 78 86 134 142 94 71 11 163 182 104 69 80 192 26 99 32 43 67 103 84
35 186 178 92 161 179 148 38 128 73 74 147 150 115 158 134 12 167 85 113 92 94 11 38 197 100 149 10 14 149 197 155 146 19 6 168 29 89 148 187 143 33 75 27 120 150 186 172 126 171 200 30 155 60 194 128 176 18 110 65 10 46 167 166 161 113 124 192 173 21 18 99 196 114 149 45 32 78 29 95
73 186 89 75 50 59 164 153 90 37 12 10 129 117 197 93 96 36 68 163 144 41 25 155 143 147 9 5 121 134 147 45 144 190 93 173 166 56 28 89 120 10 79 139 186 138 144 66 104 72 139 3 112 65 15 140 4 70 78 4 45 130 135 96 22 76 55 39 142 63 126 163 148 139 178 185 54 19 95 176
44 62 71 161 74 169 128 104 4 55 143 69 1 102 114 99 195 177 166 171 143 99 63 181 146 119 106 185 159 43 104 116 141 103 166 79 66 181 171 129 184 3 24 84 36 106 117 163 148 66 90 21 151 89 31 115 183 30 3 166 53 182 129 116 90 50 91 161 55 147 194 135 88 118 152 127 17 196 154 100
69 15 160 75 10 67 108 159 142 12 117 199 65 181 24 194 148 88 170 68 177 131 190 141 49 96 123 11 170 86 144 171 47 112 181 95 155 180 154 63 165 155 30 194 181 142 44 149 70 70 167 13 178 87 155 190 81 10 93 58 82 166 18 187 53 22 68 193 148 156 166 162 35 188 14 24 160 66 105 123
33 121 197 58 8 61 47 155 45 82 19 24 152 47 185 191 5 154 11 75 146 6 188 175 93 81 170 18 44 4 116 17 151 154 124 73 48 151 62 20 162 109 6 180 194 117 131 39 89 161 141 30 53 87 48 164 101 194 83 143 144 93 19 70 200 15 81 118 68 130 171 84 106 39 35 173 5 6 181 162
2 127 116 163 26 41 102 125 45 16 137 13 40 122 165 185 2 74 74 36 106 113 26 14 26 95 74 143 48 133 58 36 192 153 134 41 198 72 54 184 53 141 65 112 156 131 106 168 118 122 148 63 196 18 151 73 79 66 177 143 15 11 51 13 47 182 167 146 147 82 178 164 67 52 16 190 66 12 182 194
166 31 80 191 198 128 53 99 107 47 55 135 21 58 22 66 157 99 178 150 20 115 47 2 76 198 194 42 165 139 140 17 148 160 60 25 50 101 137 28 139 112 163 112 155 16 158 157 139 102 182 188 93 104 59 49 37 146 65 152 194 114 9 11 137 81 113 132 151 154 4 66 21 59 80 13 4 138 134 157
73 146 87 184 13 2 62 180 55 103 176 62 19 69 102 108 73 168 139 36 52 62 28 176 78 21 189 134 18 38 108 187 161 189 88 130 145 49 96 67 81 194 40 117 121 167 129 142 93 115 166 144 23 77 197 174 31 14 147 62 189 90 136 135 197 96 163 54 123 109 20 145 96 53 144 176 156 127 189 194
72 68 81 67 87 186 20 86 171 131 159 68 80 43 93 189 29 60 62 163 19 92 4 150 155 105 147 38 34 92 141 174 21 137 174 64 62 167 62 196 161 135 164 6 122 123 28 6 76 131 126 127 196 3 140 15 98 47 195 58 54 171 105 197 136 69 128 168 68 97 37 187 11 131 102 163 108 114 88 147
15 166 97 22 76 104 66 28 112 66 145 183 103 159 78 39 96 90 107 15 96 97 42 194 82 187 83 112 4 92 37 107 175 174 186 34 84 180 129 112 158 174 77 4 78 153 196 192 16 56 191 163 187 100 140 168 187 17 158 101 114 183 66 157 152 121 196 28 55 137 64 139 112 124 6 170 160 36 120 83
173 191 70 195 159 78 128 75 59 193 123 103 22 108 76 87 127 7 91 47 61 199 187 162 59 177 76 105 39 176 92 21 20 7 50 123 176 187 4 157 107 90 185 98 198 176 18 21 162 53 93 61 98 148 96 108 86 73 199 157 95 74 71 118 130 134 41 134 151 175 2 86 189 15 191 72 45 186 31 180
191 8 100 29 90 152 134 147 180 156 3 25 193 147 83 85 181 156 37 28 54 192 159 48 158 200 118 170 66 90 136 91 5 107 135 52 126 37 91 142 18 138 106 150 184 139 136 45 49 131 185 36 45 192 16 185 26 148 37 52 198 133 186 36 43 17 113 177 135 139 65 171 119 140 166 195 6 196 69 27
126 188 42 22 138 196 19 24 26 122 200 93 93 189 199 148 103 131 75 104 140 129 134 124 191 83 190 47 68 13 131 144 198 21 32 60 12 38 173 151 88 7 178 100 176 66 58 164 187 1 104 126 136 72 78 163 40 14 191 160 132 98 192 184 120 4 40 157 87 77 190 85 17 114 181 63 161 182 162 18
70 162 35 177 112 195 67 154 141 96 54 81 110 32 181 46 116 45 39 158 99 96 150 147 111 1 121 116 100 148 75 38 18 141 34 152 105 149 71 121 17 44 24 63 20 78 23 56 72 64 200 100 14 84 74 66 21 43 131 104 115 87 22 91 81 197 191 148 31 184 180 54 29 62 183 163 88 172 43 193
117 69 78 158 2 150 113 141 170 38 152 44 174 140 123 100 26 163 110 165 62 183 105 160 67 149 100 85 163 174 89 67 136 81 35 198 175 133 81 94 65 190 200 51 54 80 152 142 111 66 158 45 58 139 176 78 97 88 88 101 62 35 66 65 13 84 165 177 48 73 189 66 116 14 119 190 24 195 152 99
21 125 118 89 68 106 88 78 130 83 24 3 97 90 138 146 132 51 87 7 182 180 152 194 31 13 111 51 199 52 114 53 132 73 81 104 65 93 62 118 198 94 106 57 43 99 40 173 62 22 132 196 68 83 102 72 35 106 65 119 165 135 174 161 101 62 125 78 136 29 49 151 27 142 126 5 162 170 83 29
9 33 42 32 65 85 4 150 167 93 198 28 46 103 21 135 181 161 183 185 194 16 187 127 109 83 40 195 147 126 199 62 35 32 193 15 121 76 184 146 109 199 18 69 65 123 103 132 19 133 54 150 77 157 40 67 26 196 118 47 10 176 28 87 123 131 122 187 200 136 123 82 53 8 126 61 104 134 157 70
161 133 141 16 57 40 30 36 34 151 140 43 75 79 42 186 191 169 185 172 180 14 70 1 58 144 25 25 132 64 10 68 188 142 86 122 120 139 133 21 76 83 80 44 59 16 136 192 45 187 60 1 195 170 87 81 189 190 125 83 49 102 147 145 131 197 162 49 22 107 51 6 192 180 111 32 92 40 106 15
37 15 64 161 7 140 192 104 191 41 74 72 17 162 118 95 156 134 171 134 47 198 111 183 98 20 59 164 198 88 24 193 89 179 152 131 198 124 85 185 29 26 180 25 67 193 158 79 28 91 36 2 61 176 96 102 46 141 44 146 11 157 12 127 148 180 114 102 50 53 89 112 50 189 184 43 11 81 140 107
123 119 57 176 183 175 7 76 140 101 8 188 127 30 155 91 117 45 170 155 103 180 200 55 11 164 3 87 136 41 25 69 194 42 121 72 75 124 134 193 76 89 98 161 28 38 168 177 163 84 9 174 171 58 189 101 182 122 66 23 90 121 10 196 146 86 105 193 130 2 63 49 196 100 158 2 110 65 32 151
153 171 155 39 61 178 70 128 49 167 47 157 95 90 39 18 162 22 113 62 9 136 176 125 96 198 130 96 38 23 13 148 80 103 134 71 162 152 175 105 55 77 153 197 72 80 20 147 135 175 68 110 138 42 80 172 36 175 87 191 6 9 49 101 112 125 126 22 10 160 132 192 131 167 3 112 62 95 175 20
53 127 88 54 26 152 101 135 27 165 63 99 165 199 139 172 150 38 100 65 21 156 119 190 195 188 123 63 38 74 129 126 92 52 40 75 32 99 69 153 93 186 21 19 97 100 179 140 40 45 122 60 37 155 47 194 188 109 28 106 112 89 191 69 172 52 126 68 135 46 96 122 98 171 47 123 188 182 102 29
198 165 67 58 58 65 149 166 67 13 164 128 39 136 33 46 143 2 2 76 143 30 57 165 11 85 108 180 176 131 21 191 106 94 59 184 69 1 179 46 200 46 20 80 20 101 3 28 78 174 6 108 32 13 169 106 84 66 188 132 196 23 79 175 175 5 123 192 174 50 4 11 32 44 8 157 82 63 55 92
197 25 155 171 129 171 181 159 44 189 23 50 178 118 61 83 161 147 113 134 117 73 31 102 94 31 164 162 56 4 190 109 165 94 178 197 88 158 26 95 195 179 148 147 6 77 70 104 182 77 78 100 163 100 127 11 75 183 37 113 38 104 97 130 4 113 198 13 81 37 146 193 44 177 51 67 174 79 25 8
114 23 13 42 132 154 60 37 56 67 104 35 17 61 177 173 186 178 192 3 150 44 17 171 31 123 64 33 62 96 24 116 22 55 160 20 93 106 165 75 50 78 196 30 127 115 15 108 170 187 141 8 187 73 160 14 147 81 73 65 89 167 191 101 197 161 186 126 12 150 167 145 64 133 104 94 123 44 164 10
162 87 188 79 90 50 77 156 63 160 4 198 36 25 123 139 40 128 61 141 154 82 150 20 181 66 55 22 123 51 94 89 182 19 45 151 119 106 63 183 123 157 195 70 176 135 114 175 194 118 197 44 16 136 17 26 5 64 81 180 3 70 38 75 85 184 17 20 143 135 92 23 69 165 154 141 171 25 138 41
15 187 109 181 63 195 70 61 10 26 155 63 54 152 117 78 178 142 138 16 24 7 113 189 166 26 9 62 129 36 121 5 85 148 1 195 113 60 72 123 150 199 166 133 87 49 195 2 7 46 146 132 133 119 81 93 195 49 169 75 63 139 145 21 150 171 60 146 192 8 200 86 158 100 56 114 199 1 188 87
9 176 186 119 156 21 194 81 93 129 37 64 84 48 93 8 41 116 98 10 59 57 56 184 27 40 192 41 59 143 180 103 17 26 147 142 178 10 90 24 104 138 134 129 165 112 160 39 109 21 106 189 182 87 17 85 26 10 104 158 163 5 181 141 15 80 166 44 177 31 59 136 40 1 175 93 178 17 39 197
73 158 88 81 200 148 161 163 115 36 147 164 167 106 129 101 81 23 110 83 24 83 159 87 163 115 127 76 30 123 175 77 159 193 66 5 18 191 117 129 132 26 8 31 193 37 162 168 62 49 177 11 39 60 156 128 172 35 155 61 68 107 57 135 99 114 155 21 100 75 44 154 47 139 183 165 123 178 162 57
143 117 83 114 172 68 81 98 6 148 56 164 187 147 116 190 92 25 129 30 23 160 59 96 138 30 39 6 190 73 25 130 172 129 150 158 190 139 146 37 25 47 98 18 75 127 123 121 88 160 28 200 114 70 167 90 147 182 117 124 21 140 8 184 8 48 182 197 122 49 138 27 97 165 154 99 15 88 165 48
107 74 13 128 34 153 99 57 127 15 195 180 124 139 80 199 155 142 174 38 46 80 134 74 155 160 178 162 64 61 41 66 59 100 199 155 177 154 189 99 85 193 45 88 138 36 147 179 95 74 79 67 59 124 40 89 183 94 78 187 28 175 144 44 144 126 8 112 97 103 6 151 145 192 182 63 34 154 53 158
146 181 132 188 116 106 147 58 29 136 148 21 125 147 161 200 165 59 182 65 74 111 198 110 133 26 80 109 59 12 133 72 179 76 98 101 190 194 17 146 179 176 148 111 46 129 167 4 17 83 87 111 60 58 132 165 147 40 36 57 63 13 161 45 32 176 200 177 65 153 81 50 150 82 137 100 105 194 132 197
32 27 51 74 172 2 54 13 125 71 101 34 155 135 88 29 81 123 98 181 140 25 166 133 125 47 145 168 65 67 64 84 110 32 118 126 180 177 9 105 79 130 25 75 122 172 138 171 59 116 57 142 148 102 176 18 83 153 95 132 99 117 110 1 112 186 110 11 191 146 128 100 180 184 73 98 157 105 55 188
154 65 172 151 67 144 4 160 160 97 156 193 21 125 177 194 154 2 177 42 123 33 39 200 61 118 176 52 113 200 135 147 195 177 87 161 86 197 166 14 98 61 115 58 183 108 28 107 44 113 102 33 26 122 7 191 147 98 114 166 80 64 196 133 20 184 38 157 148 87 108 19 132 20 23 44 197 46 121 140
