80 	
13	41
1	7	3	509	8	
0	1	4	164	2	
1	7	5	65	5	
0	6	4	127	4	
1	5	3	162	3	
1	2	3	613	3	
1	5	7	55	5	
1	6	4	153	7	
1	8	5	20	5	
0	3	4	22	4	
1	3	3	221	8	
1	6	4	616	7	
0	8	8	36	9	
1	6	5	578	6	
1	8	8	221	2	
0	9	3	380	7	
0	4	3	229	3	
0	1	4	280	7	
0	6	6	576	3	
1	2	7	551	7	
1	5	1	501	4	
1	9	2	551	9	
0	7	7	464	7	
1	2	1	257	3	
0	8	8	250	6	
1	6	7	308	2	
0	3	5	87	2	
1	5	5	536	1	
0	5	3	9	4	
1	7	6	515	4	
1	8	5	537	6	
0	7	8	20	3	
0	3	4	639	8	
1	2	2	442	7	
1	3	9	400	2	
0	6	6	222	2	
0	4	1	265	7	
0	5	5	257	2	
1	9	9	27	1	
1	9	9	171	9	
0	8	5	16	2	
1	6	3	643	8	
0	7	7	79	9	
1	7	6	543	7	
1	8	7	172	4	
0	7	4	251	1	
0	8	6	70	7	
1	9	1	179	4	
0	6	2	182	4	
0	7	6	574	3	
1	3	4	181	1	
0	3	7	289	5	
1	4	1	453	2	
1	7	6	372	3	
1	1	8	422	3	
0	7	2	410	9	
1	9	7	91	6	
1	8	3	102	8	
0	9	4	169	7	
0	4	2	25	3	
0	2	8	395	4	
0	1	6	46	2	
1	5	5	457	7	
0	1	2	311	5	
0	6	9	293	2	
1	1	4	171	4	
0	9	2	634	8	
0	5	4	333	3	
1	3	2	486	6	
1	4	3	52	6	
0	6	3	310	5	
1	9	8	23	4	
1	2	8	614	2	
1	2	6	516	5	
0	9	7	228	7	
0	4	6	1	6	
0	1	1	196	6	
1	3	9	640	3	
0	8	6	552	2	
1	6	2	539	5	
159 66 186 177 8 63 61 113 123 65 156 126 64 142 78 13 139 36 181 67 117 119 158 193 76 165 42 121 121 129 40 41 34 52 114 123 128 42 47 111 69 2 80 167 155 174 175 134 11 63 64 161 144 42 24 120 157 15 137 105 14 120 184 117 121 37 159 77 104 88 47 35 155 117 155 132 122 106 102 80
74 46 163 36 65 138 196 185 192 13 166 188 61 153 99 35 28 99 4 102 187 7 69 54 178 51 107 66 83 5 60 99 163 47 8 58 52 46 114 142 92 151 104 110 46 76 33 182 136 25 123 183 52 107 149 8 95 16 115 179 10 68 53 91 84 13 177 176 173 21 35 136 60 200 121 169 197 159 125 185
16 96 31 96 194 17 177 98 78 137 58 118 75 103 140 164 193 102 143 93 40 199 175 152 54 182 3 3 150 97 53 199 102 180 21 75 172 73 76 59 129 93 172 141 133 125 41 91 54 168 194 34 72 41 142 27 175 106 45 68 188 111 185 156 17 20 61 191 189 153 2 158 108 45 45 122 65 13 122 45
21 149 95 11 70 171 44 188 29 68 60 17 83 116 13 146 118 130 170 24 92 145 51 116 168 174 5 14 64 183 172 185 100 146 22 116 160 4 49 57 167 20 4 132 124 149 23 69 3 199 139 14 135 32 108 159 145 95 14 17 192 149 127 182 8 100 96 77 92 163 15 35 140 173 185 49 36 173 175 156
127 184 194 111 74 173 124 150 180 117 101 199 100 54 16 198 70 7 103 138 117 90 193 56 145 174 140 157 18 27 5 162 158 137 111 19 122 30 56 190 163 131 5 29 65 177 86 46 85 154 124 59 152 63 9 1 172 42 15 23 65 36 161 92 26 186 6 199 23 99 198 188 180 2 178 164 23 197 122 183
125 77 18 7 125 34 170 99 120 192 84 128 135 183 77 168 82 40 183 3 80 48 196 129 100 75 137 97 148 141 38 145 67 77 162 44 21 137 75 111 127 170 105 45 152 186 10 171 22 182 156 197 172 180 149 167 198 150 126 75 174 116 78 124 150 122 91 60 198 60 184 7 172 86 4 6 164 118 35 68
130 48 150 14 200 53 100 200 118 123 184 60 106 184 159 74 53 68 128 57 35 196 194 51 53 147 182 123 89 165 126 188 178 15 160 105 20 42 63 9 156 158 173 120 42 74 122 6 157 200 28 104 186 158 190 71 62 172 99 70 23 167 83 69 6 88 93 164 149 3 158 194 20 32 114 183 173 87 42 49
77 137 6 158 104 65 93 194 5 36 172 113 34 59 89 59 83 91 137 7 96 10 104 48 71 138 102 185 25 198 121 17 20 140 63 184 82 7 46 116 5 115 166 60 112 72 117 91 155 80 87 146 42 166 193 164 173 11 118 49 167 72 123 172 191 34 10 12 42 131 12 160 56 10 38 139 200 188 28 122
171 192 118 159 104 124 172 97 175 88 184 165 24 73 155 172 10 90 104 144 183 199 47 152 73 89 52 151 35 175 169 189 40 136 151 79 54 184 90 80 189 100 71 19 113 38 144 103 116 156 200 172 77 187 163 116 61 176 136 123 21 182 1 26 197 63 100 130 178 102 26 183 127 155 173 156 176 30 132 7
170 193 33 41 148 45 141 128 90 56 105 74 85 73 17 89 161 94 189 111 93 174 34 93 185 170 53 27 42 63 52 106 76 58 182 7 195 8 75 80 191 170 30 53 141 122 97 188 136 20 109 53 159 92 195 78 36 116 123 131 86 54 188 79 197 62 13 16 78 119 177 59 27 5 126 161 59 187 64 99
164 89 198 163 170 4 189 88 58 120 41 79 1 177 102 106 39 26 108 122 45 56 173 25 37 181 51 91 38 54 188 101 8 90 189 8 46 146 101 126 199 200 174 64 110 94 15 144 41 123 63 19 127 63 126 84 31 80 18 42 116 92 161 173 53 189 42 96 191 10 92 2 134 119 45 173 112 194 142 131
93 156 122 48 100 3 197 19 173 128 28 31 22 142 152 161 122 47 173 20 164 57 18 122 189 195 184 62 200 123 43 96 13 122 172 187 163 89 93 106 97 32 98 77 149 196 199 136 9 166 56 135 129 29 103 84 129 169 23 98 74 162 98 161 71 93 129 54 3 148 20 23 46 134 163 181 131 122 43 58
116 9 154 120 118 28 33 100 75 31 178 107 156 42 53 108 32 139 99 58 197 84 97 144 191 116 161 17 16 52 37 24 49 171 63 163 181 120 110 193 50 32 61 140 49 195 135 138 10 164 142 53 33 157 109 27 162 6 17 176 193 56 125 154 73 192 76 160 32 123 98 199 131 114 40 48 43 186 117 81
172 174 116 66 198 174 146 185 149 52 129 163 174 164 33 61 69 19 117 12 109 123 185 165 192 25 184 28 110 114 145 49 95 42 17 125 155 189 183 200 59 192 30 129 115 190 19 76 65 173 151 180 159 123 2 6 11 144 20 40 122 124 9 11 151 136 83 15 126 133 162 5 4 109 89 173 196 17 169 36
138 50 180 109 187 88 6 61 67 119 7 135 187 176 30 112 90 45 64 116 9 116 2 104 143 192 108 40 180 12 199 166 40 13 40 95 114 185 62 132 36 89 2 3 62 126 163 190 152 192 77 156 108 137 198 148 79 162 37 50 36 148 170 91 11 193 28 41 19 23 1 68 187 28 153 165 149 58 144 116
99 178 134 97 110 177 60 36 79 94 37 184 28 84 173 87 67 84 126 46 32 192 184 129 69 66 38 89 30 41 11 109 80 90 7 27 162 172 63 41 10 195 104 151 65 19 190 15 160 34 146 144 129 73 154 129 46 112 73 14 27 184 21 21 123 184 140 21 28 19 45 145 73 22 149 31 86 59 166 32
11 196 2 165 27 100 126 143 36 73 121 93 56 156 44 160 124 17 142 3 196 8 29 66 102 28 44 177 101 59 190 25 15 52 150 39 80 97 70 87 21 86 182 89 56 104 57 76 75 26 163 77 143 76 20 43 39 101 74 184 126 99 108 53 85 142 170 129 30 110 4 115 94 155 120 83 45 169 34 175
39 156 132 103 134 191 167 44 1 21 125 138 65 193 155 122 169 189 51 134 142 28 76 62 72 186 160 61 16 169 120 18 81 71 26 9 26 92 132 166 199 30 36 161 186 175 95 78 7 171 180 2 132 169 27 158 40 78 165 51 59 21 180 25 11 122 47 94 110 166 91 128 170 163 41 172 171 140 93 109
57 171 58 131 195 12 33 85 157 8 180 188 14 160 188 170 42 143 104 29 192 133 64 94 76 115 123 4 83 194 42 23 88 17 126 184 119 55 29 62 176 74 93 192 164 134 104 6 41 7 174 106 63 34 33 41 44 33 153 171 102 68 111 48 107 90 6 115 42 28 50 130 146 180 123 163 148 138 32 194
158 80 178 128 18 70 33 138 23 169 98 110 57 12 46 60 135 40 40 196 111 80 22 126 32 59 18 23 49 94 95 106 175 27 117 67 165 122 119 195 106 81 32 29 154 21 60 44 164 156 173 75 111 14 174 77 133 119 200 28 70 91 43 177 9 87 190 80 29 103 32 150 159 16 37 24 177 72 114 60
38 113 46 29 147 179 103 137 150 90 166 74 176 185 22 156 41 142 10 69 41 91 170 187 164 190 18 69 158 153 43 85 160 22 115 174 143 12 87 105 12 169 188 179 172 25 123 140 13 58 153 149 57 68 34 109 21 118 191 148 34 72 114 20 79 62 28 53 193 187 95 92 186 82 132 72 118 164 107 76
78 171 62 194 20 35 2 140 1 47 195 102 91 43 157 6 23 156 43 116 152 165 167 24 31 167 94 89 165 124 135 82 184 173 150 195 189 2 113 86 102 103 165 126 63 44 116 99 157 62 117 98 24 54 199 134 12 171 146 174 53 196 200 3 111 64 73 173 5 2 57 81 54 12 74 197 102 144 10 57
90 110 104 104 154 27 63 112 108 185 196 145 3 143 28 67 58 77 66 72 198 192 9 192 152 106 23 117 111 196 9 103 100 5 115 77 62 151 15 42 77 174 74 108 56 19 5 76 132 76 32 187 72 33 194 48 85 149 72 195 191 131 140 70 68 122 97 123 187 11 191 96 47 117 99 108 15 54 129 127
190 36 107 186 134 156 53 174 8 67 12 1 182 190 16 24 27 123 87 55 134 48 127 132 30 42 46 21 128 191 121 64 111 184 191 46 146 7 141 81 165 131 54 73 106 58 106 28 153 125 91 56 101 51 84 134 142 99 160 139 190 17 174 103 5 121 52 66 188 64 14 62 41 175 142 199 156 25 118 102
116 65 101 132 179 139 45 49 163 4 21 50 132 145 177 61 51 80 127 22 45 125 114 157 38 149 107 183 186 198 46 35 199 10 122 76 165 15 78 200 160 197 145 198 82 134 110 70 197 111 12 150 186 146 119 170 106 47 195 33 172 58 191 145 184 93 164 59 124 113 89 186 18 170 48 9 180 67 174 174
56 25 154 91 14 163 74 195 146 166 86 20 184 183 142 12 126 122 173 27 32 19 64 12 98 49 79 96 187 150 148 22 173 136 25 44 169 79 110 2 49 105 112 161 164 143 178 187 199 108 72 1 72 169 23 46 34 137 41 77 131 6 36 112 129 191 124 52 25 134 194 166 13 129 149 3 88 73 131 159
64 60 103 197 166 143 52 145 118 134 136 175 52 78 1 134 16 83 191 184 6 86 117 140 119 135 140 101 82 94 164 41 148 104 23 166 120 182 148 132 118 190 64 174 139 139 184 84 40 11 121 130 155 107 127 165 34 182 54 186 139 116 156 19 49 94 133 132 142 82 56 14 44 136 57 47 104 85 114 125
52 19 45 19 125 148 140 127 67 134 99 179 15 11 87 172 145 127 29 90 131 187 28 36 111 151 163 119 140 176 145 115 148 62 166 119 175 189 87 73 185 62 113 11 17 87 154 32 83 40 40 149 6 130 7 150 160 182 67 133 63 168 21 179 65 157 58 180 107 158 83 84 109 63 99 127 105 123 97 182
124 50 173 127 113 98 56 100 14 28 137 80 54 99 66 48 65 25 61 2 68 167 161 71 117 75 75 102 111 200 174 42 81 13 160 103 66 42 37 90 57 36 50 149 163 129 165 131 158 191 15 67 44 110 83 114 102 46 6 30 135 195 28 161 195 95 68 25 87 112 174 22 122 65 83 98 63 171 191 8
153 49 143 22 21 6 116 28 94 184 199 181 139 79 12 133 57 32 163 175 58 11 4 116 36 76 138 152 153 31 39 172 46 99 38 38 32 68 146 76 21 199 98 119 184 197 33 141 93 26 184 128 17 13 37 91 56 93 66 169 37 97 53 96 26 175 95 119 79 137 171 85 119 60 129 79 46 78 109 111
22 188 69 124 41 58 178 60 154 34 180 161 33 66 135 16 6 138 146 199 48 3 113 56 175 200 105 38 123 37 193 144 70 136 30 147 143 15 104 28 113 153 17 164 155 52 22 25 74 36 193 132 139 167 160 64 73 148 69 1 139 196 101 42 115 107 43 132 127 180 20 36 118 83 75 146 184 14 173 139
171 15 34 107 174 175 62 120 137 129 1 186 27 173 30 171 59 10 47 74 127 111 106 32 55 123 61 38 18 50 9 153 60 139 34 10 175 32 168 170 8 113 172 165 74 6 28 103 8 90 154 50 86 118 92 4 144 158 57 148 119 152 146 70 50 157 188 3 143 70 117 2 60 144 29 134 176 171 178 6
57 95 134 195 40 151 114 24 118 59 155 97 32 130 78 176 116 101 18 167 108 160 127 130 100 94 114 52 20 181 39 62 92 186 101 139 7 7 118 173 145 142 115 113 29 1 156 114 179 161 17 108 133 152 178 22 39 28 160 73 16 9 19 64 138 55 92 91 113 182 50 84 22 160 79 20 109 23 170 10
98 9 104 37 170 44 81 113 190 200 110 7 200 17 15 19 145 130 119 116 130 99 118 140 47 149 23 33 8 75 81 63 135 42 108 130 82 83 101 182 113 41 68 10 11 124 136 108 47 146 131 139 55 184 114 103 109 20 145 56 120 133 116 27 14 130 70 3 186 79 141 82 23 72 94 163 101 30 69 136
66 50 161 64 94 170 51 165 56 52 81 189 180 40 167 25 30 176 162 151 32 21 165 21 75 168 43 175 34 23 34 132 43 72 129 155 143 180 169 187 90 198 140 171 87 3 142 157 61 64 130 15 64 148 122 162 91 58 106 124 193 131 141 38 95 44 132 16 17 106 111 112 42 14 82 51 32 51 183 161
97 128 84 116 133 115 5 38 104 144 73 96 139 23 112 156 98 149 183 58 173 30 14 131 168 25 30 110 67 99 143 156 162 151 111 127 192 151 86 2 14 187 191 105 183 104 71 143 97 46 12 146 95 177 119 35 33 110 81 85 119 153 123 92 16 113 124 25 103 161 16 95 118 65 39 69 36 189 93 171
118 62 100 200 101 93 188 68 109 80 53 47 132 112 28 139 63 194 21 195 15 166 36 181 42 36 191 98 53 83 142 69 81 21 154 49 79 90 60 13 68 72 90 15 115 130 188 25 58 160 178 126 126 102 143 166 40 164 55 136 184 105 60 140 95 5 163 43 142 74 72 61 157 21 27 84 97 106 152 16
139 85 90 105 191 59 111 198 101 171 106 154 186 18 69 77 157 77 101 32 196 106 47 135 120 40 187 25 170 131 192 65 50 179 143 180 133 46 116 140 132 199 15 20 17 188 139 52 130 71 180 84 187 111 110 4 51 86 160 177 18 144 85 163 27 23 182 123 188 47 12 181 92 83 130 172 49 198 25 38
12 173 66 192 36 161 112 74 42 195 42 107 24 3 178 24 88 153 50 40 16 3 175 33 83 148 46 188 64 32 146 179 110 28 12 114 136 142 143 193 129 162 191 200 44 160 67 190 73 53 22 61 140 104 175 154 26 17 61 151 160 197 46 70 46 153 20 147 121 58 132 67 108 40 142 9 17 92 127 21
47 49 93 172 175 106 68 189 29 46 165 112 23 152 70 103 119 16 152 161 113 116 80 163 39 88 65 144 13 123 3 23 132 177 160 106 37 200 25 21 129 94 153 118 10 51 189 132 100 73 80 67 173 149 50 198 94 148 183 29 7 72 92 69 162 151 127 26 175 173 118 22 51 185 139 65 74 7 185 38
1 107 103 152 167 57 147 162 105 50 157 127 68 27 180 115 56 114 178 40 113 144 83 70 129 195 129 41 113 16 158 87 74 174 126 113 34 31 177 146 92 41 181 119 13 37 91 40 119 49 147 167 126 143 180 54 125 113 141 195 47 123 15 154 64 122 185 123 14 25 99 52 6 137 136 18 149 171 94 127
27 58 99 121 128 186 101 87 143 167 67 3 137 58 26 6 32 172 127 10 48 189 130 156 128 193 111 70 29 44 42 63 80 17 157 63 185 174 149 143 105 185 129 76 45 131 171 124 36 61 16 98 179 73 39 56 29 131 6 9 62 15 87 59 165 189 142 95 170 129 103 3 141 89 114 22 78 37 29 118
87 109 34 57 79 46 72 195 131 135 64 194 2 151 62 30 25 59 183 101 103 34 195 15 131 184 179 50 185 66 144 12 200 101 199 135 175 19 102 196 198 52 64 138 6 86 173 134 89 30 143 62 1 47 119 136 102 87 85 152 29 83 171 38 165 66 90 66 155 8 72 43 179 123 156 182 21 58 3 183
191 67 58 145 87 43 118 199 73 57 28 120 89 68 66 99 94 156 4 95 15 70 178 171 40 64 83 96 22 57 94 88 168 186 174 138 178 3 116 94 86 8 50 71 164 193 170 48 154 105 151 10 95 131 12 36 128 146 104 129 5 177 126 43 9 187 28 190 173 136 51 115 102 134 14 43 168 133 182 103
54 144 103 135 139 122 116 30 37 113 70 76 15 127 185 33 9 125 148 138 88 71 62 57 25 171 54 67 158 12 46 175 192 198 143 92 139 95 138 195 93 59 5 158 17 154 60 7 66 197 76 97 2 116 90 115 27 136 67 1 91 171 29 131 169 162 104 3 74 16 121 192 8 183 50 17 24 184 91 144
33 73 108 23 175 99 53 149 10 31 62 193 42 64 176 127 1 114 88 88 62 107 109 57 132 37 28 72 160 168 40 114 15 102 174 73 174 68 10 129 61 152 94 195 142 100 14 46 33 131 192 64 63 63 42 195 48 93 144 136 64 136 152 176 45 116 149 112 99 86 91 58 76 89 21 71 174 66 150 200
12 147 162 92 135 144 184 80 102 190 72 72 51 82 175 159 36 122 165 79 199 51 134 68 171 98 71 15 157 131 116 63 68 3 55 177 21 115 112 67 90 172 109 67 71 23 127 22 4 41 70 78 81 160 114 107 186 76 78 67 161 116 152 174 153 147 155 62 88 112 23 189 65 134 137 59 180 33 10 39
173 21 117 189 135 137 173 67 44 150 3 195 76 99 1 174 146 30 14 36 193 178 43 46 34 20 39 151 78 117 75 96 34 182 87 156 113 20 131 125 79 64 86 137 110 49 190 181 119 199 79 131 104 40 106 121 51 72 38 51 131 29 39 24 119 182 89 198 60 118 109 172 84 76 83 125 38 108 178 182
69 64 93 150 183 144 34 151 104 74 195 6 20 145 81 112 187 100 131 3 89 27 94 41 63 23 122 96 69 125 167 54 86 12 174 142 9 57 86 74 103 30 138 72 108 110 78 179 136 182 183 128 122 123 91 33 88 90 137 74 142 15 41 99 84 24 66 186 135 199 48 129 13 177 192 24 136 40 110 194
195 137 96 52 183 24 189 114 20 80 33 43 109 191 146 182 189 7 63 108 177 66 122 108 51 132 114 138 117 169 77 2 122 121 198 84 73 42 195 25 97 21 135 59 109 41 189 40 149 158 98 197 122 183 151 19 93 72 187 143 107 200 124 140 120 123 38 3 61 82 108 149 60 138 148 121 172 116 56 137
20 141 86 166 50 76 84 126 69 155 181 35 80 89 1 23 63 185 80 50 41 57 40 7 37 3 145 10 78 92 147 195 126 66 188 169 109 27 65 151 169 175 182 9 36 11 131 89 97 113 75 188 191 161 163 152 97 6 109 155 115 191 3 97 54 106 117 49 179 71 11 109 25 2 130 7 83 18 44 175
195 8 4 98 171 108 154 111 34 84 97 63 72 7 128 83 139 86 137 131 12 99 35 137 86 67 23 15 69 197 95 127 13 195 147 175 84 24 179 46 61 106 176 172 55 9 95 141 171 194 151 97 127 99 162 37 72 191 97 196 166 186 152 100 119 41 39 181 72 33 160 35 108 60 157 24 191 190 80 35
192 52 43 140 96 134 123 42 142 67 200 153 133 186 181 68 39 160 142 103 100 171 9 4 189 174 132 28 68 177 148 151 134 191 72 80 58 35 152 13 29 150 25 179 145 105 2 59 169 151 42 51 117 24 150 64 190 141 180 27 10 99 161 133 183 153 174 168 195 73 72 191 86 60 92 170 170 79 21 163
75 28 152 37 3 93 115 7 70 65 61 143 133 10 197 38 170 157 166 192 195 42 43 183 145 159 122 144 49 89 156 122 97 175 151 85 177 73 90 17 189 120 111 73 84 173 49 153 1 101 105 107 12 119 58 162 119 162 80 177 57 198 46 9 126 179 75 87 31 83 60 7 104 48 43 103 74 21 169 139
152 20 149 67 96 137 71 30 57 194 140 91 158 149 161 33 51 89 147 45 16 103 167 47 13 34 135 198 96 4 176 172 187 198 106 49 24 165 103 22 102 66 90 104 41 30 166 43 61 42 41 178 151 166 26 168 129 34 122 14 185 179 47 188 89 21 93 51 45 46 177 9 117 56 96 182 114 29 8 199
123 52 71 75 195 47 199 132 53 10 87 193 19 35 8 18 65 130 26 140 6 149 183 164 117 40 54 1 145 121 68 117 184 86 25 112 72 164 130 84 182 152 191 43 189 189 41 113 60 49 199 13 87 10 57 1 55 109 171 92 181 71 154 6 164 25 165 200 106 171 68 183 189 186 119 69 25 176 26 187
159 166 10 181 72 158 25 137 116 15 79 66 145 139 1 74 162 35 129 99 154 79 81 65 120 58 62 96 111 114 84 112 143 12 54 48 20 92 125 199 186 90 43 12 126 131 191 16 172 150 118 6 180 154 150 35 144 177 166 187 171 50 199 7 48 91 77 141 30 134 85 190 7 47 46 107 41 136 27 108
58 105 91 196 169 185 42 7 61 174 4 57 76 1 154 123 48 134 120 104 9 59 66 120 196 74 37 197 162 115 48 115 145 88 186 180 106 109 76 65 55 184 49 181 67 109 112 146 62 111 22 28 53 60 131 4 56 27 40 37 14 115 88 1 193 12 131 32 51 54 95 11 81 199 107 40 184 97 58 104
4 111 122 3 16 95 124 71 147 85 144 167 178 154 124 61 135 123 184 31 191 110 104 17 114 172 65 148 169 196 177 161 189 56 192 148 120 190 54 173 48 132 66 133 165 67 37 179 40 93 175 115 157 110 79 200 21 59 52 176 24 170 49 50 189 83 39 61 150 122 72 121 135 33 34 73 39 55 38 74
180 95 42 86 185 182 175 57 175 143 45 48 110 176 103 168 109 116 115 144 97 14 78 18 122 81 158 115 127 33 196 142 166 121 62 199 93 46 119 176 72 89 96 189 21 177 131 176 189 115 10 184 103 146 81 97 193 84 120 73 19 105 107 36 159 52 15 72 46 46 63 128 89 180 41 122 155 198 81 154
181 4 92 131 150 159 38 187 193 154 27 21 144 96 23 160 123 116 185 16 53 116 66 42 115 107 48 20 96 68 147 93 126 92 190 121 149 3 52 166 125 117 64 11 159 66 88 188 159 146 134 77 4 122 182 43 107 177 13 107 121 136 24 24 186 124 122 86 5 184 65 37 4 123 49 29 168 90 59 80
24 56 162 83 145 108 13 137 12 73 46 65 135 179 98 89 127 32 69 135 6 102 44 13 175 26 74 93 8 181 30 3 97 187 49 117 76 34 8 193 7 158 147 36 48 34 24 121 25 135 13 85 75 178 189 7 79 8 73 153 41 189 67 184 175 61 46 17 146 102 198 142 150 145 134 155 174 173 145 143
132 39 107 140 126 109 82 73 22 182 89 97 121 90 121 124 186 121 39 195 179 14 42 158 4 42 117 11 179 197 112 33 93 189 58 134 68 197 93 178 179 67 200 55 168 53 192 84 28 67 8 115 25 179 2 131 102 50 28 71 10 30 180 198 154 148 61 143 78 51 156 94 149 190 56 181 131 34 32 154
7 1 102 171 20 148 57 69 93 9 174 53 77 74 170 159 49 70 119 73 41 81 131 80 4 120 196 94 59 60 26 125 65 136 139 75 14 58 156 44 110 101 120 135 97 21 51 48 37 21 97 64 150 53 147 57 29 116 90 156 156 43 98 167 157 60 99 147 134 199 165 112 86 181 135 160 87 30 7 175
101 21 186 82 7 146 176 142 63 45 168 36 54 62 74 5 97 128 78 111 192 22 69 161 2 157 47 52 130 144 67 159 148 68 2 54 187 27 137 87 30 141 23 14 77 23 30 62 95 160 119 119 165 140 110 23 7 145 77 17 99 110 114 68 155 103 130 194 32 62 52 114 184 116 26 120 76 190 85 97
3 85 63 66 54 34 6 115 4 100 12 50 58 5 176 171 49 189 189 120 152 135 50 72 64 171 34 72 14 167 88 85 25 79 108 23 184 1 20 95 200 8 19 98 180 122 9 124 174 146 74 120 22 94 147 74 16 176 126 26 192 31 187 124 53 16 31 45 170 87 136 71 131 122 167 163 30 178 77 124
48 93 81 67 94 130 146 23 77 58 188 110 60 68 67 75 131 53 44 41 1 39 11 108 49 44 127 27 180 71 16 142 52 148 29 123 129 176 27 1 93 57 116 155 36 46 162 8 112 190 168 153 88 196 37 141 15 128 190 178 63 121 41 56 165 18 123 150 153 117 192 145 92 105 142 34 159 58 134 188
91 64 46 49 3 165 124 36 75 12 106 1 20 113 28 96 17 40 118 151 101 188 162 47 52 39 96 177 19 95 77 7 39 185 113 17 22 58 34 44 51 181 126 116 110 88 169 121 109 102 151 180 71 15 81 91 171 24 109 170 82 69 197 52 66 58 70 57 17 100 156 48 200 153 154 141 191 197 150 60
178 170 174 27 200 115 49 101 149 110 191 56 81 194 51 74 175 194 199 9 169 55 68 1 96 197 42 127 140 157 15 180 68 52 198 138 126 160 130 141 45 153 194 118 48 82 190 7 33 174 118 16 86 172 58 121 185 78 93 17 81 118 118 164 73 117 62 33 70 65 6 185 14 131 27 155 133 95 109 155
55 87 189 172 27 56 160 119 12 77 70 13 130 188 70 154 69 156 123 194 3 158 123 154 47 125 148 152 146 39 56 151 186 30 19 72 6 145 85 147 199 19 99 159 192 87 98 184 46 178 109 54 109 77 128 182 189 97 196 166 10 151 173 183 167 130 45 50 88 48 178 84 102 89 103 95 10 59 140 58
189 132 126 12 41 148 99 73 66 198 80 172 111 36 46 163 77 136 45 88 91 118 107 5 26 63 197 81 193 12 39 7 135 76 133 6 183 99 18 21 114 158 139 170 1 5 41 154 184 103 127 1 42 150 174 11 143 62 180 73 67 125 184 151 133 51 39 143 147 168 189 155 38 192 182 48 184 184 63 190
98 51 168 156 92 12 45 164 122 1 6 165 159 162 19 51 32 11 124 33 155 127 67 64 171 67 75 185 102 114 163 133 186 118 10 82 148 136 18 175 32 118 168 63 169 183 64 24 137 177 131 195 192 42 174 158 148 98 18 195 162 2 108 128 142 42 64 133 98 134 157 131 179 80 162 90 84 73 57 39
120 146 35 19 157 170 8 30 149 174 166 180 187 104 154 108 198 41 112 199 68 68 162 86 117 139 1 172 57 119 167 90 51 158 56 181 163 58 94 120 2 196 45 16 177 18 49 9 191 46 195 63 194 11 8 28 192 63 195 83 6 130 115 128 185 113 74 2 45 143 10 42 145 177 1 65 157 76 122 118
83 121 172 189 100 166 93 48 6 53 10 93 159 177 143 113 153 53 99 93 157 134 21 146 194 103 79 197 37 93 159 42 15 52 185 150 176 46 126 199 200 9 50 88 94 147 63 133 27 150 48 105 79 167 99 127 98 80 162 55 114 104 59 153 78 151 35 121 99 154 152 103 88 59 132 13 135 137 116 139
70 88 197 111 68 148 69 136 149 200 25 134 32 108 170 67 117 121 75 81 48 76 17 32 32 23 121 67 127 170 121 67 80 57 109 200 92 121 187 30 173 176 2 146 23 118 106 38 30 122 26 110 181 112 131 76 74 134 45 146 156 140 136 153 194 52 192 117 98 89 172 53 167 90 86 147 181 138 154 147
130 72 45 80 71 15 40 62 154 127 71 118 32 111 184 75 26 85 200 167 156 92 30 3 60 64 3 150 27 47 163 158 137 80 22 24 135 28 20 65 126 140 156 3 91 84 52 31 37 76 9 74 22 165 49 81 36 49 42 49 124 192 94 147 191 103 76 66 176 123 112 1 13 137 132 152 44 39 39 105
81 47 3 68 167 45 73 45 119 99 138 109 173 5 122 15 15 57 165 118 89 53 79 164 6 141 45 70 94 60 167 171 158 118 54 138 85 101 5 152 76 36 22 127 132 17 17 57 117 4 95 16 198 91 191 169 13 163 85 14 100 4 4 15 121 110 121 184 57 49 122 9 91 115 142 121 43 89 17 71
121 196 113 94 22 151 52 18 118 115 155 90 166 26 83 90 171 34 66 104 154 102 189 114 185 68 124 5 81 156 165 6 7 111 47 192 60 75 150 161 96 195 109 2 39 134 91 152 74 107 186 34 63 178 98 152 124 114 33 68 45 133 170 119 37 12 82 102 92 35 156 164 149 151 43 72 111 117 154 64
112 56 157 96 42 83 84 22 137 146 64 160 47 82 149 14 73 40 198 194 166 62 60 67 75 133 18 199 42 178 23 16 63 176 25 186 134 105 37 11 179 133 184 103 123 120 89 121 66 40 1 191 122 11 147 151 112 7 121 67 44 171 65 109 6 123 179 170 162 93 170 52 72 161 114 43 152 22 93 127
196 111 150 69 17 162 3 166 179 155 158 37 20 77 90 64 58 182 160 82 63 120 106 168 36 125 21 119 39 65 24 26 106 182 181 137 77 103 5 197 34 40 125 106 63 67 111 43 148 114 84 132 180 81 88 177 154 111 53 73 9 57 117 41 181 181 30 51 107 120 158 196 113 22 78 19 132 74 195 182
74 51 189 12 52 170 6 86 161 42 17 42 153 134 119 141 61 159 92 38 57 97 113 107 35 100 108 183 109 101 121 15 77 127 108 192 153 121 200 67 1 52 71 82 88 117 81 199 144 104 73 83 68 32 200 170 76 114 87 116 103 18 70 186 68 42 106 187 188 101 153 149 163 90 47 140 58 26 44 21
