100 	
30	56
1	8	3	520	5	
1	9	6	641	2	
0	2	8	195	3	
0	3	2	455	1	
0	4	3	83	8	
1	1	1	409	4	
1	9	2	450	7	
1	5	5	120	6	
0	6	9	774	1	
0	9	8	262	8	
0	3	5	589	9	
0	5	6	458	5	
1	9	8	156	1	
0	3	8	535	1	
1	1	7	448	2	
1	7	7	5	2	
0	2	7	212	6	
1	1	2	479	9	
0	6	6	153	8	
1	2	8	249	7	
1	8	7	582	3	
1	6	3	148	2	
0	2	2	244	7	
0	7	8	54	8	
1	4	4	570	4	
1	9	4	452	9	
0	6	8	506	3	
0	9	3	652	6	
0	4	8	197	3	
0	2	7	520	8	
0	3	3	570	2	
1	7	4	359	9	
1	2	2	245	8	
1	5	2	539	1	
0	8	3	486	3	
0	8	2	739	6	
0	9	3	336	6	
1	2	1	44	3	
1	2	8	737	9	
1	1	5	326	2	
1	8	8	8	3	
0	5	4	322	1	
0	1	8	7	9	
1	7	3	46	6	
1	9	8	577	1	
0	4	2	447	1	
1	4	3	270	8	
0	9	2	712	3	
1	6	9	54	8	
0	5	1	441	4	
1	2	3	76	1	
0	3	2	739	1	
0	2	7	537	7	
1	1	3	5	6	
0	7	7	473	2	
1	9	5	661	3	
1	7	9	746	5	
1	2	5	36	8	
0	9	6	102	5	
1	4	5	780	7	
0	9	3	346	9	
0	8	4	707	4	
1	3	5	590	6	
1	2	1	551	1	
0	9	3	783	6	
0	4	4	334	7	
0	6	5	780	2	
0	2	4	182	2	
1	2	7	442	2	
0	9	8	421	2	
0	4	3	669	3	
0	7	7	639	9	
0	2	6	40	6	
0	5	5	417	3	
0	6	9	7	6	
0	6	7	355	4	
0	5	4	71	2	
1	8	2	728	5	
1	7	3	138	5	
0	2	2	192	7	
1	7	7	282	1	
1	8	6	207	5	
0	6	7	71	1	
1	8	2	360	5	
0	2	1	221	3	
0	2	8	368	1	
1	3	5	366	5	
0	8	7	562	1	
1	6	2	652	9	
1	9	5	365	3	
0	5	1	604	1	
1	3	2	207	4	
1	6	8	146	3	
1	2	5	627	9	
0	5	1	148	6	
1	7	7	736	1	
1	7	7	494	8	
1	6	5	450	9	
0	5	2	637	9	
1	9	7	438	2	
143 144 109 116 170 65 12 64 59 74 29 142 41 77 185 30 78 3 178 152 132 180 137 131 109 137 189 9 11 124 89 193 124 97 132 105 69 103 184 141 117 54 172 106 35 89 149 86 31 37 90 128 48 158 50 141 66 35 4 61 117 196 148 49 21 121 185 59 125 137 25 83 121 122 172 93 139 30 65 57 86 162 153 10 38 19 103 154 192 153 110 136 117 139 110 173 123 151 94 86
70 26 164 89 68 8 122 109 168 41 116 128 103 190 73 84 28 57 1 88 176 105 73 129 47 26 22 160 105 80 152 39 110 97 45 151 160 20 74 81 92 133 113 120 123 105 111 156 59 54 49 127 24 190 69 45 26 1 54 121 2 173 65 62 73 139 71 27 186 97 74 38 162 183 52 133 174 20 85 29 175 126 137 26 137 75 44 8 18 191 96 20 135 59 155 149 66 165 150 20
24 170 132 111 107 14 158 101 129 72 84 197 66 48 88 131 2 152 120 63 13 6 192 46 15 103 166 129 114 156 151 148 200 44 81 55 83 26 145 66 174 74 3 66 119 157 155 166 91 190 103 163 3 76 171 123 1 169 11 83 135 102 104 21 122 171 8 156 97 75 95 195 167 8 68 106 194 159 162 136 18 141 89 27 190 25 53 46 24 193 15 41 55 121 39 75 72 12 120 7
146 109 61 151 10 178 158 24 81 119 3 115 97 151 107 110 157 78 15 72 24 50 125 150 33 60 1 75 98 126 140 17 5 98 9 26 70 193 101 30 119 92 148 93 191 159 178 161 31 172 58 97 171 145 88 164 25 164 26 41 91 132 178 126 190 50 68 99 167 66 87 34 6 30 173 16 118 166 35 31 129 160 41 42 8 77 47 102 62 29 184 34 189 168 121 166 40 156 101 64
159 60 127 102 193 89 83 147 5 5 93 51 41 157 134 66 44 125 126 26 45 48 40 112 26 164 160 71 55 50 120 176 57 140 199 9 68 115 55 31 66 61 175 96 180 68 50 14 121 104 36 26 117 47 16 3 53 59 143 50 67 55 47 67 51 172 64 140 19 13 161 153 28 86 44 189 29 190 81 74 108 76 15 86 17 27 143 119 124 10 33 189 154 184 177 101 108 171 4 11
112 36 117 8 25 152 58 111 15 30 46 107 165 160 26 125 158 197 16 194 58 117 78 137 189 196 103 31 199 110 163 105 54 12 88 29 93 51 130 187 126 117 179 176 60 4 170 28 54 87 164 94 198 127 194 66 101 71 145 153 14 29 109 37 79 109 83 68 11 47 115 144 25 96 25 124 132 73 59 9 141 154 3 8 107 119 194 75 119 114 165 6 3 122 116 160 176 151 135 141
158 112 90 122 56 26 184 26 87 116 126 12 157 102 47 91 68 5 159 58 121 86 155 187 112 146 190 142 127 51 43 48 161 69 103 129 107 190 56 189 100 65 190 197 118 24 173 183 139 27 136 174 139 171 17 53 94 142 27 99 41 93 153 124 111 19 29 112 199 37 109 91 84 190 190 157 1 83 114 61 66 91 160 155 105 132 147 71 48 188 35 87 189 118 49 196 37 94 181 148
123 53 103 85 152 112 7 127 22 11 106 89 137 55 170 99 182 41 13 77 83 146 72 147 182 18 125 200 185 171 121 86 131 104 54 40 138 165 133 134 196 139 6 131 96 72 35 1 62 23 31 124 196 34 63 166 48 199 96 31 99 197 135 81 28 40 116 108 65 85 176 131 76 137 44 151 76 171 172 161 132 128 128 192 35 38 150 57 45 115 167 66 13 31 134 7 173 77 106 124
8 9 157 107 2 137 125 111 164 141 171 167 65 133 33 115 22 96 145 30 152 12 70 75 78 170 186 113 37 181 81 36 70 43 50 20 141 156 49 80 4 157 86 7 53 145 74 4 35 152 10 43 88 56 132 144 17 40 39 155 140 25 4 84 115 159 136 16 90 151 30 36 162 45 80 119 115 75 87 122 152 52 136 5 176 56 43 155 35 175 68 199 194 1 117 178 72 169 102 97
98 22 86 152 180 195 151 14 35 19 190 128 8 91 113 2 104 9 126 47 165 19 190 199 122 175 131 40 49 45 112 77 27 7 199 32 97 20 4 155 26 101 106 93 36 90 193 8 151 138 149 6 54 169 59 126 45 44 62 168 2 24 176 199 18 143 122 112 65 126 39 55 120 77 162 5 157 80 89 138 125 132 169 103 91 170 103 153 177 114 54 68 115 30 44 28 17 133 91 75
190 22 126 132 32 14 86 151 133 127 83 26 179 22 185 37 29 154 7 197 114 138 33 172 98 61 11 173 79 123 168 10 176 126 117 114 158 165 156 99 96 85 187 174 34 15 126 63 105 136 65 42 111 176 197 107 4 33 50 117 123 32 2 140 110 31 105 43 42 136 4 65 69 82 191 92 46 173 110 120 33 122 33 14 170 129 1 66 45 40 23 113 152 56 6 116 72 120 190 184
74 158 155 3 18 176 14 110 70 130 38 175 11 1 21 133 44 137 48 127 136 22 62 122 20 105 4 156 109 113 100 170 120 142 169 68 41 20 140 142 117 79 77 90 152 95 14 34 165 118 128 50 144 110 39 180 144 16 96 72 9 156 46 148 151 72 97 151 2 53 119 83 132 65 168 122 55 54 168 116 172 83 48 185 132 118 68 15 70 152 149 36 75 5 20 55 156 61 182 77
113 178 9 49 96 44 141 164 146 77 76 54 26 49 108 195 33 95 30 76 159 35 186 77 160 124 32 66 30 129 132 114 17 52 43 62 9 2 110 192 76 26 115 144 136 15 110 176 11 184 55 114 126 25 37 170 35 5 41 182 6 117 40 37 129 157 61 78 2 169 86 80 13 62 176 23 113 99 166 143 130 27 111 30 70 94 10 61 87 155 140 181 85 52 70 108 1 138 47 173
57 33 10 177 130 147 24 157 164 95 176 12 187 38 129 160 151 24 79 96 46 32 70 55 100 143 86 198 119 46 128 172 101 11 55 61 95 58 140 186 80 130 21 55 197 159 16 191 186 104 193 117 16 173 91 187 32 102 75 29 175 13 120 120 109 110 25 44 185 118 27 130 104 8 174 92 138 126 167 28 141 142 152 55 74 182 29 40 23 135 144 132 40 192 91 4 5 158 6 89
132 175 109 151 92 78 84 16 146 158 7 168 42 47 37 41 22 22 109 2 198 39 133 99 75 138 41 74 37 117 71 116 11 74 152 128 127 32 185 127 114 199 88 155 40 174 16 5 111 129 95 19 5 94 25 58 84 15 80 136 156 154 5 125 40 53 122 121 141 45 120 192 90 26 63 136 29 137 87 121 10 5 110 38 171 108 129 31 56 68 120 188 15 113 60 104 2 6 184 118
39 161 85 127 161 100 179 137 134 86 18 146 59 15 40 23 81 111 147 120 94 190 49 199 149 106 100 158 13 177 168 167 15 52 200 184 83 38 124 129 158 18 199 71 96 59 133 59 6 145 91 79 147 45 21 140 56 88 59 129 166 5 145 60 13 67 74 92 164 108 111 123 164 101 116 110 192 170 45 36 35 13 189 66 118 152 193 135 3 7 110 193 179 144 119 50 10 158 35 20
185 182 174 193 168 138 43 51 190 13 85 86 175 149 58 21 151 21 11 93 145 33 22 193 38 174 193 105 88 96 39 22 186 85 195 84 190 19 9 108 187 46 72 130 62 12 173 142 57 186 107 140 151 157 27 150 84 37 37 89 51 82 3 115 5 118 151 122 6 190 196 76 20 125 26 148 135 199 23 37 126 48 25 132 47 109 93 171 73 59 100 66 125 30 90 161 93 62 81 95
192 150 133 37 159 169 196 41 74 164 122 184 14 43 148 123 116 121 69 40 22 112 31 163 136 189 156 81 45 7 49 40 116 15 44 146 134 133 162 148 56 100 69 146 152 139 99 160 112 190 59 184 62 106 54 13 122 38 93 13 189 107 131 171 197 197 126 25 41 77 159 119 195 92 88 13 84 37 111 29 88 46 87 121 20 184 13 59 141 8 73 61 30 23 29 182 71 158 103 169
64 191 95 199 143 81 167 185 185 154 29 53 12 196 187 192 80 47 28 2 115 113 145 120 167 119 85 17 187 196 66 192 105 159 93 79 107 26 101 47 184 129 142 20 159 187 142 68 85 102 45 177 93 86 33 134 127 125 180 185 97 57 99 193 97 153 109 67 166 37 22 84 93 96 79 97 25 40 97 45 42 5 39 86 35 184 188 4 40 175 171 28 37 188 61 72 50 16 110 196
139 154 186 93 196 131 79 70 56 93 193 197 145 62 6 137 119 10 177 191 92 177 28 187 124 83 32 99 160 81 140 32 104 67 177 186 136 190 168 45 177 184 181 155 78 90 122 7 48 39 144 72 22 192 60 48 123 90 26 121 152 17 92 142 60 1 138 129 79 163 75 17 81 191 160 115 84 3 163 67 124 47 42 154 30 193 116 146 41 125 187 22 168 72 84 172 99 169 24 133
155 110 15 160 168 113 3 111 1 97 180 91 131 84 179 122 4 179 99 177 174 67 23 84 25 41 146 168 146 172 78 130 36 84 127 193 34 70 96 177 174 100 38 191 197 42 20 195 38 122 69 85 61 80 100 99 105 37 69 176 188 93 71 188 80 66 23 140 143 58 85 96 108 78 56 116 44 43 180 90 86 80 168 124 72 62 161 52 130 135 131 124 183 36 103 128 156 144 150 106
130 65 184 56 108 96 8 38 56 7 140 29 13 73 146 111 13 9 121 185 24 136 90 149 40 172 178 165 124 181 54 177 139 113 134 180 184 95 107 50 125 135 8 8 100 78 30 27 181 198 123 190 199 74 138 43 115 128 68 20 58 22 10 138 69 183 44 169 10 97 84 17 38 111 24 51 151 41 178 142 31 92 153 121 103 134 147 149 97 44 95 149 41 167 172 196 69 21 196 50
71 63 87 79 70 89 170 70 106 147 66 188 2 108 39 103 34 7 61 116 72 193 170 98 81 59 187 198 6 174 72 4 17 143 164 144 178 39 18 17 162 37 6 57 30 174 39 31 144 6 90 152 43 41 193 53 37 178 134 156 115 200 104 13 41 186 34 8 53 88 113 12 11 122 57 165 170 41 109 146 181 6 86 41 188 97 30 32 132 199 110 69 164 44 157 167 76 18 119 152
152 97 6 196 77 157 114 101 3 130 92 113 156 30 147 54 55 65 45 84 70 97 160 171 169 98 6 104 80 173 43 21 160 138 37 182 33 165 152 87 153 155 87 146 6 100 25 135 87 177 150 10 40 55 33 192 143 100 130 186 7 177 35 195 174 106 179 12 58 177 35 190 41 62 21 113 154 69 132 93 45 169 137 49 77 148 94 59 87 160 128 73 84 42 108 191 6 54 100 174
130 164 41 148 63 133 198 92 163 38 131 163 154 128 154 70 77 168 34 86 134 171 146 15 195 107 32 66 103 9 82 111 105 67 68 130 107 22 132 7 62 142 5 65 78 26 42 48 148 42 53 28 179 77 98 113 160 127 126 119 195 193 81 74 114 31 29 115 73 161 99 172 182 10 96 46 164 120 171 19 61 182 152 177 33 134 29 86 130 75 53 161 123 86 34 153 31 53 162 81
133 136 90 79 23 12 169 60 36 185 22 74 127 11 20 173 93 91 44 157 51 86 82 114 152 32 65 122 133 50 46 4 115 70 175 120 137 156 38 128 56 98 55 91 81 62 189 165 121 64 67 86 62 142 88 9 199 93 16 73 133 199 91 81 123 16 29 116 89 88 94 89 136 90 71 116 15 51 69 138 158 100 170 139 139 179 199 77 20 174 1 106 182 18 75 137 77 116 122 153
195 63 182 75 185 77 41 146 144 58 32 117 30 154 41 92 52 47 159 127 98 65 166 81 135 100 179 128 26 140 191 19 96 61 6 93 173 118 193 187 7 106 173 125 163 102 99 12 32 95 131 111 81 140 54 89 14 77 41 174 8 111 74 129 21 190 171 185 92 94 195 112 200 48 109 2 85 159 188 102 73 46 89 161 39 199 126 127 60 200 50 139 126 28 35 169 121 114 27 89
50 35 5 150 3 25 150 68 98 26 21 10 112 187 119 70 115 54 120 102 96 164 158 30 108 105 111 68 68 188 124 106 99 198 145 107 159 101 177 157 32 142 19 106 187 193 20 66 103 38 137 48 59 115 82 166 76 200 178 174 95 36 35 4 200 111 64 36 96 35 159 190 15 54 47 105 40 83 31 57 60 23 62 109 134 15 93 45 68 115 133 69 100 176 105 60 113 173 190 49
77 51 160 58 55 182 118 134 134 183 62 89 188 39 81 183 141 6 147 33 25 64 152 129 161 90 8 131 17 36 117 48 58 73 20 10 177 38 174 48 20 78 136 196 93 197 73 169 177 96 184 28 35 56 126 27 63 79 4 175 174 146 130 6 154 57 178 124 107 2 29 142 87 143 40 49 51 145 36 34 53 26 160 2 56 114 179 93 79 81 18 168 78 122 48 10 184 146 174 69
141 109 162 193 164 143 40 111 120 71 73 54 77 32 65 146 6 170 22 36 3 31 186 22 126 173 24 48 152 78 42 72 104 183 129 119 173 117 125 99 189 83 80 113 199 34 99 8 43 89 105 140 127 162 13 190 148 107 47 18 85 54 80 98 15 89 18 181 133 165 99 88 149 157 123 42 200 145 116 161 142 5 5 57 103 57 75 195 83 82 160 175 81 168 63 146 196 112 72 14
169 198 179 125 28 135 36 66 181 45 189 56 12 161 78 185 124 172 65 60 2 9 50 175 115 79 196 4 2 142 149 141 146 189 74 174 165 14 148 27 38 132 52 183 172 136 58 42 200 163 112 64 145 117 12 67 153 38 64 151 32 183 179 19 117 173 160 169 117 39 88 71 188 33 91 123 141 99 44 50 118 125 76 200 149 161 29 129 110 45 70 47 163 34 100 26 47 112 164 97
93 16 63 191 58 118 57 13 95 144 119 152 2 173 118 63 160 40 59 108 175 103 190 70 73 52 59 38 165 44 154 64 141 28 77 66 102 82 196 28 13 108 105 126 157 166 133 165 171 91 42 42 160 167 83 104 62 150 160 116 106 81 200 118 176 17 84 76 154 184 18 19 80 63 83 82 91 181 163 73 8 140 47 49 109 148 38 142 149 169 5 127 10 121 44 196 49 118 156 161
100 156 22 74 44 156 158 200 15 8 34 184 149 128 144 44 76 134 37 43 125 91 40 159 40 46 24 157 42 187 94 118 19 127 113 121 186 145 166 7 165 123 174 76 124 152 180 130 185 108 34 81 50 121 64 92 37 18 30 184 128 9 43 62 14 99 147 122 77 100 134 14 18 11 24 80 62 197 84 105 101 182 22 4 67 88 175 121 126 36 84 61 120 193 37 38 185 55 147 186
158 58 181 58 117 90 123 152 14 167 100 161 28 38 57 81 182 141 113 44 114 162 44 89 176 161 8 92 53 51 56 198 114 168 157 65 71 53 37 35 3 168 125 146 47 172 135 88 45 22 85 182 176 5 65 199 58 194 24 149 102 196 163 41 152 124 55 5 46 94 58 132 117 126 27 53 46 153 126 11 89 25 40 83 1 158 125 30 112 120 18 24 47 63 39 51 149 109 182 127
176 122 138 146 152 141 7 129 104 129 95 80 168 7 199 80 162 106 138 156 8 105 53 34 18 7 72 36 38 122 59 102 94 197 45 58 41 6 111 26 195 34 105 125 89 57 200 96 124 136 48 190 75 98 67 63 27 176 93 177 197 195 174 48 182 67 11 106 12 71 46 27 132 84 142 160 5 19 128 61 61 132 167 81 84 59 155 115 196 71 185 65 2 108 193 16 26 131 161 195
140 166 174 15 139 98 197 5 121 88 141 103 102 159 121 150 79 126 120 112 39 23 140 198 169 23 127 126 89 31 25 3 23 135 167 195 2 65 176 46 94 162 36 167 157 105 50 122 146 15 6 170 53 13 33 31 132 96 97 16 6 41 190 144 153 192 190 14 107 113 112 151 13 100 182 81 100 117 189 61 52 77 28 21 8 133 119 55 86 40 198 38 145 100 96 171 80 154 131 78
66 23 122 96 11 106 57 182 162 76 4 63 153 37 148 122 47 91 166 115 50 91 46 155 79 4 43 12 105 2 25 26 67 151 188 48 80 77 49 172 91 92 108 34 95 156 103 173 87 175 164 54 87 56 7 85 2 76 178 77 199 19 85 182 96 55 106 118 143 15 7 19 198 148 112 199 52 200 18 63 139 32 80 47 186 108 41 189 134 178 165 29 47 84 88 185 112 123 134 120
82 110 158 112 169 191 179 36 178 74 30 40 187 163 40 112 193 198 13 103 143 190 8 139 47 176 195 173 67 184 151 74 29 14 163 89 94 123 108 46 80 47 165 129 145 82 185 135 170 125 195 169 148 162 23 11 178 192 73 179 37 133 86 15 126 13 51 176 174 156 45 67 177 147 80 183 173 141 188 23 108 71 35 3 185 27 20 113 188 128 147 132 46 104 18 169 52 25 139 69
121 159 66 104 39 37 45 191 200 184 38 120 133 146 152 177 41 82 45 77 6 138 104 26 103 2 138 81 90 188 57 152 136 118 3 54 181 67 180 108 160 97 137 175 61 191 62 116 149 30 36 96 60 132 155 95 115 176 176 62 168 106 156 163 91 2 9 193 171 14 11 117 62 96 115 194 41 115 164 174 142 84 190 93 109 82 130 152 129 65 158 32 162 152 164 186 24 14 155 193
139 1 69 144 176 91 140 104 110 93 17 117 126 25 111 107 38 83 5 180 185 4 95 55 117 198 78 17 145 153 133 98 100 145 10 124 10 40 54 58 200 102 53 124 197 83 199 168 196 117 80 158 25 42 167 11 11 92 16 142 113 114 117 69 192 109 139 25 96 111 49 33 115 146 186 94 149 99 196 135 152 23 154 88 189 174 124 6 111 5 106 187 30 70 112 24 53 73 148 185
51 106 26 155 178 144 178 135 143 123 38 29 86 69 138 48 192 115 84 110 184 107 137 122 117 106 83 74 16 132 193 158 127 172 31 30 108 7 72 172 157 7 146 20 7 12 55 163 160 16 33 92 160 184 1 192 27 166 70 42 121 73 30 69 136 81 15 74 79 197 9 78 54 199 106 172 76 15 24 9 65 117 147 191 17 140 168 7 156 90 22 5 25 177 146 140 2 88 21 14
189 169 112 71 2 145 147 158 29 176 42 90 37 38 9 168 195 81 144 100 135 121 22 26 25 186 42 160 86 137 128 49 70 106 119 60 194 190 15 23 129 71 186 135 111 54 149 17 103 79 51 198 74 37 32 35 102 75 27 14 173 2 177 111 63 109 65 160 83 88 142 113 3 141 108 153 39 75 101 156 125 68 104 47 70 71 67 90 134 101 73 30 189 29 163 194 89 150 147 94
147 19 9 4 56 114 165 124 18 174 5 78 17 83 191 173 12 161 153 154 157 76 51 121 37 44 186 5 25 84 93 48 32 113 110 6 165 92 113 145 147 28 64 129 115 131 17 193 62 34 160 85 189 111 65 38 178 3 98 118 48 69 169 69 39 184 161 186 91 73 111 97 114 100 200 139 21 118 123 103 86 159 99 45 130 163 62 122 38 105 42 56 162 95 78 36 157 172 108 103
35 108 117 96 148 152 113 28 41 57 38 175 122 91 183 108 177 168 103 110 54 36 150 33 133 112 85 59 72 74 121 166 139 61 15 102 94 114 96 56 138 5 79 198 100 78 153 127 74 183 160 66 144 198 70 58 189 7 150 65 78 31 11 78 42 104 186 94 137 155 128 194 140 195 166 17 9 40 29 135 8 123 61 81 141 78 173 56 139 186 35 196 175 12 177 41 129 70 191 92
193 152 47 197 79 158 166 85 112 183 102 145 4 36 105 49 149 136 16 39 18 105 97 39 118 151 23 150 25 81 120 161 81 131 146 99 117 42 91 11 39 47 59 74 49 192 112 156 111 161 163 18 33 167 166 127 23 92 168 136 37 125 74 147 167 152 59 147 173 196 74 23 185 163 148 112 71 182 181 124 7 11 117 84 114 48 49 40 106 8 56 141 21 65 25 185 185 194 90 152
174 25 158 110 113 181 27 65 83 128 129 83 126 155 73 173 78 86 63 151 129 172 144 124 159 79 57 176 21 72 83 158 81 79 71 143 171 192 174 68 102 127 48 58 136 83 115 172 78 18 183 171 30 113 156 197 111 23 181 51 188 101 52 47 139 112 73 198 76 71 149 148 15 113 69 121 104 152 138 58 145 132 128 199 51 159 165 95 138 176 55 40 53 138 151 138 64 33 28 55
116 129 149 104 196 113 28 129 39 63 178 143 139 47 113 7 41 141 194 197 121 129 75 86 115 156 108 4 121 150 81 158 35 169 45 16 199 154 167 125 113 135 67 146 5 134 130 164 175 129 70 36 129 58 95 189 82 162 93 176 22 185 123 149 198 173 34 32 169 16 39 69 155 18 130 144 86 23 46 47 165 65 130 38 50 25 21 180 127 93 68 151 170 120 19 136 129 165 78 196
88 116 15 92 136 151 17 41 36 3 161 86 54 2 18 186 146 37 48 143 188 189 106 159 16 179 85 192 107 101 69 190 27 134 180 151 46 55 112 48 2 174 75 136 133 188 188 198 179 65 109 123 106 26 95 16 163 118 17 122 190 65 54 59 89 153 40 135 198 199 127 107 107 77 28 93 77 40 2 134 86 35 24 98 27 14 82 29 50 58 119 199 23 4 107 121 146 88 103 177
99 77 183 7 126 114 132 5 36 42 141 75 110 25 80 3 181 164 198 17 185 158 145 89 162 20 167 122 177 197 139 150 77 193 190 107 49 31 19 109 107 161 121 152 1 120 132 151 186 190 43 65 19 110 64 15 100 131 52 179 49 176 93 74 17 200 175 68 137 81 80 166 40 59 23 143 176 128 145 59 109 87 17 93 166 109 167 108 27 170 186 126 74 16 50 22 57 136 145 118
126 175 172 198 103 196 41 152 26 183 167 60 85 91 150 37 110 8 154 73 35 102 194 18 183 149 45 91 34 104 194 38 77 21 177 25 80 70 38 199 12 176 146 68 27 80 127 190 90 99 155 139 36 11 128 130 48 157 139 5 32 38 26 189 1 127 81 39 160 142 43 26 152 178 125 27 35 126 6 36 33 26 39 161 33 32 150 129 18 103 106 150 187 58 153 94 57 187 134 110
35 99 113 98 159 133 198 178 58 95 166 167 128 65 88 33 79 47 198 18 20 179 124 144 11 173 15 151 30 63 8 165 143 26 17 180 48 121 98 107 63 27 77 67 159 153 96 119 188 187 163 71 126 154 188 142 159 142 105 128 6 161 96 114 175 30 113 168 125 86 50 113 119 118 126 96 129 106 54 133 133 19 137 75 196 139 114 89 11 117 76 110 70 32 111 151 57 58 178 185
6 122 18 8 27 17 33 39 15 51 28 41 126 146 142 166 175 137 154 113 10 96 173 55 24 25 19 73 58 97 153 147 128 13 152 122 7 128 200 156 54 128 120 111 192 138 147 69 104 33 116 49 20 11 164 74 38 14 108 90 105 10 197 199 158 116 131 102 77 80 109 49 65 10 61 35 121 30 37 143 100 170 50 102 107 123 132 164 132 126 39 105 128 77 36 123 71 152 6 121
181 28 16 27 152 58 96 47 193 86 155 162 111 24 197 116 123 47 158 161 71 77 112 113 34 101 27 193 191 101 85 171 10 40 41 124 162 101 90 148 161 101 125 80 52 68 99 157 73 76 103 165 56 116 3 53 53 87 123 51 194 200 57 122 55 14 54 85 73 86 145 104 38 103 186 16 131 20 144 28 179 119 47 48 134 171 94 125 65 144 154 22 23 160 81 145 58 79 11 32
129 127 61 72 134 89 160 96 68 60 71 168 94 180 38 157 194 134 197 62 160 20 147 54 49 195 18 3 143 79 61 116 98 18 66 24 5 104 142 183 173 53 189 13 149 149 35 34 180 121 107 4 81 146 37 51 84 40 196 48 95 67 143 108 78 51 1 196 94 165 61 25 64 96 69 39 199 174 46 12 160 56 109 1 48 184 8 108 4 103 150 69 176 161 179 62 169 9 114 184
169 3 158 34 174 170 149 55 157 165 171 4 46 103 127 55 162 195 124 87 105 167 140 50 164 94 60 143 86 47 77 200 37 18 130 16 31 120 129 188 104 89 98 64 86 173 171 110 142 9 195 87 92 61 29 105 117 150 104 76 58 69 144 15 182 100 83 44 181 137 162 82 173 106 181 76 120 195 107 93 117 73 58 183 19 162 9 192 46 156 8 85 82 54 118 126 28 102 19 152
7 29 66 161 177 72 21 93 195 128 11 80 40 121 50 58 171 172 39 177 26 23 164 175 9 197 163 44 99 190 85 115 38 62 192 12 189 147 79 26 136 61 89 30 82 154 20 191 43 32 77 174 137 64 197 97 42 34 195 66 47 79 50 87 111 168 18 119 182 30 85 68 81 19 151 141 69 196 62 77 134 24 76 121 6 157 196 95 9 139 13 71 23 137 113 178 111 20 81 106
32 167 158 80 165 153 147 51 103 196 21 27 70 71 69 97 135 173 190 69 186 145 134 99 127 171 106 176 22 153 65 72 140 108 90 10 38 159 109 36 39 124 123 45 127 77 90 200 17 136 193 178 19 43 193 36 4 21 123 37 143 141 165 63 18 30 7 186 126 94 39 35 121 132 188 4 16 168 189 64 169 73 111 39 83 116 194 197 12 127 5 30 196 63 36 144 150 111 42 166
160 135 159 7 55 140 74 82 35 132 46 35 103 182 19 155 130 29 73 126 33 180 1 40 162 87 27 23 84 131 46 70 99 164 98 7 7 164 8 55 91 109 49 190 35 11 199 100 105 173 94 182 134 66 77 144 189 128 26 83 113 38 170 162 89 26 52 107 105 47 105 114 34 161 107 106 177 155 106 140 157 132 44 168 156 93 75 166 135 170 14 130 20 47 54 178 111 54 12 64
73 161 85 34 92 68 112 168 175 74 200 195 17 36 32 59 163 61 77 11 23 150 198 162 98 33 194 95 86 148 83 39 150 132 14 192 38 87 141 62 52 101 99 12 162 46 61 43 86 23 99 95 81 86 64 117 182 144 112 198 41 71 22 182 170 103 71 148 99 23 133 175 86 114 22 58 143 87 132 10 7 8 153 22 91 87 38 130 171 62 99 166 5 103 71 198 121 174 178 60
4 29 38 4 100 161 107 67 40 18 158 196 52 69 108 63 4 113 178 37 31 19 2 142 173 34 57 170 194 45 51 19 121 5 151 77 90 134 83 84 78 39 39 173 87 164 54 54 181 186 34 34 26 47 40 132 59 18 76 171 146 93 114 191 27 131 92 55 171 26 153 30 25 5 99 118 18 176 159 193 9 86 5 177 8 49 132 33 94 74 78 172 135 31 146 37 110 50 144 52
119 150 113 97 107 158 67 54 26 181 59 132 12 145 41 35 95 89 141 181 52 136 79 38 104 31 14 103 7 162 186 91 165 184 131 10 108 118 156 154 84 40 182 48 173 143 33 43 83 60 73 163 97 110 184 7 55 68 130 70 109 57 60 5 155 158 162 42 79 57 41 93 164 187 151 6 159 65 198 77 57 146 83 78 103 174 126 73 135 22 80 125 81 32 102 18 99 140 100 86
158 53 66 195 18 199 71 164 23 88 70 157 124 21 153 43 138 88 121 128 83 50 139 168 144 158 45 11 8 124 19 145 56 63 58 148 99 83 38 135 105 4 176 54 35 83 19 67 110 169 58 92 23 101 20 47 95 198 154 103 4 124 100 166 11 132 66 67 26 57 59 172 190 52 166 106 43 185 143 197 196 121 71 47 109 108 7 103 92 28 131 116 121 13 189 92 142 84 13 197
153 107 125 138 193 193 88 44 141 23 125 158 197 133 142 171 26 144 167 53 75 22 41 159 60 195 52 21 185 139 16 41 47 50 200 64 183 31 14 198 85 138 8 52 106 156 155 95 111 130 16 160 82 1 117 82 123 5 73 99 50 144 145 59 190 45 43 90 117 180 141 123 45 83 112 187 68 27 100 36 29 94 78 8 84 140 108 87 147 2 152 12 143 94 63 71 167 107 72 189
6 84 58 161 132 169 159 52 159 64 19 33 101 16 106 186 91 47 165 86 174 82 136 38 111 119 74 2 44 41 102 154 45 109 88 89 178 184 84 143 184 136 154 88 159 26 120 109 104 3 109 8 142 39 56 22 171 18 94 155 140 155 100 10 109 118 96 98 96 109 91 143 8 117 160 34 24 147 56 117 72 119 38 24 134 29 99 73 73 61 154 37 71 69 146 23 81 196 21 198
109 182 77 56 79 89 43 176 162 33 5 80 189 151 151 151 111 53 127 81 197 145 28 120 108 97 190 70 145 165 140 58 23 66 126 48 183 12 105 42 190 45 91 9 146 176 96 189 151 84 31 107 106 186 184 112 19 50 75 170 162 38 35 80 66 36 94 80 12 50 186 167 132 195 48 21 141 174 9 49 167 50 153 32 165 79 36 144 189 1 64 86 28 46 20 82 11 14 155 41
50 54 172 142 168 192 134 18 56 14 27 20 21 80 161 151 6 119 79 158 40 53 159 68 108 112 150 41 125 134 109 136 132 64 121 18 62 106 13 168 106 55 69 53 13 56 104 104 67 49 11 104 23 172 149 13 133 78 92 160 104 199 123 102 196 98 42 177 129 189 163 36 89 93 170 193 28 164 37 186 39 89 103 8 126 28 135 158 76 29 188 172 177 192 151 117 77 29 137 41
87 80 65 129 193 133 163 34 8 121 50 106 77 113 53 77 120 158 99 130 92 190 80 186 193 5 109 51 70 180 139 133 129 140 64 184 56 54 184 53 177 159 190 65 41 1 175 42 183 66 113 178 79 49 93 2 167 56 184 75 148 119 192 17 107 100 100 83 97 55 131 105 126 180 23 21 46 55 81 58 89 47 15 19 13 72 158 10 112 168 194 8 184 172 166 40 153 56 36 30
105 111 87 142 196 46 14 13 158 19 14 93 37 68 142 126 21 169 125 169 158 178 21 157 181 130 178 155 66 50 90 42 111 22 70 108 23 82 162 139 200 182 26 195 181 146 40 74 163 198 90 180 26 167 143 44 43 125 29 111 22 171 2 1 169 41 185 28 68 84 120 13 184 60 99 40 160 182 43 109 110 187 82 93 80 119 111 61 59 166 158 53 47 69 117 85 58 97 74 75
175 184 114 148 171 84 21 82 171 53 39 60 111 162 46 56 149 176 17 35 19 194 37 55 46 74 56 42 71 71 193 45 193 90 4 197 1 122 15 74 135 112 55 124 156 28 83 128 111 147 177 168 29 174 50 2 113 78 74 31 175 71 64 100 181 157 85 192 89 138 15 46 15 17 43 180 187 108 73 12 109 43 140 44 50 198 157 145 94 63 46 48 185 24 147 95 150 102 104 125
43 162 134 51 103 133 96 124 170 83 103 23 43 100 72 72 135 105 164 15 105 33 105 142 115 81 148 105 170 55 130 171 117 102 89 137 157 86 64 139 135 64 151 62 78 125 148 48 115 165 167 122 125 50 66 36 44 118 108 187 23 48 1 129 82 118 185 109 3 176 166 44 159 178 157 148 153 111 75 18 147 184 120 130 71 73 68 64 112 34 137 192 179 200 141 177 93 45 130 108
82 1 73 41 39 52 47 106 138 125 98 116 1 9 133 158 166 74 5 142 135 72 24 25 25 8 38 41 35 173 162 57 31 25 146 165 123 23 150 192 186 38 126 33 36 141 120 130 160 1 197 105 45 7 41 96 29 87 72 158 132 163 59 40 56 165 198 81 158 150 69 51 173 131 126 19 73 27 21 143 86 120 18 44 171 14 182 101 176 96 183 95 132 25 192 123 90 23 16 53
121 32 96 49 77 122 92 16 14 152 61 79 59 43 39 38 28 62 194 60 189 5 173 46 64 115 160 142 36 164 125 171 59 121 92 178 78 31 136 11 21 36 148 82 83 134 162 84 116 161 121 37 194 68 176 88 67 99 142 71 51 176 27 148 45 129 77 106 27 50 19 38 51 195 148 90 26 137 83 197 108 34 111 86 181 177 107 198 89 124 167 44 147 179 187 177 147 153 155 140
77 119 100 151 110 69 19 57 162 118 14 42 161 114 152 17 72 124 42 142 99 15 169 159 183 16 84 169 107 166 181 195 71 16 14 182 45 13 5 187 179 139 12 187 74 186 70 4 39 162 161 25 166 33 79 81 82 196 135 100 127 84 146 23 49 9 90 158 200 148 101 176 68 53 70 104 12 73 80 145 86 174 48 109 103 140 105 172 107 36 107 68 76 167 56 51 24 96 11 173
19 154 118 109 36 23 18 2 175 43 196 193 62 155 110 139 33 187 175 104 51 178 181 128 119 2 64 30 196 4 115 53 161 77 186 7 145 97 133 76 74 56 82 132 180 200 178 23 193 136 193 40 59 195 164 30 154 186 135 109 41 35 47 20 10 123 163 152 189 185 2 175 1 53 34 11 109 116 4 41 6 60 15 184 7 61 12 55 91 54 81 43 82 79 118 70 118 171 6 167
198 169 55 99 95 137 175 161 19 59 141 126 144 183 149 8 107 119 172 149 54 37 59 186 106 74 126 122 15 171 84 49 197 79 93 18 23 189 149 51 35 130 179 162 79 108 107 30 12 63 49 84 112 168 171 80 15 110 146 31 19 58 1 123 130 137 23 93 71 60 35 164 120 113 172 7 33 83 72 183 174 41 163 18 199 141 89 130 50 126 130 124 33 131 137 27 164 157 138 70
111 11 56 160 16 1 20 80 137 95 151 67 175 157 99 82 20 9 17 44 18 134 10 112 157 105 130 153 65 156 59 6 164 188 54 67 49 19 181 45 115 180 126 23 13 117 122 198 166 125 75 20 127 177 115 98 171 143 4 200 171 134 28 20 64 59 21 141 175 79 163 16 75 44 152 16 14 43 117 83 99 111 195 177 116 22 110 114 120 191 156 88 195 154 198 117 3 88 8 184
90 42 115 168 152 70 147 90 119 84 156 80 144 44 74 165 47 28 45 164 86 102 188 182 13 127 124 8 191 39 158 101 159 165 184 64 167 50 18 83 26 123 175 78 111 63 58 61 152 58 62 4 85 99 75 89 107 59 149 161 178 33 91 114 123 48 135 193 179 82 62 137 60 141 73 112 107 74 78 144 133 10 27 197 138 179 143 127 51 169 169 72 143 2 71 134 120 9 153 112
67 120 127 183 16 100 126 109 101 56 165 187 85 1 15 121 30 119 81 69 164 146 57 127 140 142 40 67 62 98 1 43 87 199 136 198 76 99 3 185 14 156 33 157 49 193 106 34 133 175 197 26 163 181 158 56 147 81 131 14 88 114 105 69 26 118 130 38 1 54 84 120 49 6 63 157 188 129 29 24 154 114 13 122 192 141 131 185 65 64 167 68 46 148 189 196 112 139 151 172
124 183 87 137 104 102 200 122 131 7 69 32 9 157 44 102 76 27 187 138 152 25 109 59 126 97 66 123 108 102 79 2 94 165 134 122 97 31 20 77 114 119 65 65 97 170 158 189 43 57 65 145 122 20 109 169 85 29 74 126 20 11 102 200 53 193 19 109 97 168 53 17 131 16 86 43 61 51 26 37 199 58 70 103 88 75 31 136 156 177 119 182 85 27 37 188 98 109 91 19
76 29 78 147 18 139 2 148 6 171 36 141 152 135 13 78 150 55 28 56 69 116 11 59 151 152 100 19 183 106 87 185 25 138 68 164 149 139 191 59 163 136 3 1 135 99 28 17 86 61 122 116 176 48 105 162 62 97 78 79 142 199 1 195 122 38 83 147 16 170 26 52 145 110 147 61 116 12 69 4 30 189 63 44 176 7 111 98 131 36 80 7 11 160 48 99 73 137 100 180
88 42 21 170 113 25 199 135 112 23 191 105 38 165 26 102 61 18 46 37 77 200 113 177 94 34 35 95 128 182 102 141 90 25 58 108 2 21 43 178 96 133 194 84 156 28 59 43 9 82 195 139 175 156 54 125 114 105 61 95 93 90 101 148 179 51 91 153 109 7 193 200 50 160 73 156 46 33 26 177 144 77 12 61 90 189 86 138 51 74 109 192 111 61 5 199 179 16 48 193
109 44 114 169 158 34 37 162 139 35 24 154 184 13 168 83 108 20 26 171 51 62 143 184 90 122 3 131 152 119 13 46 126 117 37 56 135 72 121 171 79 122 73 94 198 164 107 148 7 47 8 162 110 6 26 18 66 116 25 163 104 88 166 27 70 63 194 145 9 110 147 35 142 62 134 57 161 7 96 143 155 101 100 170 80 109 2 110 135 154 67 194 59 178 103 156 129 118 194 67
124 123 60 175 107 144 69 104 151 64 117 23 66 164 97 17 166 78 123 119 166 172 90 71 199 94 5 29 107 139 198 9 188 151 82 31 54 198 197 75 71 135 24 29 126 158 17 151 106 117 77 95 19 163 112 200 51 140 86 155 77 85 62 144 35 11 22 57 187 105 181 33 173 177 30 172 199 72 45 175 4 180 180 179 78 100 84 60 61 83 161 198 100 124 131 74 9 23 9 37
139 160 157 23 185 100 121 28 140 76 65 181 43 159 32 158 118 89 9 64 146 181 186 13 187 110 39 22 117 105 92 63 28 21 135 10 80 85 188 25 33 35 6 73 74 142 46 40 70 1 79 95 101 197 103 101 46 11 100 63 111 79 8 76 145 66 159 195 51 79 54 191 158 149 153 173 8 106 22 26 9 160 35 69 190 136 131 11 180 71 90 27 29 198 6 174 184 83 138 114
96 23 65 110 60 27 60 157 163 179 153 107 108 78 116 162 2 164 3 26 38 70 87 137 120 8 127 188 138 110 192 117 19 164 52 25 38 136 51 192 153 141 184 166 123 72 40 83 73 50 188 51 144 89 153 115 123 54 100 151 158 114 7 127 179 109 56 42 94 41 130 142 131 47 128 179 179 81 186 75 111 119 191 160 135 173 103 185 73 4 36 102 174 195 136 16 53 49 54 117
144 147 111 49 187 140 188 44 85 52 68 70 8 44 116 121 19 112 123 97 160 136 46 185 195 189 148 89 189 112 47 29 27 134 169 8 71 91 78 112 1 147 197 98 47 170 123 89 2 88 182 106 67 147 92 93 21 142 124 25 71 36 78 171 169 142 51 193 190 125 84 11 198 38 29 62 30 130 124 76 173 59 61 38 165 134 35 13 192 29 197 166 1 162 45 18 26 85 119 51
79 131 13 132 121 80 152 114 134 195 98 135 83 15 159 137 135 80 15 63 109 157 70 86 145 197 111 113 126 193 160 103 197 18 36 29 9 49 5 198 186 122 21 21 75 68 196 47 13 10 65 64 128 19 37 75 133 183 69 140 85 184 189 56 93 23 24 53 11 117 151 158 175 38 159 106 7 149 41 91 161 97 87 1 131 23 127 110 2 42 114 132 131 55 111 135 73 192 124 115
59 130 96 152 181 102 43 188 7 48 55 90 164 200 113 11 81 200 174 70 13 157 193 141 59 86 21 69 167 79 108 87 111 73 79 115 143 131 71 68 44 23 58 178 171 184 117 83 62 19 30 69 94 185 20 52 98 10 119 80 38 70 13 181 150 149 18 25 124 90 187 167 10 139 158 66 149 76 96 6 95 143 93 74 35 167 180 84 117 8 2 89 99 101 33 61 68 43 94 67
28 130 165 109 38 147 100 97 29 199 27 33 139 41 200 91 100 158 124 133 35 33 175 41 181 160 1 160 3 178 147 34 80 61 6 186 125 23 84 163 93 40 180 5 149 198 132 51 163 59 113 31 90 1 129 12 59 156 136 124 61 170 113 126 160 85 199 112 188 81 188 105 94 120 165 117 123 62 187 58 52 47 144 37 93 54 75 135 193 117 32 78 116 156 3 161 44 122 127 131
153 64 67 68 147 30 37 55 47 113 67 130 98 85 165 166 88 132 157 123 100 13 100 172 86 196 92 164 173 103 107 7 181 171 9 190 197 110 78 61 121 50 30 18 180 177 170 157 88 91 31 76 196 113 160 74 174 198 114 99 61 106 174 167 89 191 97 154 18 46 86 64 94 22 39 184 56 145 58 195 106 48 159 147 144 95 181 45 9 64 35 95 156 59 184 78 7 106 98 21
11 124 168 33 19 1 107 94 55 180 10 113 73 158 87 192 149 129 90 169 108 172 138 17 15 196 157 97 104 134 155 9 159 195 199 51 173 103 20 29 107 171 59 124 28 171 51 197 38 45 76 44 69 134 94 166 187 95 137 145 43 54 196 127 2 69 192 198 69 179 49 60 121 33 176 181 57 191 133 141 188 136 49 60 48 55 3 190 168 192 93 89 166 196 23 32 52 109 59 107
183 150 140 109 68 153 53 63 58 192 128 119 155 57 68 137 35 192 165 130 114 152 93 58 168 71 192 106 8 19 150 17 112 147 124 50 102 38 46 195 103 28 164 159 170 87 42 154 147 84 176 132 79 85 132 11 112 197 80 150 14 111 169 140 14 127 64 161 11 40 47 74 168 135 190 94 173 40 194 4 63 177 81 100 132 64 92 125 145 191 62 113 145 53 149 171 125 56 114 83
54 97 19 148 131 53 167 82 15 102 4 31 66 64 63 108 61 31 123 146 107 180 45 120 72 84 86 93 90 111 125 1 27 137 189 173 190 90 138 140 17 84 113 61 147 154 187 111 23 170 63 167 144 23 92 78 43 41 174 28 81 107 150 157 146 48 134 55 106 86 102 147 106 92 115 112 60 82 132 129 111 45 16 93 191 56 147 93 149 98 98 13 146 74 182 106 116 191 140 137
120 183 120 38 149 95 87 57 12 23 89 86 55 23 187 86 102 135 137 26 13 16 2 54 174 93 90 77 27 185 157 68 139 136 134 41 99 69 150 185 185 192 3 37 138 150 97 71 12 50 31 63 189 96 26 142 123 2 118 18 42 56 14 82 66 125 58 135 158 169 141 187 30 128 194 102 63 20 123 69 74 49 190 89 30 15 72 146 129 153 170 96 120 144 93 48 7 111 68 162
157 96 177 172 190 23 143 114 101 199 120 145 195 93 147 192 162 166 55 30 198 23 165 33 57 115 60 78 146 146 81 178 183 126 70 37 50 129 13 189 183 174 11 186 52 124 36 4 27 92 85 191 67 175 166 119 4 82 21 140 7 113 194 75 158 37 171 170 156 93 137 103 193 106 103 96 55 191 87 50 198 180 77 110 130 147 162 97 165 135 166 48 186 54 157 86 13 82 186 98
49 145 32 21 44 70 98 62 121 23 170 47 116 121 159 141 18 9 78 15 152 146 77 146 39 68 174 76 112 32 57 55 72 116 67 8 153 168 149 12 172 116 196 100 200 200 9 199 94 193 144 132 49 110 46 54 14 133 181 59 140 136 85 53 109 130 44 94 39 149 130 9 11 42 120 182 122 124 111 81 57 55 197 41 151 111 39 168 132 163 39 152 179 199 130 19 38 38 142 43
125 58 187 156 32 65 26 135 83 72 153 199 18 15 129 113 142 91 144 150 191 148 61 73 112 95 51 80 152 97 16 74 76 17 44 165 121 29 140 129 87 35 51 133 80 24 55 108 54 68 89 93 193 121 41 31 50 106 93 138 113 101 148 66 6 183 18 128 51 89 12 32 155 49 95 150 150 103 79 47 190 198 36 172 95 195 4 7 37 94 134 44 25 42 34 27 198 38 188 100
57 10 47 18 20 78 61 57 34 147 20 76 95 122 5 80 39 72 101 2 83 110 4 112 144 113 159 57 86 174 58 106 10 27 144 77 71 59 174 197 165 78 95 200 160 17 89 102 174 151 5 11 138 24 183 17 47 102 61 166 88 55 119 48 101 31 187 27 120 115 49 129 51 143 115 145 180 151 44 105 130 24 78 66 14 129 57 76 33 156 78 79 150 31 67 87 195 17 55 20
70 177 67 2 119 50 116 113 179 82 146 176 49 80 129 51 27 52 177 98 27 152 129 101 91 19 56 59 82 147 55 57 194 164 122 142 174 80 41 153 119 78 61 87 57 92 140 193 43 15 146 18 5 88 98 46 60 54 2 192 94 90 96 174 111 127 80 190 196 152 90 83 95 174 173 83 105 27 184 70 178 140 189 86 181 48 188 77 110 199 149 64 184 173 135 180 166 192 97 26
90 134 84 177 26 29 9 71 23 140 163 61 22 34 17 102 131 10 117 76 43 52 149 107 5 140 46 62 43 49 23 174 119 129 47 127 96 3 1 34 114 24 62 193 148 196 89 198 80 147 194 177 53 184 152 83 194 150 163 21 38 50 91 82 197 20 21 15 76 170 97 5 195 150 17 112 97 105 8 159 178 131 182 170 58 52 44 161 190 14 144 64 134 79 140 27 119 4 81 79
149 130 75 32 174 145 132 171 120 51 187 6 152 162 58 131 8 55 175 68 98 104 69 130 92 3 72 50 62 161 152 176 194 192 110 130 200 111 75 73 18 5 145 139 64 31 14 180 173 146 47 163 153 173 36 106 115 124 35 94 85 188 169 16 141 132 34 180 154 67 73 110 81 145 119 129 4 37 5 188 143 158 82 94 18 100 102 178 28 97 92 82 9 19 170 121 145 145 108 174
