10 	
44	73
0	93	6	87	1	
0	73	4	484	2	
1	69	1	478	8	
1	37	6	618	8	
0	30	6	169	4	
1	11	9	515	6	
1	97	3	435	3	
0	89	2	261	7	
1	81	9	218	3	
0	59	3	153	3	
48 41 88 186 34 1 120 185 79 30
184 109 107 154 152 191 126 166 100 182
134 82 57 120 186 145 73 46 127 2
181 109 102 138 25 185 62 12 76 93
189 62 100 197 16 4 23 108 155 85
84 178 122 39 108 27 176 175 131 64
126 120 17 73 134 19 164 29 101 198
21 16 157 159 104 83 67 149 192 145
6 30 156 53 9 99 11 149 69 178
167 115 192 123 78 14 84 58 47 54
189 121 76 83 63 166 126 101 102 81
