60 	
9	38
1	4	8	46	7	
0	6	3	23	1	
1	9	5	149	4	
0	3	2	46	3	
0	8	5	34	7	
1	7	3	146	3	
0	4	8	58	9	
0	7	8	82	8	
0	6	7	102	1	
1	1	9	138	9	
1	9	6	119	8	
1	8	4	4	4	
0	2	2	137	3	
1	9	2	8	1	
1	9	6	106	6	
1	1	2	41	8	
0	7	4	97	5	
0	1	4	14	4	
1	9	2	7	8	
1	4	6	52	6	
1	6	8	12	1	
1	9	1	89	4	
1	7	7	127	7	
0	8	9	18	1	
1	1	3	85	6	
0	5	4	94	4	
0	3	1	26	5	
0	9	7	60	9	
1	8	2	105	4	
1	6	2	38	2	
1	7	3	123	9	
0	1	6	147	1	
0	3	9	146	9	
1	3	2	5	9	
1	8	8	108	2	
1	8	2	63	4	
1	3	2	99	8	
1	8	5	23	5	
0	3	5	122	6	
1	1	8	8	9	
1	4	9	62	1	
0	2	3	67	7	
1	2	7	89	8	
0	2	1	17	5	
1	7	6	83	9	
0	2	9	133	1	
0	8	2	107	6	
1	8	9	130	7	
0	4	4	113	1	
0	1	5	39	8	
0	6	1	133	6	
1	4	6	29	8	
1	1	3	106	7	
1	7	6	127	1	
0	6	9	51	4	
0	5	1	51	9	
0	6	4	146	5	
0	6	2	55	9	
0	1	5	5	4	
0	1	8	104	9	
9 184 18 195 28 107 13 33 181 155 109 93 72 4 123 59 121 51 61 147 129 169 107 10 6 108 27 85 29 158 131 14 11 98 80 45 74 14 133 149 146 153 156 181 126 44 13 145 108 50 38 118 136 158 2 156 116 45 91 40
151 94 146 2 168 100 117 160 52 103 155 76 119 111 167 98 137 156 51 111 1 163 13 54 176 19 34 34 111 168 100 113 192 88 139 45 37 85 75 126 1 86 103 5 123 4 154 119 186 61 143 8 197 134 132 62 124 109 133 192
60 38 175 25 57 81 87 15 89 172 107 59 179 128 141 200 152 20 178 18 22 152 14 149 84 150 102 84 161 141 99 18 157 5 179 159 188 45 91 105 127 197 118 164 185 133 198 180 49 22 103 60 160 2 152 36 68 114 153 119
198 91 121 144 122 184 87 82 195 15 144 11 67 5 174 15 31 31 63 73 177 99 191 127 48 112 31 152 149 134 176 5 190 68 124 116 176 161 101 59 103 185 187 147 171 168 47 88 8 162 121 75 102 37 194 200 11 181 17 138
143 111 81 156 200 146 4 174 171 111 144 96 50 200 24 163 68 24 182 169 130 5 197 97 48 137 119 139 10 189 92 31 7 61 48 99 40 129 196 139 26 71 144 77 16 77 107 70 155 16 197 106 86 37 49 7 155 123 95 179
187 15 53 175 166 117 78 157 154 44 47 72 198 176 157 27 174 181 80 54 92 166 28 43 157 20 98 180 57 47 149 157 130 51 187 44 53 92 104 58 82 125 126 129 106 56 10 100 80 123 176 117 32 195 26 43 155 47 114 142
49 197 40 53 48 124 52 19 66 165 145 95 36 64 57 110 162 180 76 75 156 4 100 129 166 200 27 13 72 7 80 32 50 33 60 125 89 112 136 111 189 14 170 66 41 123 55 147 180 94 156 92 9 136 179 150 12 20 198 81
76 74 50 200 145 56 121 154 120 114 58 108 42 56 171 146 8 186 126 49 57 76 164 88 108 166 130 104 6 162 193 160 63 191 192 1 46 34 187 135 28 107 29 53 82 1 86 148 118 124 119 143 150 23 32 4 184 143 99 26
46 182 173 52 148 40 118 14 163 50 136 72 16 157 89 150 172 131 115 114 70 146 135 51 181 110 184 77 34 143 42 139 147 100 198 90 17 91 85 174 146 75 17 69 81 118 91 55 4 161 36 148 35 60 99 126 90 132 173 47
97 159 125 46 85 148 187 46 45 172 189 36 51 114 94 78 96 199 146 24 132 161 115 155 92 58 7 115 108 86 198 88 48 145 151 162 141 135 178 10 157 106 5 157 190 26 80 100 199 112 19 46 181 13 60 6 90 13 197 185
140 86 3 3 81 19 151 117 177 120 197 83 43 57 128 182 138 142 44 61 81 136 161 109 120 70 35 150 122 147 69 67 40 85 44 78 134 174 171 142 3 181 138 24 57 151 45 148 182 197 1 62 125 122 171 190 190 156 62 16
119 147 142 138 90 17 191 55 28 58 3 176 37 198 71 196 75 121 90 2 49 168 198 177 161 51 69 84 192 16 56 40 114 27 34 141 15 148 54 165 88 138 184 31 69 14 155 5 57 112 24 33 180 17 114 127 60 107 89 94
50 24 172 1 116 77 170 156 79 72 35 140 116 96 28 102 173 198 126 161 86 75 186 110 52 88 52 28 16 187 36 30 190 13 191 86 78 130 44 23 110 64 167 187 7 126 117 83 145 54 146 65 190 7 49 183 122 54 86 66
17 140 193 118 95 34 119 170 42 77 51 185 2 146 56 45 48 195 122 94 112 185 31 57 127 73 1 189 150 185 181 141 29 10 6 166 70 88 166 181 140 83 30 28 16 33 195 114 137 109 159 188 135 200 123 149 38 27 111 36
25 86 67 167 25 153 103 71 91 38 190 44 153 72 148 66 104 39 187 49 112 35 129 153 13 89 15 137 150 36 31 142 101 50 27 123 76 48 198 46 115 66 173 86 72 119 175 103 179 101 147 167 124 118 58 184 72 85 105 92
78 92 161 25 116 21 53 87 197 118 39 99 120 111 33 178 159 62 155 120 31 137 64 23 45 44 182 121 167 94 143 24 12 129 175 193 35 122 111 104 1 63 166 100 19 191 80 119 13 101 65 74 56 130 104 109 110 74 30 6
76 133 200 89 117 58 89 61 155 146 197 200 57 104 142 200 12 186 57 109 27 134 34 122 56 130 17 90 75 63 177 82 7 89 91 69 105 38 83 59 170 3 193 46 122 79 21 26 48 6 37 109 186 105 165 108 57 134 113 138
149 159 25 89 35 144 193 190 123 144 157 74 191 52 164 14 137 95 136 41 59 186 2 135 147 200 56 27 53 88 35 194 59 49 69 165 110 197 32 135 189 60 33 80 65 80 170 154 169 100 129 38 164 19 20 76 146 161 47 85
193 190 135 16 141 179 73 140 67 129 44 117 105 151 186 59 1 143 164 178 126 71 131 167 136 12 134 76 45 39 115 31 11 110 25 122 50 154 98 200 13 185 44 164 138 63 50 83 134 84 109 37 179 98 14 16 200 175 56 85
58 15 53 195 45 162 62 172 181 22 197 108 110 106 152 142 58 185 24 1 41 25 186 98 29 193 88 19 113 115 87 47 177 68 157 95 145 142 177 193 134 114 153 30 170 172 193 86 175 33 48 57 134 107 126 168 178 30 199 163
96 197 157 40 198 7 163 138 24 132 130 93 144 103 169 16 94 57 43 73 6 97 142 90 165 66 48 26 147 160 144 32 156 18 153 49 169 105 12 178 40 72 199 91 96 13 155 70 79 1 103 75 149 151 149 44 82 86 170 132
95 58 51 41 19 142 197 10 91 172 184 3 107 17 152 74 151 11 45 97 79 120 41 165 122 128 172 146 34 193 108 113 70 137 194 160 169 119 104 174 180 178 115 175 43 47 11 130 51 183 150 119 191 106 86 2 38 151 153 186
164 96 74 52 44 3 193 18 44 124 44 155 16 140 27 11 180 71 176 3 127 120 186 92 83 18 130 166 175 89 64 179 187 28 131 29 130 47 49 88 180 64 39 24 155 166 15 30 61 39 198 128 106 109 189 175 90 112 194 23
27 36 44 171 64 129 144 189 96 125 79 79 79 72 41 195 194 112 181 2 129 139 71 143 34 75 52 85 91 131 191 171 139 19 130 196 92 128 113 81 25 45 179 111 127 55 42 121 134 26 190 120 84 127 190 44 77 131 65 90
160 132 110 4 3 90 30 139 130 178 170 8 183 138 145 65 9 160 34 181 33 195 92 81 95 166 137 144 178 116 106 174 152 186 63 139 120 95 81 35 47 190 142 190 40 150 91 79 48 137 80 187 161 38 124 58 65 77 43 51
167 53 179 145 57 83 165 158 94 73 63 8 104 96 164 56 108 194 123 13 185 28 25 186 158 120 92 50 121 43 81 30 185 32 127 128 41 196 184 163 4 138 118 194 88 97 32 38 10 199 16 160 191 117 129 130 105 165 170 183
70 107 172 98 105 79 61 149 30 107 58 129 151 114 96 36 175 182 151 45 71 173 65 171 151 176 109 104 76 125 36 141 67 85 55 190 41 126 99 174 5 64 182 190 108 140 93 99 54 44 102 175 5 22 160 49 131 101 197 130
171 174 163 9 178 187 42 114 2 87 153 28 145 183 80 35 134 21 59 164 193 12 189 144 36 45 35 134 58 12 153 7 117 45 171 90 189 35 188 80 196 68 35 200 125 151 112 50 54 133 7 75 168 4 117 46 132 72 129 37
137 100 56 45 65 18 25 49 90 7 148 15 176 114 133 80 149 153 115 20 6 81 42 174 63 65 38 156 164 130 83 120 106 87 18 155 121 175 114 165 70 90 126 75 114 8 19 65 146 83 1 29 188 44 47 108 157 147 188 118
99 148 122 114 44 113 106 41 199 37 68 111 193 124 47 161 17 192 85 28 147 142 187 10 132 39 71 183 3 36 14 176 41 15 1 120 145 112 68 15 83 143 81 115 5 192 124 57 182 114 5 68 51 10 100 131 148 47 131 51
26 90 150 140 186 95 149 76 151 155 70 31 38 86 80 37 45 166 107 27 122 35 13 134 39 115 103 101 18 46 35 5 133 48 194 190 32 8 10 131 179 172 125 136 170 197 180 32 76 135 56 60 44 181 103 169 53 46 62 23
153 97 144 52 128 136 127 47 35 182 6 155 52 165 95 122 37 10 168 192 22 147 46 60 23 108 161 86 89 86 109 17 172 129 93 73 90 171 134 161 38 121 102 130 146 154 194 183 72 87 77 97 167 168 2 90 84 190 17 105
68 31 45 32 1 3 190 24 58 69 29 42 14 105 79 89 22 92 22 112 110 61 88 29 166 172 167 136 62 48 70 1 49 3 97 71 93 52 105 159 83 152 192 119 54 154 72 156 73 113 96 26 80 153 111 142 197 12 22 150
114 25 85 196 157 117 198 44 26 47 71 131 81 176 166 13 165 94 198 11 101 42 27 39 35 59 199 173 172 161 51 140 9 11 131 117 11 13 36 26 115 114 115 112 41 148 114 163 31 96 166 29 19 50 101 74 74 94 59 100
89 155 144 31 189 18 185 185 167 153 40 5 82 108 140 36 197 99 200 29 60 47 78 52 12 176 73 191 185 27 145 15 176 20 97 146 1 75 129 167 115 53 191 10 84 36 33 139 23 33 61 126 70 111 165 16 36 26 155 101
195 15 49 198 75 13 190 155 170 171 132 166 103 194 64 98 101 5 136 66 139 63 112 17 145 180 14 155 62 170 158 167 139 76 4 23 156 63 104 181 52 100 28 182 188 87 23 82 22 153 30 20 35 106 119 35 17 119 183 146
186 178 5 187 29 152 115 113 191 35 88 52 82 55 33 172 141 161 31 61 178 55 25 179 156 166 100 55 89 182 41 78 146 41 149 65 181 62 195 47 31 150 45 190 194 91 164 22 153 51 79 185 59 85 129 37 88 112 117 103
83 1 82 30 101 103 176 56 200 96 54 130 187 133 122 174 92 41 170 87 36 187 92 191 100 111 14 133 38 21 57 118 186 180 136 47 82 43 91 115 129 25 135 157 88 88 129 38 198 155 69 164 49 103 90 55 79 133 51 100
73 182 120 53 100 186 27 10 62 1 142 16 188 149 57 197 65 150 156 40 116 65 76 45 111 111 146 129 167 38 32 124 60 103 176 112 93 16 83 106 45 131 35 89 104 128 115 148 88 42 120 59 3 46 173 82 181 188 181 54
173 50 116 50 58 151 143 131 111 145 93 28 187 93 159 189 184 190 27 134 56 91 80 133 193 58 177 5 154 123 96 132 190 150 92 152 131 54 123 172 177 71 128 175 197 183 68 48 69 56 63 119 35 2 26 124 146 196 113 1
81 142 147 67 71 114 171 190 82 77 3 157 52 33 25 37 58 28 1 106 54 131 57 1 139 155 5 89 185 75 84 131 179 122 29 137 146 101 149 41 137 165 33 177 20 89 24 171 62 187 74 89 40 47 159 10 158 67 115 8
186 121 139 95 131 43 134 179 142 127 29 67 89 114 117 148 179 70 1 54 139 15 187 70 26 159 18 149 11 10 59 121 155 199 199 118 21 54 114 7 193 22 85 148 130 105 110 168 38 109 42 194 185 188 173 25 172 111 77 136
125 166 39 64 54 199 194 127 75 162 96 103 186 166 113 82 188 26 110 64 103 182 41 74 41 36 88 44 104 162 123 3 200 193 130 113 120 125 150 56 128 72 69 148 75 28 80 2 42 12 139 190 160 28 200 7 91 156 9 179
49 150 71 43 140 3 54 1 133 199 34 71 131 86 45 155 33 69 72 32 87 178 71 33 98 41 105 5 105 138 22 11 171 154 25 76 197 65 133 144 124 67 157 168 169 5 92 167 125 49 182 107 176 105 23 108 2 198 17 81
12 81 70 199 178 161 172 10 63 166 133 65 64 122 184 116 1 13 170 43 59 138 81 195 124 26 120 165 106 192 189 139 60 76 98 134 54 47 73 131 181 107 90 179 66 7 79 16 187 90 47 164 100 51 98 11 189 54 135 110
155 153 140 38 50 132 59 149 83 139 108 148 176 171 93 76 51 61 1 64 104 150 192 78 104 159 156 181 6 144 62 114 197 142 47 81 113 15 108 26 22 186 131 158 56 62 144 143 157 19 124 182 104 143 159 125 157 83 198 50
103 163 151 2 164 96 88 60 134 72 54 79 19 145 188 120 132 176 114 190 120 182 115 26 156 157 28 174 34 160 163 95 101 46 112 27 81 173 153 143 72 161 105 104 165 101 8 49 136 166 16 57 9 38 152 88 130 110 145 107
3 4 97 3 25 166 26 76 154 137 111 94 82 168 194 175 47 47 181 173 181 144 75 15 42 190 20 3 80 62 68 7 173 113 64 19 189 85 25 184 133 40 127 50 146 42 49 21 179 107 11 167 7 74 90 30 119 196 187 155
120 116 8 170 58 61 166 79 110 79 175 108 199 16 105 132 172 152 200 197 104 36 171 165 78 146 148 105 141 182 50 62 72 48 28 129 125 82 171 17 151 80 28 65 116 106 110 138 4 185 199 21 69 30 16 113 154 91 21 96
45 163 7 91 105 182 57 15 163 195 132 12 7 39 187 62 112 60 49 162 67 38 185 115 22 161 93 83 24 106 191 99 16 116 55 39 165 29 118 68 106 44 30 53 77 76 4 50 130 156 199 192 111 195 129 93 98 149 105 65
12 80 80 60 33 60 136 75 77 157 105 92 27 95 122 148 189 50 86 89 47 10 128 192 134 35 44 27 95 73 198 13 63 13 191 40 196 29 152 30 153 176 70 54 46 50 154 86 181 5 100 70 118 191 176 33 101 30 32 193
74 174 115 170 75 63 1 81 199 28 46 51 53 90 43 164 88 121 5 154 32 64 112 54 119 127 74 113 186 190 166 139 119 142 150 78 130 29 90 15 21 185 24 4 30 116 158 106 13 140 73 14 13 63 140 192 61 45 35 84
4 143 162 36 139 107 123 29 12 96 20 76 177 7 89 24 135 43 149 149 58 104 187 174 106 79 12 181 69 94 160 89 163 47 66 88 124 109 27 75 2 46 156 80 15 118 55 153 70 133 180 184 132 96 148 123 158 23 184 159
75 43 130 20 9 125 103 141 86 53 102 71 27 52 31 5 26 101 137 55 142 194 66 188 54 2 95 57 100 121 166 103 91 50 150 9 74 21 22 145 28 30 146 155 106 101 133 42 53 16 164 45 121 55 55 120 74 39 124 49
46 112 183 123 155 116 151 134 74 71 187 2 130 77 19 154 111 126 78 91 40 35 154 22 54 120 6 11 40 5 77 61 125 11 156 1 164 130 45 57 128 51 149 199 100 107 120 91 107 192 131 59 40 154 6 116 31 198 131 136
10 47 161 157 130 100 80 89 161 175 160 86 43 92 20 130 152 147 10 84 19 166 130 188 170 13 100 148 188 50 198 115 50 170 65 192 68 48 16 198 184 146 5 80 33 184 57 18 35 89 108 115 21 33 188 130 111 134 129 35
56 183 35 103 199 158 181 170 130 183 164 153 12 38 12 40 91 121 142 125 5 91 113 87 170 102 95 79 91 19 135 143 29 122 141 21 74 44 126 119 88 78 181 44 34 70 128 194 114 115 199 174 32 56 115 100 122 121 169 184
75 187 50 138 142 13 4 68 131 115 140 15 163 168 100 72 188 67 79 116 27 169 117 31 198 124 46 37 136 145 200 127 123 190 67 196 88 38 45 139 20 186 168 120 34 157 181 88 160 200 134 187 198 12 161 150 98 32 158 23
135 12 27 126 88 187 155 68 74 148 57 55 117 21 144 144 116 53 92 118 139 71 54 168 47 149 144 124 57 62 110 26 41 154 163 93 42 125 9 104 195 189 24 101 39 163 98 105 54 11 181 106 100 89 90 133 56 84 188 112
41 16 101 149 66 42 12 20 23 33 138 194 148 154 72 100 106 53 11 160 106 2 102 158 83 9 187 196 114 123 62 81 79 68 14 25 92 151 127 195 144 195 43 59 172 148 57 141 105 88 198 116 61 96 128 166 163 196 194 148
95 169 63 73 39 196 165 145 88 133 142 81 7 127 44 111 156 179 191 141 183 178 69 124 48 190 173 84 200 62 47 193 122 54 40 4 199 144 32 21 114 159 135 67 129 81 60 93 197 82 26 41 19 95 173 102 59 84 138 5
