80 	
2	17
1	57	2	2306	7	
0	11	8	1107	4	
1	10	5	270	4	
1	39	7	1889	9	
1	8	7	3685	2	
0	82	9	999	6	
1	33	5	2750	9	
0	66	4	3413	8	
1	8	9	187	7	
1	7	3	3523	6	
1	77	7	216	4	
0	99	5	248	7	
1	65	1	1078	4	
0	9	6	528	3	
1	75	9	1632	6	
0	60	9	2522	1	
1	88	3	2861	8	
0	12	1	924	3	
0	91	5	3727	6	
0	21	9	680	9	
1	19	1	173	6	
0	56	7	2499	7	
0	43	5	2872	9	
1	71	3	288	8	
0	23	4	1022	4	
0	79	9	2703	6	
1	39	9	2298	9	
0	28	3	921	6	
0	56	1	2889	7	
1	65	5	3528	5	
0	60	4	699	3	
0	49	9	3154	8	
1	93	8	3431	3	
0	69	9	3687	5	
1	17	6	923	5	
0	91	5	1139	2	
1	65	1	2072	5	
0	76	6	2693	5	
0	9	8	2170	4	
0	61	4	2867	5	
0	66	8	3270	8	
0	79	7	1598	5	
0	45	9	1857	7	
1	5	6	3790	2	
1	98	8	915	8	
1	22	3	3407	1	
0	27	4	1798	2	
0	88	2	2017	7	
0	1	9	795	7	
1	16	4	3398	4	
0	60	5	401	5	
1	5	6	190	9	
0	27	8	37	9	
0	62	9	2410	9	
1	1	9	2999	5	
0	65	6	1482	6	
0	45	1	983	5	
1	95	2	866	8	
1	96	7	837	3	
1	17	2	1912	3	
0	82	6	1676	8	
1	65	1	486	9	
1	36	9	3329	4	
1	39	2	1955	8	
1	27	4	1871	8	
0	95	7	2767	1	
0	56	3	1569	4	
1	50	4	1566	6	
1	88	9	452	1	
0	16	8	3263	4	
1	26	4	2621	1	
1	92	9	3846	9	
1	26	5	1927	1	
1	28	7	2520	4	
1	66	6	3793	1	
1	24	1	238	2	
0	73	9	1216	6	
1	66	2	354	8	
1	3	1	3665	5	
1	80	6	339	3	
13 82 22 30 26 53 97 10 153 198 43 113 44 53 69 181 4 200 16 92 42 164 118 112 158 181 55 165 71 13 83 164 32 111 74 122 40 100 100 170 15 17 28 92 20 20 82 129 151 63 147 200 148 197 67 94 59 36 124 44 89 23 156 66 141 126 81 12 73 199 104 76 146 152 9 140 80 175 19 154
30 82 34 36 195 114 200 56 54 183 193 84 83 99 4 27 196 178 115 185 44 62 30 122 6 186 41 113 187 8 58 109 138 115 169 24 195 87 108 78 1 168 186 92 173 61 107 125 99 177 85 153 124 71 12 40 175 3 109 96 83 97 102 107 183 73 118 96 25 29 101 56 43 188 80 137 79 69 74 36
85 94 178 25 49 140 21 80 87 147 55 72 163 107 195 151 143 84 12 198 102 127 115 118 118 32 100 115 177 116 56 37 111 151 11 66 141 68 59 72 26 161 182 26 177 4 82 124 150 132 27 79 103 68 177 19 52 62 177 168 36 57 27 153 141 64 12 106 115 104 177 168 113 45 189 120 48 130 129 194
149 17 23 189 3 54 33 118 128 2 59 65 117 69 110 177 57 85 108 23 25 200 24 26 94 74 144 115 43 71 104 46 125 37 169 119 82 92 114 159 149 93 194 6 121 144 125 160 62 56 60 16 181 39 60 89 96 188 37 52 173 102 59 160 82 40 83 112 121 118 180 154 27 181 12 163 39 187 129 67
8 64 116 145 37 69 86 37 52 55 191 71 52 194 88 67 76 147 118 44 167 65 149 176 61 126 143 145 91 22 91 92 140 70 175 168 33 23 31 59 131 113 69 176 113 192 22 163 111 10 51 114 155 107 103 33 133 19 10 12 101 152 128 177 93 44 42 47 22 158 40 151 162 64 94 179 4 123 165 52
82 183 64 14 63 66 49 162 70 176 116 198 136 161 174 188 159 56 133 54 98 45 177 140 13 40 114 16 57 139 13 42 160 85 91 137 91 123 167 183 35 87 64 176 82 137 147 8 190 109 91 33 144 59 95 130 50 24 128 146 6 124 149 26 130 79 85 175 104 117 76 56 33 30 141 123 66 77 166 184
51 62 131 47 122 175 86 79 129 70 63 49 119 31 185 37 123 144 47 158 59 44 12 155 179 118 152 177 185 131 110 174 48 143 126 155 34 115 146 87 23 131 189 100 99 132 129 115 98 11 65 152 186 184 99 24 55 134 109 99 144 72 156 193 28 116 193 31 82 152 184 193 100 151 128 13 138 138 170 39
173 106 3 64 192 95 41 56 192 102 32 184 169 86 108 58 87 86 85 31 88 119 157 23 3 86 78 97 159 66 126 33 179 189 107 5 105 195 4 11 98 169 119 64 6 196 185 127 30 190 94 150 198 5 74 135 31 62 27 22 148 167 142 35 16 94 190 110 109 190 77 65 22 142 40 190 142 51 99 168
200 89 27 177 25 34 177 143 10 29 187 15 51 163 111 80 186 73 11 88 168 142 38 17 163 46 67 131 37 139 183 40 94 150 196 57 23 45 22 96 80 34 140 116 33 125 102 107 91 98 25 24 160 1 46 135 124 130 169 56 103 117 76 9 5 118 68 194 99 32 188 108 55 9 112 11 29 105 104 63
166 136 97 195 124 153 172 27 161 82 145 7 6 171 42 136 181 22 130 165 63 35 36 105 90 29 139 86 8 171 102 55 192 41 130 110 93 150 197 122 140 76 109 136 190 64 93 56 133 157 134 47 70 45 91 87 185 188 150 121 100 55 34 37 88 107 109 149 186 62 120 69 188 59 170 48 93 166 42 125
84 29 59 92 173 126 53 15 8 8 174 129 108 31 158 53 199 46 98 126 55 52 198 42 114 166 2 91 166 84 93 8 99 10 10 186 19 141 104 139 133 171 32 35 1 60 109 183 173 152 11 141 122 4 65 47 63 60 112 16 159 106 82 192 84 120 108 140 83 66 131 95 194 136 182 117 119 136 62 145
29 39 85 172 6 184 183 166 106 17 133 3 162 115 66 78 83 159 121 110 33 73 55 84 22 56 73 86 151 99 38 133 101 44 56 163 121 148 78 144 188 189 2 104 138 40 39 181 199 90 44 80 23 14 76 21 186 75 84 168 132 55 93 195 181 7 77 106 176 116 83 41 17 167 69 137 147 56 64 70
195 133 31 121 55 17 44 173 190 25 82 48 161 72 142 63 144 154 163 137 5 187 191 5 166 40 1 15 178 108 21 3 159 192 8 70 182 79 124 142 104 16 167 79 178 26 160 55 118 172 10 43 176 111 181 128 175 8 86 83 172 11 80 166 132 47 144 154 103 171 148 33 49 131 164 175 192 39 147 10
40 63 87 99 1 154 151 36 148 108 196 40 118 8 14 172 93 1 139 47 36 118 192 125 170 109 107 76 30 185 172 134 128 91 160 145 27 131 151 27 71 42 188 20 114 120 53 112 38 96 34 55 3 54 34 17 76 124 7 171 12 76 38 109 93 57 23 84 33 162 35 103 61 128 156 126 93 7 79 189
4 43 114 28 49 149 110 67 37 187 154 64 170 72 175 46 197 39 112 190 189 187 52 184 96 109 151 189 81 184 162 126 114 160 157 161 105 3 54 122 27 172 103 94 199 58 37 73 14 46 43 38 181 157 93 126 165 167 170 111 47 178 184 133 184 98 50 82 180 143 52 18 154 120 17 65 136 178 5 161
3 136 122 130 111 46 165 72 118 58 1 187 140 94 73 124 68 199 98 152 108 66 36 16 101 43 81 16 107 141 16 100 19 98 44 57 75 130 152 81 50 122 59 173 113 57 112 21 140 177 150 129 165 69 109 26 139 173 174 194 76 5 165 141 166 111 188 122 181 155 38 161 136 70 131 62 4 32 7 135
169 44 91 3 39 126 178 58 155 136 132 149 10 74 49 157 22 99 22 54 174 193 103 33 136 183 7 79 139 34 83 30 172 150 127 151 141 195 9 130 71 107 158 128 92 107 165 78 157 60 196 19 102 150 32 48 17 199 118 64 4 49 63 179 88 176 67 57 189 87 51 123 40 114 110 142 95 148 123 174
3 26 143 114 187 73 121 26 77 189 109 17 126 115 130 167 103 1 52 134 77 32 74 153 70 147 73 92 112 5 10 132 94 187 189 58 194 147 36 43 132 3 185 104 166 67 124 102 196 40 74 120 127 143 36 102 187 4 159 9 12 10 70 122 90 45 190 132 91 147 52 175 6 144 192 200 75 10 64 4
74 29 61 93 118 142 4 81 15 98 192 6 42 143 161 91 52 1 25 151 177 47 22 133 139 72 82 198 86 23 5 3 56 45 144 59 147 138 8 51 175 162 60 89 56 165 30 105 25 107 169 140 63 72 84 108 3 157 47 33 138 188 95 62 197 24 6 71 70 87 1 119 76 109 16 155 70 88 95 28
141 136 137 67 116 178 97 68 111 134 126 169 39 192 10 8 152 199 12 137 185 139 11 7 123 116 118 112 63 95 116 73 55 107 166 104 71 83 178 161 92 179 79 148 160 77 128 163 15 143 162 3 198 147 81 84 52 108 25 43 142 45 94 38 23 30 175 30 141 152 3 121 86 127 157 36 151 40 131 165
126 146 9 115 129 148 73 76 187 93 41 95 172 182 119 86 189 146 130 68 145 67 69 185 200 64 43 30 180 37 22 171 126 30 11 155 162 172 69 186 167 7 18 47 103 132 70 112 174 79 86 124 120 45 94 83 185 126 120 75 73 200 159 104 16 145 160 195 11 99 132 87 166 166 6 190 63 170 186 191
143 95 40 112 196 24 29 75 185 145 116 86 51 90 33 100 176 185 121 151 97 99 98 139 117 159 23 10 64 93 44 141 168 66 85 44 136 27 2 189 198 50 22 186 119 77 171 129 23 25 107 91 152 137 99 116 99 180 190 52 101 83 36 55 33 180 26 183 42 192 103 59 60 180 173 115 135 151 75 77
144 170 21 120 1 57 45 113 145 136 118 136 42 128 73 171 111 118 68 9 86 142 72 195 98 41 43 76 23 168 198 111 76 161 192 200 90 46 101 56 30 50 155 65 194 29 106 13 79 63 165 31 136 82 84 28 197 182 77 46 78 194 179 71 63 143 51 101 124 117 168 78 65 172 96 49 152 87 182 49
96 146 79 199 153 141 133 29 182 34 142 135 192 164 96 23 78 110 74 168 88 195 71 143 3 92 119 174 190 94 127 38 71 150 25 68 87 194 66 149 30 29 180 116 38 178 44 65 89 19 14 77 186 93 131 33 198 159 133 36 161 26 85 124 11 194 98 164 117 167 167 153 165 86 66 127 39 64 1 164
148 160 75 117 168 185 75 26 42 193 39 128 11 35 195 61 160 63 121 17 12 145 155 88 43 109 55 150 79 163 58 190 14 32 33 114 157 57 122 52 184 49 152 34 52 19 103 95 190 96 172 37 39 63 129 155 166 143 198 135 176 168 6 158 196 199 121 181 23 74 94 12 25 108 116 5 189 131 20 52
102 179 188 165 161 101 29 20 47 36 95 26 58 46 88 56 135 168 95 108 87 182 41 79 182 151 29 191 20 125 93 193 98 50 7 136 87 102 189 84 21 74 50 54 78 78 66 179 122 170 104 38 153 119 184 26 115 138 71 147 48 119 194 116 125 65 80 61 32 104 138 62 185 165 123 10 140 152 27 2
107 162 185 155 69 194 32 197 102 50 108 68 129 53 149 49 198 94 133 114 170 70 45 61 9 32 136 90 175 24 43 34 115 36 91 161 198 121 138 123 96 166 87 18 35 169 56 26 103 59 21 77 11 111 36 192 30 136 5 119 123 9 166 71 132 181 69 82 37 75 130 143 112 185 10 113 193 19 146 122
147 193 181 140 169 123 21 183 186 14 186 155 73 136 149 22 115 184 94 4 149 8 180 4 174 24 35 189 130 73 21 193 160 62 78 160 119 155 125 74 8 65 130 141 176 71 69 161 144 74 28 9 116 142 7 159 59 36 189 129 94 147 171 126 111 132 29 117 83 190 182 63 108 81 122 173 135 193 150 90
98 187 149 27 152 64 186 98 79 121 18 163 4 131 80 78 64 51 139 22 26 131 85 116 190 97 92 56 128 6 186 28 68 176 80 192 18 69 139 102 170 39 197 120 92 182 115 147 67 163 5 181 139 176 100 159 140 17 96 123 179 101 75 143 122 16 5 132 76 133 140 49 198 58 149 80 123 83 62 18
103 142 182 73 1 55 198 98 65 128 47 126 166 82 49 53 161 121 115 124 105 71 16 35 52 139 58 62 157 154 184 42 118 78 182 84 115 183 116 161 158 160 39 130 171 108 36 29 7 169 108 142 44 150 98 197 199 57 106 153 69 81 80 81 112 67 192 42 19 197 18 132 107 98 97 88 140 81 142 73
70 167 3 163 134 136 35 155 101 97 58 191 161 94 90 73 143 72 118 58 41 135 116 163 111 106 193 69 33 174 56 158 66 35 7 45 84 140 95 151 179 198 3 90 127 114 184 133 114 157 55 61 143 89 87 117 153 103 186 188 196 193 159 36 197 97 147 66 79 107 42 91 70 12 193 170 3 175 101 24
80 135 46 178 144 199 166 125 157 177 96 115 99 74 110 167 71 53 51 135 167 193 3 191 42 45 75 134 182 196 38 76 4 67 134 155 81 62 78 42 25 46 193 90 28 121 39 108 88 179 91 149 186 180 116 112 39 134 184 200 10 84 69 2 100 142 79 55 92 99 193 112 4 75 70 113 188 20 170 162
83 130 183 153 98 146 26 111 87 104 25 47 190 57 164 198 200 117 131 161 156 199 178 122 86 133 107 87 9 4 114 50 153 187 169 184 168 161 67 13 72 17 41 146 17 65 195 37 102 135 153 191 55 13 154 188 38 101 68 49 180 13 36 110 89 57 51 188 145 130 21 166 194 171 94 162 30 63 30 95
103 66 65 109 110 179 8 191 95 77 155 167 51 176 16 104 127 27 95 142 173 143 75 139 129 139 43 100 188 22 17 44 99 84 10 129 46 141 25 119 35 62 8 197 118 109 164 173 99 150 147 170 11 183 48 113 56 121 182 11 69 110 184 124 40 150 48 137 189 87 179 45 76 197 38 167 146 50 40 103
13 74 47 197 18 152 25 180 19 36 159 157 71 166 130 65 24 84 63 53 37 5 159 58 76 194 91 86 176 25 48 108 55 145 31 16 185 14 13 24 20 43 32 114 175 191 167 196 199 77 128 129 2 118 194 162 4 91 115 73 155 197 37 101 188 165 104 116 12 54 191 68 36 138 186 142 101 144 155 42
177 12 77 16 151 36 53 149 25 63 119 18 65 4 128 47 195 23 1 17 166 114 52 7 39 32 182 156 22 4 121 53 173 124 118 55 186 123 179 73 179 57 127 117 169 24 47 58 190 76 36 170 177 45 26 166 70 180 39 106 165 105 197 108 35 36 171 166 173 162 61 51 28 142 187 104 190 167 93 140
153 200 87 26 159 101 154 174 109 168 156 2 24 83 144 177 27 3 131 64 142 26 19 48 130 96 45 44 37 108 177 73 142 9 110 182 21 138 198 118 81 95 124 161 99 159 8 89 91 129 21 151 94 174 26 8 4 1 181 165 160 97 63 75 143 10 182 89 4 45 78 168 193 64 71 132 87 78 120 48
51 99 105 168 104 188 5 34 45 151 194 134 161 100 31 188 143 193 191 101 18 54 137 129 122 129 97 110 151 82 181 170 90 29 109 59 124 194 62 135 161 51 50 90 187 186 144 48 181 129 159 10 157 84 115 47 170 71 20 137 196 81 9 93 24 88 37 68 13 84 167 179 7 4 14 124 44 186 86 108
96 168 97 113 160 78 51 156 68 147 91 1 76 142 145 45 129 76 84 13 128 59 195 59 61 70 152 88 2 76 102 4 130 175 170 175 69 34 59 148 30 75 185 20 117 43 71 100 92 131 181 56 155 101 1 81 200 14 114 133 88 18 165 159 169 146 74 49 88 4 102 146 159 120 195 96 171 92 39 183
104 198 135 94 66 168 39 96 140 175 185 153 61 157 14 13 122 89 34 16 82 21 88 75 138 106 199 127 182 124 176 144 103 92 94 95 19 100 1 195 75 30 47 56 32 184 2 19 179 28 200 104 71 100 69 85 39 15 55 72 125 107 98 177 128 133 172 148 23 174 109 165 105 62 27 23 91 107 138 93
57 128 11 93 157 104 91 117 173 180 185 83 54 108 101 94 78 102 136 116 98 116 169 100 158 7 138 138 22 85 146 200 164 22 136 45 46 181 162 90 132 191 18 83 180 3 16 70 75 153 26 173 52 152 126 127 64 160 74 94 20 63 145 25 124 83 190 99 23 84 118 101 147 10 198 144 86 170 168 94
149 25 109 165 68 159 14 2 82 105 47 52 195 97 132 166 196 127 135 124 161 46 116 39 23 129 75 117 142 124 19 132 74 46 141 51 181 191 104 51 104 64 176 107 187 143 63 169 139 86 186 50 148 103 131 92 112 115 83 190 191 150 53 21 91 12 121 166 157 156 81 12 22 109 68 46 41 137 98 194
6 42 9 161 168 177 130 26 52 8 21 159 35 45 190 200 153 188 9 5 180 125 142 38 180 87 25 172 169 84 74 188 185 70 147 187 38 175 10 151 24 114 1 36 84 17 138 17 12 109 172 127 77 124 58 72 140 22 163 98 28 44 51 180 100 27 24 11 178 65 173 117 85 15 179 41 97 54 170 56
14 182 8 72 146 132 51 152 5 136 146 22 172 158 69 192 112 121 48 139 16 19 76 187 170 7 120 38 66 163 198 77 193 23 52 27 48 81 60 161 13 199 134 107 6 171 158 113 188 68 120 58 83 94 155 109 159 186 91 53 52 158 127 195 21 89 10 109 199 41 2 182 1 53 73 11 121 132 103 189
5 160 68 58 39 177 143 107 123 109 64 31 1 117 100 129 161 35 180 179 74 177 58 10 166 139 100 82 146 197 8 127 181 65 154 169 103 193 115 154 51 49 82 54 133 110 134 130 160 68 14 131 155 99 73 193 112 29 130 38 191 41 14 1 25 110 150 188 142 5 58 196 156 77 49 105 21 103 178 157
134 146 68 133 44 195 27 197 44 150 164 39 1 96 170 181 151 95 72 161 168 180 102 200 63 69 13 29 168 165 43 45 48 97 37 192 99 47 69 115 173 139 52 23 38 162 135 28 104 169 47 26 97 77 157 98 52 66 20 82 71 192 136 92 140 88 171 140 80 85 161 121 34 169 66 80 59 124 5 110
60 112 155 23 159 159 156 200 55 35 110 65 197 53 191 18 19 16 67 32 58 91 64 108 78 155 113 147 52 46 121 27 123 99 4 167 191 33 120 43 126 45 155 81 126 143 35 150 59 11 182 136 42 140 49 59 125 184 88 96 110 113 101 153 133 112 73 102 44 22 20 11 176 49 72 178 57 16 56 165
51 186 72 142 14 164 70 30 25 102 95 93 169 148 25 61 55 185 72 10 51 33 15 10 2 80 67 171 197 16 169 100 52 199 65 135 173 73 175 188 71 117 43 138 10 184 149 54 66 127 68 53 142 25 128 32 7 87 193 24 125 148 125 12 73 93 12 84 157 190 27 177 23 72 87 69 120 38 171 69
33 10 149 154 8 165 103 19 165 90 4 33 176 194 131 131 11 93 93 146 147 193 64 183 173 128 64 1 192 173 98 194 81 10 83 14 33 36 63 169 121 193 28 59 164 188 111 120 49 39 69 3 194 134 184 78 69 137 159 94 85 57 71 102 44 151 163 145 179 179 49 173 138 171 184 119 110 110 47 161
27 144 89 92 16 162 54 16 199 72 192 101 108 173 57 83 137 176 185 9 3 28 64 135 122 158 19 41 169 10 160 138 49 82 97 103 24 150 45 141 123 129 51 125 52 127 105 96 196 178 172 34 125 142 170 104 79 82 183 197 171 191 28 183 188 23 53 71 178 51 152 3 96 106 115 57 10 132 167 128
60 4 19 104 13 135 8 177 2 124 164 112 140 188 16 93 57 1 140 67 154 24 59 11 14 151 146 53 69 93 161 161 184 34 73 11 108 191 95 108 89 2 63 162 145 64 106 173 145 17 125 117 107 52 200 105 18 149 167 190 12 129 177 193 151 27 147 11 154 37 29 87 116 148 158 130 129 166 130 186
143 52 124 25 157 191 53 102 53 45 149 32 92 151 119 184 127 3 23 16 149 119 86 191 89 140 176 18 103 177 139 200 108 105 117 61 197 24 15 127 13 158 66 80 161 191 142 199 140 95 42 41 8 198 94 59 3 127 104 149 99 200 19 102 194 161 174 106 14 154 22 145 123 90 170 154 123 70 168 82
109 200 13 75 153 144 138 84 70 63 120 10 18 128 196 79 116 43 126 8 62 37 79 158 40 150 40 45 98 157 192 186 44 108 74 154 7 8 120 155 41 20 140 17 8 159 43 79 152 6 171 188 2 135 82 156 142 157 26 124 165 7 32 122 182 192 104 180 28 96 114 81 10 72 30 157 195 44 141 173
83 180 182 63 179 121 150 79 176 69 144 101 35 14 42 139 157 177 98 197 11 186 74 54 32 75 166 190 68 195 93 52 199 14 15 181 194 80 192 184 62 31 196 120 190 146 132 74 1 88 8 164 168 105 35 111 116 140 69 190 30 45 4 7 171 44 63 164 45 123 14 103 102 141 175 26 61 126 12 116
179 154 65 116 95 138 143 97 79 23 152 53 77 92 106 3 111 30 4 48 153 3 187 21 112 41 20 54 102 166 114 22 35 138 158 57 133 54 40 29 32 159 124 57 123 140 85 65 20 109 145 6 35 147 11 178 93 147 161 193 147 178 83 36 160 82 101 46 181 174 135 102 51 127 10 194 137 64 94 80
177 43 30 139 60 45 30 74 124 33 8 35 178 88 60 133 61 89 163 170 62 122 47 115 148 13 35 14 123 108 165 32 117 76 154 96 35 126 165 123 109 79 60 26 125 168 104 168 185 90 129 162 101 195 107 131 187 63 43 156 148 105 143 82 166 167 193 114 25 134 179 115 10 152 120 158 151 65 159 26
159 116 175 166 156 59 39 185 15 6 131 30 138 129 87 160 77 125 143 123 200 142 131 11 111 90 8 33 131 29 1 16 81 178 171 135 13 167 35 152 163 18 120 59 106 48 128 118 33 131 27 2 195 7 131 15 138 36 118 69 178 56 142 191 179 78 118 179 18 67 137 51 153 3 8 17 178 177 83 24
67 12 117 192 109 21 28 110 106 37 162 190 4 183 69 86 150 182 181 95 4 40 26 67 86 35 43 170 169 190 37 42 136 127 190 170 56 133 88 22 1 122 104 19 104 91 145 85 48 20 89 55 106 186 117 15 87 92 189 51 7 89 34 15 173 117 84 100 79 54 172 98 158 103 66 61 32 18 170 94
27 67 2 6 193 102 94 68 171 175 86 57 59 23 119 13 64 84 56 175 182 9 163 113 83 41 55 54 91 151 145 195 173 200 143 10 159 169 88 186 150 113 121 3 148 135 176 31 163 112 60 175 140 60 57 136 170 114 66 134 146 1 99 126 27 187 82 65 17 37 137 145 130 9 109 93 33 64 52 178
25 181 147 39 78 74 130 124 189 161 187 26 126 32 23 78 57 81 119 190 48 134 158 20 196 46 79 163 4 74 188 62 24 155 186 70 164 191 53 90 66 92 133 192 23 186 3 80 47 102 60 49 178 147 182 194 120 51 130 152 134 174 120 139 76 58 111 196 3 38 128 61 193 12 8 65 197 70 154 50
140 197 137 22 63 154 113 29 173 26 95 1 169 167 85 6 88 117 131 124 146 78 134 78 112 40 192 60 39 175 188 175 146 31 20 91 90 9 79 185 141 137 71 100 1 86 192 44 93 93 136 174 161 62 5 187 130 187 38 85 18 49 138 133 164 38 184 100 38 76 136 143 159 183 6 125 1 89 191 76
3 7 158 74 116 196 46 63 15 74 116 136 123 154 96 12 90 6 158 73 169 35 48 135 50 86 71 148 50 199 175 162 37 146 165 189 159 127 173 32 106 170 184 115 105 53 14 156 45 97 200 192 135 170 123 88 53 135 73 82 156 51 83 89 161 75 124 164 138 122 189 187 62 150 10 189 198 113 50 125
139 28 105 63 74 154 170 187 14 39 74 157 111 60 22 104 124 109 31 45 65 186 181 36 145 3 185 170 32 34 16 107 132 187 162 179 57 19 162 11 152 162 97 110 80 64 154 198 55 129 34 175 154 35 182 45 162 118 155 157 75 167 38 46 40 70 38 159 49 51 182 128 102 96 185 182 3 85 150 106
84 43 52 195 92 174 27 30 56 3 102 60 176 86 180 102 50 111 163 104 189 96 192 139 138 89 120 67 58 152 106 74 181 169 180 14 16 169 12 145 140 28 178 34 21 47 175 156 86 106 134 180 90 136 7 126 109 83 189 20 101 181 22 63 194 40 30 3 116 40 150 37 155 198 50 149 176 193 13 26
198 78 171 166 40 69 81 130 196 65 177 158 39 193 107 5 52 164 124 141 164 143 44 70 27 38 165 190 151 56 154 70 75 191 68 15 139 102 51 91 41 176 53 95 7 97 176 76 93 189 61 191 15 19 199 130 197 117 24 10 116 68 96 118 7 45 137 18 37 200 5 89 12 84 169 80 79 120 23 67
175 99 22 139 87 197 30 79 82 30 109 98 187 144 134 169 200 111 133 191 83 21 179 126 57 132 148 34 67 93 178 62 196 94 102 185 162 59 89 100 154 114 84 125 86 74 3 158 36 22 144 200 66 102 9 19 126 106 191 130 79 16 147 191 148 79 33 23 76 190 109 128 138 28 51 193 125 130 53 85
8 143 110 108 148 18 17 146 60 95 111 38 69 102 85 102 88 148 8 16 199 189 156 93 126 7 179 183 119 193 56 117 79 152 92 42 174 33 43 38 157 169 40 133 116 120 42 115 35 17 78 97 130 178 56 4 4 10 68 96 175 137 43 167 128 164 133 41 105 106 123 170 26 174 193 26 190 11 187 118
44 2 93 33 32 10 123 110 196 71 88 172 34 134 186 144 200 123 85 79 177 118 64 39 96 143 99 154 189 14 116 175 140 155 164 132 64 149 75 89 57 102 161 197 170 96 172 113 200 147 70 109 20 14 8 175 137 194 153 39 148 2 179 125 64 97 45 62 99 176 1 142 197 156 4 81 36 128 98 69
88 150 70 6 95 57 51 192 31 116 185 21 159 3 32 131 34 49 43 5 183 55 126 67 18 22 92 123 55 191 179 63 146 3 68 27 119 99 124 63 10 165 48 173 199 165 97 128 124 101 87 192 120 160 146 186 168 67 68 177 85 98 162 32 82 175 35 1 51 200 43 194 59 100 26 43 43 61 19 157
81 199 50 19 71 7 109 108 22 25 4 170 176 31 153 189 90 10 88 3 149 158 61 107 76 188 53 145 70 11 124 115 183 40 105 103 178 91 61 135 173 17 119 11 81 4 2 157 10 27 140 127 61 114 30 98 82 168 122 137 154 85 198 24 129 174 170 152 61 5 125 76 90 95 199 35 149 49 34 183
27 143 166 51 113 163 142 117 113 100 195 11 108 71 127 120 119 32 77 7 42 124 148 139 162 90 147 61 158 136 166 188 28 96 128 195 166 117 53 98 41 145 177 144 196 161 200 68 169 35 6 22 133 113 12 21 54 133 75 197 189 192 81 92 197 149 110 99 53 185 34 122 145 163 24 173 6 30 189 110
120 176 142 110 66 15 5 155 16 184 68 101 13 31 152 109 59 70 104 95 198 14 191 57 70 199 177 1 183 69 197 108 11 165 140 129 176 200 22 21 19 180 28 33 13 163 150 80 118 198 113 25 161 194 182 37 41 169 81 114 195 55 127 191 169 175 166 10 156 166 125 151 139 112 97 98 115 126 73 118
87 29 111 147 169 118 147 35 87 188 174 8 12 69 69 76 4 141 124 89 37 27 55 101 121 7 69 117 127 63 69 60 35 98 25 173 174 128 8 126 118 43 187 12 139 176 143 181 165 108 175 171 8 120 167 92 91 127 60 28 19 170 162 194 195 46 37 44 154 1 128 117 19 103 109 24 111 35 38 107
84 103 132 179 145 165 189 89 199 144 121 136 147 122 84 183 81 19 97 161 187 14 132 89 43 102 45 143 117 42 49 48 19 75 50 35 110 37 72 37 52 36 36 55 102 194 185 136 28 200 137 83 166 70 79 92 153 139 139 179 200 186 12 42 42 194 100 143 197 159 62 34 181 144 63 16 184 69 105 76
138 199 62 151 14 191 85 23 47 18 68 160 192 65 152 11 60 163 6 189 172 105 74 58 26 5 163 191 176 20 168 178 93 68 200 121 39 141 64 135 47 47 11 167 98 146 184 190 181 67 38 191 73 14 142 85 101 75 77 53 131 39 64 145 61 21 12 82 163 63 16 129 38 34 134 180 65 28 84 95
145 43 167 91 108 145 74 85 25 1 88 93 154 178 165 169 58 178 80 30 66 24 25 38 14 100 25 10 165 36 23 112 91 26 152 60 54 189 24 178 161 133 171 43 54 181 10 30 143 19 41 104 192 105 48 124 167 14 137 45 182 168 38 86 36 83 192 112 15 152 33 197 122 4 94 61 165 110 122 167
75 163 176 66 189 112 49 96 97 196 158 48 53 71 178 4 68 38 175 118 56 76 174 49 141 62 15 143 65 21 34 31 142 14 193 65 193 169 173 104 136 14 23 124 14 110 13 167 151 73 176 137 78 8 3 138 24 177 91 25 117 59 3 122 182 8 156 78 27 30 181 192 64 116 164 107 166 30 97 105
161 63 126 9 118 148 83 90 141 195 109 21 37 14 110 58 93 33 18 60 133 42 125 45 82 103 155 162 151 199 73 168 17 48 77 109 187 110 38 36 137 195 98 163 177 51 28 137 139 9 162 176 74 195 100 42 133 176 115 29 42 193 128 199 104 150 53 144 79 171 109 19 119 20 26 35 58 139 182 70
171 186 176 178 138 118 200 192 54 109 39 182 195 142 165 162 55 112 177 14 142 177 17 68 163 102 99 5 124 64 1 186 199 50 167 62 135 66 169 4 59 53 74 73 128 126 59 198 46 140 96 129 180 137 71 176 138 97 53 45 170 156 43 100 7 172 178 198 127 121 65 119 172 69 172 74 124 192 15 155
134 124 36 86 162 1 174 108 172 188 157 1 126 5 70 86 127 42 37 7 13 191 152 108 190 71 35 73 127 177 185 41 20 176 80 48 145 153 86 48 118 109 147 19 75 62 48 33 181 10 153 80 51 50 13 123 127 157 167 184 114 157 198 42 72 45 117 114 58 138 86 70 123 108 171 164 9 115 192 28
95 109 104 56 90 23 152 93 75 62 15 90 72 33 16 56 167 139 17 3 103 100 3 106 13 3 68 69 168 81 161 50 131 13 148 114 59 77 93 78 118 66 3 167 157 87 118 2 70 186 113 70 5 117 55 72 129 155 52 189 119 26 21 94 155 80 93 38 65 33 32 57 109 86 195 188 73 112 114 74
