10 	
79	92
1	3	1	13	7	
0	8	2	15	2	
1	6	5	3	6	
0	7	4	17	1	
1	5	8	5	6	
1	6	9	14	4	
0	1	9	18	5	
1	3	3	14	1	
1	4	4	13	2	
0	5	5	7	7	
121 33 182 188 152 158 7 28 151 97
40 190 182 92 5 187 179 169 128 66
63 182 92 83 111 30 18 107 28 191
168 112 91 13 155 109 181 51 24 107
146 14 23 44 8 131 58 172 147 190
60 1 163 62 2 21 11 95 58 133
28 89 197 71 193 172 104 122 60 84
30 26 173 108 160 143 199 187 26 155
186 178 72 107 80 51 76 125 41 19
71 165 54 146 68 115 198 85 145 181
161 8 189 60 131 87 94 157 11 109
