60 	
25	30
0	42	8	3225	3	
1	10	4	2314	8	
0	9	4	4218	1	
0	80	9	769	6	
0	75	4	1199	4	
0	68	9	4130	1	
1	87	6	156	2	
0	7	5	902	6	
1	76	4	3080	6	
0	49	4	2318	2	
1	13	3	1313	3	
0	43	1	3893	9	
1	51	7	3941	1	
0	81	2	1213	5	
1	24	1	4332	2	
1	63	3	2594	7	
0	78	2	4261	4	
0	83	2	1244	5	
0	35	1	4216	3	
1	74	5	3096	9	
1	43	2	1664	6	
1	18	6	214	5	
1	59	4	886	8	
0	76	4	435	5	
0	66	1	1302	8	
0	33	5	3286	4	
0	71	2	3318	9	
1	26	2	1664	9	
1	71	9	1936	8	
0	98	5	3311	9	
0	94	7	3425	4	
0	14	6	2948	7	
0	75	6	1073	6	
0	71	3	1903	4	
1	86	4	1110	2	
0	36	1	788	9	
0	32	5	3418	4	
0	95	3	2661	3	
0	28	4	102	7	
0	62	3	4591	7	
1	29	1	1547	2	
1	76	8	3823	9	
0	79	8	2187	6	
1	17	8	1465	5	
0	32	1	497	2	
1	39	7	1034	9	
1	10	1	2125	9	
1	30	1	536	8	
1	24	6	1884	6	
1	4	1	299	8	
1	48	3	784	1	
1	90	7	663	5	
0	5	4	2733	9	
0	74	5	3892	5	
1	96	5	2597	7	
0	90	2	2028	6	
0	87	9	4519	2	
0	9	7	3591	9	
1	26	2	1784	3	
1	42	9	1920	6	
65 74 70 37 97 103 103 24 149 83 191 166 140 194 20 11 198 143 133 195 19 162 47 12 148 123 200 12 21 76 13 115 129 96 200 129 127 137 120 14 97 116 69 115 170 122 114 34 33 26 179 130 23 111 118 30 159 195 3 33
173 96 15 8 115 15 36 147 131 32 96 45 110 96 104 61 61 142 27 112 17 124 132 66 33 74 168 7 112 191 160 97 19 119 191 155 90 94 13 165 183 119 59 57 130 107 160 117 147 178 16 107 164 165 169 171 154 115 145 53
134 156 24 115 58 113 200 7 32 139 66 67 33 127 192 159 150 74 49 15 157 158 66 33 53 120 15 29 146 178 165 154 27 77 81 161 54 151 58 116 40 97 9 153 27 157 84 163 91 93 6 74 142 70 136 56 124 198 31 42
29 51 106 98 135 112 136 14 57 38 134 190 78 74 47 79 101 154 146 58 29 7 69 156 184 87 35 119 158 23 146 193 40 139 100 24 71 169 55 115 56 53 132 1 170 105 4 116 126 103 123 157 94 184 195 153 24 80 87 140
53 158 87 71 8 7 77 71 152 99 48 116 33 57 147 130 186 144 186 77 173 68 22 197 45 168 169 36 155 148 77 39 144 111 6 143 42 88 140 47 114 188 124 79 198 196 163 182 126 34 126 87 18 139 127 66 147 32 36 154
129 127 37 125 3 119 97 9 20 111 93 61 98 121 64 109 169 14 137 23 10 145 133 135 42 36 91 177 101 186 169 91 136 159 186 49 95 185 29 196 95 120 36 157 9 35 100 14 167 131 23 152 140 54 117 41 106 104 40 51
23 110 112 195 154 84 35 150 177 137 100 11 38 158 176 199 109 113 122 45 48 52 144 12 155 49 185 200 42 153 93 166 11 107 6 134 170 150 124 180 13 199 61 127 93 29 121 184 162 2 93 184 75 187 71 77 132 138 135 64
169 182 19 145 55 110 82 113 128 99 195 142 64 188 197 172 89 70 50 198 143 171 152 133 66 28 65 134 122 48 88 9 144 20 41 157 188 125 67 65 151 50 18 118 161 79 109 31 105 66 161 198 40 20 113 121 130 137 194 198
17 68 124 22 123 4 105 77 63 40 92 97 64 66 160 107 91 107 42 121 191 170 193 178 102 194 158 98 169 37 13 77 119 10 64 94 193 187 85 13 181 184 20 43 181 160 55 124 147 82 48 11 23 102 23 3 138 90 22 152
8 30 177 37 115 85 83 124 118 26 8 171 118 2 20 180 28 51 200 188 85 17 145 189 170 136 114 178 149 1 143 35 45 26 136 161 69 103 71 113 195 74 64 74 69 178 26 157 18 23 78 124 70 37 164 61 121 134 16 120
2 30 178 52 149 59 175 113 108 101 17 162 103 99 118 120 153 122 173 142 26 156 154 135 183 76 18 121 175 44 44 151 51 49 38 179 51 121 42 182 183 57 116 182 135 45 40 180 188 55 79 8 116 192 158 122 168 178 138 79
176 111 152 20 24 183 80 85 173 29 37 84 30 137 160 128 193 85 187 30 60 15 199 171 107 15 172 163 52 28 131 174 145 79 34 25 7 56 75 17 28 18 139 3 109 11 107 18 70 197 57 85 109 64 48 182 120 38 53 107
51 198 106 181 66 117 153 2 194 152 47 181 78 63 122 39 185 79 170 184 156 28 60 186 45 56 180 134 150 72 138 147 150 120 106 90 118 25 170 152 25 14 78 114 83 107 158 22 118 2 35 81 158 114 131 64 132 151 154 97
69 144 77 89 7 195 182 94 143 29 52 186 47 131 114 179 188 96 54 21 35 114 151 45 46 74 45 112 110 108 47 32 48 56 73 127 58 66 16 64 15 127 109 57 177 144 52 125 173 9 104 196 151 118 106 66 163 125 95 32
154 177 13 29 193 178 177 122 53 68 61 154 74 99 14 200 102 107 156 170 69 122 87 111 61 170 184 14 170 72 171 7 175 130 117 189 120 188 51 81 190 89 3 33 181 32 82 30 43 160 61 51 190 160 15 81 183 180 113 128
48 152 186 98 141 166 71 150 43 100 141 176 148 51 195 48 36 38 86 22 133 122 55 14 139 197 42 20 130 14 106 92 117 43 57 64 195 42 55 130 120 122 9 193 61 27 34 74 114 52 64 91 140 177 145 59 11 15 25 74
22 166 57 170 95 101 101 162 13 175 139 35 123 170 155 111 40 68 172 9 98 34 157 29 135 30 18 25 200 52 85 22 169 54 179 75 116 108 80 110 26 105 98 88 137 175 120 111 65 167 122 18 24 23 177 32 29 39 199 71
20 48 197 144 18 101 172 179 135 119 172 26 29 32 48 72 151 142 158 155 200 155 50 21 61 70 181 70 49 146 110 200 77 34 62 180 86 49 67 142 73 139 141 91 166 47 66 163 25 122 146 19 192 25 66 30 71 69 44 40
5 139 120 180 77 16 81 97 165 188 158 140 66 193 6 191 108 10 181 88 129 167 193 125 64 156 169 87 35 194 83 130 24 66 121 170 28 3 33 196 174 22 4 143 140 64 90 123 22 167 148 1 30 78 21 195 47 73 82 130
41 19 74 157 147 142 45 138 190 3 194 128 9 34 5 102 197 94 49 43 170 133 198 22 111 5 121 31 98 66 114 110 58 57 52 85 126 121 68 109 59 29 41 151 3 39 130 112 112 192 79 23 28 198 90 12 114 196 195 107
199 86 15 79 108 80 52 188 28 108 95 161 173 153 190 37 162 105 68 33 48 104 74 9 37 101 98 5 70 60 6 190 173 56 111 127 181 1 17 95 75 143 87 84 44 45 192 83 53 41 123 178 176 26 10 32 142 167 196 145
6 38 27 98 38 172 12 84 153 53 135 50 17 52 46 31 191 54 177 112 75 145 187 116 109 9 165 143 106 145 69 109 162 170 49 13 127 104 190 127 120 105 195 137 196 4 70 106 31 167 4 168 112 155 41 55 10 56 148 13
22 136 10 175 31 25 37 57 75 102 108 44 73 87 45 11 55 2 164 166 11 69 140 171 12 133 96 148 138 42 51 72 137 58 26 90 7 119 22 47 138 17 122 125 79 52 34 163 61 187 4 3 12 156 159 130 148 65 113 89
40 46 152 147 69 5 4 132 29 31 23 107 96 186 143 136 137 73 44 128 193 152 33 46 147 95 136 41 52 197 73 39 18 80 180 183 153 109 150 123 84 173 166 129 119 21 45 171 159 159 183 91 35 144 198 99 112 190 67 23
178 165 175 138 166 171 18 179 34 166 5 180 48 101 13 126 73 119 121 197 159 55 55 137 95 131 181 122 36 97 56 184 107 113 58 69 49 42 11 113 78 118 97 193 22 190 108 144 160 190 18 168 102 50 136 195 33 29 180 102
145 103 134 23 1 85 53 191 107 152 55 174 33 170 110 63 32 157 135 107 106 77 93 94 49 100 58 39 47 190 27 19 167 150 24 180 114 42 126 137 32 2 48 24 113 163 121 86 102 4 146 29 147 128 71 94 198 44 97 23
164 5 122 20 127 143 10 47 27 173 7 46 149 18 154 132 143 41 75 107 92 171 117 6 158 119 160 114 78 69 179 187 78 186 163 112 105 40 23 71 104 67 165 98 119 38 131 187 120 166 83 116 100 180 67 127 155 88 51 34
29 179 179 114 7 53 144 6 107 55 65 25 97 175 51 77 60 57 104 86 38 129 6 65 102 88 173 27 136 28 50 17 158 183 36 149 39 15 104 50 198 167 55 6 91 108 147 99 87 63 102 12 154 104 166 184 143 50 98 55
184 154 183 148 165 26 141 133 163 156 194 195 31 64 134 60 182 14 59 179 15 30 157 66 107 58 145 3 20 74 32 30 56 42 154 46 56 27 121 66 12 86 193 194 127 197 8 166 198 157 170 21 106 175 139 188 47 27 4 48
135 160 139 102 4 76 49 10 158 78 189 45 60 196 1 26 34 68 44 7 112 32 25 91 179 36 57 147 154 123 120 40 142 151 160 124 89 180 89 178 15 91 9 116 121 105 79 76 158 12 88 87 156 179 61 41 183 122 116 126
120 27 96 75 197 109 151 76 3 102 120 99 143 197 148 64 13 167 74 56 27 188 124 71 144 28 123 107 58 5 25 108 197 43 82 83 2 100 21 102 23 103 85 82 19 140 85 79 158 170 39 179 143 105 141 94 71 186 56 131
40 26 140 69 50 99 173 151 95 20 96 87 133 173 8 104 83 159 148 165 85 49 37 124 6 81 145 30 51 86 146 76 78 89 56 130 178 162 96 122 133 153 65 147 102 49 85 123 148 154 16 37 123 110 137 52 106 133 165 167
35 135 23 130 44 178 51 53 89 175 62 77 151 35 5 126 197 187 94 153 108 106 63 58 69 106 176 193 185 19 28 141 23 94 174 152 182 65 191 113 8 176 42 23 112 128 87 147 75 81 3 18 74 145 109 177 25 82 40 94
159 53 59 186 145 143 32 186 131 48 126 158 28 127 115 31 153 149 104 26 37 22 40 162 131 24 25 183 143 10 60 98 53 26 52 37 31 113 50 3 120 172 7 139 51 20 16 58 27 14 103 85 133 48 193 177 194 112 166 189
126 126 83 158 46 136 162 143 110 159 30 133 75 24 123 177 160 176 43 102 24 38 59 8 30 143 29 137 62 172 140 144 184 196 85 30 4 192 192 91 45 56 182 22 5 199 93 110 23 12 170 71 200 169 19 48 5 144 163 72
189 8 162 42 68 75 148 55 78 27 111 21 3 153 200 107 133 176 8 43 153 11 170 81 93 114 178 194 171 192 135 99 157 153 74 8 78 172 15 153 68 47 24 162 9 113 151 70 175 177 128 51 7 197 61 170 124 176 186 30
119 171 36 52 116 168 161 116 55 80 56 104 134 81 195 134 118 186 31 98 194 96 173 21 176 6 140 157 40 13 7 17 52 135 190 65 58 27 181 83 31 188 185 79 160 63 41 127 193 30 177 88 2 162 27 48 142 99 136 143
172 29 95 38 72 170 78 164 15 150 52 74 17 196 101 50 190 36 164 100 175 182 40 33 104 182 149 19 171 120 9 98 100 36 148 124 93 84 132 33 199 21 84 72 30 32 78 123 199 146 6 184 40 13 50 2 166 192 155 20
129 98 68 198 31 23 85 78 45 151 90 181 99 181 199 88 21 181 100 13 160 11 22 64 108 176 24 90 67 114 68 35 86 141 122 88 42 126 75 155 80 195 92 108 36 82 53 35 39 155 151 26 194 58 94 160 15 119 37 150
70 189 35 153 14 182 100 94 182 131 64 136 9 144 173 122 3 2 200 122 78 56 100 49 3 62 127 157 191 8 7 124 114 97 181 87 192 133 117 10 53 43 129 146 112 133 80 8 151 81 58 198 54 127 46 34 50 108 33 87
166 129 22 38 30 174 160 196 54 33 107 62 69 122 155 61 83 88 100 137 171 106 54 59 21 165 167 197 148 36 101 29 29 123 105 106 166 183 160 155 196 2 104 169 122 139 13 195 129 9 122 120 141 148 60 128 166 159 140 141
187 186 120 92 172 2 38 20 169 11 1 163 90 199 112 68 93 53 74 12 178 3 66 73 70 89 149 130 8 115 121 2 97 114 77 192 15 165 48 171 116 145 106 27 100 8 178 63 93 97 21 176 140 92 165 56 83 58 76 200
113 56 4 75 143 105 13 147 15 17 120 15 173 27 13 36 60 10 6 128 134 128 93 134 168 136 20 176 81 2 113 156 175 136 27 99 200 30 200 137 109 46 96 111 5 44 31 118 98 56 174 109 95 199 125 183 8 179 138 26
76 187 132 16 112 28 42 20 187 82 109 31 9 176 148 65 68 12 179 121 132 41 102 71 78 31 26 189 28 19 134 182 123 190 87 69 166 162 21 27 20 98 143 85 38 124 174 39 51 50 111 176 7 91 121 83 130 50 72 161
37 56 16 146 110 72 172 154 70 39 144 92 160 192 155 108 190 125 87 38 134 66 177 78 165 100 68 179 150 67 39 80 121 135 84 81 192 24 53 16 179 165 134 78 92 8 53 25 5 164 123 153 191 73 127 168 137 21 173 199
5 199 36 132 187 130 178 32 133 176 57 60 143 40 50 59 170 78 50 2 94 127 46 168 178 179 145 182 13 8 22 157 111 53 142 12 181 1 76 41 139 12 106 40 32 121 54 132 193 70 122 52 12 81 195 20 104 177 76 37
141 54 58 84 167 83 112 79 104 31 74 141 200 176 136 130 116 46 67 93 102 107 3 26 65 72 182 190 165 189 158 161 78 190 190 150 14 76 52 165 122 179 185 57 130 113 25 7 57 62 127 158 190 57 22 25 82 71 29 5
152 16 94 120 136 80 145 96 131 57 8 173 71 146 174 126 117 41 197 180 182 157 135 94 153 17 109 149 59 107 190 199 194 149 197 60 89 172 89 103 96 47 8 97 27 146 63 124 144 97 43 85 79 46 96 9 36 37 149 28
130 143 19 117 3 48 85 108 120 193 30 21 131 26 160 92 135 2 188 77 179 97 185 184 5 83 100 54 78 189 95 174 148 163 83 34 163 113 35 42 126 51 130 68 148 199 20 49 47 170 124 89 5 60 181 163 177 72 118 68
196 99 38 191 149 118 67 20 4 140 53 17 174 152 138 7 80 43 144 169 48 144 19 109 82 127 61 143 174 87 189 84 172 140 68 168 123 74 183 197 66 197 71 61 73 166 5 105 134 103 62 157 84 80 82 100 29 173 45 54
3 172 39 81 6 40 156 118 185 30 23 154 58 137 56 193 177 172 121 85 54 67 100 26 81 73 33 103 186 31 65 73 107 155 64 183 198 48 157 118 197 16 176 184 66 125 9 120 200 167 92 162 175 118 175 52 114 200 118 170
110 119 197 180 81 4 115 196 162 81 160 75 29 38 90 139 17 148 98 73 65 62 136 19 56 51 81 45 137 52 169 128 130 148 148 60 81 94 161 46 73 5 73 164 37 162 192 156 12 25 81 34 104 131 33 114 127 66 143 159
138 42 61 112 53 95 131 158 95 11 94 27 187 100 12 57 10 143 131 104 184 199 177 121 101 106 57 143 30 86 171 21 95 140 28 95 4 53 147 29 156 73 136 11 18 44 9 6 54 55 50 166 16 184 87 129 142 142 161 101
135 99 25 108 15 184 103 27 17 11 65 178 176 176 25 191 159 162 162 169 116 171 158 180 150 76 28 107 146 91 114 163 79 55 45 62 103 12 186 79 98 15 24 194 98 106 176 51 192 45 100 33 75 25 136 79 16 89 74 25
64 134 81 139 26 12 168 23 31 23 116 1 87 186 141 167 128 3 181 55 129 197 58 144 141 52 144 46 28 95 41 93 19 6 85 140 82 132 87 49 124 180 114 79 190 110 18 173 11 197 38 173 61 172 65 108 39 119 30 161
97 160 96 144 164 111 188 117 66 95 12 155 186 182 104 24 38 42 96 47 159 114 120 196 61 170 184 120 196 185 153 28 106 24 111 65 52 146 29 165 90 2 26 20 124 198 43 70 26 59 101 45 24 116 135 106 165 188 122 69
50 76 44 84 27 76 24 91 106 53 136 50 97 120 80 168 141 13 190 31 85 4 99 191 124 182 163 12 183 102 144 100 14 145 156 120 108 79 181 147 43 168 138 38 108 190 100 12 114 51 9 33 138 178 85 155 64 143 200 66
156 72 8 69 90 103 40 83 148 197 151 2 179 129 200 119 3 100 129 184 166 87 71 21 104 195 126 142 58 152 176 57 186 194 115 100 5 102 39 3 31 148 189 147 197 107 151 196 10 36 160 127 140 50 50 162 146 84 184 128
26 63 76 120 192 71 149 145 169 123 123 109 160 38 129 124 119 173 167 79 22 193 162 28 126 69 27 77 172 192 59 104 155 197 152 152 151 69 49 140 135 98 150 17 155 25 198 54 171 195 146 135 96 55 59 194 134 35 26 71
123 31 171 93 128 88 29 117 76 20 53 5 184 48 46 60 77 85 184 109 95 30 45 10 72 181 122 134 95 60 143 63 27 145 27 154 126 21 193 97 114 101 167 103 147 128 9 98 122 101 70 187 139 1 155 17 5 99 94 154
117 149 141 17 58 48 71 182 1 2 176 190 47 191 12 2 172 67 191 158 75 121 131 60 127 149 8 101 145 170 37 111 111 160 185 55 34 147 140 56 163 7 134 136 144 191 86 27 67 81 46 77 162 99 83 34 120 192 50 128
