80 	
25	42
0	19	4	1581	9	
1	15	7	102	1	
0	45	1	639	4	
0	52	1	1105	6	
1	44	1	297	6	
1	82	2	464	7	
1	3	9	927	1	
1	17	2	169	8	
1	49	1	145	5	
0	3	5	1085	3	
1	27	8	1326	4	
1	34	4	1101	5	
1	24	5	39	5	
0	11	6	1626	4	
0	29	3	1629	7	
1	37	8	260	4	
1	94	5	1638	6	
1	14	4	71	9	
1	17	7	1365	4	
1	96	7	1419	7	
0	42	8	926	5	
1	43	9	430	6	
0	94	8	1410	7	
1	29	9	507	7	
0	50	1	1622	5	
0	73	3	1158	9	
0	14	5	268	4	
1	6	5	1262	2	
0	93	8	71	8	
1	86	1	605	9	
0	67	6	1765	2	
0	97	7	1115	6	
1	62	7	882	1	
0	32	3	1358	5	
0	87	1	1632	6	
0	13	4	805	6	
0	61	5	529	2	
1	80	3	625	8	
1	70	5	1296	2	
0	73	8	1717	1	
1	48	7	1130	9	
0	29	6	1375	9	
1	68	3	742	1	
1	68	8	1908	9	
0	72	5	307	6	
1	28	3	736	4	
1	69	5	1754	6	
0	46	5	951	6	
1	82	5	1632	8	
0	4	7	9	5	
1	31	6	1379	6	
0	73	1	616	1	
0	33	5	438	5	
0	66	2	1779	4	
0	49	5	204	2	
0	32	2	679	2	
1	91	1	1249	6	
0	34	8	967	1	
1	66	4	1582	8	
0	70	1	829	2	
0	63	2	1791	4	
1	92	7	439	5	
0	77	8	1810	7	
1	89	9	1332	6	
0	25	8	87	7	
1	22	2	1979	3	
0	39	2	1734	8	
0	74	3	1126	1	
0	10	1	981	7	
0	97	1	1684	2	
1	57	5	501	9	
0	59	8	438	7	
0	12	1	616	4	
1	6	6	687	4	
0	31	8	367	2	
0	32	9	1020	4	
0	56	4	798	3	
1	65	2	277	1	
0	61	9	208	4	
1	54	1	665	1	
169 90 76 172 52 155 98 114 180 52 84 60 44 25 75 123 90 28 110 103 78 174 181 113 145 166 109 22 176 154 139 93 47 7 73 133 170 144 182 8 90 104 76 173 134 54 132 98 84 3 25 134 20 197 15 58 24 21 86 140 70 138 196 20 111 191 16 160 7 106 186 199 37 129 121 118 134 49 36 197
183 195 75 21 17 158 9 145 163 28 119 119 159 157 172 9 152 74 48 171 80 200 33 57 41 144 171 32 4 21 67 67 145 190 96 189 68 157 64 21 5 115 53 159 170 169 34 145 15 83 185 127 29 106 185 46 120 154 168 46 135 100 166 68 75 69 34 82 104 141 68 195 123 107 51 200 69 48 89 99
183 69 52 54 72 101 197 98 48 27 57 113 9 173 159 85 31 70 154 53 42 41 71 194 71 198 141 138 38 157 99 35 165 163 56 128 197 117 161 142 62 118 57 28 124 105 14 128 191 15 181 199 51 199 197 137 8 70 172 156 78 69 83 43 39 189 46 58 155 157 196 199 142 23 97 88 102 132 89 142
72 141 106 164 180 59 59 167 54 15 101 135 160 155 174 39 76 139 141 80 64 115 200 42 3 188 107 128 199 57 80 91 181 8 115 181 68 182 168 169 125 154 66 192 198 50 160 81 68 55 66 37 122 129 13 181 182 133 188 22 149 165 165 168 183 104 163 44 178 83 141 48 47 142 61 20 101 3 93 158
140 57 91 23 57 10 195 16 64 17 14 144 145 108 53 133 64 194 85 124 121 118 72 155 91 127 180 94 10 42 85 55 87 3 51 111 176 93 29 200 198 1 77 170 26 6 185 158 158 30 5 21 198 82 40 22 195 73 94 5 58 176 72 59 86 120 9 155 66 140 195 108 13 152 1 71 141 8 97 128
22 107 29 142 149 33 3 101 122 143 4 136 44 43 183 133 108 200 49 78 74 126 32 61 134 62 148 108 135 91 132 27 82 76 66 145 11 194 10 79 42 103 30 15 186 81 163 110 122 40 53 140 84 102 151 30 176 29 128 96 116 127 77 184 120 31 79 189 134 64 7 191 190 140 111 60 79 13 179 180
77 22 41 61 197 6 200 172 171 98 141 43 104 64 3 72 69 26 141 2 90 62 124 178 98 118 12 33 198 38 79 168 167 113 5 119 149 137 61 108 144 110 162 28 117 200 53 178 186 78 43 166 129 76 121 33 123 197 175 123 106 161 30 24 107 5 142 165 92 96 143 183 89 30 197 86 75 152 137 96
109 189 66 176 169 119 27 13 13 129 168 86 113 59 197 194 76 144 93 173 88 106 187 140 13 26 72 115 148 175 125 69 137 9 167 67 68 186 96 193 3 100 108 169 179 72 150 132 63 66 56 191 9 167 38 68 132 163 108 121 42 197 43 192 129 58 154 13 179 45 108 178 142 195 93 4 6 179 29 54
8 192 15 64 4 106 41 58 151 112 106 187 103 3 91 51 90 191 182 30 132 144 114 89 15 99 180 149 37 83 98 154 178 190 18 180 20 40 145 116 33 146 193 66 71 9 131 191 24 109 38 87 62 146 96 197 46 31 187 35 41 133 118 154 4 131 61 44 38 108 47 151 137 181 195 161 57 88 18 131
77 103 2 35 67 34 49 15 41 75 112 37 78 186 99 180 82 5 84 179 56 113 33 127 176 49 178 98 7 31 185 165 101 103 144 26 63 169 11 144 186 41 80 135 61 158 15 153 7 128 57 148 53 6 49 184 191 114 40 9 140 22 39 160 188 42 192 120 69 143 150 77 129 126 114 188 154 105 83 108
6 127 79 150 96 150 145 71 61 55 64 184 133 11 188 72 39 2 1 115 179 128 111 28 29 169 166 194 14 18 18 58 109 85 70 189 88 141 59 73 79 175 195 155 166 127 118 2 166 50 147 62 180 133 117 70 165 102 53 118 130 113 55 116 132 100 115 89 44 110 171 115 141 18 86 55 37 19 80 130
155 70 99 77 13 162 174 170 92 194 33 36 84 24 82 145 197 77 102 104 17 31 124 129 163 184 188 76 87 56 141 110 39 176 191 91 146 27 74 91 127 112 18 181 13 26 160 132 95 197 135 187 37 143 151 85 184 28 65 172 62 10 158 29 57 61 144 97 41 54 181 165 110 146 178 119 113 10 54 88
106 12 108 73 72 131 66 117 123 53 90 55 130 40 11 44 120 21 48 73 10 103 118 172 139 95 199 151 86 148 167 60 106 64 180 188 70 77 108 36 78 38 157 16 25 135 185 170 112 65 158 12 199 192 44 17 197 6 126 85 144 48 33 44 167 94 149 115 20 32 100 149 126 76 153 58 104 52 130 139
103 164 157 38 61 15 59 6 127 88 142 16 70 128 68 64 158 93 10 22 31 54 73 59 58 105 191 184 126 199 183 69 125 82 194 5 171 19 11 113 124 189 158 76 30 100 114 42 100 190 62 136 183 175 33 42 166 75 114 81 172 152 118 130 173 9 60 88 64 188 137 182 131 124 67 79 126 47 189 142
14 199 70 135 84 70 181 191 158 107 186 44 40 100 151 36 23 191 48 63 4 72 59 105 136 17 113 149 71 36 126 190 54 6 95 59 7 182 170 58 26 1 164 18 72 186 58 38 143 129 83 57 167 77 49 31 22 36 9 110 140 128 200 183 158 7 39 74 179 137 198 101 105 185 72 80 170 44 42 13
164 164 6 124 176 5 184 77 44 98 155 27 101 189 91 80 111 172 2 53 99 15 81 156 19 36 64 169 89 185 178 147 170 25 32 24 29 81 38 185 136 28 87 74 57 32 39 164 180 41 92 98 103 126 196 177 69 129 18 190 35 103 191 17 115 170 198 198 122 85 139 55 53 94 32 192 73 40 198 5
184 121 4 142 38 80 30 158 10 93 4 174 42 127 71 193 10 101 86 42 88 139 93 78 95 45 118 124 30 76 120 119 112 85 110 15 109 33 87 199 96 187 195 66 162 133 180 56 141 171 134 114 138 113 156 19 74 46 30 2 64 199 130 102 93 51 92 134 50 124 45 193 39 63 36 183 137 149 164 187
87 115 195 124 162 145 134 187 144 119 124 8 79 120 28 155 109 103 111 182 164 151 103 179 93 30 30 128 108 87 147 35 89 171 102 148 6 88 165 101 104 100 198 129 39 151 161 132 69 72 83 131 158 40 143 25 89 14 99 149 123 85 136 143 2 101 30 131 6 28 154 107 35 4 55 22 107 153 179 75
185 55 75 15 180 23 136 92 199 23 61 148 124 160 155 50 105 91 127 141 188 181 162 43 46 123 124 38 126 43 22 72 8 47 30 141 145 79 45 125 118 72 129 186 62 67 65 161 142 154 117 8 114 63 95 27 94 179 54 115 24 193 100 105 78 112 177 101 5 183 18 185 155 14 124 138 177 49 28 125
190 87 123 168 130 45 131 70 178 56 139 148 77 183 129 46 106 138 102 125 44 87 115 173 99 27 127 3 105 123 15 177 109 198 176 162 2 5 148 20 114 186 79 52 163 41 145 149 119 172 56 57 8 132 154 146 39 27 44 6 43 115 26 71 166 21 184 176 185 50 124 118 72 92 34 118 57 191 171 3
185 142 135 117 38 69 158 141 22 66 37 179 45 35 54 169 58 84 106 31 69 46 16 161 13 44 14 191 28 178 176 69 74 100 184 158 141 12 36 75 144 83 13 123 130 182 165 22 187 34 99 107 187 18 67 102 8 151 79 25 27 168 185 97 60 81 138 94 148 24 96 11 44 129 152 8 107 193 93 112
40 93 22 63 26 103 27 120 55 186 93 107 5 146 108 107 186 18 154 122 132 128 127 89 111 9 64 143 119 98 187 131 71 62 198 159 67 145 26 67 113 21 6 26 71 178 127 146 85 160 193 188 115 143 99 76 110 126 72 196 143 65 173 118 126 185 105 50 126 91 8 99 58 127 145 126 67 89 152 101
132 186 14 30 98 133 102 29 86 116 188 44 50 64 128 183 2 22 5 92 28 120 45 116 138 55 132 153 39 111 38 143 183 148 52 63 94 21 79 108 129 107 193 165 195 160 91 102 22 178 102 28 104 164 88 27 55 13 146 61 30 177 76 69 21 57 92 106 179 97 162 58 50 175 138 64 59 42 22 79
151 67 104 158 158 122 188 10 175 147 98 87 127 64 114 13 135 156 69 144 74 20 140 27 7 165 118 82 144 147 194 144 109 147 53 51 41 104 45 6 22 168 173 186 145 184 78 105 149 198 13 117 167 42 191 189 17 80 51 142 168 175 172 191 72 150 164 167 98 123 20 112 198 139 123 133 93 70 27 128
22 130 95 26 76 99 49 7 137 8 123 149 109 127 75 61 49 117 83 78 189 9 45 133 69 30 91 167 174 196 120 8 85 171 42 194 138 192 12 48 62 72 39 185 162 10 107 195 109 15 198 86 105 8 56 97 72 40 194 105 156 155 80 190 51 85 5 161 106 76 52 133 160 30 31 177 200 89 189 82
45 73 71 71 25 14 65 44 49 7 127 145 43 173 152 34 29 189 10 121 10 174 167 49 35 95 87 1 192 98 159 138 48 112 109 123 130 196 174 84 114 137 25 185 43 36 38 16 123 40 47 80 142 180 142 172 71 30 71 143 12 123 149 154 90 161 149 4 71 33 55 49 84 23 22 55 39 179 25 10
189 44 153 143 198 84 175 20 154 36 149 26 74 123 103 93 130 135 88 46 174 4 109 63 46 126 109 29 184 9 27 182 26 40 2 116 74 193 45 86 15 65 75 28 107 126 121 93 49 150 17 124 47 18 126 144 42 31 60 8 117 141 120 75 144 167 94 166 142 110 131 137 12 108 73 132 173 115 102 86
52 181 128 68 157 176 196 22 110 76 139 167 55 29 146 92 173 157 173 38 110 32 107 169 94 74 147 184 75 68 186 119 42 156 69 2 109 168 143 76 37 40 96 126 70 76 148 43 164 48 80 130 92 183 87 135 117 12 174 73 63 128 97 180 160 47 135 38 90 165 198 10 200 161 31 111 136 21 90 3
2 140 116 176 91 159 6 90 147 29 195 138 194 135 66 142 68 44 90 168 19 192 93 39 48 106 188 176 48 146 75 46 65 147 169 20 29 126 172 157 73 28 195 127 36 93 63 14 162 171 37 126 105 192 189 162 122 198 44 87 117 24 19 30 134 48 62 94 39 86 158 95 54 42 19 46 96 135 110 12
138 2 56 196 89 89 97 158 74 21 143 23 96 170 140 52 134 81 180 167 33 183 121 139 73 59 98 172 78 157 45 95 18 187 172 176 136 195 11 146 124 1 104 169 174 112 54 164 61 84 94 63 55 56 68 60 51 15 111 18 81 139 33 5 170 90 153 148 164 51 81 142 189 90 122 126 191 4 64 89
67 148 74 95 184 69 15 125 33 103 195 17 147 54 77 65 62 150 93 148 78 123 147 166 144 26 17 169 46 13 165 89 157 108 14 41 121 172 161 47 13 86 114 55 142 95 105 36 89 154 6 193 121 143 92 121 6 97 197 16 21 41 89 108 8 65 126 161 66 179 66 160 50 122 119 141 120 33 76 81
35 147 18 142 26 138 136 138 102 179 41 18 111 5 61 33 44 183 187 121 194 63 170 51 125 151 187 153 6 181 195 98 92 109 103 176 75 168 43 72 27 91 175 89 190 35 5 186 54 154 87 130 116 27 155 142 2 161 40 53 16 160 14 113 88 157 142 16 197 131 85 25 8 14 110 70 45 164 5 76
117 76 122 117 91 198 58 3 85 100 135 106 76 138 110 148 64 91 54 65 66 81 9 134 98 44 144 68 27 46 31 192 151 6 146 62 110 69 184 140 174 58 143 3 154 173 22 161 45 132 51 190 78 40 114 97 152 110 105 25 152 49 147 78 105 96 77 66 44 55 150 60 68 168 182 137 68 101 39 6
56 141 179 39 40 124 196 163 90 187 11 174 52 183 168 178 137 10 69 103 110 189 12 104 18 200 64 100 196 176 139 2 179 137 53 34 32 27 18 117 67 6 97 41 51 128 26 149 132 53 141 67 18 13 88 114 38 24 57 196 160 112 151 75 19 89 130 86 182 81 121 120 112 182 7 82 64 110 69 193
176 53 72 144 49 19 78 105 165 138 105 78 198 179 59 88 178 113 71 196 133 34 87 111 24 113 120 50 43 187 187 167 110 54 143 68 165 7 153 72 125 143 79 35 183 9 113 190 52 54 10 106 59 4 96 81 70 97 180 99 146 38 101 87 148 145 16 183 58 76 68 5 100 38 127 88 130 114 84 195
63 146 106 64 33 195 114 182 155 9 126 15 164 20 34 140 63 33 7 119 49 195 1 170 103 45 123 52 150 72 159 2 25 68 134 127 30 7 3 167 20 17 53 81 88 155 59 157 24 5 110 141 50 181 65 186 57 154 173 116 57 62 155 141 89 85 122 141 186 14 99 10 152 190 35 76 140 92 81 10
26 128 168 197 110 155 185 194 176 3 152 63 137 141 14 138 43 178 61 109 89 132 189 136 127 92 97 17 185 28 125 42 3 144 61 189 118 190 80 169 174 63 143 14 75 60 35 50 107 67 124 163 99 40 99 16 183 67 156 179 1 40 100 139 21 87 54 148 111 103 86 139 47 80 119 177 128 31 197 112
37 172 16 165 33 81 68 184 79 140 132 34 157 89 128 174 98 34 104 129 87 136 113 176 18 142 128 177 140 135 178 10 190 113 184 59 4 126 27 125 110 107 110 111 156 170 144 185 97 44 2 184 18 113 125 85 101 165 72 137 115 61 10 135 159 1 24 129 30 154 50 176 150 19 45 177 195 77 54 5
80 154 154 62 77 181 22 105 78 81 121 131 155 155 10 103 62 4 65 50 198 24 16 91 46 152 68 131 120 123 55 174 59 61 98 95 51 56 153 179 18 199 169 193 153 63 143 73 42 19 119 83 86 115 127 196 135 135 136 188 113 72 46 182 2 187 100 103 78 187 30 135 58 37 21 200 129 85 31 21
87 164 174 130 180 88 11 15 181 190 145 70 195 79 11 127 150 143 2 75 74 92 119 199 164 136 57 167 151 152 27 16 41 23 74 41 70 153 84 35 12 134 143 120 134 32 138 73 83 14 92 52 76 73 93 141 137 153 23 160 185 97 120 98 95 140 61 123 131 16 35 103 158 168 54 136 171 153 183 115
42 191 1 125 19 23 169 165 153 163 85 166 66 185 40 189 146 184 184 151 61 141 90 66 175 54 156 48 13 82 28 181 194 102 21 185 79 30 67 110 39 53 163 19 52 173 80 40 86 122 29 124 79 128 25 148 109 154 44 49 133 113 80 44 100 188 45 14 56 173 79 188 84 101 182 148 149 166 180 161
69 4 188 110 131 72 112 25 80 117 94 7 79 129 4 120 115 67 154 138 181 52 128 183 27 23 4 136 134 105 109 95 54 38 63 62 25 87 76 9 86 138 47 167 107 57 169 187 193 54 183 18 183 47 58 133 19 90 95 64 73 133 130 12 187 111 181 88 175 192 20 33 160 24 122 141 57 167 105 186
165 156 39 88 1 64 80 176 3 128 133 131 31 83 11 190 38 12 49 1 30 171 95 98 181 21 199 39 12 189 150 49 46 160 106 174 129 106 192 150 4 87 49 70 168 46 178 137 178 180 91 32 49 5 135 92 113 84 43 70 113 83 94 108 6 67 130 97 7 120 85 128 90 148 24 35 158 19 146 129
49 61 14 168 168 186 194 200 156 193 63 111 173 64 55 47 187 114 51 48 80 81 148 18 70 113 168 82 9 195 126 67 103 88 17 20 78 122 43 120 136 119 170 127 82 69 83 35 155 160 127 9 105 48 18 46 6 30 152 154 147 52 163 175 31 121 78 145 175 86 106 130 125 151 9 40 136 94 153 168
82 30 37 20 18 165 74 66 111 87 122 165 149 35 139 38 22 129 105 11 126 48 136 16 102 112 113 68 145 196 21 188 40 56 142 5 119 98 112 126 192 22 189 162 24 147 137 161 94 165 148 150 36 90 26 157 58 155 107 60 125 48 45 95 36 177 1 71 93 98 175 135 97 43 83 185 77 134 19 113
181 66 128 62 68 132 118 93 42 148 191 21 137 66 112 85 160 160 37 178 142 95 186 186 72 10 38 102 91 190 141 200 130 147 17 116 132 36 130 105 36 89 59 69 190 56 148 20 5 22 172 57 40 69 186 157 7 74 142 88 61 186 35 136 54 1 31 125 34 49 124 104 189 111 30 155 103 169 65 76
79 117 36 16 97 85 111 38 153 90 146 82 90 182 156 161 9 117 89 100 137 91 197 172 195 23 151 47 99 96 181 183 66 168 196 43 157 79 4 193 51 35 149 131 64 154 114 199 7 20 167 172 33 1 151 96 164 10 11 185 6 20 178 92 151 159 151 121 75 84 63 174 111 145 165 111 95 150 175 117
199 38 60 90 106 54 84 30 49 97 92 17 133 23 75 7 129 167 46 177 180 76 48 85 11 169 126 115 18 154 160 19 75 105 141 95 78 124 90 86 123 178 159 73 5 109 119 32 113 124 140 92 174 143 97 21 105 77 177 30 45 71 74 79 138 47 78 85 114 164 114 74 65 146 65 11 199 103 116 189
122 172 193 70 118 133 173 6 57 3 197 19 113 49 106 160 146 111 157 193 102 167 190 84 20 112 124 35 96 16 3 46 117 52 178 128 66 189 195 185 68 90 39 101 90 66 119 71 190 90 186 92 102 25 64 86 152 165 24 33 87 33 98 17 121 107 180 81 145 99 59 111 164 150 159 95 52 26 196 124
182 100 54 56 67 9 54 182 11 15 163 159 94 98 72 36 1 7 64 94 134 48 190 51 49 116 148 90 132 54 133 142 172 60 122 163 165 29 178 75 4 156 106 4 166 36 1 40 160 85 74 100 62 116 104 147 139 91 2 154 67 184 22 114 141 63 7 47 164 125 115 145 40 109 169 22 100 81 117 121
11 148 67 54 158 5 89 1 182 105 108 59 54 109 178 6 60 100 53 77 93 58 104 150 86 117 68 162 8 134 146 137 161 86 63 192 168 64 134 130 143 5 169 153 104 173 92 76 180 47 64 17 91 157 100 76 178 24 20 154 138 57 31 17 22 57 105 34 132 159 74 33 134 195 169 4 133 144 145 81
130 105 20 54 27 6 102 49 187 12 23 12 20 115 85 167 178 61 8 99 51 181 61 199 5 183 70 36 45 91 66 115 167 127 114 42 90 45 156 84 80 177 159 28 59 24 16 199 182 98 114 14 103 18 178 182 124 78 53 65 52 51 151 65 36 156 26 103 65 130 25 189 18 110 154 12 66 145 17 71
41 94 136 57 107 35 171 117 111 52 145 41 200 44 100 153 129 47 63 152 151 133 155 198 162 140 172 40 11 62 2 130 46 164 43 148 184 133 69 111 132 41 145 194 81 187 117 10 182 185 65 157 115 5 84 90 62 50 21 123 151 186 59 130 134 37 31 183 64 99 179 104 151 179 127 175 97 108 46 60
145 62 46 92 12 29 4 84 88 64 37 109 181 187 178 186 103 191 129 58 89 102 42 22 133 193 95 121 50 46 21 119 193 10 135 150 1 46 70 71 17 144 160 58 61 23 193 36 60 77 173 175 16 123 125 55 111 64 141 153 169 142 34 106 77 79 54 110 126 141 106 22 182 132 48 81 177 124 170 26
7 70 50 8 31 176 53 15 174 19 159 67 70 194 26 161 47 138 12 123 200 87 54 101 39 93 74 3 75 89 28 29 80 53 169 100 47 70 137 26 90 125 47 23 10 145 8 56 75 67 175 66 144 31 92 173 60 99 47 146 188 59 165 69 156 46 62 157 39 54 95 123 42 101 88 47 15 89 110 10
15 165 114 200 30 193 135 106 95 45 198 159 121 11 29 148 69 1 109 17 119 102 122 2 48 4 39 10 197 161 85 151 149 39 141 102 137 120 158 171 9 196 135 27 22 110 76 67 109 3 4 192 197 156 15 30 136 149 70 129 28 53 118 21 110 109 9 166 60 153 184 168 80 118 1 111 161 104 100 65
66 110 147 147 135 177 131 35 160 19 68 164 176 38 189 101 197 136 128 162 65 179 165 136 4 56 39 61 128 118 193 80 199 135 61 20 16 188 165 177 23 25 176 80 85 135 114 186 6 94 46 3 105 127 140 159 9 17 50 116 169 176 82 88 108 150 5 91 115 169 108 24 39 57 75 150 169 189 196 46
141 7 57 95 63 191 20 138 97 176 140 115 160 173 140 135 21 197 26 70 8 71 170 149 188 112 20 133 173 178 48 123 130 190 199 75 83 196 29 25 172 38 103 163 176 77 86 54 112 130 15 98 26 138 1 163 91 48 179 66 175 65 88 190 145 120 119 141 171 76 194 44 186 193 100 196 58 37 157 58
75 100 178 111 62 52 173 123 174 195 159 159 44 67 53 106 14 29 29 138 124 43 63 142 148 104 54 107 51 134 109 135 8 92 45 58 58 2 126 48 147 20 161 122 34 164 31 45 13 60 149 42 32 130 132 102 123 186 47 159 33 131 45 71 100 85 106 2 6 11 168 106 46 8 59 131 19 146 123 134
196 14 34 43 101 134 196 53 178 42 79 62 165 87 187 47 96 130 186 124 185 22 144 64 170 56 92 192 119 85 191 72 147 131 2 196 43 80 118 169 67 183 61 137 133 150 135 125 156 102 167 178 65 4 93 65 82 51 12 152 67 27 144 32 52 144 139 169 199 32 161 34 66 150 113 57 14 194 5 156
174 176 17 72 192 36 187 144 33 83 121 57 59 42 197 190 52 105 136 176 76 76 32 104 163 4 3 180 116 84 127 97 10 115 195 9 49 112 158 153 50 96 54 33 88 199 119 200 146 101 190 91 31 75 149 135 170 44 75 76 75 4 34 130 119 63 183 195 147 81 164 181 13 161 138 60 117 92 130 10
23 127 154 188 108 78 153 50 148 144 25 114 19 166 163 56 34 122 41 161 43 87 112 176 14 87 95 48 188 25 142 153 170 159 172 54 71 158 85 116 182 175 108 161 129 41 91 99 67 147 48 157 53 59 131 115 64 90 73 38 189 62 143 45 189 7 71 111 92 142 198 103 88 95 198 185 67 130 52 33
72 167 46 102 60 170 187 192 200 128 77 137 80 10 161 94 140 60 119 165 167 132 194 165 84 156 151 5 7 39 95 10 132 10 197 146 125 33 124 76 148 44 58 138 67 192 160 163 99 21 26 123 48 125 137 32 128 86 128 140 114 118 63 10 39 19 49 150 100 191 100 165 125 195 41 138 107 193 62 120
175 43 24 105 43 46 34 3 100 104 109 48 142 84 67 62 158 54 55 83 34 34 98 157 46 174 109 120 92 27 85 99 28 175 116 54 105 92 89 44 64 49 23 63 184 105 78 170 106 51 80 187 144 170 86 159 96 27 113 31 157 131 78 84 101 184 197 191 123 160 34 56 168 144 178 118 100 131 138 41
98 134 15 121 173 41 55 93 185 118 38 41 99 113 134 105 125 128 87 126 1 28 121 126 8 183 58 149 97 2 127 29 163 44 116 18 70 143 56 71 51 44 98 149 36 106 189 79 33 137 133 100 185 25 153 13 91 144 23 133 166 93 37 30 89 80 180 57 31 129 139 60 148 194 150 21 55 28 86 162
175 33 126 198 14 98 118 38 149 157 31 4 12 68 133 127 23 126 72 152 172 142 23 189 91 21 142 38 45 142 89 159 129 62 136 168 4 173 16 199 145 74 153 60 164 132 189 196 191 40 71 41 168 112 130 37 182 40 29 198 21 73 93 138 13 127 172 53 38 156 32 133 42 86 150 193 55 116 126 96
129 96 77 108 158 137 160 157 55 4 15 49 17 45 34 137 182 171 41 102 19 184 109 103 132 60 137 79 121 199 183 56 64 106 77 13 95 1 63 153 189 169 20 91 6 144 46 147 199 199 143 103 139 6 25 23 154 116 61 122 4 136 134 157 99 121 144 78 73 152 60 83 122 43 46 139 164 189 54 81
61 96 22 31 13 57 99 9 39 21 97 65 82 118 137 42 191 85 102 4 122 5 34 94 85 162 63 158 164 53 46 101 129 36 103 100 200 51 15 173 188 167 100 126 2 170 108 113 65 21 86 45 34 32 135 146 158 176 95 138 30 97 46 175 98 55 158 132 12 22 175 137 66 145 38 65 72 60 44 65
155 39 145 20 191 22 32 122 124 21 28 98 126 148 11 47 9 164 10 84 112 153 27 84 175 145 95 112 11 6 39 55 80 30 186 75 48 115 177 74 48 29 175 133 156 113 64 148 41 99 190 121 16 92 126 26 174 25 156 2 18 9 169 154 135 135 43 98 42 142 42 39 86 131 59 81 59 183 87 153
107 111 107 102 15 19 46 199 123 51 149 30 172 63 81 199 185 156 57 173 5 25 29 178 46 140 33 136 5 90 167 49 143 143 161 156 162 45 116 103 172 40 64 111 117 70 128 16 47 166 192 107 198 64 146 114 86 136 175 177 146 119 50 173 91 179 21 1 177 51 185 174 189 120 96 150 20 183 91 124
30 141 4 190 1 180 82 83 9 54 41 136 90 1 161 36 136 127 46 64 168 25 55 135 193 22 159 127 161 196 161 8 9 76 125 173 148 194 42 181 136 122 111 136 197 131 168 23 184 173 102 71 123 90 13 189 19 140 139 96 185 75 96 6 126 22 4 80 193 105 138 127 137 39 97 97 65 77 41 92
197 127 199 63 170 81 102 154 118 54 153 69 6 41 184 3 21 186 93 48 105 188 30 59 105 32 169 137 178 69 185 10 179 3 110 157 11 180 59 10 121 3 42 31 140 129 173 157 145 148 158 137 169 21 71 47 130 19 139 129 153 153 16 87 194 166 65 105 115 151 158 42 79 77 137 109 12 136 59 180
90 32 177 107 76 160 168 174 93 1 84 14 89 197 171 65 62 84 98 73 20 29 180 141 169 151 187 96 162 29 31 181 144 1 129 195 184 7 175 161 182 18 18 193 22 53 52 41 196 53 13 50 103 16 18 171 116 45 173 169 124 105 127 181 29 180 165 169 46 119 130 141 116 189 77 128 93 87 6 153
7 40 138 140 173 9 159 110 138 116 154 195 128 87 33 135 113 4 23 198 87 38 131 93 180 4 194 107 106 87 82 21 169 129 178 139 174 185 168 197 122 90 37 132 21 80 170 66 95 23 135 156 23 20 4 144 146 89 62 177 29 84 114 32 158 53 171 49 27 196 81 18 140 36 113 65 58 20 174 121
22 133 8 4 72 1 67 167 161 124 98 137 51 69 154 110 150 78 169 179 135 120 27 81 186 48 81 186 20 11 158 141 54 35 78 28 153 152 134 117 174 191 9 38 88 71 14 14 73 62 98 173 10 148 13 78 58 31 163 138 85 129 172 48 56 144 133 66 145 69 172 200 175 119 113 53 144 126 113 93
135 163 57 63 126 64 149 81 89 47 175 200 90 110 151 193 39 62 5 104 198 56 70 143 12 34 134 158 6 84 48 27 4 47 163 163 15 54 183 101 108 62 192 83 85 120 50 24 39 106 28 58 11 125 15 5 188 135 15 37 78 172 80 122 12 64 5 145 21 69 143 141 173 136 116 161 127 164 75 13
114 89 171 100 21 20 42 117 17 103 98 162 7 96 24 78 93 156 123 70 97 60 198 85 191 32 160 136 98 171 59 133 110 176 122 103 71 111 129 102 147 42 40 130 18 134 76 12 102 86 26 144 122 109 57 133 195 88 31 193 93 155 83 19 135 128 92 100 12 123 30 124 75 151 159 6 47 97 4 30
95 63 192 65 135 60 185 94 181 130 191 49 103 157 172 160 82 112 155 99 100 118 45 123 140 28 97 54 195 200 66 142 52 29 75 152 113 48 32 106 132 91 22 159 69 122 52 154 76 42 126 7 89 183 171 165 54 37 166 161 7 157 96 4 165 140 121 197 143 43 187 176 91 158 5 101 14 95 16 84
158 180 8 68 198 19 140 86 163 165 198 170 13 185 69 185 23 87 79 193 73 167 40 85 142 26 187 182 198 132 2 124 3 115 72 49 94 69 105 101 189 25 160 162 168 182 198 20 11 175 36 43 14 54 138 42 183 26 70 74 130 167 57 71 125 3 190 163 61 84 44 112 134 110 96 63 1 46 3 101
133 65 40 84 76 16 125 72 186 45 29 66 47 151 25 5 123 82 44 161 110 149 79 80 187 158 174 162 140 76 200 58 61 118 92 181 184 148 114 160 46 116 151 120 112 94 159 129 1 179 27 160 156 36 163 176 152 49 2 168 200 16 139 162 38 16 132 120 126 56 176 44 12 196 17 49 42 115 189 36
124 88 100 193 144 106 136 58 125 94 136 192 128 170 136 139 182 105 2 57 193 151 87 116 20 101 175 29 15 62 14 155 91 61 91 70 80 35 135 67 64 174 10 143 83 61 29 113 186 136 73 96 32 73 71 98 182 95 158 169 196 28 178 33 79 179 117 86 113 54 85 195 115 54 168 145 75 70 200 143
