20 	
54	93
0	8	3	1	8	
0	4	7	5	6	
0	6	9	27	6	
1	1	8	3	3	
0	5	2	13	1	
0	3	2	6	5	
1	1	5	40	8	
0	3	7	36	2	
0	5	9	15	3	
1	6	7	15	4	
0	3	4	25	2	
0	7	6	31	7	
1	5	4	29	7	
0	3	7	17	8	
1	6	1	26	9	
1	4	8	7	8	
0	7	2	3	4	
0	7	6	7	3	
0	6	9	31	3	
0	5	4	14	7	
128 5 184 52 152 9 40 130 176 131 172 63 93 28 2 115 158 172 191 57
137 19 43 72 142 115 55 64 171 148 3 79 130 37 96 178 183 78 47 157
78 12 153 22 192 42 48 12 186 77 106 151 180 53 93 97 9 140 172 170
28 146 51 98 120 133 173 83 108 14 106 8 80 172 32 165 140 31 34 16
170 81 191 69 110 161 181 92 109 13 128 124 53 35 41 188 58 53 42 16
69 19 82 15 63 178 132 38 166 200 179 10 191 133 82 56 98 154 23 182
181 102 6 155 118 9 99 44 144 40 114 22 64 69 89 132 173 14 184 114
143 138 32 163 181 151 31 29 51 67 63 157 139 98 188 186 17 148 175 111
91 2 135 114 135 160 122 86 36 120 168 143 144 146 150 163 48 169 176 11
126 85 31 135 196 198 100 140 89 166 140 36 131 135 134 38 24 12 13 43
150 173 18 10 154 47 133 90 189 72 91 113 59 53 1 86 52 138 134 40
108 154 95 129 94 117 145 133 40 81 60 144 138 137 88 23 200 14 39 195
168 63 139 157 1 151 111 75 165 52 128 153 24 189 190 193 72 165 144 34
127 80 15 23 41 182 149 16 98 154 54 129 141 66 194 13 118 61 170 162
195 88 30 61 109 111 4 196 82 123 167 70 173 121 53 8 131 66 77 60
157 30 90 115 46 19 164 133 12 26 73 102 19 2 36 59 156 141 154 109
141 71 191 86 28 151 186 191 29 57 24 157 26 131 16 181 141 122 158 47
87 184 180 112 136 94 67 120 135 124 170 174 174 197 16 11 80 139 69 162
30 7 14 36 64 194 48 181 80 76 158 63 121 88 50 52 48 64 168 136
70 4 36 121 88 82 1 120 163 136 49 15 90 197 20 1 51 171 110 178
111 117 198 154 163 122 21 11 99 93 161 91 61 105 165 194 129 42 194 106
