80 	
33	41
1	60	1	1755	2	
1	80	8	320	4	
0	9	1	533	8	
1	79	1	1859	9	
0	91	6	1747	3	
0	48	3	732	2	
1	53	4	1505	1	
1	2	7	1327	1	
1	43	7	936	8	
1	79	6	212	6	
0	81	6	1686	6	
1	24	6	765	5	
1	67	5	1364	3	
0	21	1	180	5	
1	94	1	1806	2	
0	40	7	175	6	
1	29	5	1719	8	
1	52	7	1093	3	
1	67	6	1793	5	
0	46	4	494	9	
0	33	7	1013	7	
1	59	2	690	3	
1	99	3	902	3	
0	33	2	161	4	
0	10	9	1469	8	
0	12	9	1449	3	
1	72	2	1887	8	
0	34	1	410	5	
0	50	7	973	6	
0	76	2	996	6	
1	90	5	1152	7	
0	52	4	1689	3	
0	38	1	1298	6	
1	74	9	624	9	
0	11	3	65	2	
1	18	7	1111	1	
0	54	8	700	5	
0	21	7	1867	8	
0	5	2	365	7	
0	17	8	10	7	
1	69	5	1069	1	
1	42	7	510	1	
1	89	4	593	8	
1	58	1	1721	4	
0	53	6	1467	2	
0	30	2	660	3	
0	61	8	112	1	
0	85	9	247	6	
1	86	9	496	2	
0	12	5	290	1	
1	63	7	411	8	
1	43	6	752	3	
0	96	6	78	5	
1	3	5	589	9	
0	25	4	1654	4	
0	73	1	1324	3	
0	24	9	491	8	
0	23	1	1069	8	
0	95	8	474	6	
1	43	8	1004	8	
1	32	1	283	3	
0	26	8	357	5	
0	41	3	1472	5	
0	26	4	281	1	
0	65	5	550	1	
1	50	6	1002	7	
0	84	5	508	7	
1	89	6	190	5	
1	59	6	343	3	
1	24	9	520	5	
0	78	4	111	1	
1	26	4	6	5	
1	37	7	484	5	
0	25	8	889	6	
1	1	1	1490	2	
0	98	8	732	7	
0	61	9	1433	2	
1	52	7	1251	2	
0	42	4	1125	4	
1	18	4	819	2	
127 51 151 116 55 162 179 9 192 146 168 41 83 29 52 13 107 158 97 116 147 117 21 177 145 197 23 170 197 6 176 40 123 72 25 173 145 7 106 41 1 113 110 157 51 96 13 114 66 114 68 107 47 42 100 90 137 96 111 105 92 40 87 59 38 42 114 196 5 91 131 73 23 145 76 129 18 86 96 191
129 152 128 139 159 168 111 1 142 198 142 68 72 26 66 117 4 79 100 183 5 97 3 116 50 154 91 200 97 162 131 152 167 171 10 25 35 113 102 198 26 41 119 177 67 18 44 94 187 107 15 98 6 97 11 67 115 140 173 75 134 186 137 66 121 114 149 149 190 18 176 140 107 140 89 35 48 6 167 136
16 113 149 172 89 193 120 133 148 2 70 14 137 134 198 178 156 191 11 39 88 98 26 106 144 26 148 61 71 132 65 170 148 95 129 184 122 43 52 99 153 159 88 7 116 132 162 81 134 144 47 172 58 91 17 71 160 190 14 159 113 109 197 52 131 84 52 94 189 124 40 114 86 134 93 166 40 134 14 44
134 128 24 191 26 160 198 127 97 193 68 114 176 168 152 180 160 133 30 78 58 143 91 87 132 28 50 189 116 135 93 91 46 132 170 32 141 25 4 182 190 181 41 31 9 114 163 156 102 123 119 53 113 21 95 128 102 106 48 106 26 151 23 143 160 22 78 86 8 132 191 197 173 92 153 177 161 109 180 118
5 75 23 28 120 90 137 31 56 181 15 176 97 125 105 82 46 101 29 156 33 125 147 111 173 23 164 14 109 98 59 4 68 48 63 198 181 189 155 47 28 53 185 55 87 164 72 183 141 182 124 160 5 140 136 12 155 168 76 73 197 100 164 24 33 3 103 120 30 196 8 76 173 91 12 16 15 48 178 153
16 150 5 144 163 101 182 69 169 29 189 62 159 8 44 9 120 8 96 164 3 176 182 35 2 166 125 65 180 24 16 112 83 29 118 107 134 160 171 9 76 160 122 8 177 38 136 126 55 86 185 54 146 162 25 53 10 79 128 48 8 75 69 33 4 1 3 101 199 172 14 81 169 8 169 113 181 168 79 128
71 127 190 96 182 35 79 71 109 62 194 190 198 77 101 126 89 57 184 87 165 85 141 126 143 196 136 150 61 27 86 123 188 113 99 101 39 23 67 107 50 7 150 125 80 125 53 40 39 52 145 164 76 113 132 53 129 31 96 79 136 63 3 15 64 139 116 85 108 101 63 54 30 17 179 191 56 162 58 80
148 112 200 89 82 103 91 91 67 21 159 39 146 153 41 78 145 159 13 153 68 35 182 107 158 20 4 161 198 12 137 159 34 31 127 61 118 38 184 110 189 198 35 200 182 13 174 101 76 10 91 89 17 37 186 142 6 163 52 44 177 10 180 149 119 192 16 155 87 96 96 50 8 29 151 169 92 170 167 36
36 84 168 116 42 190 109 15 169 144 38 142 144 199 110 107 3 171 26 52 142 193 60 110 190 127 75 13 193 101 183 98 5 87 135 53 92 121 27 98 99 133 173 111 200 80 86 116 140 121 4 52 13 65 55 38 188 105 101 74 7 142 95 183 21 144 23 31 12 164 169 50 183 35 126 58 34 144 118 55
73 156 159 160 162 113 94 167 23 200 42 41 73 79 175 40 176 48 88 181 43 79 42 11 111 162 49 1 171 154 113 2 65 109 90 94 28 116 151 37 168 43 172 154 112 124 180 168 197 58 187 173 26 118 117 169 143 122 194 186 48 167 71 193 200 177 136 152 188 1 50 119 19 33 56 2 7 194 99 103
198 120 130 92 164 72 60 116 35 37 83 136 25 101 130 125 14 24 19 143 170 159 175 113 56 170 6 118 194 135 83 177 165 60 87 185 124 33 132 168 59 25 187 28 40 150 10 100 5 48 10 185 50 117 33 24 192 23 101 72 59 68 158 85 70 114 43 74 155 96 133 16 133 101 1 176 133 41 194 25
97 69 146 112 70 25 63 80 162 36 95 174 55 56 189 8 169 56 86 21 107 168 191 42 93 174 123 118 75 103 77 145 88 133 186 117 17 43 48 40 141 177 192 65 132 122 98 63 170 44 150 107 95 113 7 92 187 39 200 153 75 190 30 183 39 23 186 113 83 77 111 170 196 128 109 180 125 169 76 175
82 136 30 121 62 187 133 141 44 21 147 55 62 48 25 174 94 39 4 187 47 118 3 115 174 125 115 34 193 81 22 73 19 95 106 22 111 115 38 120 132 85 196 196 35 118 22 147 169 138 46 144 81 25 192 101 193 88 154 88 198 127 54 24 115 33 182 50 7 160 95 150 193 166 133 40 146 115 176 140
42 181 97 109 72 50 9 85 108 197 120 16 134 134 75 155 2 2 38 167 88 189 31 130 178 165 103 133 184 166 43 128 15 25 114 121 37 52 34 118 110 41 31 69 22 90 18 98 55 5 142 140 199 110 193 50 7 95 106 181 135 16 85 64 25 87 90 12 42 55 169 3 131 106 197 46 7 110 121 58
57 195 121 36 126 54 123 24 19 170 5 199 144 53 191 133 149 101 23 158 200 136 67 197 58 124 186 147 64 97 114 169 57 165 41 101 42 62 172 196 33 183 66 102 118 90 192 194 183 153 50 176 100 180 101 78 103 41 135 187 183 104 200 110 53 164 145 188 9 109 113 48 128 61 129 169 177 4 73 96
200 156 26 154 105 33 96 32 123 153 18 167 195 94 16 143 50 79 154 198 136 186 182 80 14 57 160 190 92 163 45 182 58 4 175 79 50 37 38 136 178 22 1 118 195 152 117 188 153 83 82 97 121 152 72 196 182 27 101 91 27 110 153 200 27 155 107 63 89 78 52 135 1 121 179 29 21 10 200 200
168 155 39 74 181 132 34 74 70 164 152 120 74 139 178 56 169 148 20 125 164 62 146 104 62 14 145 73 147 30 79 124 156 161 23 17 114 113 86 67 44 142 197 4 51 120 91 51 106 137 37 130 28 79 145 195 53 150 110 32 45 31 13 142 100 163 136 127 184 114 68 123 20 168 114 66 62 122 3 186
31 8 14 3 26 17 56 13 129 119 159 193 161 105 27 49 134 131 105 129 124 200 191 93 136 142 152 14 73 150 155 141 184 90 14 145 24 10 63 78 186 125 151 4 52 173 39 107 153 17 148 194 93 161 10 27 166 86 178 118 15 99 91 9 41 122 40 34 102 41 58 134 128 108 28 120 85 63 155 35
192 151 111 89 57 195 28 78 3 82 41 22 52 98 77 81 87 102 132 185 25 122 47 62 57 142 38 196 41 67 12 52 43 56 89 187 143 192 23 117 109 105 52 89 99 63 47 29 110 137 107 181 121 102 105 35 172 64 78 1 38 124 140 183 122 134 17 149 14 175 24 35 127 42 116 72 22 196 50 42
68 1 67 88 178 50 179 149 116 143 37 191 60 11 114 90 69 85 65 58 106 170 116 96 178 80 141 99 162 179 14 38 67 189 108 72 166 85 164 66 142 126 198 15 105 100 96 106 176 61 98 151 20 9 31 164 2 33 140 146 146 9 103 125 4 35 85 178 3 64 157 199 63 147 114 27 11 10 29 137
173 91 111 178 28 87 46 156 172 60 195 131 87 130 125 94 29 14 111 57 117 186 149 101 19 130 121 163 7 116 137 69 169 112 119 70 162 100 142 101 60 199 139 105 120 22 153 88 86 66 147 121 172 162 89 172 107 17 180 89 180 199 39 150 141 119 111 12 54 196 3 192 17 141 103 52 46 93 20 52
60 38 44 120 130 200 44 129 125 23 30 195 54 112 85 81 101 118 118 21 125 90 195 109 180 1 172 34 59 18 134 169 161 41 136 155 155 81 121 45 191 198 73 50 93 131 176 174 61 189 65 181 44 155 163 125 139 58 2 160 50 13 88 15 62 18 78 57 60 100 94 41 24 104 177 25 193 140 182 171
92 62 84 41 9 169 136 197 44 121 9 12 56 73 1 141 130 54 62 123 144 61 166 190 2 113 162 85 156 191 184 165 157 88 181 48 94 84 82 83 154 69 113 195 76 13 110 177 171 80 161 68 182 166 10 75 194 37 24 11 36 159 79 150 127 126 193 134 16 34 36 120 162 184 38 25 96 95 88 60
15 175 62 31 150 160 87 121 128 180 180 82 117 190 52 172 2 200 140 54 142 6 183 112 50 46 96 70 72 50 46 92 85 152 146 47 40 144 173 45 23 55 29 169 126 126 7 7 124 160 180 92 73 95 124 142 168 140 81 40 84 36 93 177 1 148 152 170 44 49 53 140 61 154 190 106 59 33 68 8
2 17 98 61 166 196 184 28 15 19 28 185 33 11 80 88 38 85 127 183 7 187 148 73 180 37 199 77 45 173 132 194 90 52 79 82 167 36 22 199 137 68 124 44 67 159 10 172 81 200 44 65 144 51 48 170 167 92 147 119 38 32 70 33 164 35 13 24 150 17 180 27 145 122 52 99 177 170 196 92
183 107 124 95 40 65 155 26 40 198 28 160 112 188 89 186 62 6 39 78 85 83 124 154 4 179 193 146 47 121 160 62 176 120 166 91 72 44 162 121 106 71 34 10 142 58 54 4 9 143 117 5 134 198 130 43 196 34 110 168 37 188 63 24 60 26 111 151 82 128 138 66 192 82 146 134 90 199 196 128
57 14 121 10 26 92 33 17 94 23 16 81 159 77 62 176 189 157 132 20 60 182 74 86 192 124 18 94 173 131 39 58 17 78 77 168 47 137 51 62 57 85 27 82 82 96 67 132 159 34 4 115 79 19 151 151 141 129 144 42 114 108 103 174 173 49 183 185 11 158 150 126 142 94 153 186 3 24 175 8
171 123 94 67 121 168 92 170 62 141 102 11 43 155 190 4 87 112 29 143 107 187 32 174 15 117 87 33 141 106 129 26 129 15 32 179 139 132 159 186 13 100 141 165 37 88 99 99 84 99 179 60 192 154 155 61 78 57 97 162 184 51 24 13 136 141 127 183 91 95 153 52 52 61 174 127 127 112 170 181
88 127 124 122 144 174 36 178 17 109 112 2 55 75 58 92 73 159 118 180 126 56 55 24 29 139 22 188 52 13 36 52 193 39 76 146 152 3 45 162 140 4 148 146 28 19 86 59 40 23 100 51 107 9 75 36 111 145 194 65 182 117 189 11 190 192 44 117 26 145 171 161 71 182 34 156 74 141 45 40
95 160 186 16 18 104 95 137 151 33 115 19 48 75 70 104 96 133 170 104 171 91 41 13 42 53 166 40 140 75 13 19 51 195 195 80 59 3 149 142 185 131 15 131 45 62 68 63 2 137 142 45 15 144 125 192 14 53 134 62 22 48 11 200 54 118 156 3 105 153 7 187 90 45 47 1 199 64 72 126
198 63 25 147 46 122 153 156 111 152 17 60 143 93 21 180 126 43 53 124 38 96 66 25 166 190 133 9 79 184 188 172 161 66 167 140 190 124 42 161 76 166 82 21 41 172 4 15 3 195 55 4 154 78 151 99 139 93 48 126 14 12 83 3 127 181 28 152 147 57 32 31 142 82 28 141 59 78 85 147
183 55 10 85 150 119 103 140 178 75 180 96 18 161 76 53 106 164 151 91 63 22 182 14 179 2 5 47 191 152 151 48 134 76 82 121 182 92 28 111 55 19 179 78 137 4 72 94 178 92 37 1 143 198 172 10 138 17 118 168 48 198 130 122 184 180 154 110 87 164 175 152 185 144 161 31 88 74 66 142
189 147 181 112 130 53 162 151 69 106 72 19 34 92 118 54 37 122 140 35 66 164 152 169 34 87 183 55 13 71 110 55 15 69 55 36 66 113 183 60 76 2 166 180 148 100 153 60 81 196 78 108 101 30 25 139 67 19 20 10 170 71 144 42 13 27 157 166 67 143 85 35 54 194 168 164 164 105 61 196
50 27 9 142 129 46 30 43 108 86 40 43 140 92 83 152 198 91 83 109 180 198 96 149 113 37 75 7 157 59 190 32 84 191 31 158 138 67 45 144 3 71 4 187 6 175 53 60 173 117 184 141 15 146 184 114 16 42 109 130 90 38 92 76 62 76 111 135 4 52 84 109 130 101 5 117 191 21 171 9
160 100 134 60 127 115 38 180 94 144 35 130 59 46 172 46 85 58 86 18 85 95 159 197 41 57 55 197 106 121 194 29 36 109 18 65 100 158 78 63 165 135 142 120 125 10 7 145 171 196 155 114 96 126 81 191 20 90 8 180 92 108 166 130 2 24 150 166 151 47 83 94 55 114 34 171 135 33 150 6
179 120 2 56 73 29 82 21 90 136 115 54 198 73 74 110 112 17 36 165 21 182 35 102 66 25 38 75 148 18 18 76 109 6 177 103 182 169 199 169 190 176 86 119 3 12 52 7 189 100 56 53 136 65 89 114 46 190 40 192 189 57 16 27 171 61 107 56 59 28 8 82 186 128 150 196 156 54 195 200
63 60 43 45 99 172 69 40 48 129 85 140 47 196 167 88 159 194 112 145 26 179 103 189 134 72 159 193 62 122 25 42 193 30 14 28 180 175 7 44 31 157 189 47 179 13 165 4 174 9 49 101 51 91 178 6 186 166 3 68 125 103 26 109 140 122 135 196 193 164 1 77 99 173 59 62 96 97 175 36
181 178 61 134 77 180 177 25 34 64 29 73 102 16 8 10 100 3 14 115 144 126 71 37 103 151 39 95 147 186 140 31 14 133 26 130 161 170 153 71 52 14 166 48 132 50 74 33 194 102 169 35 143 127 20 177 51 111 168 68 73 165 137 171 20 8 72 168 161 98 62 121 79 4 186 66 192 7 74 35
173 98 176 193 63 89 173 27 107 186 40 50 103 108 139 187 86 31 133 74 149 33 41 78 40 142 21 163 44 79 62 179 70 161 12 127 131 92 160 142 147 44 33 25 173 175 178 82 152 133 185 163 63 71 76 159 117 111 96 58 101 156 104 113 49 162 54 120 49 104 164 48 105 174 142 105 154 131 199 171
194 177 28 150 99 101 54 125 56 105 196 37 6 184 88 46 84 70 88 98 51 120 198 171 153 90 93 145 78 189 141 29 119 196 148 143 149 11 56 54 87 140 164 125 198 57 111 145 67 13 104 86 73 76 112 71 151 4 8 114 36 81 115 122 167 14 101 195 160 91 11 132 15 139 76 164 118 68 48 25
29 102 21 132 116 88 33 20 24 84 79 35 54 199 188 13 182 44 78 4 107 190 158 138 31 148 81 31 131 4 181 110 145 160 25 14 90 153 189 143 62 3 110 199 184 128 195 5 47 110 184 113 53 89 71 61 150 140 25 97 25 51 6 88 169 100 58 193 116 192 152 116 161 123 19 165 147 194 33 84
68 94 18 65 12 127 11 58 83 100 198 149 92 181 28 5 83 66 38 29 150 31 158 98 82 168 190 166 96 67 170 111 114 13 105 10 76 97 97 6 124 59 107 148 98 67 118 150 32 192 121 80 74 62 108 180 20 107 81 2 1 67 99 182 167 9 85 198 101 48 87 94 96 196 156 197 101 167 27 19
170 144 80 49 64 157 149 194 81 25 168 94 111 164 42 98 159 78 114 195 112 85 106 38 148 189 154 187 81 178 30 11 183 31 104 58 169 177 4 15 54 105 11 18 164 102 137 124 134 103 121 48 177 37 196 46 23 195 197 149 141 137 105 35 98 176 42 151 94 149 188 85 67 144 70 65 167 196 111 7
12 156 21 151 46 128 77 119 15 87 137 62 198 36 200 146 176 73 139 31 103 45 124 177 128 125 51 70 133 105 51 12 91 105 12 196 59 160 74 176 177 13 75 108 186 198 29 129 46 184 7 127 142 14 198 111 180 82 150 57 17 105 7 141 160 26 84 141 37 70 98 105 26 47 3 84 155 91 167 61
76 163 65 119 80 71 109 80 88 47 195 19 147 41 70 196 51 4 32 172 194 154 161 53 166 187 16 124 77 102 142 106 172 51 16 135 191 119 136 130 120 149 189 29 121 76 171 85 157 161 151 56 57 113 166 188 66 38 64 68 36 36 149 34 107 145 164 13 87 100 182 26 4 56 37 133 17 175 73 109
17 1 22 194 155 165 64 103 159 107 174 25 10 78 135 104 46 72 1 129 52 91 175 23 53 186 38 51 64 73 36 125 126 142 81 104 155 136 131 159 6 120 85 7 71 76 25 55 153 24 36 19 90 55 63 115 175 66 29 181 112 131 60 129 28 179 86 200 3 43 30 112 72 150 128 58 42 38 137 144
79 196 26 32 123 124 140 10 49 151 111 127 32 86 197 163 67 117 22 58 67 176 158 144 138 94 13 108 26 77 16 198 12 79 183 1 91 63 29 18 32 87 8 7 73 132 191 19 130 123 120 21 108 18 91 96 19 169 34 169 49 159 26 191 86 95 153 50 81 20 82 195 86 114 59 37 47 69 31 133
116 33 114 78 51 9 124 89 179 52 36 46 4 130 167 130 135 68 155 72 50 10 43 134 89 118 123 147 106 11 79 121 31 7 63 194 139 122 80 45 64 53 119 35 16 122 85 78 101 63 42 41 198 171 163 81 79 85 200 182 62 91 155 19 1 71 168 166 57 150 9 1 49 15 139 165 170 78 74 164
122 27 22 162 108 134 111 74 23 22 103 82 187 187 157 14 146 20 179 145 97 124 69 188 16 51 190 105 15 200 22 190 153 124 59 23 174 48 1 57 10 111 87 110 154 181 164 66 185 67 179 120 147 193 178 73 165 61 62 180 38 117 173 18 77 10 61 175 138 190 125 20 177 200 21 27 164 164 175 73
21 43 134 27 11 47 161 143 199 169 92 64 2 155 92 174 175 140 67 17 41 44 17 53 136 180 149 114 170 100 81 197 49 118 196 97 166 47 111 193 100 177 150 15 38 175 124 64 106 35 131 184 73 193 170 173 105 67 181 67 171 55 12 33 32 9 40 139 185 112 160 94 146 34 110 120 191 77 197 131
143 74 96 166 190 90 122 94 145 59 170 1 100 60 39 132 160 8 8 24 6 137 136 72 152 53 130 23 143 61 108 146 53 170 117 38 27 35 55 50 190 156 21 182 29 114 50 170 65 127 142 123 146 162 72 16 175 7 38 48 100 104 130 187 132 162 5 46 105 190 90 139 172 26 109 9 139 28 177 51
165 150 173 37 171 105 110 185 92 98 133 25 72 10 67 54 99 103 65 184 17 154 171 15 58 125 11 42 178 133 134 16 194 132 47 194 189 6 182 47 131 190 164 89 127 50 75 118 27 112 72 190 43 136 57 59 51 65 124 42 111 13 140 51 106 185 182 94 156 58 66 117 194 50 133 135 18 86 156 16
1 27 111 66 6 153 36 145 53 143 190 191 165 164 81 55 9 35 4 151 198 106 93 91 23 92 20 26 21 16 105 165 71 86 133 136 34 75 58 166 43 101 100 141 49 118 119 96 59 165 118 92 178 170 199 198 193 105 63 69 72 151 7 70 11 105 48 49 123 64 30 166 157 164 4 101 139 187 160 89
180 142 32 171 191 111 149 58 20 62 68 124 20 189 104 125 87 97 162 49 126 151 33 166 89 17 190 24 112 102 112 81 164 189 13 118 162 118 122 83 2 121 14 88 98 126 44 39 182 158 67 28 198 124 53 155 185 30 120 190 24 19 34 89 127 12 131 191 62 4 45 195 22 121 164 117 193 197 10 94
21 20 52 32 136 122 10 167 109 102 146 176 62 155 64 38 16 103 79 87 165 51 18 83 8 121 12 22 114 185 167 9 199 153 27 79 110 87 4 144 19 179 51 102 101 184 156 192 69 69 198 145 158 187 195 141 156 182 99 148 109 6 53 90 108 59 178 165 24 87 21 137 39 175 84 132 197 161 78 131
61 24 192 41 17 84 101 64 151 58 190 55 99 173 101 129 151 17 188 109 150 128 58 88 199 55 104 54 179 180 112 62 163 15 147 1 31 31 163 164 192 109 103 22 170 30 109 75 81 47 173 75 136 138 151 88 38 155 2 169 140 3 136 60 184 18 156 149 87 191 195 105 42 120 49 8 84 61 23 4
188 78 111 36 78 2 118 81 7 38 90 146 45 161 23 38 115 179 108 151 102 130 79 45 130 150 122 28 46 93 95 167 93 85 132 32 144 69 158 83 79 122 62 178 124 176 112 33 162 190 68 14 172 108 98 60 129 94 52 50 143 86 19 13 44 180 73 135 165 120 145 9 169 30 51 176 91 51 49 32
6 89 184 154 114 53 33 195 111 160 152 59 165 62 134 186 153 111 30 188 80 176 51 103 123 81 64 94 56 97 21 42 110 165 116 103 105 43 17 113 64 102 164 93 182 111 41 100 21 82 45 24 47 76 195 151 175 62 125 34 89 56 72 171 195 54 183 156 175 108 12 99 182 197 44 182 46 171 20 160
123 87 1 187 54 163 118 17 1 185 119 11 187 170 69 80 33 93 96 50 41 155 128 103 147 18 10 1 15 104 106 154 62 151 148 87 194 37 97 134 23 103 113 117 193 1 180 105 23 44 119 158 135 173 191 156 129 160 186 166 182 89 3 74 199 165 5 15 44 11 135 184 92 123 56 43 185 40 137 70
13 73 38 150 144 188 57 19 98 59 161 52 72 145 35 66 132 85 172 120 76 193 4 64 65 17 192 178 60 91 52 126 137 168 18 194 13 34 143 173 176 22 75 32 175 198 43 9 133 200 11 48 58 62 149 182 134 169 64 124 117 26 33 54 8 54 2 144 148 117 145 173 107 114 88 111 186 180 121 42
14 10 16 185 86 88 28 109 125 28 131 187 172 182 84 100 81 102 96 132 159 37 39 95 198 125 84 135 129 150 24 113 124 55 56 83 102 89 1 95 191 59 110 49 98 40 59 157 4 117 38 6 48 42 152 98 32 21 163 100 191 89 9 179 8 55 43 175 1 72 10 51 140 82 122 152 33 84 135 35
121 104 59 134 155 136 113 49 114 198 28 82 129 99 27 60 120 98 40 94 101 175 20 31 108 13 57 36 63 7 198 6 93 47 30 76 190 149 21 183 118 46 114 171 109 106 143 104 136 40 18 163 84 68 200 32 82 5 43 20 137 44 155 159 116 188 109 124 183 156 29 192 197 45 161 178 175 121 18 107
146 163 23 187 68 111 197 190 28 188 14 152 34 35 144 43 10 17 139 40 186 42 2 148 40 128 90 25 15 62 196 103 177 189 59 22 9 175 99 184 11 190 6 92 159 30 91 63 148 138 70 165 46 17 48 145 106 66 132 83 183 53 140 108 107 106 87 80 161 17 15 166 141 79 57 166 41 134 157 148
189 57 89 168 113 123 190 188 35 142 168 125 1 105 161 29 76 74 186 84 184 61 99 178 98 167 128 149 78 33 140 64 148 200 31 121 138 97 5 4 45 138 26 26 74 66 104 196 198 134 47 87 67 171 31 27 174 44 196 124 95 2 54 128 66 180 133 7 42 177 83 111 128 194 195 117 188 135 25 71
158 43 180 153 54 178 10 141 73 128 36 177 61 120 23 107 178 85 195 64 150 181 198 56 84 185 98 174 55 102 80 96 166 166 9 197 111 87 78 100 75 130 92 169 132 92 146 141 22 95 21 83 87 5 194 109 6 39 128 2 112 33 158 186 83 172 62 149 31 70 166 145 16 191 156 84 130 86 36 150
55 62 199 81 33 173 46 198 55 20 4 81 91 73 200 81 161 172 188 120 87 148 84 79 140 88 77 22 109 167 54 44 123 83 157 195 130 22 90 80 193 110 160 46 55 65 151 90 64 75 16 21 24 165 117 97 196 71 196 162 198 16 32 126 40 92 128 145 24 18 71 165 174 69 61 43 145 79 172 169
128 74 97 61 193 175 74 74 153 34 131 9 132 161 12 61 139 49 77 77 10 147 164 94 84 197 138 61 152 177 80 161 150 170 135 75 172 117 47 135 37 200 15 182 13 143 88 117 61 82 48 34 12 40 28 157 28 114 151 18 150 9 82 108 35 2 181 193 169 66 81 80 69 15 111 162 3 38 5 86
170 197 93 114 113 95 45 191 90 8 115 183 38 180 113 153 83 131 156 1 45 106 42 44 107 141 138 56 198 6 98 24 26 114 81 52 170 49 143 33 146 17 161 138 157 115 192 57 97 60 58 52 194 177 130 45 63 5 11 10 122 29 73 105 190 29 113 111 126 129 7 15 135 147 193 54 13 184 24 163
31 89 197 199 141 195 55 168 165 73 83 96 144 44 197 197 197 93 133 134 158 110 105 108 54 112 155 151 131 40 125 143 21 74 176 135 17 91 164 174 16 20 129 118 33 24 113 190 138 122 149 177 157 199 173 160 163 84 191 44 74 185 28 124 72 131 127 41 91 89 23 149 145 17 40 132 77 82 35 110
74 44 103 156 112 199 13 146 152 162 23 123 132 146 170 149 95 109 111 24 74 16 63 2 177 79 101 107 93 33 6 99 25 86 136 88 35 188 193 16 61 111 34 96 56 19 82 194 40 4 10 142 129 78 74 150 135 164 98 32 119 124 53 69 169 11 36 100 120 88 20 139 9 96 60 79 2 99 82 38
76 120 27 176 68 84 103 92 14 172 60 180 32 65 48 173 7 97 118 152 52 169 119 51 153 197 42 31 87 149 167 100 80 47 95 76 96 11 151 8 110 59 196 182 165 59 66 156 7 176 68 66 45 64 63 74 125 109 168 87 169 197 133 118 142 135 53 30 93 151 5 55 45 26 53 113 90 182 21 85
20 134 148 118 47 75 16 84 110 34 152 105 91 60 34 79 135 157 35 114 177 28 27 29 103 80 187 156 73 66 92 17 197 37 133 27 25 20 56 96 172 109 180 117 108 152 44 176 18 160 111 12 148 51 139 143 24 196 148 100 167 105 103 156 86 195 170 32 77 195 71 72 120 164 180 159 11 157 58 86
133 141 159 13 92 58 173 151 99 122 116 40 79 102 185 188 121 90 51 140 176 83 48 105 75 120 165 113 176 141 55 136 164 121 112 16 14 76 132 61 40 27 112 147 47 172 179 96 83 17 121 24 110 156 107 169 198 15 159 17 67 200 91 38 99 186 10 47 46 51 98 88 44 24 154 11 183 78 9 98
199 19 160 187 128 184 143 98 48 41 127 151 110 65 81 162 64 171 81 3 117 109 121 178 197 109 114 128 37 27 96 98 155 183 47 138 142 101 100 71 100 160 31 47 196 69 10 12 185 51 27 72 184 27 65 157 106 32 17 173 86 27 102 193 176 97 78 35 130 182 108 122 184 147 162 3 78 35 157 151
62 81 167 34 65 75 194 25 113 78 86 98 137 68 67 66 199 41 112 82 183 83 150 190 183 38 181 120 83 122 179 66 111 106 93 152 180 52 169 29 77 189 162 8 154 137 84 95 164 54 119 21 108 20 53 164 54 51 84 157 145 200 32 129 145 119 116 100 160 46 156 162 31 54 169 44 62 179 126 44
36 75 190 127 11 91 41 86 57 44 134 6 87 188 186 126 90 180 2 54 56 36 135 130 122 126 26 173 58 142 16 73 41 115 49 119 136 163 64 32 64 143 146 165 187 159 92 94 109 114 150 4 139 23 74 51 130 41 151 18 89 74 115 73 98 58 1 41 90 98 12 24 115 161 157 128 12 96 147 55
97 87 163 184 62 124 172 82 188 100 94 171 61 66 47 140 142 83 131 67 67 108 137 184 155 168 133 65 135 19 113 136 31 187 89 101 164 168 59 106 59 99 79 182 60 156 134 118 89 16 64 108 138 39 47 199 65 104 180 140 92 26 168 80 181 180 193 18 24 101 77 81 139 50 81 62 161 81 91 200
46 30 57 66 67 194 114 46 173 80 59 39 76 59 79 100 126 180 127 76 92 42 28 163 168 131 141 154 66 87 82 119 114 59 157 157 74 114 128 75 26 75 88 123 170 22 3 33 123 126 7 151 66 12 28 62 188 148 170 143 109 145 92 82 99 169 101 63 28 79 7 154 67 85 121 190 53 93 78 162
164 125 183 159 83 8 185 8 76 100 90 155 8 18 48 139 189 147 163 6 22 13 132 188 73 12 13 193 100 43 187 117 187 89 46 130 182 147 130 58 6 54 193 159 198 152 63 191 131 142 134 158 127 123 30 15 152 136 22 151 113 22 61 5 125 57 187 20 174 92 76 19 152 112 12 11 77 41 40 47
10 163 19 23 43 155 185 105 129 9 189 148 22 24 99 100 176 116 143 195 59 147 3 79 85 3 65 60 87 134 47 174 68 93 185 92 173 183 190 140 64 198 99 181 38 182 23 103 129 159 189 35 47 32 179 51 108 11 95 170 20 106 40 101 111 35 54 50 200 122 188 120 111 163 195 192 156 85 173 132
131 80 29 96 26 57 156 200 59 2 83 19 106 148 29 125 134 18 99 93 43 31 147 70 18 189 78 107 135 5 65 34 73 69 16 173 30 156 36 89 63 15 99 28 46 36 20 111 102 55 135 170 164 2 169 126 174 61 65 131 197 74 178 200 112 41 185 34 21 135 73 80 45 196 117 148 11 164 12 144
