30 	
47	48
1	1	1	221	6	
0	2	7	307	5	
1	7	1	79	4	
1	9	7	269	1	
0	8	3	273	5	
1	9	8	213	3	
1	9	6	279	8	
1	1	2	3	1	
0	2	2	147	4	
1	3	6	19	9	
1	9	3	100	7	
1	7	8	70	9	
0	5	7	174	6	
0	2	7	155	7	
0	9	1	191	2	
1	7	8	294	8	
1	6	6	41	7	
0	1	6	119	9	
1	4	4	65	5	
0	4	7	28	9	
1	6	5	208	2	
0	5	5	109	4	
0	7	3	226	7	
0	1	8	264	7	
0	3	9	303	1	
0	9	1	198	9	
0	6	4	89	1	
1	6	1	237	8	
1	7	8	188	7	
0	7	2	250	9	
194 112 126 175 63 62 25 18 182 20 89 148 11 111 41 30 77 53 163 19 187 54 169 177 169 6 187 69 137 157
189 113 176 178 175 155 43 3 103 191 53 35 98 184 193 14 149 76 110 168 79 89 114 185 195 120 14 15 51 108
148 178 107 36 33 50 142 134 127 76 182 114 154 109 16 30 182 194 124 108 180 45 149 173 69 194 78 50 46 190
157 21 84 55 84 29 72 103 119 118 172 193 142 65 140 83 54 149 47 14 51 42 161 31 102 65 32 142 154 70
165 2 86 65 86 158 119 47 155 46 60 24 98 96 115 50 32 194 70 107 101 108 25 158 41 96 108 100 158 90
29 122 67 120 10 66 164 93 27 124 170 5 87 64 68 143 174 179 119 18 195 105 80 101 59 118 31 128 99 142
143 47 23 165 64 83 26 70 67 99 101 189 57 145 38 100 87 166 4 76 161 56 37 14 112 152 94 16 146 79
113 146 133 195 95 84 77 30 35 141 2 168 8 79 171 64 38 87 112 160 109 74 46 20 49 119 180 42 144 55
174 103 123 119 196 155 189 127 133 56 44 171 7 175 195 185 199 199 105 137 31 71 97 172 126 9 83 9 149 196
36 44 124 54 31 129 28 87 181 96 167 54 155 52 94 10 168 97 107 135 176 34 170 129 174 51 87 51 200 39
197 52 198 15 172 134 180 88 74 6 182 38 94 2 166 118 116 111 2 180 56 107 126 97 197 195 51 88 126 77
156 129 27 28 170 99 82 15 176 52 16 75 30 29 112 34 173 68 62 113 23 200 54 143 68 22 31 79 42 42
54 156 165 132 174 112 52 90 178 57 178 112 174 89 167 115 147 45 181 82 165 155 81 131 7 8 41 173 132 52
195 83 157 111 24 100 145 68 37 147 40 136 10 141 114 70 109 30 18 195 88 71 26 196 67 68 195 69 106 115
5 174 3 53 187 169 62 74 69 160 129 90 135 74 25 54 104 20 39 109 180 194 193 19 68 103 26 51 31 55
128 17 187 25 69 179 59 123 143 57 15 13 27 43 189 98 28 54 153 147 87 61 92 1 173 46 110 195 141 200
171 112 129 33 68 64 53 126 101 62 120 144 34 112 137 128 176 121 47 20 44 33 4 121 121 23 124 177 71 193
192 4 177 156 160 1 136 38 91 72 169 198 127 95 110 185 170 22 171 147 130 55 40 156 60 150 145 162 102 147
105 70 179 50 89 173 39 23 29 12 158 45 54 72 70 193 139 91 80 30 31 14 37 182 105 115 181 88 42 148
162 198 89 2 194 101 116 16 1 151 140 78 121 106 146 199 138 182 12 21 127 37 136 191 190 77 188 71 28 128
142 132 145 77 137 23 114 78 59 10 195 122 145 189 40 186 101 176 98 179 192 56 10 60 48 140 155 43 170 143
60 108 153 76 144 143 167 27 129 119 138 147 143 91 2 28 51 31 141 64 132 150 121 22 27 43 138 152 110 150
77 60 28 163 166 58 85 136 132 187 102 8 86 56 80 41 24 177 151 7 100 23 10 128 97 8 154 200 58 172
118 60 110 182 1 3 157 172 192 73 136 113 91 33 38 174 184 103 151 41 129 15 186 179 8 103 145 147 48 191
15 47 193 106 87 10 11 113 136 17 105 138 24 149 71 144 145 163 14 163 34 172 92 58 16 67 42 169 46 66
112 107 199 58 147 102 149 17 185 144 139 157 137 15 16 95 106 144 90 110 10 52 23 186 200 94 192 190 199 121
140 137 81 162 127 146 48 196 165 140 86 123 141 189 38 99 198 43 22 47 161 145 160 118 139 14 39 5 121 178
199 85 45 142 33 153 10 97 179 185 64 136 195 101 74 35 164 133 9 159 33 34 159 183 190 19 31 24 33 31
43 168 171 111 53 6 106 97 199 167 155 94 125 195 61 21 155 141 192 30 155 20 8 190 63 66 79 62 184 137
19 91 158 38 127 123 161 164 103 119 113 152 162 167 99 61 158 23 195 28 192 43 109 181 53 90 101 26 137 99
39 16 64 172 122 22 198 47 189 138 4 112 108 182 193 92 89 151 86 15 163 58 90 47 30 27 34 15 168 95
