70 	
18	60
1	2	3	365	4	
1	6	5	152	3	
0	6	9	195	3	
0	5	9	241	1	
1	4	3	465	8	
1	1	8	322	3	
1	6	3	342	8	
0	8	8	136	6	
0	6	8	307	8	
0	7	8	140	5	
1	2	2	178	8	
0	3	3	407	2	
0	4	2	243	3	
1	4	9	321	8	
0	6	3	270	6	
0	4	3	65	3	
0	3	1	303	4	
1	6	1	54	9	
0	8	4	286	7	
1	8	7	327	9	
1	5	8	230	6	
1	3	2	221	6	
0	2	1	119	1	
1	8	4	143	6	
1	1	9	118	5	
0	3	5	37	4	
0	6	1	175	7	
0	2	4	93	1	
0	4	2	469	2	
0	4	7	218	8	
1	3	7	486	5	
1	2	4	390	6	
1	6	4	371	7	
0	5	1	268	5	
0	2	9	361	3	
1	5	2	333	2	
1	7	5	243	4	
0	4	3	133	2	
1	7	8	387	4	
0	8	2	165	8	
0	6	1	192	1	
0	2	8	376	8	
1	9	8	416	9	
1	2	3	149	4	
0	7	8	186	9	
0	2	6	388	5	
1	9	5	126	9	
0	6	5	234	6	
0	8	7	448	5	
0	2	6	369	5	
0	6	4	227	4	
0	8	7	35	7	
1	5	1	383	6	
1	4	9	63	5	
0	2	1	267	1	
0	4	5	323	9	
0	5	7	463	9	
0	8	7	306	3	
1	6	5	362	2	
1	5	1	229	6	
0	1	7	378	7	
0	5	1	329	1	
0	2	4	232	6	
1	3	4	113	7	
0	7	6	313	2	
1	6	1	506	5	
1	9	1	18	2	
1	5	5	333	6	
1	9	8	159	5	
1	7	2	182	8	
118 187 71 74 96 89 86 91 5 127 199 70 11 35 184 41 93 22 85 135 81 32 165 3 125 60 41 60 82 29 5 179 43 82 106 122 22 41 159 145 28 176 120 48 196 192 61 114 150 116 96 2 62 54 93 118 183 127 2 176 176 28 76 28 52 196 130 84 49 187
99 41 103 127 166 35 178 168 141 66 61 126 168 79 193 7 194 93 176 3 67 46 192 68 93 140 57 138 51 88 94 96 118 94 125 174 173 117 20 106 61 91 44 139 42 198 122 177 107 156 27 172 189 2 173 177 74 73 14 84 14 51 91 83 93 183 124 78 12 164
145 124 56 103 22 82 2 113 186 139 79 171 138 103 183 27 136 5 19 155 5 116 153 155 50 168 176 89 140 16 6 8 73 65 50 1 14 153 13 49 30 195 73 27 19 139 27 72 171 57 155 98 54 41 86 7 131 155 163 188 98 45 73 166 146 65 33 22 73 31
58 144 92 117 75 193 102 81 39 131 140 128 75 77 150 3 50 97 80 191 181 60 50 45 181 65 125 100 122 57 73 43 102 116 199 37 158 77 24 159 74 169 17 155 180 39 112 7 13 128 151 43 133 83 16 43 119 192 42 134 170 101 87 157 109 135 43 169 68 129
195 170 95 167 149 16 151 42 114 6 4 34 128 24 39 116 140 115 150 123 124 164 176 130 148 71 20 8 95 141 99 68 100 58 27 84 25 71 198 51 166 193 42 95 129 33 21 126 109 71 26 127 191 115 34 133 173 124 100 24 96 1 124 167 7 174 64 76 1 135
71 100 11 173 87 95 191 172 111 111 199 80 50 121 14 138 25 113 166 146 131 125 194 189 183 189 29 61 130 101 183 97 30 83 8 9 182 161 104 186 72 55 16 64 45 132 92 200 127 109 45 155 67 165 105 68 81 175 171 19 77 85 104 125 184 118 136 50 159 79
52 175 134 8 38 138 124 87 143 124 58 64 149 152 31 126 77 17 192 117 177 75 88 105 124 144 151 74 82 112 2 83 135 79 68 5 153 111 167 37 68 15 163 110 176 71 183 91 38 61 66 71 115 128 78 192 53 154 57 192 192 120 157 65 41 46 95 53 109 193
137 175 63 154 91 51 51 27 20 155 73 36 81 129 81 65 184 98 193 174 196 74 158 85 130 129 71 33 199 54 137 183 5 136 10 78 65 56 4 131 46 173 27 46 165 132 112 159 86 103 185 98 187 25 5 79 164 52 111 143 59 151 17 4 101 194 2 164 91 183
2 107 91 138 81 67 133 173 162 157 188 3 196 3 98 173 177 159 155 122 105 88 75 132 102 5 70 125 70 48 142 168 185 197 151 193 194 40 55 44 200 160 198 191 40 27 25 162 14 124 146 104 155 52 151 157 91 78 40 137 3 186 65 67 57 161 84 6 36 118
180 47 46 8 112 147 39 89 143 104 59 139 181 50 74 174 52 106 80 64 190 166 90 71 98 82 196 144 123 76 47 21 131 109 148 41 177 181 32 195 154 87 166 153 122 109 169 50 152 50 124 158 126 182 83 169 110 173 154 165 1 119 42 154 87 41 64 91 134 47
139 92 65 162 145 141 81 13 68 153 78 42 188 174 177 22 25 90 17 13 161 185 127 166 46 99 92 169 35 33 153 131 101 152 161 178 11 67 179 139 5 157 88 117 145 156 195 39 60 183 76 52 127 23 135 197 101 128 18 200 169 51 173 76 128 142 62 162 44 165
100 88 20 75 133 135 48 106 44 93 139 154 125 134 129 3 154 161 35 118 51 43 64 79 108 38 34 98 35 155 123 106 25 24 123 191 178 113 107 175 125 39 8 5 77 39 25 81 100 115 69 38 6 56 195 86 30 200 185 133 168 37 50 170 73 8 45 158 192 135
41 14 200 58 8 117 182 42 22 151 176 183 44 119 46 110 32 75 75 198 189 56 199 159 157 166 104 18 153 169 173 86 180 136 142 60 143 160 95 127 134 91 143 64 45 132 33 54 103 149 175 65 25 92 84 25 8 46 3 62 196 97 28 54 165 52 100 18 126 191
99 188 83 146 5 172 69 60 36 119 184 193 3 123 154 57 113 85 153 191 109 63 168 189 159 124 149 92 176 123 149 85 82 99 16 134 161 50 3 37 163 105 90 57 132 197 85 149 154 182 181 174 60 115 105 45 87 5 177 112 61 19 63 125 157 15 159 192 36 169
33 137 40 134 107 157 51 54 77 28 110 74 34 147 176 33 181 150 188 107 147 102 58 15 138 183 15 62 194 76 121 74 159 69 11 170 132 4 142 149 28 169 108 68 84 104 115 161 166 149 69 141 175 114 98 181 6 96 159 85 145 22 27 99 195 156 182 175 80 123
185 57 126 191 112 40 115 64 146 14 86 62 159 48 158 180 144 108 128 77 150 157 31 85 55 34 75 191 189 131 113 147 20 187 40 2 178 71 139 154 167 3 111 11 37 46 117 187 25 65 191 39 104 48 82 171 95 132 38 25 14 162 79 165 118 26 164 168 124 36
74 176 32 195 105 94 152 48 33 41 41 168 176 17 169 129 168 131 32 140 75 11 52 2 44 64 110 145 140 196 120 147 22 72 46 95 175 25 117 73 179 102 127 88 122 33 108 186 158 44 57 10 164 184 50 133 25 132 15 128 47 46 172 198 58 122 183 160 166 77
182 14 165 88 172 95 89 6 115 152 10 169 25 65 24 175 114 99 176 105 27 111 144 39 42 51 53 27 47 168 83 62 66 105 160 91 138 51 160 42 131 120 5 55 22 174 140 91 169 46 193 9 21 198 33 138 177 37 153 13 33 193 166 122 110 31 174 67 147 129
81 6 168 178 63 140 174 114 116 58 59 167 64 167 11 3 102 167 118 100 196 110 38 198 117 189 155 149 110 33 70 149 188 85 11 60 139 153 98 24 151 9 197 175 132 31 30 55 182 199 98 19 196 3 20 60 24 74 98 174 65 199 81 21 40 1 171 160 174 157
99 163 56 155 141 178 194 101 55 194 34 3 26 89 144 89 103 58 150 59 37 88 35 170 187 52 153 119 179 58 35 22 109 91 42 166 126 86 9 117 125 11 10 145 41 163 137 74 34 55 153 127 160 181 5 94 110 187 125 1 15 24 106 90 95 136 198 104 45 50
101 91 45 27 76 106 177 121 100 150 3 26 105 167 150 197 84 94 76 149 81 90 157 200 196 33 7 185 177 118 180 108 104 172 73 34 29 164 191 82 185 176 30 141 74 192 146 110 35 59 2 108 112 166 165 3 162 64 99 72 104 132 162 168 1 137 200 29 184 186
142 137 25 139 167 147 186 147 180 32 158 40 147 40 26 11 123 33 195 140 118 116 21 95 43 59 139 42 172 50 196 78 38 8 154 85 137 156 64 115 59 141 112 170 113 81 82 168 134 18 160 51 167 108 111 6 110 195 144 118 56 3 66 173 197 158 87 193 59 61
106 58 120 62 9 141 26 144 177 122 8 165 46 55 141 117 26 135 27 26 37 176 173 21 54 71 120 5 40 92 75 157 85 20 136 75 96 62 12 66 139 143 147 149 134 139 51 137 177 117 99 69 9 65 102 76 129 86 134 38 47 167 169 59 121 156 79 149 55 100
93 80 84 197 70 69 130 104 110 78 78 143 67 167 55 23 144 118 85 92 60 110 198 64 188 1 130 192 10 161 193 57 118 60 148 63 166 145 169 133 112 25 59 120 21 80 41 38 61 21 1 61 61 174 110 103 20 136 36 3 8 48 53 119 180 48 152 74 16 183
11 131 126 164 101 161 189 104 83 92 58 113 27 156 6 112 9 85 81 71 78 61 163 198 51 57 36 10 2 162 108 92 73 16 6 95 102 6 44 138 182 197 5 7 148 97 20 65 83 174 124 61 66 19 191 161 173 59 119 120 105 33 109 15 162 136 20 185 127 163
4 89 22 135 160 137 176 51 151 70 52 55 35 163 6 51 175 121 29 131 130 113 121 70 60 88 10 92 164 68 2 27 58 37 118 188 166 11 132 141 78 97 41 167 49 187 149 51 178 114 51 60 61 51 123 111 83 194 126 135 130 49 47 67 49 188 105 117 71 163
131 46 153 73 132 133 176 68 130 100 159 121 24 91 200 171 9 195 22 113 95 27 111 144 58 63 90 59 190 92 47 131 130 75 130 146 63 35 34 102 96 191 143 7 28 183 92 83 22 155 112 66 77 90 16 14 76 43 160 190 75 122 140 79 200 95 145 136 82 137
18 72 39 198 177 193 177 41 102 13 168 139 136 127 129 13 122 195 173 162 62 17 147 187 48 55 93 54 146 154 19 153 65 52 5 187 159 5 148 184 57 102 186 190 149 17 110 127 137 28 104 47 174 12 33 12 137 58 93 37 85 189 162 195 152 132 173 190 155 115
20 30 111 134 177 52 163 139 21 4 37 134 85 122 171 180 93 130 24 86 15 17 138 135 71 70 66 86 58 61 69 179 64 63 164 130 94 148 176 20 93 157 84 188 151 163 196 56 170 80 178 88 140 96 27 174 42 154 46 70 142 102 183 110 179 84 107 66 6 47
141 82 189 92 5 48 151 90 160 98 8 114 2 22 187 99 48 10 142 93 34 148 130 4 136 80 75 103 12 31 52 113 3 79 103 152 8 145 98 177 2 89 127 103 26 33 21 191 193 125 160 145 166 54 179 139 106 6 144 163 128 194 100 116 68 182 15 177 196 24
80 106 131 161 96 82 7 78 69 184 43 47 48 107 58 103 47 174 50 121 190 93 115 193 181 12 138 170 51 161 6 62 137 34 65 76 35 81 52 137 161 165 192 27 64 149 31 102 108 138 84 45 62 66 115 24 90 169 5 57 102 101 158 113 109 43 85 55 164 115
153 175 197 17 189 81 177 111 5 111 55 14 91 167 191 17 132 164 58 27 90 64 44 44 56 187 7 99 102 148 121 107 78 143 48 135 10 34 17 80 196 78 140 98 196 15 54 105 93 109 59 158 50 69 91 8 182 52 47 124 146 142 106 154 168 170 31 174 146 196
17 41 194 150 40 96 79 104 173 154 81 154 110 30 2 135 99 184 120 94 68 30 146 63 103 31 117 156 64 167 94 24 65 10 63 62 159 136 41 74 164 80 48 180 157 85 51 183 65 149 143 24 46 71 149 40 171 147 156 118 185 92 84 48 21 60 55 55 169 127
42 155 55 135 5 98 65 189 171 72 86 50 168 80 149 145 16 92 106 157 160 84 128 162 53 89 94 113 50 1 118 83 29 146 180 184 147 27 79 78 143 25 106 129 181 141 192 109 52 135 160 45 162 34 104 146 17 100 174 95 6 145 18 62 137 43 14 20 173 199
191 86 185 102 43 135 90 91 198 31 1 141 103 47 143 147 180 96 41 94 143 45 54 183 79 157 88 129 155 60 151 84 195 83 194 145 119 60 92 185 190 69 27 136 171 179 110 96 80 62 22 166 36 163 93 186 67 124 39 9 123 109 89 22 85 136 88 165 147 125
110 115 76 17 75 178 48 137 59 38 141 187 20 23 197 194 190 154 146 70 170 101 35 43 5 200 30 147 160 64 37 154 104 32 148 65 175 73 51 112 193 108 194 152 200 44 94 144 83 198 23 138 170 109 47 22 200 18 114 111 144 136 145 35 123 109 32 82 98 87
81 78 17 33 119 147 121 99 30 87 187 63 169 191 113 163 23 69 93 2 136 62 20 191 120 74 104 17 82 120 34 44 183 134 27 156 151 42 24 120 50 157 155 184 176 137 156 72 38 112 52 36 146 18 32 18 190 101 16 75 150 55 142 50 19 58 160 129 63 73
146 191 111 9 133 34 48 2 155 5 22 30 122 170 159 86 169 80 199 126 111 168 190 49 174 13 46 62 20 150 68 156 188 196 10 138 46 161 33 124 149 2 33 19 14 111 16 1 80 102 79 133 56 114 191 49 162 197 140 10 150 173 102 108 132 118 195 65 79 123
166 143 92 122 119 135 50 149 80 59 177 132 61 152 30 32 142 78 27 32 121 68 157 174 13 179 177 89 151 157 60 94 72 97 194 63 8 71 26 121 88 99 14 16 40 27 94 132 5 101 57 183 52 105 98 120 18 62 122 122 199 146 11 121 176 115 3 194 145 19
90 165 18 107 97 148 169 163 113 6 176 114 129 100 65 124 78 53 186 126 70 32 53 91 159 88 25 24 108 17 64 64 111 140 27 200 151 34 14 108 58 96 70 139 194 65 156 140 53 34 73 55 89 3 45 109 1 16 140 140 96 121 143 89 128 7 198 200 124 115
6 31 112 180 32 60 19 188 42 81 122 6 70 144 80 87 54 38 60 3 116 44 88 61 72 160 183 105 53 2 68 50 121 66 24 178 199 30 157 53 51 9 113 91 31 70 161 98 45 53 19 31 176 199 51 30 107 101 66 33 68 15 43 47 50 148 101 74 2 25
179 26 174 127 39 27 53 72 188 155 164 18 57 181 48 200 66 151 175 25 81 92 144 40 169 56 126 38 97 199 52 61 156 190 130 185 156 64 129 115 200 107 181 12 86 159 38 64 82 42 56 40 88 143 144 56 91 122 51 74 105 24 57 56 60 89 62 130 176 1
111 151 176 161 27 150 16 11 109 177 59 179 87 122 20 97 145 191 105 46 185 155 38 44 25 132 171 166 164 27 17 46 147 64 50 191 149 147 1 56 21 113 156 92 152 152 84 85 5 172 109 122 138 100 73 1 128 60 12 60 2 161 152 197 98 122 44 36 21 21
106 198 54 14 49 26 88 28 82 62 33 50 194 85 28 58 69 86 127 154 79 72 152 5 27 169 169 71 156 114 84 56 44 54 95 4 188 181 164 183 52 72 131 143 25 106 199 159 181 15 147 190 163 45 105 174 45 78 175 194 59 129 182 35 199 105 80 55 104 28
163 169 193 106 49 99 75 31 131 120 17 117 106 192 138 116 172 141 197 42 45 167 108 181 56 167 53 108 88 175 144 133 173 160 187 156 175 163 137 171 119 107 194 27 199 177 185 61 156 106 182 148 141 40 13 96 194 170 10 94 197 112 130 198 150 184 140 156 40 88
132 44 95 36 24 50 190 136 38 36 40 195 185 169 57 14 136 103 190 90 95 44 2 83 179 177 34 121 143 7 32 31 146 27 176 63 105 1 107 61 115 12 103 186 32 97 128 49 11 142 94 151 34 21 25 146 173 183 145 54 190 43 147 96 28 108 44 35 50 166
161 23 179 178 193 31 125 76 19 175 79 177 186 154 43 6 13 41 121 78 78 91 122 121 162 132 14 3 113 40 43 57 25 94 139 138 81 172 128 63 200 9 130 154 142 45 167 14 8 176 50 116 190 39 151 83 34 64 173 150 169 144 140 89 55 117 21 74 70 59
76 132 34 98 51 152 3 114 7 19 17 187 66 172 74 81 20 6 171 162 27 193 22 179 11 165 115 144 152 46 135 105 145 103 70 47 149 121 189 128 133 28 34 67 17 167 98 143 49 196 182 18 90 129 158 110 101 161 78 192 35 138 82 22 188 199 104 63 200 125
166 92 54 52 32 112 161 129 161 23 139 22 24 62 47 98 47 141 191 94 105 53 163 36 101 7 63 45 21 155 60 80 138 89 194 105 186 50 93 40 11 60 124 9 61 152 190 64 31 72 170 180 92 184 34 100 36 173 183 100 30 168 185 64 42 148 109 63 73 13
89 74 197 91 59 180 5 111 184 200 193 41 5 189 171 196 96 50 61 169 185 200 164 113 22 31 106 171 98 130 185 143 20 126 111 163 160 89 16 197 110 172 30 159 155 142 31 57 48 184 29 35 78 185 184 146 123 123 88 69 100 107 136 77 122 87 188 66 134 154
47 151 63 17 138 99 122 167 119 32 164 36 3 167 136 186 196 156 116 14 92 60 139 2 136 184 11 58 94 104 191 53 12 34 2 186 186 105 64 185 23 179 179 13 89 112 44 161 49 28 129 8 9 29 159 84 134 73 35 72 111 75 143 18 33 142 134 141 136 26
17 17 175 127 114 152 86 24 38 68 183 16 16 19 89 20 92 80 170 74 6 173 153 70 8 92 115 123 20 92 102 90 90 89 113 115 125 106 102 191 105 56 143 5 22 53 15 187 25 171 96 76 53 147 130 180 79 46 131 31 135 171 155 89 41 67 36 30 169 9
78 97 141 188 133 180 88 130 153 133 115 104 136 71 92 183 184 21 78 2 131 121 13 96 119 65 87 81 136 126 161 136 5 165 70 21 122 127 109 11 104 183 47 184 37 30 24 21 27 87 148 188 184 132 158 193 168 196 39 75 82 23 78 94 192 54 1 27 72 131
109 190 129 56 196 49 164 48 189 12 197 162 30 65 110 183 193 64 116 24 14 49 134 49 183 76 47 156 26 142 3 96 199 150 10 37 58 99 15 191 4 6 148 135 66 58 4 123 134 190 80 47 198 44 72 13 188 149 18 177 162 152 168 178 43 60 129 26 54 124
51 192 32 13 96 63 121 68 11 25 4 23 130 160 61 105 145 107 116 14 189 17 22 188 119 192 60 83 155 69 165 90 138 50 139 116 170 175 43 68 2 75 36 117 42 16 99 131 173 34 9 28 151 114 127 59 83 158 39 124 10 62 97 151 38 107 154 71 35 93
11 55 73 38 19 156 66 17 184 192 132 53 162 163 14 196 23 150 92 63 29 68 45 115 10 135 31 123 94 57 166 26 129 20 144 135 138 93 20 108 23 86 1 141 70 134 74 43 136 12 106 130 5 185 28 118 171 104 76 89 101 177 177 172 131 133 133 174 19 89
195 148 181 77 144 74 4 26 199 163 197 159 79 48 68 199 70 86 52 186 83 134 43 194 2 117 3 194 139 116 186 58 24 44 62 38 127 75 197 37 141 45 18 75 67 178 60 44 162 90 88 113 38 195 178 107 2 5 44 166 100 172 129 190 27 37 87 40 26 187
163 98 76 135 97 142 72 194 107 102 194 99 169 82 37 82 95 192 160 97 33 81 54 49 106 10 173 184 49 124 80 59 182 152 11 44 146 104 91 142 77 56 132 191 173 86 140 65 43 90 130 165 104 20 161 117 97 129 60 112 69 45 183 16 81 98 75 152 66 142
128 42 119 3 79 33 31 5 184 156 113 4 86 60 82 186 48 130 100 128 131 134 90 172 129 12 2 127 16 55 43 173 4 30 99 144 166 97 187 182 146 101 168 147 18 25 47 39 151 174 149 3 141 187 19 27 59 40 32 167 13 149 56 166 141 68 157 92 77 73
113 57 188 85 38 73 93 20 60 137 92 173 100 67 5 198 57 8 42 121 46 56 186 124 18 190 59 85 147 144 36 39 100 111 29 135 159 135 154 130 75 101 137 168 51 34 77 179 106 63 1 89 100 87 142 111 196 52 45 193 3 29 10 47 104 30 108 105 112 192
107 91 15 80 9 122 11 14 130 32 60 160 102 166 103 32 65 94 140 86 121 200 36 45 118 95 46 54 50 181 30 161 178 158 83 91 7 95 110 162 71 78 16 119 47 101 135 19 34 81 174 165 173 35 21 42 194 87 12 17 166 9 32 62 56 115 137 135 105 95
61 68 79 124 143 38 159 179 108 55 137 124 37 168 76 186 8 175 107 138 73 160 161 185 61 34 70 132 194 160 198 37 92 43 45 147 92 147 70 99 144 144 73 63 3 5 9 42 105 15 22 153 184 123 165 142 140 163 66 10 191 129 174 88 126 121 49 6 70 145
114 124 200 34 62 179 152 35 139 58 33 92 95 14 101 113 58 119 152 197 147 97 183 106 128 148 186 189 112 139 147 86 101 13 19 27 44 81 26 92 43 156 91 30 56 132 110 102 90 50 55 33 83 20 151 90 24 5 90 147 30 9 35 103 21 184 149 32 80 141
111 177 138 180 57 108 45 142 69 28 48 63 81 172 133 165 7 55 36 96 125 22 127 184 47 133 166 158 116 54 179 165 105 164 141 45 109 52 75 200 157 63 21 2 64 23 165 91 110 150 151 13 200 159 66 10 89 170 186 118 144 135 64 75 66 85 63 2 2 145
184 60 74 88 143 197 172 165 57 143 79 29 70 10 28 200 180 10 127 10 143 29 108 95 40 59 126 30 14 103 163 1 83 188 109 53 125 158 159 48 68 151 110 78 60 50 115 45 60 47 107 196 69 80 168 187 81 105 117 120 22 22 2 117 88 185 88 51 175 38
94 190 122 30 121 76 194 81 136 118 69 169 29 194 190 64 171 174 61 52 157 177 85 197 177 11 107 15 190 84 4 66 155 109 124 123 65 126 25 111 81 187 109 40 34 183 146 98 120 172 13 66 56 29 137 135 31 93 112 1 130 69 116 89 88 74 52 87 60 2
35 188 41 84 40 52 2 200 45 9 28 79 56 6 22 151 62 20 192 58 151 103 110 199 161 15 107 144 26 158 11 160 95 177 10 190 115 30 172 37 38 37 198 68 110 161 193 145 155 170 57 5 64 165 108 173 97 92 124 189 82 51 52 44 69 173 114 161 83 135
119 51 32 108 44 143 167 99 63 139 163 73 117 4 86 35 26 25 150 115 199 103 197 64 95 189 48 70 71 78 12 41 1 200 111 119 40 188 170 144 190 105 83 152 86 45 113 83 95 67 157 49 150 90 82 139 60 123 133 176 169 27 125 65 163 169 163 176 177 127
35 119 44 73 39 75 160 170 145 129 113 28 3 182 42 133 115 41 132 140 65 184 77 63 116 93 40 133 28 111 119 176 131 37 15 5 124 144 6 154 182 94 146 21 114 14 140 148 73 8 109 100 190 18 170 127 149 62 99 42 124 127 117 157 189 97 41 86 31 59
8 173 64 36 27 64 8 176 24 193 8 186 70 174 58 6 22 7 67 48 157 7 26 53 13 70 27 147 65 162 81 50 197 51 95 160 146 89 23 153 74 57 152 82 31 85 53 29 170 114 7 37 147 22 197 78 175 189 27 173 44 170 184 165 38 135 18 143 109 84
189 155 12 189 98 178 72 110 56 115 28 2 6 138 168 75 89 45 60 117 84 78 186 51 132 70 199 28 121 7 180 1 22 154 159 112 22 45 150 101 170 96 175 95 156 72 71 151 113 133 169 191 52 163 108 185 9 71 31 34 139 194 16 104 91 2 109 105 128 40
