30 	
45	81
0	6	1	28	2	
1	3	4	16	8	
1	3	6	19	2	
1	3	3	63	9	
0	3	4	58	7	
0	5	9	76	5	
0	2	1	87	5	
0	1	3	120	6	
1	1	5	54	4	
0	2	7	14	1	
0	4	2	101	9	
1	1	6	107	8	
1	3	6	68	6	
1	5	4	3	5	
0	5	2	97	7	
0	7	3	56	3	
0	9	4	91	6	
0	9	4	126	7	
0	1	9	62	8	
1	5	4	4	9	
0	5	6	56	4	
1	5	2	49	6	
1	8	9	74	3	
1	8	8	11	5	
1	7	6	66	5	
1	7	7	4	9	
0	3	7	37	2	
0	1	2	69	8	
0	9	1	56	4	
1	7	9	31	3	
161 109 83 15 187 40 36 106 113 82 141 200 117 101 85 104 79 75 166 104 74 162 56 184 103 33 132 75 143 122
148 168 181 33 96 36 170 190 178 133 63 152 189 192 69 93 146 148 48 85 31 80 137 82 184 90 125 9 89 85
182 179 75 132 95 148 42 172 92 17 52 12 198 144 119 186 189 84 129 151 153 159 65 52 72 160 25 191 184 61
52 136 162 159 176 54 168 15 90 102 157 121 45 58 101 69 162 127 186 175 163 78 78 140 40 122 150 62 85 153
193 137 54 113 153 164 28 144 57 29 91 173 194 99 68 90 131 83 90 121 17 24 117 43 16 70 82 111 134 87
102 146 126 41 123 75 163 90 187 146 71 40 43 117 141 192 191 153 21 121 18 195 64 128 141 195 2 80 145 86
138 157 35 50 131 109 200 184 183 104 199 151 175 18 4 172 187 112 83 164 186 106 68 50 46 165 151 108 195 81
148 188 194 70 31 102 184 14 78 164 156 89 2 96 121 76 79 86 199 74 161 2 13 44 132 190 97 138 44 95
33 82 177 26 83 108 139 92 64 119 140 138 110 60 25 190 58 14 26 159 24 99 31 106 94 163 39 61 101 63
176 21 193 167 64 115 17 115 7 21 67 104 197 43 32 135 170 192 57 175 35 2 109 102 137 11 186 162 14 73
164 179 14 3 101 133 56 31 101 35 91 141 95 114 84 29 144 110 187 196 140 75 152 127 46 173 108 114 70 75
140 65 173 195 1 183 120 154 14 185 47 117 9 181 178 120 57 135 82 141 143 160 27 166 29 81 105 158 82 11
141 80 198 166 56 104 43 36 170 10 44 32 142 125 105 196 27 10 118 110 193 197 29 183 107 104 110 124 179 50
134 108 181 189 189 90 103 130 134 34 121 119 49 23 144 161 13 146 162 24 200 53 45 38 170 181 183 79 156 3
61 31 172 140 73 19 110 178 143 68 51 60 122 115 105 188 64 5 177 119 10 156 109 96 148 104 99 129 14 6
146 74 93 34 24 87 43 178 117 154 169 150 17 129 131 176 59 159 72 152 89 161 181 70 114 75 170 195 194 82
92 76 136 108 124 123 129 52 45 70 52 9 151 110 11 20 17 29 69 111 100 13 48 168 137 114 127 52 96 114
121 81 55 167 35 129 87 31 118 67 50 184 195 139 141 198 70 48 62 180 151 48 25 101 84 131 92 179 35 29
51 123 163 86 31 65 97 28 95 69 3 140 68 179 166 38 169 82 123 19 181 112 194 17 12 118 184 164 93 127
22 59 154 60 40 67 76 103 37 57 109 198 39 179 45 93 93 128 6 126 164 157 36 189 19 136 93 21 6 23
106 185 113 179 138 26 24 188 46 156 136 39 105 60 153 4 31 145 117 48 33 96 111 14 159 161 51 124 95 66
163 2 137 147 76 73 88 129 10 38 79 77 32 53 111 65 144 44 84 75 184 25 84 75 180 99 114 22 103 34
163 27 48 30 151 115 31 170 173 98 27 141 97 103 137 115 86 178 50 24 188 38 79 161 49 163 51 67 39 170
107 36 117 173 160 152 158 57 99 154 108 141 155 90 86 61 167 142 142 193 124 156 176 73 105 182 82 129 178 78
20 195 1 123 184 170 107 4 79 161 141 185 186 116 45 184 155 63 72 146 181 135 25 137 147 145 162 144 199 169
182 102 31 58 77 50 76 150 58 56 141 194 198 130 131 72 51 146 59 123 147 73 179 74 188 13 179 69 5 22
76 135 32 162 171 142 17 53 141 45 85 85 162 51 166 22 155 195 197 43 163 154 175 27 146 70 53 38 95 171
154 68 23 104 143 127 147 12 68 145 84 148 107 77 64 184 153 18 93 192 135 154 134 163 135 71 122 91 52 122
83 39 141 29 162 31 110 51 131 120 43 139 35 195 48 61 84 73 107 147 6 50 13 163 67 67 102 125 179 3
99 134 99 200 124 39 39 185 19 44 167 21 112 153 86 67 9 171 1 111 135 85 37 59 11 67 55 79 189 22
22 45 135 40 1 196 169 86 47 84 52 140 28 86 142 109 155 97 72 70 171 11 111 113 199 10 109 200 162 20
