50 	
33	36
0	8	6	187	4	
0	2	1	169	9	
1	3	2	106	1	
1	8	8	217	5	
0	6	6	96	9	
1	5	9	143	5	
0	1	8	237	5	
1	2	1	54	9	
1	3	5	193	2	
0	7	5	185	7	
0	9	3	217	8	
1	8	4	21	2	
1	4	3	74	2	
1	4	7	149	2	
0	9	8	196	9	
0	4	7	26	6	
1	2	3	74	6	
0	4	1	0	1	
1	6	9	87	3	
1	4	8	175	5	
1	6	3	182	1	
1	4	9	3	7	
0	1	4	204	5	
0	3	7	228	4	
1	6	5	81	5	
1	5	2	94	6	
0	7	8	90	4	
1	2	3	49	5	
0	3	1	17	7	
0	3	9	43	1	
0	2	1	226	7	
1	5	4	217	8	
0	7	8	151	7	
0	9	2	61	5	
0	7	3	25	8	
0	7	8	52	8	
1	5	1	241	4	
1	6	7	180	1	
0	1	5	171	5	
0	9	4	190	4	
0	7	7	11	1	
1	4	3	15	5	
1	5	9	5	8	
1	8	4	130	5	
0	2	4	92	2	
1	2	6	141	9	
0	5	9	231	4	
1	6	7	210	8	
1	8	9	94	7	
0	3	5	1	7	
33 134 176 164 61 15 21 97 173 67 115 134 159 176 193 118 81 87 103 71 89 165 164 126 24 92 64 129 75 29 150 42 57 185 143 123 76 92 129 197 168 199 66 34 112 17 19 75 140 71
52 76 182 57 89 154 33 92 76 191 114 55 72 196 126 27 157 163 21 4 95 11 34 166 117 16 52 131 88 126 46 26 165 189 101 79 77 73 145 113 122 34 80 54 162 183 4 97 11 82
122 194 37 97 19 59 171 157 123 130 125 148 144 158 123 139 58 96 10 70 154 112 5 109 80 86 141 148 191 114 45 172 152 12 148 163 184 41 94 117 152 166 170 187 14 34 15 133 23 35
31 116 171 19 128 171 193 151 62 133 67 98 7 2 199 130 177 77 75 148 192 101 146 86 128 69 60 56 50 141 163 69 157 88 53 14 181 3 171 23 113 12 192 181 40 128 179 54 178 50
75 13 142 16 191 174 8 50 65 117 31 159 123 148 1 82 145 158 143 5 48 69 144 89 103 141 4 110 22 44 54 142 56 109 179 186 80 21 157 186 54 9 52 131 137 29 128 62 61 158
81 52 158 22 82 95 2 28 141 100 90 160 165 18 44 106 171 135 192 24 59 136 7 26 1 90 116 66 34 27 35 42 104 176 79 43 98 48 77 186 163 77 91 191 6 23 102 129 12 133
68 193 181 155 80 111 1 25 49 139 71 144 107 108 55 169 162 109 144 43 137 156 103 86 2 87 98 198 48 30 11 103 48 174 191 8 8 153 67 83 153 27 93 83 16 105 165 78 190 102
191 180 138 116 60 82 44 191 34 9 58 52 36 140 193 154 194 29 139 179 173 53 149 174 81 119 101 85 71 155 196 47 166 19 147 125 66 23 200 2 11 150 140 191 198 140 195 143 142 167
31 156 46 118 131 37 27 16 11 60 126 97 14 145 59 28 144 132 120 59 124 57 80 200 199 52 3 108 173 103 9 134 48 32 81 16 51 159 181 41 74 52 1 174 138 122 58 154 140 155
85 109 143 61 150 100 106 60 162 120 109 58 101 24 19 179 2 81 164 117 100 174 138 80 36 3 66 74 43 78 18 110 146 98 71 52 143 7 174 98 97 2 122 188 94 151 102 10 174 21
174 198 165 15 76 136 61 121 57 171 121 62 130 176 11 184 161 162 33 53 132 86 142 18 91 198 150 4 173 163 40 86 64 72 21 133 34 199 174 161 121 122 171 146 116 28 151 46 13 79
165 154 47 52 60 182 111 102 6 55 199 24 158 120 72 186 164 145 31 55 189 126 127 139 150 135 10 178 11 117 99 52 70 171 102 178 126 170 147 145 55 5 150 29 2 167 128 129 125 60
63 123 199 110 71 172 79 25 15 76 171 110 15 153 95 11 178 164 74 154 30 156 97 20 72 61 137 150 184 51 63 42 110 3 53 30 27 73 197 105 134 145 27 132 70 99 88 83 38 72
95 103 160 165 107 70 7 85 140 197 198 2 192 162 109 112 61 180 190 57 120 194 64 164 153 122 111 36 85 109 9 144 96 24 66 39 108 67 160 163 174 7 1 86 31 48 47 31 58 183
141 2 64 24 27 116 179 187 145 60 81 62 188 135 171 14 40 9 137 62 74 101 85 93 22 168 45 37 38 61 29 120 193 166 32 124 121 118 154 155 28 57 94 122 101 114 154 166 137 116
83 68 148 92 50 196 112 55 199 152 65 26 109 81 191 25 141 117 189 91 28 99 166 46 142 107 172 13 103 82 136 161 90 184 117 104 102 153 150 109 149 50 120 112 110 33 184 153 88 111
122 177 17 75 119 103 91 67 33 12 93 119 143 44 39 143 12 133 95 70 178 187 12 139 60 1 180 46 187 189 86 188 137 21 52 105 103 53 181 153 175 22 170 175 72 16 125 155 179 80
63 104 163 172 33 87 166 182 111 9 186 59 114 133 32 149 55 72 32 22 52 166 24 122 162 50 69 121 52 157 26 129 80 25 47 4 104 173 53 182 39 111 71 134 147 78 43 66 21 93
190 32 168 59 26 74 115 33 61 129 127 31 74 44 76 114 83 50 162 153 13 181 52 104 97 165 92 156 84 150 39 88 96 192 169 99 74 194 162 164 138 151 112 190 41 28 184 193 141 7
154 140 24 64 180 180 53 11 125 87 186 100 93 159 123 146 30 103 133 134 111 20 182 30 95 168 63 21 58 185 182 122 107 17 165 59 102 182 1 9 36 190 11 82 86 141 186 191 159 129
53 55 147 65 123 4 32 53 130 95 49 121 22 109 60 42 58 2 44 70 85 29 21 32 23 123 77 59 160 46 143 51 189 137 192 143 92 195 44 111 70 33 117 26 171 164 7 77 39 57
149 81 68 15 101 17 23 111 12 140 157 1 126 182 21 97 118 39 10 57 21 126 116 25 10 124 59 121 114 50 24 98 48 169 17 121 163 141 8 3 155 174 174 95 66 106 31 186 135 96
106 162 21 62 185 108 53 183 93 119 48 113 105 10 29 97 102 48 65 173 57 24 44 128 52 151 113 110 119 124 140 36 46 88 14 187 142 38 128 116 187 140 56 154 127 7 145 36 147 134
27 146 85 95 136 12 186 135 56 107 111 8 160 93 5 95 35 161 132 109 21 131 166 191 156 77 33 18 14 34 181 100 133 81 31 34 198 129 154 197 1 161 105 122 125 46 114 157 62 39
96 8 40 10 197 150 187 15 193 125 152 6 155 185 72 149 55 35 104 36 188 103 95 48 131 34 82 93 78 171 174 179 184 170 126 3 165 29 174 186 63 16 142 4 43 43 51 115 30 144
129 64 57 20 15 75 152 197 127 14 125 172 71 68 39 76 168 67 128 49 145 121 162 34 149 21 54 71 59 106 44 111 138 192 97 142 96 175 177 35 196 94 36 76 98 198 1 39 146 49
182 197 2 80 187 45 196 158 158 90 115 192 123 146 179 95 88 30 174 106 74 170 27 156 156 194 183 15 124 55 3 32 108 75 81 101 41 105 118 108 123 164 61 112 49 1 161 176 144 129
170 179 165 67 19 156 61 17 3 186 124 108 96 19 149 172 80 196 151 8 16 22 11 76 124 56 9 73 180 80 93 66 166 119 199 97 122 97 56 147 119 6 66 31 45 36 24 181 63 186
126 173 91 107 163 5 190 48 190 148 146 128 159 120 139 36 164 97 191 129 103 28 43 49 67 12 63 122 114 43 38 66 7 125 162 48 6 178 5 165 67 182 116 75 154 142 38 26 127 82
152 159 25 79 150 148 70 24 144 186 181 7 41 3 175 16 178 193 103 121 10 54 134 124 72 105 104 199 57 22 26 92 102 81 1 147 189 161 65 135 111 138 71 99 5 184 159 58 99 152
22 38 199 11 49 108 196 162 138 182 157 94 111 11 185 54 175 173 55 180 150 124 155 108 93 193 7 178 112 186 61 20 136 159 184 112 41 113 91 199 24 112 138 121 169 87 117 200 38 133
72 153 193 13 111 179 53 199 114 57 89 33 89 10 169 130 117 191 148 53 30 57 37 62 177 22 30 163 131 37 163 120 33 122 160 2 12 162 160 37 86 152 16 138 66 112 52 33 127 129
101 159 92 143 99 59 90 117 52 192 60 200 67 194 6 132 93 90 9 142 142 56 8 35 26 162 86 107 27 176 67 56 42 184 196 11 172 118 107 179 11 108 155 23 178 48 183 89 4 112
54 67 88 178 166 50 52 199 55 69 160 62 135 27 200 147 110 174 180 133 113 1 59 7 122 145 113 181 99 49 4 64 152 192 149 41 62 200 181 141 174 152 93 18 138 89 175 173 158 130
69 185 23 30 27 41 105 4 53 145 103 66 102 80 137 76 83 125 106 163 175 33 190 154 25 74 75 139 47 136 79 67 111 168 112 32 96 99 17 116 165 113 191 2 108 172 59 133 146 151
74 130 139 77 108 200 16 107 144 156 180 166 100 139 160 172 69 2 186 17 172 96 101 119 185 29 157 86 146 60 194 172 163 159 155 101 53 70 16 162 112 178 58 6 111 103 106 80 81 75
117 48 60 199 187 165 5 78 37 105 74 183 167 145 129 70 173 83 87 63 12 85 150 127 130 75 94 91 195 157 106 146 152 135 4 11 81 45 49 91 133 5 32 84 61 149 9 22 43 120
13 150 42 29 107 51 110 85 112 86 60 121 91 70 86 103 38 22 40 155 16 193 130 46 191 184 12 107 33 126 120 178 136 178 84 184 24 56 105 8 60 162 118 104 59 142 125 131 103 159
194 151 162 95 199 180 27 11 181 90 90 39 72 138 19 93 195 27 105 180 61 52 48 155 138 131 92 76 89 95 183 36 156 26 197 46 194 193 198 200 188 11 193 60 68 122 20 119 73 127
116 125 164 46 17 189 93 70 77 176 193 103 148 131 33 90 57 95 110 3 34 88 60 3 49 97 29 157 152 17 179 67 163 18 155 83 86 163 49 123 66 161 72 3 80 137 74 196 144 11
127 84 40 47 87 160 108 139 122 120 45 112 48 124 187 7 18 144 89 113 112 135 124 32 137 84 142 152 140 23 3 118 77 58 100 69 91 59 118 151 61 139 121 164 36 151 73 69 187 123
62 53 180 20 61 172 111 72 91 173 186 126 55 7 180 42 116 78 148 49 12 124 11 142 45 18 104 144 133 41 65 159 54 95 81 73 44 187 47 168 194 169 119 102 109 62 179 179 199 124
119 110 66 85 78 4 71 55 112 196 56 75 118 50 89 186 21 3 131 183 73 68 65 160 41 15 88 153 51 169 147 90 110 19 13 183 127 112 45 90 8 81 199 164 192 12 84 153 175 156
79 166 26 86 22 60 156 165 137 86 159 167 78 189 182 169 40 69 200 121 67 151 47 69 164 162 40 28 47 17 106 126 149 81 146 195 194 54 23 30 135 74 134 116 132 1 74 153 175 79
187 180 44 15 141 155 49 102 14 95 50 106 84 171 103 152 53 138 102 57 22 122 116 11 157 62 194 171 66 125 102 141 136 43 133 53 200 165 23 27 70 191 158 5 92 87 134 180 44 6
179 72 21 100 40 118 36 133 146 111 199 120 33 80 143 13 159 166 167 19 173 178 150 128 152 168 22 3 63 46 150 186 194 96 81 163 84 190 33 135 188 139 74 190 11 7 156 173 117 87
155 196 165 174 194 119 99 131 136 106 36 56 130 68 96 40 88 96 126 94 89 85 85 177 119 163 184 168 163 157 33 151 123 78 143 13 37 191 74 174 87 38 108 199 154 52 199 123 176 165
162 93 33 30 52 79 81 58 87 101 73 2 56 90 188 48 34 183 78 62 9 119 74 154 134 36 119 93 3 145 78 166 91 89 186 57 200 16 111 115 27 115 55 189 143 195 26 126 60 88
74 180 14 10 87 178 133 51 158 194 51 16 113 50 195 118 44 28 145 101 1 134 49 34 106 92 76 82 1 18 158 133 192 179 121 128 192 181 77 20 178 174 60 151 184 10 129 82 96 135
68 122 150 131 75 147 127 118 198 17 108 123 56 55 108 28 43 189 22 118 56 85 83 55 80 122 95 168 20 86 184 17 145 75 190 91 107 19 50 177 20 152 129 156 57 18 25 124 11 19
39 37 129 60 96 88 53 147 162 53 200 123 152 99 95 2 91 116 19 25 111 68 48 18 154 174 178 59 95 122 60 114 118 132 82 18 78 47 115 119 120 198 186 153 42 92 149 146 40 43
