70 	
10	11
0	2	1	123	6	
0	2	3	35	8	
0	4	9	15	7	
0	4	5	149	4	
1	2	8	7	8	
0	1	7	26	9	
0	6	6	138	8	
1	7	4	138	2	
0	3	4	17	4	
1	5	1	153	7	
0	1	5	53	8	
1	8	3	27	4	
0	7	8	106	4	
1	9	7	143	3	
0	7	1	64	2	
1	1	8	22	2	
0	8	9	72	2	
1	4	1	74	6	
0	7	6	131	7	
0	1	4	81	3	
1	3	3	61	8	
1	5	4	53	5	
0	4	5	83	4	
1	1	7	90	7	
0	1	6	147	8	
1	9	6	106	3	
0	6	7	108	9	
0	3	9	33	1	
0	3	2	59	2	
1	1	7	27	3	
1	4	3	10	1	
0	5	5	32	1	
0	7	9	63	6	
0	1	7	77	3	
0	6	4	101	7	
0	3	3	138	9	
0	2	2	144	2	
1	3	9	146	9	
1	1	2	59	6	
1	7	2	69	4	
1	5	1	21	2	
1	1	1	118	8	
0	7	7	157	2	
0	2	6	79	2	
0	1	3	100	9	
0	5	9	24	4	
0	6	7	16	8	
0	5	9	137	5	
1	9	6	39	6	
0	2	6	20	2	
1	4	7	66	4	
1	2	5	124	7	
0	7	2	14	6	
1	9	7	96	2	
1	8	9	124	1	
1	3	9	92	2	
1	5	9	12	5	
1	8	7	105	7	
1	8	5	47	2	
1	3	3	61	8	
0	9	5	118	8	
1	2	6	40	4	
1	4	8	5	8	
1	7	6	91	1	
1	7	4	12	7	
1	3	3	44	8	
0	8	9	127	4	
0	8	9	120	8	
1	7	8	52	6	
1	4	7	75	6	
170 67 84 189 112 130 71 85 152 187 183 9 5 64 131 36 2 172 125 99 176 148 56 110 97 86 114 12 136 193 24 141 149 62 10 114 92 11 81 187 68 147 111 5 117 78 154 153 154 167 10 180 64 184 191 18 142 10 147 79 22 17 136 87 143 62 185 128 43 71
174 70 107 164 82 144 100 172 126 150 143 176 109 67 57 184 8 72 33 43 109 22 85 120 111 154 181 55 197 13 193 88 122 194 165 116 78 102 153 172 168 56 174 168 164 156 136 152 111 87 124 21 146 127 28 118 40 167 98 192 180 58 63 148 154 115 173 145 120 101
171 60 19 134 95 180 132 20 116 26 60 193 51 123 51 169 71 148 65 137 59 13 79 47 90 133 19 79 71 195 132 39 108 135 47 61 102 196 13 54 165 11 191 119 100 147 100 130 128 95 191 196 107 183 165 85 91 150 88 155 80 92 112 82 53 14 60 190 126 136
38 175 17 128 43 144 189 165 156 150 148 181 1 172 66 94 114 101 177 160 123 159 99 184 68 91 93 46 128 100 185 187 82 15 182 145 117 51 13 113 180 68 160 123 57 169 70 158 95 168 105 108 160 37 168 197 8 112 45 45 5 103 32 15 109 96 160 41 172 94
11 119 131 91 181 108 132 169 161 195 24 193 168 109 99 104 38 95 168 132 140 155 144 163 127 99 88 187 174 23 25 24 57 120 55 174 17 7 54 88 16 195 83 70 46 161 125 194 82 97 106 46 123 89 95 3 89 19 9 84 136 164 191 128 156 195 48 45 82 125
14 98 130 170 122 22 33 149 70 150 92 13 125 13 167 137 194 104 98 35 87 191 172 48 140 37 61 48 61 85 106 178 118 195 192 109 141 23 78 40 150 104 107 54 68 108 158 162 87 174 174 71 171 38 19 24 179 19 10 178 48 53 82 152 190 185 1 88 19 178
64 141 190 104 178 198 190 22 98 139 18 30 86 56 88 83 31 112 181 30 175 167 19 74 87 71 116 14 36 97 134 6 99 107 5 175 174 24 158 199 31 44 111 151 14 29 177 125 81 176 72 66 113 43 104 2 100 155 190 183 116 153 46 160 102 99 3 169 4 174
77 92 11 26 159 167 64 69 164 154 4 149 197 119 159 200 18 147 71 100 141 133 75 85 35 138 177 191 64 158 70 41 18 88 190 58 16 5 131 101 98 192 143 139 15 118 188 148 160 142 111 154 41 179 42 86 110 39 132 125 136 4 139 52 176 112 107 5 143 9
97 15 60 39 171 183 159 86 130 111 195 108 149 76 195 110 10 119 48 17 118 197 51 168 54 163 197 187 75 153 148 186 75 172 99 40 114 13 118 20 25 54 121 162 89 87 195 142 168 105 151 134 132 111 140 118 167 192 194 44 16 62 171 22 50 163 167 171 196 197
188 37 145 150 159 154 26 193 129 49 183 115 130 72 3 5 135 197 140 86 136 25 98 111 78 16 11 78 199 173 106 51 159 37 29 147 114 91 77 39 99 44 89 21 80 8 53 40 174 27 4 19 91 156 191 5 74 28 171 126 143 139 103 93 137 191 28 16 59 60
108 82 169 42 127 128 112 196 85 44 83 130 25 154 106 38 47 5 183 15 106 95 192 189 23 88 40 164 103 66 102 45 49 13 11 194 143 85 87 193 181 112 20 129 4 27 182 90 91 188 195 90 102 178 137 34 53 93 125 53 180 85 30 88 191 52 98 128 20 19
198 99 85 39 128 166 51 176 43 112 135 99 117 49 90 16 6 192 105 88 44 41 41 157 64 126 46 53 150 174 17 106 199 191 150 132 93 108 176 105 198 95 94 177 130 169 3 160 105 15 186 72 186 54 86 28 112 185 37 175 187 198 2 144 70 149 121 78 145 42
145 63 98 57 148 169 134 76 115 122 3 129 69 153 170 125 91 99 143 166 90 84 18 46 66 158 59 131 196 70 161 26 81 18 116 67 65 135 25 141 99 86 53 130 30 23 59 112 35 139 188 183 73 166 132 98 76 186 163 93 69 28 161 154 101 122 134 3 53 31
50 59 69 29 23 169 196 47 103 103 34 29 199 41 170 98 194 65 13 18 68 174 104 177 157 124 77 141 11 118 138 100 16 124 21 37 56 90 138 77 115 27 137 193 23 46 83 135 49 199 149 19 112 150 39 14 27 91 88 113 179 145 143 39 134 43 18 12 132 132
140 195 123 26 127 13 138 159 30 190 122 113 177 123 158 110 182 31 100 134 172 149 189 62 95 190 51 76 108 180 162 121 133 96 100 73 94 77 14 170 25 90 104 185 150 33 44 138 7 93 166 23 161 184 185 74 117 183 164 25 61 198 106 36 77 193 150 15 129 13
43 136 186 117 105 106 186 167 13 188 6 195 117 24 199 191 100 150 160 160 32 172 130 157 30 25 127 172 160 57 163 9 55 83 101 78 73 23 194 192 46 179 144 69 68 43 153 73 69 88 160 47 12 93 76 183 171 9 120 96 49 142 162 101 76 137 39 184 38 165
146 169 140 189 60 28 78 195 181 68 56 107 128 182 124 18 199 196 200 193 31 150 174 71 72 117 122 3 92 16 26 167 85 67 98 50 80 57 1 145 18 21 183 57 129 169 198 103 71 87 179 193 58 41 172 7 20 154 147 160 69 146 140 19 87 47 42 57 52 101
55 37 49 136 100 44 35 17 137 22 42 146 89 176 186 110 9 147 190 152 70 165 10 141 55 103 176 94 95 63 182 59 27 188 175 77 33 171 27 87 64 61 126 138 189 63 37 15 50 195 24 51 126 137 138 138 130 184 153 187 71 151 51 139 192 139 86 142 119 126
56 146 123 91 124 95 77 70 130 37 72 151 177 77 14 81 57 81 75 91 144 143 3 169 67 102 132 14 181 26 11 93 118 131 135 154 121 17 171 25 181 65 175 121 187 190 75 52 155 34 112 200 139 65 36 160 33 120 131 102 37 115 9 37 35 93 61 2 25 44
157 105 84 128 84 16 87 38 45 144 109 18 43 32 56 151 59 130 75 2 44 166 188 168 42 125 152 159 12 87 61 75 40 33 63 93 141 23 124 171 172 67 69 24 69 37 173 137 48 171 72 182 47 47 190 19 120 47 19 38 195 190 66 73 129 36 50 53 101 28
22 128 197 136 196 28 133 72 8 139 94 158 54 135 44 4 48 124 82 148 86 110 155 50 128 121 36 171 181 52 79 131 89 187 2 148 132 127 34 22 118 134 155 153 46 188 48 183 106 179 97 127 102 168 144 48 47 20 167 119 73 118 112 64 47 122 123 16 65 89
113 45 24 95 3 17 16 53 79 151 175 56 25 83 29 32 38 2 70 170 188 100 133 103 175 138 198 20 169 118 62 39 38 92 52 136 197 40 87 47 114 47 55 117 110 119 126 174 37 10 117 184 127 199 37 180 160 39 185 176 127 61 134 130 172 111 163 162 162 147
131 64 34 51 116 128 104 142 13 168 35 199 70 148 22 152 163 141 53 53 172 78 3 37 19 61 23 7 181 79 85 48 71 50 89 163 43 102 57 55 198 153 113 143 152 39 18 10 119 96 123 181 130 88 55 110 87 132 157 163 168 62 17 122 76 105 61 46 16 91
186 181 141 156 104 145 116 40 182 188 200 85 101 25 26 157 110 36 164 118 116 126 94 136 104 180 102 52 122 82 138 171 18 28 113 70 107 102 65 157 147 17 45 27 81 148 42 32 81 196 125 41 175 57 176 110 26 96 184 149 11 122 5 85 113 59 154 88 73 192
19 47 89 41 103 120 160 167 125 198 18 97 174 188 178 184 121 20 36 149 163 182 43 163 17 39 197 113 10 136 136 94 21 150 176 83 151 197 5 193 58 40 191 187 179 44 186 48 7 82 64 97 123 58 15 135 60 17 100 192 117 95 5 195 64 91 106 33 22 164
108 134 54 156 42 35 97 196 121 23 197 14 153 151 154 123 29 30 63 27 133 113 174 8 23 82 85 54 113 2 108 148 46 155 186 81 109 115 138 145 107 88 137 39 48 132 145 152 138 89 142 135 62 177 82 21 80 182 123 74 128 122 89 139 41 118 179 140 105 6
23 121 10 87 83 156 50 166 6 159 37 185 143 101 78 144 195 197 59 133 172 140 43 131 77 170 125 130 2 112 82 180 189 123 57 63 158 200 141 149 11 196 65 199 70 27 85 82 104 49 178 50 97 186 64 74 142 189 88 64 121 139 162 193 57 141 36 110 158 12
141 71 121 182 166 46 166 150 157 35 195 81 197 132 147 50 181 36 97 101 93 51 37 29 40 141 13 80 159 138 136 111 84 191 155 80 49 114 8 124 31 172 39 170 24 26 92 59 83 152 149 159 25 169 147 178 143 73 106 62 1 136 151 55 164 36 190 88 69 122
151 155 24 71 177 93 70 6 167 145 195 174 140 101 51 142 47 99 61 24 177 150 149 198 121 113 141 63 9 191 57 106 29 171 34 56 81 112 146 148 122 173 134 134 34 161 197 5 177 74 19 65 130 177 82 198 126 135 109 31 99 177 149 163 182 146 58 119 75 18
127 25 118 185 110 195 107 14 137 102 124 67 37 113 156 64 25 4 124 180 25 153 178 6 3 182 76 80 53 87 60 73 99 180 15 198 121 32 89 187 3 32 87 122 52 159 69 26 181 169 108 23 164 1 126 6 159 84 13 65 114 32 104 22 3 163 95 114 53 147
5 85 123 23 23 7 91 134 110 71 73 129 138 101 91 147 169 73 98 186 106 192 121 200 96 122 82 63 75 14 198 182 100 37 106 145 114 134 122 126 141 100 140 197 169 55 4 91 113 86 15 197 158 198 6 48 57 158 75 108 145 27 131 62 56 5 124 177 67 175
79 72 99 70 8 100 110 60 162 37 20 153 89 155 130 50 36 55 75 175 146 141 51 73 143 59 200 136 44 114 119 49 73 112 60 33 58 69 42 177 101 46 20 1 177 114 11 61 178 122 122 96 149 114 78 60 180 149 190 87 178 128 61 159 107 152 14 54 5 66
147 22 93 61 81 196 14 183 22 62 26 143 178 33 139 117 200 35 175 164 78 1 45 137 37 71 114 116 146 65 110 14 102 32 35 191 54 122 47 101 90 115 173 8 194 100 63 114 104 164 97 76 35 88 139 94 73 25 80 19 170 100 129 39 175 168 136 183 140 27
61 148 141 140 13 98 38 33 123 61 98 24 147 68 7 194 59 145 151 77 88 69 112 194 185 53 97 34 33 72 23 101 122 145 154 35 8 62 94 172 90 75 128 155 145 23 85 30 35 143 189 8 88 185 68 140 9 181 50 1 110 139 116 26 26 5 17 103 59 150
1 86 112 12 84 72 35 129 140 153 3 69 160 83 133 160 65 11 56 12 12 195 122 193 65 185 81 52 50 45 94 198 198 29 31 15 58 184 83 21 68 94 19 169 110 124 91 110 95 167 93 87 130 158 110 137 174 143 190 170 119 91 93 61 124 78 67 123 88 103
169 82 106 87 71 180 15 59 3 22 48 53 108 116 178 24 140 41 191 79 63 40 140 47 163 57 45 44 168 57 56 32 24 92 14 137 151 78 37 6 33 81 101 150 69 67 30 191 158 92 67 42 7 140 115 31 14 23 135 106 181 111 43 14 95 113 48 179 80 164
113 21 168 50 5 62 123 125 161 64 172 148 102 176 118 101 143 94 104 75 11 72 83 25 63 88 109 175 189 86 37 5 5 183 38 113 181 174 57 199 27 195 95 152 28 147 86 171 155 135 110 190 69 103 137 164 144 195 169 156 73 176 19 20 8 166 161 162 191 172
63 7 185 140 194 132 43 179 60 103 137 113 72 187 155 124 161 37 74 119 47 128 90 32 176 143 127 53 192 22 29 12 67 78 22 168 69 20 46 20 116 129 135 26 70 121 99 60 83 100 184 99 165 106 99 22 87 117 48 191 78 24 18 34 200 111 92 158 154 130
28 91 19 171 80 173 6 150 182 78 4 186 167 24 170 200 22 20 185 170 135 90 155 129 150 51 116 138 133 181 71 176 117 65 122 176 67 22 32 139 177 102 167 27 2 117 190 141 103 3 3 173 60 165 128 192 166 123 21 194 26 89 127 137 8 191 39 20 133 194
54 39 125 73 89 15 99 8 68 30 81 164 163 144 60 82 4 196 112 139 90 127 134 90 177 95 200 19 182 137 41 128 114 196 150 54 109 131 75 177 120 40 78 18 85 36 4 161 110 53 188 46 126 40 99 70 116 186 96 179 56 47 15 68 16 189 3 136 105 164
86 168 9 123 53 179 53 150 176 36 180 160 93 197 9 92 86 158 112 10 152 162 187 38 49 49 53 55 197 75 173 82 58 34 97 41 72 102 98 75 83 142 116 183 20 13 177 139 52 30 14 192 86 134 58 1 96 71 132 63 184 98 148 177 21 164 22 177 39 22
9 121 142 3 3 68 187 171 44 105 32 2 77 56 192 84 141 172 140 122 57 164 14 25 171 175 123 142 174 148 112 122 156 47 12 28 165 8 157 76 31 100 177 149 90 156 178 20 195 11 62 46 109 120 130 155 176 45 58 197 104 80 49 163 79 86 103 111 63 170
14 127 26 113 182 191 170 22 144 183 88 167 9 118 155 114 43 150 183 152 118 178 114 189 69 72 31 4 28 193 173 17 124 180 178 15 184 37 46 76 83 66 117 156 82 161 97 167 34 165 160 156 20 182 33 103 42 105 21 173 19 31 128 133 129 4 167 84 94 97
181 59 160 82 129 141 93 94 119 65 6 163 195 115 191 123 133 66 169 35 16 126 43 109 110 67 86 21 50 47 171 149 15 30 130 113 6 67 39 190 107 139 59 116 70 174 169 122 57 65 111 9 185 3 36 71 45 160 115 107 93 41 185 165 24 98 99 78 163 49
198 134 137 187 88 173 92 58 177 90 147 6 53 181 168 24 131 93 183 199 63 62 199 87 198 53 55 42 157 51 63 59 192 89 142 152 94 135 182 114 72 122 154 84 121 1 89 17 94 33 10 98 91 129 175 179 178 117 99 95 146 71 59 46 124 190 142 92 124 190
115 156 2 55 65 180 135 43 117 138 172 152 71 145 112 39 43 25 90 86 165 170 18 181 95 126 193 138 115 16 40 105 14 91 128 162 88 72 136 39 88 29 93 79 99 197 58 137 125 23 97 21 150 7 24 119 181 156 68 135 80 39 61 7 66 186 55 78 137 96
129 128 40 82 81 66 18 98 119 175 27 134 40 36 142 36 122 73 95 173 54 28 93 64 89 194 190 172 169 7 23 45 164 33 132 54 13 77 110 92 103 21 81 127 94 135 150 73 13 172 163 109 44 140 173 151 124 109 188 109 2 59 200 143 117 57 10 28 8 75
115 195 178 142 92 174 108 176 127 120 87 166 182 103 138 121 124 140 190 74 61 106 53 101 96 146 75 44 184 2 68 133 101 124 60 54 17 155 28 185 155 35 5 58 37 135 5 185 187 14 77 97 154 53 33 22 2 83 20 118 116 170 91 190 2 111 99 131 40 48
37 193 51 159 5 162 39 118 164 148 159 156 91 71 37 112 163 164 153 15 169 55 118 42 16 119 133 196 129 124 16 70 89 119 53 58 1 128 46 54 199 42 109 20 23 97 67 179 196 9 167 131 179 186 171 4 194 166 194 187 136 97 138 156 42 46 187 71 151 14
29 132 122 198 170 90 82 166 117 163 6 194 107 52 92 77 126 48 112 101 67 151 161 180 129 29 199 123 16 45 171 7 167 69 154 130 35 13 110 154 101 66 73 87 41 168 154 193 135 171 171 189 41 128 60 4 60 106 183 138 150 118 126 146 68 167 144 54 195 113
9 190 139 113 11 198 6 108 197 73 16 2 145 3 31 191 187 48 22 161 118 66 197 40 90 71 34 117 71 186 63 148 184 58 175 65 154 182 57 55 37 84 195 37 173 153 49 113 105 48 61 157 27 21 126 199 127 102 49 92 79 67 154 3 17 111 115 132 98 41
62 158 192 39 82 85 137 90 150 19 4 200 187 66 56 148 95 150 198 75 90 171 182 110 174 145 71 91 171 122 153 194 83 58 41 184 192 16 37 140 136 199 73 116 92 24 107 111 134 91 80 58 63 42 124 167 97 98 51 200 40 192 30 147 162 9 19 41 13 193
100 84 95 116 79 59 74 191 3 194 121 190 119 134 71 42 153 168 71 8 26 166 36 88 53 98 52 199 2 72 67 76 150 9 195 193 44 31 192 134 24 50 113 159 57 117 156 172 29 44 32 53 96 144 70 198 49 66 58 76 27 91 137 133 46 112 103 142 77 145
45 136 29 130 8 12 179 142 33 119 60 62 187 47 146 116 40 56 101 72 166 84 26 86 114 109 97 124 24 91 65 162 158 58 24 2 170 1 152 77 129 148 58 1 80 122 161 9 56 113 195 191 97 38 57 149 48 94 168 145 77 29 165 55 82 16 47 66 191 24
138 180 187 139 4 176 94 170 25 47 98 59 6 66 2 79 157 115 18 126 156 118 168 9 110 116 86 94 195 4 172 62 5 154 57 15 141 102 120 24 122 137 79 79 69 164 56 18 24 87 16 96 102 63 137 52 107 13 128 200 10 119 154 198 137 171 132 31 122 118
65 73 19 66 33 79 152 122 47 106 129 142 32 68 75 186 149 68 107 99 198 191 80 116 148 187 69 134 62 188 2 17 72 109 117 119 127 62 193 37 158 98 109 115 184 182 2 134 140 89 106 23 187 148 23 10 81 72 96 101 34 186 161 165 183 39 77 156 65 171
14 53 60 95 25 121 75 171 62 128 156 44 143 179 81 181 105 188 61 4 191 164 41 97 119 11 162 194 161 45 200 46 116 182 171 61 63 10 128 32 37 168 193 21 113 77 147 33 63 79 29 16 49 92 192 111 167 73 154 161 199 7 127 37 88 62 187 74 30 166
115 137 58 104 200 68 154 116 17 79 159 124 72 99 91 97 169 48 11 197 35 46 39 130 55 25 162 148 174 161 196 56 116 189 102 48 182 80 133 166 125 53 57 86 194 118 29 110 109 1 74 15 73 70 132 99 46 22 119 129 14 153 90 161 73 62 138 149 10 174
148 36 154 166 141 69 114 152 30 157 48 129 49 18 125 84 54 14 105 120 122 107 43 68 137 105 145 90 136 4 188 15 186 36 125 177 189 196 121 157 24 83 186 80 161 200 85 4 1 123 29 34 114 16 38 149 81 8 66 153 93 127 59 155 91 49 100 161 136 153
96 97 64 17 121 196 10 69 176 5 89 68 73 172 131 140 89 3 102 6 143 8 193 63 131 16 119 199 106 66 81 38 168 171 77 98 18 105 68 111 107 157 54 175 158 79 112 74 127 70 69 133 163 80 6 21 103 82 125 195 86 120 136 75 21 33 20 45 131 29
10 170 137 78 42 122 133 54 165 55 198 143 156 166 135 47 9 105 7 103 104 66 164 3 130 110 39 37 120 34 95 59 87 188 96 14 4 69 170 132 85 37 30 66 172 157 145 162 169 120 91 30 192 167 80 186 103 103 60 18 174 162 24 74 64 126 6 102 66 13
59 169 29 173 55 10 73 14 78 125 102 26 51 37 106 75 36 37 58 31 196 88 165 152 72 45 48 197 147 28 83 152 129 24 68 198 55 113 194 91 111 28 56 92 6 98 59 48 52 178 51 85 192 33 139 128 135 15 81 90 158 111 81 49 8 59 174 153 155 149
20 139 70 29 145 195 119 58 56 41 156 137 129 187 20 187 79 83 135 160 61 109 160 24 146 133 164 72 13 116 182 120 114 133 139 30 164 162 167 147 95 124 6 40 147 113 53 86 144 58 182 158 6 87 17 48 12 154 31 83 171 180 15 155 81 40 171 192 145 130
177 161 93 43 20 64 97 96 63 194 142 58 148 143 104 113 86 138 40 87 45 166 100 82 123 153 20 173 124 30 15 163 90 79 137 43 77 197 145 67 50 34 183 33 16 8 150 174 134 74 27 156 90 195 36 75 5 31 113 197 29 136 86 177 198 146 175 24 151 181
199 33 73 167 126 98 64 39 79 100 74 71 126 2 123 35 64 141 87 92 31 194 167 83 17 155 113 118 47 1 13 196 82 41 122 190 6 127 68 148 31 151 36 174 101 3 41 114 159 16 146 155 104 114 127 6 176 75 110 43 73 2 147 36 88 200 35 175 99 26
109 54 118 161 110 71 73 114 55 103 189 49 164 12 84 164 6 37 176 66 61 80 57 134 126 55 108 154 98 49 172 132 55 112 192 60 87 106 71 42 21 20 133 158 87 58 10 64 121 152 104 132 173 9 22 118 165 75 10 64 138 188 191 72 8 67 170 141 57 176
176 50 137 33 87 69 178 157 180 196 69 135 133 5 200 90 20 61 179 122 141 4 61 56 39 69 90 75 71 56 77 73 28 129 182 6 27 10 89 110 101 183 185 160 12 4 178 120 35 20 63 56 92 66 159 86 53 48 25 40 82 79 198 157 153 22 30 180 105 130
82 113 69 178 196 76 112 129 30 187 60 77 56 193 144 83 15 40 53 183 107 174 146 30 94 10 36 25 102 197 16 27 180 141 137 154 181 118 69 141 179 32 117 58 92 166 2 130 111 3 152 172 95 174 6 85 162 141 58 58 46 34 188 77 38 90 22 64 133 174
176 8 115 138 22 26 19 36 74 121 174 18 181 25 48 135 11 49 48 83 17 44 91 165 47 192 98 189 119 61 56 31 192 138 129 7 100 83 146 23 6 22 47 13 119 6 194 33 129 25 177 75 184 12 42 161 123 142 164 115 187 129 167 51 47 163 4 26 53 47
11 26 134 194 190 24 196 75 63 57 15 83 152 170 159 52 109 49 47 69 105 45 160 182 106 196 65 85 6 5 164 18 99 36 150 61 86 196 125 193 59 116 3 188 173 185 107 192 164 183 106 22 190 189 1 93 199 114 132 128 28 28 122 45 127 131 142 80 155 137
114 67 1 119 71 189 111 128 96 75 33 181 57 6 13 161 57 175 31 105 110 129 198 22 17 173 146 67 33 12 47 87 64 184 35 186 126 106 64 81 176 146 13 49 185 62 121 18 137 171 146 179 40 170 194 24 171 179 91 187 172 161 108 84 140 158 65 144 28 155
