100 	
21	94
1	4	3	731	4	
0	4	5	578	8	
0	1	9	486	2	
1	5	2	316	7	
0	6	5	143	2	
1	5	6	317	2	
0	5	8	806	2	
1	7	5	936	7	
1	1	6	825	3	
0	3	4	382	6	
1	5	6	1	5	
1	7	3	487	7	
1	7	9	436	9	
1	2	3	456	9	
1	2	7	465	7	
0	3	4	359	8	
0	6	5	851	1	
0	3	5	260	6	
0	5	9	540	4	
1	1	5	33	4	
0	6	7	93	8	
1	3	7	80	2	
0	3	2	541	1	
1	5	6	88	4	
0	5	8	452	2	
0	5	1	269	3	
1	1	1	802	9	
0	8	1	255	2	
0	8	4	86	2	
0	9	3	1	5	
1	2	2	356	8	
1	4	5	234	8	
0	8	1	554	5	
1	2	5	956	3	
0	3	7	865	6	
1	3	3	82	9	
0	2	7	784	1	
0	9	3	435	7	
1	5	9	940	1	
1	6	9	747	3	
1	5	9	49	8	
1	6	3	298	8	
1	7	6	88	8	
0	8	9	841	2	
0	9	1	141	6	
1	3	2	307	5	
0	4	4	923	3	
0	4	5	383	6	
0	6	8	922	4	
1	8	9	171	5	
1	2	1	734	7	
0	7	9	735	8	
0	6	7	262	7	
1	8	7	26	6	
1	1	4	526	4	
1	4	6	108	2	
0	3	3	877	8	
1	6	1	283	4	
0	2	6	285	3	
0	9	1	505	4	
1	8	8	14	4	
0	2	5	220	3	
1	9	5	707	4	
1	4	8	376	6	
0	4	4	470	6	
0	4	7	454	4	
1	7	1	482	9	
0	3	9	249	7	
1	1	5	874	9	
1	8	5	450	7	
1	1	2	590	8	
0	3	3	416	9	
1	9	6	654	6	
1	7	2	92	4	
1	5	6	317	3	
1	3	1	829	4	
1	4	5	568	8	
0	7	8	159	1	
0	7	6	771	3	
1	7	6	221	9	
0	3	3	570	6	
1	9	2	38	2	
0	1	7	321	1	
0	5	4	945	1	
0	1	9	710	3	
1	8	3	851	7	
1	4	6	243	3	
0	7	7	790	6	
0	6	3	436	6	
0	7	1	364	5	
1	1	6	478	3	
0	1	4	200	1	
0	6	5	836	6	
0	9	2	821	7	
0	5	2	724	4	
0	3	6	743	8	
0	9	3	82	4	
0	2	9	728	1	
1	6	6	953	5	
1	4	2	260	8	
76 134 105 116 30 8 133 134 146 5 84 35 147 20 191 138 87 128 37 99 142 85 181 134 70 19 2 159 70 1 115 196 32 150 132 19 196 115 14 7 81 148 39 166 151 123 10 133 172 173 195 12 164 109 5 86 50 27 2 188 161 183 193 61 9 11 193 153 181 28 89 22 147 176 151 122 122 48 10 92 46 25 191 175 19 37 124 11 193 121 50 41 100 171 132 138 119 56 124 186
199 18 120 1 136 3 71 32 33 104 38 86 118 40 74 194 46 25 136 146 93 41 46 91 33 9 5 39 107 23 48 161 175 119 174 164 157 48 25 43 122 132 151 150 179 93 107 155 15 35 61 49 90 195 4 101 163 59 112 179 72 129 49 120 9 61 86 153 159 9 163 102 111 81 161 66 187 70 89 178 28 39 73 64 84 49 181 68 71 9 116 142 19 184 113 93 57 160 152 20
64 135 44 83 2 17 45 22 21 10 91 75 64 188 39 36 153 108 57 151 16 4 45 131 117 116 123 50 29 186 145 17 183 132 38 119 44 84 186 179 142 125 135 17 148 159 43 57 192 124 41 46 134 16 14 26 85 134 71 11 122 106 90 134 110 98 3 58 114 182 175 100 147 199 93 96 200 91 53 177 122 161 1 136 53 194 47 188 51 68 102 32 54 85 106 163 30 97 66 169
18 144 194 187 79 112 7 191 161 108 181 35 139 1 165 60 70 105 191 112 28 142 56 141 1 198 79 7 4 35 186 41 65 166 86 132 152 33 75 153 185 10 70 50 31 13 192 172 51 171 34 126 52 160 200 124 143 24 190 29 43 152 26 185 153 125 52 48 26 169 23 72 153 65 63 68 91 183 26 44 200 183 96 5 179 109 168 119 122 95 128 1 167 145 114 70 169 125 93 112
114 56 114 45 137 198 120 186 155 149 143 81 141 194 97 79 115 112 120 9 97 56 47 41 152 70 176 157 138 86 49 88 125 110 162 47 84 57 145 108 189 161 59 80 48 156 177 23 58 174 28 116 38 22 15 12 159 155 79 181 9 161 12 159 12 6 186 193 187 14 163 141 200 93 149 13 38 45 62 102 8 105 134 170 31 26 59 167 10 105 114 70 153 61 65 195 191 125 77 99
87 14 124 195 71 6 96 8 178 56 82 124 49 81 103 22 193 163 74 121 15 196 164 60 18 190 6 65 200 79 173 71 118 14 55 191 132 48 122 121 24 157 78 180 81 137 38 166 9 181 169 77 30 137 143 126 77 83 63 16 163 142 169 22 175 64 19 155 71 181 200 71 74 93 46 32 113 97 130 178 123 127 179 158 143 138 103 46 113 92 30 129 175 191 110 156 51 176 45 87
121 109 25 14 35 193 150 154 146 81 115 125 126 134 166 10 57 93 163 86 156 190 87 178 159 121 119 189 113 189 76 110 25 173 30 4 73 154 22 40 195 140 14 51 44 191 189 164 144 191 178 43 175 172 29 91 66 54 114 193 183 119 6 149 188 122 177 56 65 13 103 199 110 128 128 45 109 73 199 158 129 140 40 26 133 168 200 194 110 76 84 29 126 15 153 26 102 96 54 155
26 17 39 54 48 200 155 182 148 120 9 35 29 166 194 165 7 95 51 136 110 154 86 6 183 20 132 161 188 77 77 45 99 12 11 122 115 77 95 197 143 154 77 67 46 181 15 33 50 100 121 18 95 57 200 149 137 95 157 96 73 44 111 174 55 14 4 3 94 164 7 170 101 136 131 22 30 71 28 157 144 187 145 89 47 183 94 109 104 189 188 153 133 155 25 81 68 71 22 153
55 197 134 98 69 197 81 76 87 54 24 17 101 15 91 18 84 53 142 82 189 105 94 107 177 191 83 104 194 108 149 103 54 148 54 158 97 87 87 17 44 21 50 69 78 61 123 82 102 43 59 21 59 89 60 118 58 186 189 114 97 189 149 81 107 91 66 101 34 105 42 41 6 93 175 27 98 14 61 181 138 168 56 170 92 192 192 5 131 55 145 79 7 65 82 4 10 108 156 89
70 78 87 97 117 160 47 8 80 116 44 9 58 61 93 53 157 83 18 160 47 51 111 71 154 12 27 69 87 105 29 75 21 2 88 117 190 111 94 113 51 153 119 166 20 5 61 31 127 164 134 105 100 57 96 42 187 6 26 141 182 193 100 160 87 54 41 24 95 2 64 3 158 56 3 164 14 76 72 179 25 121 81 123 94 57 12 181 101 185 151 28 86 77 186 56 58 52 30 71
42 198 151 121 161 170 113 107 36 200 27 194 106 165 72 37 20 2 89 87 175 183 99 174 118 101 100 116 64 133 76 52 182 89 67 70 38 186 26 163 108 122 31 113 115 79 110 195 172 190 23 117 195 57 183 22 142 190 94 57 27 168 6 118 26 39 162 70 120 51 133 177 116 117 11 165 3 159 125 70 92 26 123 59 29 5 121 131 63 124 170 72 91 85 164 185 11 68 37 128
187 34 121 159 115 34 99 169 8 30 150 57 193 92 123 22 92 12 163 106 23 167 149 200 153 88 83 86 151 160 135 137 30 167 195 83 175 133 122 19 184 97 22 190 177 52 28 115 48 155 37 158 42 177 120 27 43 140 53 80 153 89 7 182 54 156 97 191 178 141 73 94 83 154 143 43 69 95 86 91 94 102 167 42 121 178 40 176 51 163 69 9 115 101 124 189 75 159 76 176
118 15 14 196 19 22 27 198 97 27 90 118 30 122 93 2 43 45 122 4 128 78 66 129 145 16 84 57 22 165 28 124 117 69 82 30 125 67 2 141 72 85 91 188 26 190 61 25 9 89 115 193 42 7 192 14 186 199 132 133 98 127 176 200 171 129 196 149 76 35 92 116 126 95 176 180 175 185 50 143 1 131 102 124 88 13 8 64 114 137 198 180 107 15 168 154 31 7 77 124
111 35 63 15 26 26 150 135 150 84 143 180 88 35 53 185 155 33 174 90 51 89 117 49 34 67 137 189 127 58 93 53 197 144 104 116 184 135 124 85 199 100 38 118 60 158 188 73 13 77 135 135 45 99 100 129 129 186 31 87 59 155 5 141 14 158 43 160 72 29 22 63 159 98 197 42 54 104 146 142 146 12 138 92 127 141 103 23 16 34 150 196 137 168 135 75 149 20 147 98
151 118 39 89 75 150 101 112 199 173 32 119 12 197 153 3 171 95 33 30 51 155 128 169 145 154 103 136 130 25 154 158 67 70 123 179 172 116 169 44 64 66 184 121 81 29 49 187 20 195 137 76 95 82 116 53 86 141 34 44 112 172 26 178 158 67 113 145 133 147 104 5 6 78 43 71 165 38 119 162 195 117 123 148 72 196 4 102 89 90 76 81 18 52 23 53 186 161 47 147
179 141 113 107 11 186 175 110 180 81 34 123 78 14 183 8 167 150 63 150 59 5 117 19 121 72 20 62 69 34 159 147 154 56 159 84 155 39 151 28 12 142 22 66 102 171 48 125 168 16 87 145 116 39 36 72 138 17 175 132 85 127 159 86 7 175 87 28 188 166 172 135 29 81 71 142 80 161 48 168 127 48 37 65 35 13 66 34 39 115 93 22 33 20 23 84 144 12 195 111
48 139 89 42 44 33 94 92 107 190 81 65 16 64 178 65 136 21 144 154 123 64 46 30 100 130 86 155 152 135 71 93 47 131 140 190 27 192 199 97 185 182 30 154 81 55 93 23 100 190 172 6 2 2 153 192 128 80 170 26 196 98 171 159 128 163 190 110 192 167 200 65 99 76 175 43 195 172 53 96 179 180 187 158 153 45 155 127 69 92 1 165 93 15 169 101 34 49 30 68
157 151 19 98 178 22 178 73 91 119 81 186 165 99 65 92 4 93 170 95 124 95 87 132 30 123 77 101 74 169 37 84 98 100 77 106 32 27 196 134 157 60 127 144 174 6 98 103 7 87 146 16 190 24 16 91 160 121 69 24 29 158 77 155 150 54 89 52 184 198 72 181 183 85 21 148 163 195 22 122 68 163 157 196 132 61 152 88 136 166 73 36 136 186 116 190 130 15 28 71
75 183 70 3 116 140 35 22 50 155 71 152 109 166 169 193 169 156 138 79 94 71 78 65 111 32 173 153 42 160 69 2 102 56 136 43 148 169 108 104 83 178 189 40 107 124 56 42 176 190 52 92 124 100 53 91 99 121 147 173 79 119 56 189 129 33 187 76 63 168 132 29 64 107 134 155 75 56 15 70 140 18 31 151 159 175 33 9 12 163 66 24 78 4 178 39 96 195 29 79
96 175 157 82 192 85 93 48 62 138 193 73 66 68 24 121 124 117 83 81 22 115 164 181 84 36 27 117 158 11 149 140 138 45 87 183 21 144 41 112 124 148 190 34 60 93 168 118 82 98 11 164 196 119 21 143 111 27 185 123 173 71 65 95 93 17 164 161 59 147 148 177 13 114 58 150 125 194 164 28 134 54 51 129 76 108 181 145 114 175 109 147 2 21 78 53 6 11 141 17
179 154 182 149 150 9 12 114 131 26 155 43 44 5 183 64 191 113 100 174 46 60 177 118 143 72 145 193 102 141 8 137 99 167 161 156 23 131 39 149 85 165 66 24 116 91 31 44 187 151 164 9 41 148 105 80 50 69 26 175 150 117 19 150 119 125 162 173 85 78 142 170 4 94 49 102 93 64 50 32 26 166 163 50 100 70 139 90 119 187 119 167 47 108 70 162 180 24 51 41
36 65 138 40 161 76 21 92 164 153 133 56 138 79 194 29 30 157 184 122 198 102 85 84 194 190 95 20 82 66 28 200 75 174 51 46 160 199 61 144 20 126 168 116 133 69 19 90 96 54 71 91 104 159 67 181 152 68 157 107 157 37 115 153 153 122 72 54 58 21 1 118 98 141 94 133 88 113 137 21 1 163 93 133 25 108 165 169 116 183 14 134 76 102 41 126 33 99 90 39
147 91 127 13 64 184 57 70 95 54 44 193 111 126 16 117 51 12 172 80 141 144 124 187 14 56 46 124 183 16 102 142 13 40 138 78 56 95 56 19 12 34 68 91 113 45 171 172 179 82 40 152 159 60 109 96 14 155 53 198 91 137 49 180 2 43 80 151 15 193 106 75 185 110 190 195 106 92 90 150 31 106 1 36 58 194 101 51 99 56 156 100 2 50 158 184 195 39 91 153
14 143 170 175 29 17 196 32 125 127 190 150 83 187 141 64 37 171 87 195 8 37 91 199 100 186 25 189 3 50 181 168 158 195 165 105 17 178 168 122 146 55 116 191 61 107 133 184 104 152 27 101 76 47 182 169 175 197 158 119 153 11 11 188 138 142 1 74 23 50 106 124 126 30 4 157 48 20 176 151 193 191 69 76 46 81 32 71 64 38 100 184 121 5 17 46 27 76 132 15
57 162 99 158 103 192 8 32 184 179 146 105 191 43 5 179 102 16 91 32 7 185 187 194 126 123 131 166 106 150 167 85 155 167 150 139 178 11 61 119 55 72 78 129 148 72 142 155 19 12 79 106 120 66 23 65 128 173 96 165 112 29 93 22 19 90 90 94 82 171 45 115 116 9 74 113 164 51 185 157 106 158 41 43 151 111 141 160 80 32 146 119 45 51 148 90 40 7 125 39
167 21 126 20 184 198 33 92 31 28 112 82 88 27 162 115 189 27 44 125 123 107 46 4 117 128 89 73 29 27 9 172 51 186 47 194 179 66 180 44 191 59 63 90 71 42 29 114 94 43 161 170 86 113 41 148 123 90 159 26 151 36 24 160 80 180 31 112 61 168 54 170 191 92 141 135 128 6 157 7 112 190 47 2 37 110 21 98 9 59 176 160 131 195 103 62 99 157 78 186
97 77 136 47 197 143 136 97 135 20 47 109 171 38 134 166 24 147 171 172 39 112 164 3 75 14 56 39 118 125 98 183 111 18 8 119 152 35 156 119 45 67 90 105 121 111 92 73 28 136 69 61 122 141 18 190 155 115 21 76 151 98 88 7 38 59 66 43 92 51 191 61 45 88 140 173 34 199 90 31 51 128 162 31 101 76 160 54 163 173 135 72 123 119 26 48 45 127 163 143
32 139 8 172 4 55 147 29 136 25 73 21 40 156 118 63 129 104 188 25 159 147 29 161 153 173 43 185 110 59 196 112 149 6 12 108 137 119 175 16 65 139 91 191 9 52 19 149 41 4 123 8 91 89 71 8 137 53 154 130 158 192 159 145 25 62 112 169 22 97 102 61 127 177 72 149 140 106 142 198 62 5 105 128 189 129 10 58 185 194 108 121 185 108 156 110 183 39 188 53
22 13 8 47 160 52 125 195 119 176 192 153 65 24 116 195 31 133 115 141 141 122 26 195 119 23 195 183 18 102 171 110 72 43 165 122 182 24 77 113 155 33 116 62 106 64 143 49 118 200 22 196 82 153 5 112 151 174 170 95 45 35 149 98 17 130 141 106 166 195 171 72 55 144 151 157 166 199 189 49 94 6 80 13 137 75 124 183 161 59 71 157 7 130 149 49 55 4 80 169
200 85 132 91 184 92 179 33 67 26 78 174 136 23 8 153 112 46 70 75 38 82 174 188 89 195 132 2 79 151 68 142 90 132 45 9 77 116 28 27 62 99 166 157 140 85 192 181 79 41 142 76 68 3 55 151 166 190 143 40 123 77 133 39 160 91 87 13 151 85 97 87 34 154 163 71 178 90 48 26 174 114 115 173 31 114 166 49 193 147 122 118 156 177 25 48 149 9 126 72
184 3 51 65 117 59 177 198 94 88 105 24 190 168 192 198 168 88 140 172 105 80 100 98 30 124 182 62 16 168 89 181 154 152 146 58 174 134 195 34 30 168 98 63 28 158 8 48 102 122 51 148 180 32 104 94 153 82 168 65 150 125 22 67 138 76 190 47 93 53 161 86 63 159 183 109 130 108 171 13 21 174 35 152 11 19 155 49 64 177 24 152 101 1 163 53 130 25 3 170
110 144 90 107 197 105 3 98 195 71 160 123 4 121 42 139 95 53 156 136 173 169 157 139 193 17 122 54 10 77 127 180 198 182 134 113 41 18 191 97 90 119 20 66 179 16 40 82 199 187 109 141 105 150 94 93 172 131 102 157 132 193 170 128 164 122 110 176 200 125 170 28 129 162 138 184 29 71 190 159 1 90 49 92 60 28 109 8 14 2 96 197 93 52 184 92 170 4 46 148
89 86 118 5 11 69 162 103 75 142 122 163 182 177 16 80 149 99 58 98 60 10 194 194 130 195 109 75 173 175 131 20 82 16 174 126 27 116 83 25 178 97 109 92 10 11 10 36 61 76 38 45 88 45 172 127 145 39 200 34 171 192 134 117 66 145 149 167 13 145 115 65 164 136 98 16 121 13 71 200 83 90 144 194 107 5 169 146 178 24 158 182 161 93 94 162 130 164 180 135
42 118 7 63 172 103 163 50 200 2 9 154 36 93 42 107 1 174 39 56 8 85 19 8 131 119 156 150 154 133 117 115 170 3 188 192 30 90 18 91 197 75 158 4 45 53 78 90 153 56 153 55 76 120 136 80 120 166 85 162 126 107 173 174 57 123 109 56 180 75 78 97 66 151 135 131 19 198 70 68 28 88 172 137 55 107 41 94 43 170 46 56 125 149 164 30 150 32 171 170
195 53 16 56 139 54 112 41 140 31 16 23 130 65 189 73 17 3 105 59 74 18 138 78 78 131 103 71 149 111 168 58 43 131 103 58 84 18 45 30 45 186 134 57 159 176 46 11 49 114 23 39 184 116 15 65 164 136 179 106 167 133 196 21 162 60 63 197 88 52 112 102 109 163 45 195 76 122 126 103 82 82 150 181 148 143 51 57 169 119 39 166 78 124 35 47 69 136 23 113
64 164 65 160 47 8 79 157 1 188 129 39 79 161 120 84 193 99 36 85 93 11 143 11 157 8 129 35 18 65 165 193 42 2 2 159 22 187 109 31 104 195 39 171 117 104 47 37 36 6 145 84 42 109 66 121 47 49 138 149 57 111 103 76 68 134 87 115 143 46 40 94 193 102 108 60 71 27 172 159 154 75 194 146 102 179 120 121 97 154 83 45 175 107 126 154 29 20 196 113
140 88 193 141 160 60 138 9 159 62 72 86 112 179 7 36 141 39 19 31 22 5 22 74 184 37 17 73 119 138 61 109 27 11 183 36 155 136 149 62 25 24 19 54 80 28 194 51 151 87 115 129 45 24 174 146 190 96 146 10 169 159 73 52 69 106 103 182 12 72 37 33 94 74 134 2 134 135 34 153 169 200 186 170 183 86 49 50 80 14 178 75 156 162 140 131 70 88 60 186
18 51 94 84 174 188 127 104 65 155 46 53 32 19 113 139 83 98 90 179 88 31 149 22 94 152 172 155 91 62 102 136 49 118 4 196 23 38 146 138 17 143 90 192 143 160 192 11 184 107 152 87 67 69 156 70 166 87 20 2 69 67 200 86 194 103 157 197 200 3 85 14 41 74 28 38 114 136 40 122 128 51 49 60 59 45 124 119 88 161 172 113 74 174 115 105 64 45 66 180
46 187 20 74 145 11 59 1 47 11 84 157 111 67 139 195 174 56 143 30 186 15 177 164 26 30 181 73 103 126 135 3 91 198 164 57 169 41 16 196 72 40 199 67 133 48 129 57 191 54 11 58 52 136 69 150 113 107 76 64 5 139 37 162 159 120 111 151 133 135 168 22 70 112 60 194 56 49 135 191 5 192 116 180 89 139 106 108 77 180 35 93 169 82 100 148 91 20 89 112
128 68 126 37 37 123 169 79 102 51 105 186 94 13 63 46 9 65 100 146 13 128 135 19 107 187 18 163 66 129 193 98 12 53 54 192 30 156 40 16 198 125 190 146 12 169 19 7 63 3 127 30 42 109 195 165 45 96 138 97 26 170 84 122 143 56 19 157 102 74 165 77 139 89 161 150 179 161 110 1 59 165 180 118 178 192 38 56 116 1 69 61 129 142 63 43 123 58 39 178
106 44 106 26 195 109 46 93 14 101 173 103 67 44 184 104 80 62 198 1 27 33 127 155 37 141 18 136 190 84 81 133 21 152 162 160 27 25 13 15 82 128 86 131 110 179 23 103 84 191 128 48 18 192 156 181 6 35 60 73 39 62 58 88 184 58 83 12 151 101 25 44 70 35 138 104 83 148 33 86 118 185 195 151 69 127 169 195 199 145 42 174 25 52 128 89 2 102 27 145
19 10 161 142 88 25 100 19 68 126 61 145 25 79 83 109 134 190 42 123 15 51 138 50 112 7 54 126 99 150 186 61 34 112 162 94 86 163 1 125 56 86 33 126 46 67 24 40 178 160 110 184 111 74 115 27 97 117 87 104 147 4 131 24 165 196 97 190 185 97 81 199 61 171 65 102 54 94 45 19 65 108 49 8 79 7 122 188 93 25 5 171 200 137 16 108 94 60 4 154
135 36 14 193 196 188 98 132 179 120 120 110 86 116 173 152 149 54 138 98 39 198 142 64 1 85 91 4 80 48 8 108 131 84 128 83 124 193 127 108 5 186 143 31 37 115 119 101 18 21 160 63 49 176 9 75 62 94 9 171 152 149 147 2 195 139 108 73 152 88 191 136 165 3 17 39 184 40 108 140 193 27 92 175 170 172 138 21 123 94 172 43 160 110 48 136 2 13 42 68
30 179 48 189 49 49 195 77 198 105 53 125 165 171 181 142 167 112 155 172 64 185 142 121 104 133 92 167 114 132 174 86 187 97 81 127 136 90 11 29 18 196 144 62 115 83 25 13 10 182 32 86 51 42 178 44 18 4 82 168 195 161 132 112 188 50 186 121 107 160 54 110 35 31 59 125 191 62 100 49 155 176 155 82 79 96 86 36 126 10 194 76 23 144 77 28 128 43 184 197
136 184 168 126 105 168 71 17 150 90 130 12 79 190 146 79 141 184 190 188 160 73 127 167 45 116 52 78 130 189 10 16 39 16 117 38 197 32 51 59 28 84 14 124 190 86 84 200 82 126 142 55 49 104 138 24 98 188 1 87 1 139 130 104 144 158 35 139 183 199 44 142 1 163 175 190 23 58 23 22 50 147 8 43 96 12 196 177 16 70 30 70 51 90 24 192 103 73 31 119
73 138 13 120 26 115 168 150 149 87 29 176 14 116 81 100 81 31 105 124 13 29 63 107 45 187 131 84 68 154 186 4 77 174 83 191 58 98 111 129 5 62 34 94 40 22 172 65 148 23 76 144 57 137 185 113 105 108 38 73 63 58 139 6 108 74 134 32 188 29 9 140 24 20 162 132 130 21 16 50 71 145 58 139 85 11 93 120 82 38 68 106 85 85 61 141 107 152 83 17
65 34 85 199 196 66 97 152 126 185 100 91 100 182 172 187 117 23 128 28 79 137 2 163 14 96 167 80 138 9 131 99 154 19 188 143 110 5 82 189 200 73 111 134 109 96 87 105 78 160 165 11 182 88 83 112 36 14 151 21 159 105 162 164 181 197 96 71 48 65 167 104 67 65 199 31 101 34 104 127 33 14 61 51 20 90 72 53 188 161 108 13 127 51 67 186 149 17 142 136
149 83 12 88 134 53 170 151 73 81 160 13 48 196 133 161 95 128 104 108 11 26 161 151 84 6 185 194 71 89 117 39 129 29 8 137 44 61 30 152 57 112 173 104 150 79 83 34 163 74 107 67 35 173 39 107 156 27 103 118 117 8 138 175 17 190 143 108 93 100 2 43 192 151 178 132 12 55 37 195 183 74 33 127 111 47 134 143 72 47 78 141 5 22 1 42 50 39 197 186
188 107 113 61 49 130 26 116 133 200 20 170 193 44 124 139 101 42 141 169 162 160 54 141 26 59 114 9 27 147 190 22 142 51 17 57 15 166 6 14 141 146 110 171 159 92 86 103 199 161 7 105 18 40 50 174 121 124 114 126 175 132 127 153 174 172 200 138 111 35 133 87 131 46 112 168 131 65 85 128 6 29 98 71 21 79 116 4 51 196 21 164 22 169 84 113 99 97 78 87
148 40 59 147 7 104 112 83 33 136 163 130 180 105 163 117 37 198 128 81 128 139 133 140 98 92 35 108 65 73 191 176 165 60 185 36 190 140 179 185 124 70 123 72 8 136 33 2 15 25 80 134 39 177 9 151 40 195 178 81 87 141 193 184 14 63 176 23 151 137 157 105 195 175 2 131 149 94 62 188 26 101 40 101 25 199 29 153 166 72 75 161 104 18 127 37 70 187 60 76
152 121 57 45 46 45 106 121 134 41 134 133 157 157 174 199 100 119 164 193 145 133 110 40 61 149 200 200 183 53 64 148 126 174 124 191 102 183 132 89 35 124 176 161 144 157 62 151 144 64 38 46 41 57 96 4 169 200 61 184 29 81 54 198 126 49 73 154 135 200 15 22 182 92 53 19 103 157 111 133 14 136 138 123 113 121 95 54 112 157 124 4 75 30 115 25 84 184 173 157
121 178 96 69 176 11 6 66 192 31 89 148 176 7 153 79 67 158 61 69 46 45 77 117 110 32 20 197 26 65 91 135 167 150 91 73 101 123 79 72 56 152 163 97 188 90 66 25 131 109 52 72 157 176 83 79 18 82 96 55 10 88 180 62 159 145 127 128 130 161 190 81 168 94 135 47 193 127 93 79 45 32 152 121 111 118 98 35 170 82 36 150 123 198 14 108 117 165 163 73
60 7 75 91 7 15 82 7 107 3 181 31 154 102 104 191 4 23 156 98 191 90 33 82 37 172 138 68 128 173 105 114 25 156 164 134 104 158 96 62 34 144 99 44 190 106 103 66 64 27 100 185 199 109 185 119 108 64 140 32 196 149 72 159 139 39 131 52 24 20 1 11 42 139 69 86 124 137 87 71 57 39 48 57 31 140 88 196 76 133 167 52 195 151 64 175 157 101 21 135
1 20 193 179 200 189 139 132 100 72 9 86 176 45 147 137 81 6 151 45 99 134 52 83 21 175 89 106 139 67 51 179 160 15 107 193 179 105 74 68 39 56 195 139 26 171 116 150 195 128 101 124 186 199 16 148 141 116 135 38 180 56 197 183 172 72 110 123 116 43 134 81 124 107 28 166 87 164 7 139 152 100 179 190 120 43 165 156 4 61 195 4 7 168 199 51 54 82 80 151
82 171 43 119 12 137 4 188 114 86 69 153 167 100 71 149 11 124 152 166 61 113 115 165 150 100 44 35 136 139 73 30 24 53 197 41 110 29 74 22 154 103 96 74 174 125 150 193 115 198 51 149 31 141 7 183 68 98 200 64 188 167 42 92 89 10 100 36 49 160 12 106 84 35 138 132 87 141 141 116 12 174 13 48 15 101 145 73 163 14 153 150 79 124 126 136 36 74 26 125
53 168 77 12 187 173 168 32 184 135 135 40 64 2 80 117 152 78 141 82 22 120 69 46 166 122 103 49 84 198 4 149 4 22 12 76 196 54 51 62 194 23 187 132 111 122 68 199 64 82 30 21 131 92 197 32 127 42 64 199 152 156 123 4 86 110 35 89 157 68 89 174 23 155 7 7 59 197 70 105 119 150 12 139 109 185 16 198 65 137 173 13 166 152 160 55 88 34 95 145
13 147 176 60 45 173 43 166 102 125 103 26 172 78 177 193 80 140 4 14 150 2 152 159 124 7 184 125 168 36 150 106 45 188 149 87 22 100 188 72 133 55 124 66 136 200 196 179 150 107 102 10 13 95 164 175 176 174 32 4 71 43 14 131 197 30 61 111 179 6 45 107 90 5 30 20 190 185 58 156 58 96 109 132 42 60 184 135 18 111 177 177 63 14 11 178 54 43 164 4
200 44 148 32 12 176 115 191 111 75 77 106 185 50 118 81 162 8 152 81 104 71 154 123 77 159 116 200 180 28 167 144 141 161 59 196 170 181 124 82 21 25 56 23 166 172 151 63 115 137 30 183 107 69 111 136 192 68 77 20 170 33 154 22 94 122 72 196 31 176 71 47 6 90 196 117 18 104 4 173 109 70 36 166 50 174 23 147 69 83 124 40 14 8 191 197 154 132 150 157
115 94 104 13 131 160 68 30 197 54 1 4 110 73 125 105 66 66 159 123 189 70 101 3 18 12 165 95 18 88 91 199 109 138 120 77 74 195 114 19 99 187 186 129 21 183 118 66 103 194 58 32 40 191 114 104 62 38 186 53 168 2 29 11 113 181 105 43 183 93 99 112 152 140 169 5 62 165 15 195 63 106 196 58 158 175 66 23 40 43 2 72 52 142 59 40 159 131 65 192
107 165 48 34 133 138 124 195 21 104 3 131 38 178 143 77 187 34 137 24 65 197 131 150 127 30 189 152 72 174 85 33 21 125 92 139 111 114 156 68 196 50 64 64 150 4 86 195 160 114 51 112 97 90 125 139 32 105 95 187 44 150 155 4 61 24 149 146 22 50 132 151 158 30 58 56 66 14 118 147 1 58 43 105 50 39 24 192 139 61 137 114 41 63 65 130 79 137 11 157
98 166 37 184 148 175 101 122 33 139 109 136 138 48 156 183 99 191 109 63 20 145 80 197 36 50 190 25 1 114 12 70 101 117 76 9 195 93 108 135 66 126 134 160 55 194 124 20 199 177 11 118 114 155 194 131 47 85 53 20 101 37 182 101 101 3 155 177 114 113 7 118 71 96 98 177 149 123 150 36 19 134 97 151 175 15 163 10 43 65 54 12 146 101 126 83 197 109 4 184
167 128 135 56 181 49 42 16 87 171 19 144 184 85 44 55 147 144 127 146 77 128 78 30 96 46 11 81 60 113 100 199 29 197 82 14 182 5 58 119 186 40 80 196 17 46 103 29 56 41 181 108 91 139 10 98 30 125 196 182 9 58 176 184 26 158 97 11 42 65 104 108 75 120 105 127 174 92 183 75 198 50 1 120 61 60 74 148 172 142 195 114 27 24 116 135 13 59 43 70
2 62 192 193 196 88 175 177 167 107 46 114 100 126 193 90 30 95 103 52 92 112 176 175 82 36 77 101 25 99 189 133 154 54 26 173 155 9 182 20 159 55 180 27 28 50 175 168 80 178 190 111 72 131 194 138 38 122 163 189 71 76 149 172 45 193 39 2 136 148 180 11 78 94 96 61 48 39 150 118 79 77 41 80 162 49 17 99 114 186 183 185 188 20 42 20 183 129 51 126
38 151 35 70 90 47 137 71 41 191 106 106 15 38 105 174 198 127 112 186 46 122 58 17 55 174 62 117 17 196 15 58 136 178 189 27 21 11 30 172 174 53 94 135 27 25 63 107 68 176 43 164 18 70 200 180 113 63 1 83 22 133 61 28 40 71 31 103 33 26 145 85 92 53 141 89 148 18 187 106 91 129 95 195 8 165 183 115 39 43 127 144 148 79 139 161 32 139 76 148
124 61 136 115 110 18 115 13 183 121 79 199 180 172 90 192 142 180 157 74 111 70 49 135 45 118 136 105 151 4 75 194 48 87 107 34 47 124 187 41 150 69 57 145 17 38 183 24 110 69 79 76 162 160 137 1 158 172 17 128 157 150 68 8 142 113 88 96 22 191 177 139 91 184 57 185 196 146 58 94 26 77 59 64 99 139 8 101 8 45 15 183 83 111 59 20 186 136 64 116
2 62 171 90 199 45 134 117 174 30 142 46 34 71 88 195 182 155 24 139 11 191 191 78 59 102 20 136 16 57 137 81 189 108 20 81 24 50 151 104 191 15 119 74 1 94 196 142 22 70 123 2 89 41 171 184 198 1 196 180 98 194 143 105 94 95 132 92 8 33 41 12 72 145 112 43 92 1 148 149 138 190 72 78 197 10 65 136 193 64 22 181 127 139 85 144 13 45 50 32
98 179 56 101 59 99 82 155 109 17 186 181 154 146 103 164 132 86 92 115 32 27 97 115 174 39 148 175 185 1 174 168 198 188 40 199 187 115 69 142 24 49 20 131 136 161 151 103 8 165 69 193 151 167 94 63 15 167 43 30 107 148 186 42 66 88 198 69 113 82 161 162 48 89 96 91 196 153 62 114 138 151 189 104 46 28 61 150 4 85 23 85 60 97 104 74 162 95 122 179
136 56 17 19 106 98 129 19 110 138 175 20 172 33 197 21 184 85 96 22 135 67 124 98 23 83 10 106 79 92 112 15 103 14 174 133 127 172 115 180 1 122 175 172 145 37 26 152 63 51 74 174 134 135 181 22 150 134 58 54 93 84 159 171 32 51 124 179 73 181 121 170 36 87 35 200 136 7 37 144 149 79 115 177 81 153 61 154 134 94 35 172 5 183 28 6 45 20 159 73
182 77 75 29 120 165 27 171 169 3 144 15 111 186 34 141 32 68 17 135 145 106 106 197 101 16 176 20 78 145 3 68 109 61 38 135 42 95 19 49 171 120 67 37 22 103 93 192 48 53 39 37 130 76 65 56 97 181 109 17 28 62 54 22 104 12 191 22 122 88 167 95 153 170 130 66 183 183 119 40 194 136 97 66 111 53 46 190 188 92 110 83 119 172 77 98 67 29 86 24
194 109 63 131 18 85 4 54 28 12 100 67 190 163 71 83 160 21 36 47 32 9 160 194 4 12 139 81 53 155 115 153 20 184 39 169 45 22 163 169 167 44 178 200 118 103 144 85 21 3 49 93 123 119 62 99 137 3 45 150 141 133 11 32 142 72 3 193 114 164 159 98 197 186 44 116 72 164 178 127 33 137 191 41 145 180 40 44 187 160 90 70 79 47 44 131 24 31 18 53
158 151 113 159 95 50 67 146 53 88 145 24 180 15 71 80 160 62 175 100 24 155 171 168 15 146 117 96 6 192 56 116 149 183 55 70 134 63 149 18 167 96 115 39 39 122 125 150 31 22 144 147 59 89 53 13 178 68 5 12 199 45 104 13 129 177 108 3 1 168 100 200 132 25 110 128 66 190 40 110 35 194 37 41 3 52 105 68 39 196 154 131 62 129 159 66 80 45 169 2
109 11 81 128 56 90 183 161 130 19 75 93 9 172 170 32 157 125 17 172 163 180 144 56 104 162 120 42 27 57 81 28 8 13 32 65 59 161 65 193 165 31 130 195 4 20 41 19 173 180 133 48 89 96 64 141 93 21 119 2 109 143 104 118 99 166 40 172 2 171 12 179 72 101 111 127 110 190 88 143 86 137 11 96 147 168 54 146 197 112 149 110 44 109 66 171 115 51 52 51
10 14 111 12 73 103 145 7 126 90 44 31 66 114 118 133 21 74 193 199 44 17 98 171 8 163 44 71 27 35 19 193 21 192 69 48 148 106 14 70 133 41 153 51 102 91 75 62 169 16 54 142 172 149 55 106 167 164 13 17 24 6 50 195 79 137 198 106 56 188 110 11 9 156 39 96 49 145 83 187 132 107 100 152 25 11 155 10 18 5 200 59 132 32 102 32 57 138 113 186
140 173 160 190 54 189 181 18 158 51 22 59 72 108 109 157 51 153 93 3 123 25 59 169 134 18 1 50 198 33 159 72 95 116 198 84 136 24 135 58 172 44 148 57 197 34 115 123 67 77 123 114 199 40 104 17 90 14 16 165 53 89 61 101 184 113 114 65 72 190 55 97 73 73 20 44 181 174 72 12 29 109 111 121 42 62 137 51 165 160 57 17 178 195 116 119 68 183 132 3
10 155 9 18 73 36 45 198 198 122 127 40 3 132 8 136 68 126 86 39 15 14 67 161 101 130 24 22 87 176 106 24 18 186 78 86 108 168 7 151 186 82 64 137 89 157 27 58 64 96 4 94 48 124 185 180 128 71 170 117 199 161 47 124 191 110 63 174 99 147 148 18 162 116 147 170 117 196 103 180 31 58 162 51 161 123 61 41 96 5 127 11 37 126 94 141 86 73 139 150
43 58 102 84 193 32 194 22 51 7 86 29 132 119 124 7 192 45 148 197 14 177 9 39 121 157 88 27 79 158 110 151 21 145 149 71 148 37 116 82 142 149 159 129 173 103 183 103 159 13 35 20 46 44 159 112 165 88 113 124 77 172 169 193 190 123 48 151 137 98 16 199 34 99 123 200 75 61 18 81 166 137 184 148 67 23 62 37 144 133 196 114 63 16 106 53 180 143 71 67
9 188 164 112 98 26 82 129 141 134 101 112 86 66 32 42 193 48 137 108 20 117 47 135 52 72 20 83 41 107 119 20 143 101 9 108 43 191 112 107 65 184 132 8 51 154 8 112 68 181 79 27 21 3 77 113 64 28 111 44 25 92 99 56 198 39 134 162 59 98 89 15 67 184 104 172 58 116 173 142 121 32 122 166 59 182 188 193 74 119 199 148 52 40 88 9 34 196 177 105
189 71 55 149 5 178 174 200 149 107 52 54 64 171 42 109 78 166 184 4 96 175 19 85 30 160 65 13 84 11 60 150 164 130 131 41 36 65 47 144 164 52 26 123 65 16 151 195 133 31 179 23 192 149 14 11 145 137 46 168 10 8 51 1 174 146 108 17 56 68 179 84 191 138 7 160 141 107 177 83 130 4 186 49 7 86 77 47 6 76 75 113 62 39 147 115 146 86 85 94
43 49 164 194 165 32 148 17 3 131 166 162 138 170 183 156 168 4 86 5 57 26 182 158 23 85 19 35 71 86 96 146 43 47 108 15 5 138 133 185 137 44 62 5 164 26 171 163 60 122 110 104 148 137 63 174 178 63 26 6 183 49 109 23 200 174 126 2 40 1 168 178 42 180 83 48 200 56 89 53 91 110 136 14 72 180 199 188 21 106 193 179 127 156 191 49 88 153 145 103
46 179 169 196 170 12 17 66 122 95 8 17 179 124 143 14 140 103 136 38 98 55 81 193 93 196 46 177 146 36 13 43 47 105 111 17 141 67 51 14 73 197 177 95 194 92 166 161 145 110 69 136 163 58 174 156 12 34 119 197 102 17 75 164 6 140 145 66 105 88 15 126 95 150 173 83 159 84 105 12 33 99 185 69 148 57 155 154 187 107 143 6 91 133 179 115 14 112 35 77
54 41 166 92 50 172 182 79 172 144 48 63 144 119 124 93 11 153 111 133 130 198 185 151 72 52 6 1 37 162 59 89 164 146 72 148 195 170 169 145 60 148 69 194 98 91 107 2 8 22 127 6 82 191 68 195 108 197 24 109 99 123 116 29 142 183 14 121 165 137 27 180 32 99 144 91 134 47 1 93 33 39 81 146 58 168 49 177 22 4 46 178 36 82 121 65 72 50 197 130
48 193 126 158 172 78 106 94 3 120 90 43 30 26 173 183 115 93 188 38 178 127 24 32 15 90 37 25 158 30 148 176 146 146 11 136 145 79 49 47 127 9 70 125 181 183 79 168 137 180 125 18 147 105 162 180 7 172 177 10 178 71 16 41 191 9 11 32 71 137 44 3 125 11 47 43 50 29 6 83 199 110 115 148 78 158 1 185 188 156 110 130 163 47 75 38 199 162 151 110
167 195 83 95 125 36 33 119 124 83 6 88 152 134 90 71 113 184 171 87 58 122 99 112 15 127 90 141 104 158 183 156 38 99 143 70 44 130 34 110 168 178 161 177 104 172 81 141 35 200 67 104 93 9 186 100 178 124 39 135 177 187 18 47 23 163 58 184 116 154 5 120 79 105 103 99 107 147 119 189 127 1 92 136 198 125 197 130 8 160 146 107 195 157 65 129 46 179 88 62
97 83 155 86 48 8 44 117 195 27 146 182 143 155 62 76 199 120 17 72 59 111 126 152 112 84 146 73 30 58 149 148 144 77 140 125 117 67 59 100 147 20 48 75 102 42 182 181 185 193 61 3 165 30 121 141 21 48 158 116 179 86 16 124 140 64 199 14 3 60 112 102 38 180 28 172 116 185 177 82 32 184 144 34 95 148 9 180 150 75 157 107 25 45 180 152 132 193 42 179
18 24 3 183 165 95 80 55 182 26 130 195 40 168 56 70 111 75 166 193 166 34 133 173 29 34 185 197 117 85 196 31 86 19 179 111 49 173 37 31 61 152 184 174 40 123 21 29 55 75 125 77 91 184 49 156 191 11 183 184 193 133 16 98 175 187 170 155 127 130 184 96 188 30 12 153 96 144 111 177 3 108 39 88 137 18 42 85 1 199 180 56 198 166 117 199 147 29 156 48
127 40 58 99 42 104 156 146 152 53 164 109 25 166 172 27 162 181 188 24 13 38 166 144 45 27 26 67 11 69 133 115 151 37 57 119 93 199 161 163 39 108 197 22 106 163 141 126 169 113 184 76 87 148 119 190 134 162 131 119 95 125 78 50 24 63 9 92 8 5 126 65 141 138 148 119 148 146 134 184 3 59 98 73 184 56 51 61 94 191 146 139 38 136 46 200 11 59 73 34
126 197 114 104 94 17 85 185 26 48 70 103 117 85 196 173 77 13 89 115 10 163 56 194 158 154 33 49 117 186 30 78 17 33 130 148 92 87 125 20 66 86 55 42 32 44 184 47 44 181 147 16 5 176 93 41 101 192 99 57 84 72 42 118 116 83 66 38 51 142 112 108 122 91 8 36 187 62 54 173 75 14 123 56 105 192 185 162 104 170 100 171 49 160 117 186 42 8 184 130
20 163 69 108 70 53 60 30 125 195 82 183 90 34 68 193 114 144 187 25 8 191 150 121 96 81 20 43 200 163 88 64 42 47 4 57 136 199 83 124 174 63 152 106 47 75 21 153 27 170 84 98 144 186 50 62 166 141 188 168 4 59 55 166 193 162 27 157 163 154 142 192 4 34 162 61 130 109 198 184 190 199 135 126 49 154 29 57 147 123 44 21 166 99 78 44 135 12 161 19
150 110 110 178 10 178 13 10 175 16 23 83 150 163 100 168 8 156 14 138 194 168 133 129 79 172 1 56 22 43 109 145 190 166 4 63 11 62 85 143 159 23 69 23 54 35 47 114 197 169 199 84 108 99 66 193 29 52 137 189 184 10 159 163 159 28 12 108 18 174 93 196 73 64 171 19 16 29 62 166 94 137 52 49 107 181 29 150 119 74 35 85 197 74 144 129 134 25 33 59
53 98 128 106 119 93 199 151 93 126 49 172 2 127 197 142 165 183 28 105 34 77 79 140 121 122 163 176 8 161 165 103 128 126 54 84 137 158 175 36 33 99 32 116 109 160 96 21 35 38 93 150 145 183 10 25 1 15 185 52 181 160 180 162 23 131 43 200 85 165 140 140 121 78 49 188 138 64 102 112 150 157 43 200 34 59 186 40 120 6 106 135 6 87 174 138 42 45 177 58
7 151 137 61 83 14 130 10 136 84 94 65 29 141 123 76 54 55 53 19 11 10 60 194 123 36 115 87 124 168 98 192 187 106 88 162 92 189 25 22 53 105 165 186 45 95 199 62 125 61 4 142 127 192 151 44 94 94 155 129 103 173 10 74 10 30 95 152 53 23 69 111 174 89 88 111 5 93 12 179 183 74 49 144 28 120 75 41 73 144 199 96 135 168 139 83 35 150 126 154
5 149 19 199 35 188 64 34 153 98 185 184 173 173 95 10 192 80 163 126 77 187 117 63 167 10 106 52 198 49 126 65 88 170 166 133 174 136 146 6 71 199 76 13 120 52 102 134 71 124 100 137 37 142 186 43 102 168 130 112 31 89 176 194 147 20 3 109 64 88 10 4 122 2 76 24 135 174 38 4 88 164 127 124 122 110 37 22 180 76 108 119 35 191 51 56 93 116 109 180
120 25 182 55 147 150 150 112 190 139 106 147 113 87 84 5 109 124 83 40 39 50 73 114 193 147 7 146 176 69 25 31 10 35 100 4 82 70 145 140 159 15 100 8 149 165 131 56 12 70 163 55 16 68 107 191 24 13 132 2 96 126 115 114 105 179 96 171 190 200 181 34 11 143 38 101 178 65 67 141 65 22 32 198 36 129 160 173 135 170 128 178 94 97 140 61 178 194 20 20
111 18 23 71 33 163 184 92 167 79 27 113 108 172 126 2 15 158 119 45 102 28 19 52 18 100 5 111 11 167 169 154 27 185 142 127 134 76 1 48 85 7 111 174 44 135 83 7 104 187 174 171 191 111 170 198 153 82 102 28 65 82 18 12 58 16 125 138 50 191 36 23 26 114 72 102 131 28 129 99 93 84 63 116 174 145 44 142 93 56 102 196 82 135 176 60 42 4 36 157
92 81 85 134 43 126 16 195 50 176 65 121 96 88 89 68 129 9 118 8 95 133 52 160 198 16 122 110 74 140 108 188 37 181 85 163 180 111 100 177 38 181 174 51 68 186 41 115 62 85 76 103 176 42 153 147 77 156 108 40 12 186 14 4 46 158 75 109 175 114 25 129 177 39 55 152 173 180 196 121 151 28 13 183 149 160 92 81 190 180 140 195 159 120 100 57 109 20 127 69
7 160 136 93 182 69 149 132 32 114 159 119 169 124 160 119 92 157 64 28 142 42 93 103 5 137 130 179 121 82 115 57 146 77 21 18 101 75 191 87 110 67 199 13 160 92 85 200 70 76 104 54 143 56 101 61 195 44 22 70 133 20 118 74 161 75 102 179 139 199 114 146 39 95 127 42 14 139 24 85 149 123 54 103 113 131 130 167 126 128 140 5 39 43 51 146 200 111 117 9
156 99 8 129 41 134 166 12 75 128 87 152 17 104 154 78 129 147 58 90 34 86 104 2 190 28 171 142 171 183 84 123 193 38 104 191 89 21 72 71 119 38 166 106 28 40 180 91 150 131 85 54 15 185 174 187 30 181 108 170 193 89 60 34 135 138 120 170 174 155 149 40 142 3 199 192 77 74 164 3 63 89 80 66 133 64 197 71 15 177 177 190 57 27 20 145 63 199 108 119
62 85 129 172 31 159 187 151 154 180 197 197 93 78 148 181 68 12 128 3 186 96 65 17 199 14 113 133 164 189 95 180 52 87 36 165 57 56 52 96 14 114 62 102 183 88 154 28 100 116 127 136 26 194 6 186 27 99 62 3 103 198 125 119 19 60 121 137 10 181 172 78 165 165 10 67 76 178 187 50 140 66 46 36 83 110 46 13 93 149 48 98 137 109 9 192 3 41 153 10
107 92 155 78 49 124 61 173 183 44 163 162 106 9 17 170 10 5 38 116 172 13 187 140 12 77 152 195 7 65 21 6 32 72 39 122 41 134 104 85 158 61 98 120 89 48 9 178 155 63 72 114 181 115 58 156 121 135 79 91 22 123 58 90 13 143 50 12 24 76 49 36 150 61 3 173 20 1 9 187 82 145 118 159 167 8 3 27 172 160 44 56 12 151 155 77 32 130 172 7
28 167 28 168 160 116 199 72 185 163 89 18 30 142 183 105 35 1 147 80 39 36 178 13 8 157 5 187 23 154 15 171 75 50 187 115 7 182 117 178 138 133 123 25 149 180 12 127 136 58 39 11 115 100 156 79 4 49 30 70 107 156 124 23 92 29 150 48 115 127 3 75 80 14 140 146 92 37 129 147 25 143 194 119 58 171 11 48 31 99 58 57 60 115 41 97 87 32 192 48
95 42 42 183 6 141 198 178 70 23 27 91 194 60 2 138 160 20 57 17 87 95 16 48 117 178 100 6 97 71 36 80 38 7 32 24 160 76 168 176 115 6 18 99 167 79 79 43 13 24 36 37 61 15 179 159 88 52 165 160 199 11 140 85 148 149 149 177 188 2 16 195 50 135 124 34 193 189 192 27 14 177 25 183 45 166 157 35 47 78 94 136 148 164 101 110 34 127 85 89
