10 	
4	43
0	98	8	109	6	
1	1	7	390	7	
1	14	1	418	4	
0	45	7	271	8	
1	10	9	808	6	
1	77	5	615	9	
1	44	7	117	5	
1	58	2	183	6	
1	49	2	12	5	
1	83	2	566	1	
80 134 127 140 168 122 15 127 41 73
192 19 105 191 63 173 5 131 148 155
15 125 40 169 185 173 119 99 131 8
174 113 21 91 185 138 67 123 155 174
37 157 21 71 10 79 43 60 144 154
118 182 22 200 9 110 103 100 185 71
1 83 9 47 16 165 141 84 192 49
81 29 89 174 14 170 26 132 122 54
112 53 118 59 136 131 85 41 126 187
108 155 10 55 103 183 196 45 96 57
40 21 71 44 189 99 191 132 86 39
