20 	
52	74
0	99	7	372	5	
1	92	8	519	1	
0	90	3	867	5	
0	23	9	25	7	
0	38	1	551	5	
1	55	6	798	6	
1	69	8	803	1	
1	35	7	117	8	
1	70	5	454	7	
1	38	2	415	6	
1	42	8	270	9	
1	62	4	270	9	
0	4	5	487	4	
0	24	4	562	6	
0	4	1	668	3	
1	64	5	501	8	
0	85	7	972	6	
0	69	1	437	3	
0	63	9	392	9	
0	39	2	220	6	
53 7 73 113 63 144 122 193 130 141 78 137 18 23 70 127 1 6 164 102
100 41 43 146 49 9 167 146 77 159 193 20 183 13 24 56 146 28 131 155
95 200 146 115 56 19 195 131 194 147 36 49 170 178 184 109 128 146 12 6
118 171 118 103 185 135 52 4 64 46 141 157 149 112 67 17 190 74 175 185
194 149 185 55 92 92 11 36 171 12 35 108 148 10 83 3 188 73 58 77
50 27 178 63 15 194 80 133 137 38 49 148 157 177 154 64 48 152 59 79
107 110 132 199 135 6 56 46 132 93 123 39 15 79 102 29 183 63 38 78
42 185 119 36 162 13 5 56 105 147 110 112 92 57 29 63 114 73 45 112
154 157 19 82 90 153 41 42 52 12 131 166 65 29 44 36 95 163 50 64
71 51 76 193 140 130 11 151 147 121 20 12 58 99 109 127 193 78 147 187
135 141 153 57 87 78 50 43 134 40 149 19 64 101 79 2 199 111 113 88
10 163 61 142 80 127 100 38 154 103 23 84 190 163 86 129 19 189 78 79
130 87 128 6 99 95 170 122 20 127 41 194 8 133 33 46 104 179 178 70
102 99 7 92 163 194 89 127 85 3 64 110 124 49 14 24 147 109 184 126
14 141 71 18 21 170 89 53 23 123 21 111 71 13 114 34 125 88 192 141
46 26 142 84 21 163 112 11 20 191 47 169 80 62 30 10 116 70 49 39
96 62 131 129 3 102 18 192 80 25 36 76 197 122 23 109 65 161 87 57
19 112 64 27 168 148 139 22 182 120 172 106 38 58 39 185 191 138 192 59
37 63 166 183 118 199 198 109 27 107 177 172 152 84 188 21 16 149 10 130
133 183 28 94 30 6 171 155 197 61 136 63 71 118 142 56 192 44 82 110
87 111 20 185 33 143 44 89 160 173 18 122 89 33 30 145 139 104 72 55
