10 	
16	17
0	3	2	36	5	
0	4	5	68	1	
0	7	4	21	6	
1	2	4	49	7	
0	1	9	22	5	
1	5	1	1	4	
0	6	2	29	9	
1	9	9	44	4	
0	5	5	33	4	
0	8	9	27	1	
19 24 93 23 113 153 35 69 1 158
162 58 174 97 114 22 33 177 132 175
62 25 123 84 197 80 71 31 37 155
87 186 114 142 104 158 124 136 190 175
64 64 34 30 175 85 97 116 60 82
155 189 118 35 10 42 108 105 151 85
11 109 108 48 198 170 103 152 119 56
163 19 156 190 115 113 56 63 78 116
11 35 199 167 105 22 79 99 42 117
91 10 190 156 168 33 192 31 11 93
103 95 177 18 36 37 86 66 66 123
