50 	
3	11
0	6	7	141	4	
0	6	8	116	3	
1	2	1	118	2	
0	1	4	258	7	
1	1	5	333	4	
1	2	6	295	3	
0	2	5	28	3	
1	5	9	413	8	
0	4	1	197	3	
0	3	6	56	4	
0	9	9	181	5	
1	1	8	126	8	
0	2	5	188	4	
1	3	7	121	8	
1	5	5	292	2	
0	6	7	301	7	
0	7	3	86	3	
0	9	6	397	3	
1	9	2	137	4	
0	3	4	330	1	
1	5	8	247	7	
0	8	6	310	2	
0	3	4	88	7	
0	6	6	268	5	
0	4	6	87	6	
1	6	8	236	8	
0	8	3	363	6	
1	9	9	178	2	
1	4	8	336	9	
0	9	9	191	4	
1	7	2	226	6	
0	9	4	306	2	
1	9	3	55	2	
1	8	6	344	6	
0	8	6	210	1	
1	6	1	308	8	
1	5	8	212	5	
0	3	2	371	3	
0	2	1	179	9	
0	8	2	124	7	
1	9	6	238	9	
1	2	1	300	6	
1	7	3	172	3	
1	6	5	351	1	
1	7	2	7	9	
0	9	8	401	6	
0	6	9	149	8	
1	7	6	279	8	
0	9	7	101	3	
0	4	1	309	5	
22 17 179 70 183 157 178 85 198 123 116 107 113 175 136 87 170 157 111 72 100 2 136 27 152 130 74 17 200 52 79 174 46 92 83 135 123 88 119 29 10 100 150 126 120 99 124 53 76 148
70 54 7 188 148 7 166 20 3 120 190 152 81 175 40 117 17 7 27 45 134 101 58 107 112 192 55 181 5 8 131 130 50 18 150 61 56 38 55 68 95 58 129 36 39 74 14 185 157 189
69 127 48 188 179 116 62 4 126 141 192 32 177 161 110 151 134 142 161 178 75 120 44 156 45 168 159 8 15 24 92 180 37 16 185 132 41 85 153 3 83 107 14 199 50 151 165 146 140 170
64 18 53 56 173 17 1 181 157 148 27 88 96 135 77 59 63 102 125 9 9 125 150 189 139 24 120 128 142 108 127 37 74 165 65 192 123 120 15 199 135 42 1 57 48 104 135 116 154 132
55 111 188 148 48 56 196 197 31 172 82 40 91 108 82 3 196 54 179 137 18 161 11 21 43 86 34 68 16 192 195 22 43 153 82 96 63 106 73 51 9 53 44 91 163 140 88 53 58 159
198 68 25 127 104 95 58 63 101 179 1 152 25 105 105 111 130 148 117 183 155 152 17 31 159 31 111 50 157 127 125 106 66 13 185 31 34 2 108 73 157 144 134 66 143 199 162 118 157 43
105 146 10 101 92 76 15 79 22 62 16 56 22 135 113 74 115 83 79 182 104 132 114 183 12 137 4 127 41 162 62 34 196 11 144 106 29 101 109 34 90 147 58 1 137 46 149 110 75 127
132 123 42 30 108 56 181 107 83 190 51 52 46 34 178 49 67 194 24 106 108 182 46 117 54 172 190 169 164 36 64 197 11 148 76 33 147 177 169 175 23 72 16 1 135 164 13 141 74 49
87 55 41 35 185 136 42 42 64 66 153 19 49 123 29 57 33 68 123 185 181 96 9 2 115 199 17 173 130 75 44 4 25 188 162 154 121 92 63 48 119 46 14 79 124 46 39 29 67 46
93 41 34 120 89 37 199 18 67 9 85 139 65 59 110 41 29 37 179 100 24 159 70 136 141 24 179 189 139 2 118 171 147 42 59 185 99 190 60 133 94 114 4 152 139 116 35 142 14 53
78 38 96 106 89 151 121 32 199 12 5 125 175 165 71 121 105 111 73 132 4 31 72 74 110 116 151 134 119 149 166 153 163 74 39 66 11 90 50 167 130 189 129 196 147 55 62 141 151 112
181 150 73 74 121 66 114 187 49 24 90 187 128 135 197 120 199 148 67 91 181 29 176 66 32 183 96 156 126 128 126 8 27 95 73 44 18 125 140 15 119 5 105 117 187 194 40 3 48 37
71 56 177 176 67 188 142 61 100 49 3 100 47 165 54 112 6 54 199 124 5 78 59 188 12 78 70 181 192 188 163 151 71 99 179 32 59 65 144 60 88 190 43 40 173 120 18 47 47 61
36 106 151 196 119 147 4 99 155 41 42 180 42 72 108 11 125 117 96 93 199 74 69 22 195 6 157 40 162 165 95 141 28 89 8 23 8 58 133 80 20 96 3 178 178 130 20 112 42 145
93 189 87 83 168 125 64 118 88 94 32 28 152 90 85 162 194 108 3 100 130 3 145 102 169 160 191 140 181 113 33 100 29 3 197 138 78 142 38 31 115 154 192 63 22 108 10 192 15 168
115 69 149 83 87 167 15 95 138 129 40 81 97 19 70 63 80 16 54 46 199 65 8 148 12 151 141 121 117 184 105 86 10 55 16 23 30 153 112 181 55 166 7 86 35 159 116 130 38 85
72 115 97 84 200 114 189 136 140 179 26 95 83 105 85 111 89 123 21 152 172 190 169 194 154 130 75 48 57 117 111 99 44 138 175 53 7 191 2 112 64 162 192 140 181 9 81 144 85 68
74 132 161 136 178 42 151 15 127 176 190 83 120 63 154 69 40 129 32 170 156 62 77 168 33 163 83 10 90 134 183 28 176 198 44 20 193 31 81 102 135 146 166 133 84 195 115 48 40 3
65 145 182 110 32 12 33 73 153 169 128 27 190 12 76 199 121 90 116 66 113 119 113 102 67 101 174 92 167 95 186 21 11 10 188 169 106 99 130 103 154 103 26 94 29 46 190 67 116 57
67 178 56 85 175 157 29 71 77 92 54 102 89 73 21 56 194 124 4 56 22 188 120 56 91 114 179 74 134 37 80 21 116 122 75 55 80 183 184 184 102 11 158 66 86 154 127 1 1 174
153 38 87 93 7 113 103 56 63 72 85 29 117 64 110 94 16 128 114 75 97 86 114 125 81 54 48 169 136 137 47 109 150 121 84 141 87 87 180 183 192 20 135 192 49 94 84 25 43 64
184 200 75 155 89 122 177 45 144 120 108 142 90 53 79 41 116 59 194 29 82 199 72 118 151 38 91 47 124 64 14 36 176 117 4 13 174 149 39 35 74 79 107 62 3 152 101 51 67 38
197 66 160 182 106 114 94 141 198 128 199 147 93 87 97 163 198 80 92 33 12 170 3 58 145 135 91 8 198 176 192 49 159 63 3 8 51 34 111 161 52 199 166 51 89 46 32 39 145 96
51 24 186 90 65 169 26 24 29 167 4 117 65 69 40 93 100 182 61 153 159 198 26 96 167 22 91 127 36 153 23 41 191 178 145 3 74 147 138 5 58 101 94 87 13 15 40 4 168 81
41 89 67 57 22 44 31 11 165 177 162 124 7 98 142 159 200 14 26 165 5 190 142 160 19 158 190 165 143 13 180 121 195 94 173 85 116 138 124 128 167 17 100 91 107 103 93 159 157 135
81 121 132 200 122 162 69 48 58 40 8 129 33 112 175 119 77 122 158 191 103 91 56 53 153 87 78 197 89 117 171 103 191 81 5 100 60 153 152 9 162 18 149 119 96 155 8 85 42 128
136 57 200 113 48 170 111 81 197 161 115 148 169 12 139 137 42 170 112 150 62 126 71 174 187 184 53 119 186 142 7 171 104 194 147 95 119 171 59 94 93 23 24 191 28 173 69 101 161 85
46 3 161 134 39 37 128 186 69 199 121 162 69 115 92 43 80 113 82 149 76 141 117 183 173 198 154 63 81 18 71 69 155 41 32 76 9 75 23 186 122 117 34 8 125 153 131 131 49 152
181 59 156 196 22 27 61 126 42 128 145 139 187 159 118 171 133 123 57 21 31 21 177 111 103 36 168 105 42 32 81 179 198 170 167 165 118 136 62 105 31 17 167 115 198 6 102 10 172 130
174 174 87 54 60 190 3 109 32 37 32 165 132 196 17 140 120 15 127 123 136 200 45 133 191 97 11 42 97 159 125 146 179 79 6 150 104 81 110 59 47 143 142 130 71 65 145 189 63 119
139 146 86 11 142 79 48 22 60 14 48 49 33 158 198 6 54 168 40 89 17 87 114 14 166 128 126 109 70 32 130 159 142 102 162 104 121 91 131 154 85 185 7 12 8 45 4 177 179 59
8 178 44 198 8 148 165 156 183 19 160 16 153 153 181 45 43 27 39 68 119 30 134 175 106 81 7 114 182 155 153 37 88 21 60 46 119 78 76 188 11 200 98 191 75 161 9 183 126 81
23 112 131 96 128 13 93 186 43 133 147 26 190 36 16 124 94 47 26 50 128 105 33 7 130 132 107 105 61 54 160 42 96 162 84 176 118 187 79 84 152 92 163 195 181 192 57 18 98 130
184 87 102 160 141 160 126 182 19 125 40 170 137 114 29 185 32 151 51 14 149 155 197 98 187 53 106 75 143 38 161 198 67 89 150 187 88 155 111 102 123 168 25 188 6 148 70 72 136 40
180 60 56 73 40 150 170 39 126 16 114 151 191 13 33 172 39 78 63 177 76 189 109 185 6 142 178 198 55 109 189 139 186 44 4 31 136 92 147 178 195 80 25 189 35 1 24 105 54 186
198 85 83 9 113 68 79 43 81 188 56 93 130 30 83 105 119 168 53 88 29 23 141 138 77 112 32 160 5 51 175 8 84 146 51 165 9 41 121 72 118 194 101 162 151 49 42 129 155 153
140 32 142 89 118 18 134 136 26 45 4 27 45 113 139 82 48 85 166 81 147 161 25 193 80 99 119 124 133 112 183 97 48 92 13 55 76 140 134 80 168 102 50 8 6 122 61 82 166 117
5 101 102 162 31 154 156 196 40 151 100 57 27 104 192 143 64 114 169 190 75 1 180 179 114 175 140 44 158 113 16 83 178 128 141 59 144 192 23 145 69 54 3 137 153 153 14 89 13 192
8 183 65 128 119 73 126 124 42 125 112 85 136 78 32 169 75 24 101 90 167 155 48 87 108 66 2 127 188 75 74 60 192 184 21 14 76 1 90 80 107 103 95 105 46 39 150 55 138 39
193 129 28 123 105 11 113 112 164 170 156 159 65 156 60 168 165 39 93 41 42 84 28 168 73 58 97 112 89 80 37 197 80 116 75 180 42 14 4 73 55 148 195 149 186 9 187 58 27 86
129 86 12 5 104 41 108 35 183 84 71 24 177 19 8 137 66 42 19 185 58 80 54 56 91 52 125 134 144 136 29 45 59 75 153 172 24 87 70 105 157 16 75 13 200 145 10 41 188 57
47 158 46 169 70 59 14 60 45 97 190 65 78 176 102 156 121 195 171 118 147 117 189 117 73 140 54 150 162 146 15 48 24 101 105 134 2 26 164 108 167 175 30 2 74 112 29 24 53 13
173 73 63 145 7 164 52 15 62 31 185 22 64 106 77 198 110 83 146 138 22 72 136 105 111 145 130 107 115 132 12 17 120 95 9 151 110 172 162 194 103 102 28 57 9 138 63 52 25 93
26 129 53 44 28 105 71 9 124 113 159 71 102 1 163 59 159 79 108 192 175 17 24 173 33 92 51 78 120 3 87 180 86 99 7 49 66 170 106 111 106 66 123 44 111 125 38 181 16 15
80 106 14 20 148 96 57 28 156 185 138 190 200 110 190 153 135 3 161 156 30 8 49 163 143 143 103 185 138 11 70 86 187 191 31 99 118 93 94 161 51 191 189 167 179 73 102 16 147 84
131 11 131 40 152 6 109 196 196 94 75 129 105 87 2 74 114 121 157 146 151 70 100 197 87 132 25 150 138 186 187 65 101 126 39 121 155 134 62 188 188 118 1 84 90 56 67 22 55 36
80 46 152 120 154 52 107 39 37 107 161 95 149 11 173 175 55 158 92 155 144 35 143 140 91 175 53 133 193 6 108 134 155 127 174 96 43 39 176 165 164 58 95 10 42 47 42 6 132 51
152 27 76 13 101 179 24 58 68 133 69 152 199 195 200 173 183 175 48 142 53 148 179 176 157 126 144 39 47 198 128 72 3 69 199 142 181 183 93 181 115 61 15 146 123 123 186 143 15 56
102 76 8 154 14 80 141 155 168 7 131 84 88 199 165 21 106 156 196 167 182 106 60 99 156 134 11 115 53 85 95 49 113 144 176 53 144 6 4 25 10 187 36 175 85 47 60 37 59 195
200 120 96 16 107 117 154 184 195 167 169 13 166 111 77 137 74 199 32 19 146 138 117 200 146 88 98 33 26 25 180 127 126 25 152 44 87 115 18 135 69 104 30 105 67 124 36 86 52 55
70 135 140 145 198 125 115 78 94 109 57 16 18 159 119 152 20 74 152 120 6 195 169 116 21 117 43 139 50 120 117 56 51 46 63 52 26 90 139 102 21 200 183 37 30 141 176 88 153 151
