30 	
17	45
1	2	6	48	7	
0	6	7	7	2	
0	5	1	24	5	
1	7	6	10	2	
0	2	3	44	2	
0	1	4	63	4	
1	1	9	16	1	
1	6	7	2	4	
1	8	6	8	4	
0	7	8	27	5	
0	2	7	49	2	
1	5	9	54	7	
1	1	7	35	8	
1	6	4	34	6	
0	2	5	50	9	
0	1	1	47	4	
1	6	2	54	5	
0	2	3	36	8	
1	3	8	17	4	
0	6	6	10	7	
0	1	5	22	6	
0	9	9	38	5	
0	9	3	40	8	
1	8	3	24	8	
0	4	1	2	5	
0	9	6	69	7	
0	5	6	9	1	
1	8	7	8	8	
1	8	5	63	7	
0	5	7	3	1	
105 166 46 68 83 135 7 95 170 10 156 191 183 18 13 187 175 17 56 12 193 117 20 196 185 43 37 70 148 79
3 49 174 28 187 168 108 189 57 147 170 142 153 98 27 138 193 185 80 188 9 17 19 179 143 145 184 199 31 185
56 129 8 12 51 180 192 95 97 122 18 69 159 178 127 159 189 15 104 117 82 196 97 11 18 127 149 199 7 81
132 26 131 139 51 5 104 15 128 40 145 125 65 48 170 162 195 177 7 150 125 63 32 62 52 47 198 129 37 149
125 50 195 69 89 89 178 1 116 193 45 14 130 198 182 22 71 56 8 52 117 167 131 79 31 109 127 8 148 116
186 49 113 140 91 54 95 32 76 79 104 135 169 66 135 72 60 171 20 110 78 30 26 2 106 39 107 101 65 137
184 19 67 87 72 90 50 129 167 174 2 1 168 182 193 25 181 101 192 161 128 65 66 91 137 48 105 131 120 39
46 126 45 154 6 11 48 12 186 121 65 168 117 68 49 187 117 199 101 88 3 195 89 194 119 35 129 130 114 90
69 27 172 171 51 140 133 65 10 23 92 25 84 126 35 66 35 75 72 66 182 112 28 44 197 175 184 4 137 183
143 76 189 63 4 159 33 194 74 196 138 132 47 46 200 171 96 143 12 161 91 73 85 68 132 64 95 14 145 147
118 34 171 140 156 95 156 116 96 89 4 149 15 143 192 127 195 154 178 180 66 48 63 96 3 198 91 125 90 25
54 69 158 96 73 153 147 84 129 148 127 70 115 133 98 101 183 181 78 59 94 30 138 135 111 180 25 197 79 84
114 173 153 159 159 76 94 75 38 7 129 101 36 138 22 129 117 48 195 83 177 31 29 94 14 146 9 134 146 135
153 101 144 151 143 65 50 89 90 127 13 18 111 149 59 175 170 188 118 58 36 196 59 11 95 34 87 84 51 136
6 160 21 151 174 57 117 189 103 17 167 180 147 38 42 63 13 126 161 101 12 56 94 192 85 87 155 48 10 198
162 171 121 105 112 32 42 100 59 15 191 91 199 132 185 183 155 132 90 77 182 124 46 4 143 144 176 141 47 176
82 131 125 5 171 133 132 2 189 115 2 52 142 165 90 162 181 28 28 9 148 128 80 36 127 29 198 131 155 56
42 23 45 176 173 16 150 167 73 52 171 78 97 8 184 170 39 159 25 75 17 11 147 77 127 14 20 32 125 4
47 150 37 162 61 10 57 16 37 186 186 187 172 55 191 174 123 14 52 171 24 10 75 42 22 5 4 46 2 83
112 194 181 97 135 73 100 158 73 106 199 76 25 157 53 155 171 8 69 99 188 175 77 137 142 55 52 62 180 146
185 111 187 73 71 113 76 35 86 102 190 198 182 1 198 199 59 160 194 157 159 115 182 70 58 183 190 49 10 145
51 24 27 52 48 136 68 60 25 58 145 131 111 188 47 166 57 75 41 29 177 38 70 152 13 65 132 17 151 71
136 96 74 178 169 9 128 143 95 36 35 80 47 160 85 86 127 30 73 169 40 192 157 12 49 80 186 158 6 109
42 184 167 74 57 67 7 142 145 107 195 93 42 155 62 158 196 191 6 103 126 110 56 45 130 92 122 43 156 197
153 53 82 11 142 9 163 122 146 34 68 171 55 192 1 101 101 186 1 15 57 73 60 166 182 151 35 133 196 24
116 92 19 71 164 121 93 67 137 191 39 84 172 82 161 13 121 68 88 82 135 63 83 79 70 98 71 42 153 77
30 61 95 14 98 129 94 147 38 26 18 98 89 35 165 48 123 22 67 5 46 24 131 171 126 189 88 84 104 112
191 105 104 62 35 43 42 88 47 142 138 163 86 20 63 20 153 158 135 142 31 156 105 52 116 40 172 2 67 4
39 174 62 51 141 197 11 52 86 150 146 30 182 162 26 129 140 114 45 8 101 24 166 194 184 36 72 101 196 199
103 90 132 44 23 158 70 91 193 142 3 153 86 74 169 94 101 187 186 191 164 170 51 38 164 78 60 194 82 134
184 126 185 143 137 56 188 124 31 27 139 65 159 56 103 75 23 189 199 36 133 158 182 185 63 82 39 64 185 83
