60 	
2	12
1	40	1	2979	6	
1	61	1	1353	2	
0	15	9	4991	8	
1	1	2	4153	2	
0	63	2	36	8	
0	74	8	786	4	
0	14	1	3393	4	
1	4	7	637	4	
0	90	8	3658	7	
1	80	7	1162	2	
0	53	2	913	8	
1	79	5	4845	9	
0	15	8	4488	1	
0	60	9	1709	2	
0	42	9	1329	6	
1	55	1	2892	7	
0	30	4	2252	1	
0	40	8	4064	2	
0	30	9	1197	9	
0	86	6	215	6	
1	29	1	928	4	
1	46	8	5320	1	
1	90	8	4731	1	
1	34	6	1868	3	
1	31	6	2378	6	
1	35	4	3740	2	
1	36	6	616	4	
1	51	1	102	4	
0	38	2	3462	2	
0	91	8	520	6	
1	15	5	3509	6	
1	52	6	5269	8	
0	88	8	360	5	
1	75	6	2848	9	
1	42	1	4813	8	
1	34	6	2313	2	
1	5	1	2409	9	
1	48	7	1879	9	
0	35	3	1443	5	
0	29	4	4485	4	
0	11	1	1178	9	
0	25	5	4300	7	
1	6	2	774	1	
0	42	8	4782	7	
0	8	7	1026	9	
1	13	9	198	1	
1	71	4	2446	1	
0	71	3	1244	9	
1	93	5	5291	7	
1	68	5	1616	3	
0	48	4	1703	5	
1	62	4	2028	8	
0	7	9	1828	1	
1	21	1	3740	2	
1	73	9	5169	5	
1	77	2	5078	9	
0	83	2	4626	7	
1	25	4	1099	5	
1	33	1	3490	4	
0	49	4	477	4	
40 104 71 45 79 63 186 132 49 34 13 43 74 31 44 157 196 168 21 87 104 200 120 112 189 131 77 41 2 53 50 152 127 118 137 127 123 175 139 144 5 64 5 29 53 130 185 52 106 188 120 166 147 15 69 33 111 112 86 61
110 66 181 8 13 195 21 64 7 172 91 55 57 16 111 157 127 81 23 19 6 198 90 143 179 166 145 93 169 186 193 85 25 180 168 133 46 82 17 8 182 142 73 151 29 91 114 153 36 52 80 95 32 131 151 40 46 128 18 171
149 53 136 2 35 136 28 133 31 172 142 43 124 134 143 80 119 57 99 107 171 171 15 167 145 10 142 8 177 81 154 188 164 183 15 54 160 139 56 48 2 128 172 173 70 183 155 17 156 61 114 193 71 42 71 96 185 199 93 122
56 133 83 163 81 118 198 164 117 86 14 104 91 130 120 173 41 153 73 145 186 165 45 95 155 7 164 86 60 142 53 77 177 38 90 126 128 149 191 151 10 169 44 93 63 26 191 179 37 22 144 146 83 166 86 186 126 8 28 57
40 101 17 176 89 167 110 105 74 186 192 155 44 107 189 26 132 35 195 142 75 157 107 88 98 161 62 145 33 93 160 119 153 180 161 14 169 193 49 148 3 94 70 161 18 199 188 68 197 89 135 43 132 32 139 124 59 185 56 172
51 111 27 109 39 192 170 160 84 95 178 8 18 72 191 16 173 174 81 182 182 126 34 102 180 178 158 147 52 53 161 163 195 192 127 122 111 61 13 163 27 46 82 23 27 184 189 141 24 87 130 166 195 61 30 40 136 95 71 147
83 100 64 47 63 17 80 107 173 117 88 181 89 172 80 187 114 122 34 87 50 29 29 132 124 175 122 20 161 172 114 41 86 26 34 17 87 155 192 97 175 41 29 69 26 5 96 87 78 39 101 73 164 25 34 101 130 146 116 161
108 160 74 185 99 43 121 52 82 25 41 23 54 79 112 148 198 197 151 48 82 153 127 157 110 78 96 138 63 2 25 22 54 145 147 29 49 121 23 28 192 89 196 179 124 146 6 17 18 191 169 158 23 1 80 8 17 19 93 86
95 102 25 184 52 146 114 131 46 68 168 199 39 178 113 129 158 181 147 153 2 175 113 159 140 155 56 3 99 78 67 93 158 115 66 182 121 79 94 46 184 128 63 19 186 169 9 60 6 70 105 96 82 197 24 103 13 34 45 62
191 170 80 157 50 158 161 121 92 21 9 115 140 89 195 158 53 145 150 176 57 50 85 193 12 38 105 75 145 3 114 88 184 115 153 61 70 38 154 165 98 129 44 15 60 172 5 200 94 178 112 146 30 160 157 74 148 152 188 175
69 72 2 119 60 4 81 133 157 92 153 154 55 149 160 186 100 112 193 63 112 195 138 160 192 9 25 5 128 62 79 198 116 176 183 144 66 76 193 22 63 92 3 200 85 94 35 143 55 1 58 42 90 199 153 121 110 89 165 63
71 163 67 26 62 173 159 156 9 71 189 150 6 9 111 138 166 108 32 55 134 140 98 46 92 15 14 186 106 146 57 26 49 48 150 172 96 58 104 146 59 108 153 163 144 132 64 189 134 180 40 179 68 91 80 94 176 68 171 69
192 149 56 119 158 132 148 130 50 10 6 27 69 38 68 18 148 200 88 13 78 64 98 134 153 11 87 42 111 159 59 76 82 171 152 14 187 155 94 147 117 143 90 31 37 195 185 128 179 61 84 133 174 185 107 102 123 134 2 24
2 38 27 57 61 104 3 167 148 89 30 132 96 120 94 122 129 112 178 145 171 45 194 15 21 147 3 156 148 69 93 151 93 161 117 68 119 174 162 94 159 131 188 88 149 134 78 12 118 126 4 76 113 154 18 42 69 107 4 77
147 33 46 98 97 150 47 107 154 18 50 50 96 138 166 97 126 80 28 151 21 139 95 180 192 79 89 75 80 71 41 34 29 187 130 98 100 107 11 136 103 192 186 140 196 192 83 83 100 177 166 151 5 39 22 124 122 117 2 54
165 92 193 114 115 139 181 125 131 38 90 70 6 156 108 75 60 61 74 43 102 173 37 169 86 13 51 125 136 170 151 133 5 8 31 42 24 48 15 119 192 136 34 147 155 1 171 159 168 76 43 78 147 161 22 61 191 61 148 105
155 5 41 10 161 192 185 133 138 72 97 85 61 36 135 187 126 200 84 129 30 143 9 187 57 126 89 191 70 142 41 107 112 73 46 198 13 18 95 11 113 24 65 61 75 126 132 120 7 82 4 179 133 96 6 104 192 156 22 8
127 175 199 46 98 182 2 199 11 78 109 173 13 91 75 16 91 109 122 75 56 77 114 186 41 153 73 55 167 129 98 10 68 192 82 86 11 66 159 127 22 18 2 1 149 111 120 106 5 91 188 37 64 74 180 59 79 14 163 118
158 52 182 108 180 92 153 55 123 185 93 80 68 53 195 40 95 132 178 190 163 162 49 48 169 84 186 138 165 88 111 26 39 191 90 182 43 87 84 115 92 28 171 56 71 136 17 185 132 190 43 78 45 198 144 122 151 125 60 82
81 22 85 84 78 28 11 158 161 123 163 75 38 63 121 163 76 166 159 62 89 78 194 129 159 138 189 39 22 148 154 150 101 138 6 36 131 21 1 37 118 111 117 6 193 142 173 102 53 97 191 32 77 159 56 80 199 27 61 69
20 48 111 21 91 92 12 194 111 97 113 164 131 84 94 137 42 68 69 122 125 4 66 108 131 130 147 24 124 180 78 143 98 8 197 30 102 187 43 183 175 152 122 167 193 66 177 157 139 175 12 139 177 101 18 188 29 53 104 170
36 138 50 129 66 52 115 49 117 94 163 13 40 107 130 102 77 82 150 108 131 126 120 111 30 192 147 123 151 12 30 129 198 133 116 143 143 11 18 83 187 78 164 36 36 100 80 164 22 117 7 74 122 79 128 34 25 92 169 124
124 43 110 146 65 177 8 154 20 137 74 168 172 101 26 65 147 62 123 144 142 80 128 41 140 176 171 172 64 54 194 84 124 122 97 188 157 27 198 104 125 51 99 73 106 107 69 146 40 140 69 135 118 187 74 161 41 85 15 182
190 63 113 109 27 130 45 197 59 18 166 124 16 162 56 81 150 170 49 173 25 85 71 81 126 161 88 68 57 156 13 140 7 196 150 27 9 4 7 98 193 48 9 83 39 58 36 73 68 178 90 69 155 115 106 74 152 177 74 117
112 51 76 50 106 114 72 98 189 198 187 51 169 28 151 159 38 173 104 132 124 129 129 57 199 145 187 158 141 143 192 190 73 32 189 65 78 11 61 174 73 158 89 27 86 82 39 151 45 162 187 11 145 141 4 165 92 1 157 49
123 6 145 134 14 99 161 54 81 30 15 12 78 144 93 84 27 23 16 11 177 83 117 23 99 53 125 177 156 60 119 56 23 25 47 116 187 123 149 86 26 159 76 159 94 124 51 32 44 178 158 53 122 16 28 141 190 58 84 92
15 130 7 103 147 130 3 51 100 182 43 163 193 176 117 51 123 182 70 27 181 169 163 49 141 40 12 92 114 186 22 40 110 185 130 165 157 94 170 137 32 9 44 185 121 166 172 49 171 110 79 162 195 158 137 146 137 197 189 159
173 176 110 156 143 161 46 85 74 7 12 161 33 47 88 152 113 67 191 179 67 176 49 32 101 14 105 30 110 104 168 48 96 192 193 59 128 79 91 93 83 191 118 142 74 189 196 43 174 198 41 29 44 151 37 91 113 85 140 175
149 24 165 26 145 185 5 96 172 110 185 180 74 73 182 172 196 64 54 75 85 181 12 106 102 194 34 53 76 143 198 92 126 165 145 26 86 170 113 173 162 22 185 44 84 114 106 45 121 86 58 33 200 40 52 199 73 11 103 70
31 51 121 187 180 110 103 4 70 110 173 49 154 139 80 26 145 83 179 20 62 74 113 127 197 162 121 140 24 68 19 24 166 152 8 74 69 5 118 31 28 28 7 193 67 44 115 75 180 53 6 86 101 168 185 18 77 66 39 23
165 10 130 64 12 64 35 170 188 166 102 53 195 186 195 46 78 194 172 59 145 69 49 13 134 151 5 9 44 103 145 76 91 82 22 158 122 196 52 29 158 164 163 58 16 179 52 194 155 31 160 134 33 127 65 12 167 126 133 144
124 153 158 43 1 102 145 182 33 146 33 83 24 161 130 54 158 59 34 165 133 13 197 106 123 140 23 198 110 149 45 140 191 13 75 173 197 34 6 165 125 124 48 19 17 20 126 111 77 187 98 113 164 37 74 136 133 73 166 99
40 174 169 125 179 2 41 145 66 88 131 77 174 177 50 29 146 13 132 139 77 86 53 124 36 43 90 193 51 200 191 113 49 121 42 89 125 80 103 139 32 85 117 60 91 186 88 71 3 179 30 7 121 170 81 142 62 76 121 89
179 99 35 34 18 114 81 7 170 126 25 174 161 152 75 145 155 76 88 172 178 186 142 74 145 124 100 196 165 9 108 177 53 165 57 118 24 79 55 83 37 45 79 6 87 108 198 32 135 15 118 158 49 91 40 124 8 164 8 121
117 81 112 39 174 1 77 36 41 11 84 25 171 188 164 82 130 63 195 129 62 129 51 132 18 81 117 39 67 106 117 69 179 132 9 116 29 159 73 41 12 7 110 61 24 78 139 183 87 90 4 61 192 7 49 20 126 143 80 7
128 51 139 56 42 84 72 63 63 69 153 177 87 146 195 56 128 109 74 70 116 168 80 189 185 64 24 84 35 199 181 200 142 199 25 60 120 163 4 141 69 135 43 152 179 190 166 57 189 75 118 156 55 96 114 191 56 93 27 81
188 198 59 56 22 50 55 11 81 56 27 66 131 157 31 91 124 185 23 72 32 41 38 41 79 65 47 93 87 78 160 138 161 115 77 113 6 167 105 171 149 7 118 93 7 17 76 200 88 126 161 91 144 36 195 4 151 115 68 125
142 38 55 1 77 76 7 4 66 47 185 57 105 19 95 90 181 176 164 185 85 157 139 175 164 84 125 115 128 7 64 88 100 161 71 182 128 170 56 115 148 116 86 130 122 197 59 109 189 93 111 9 38 55 54 138 92 46 95 5
111 60 183 76 163 68 126 9 93 88 5 129 156 63 107 115 125 143 9 162 14 199 128 66 104 21 6 186 152 77 186 126 17 181 155 159 64 152 177 27 111 17 55 111 150 181 199 127 2 21 166 59 186 189 75 62 144 106 138 142
53 175 4 42 197 26 172 110 86 15 120 180 106 104 95 156 67 12 106 95 30 83 119 97 74 60 82 94 80 155 26 55 179 177 21 1 112 83 90 144 197 99 110 179 117 47 30 54 29 72 14 57 85 101 33 115 68 116 58 194
111 91 14 143 58 181 157 112 27 176 44 94 99 126 107 157 70 161 74 72 192 188 41 154 87 1 34 93 195 109 82 176 6 30 138 49 54 89 38 70 46 85 118 51 197 80 137 46 91 112 21 108 66 124 149 6 21 166 151 162
124 5 107 21 21 167 64 41 47 91 78 88 147 25 187 160 166 14 6 194 59 138 139 182 100 85 157 48 121 193 42 76 63 155 131 123 34 25 135 62 87 84 165 99 170 146 106 192 58 20 96 40 20 85 155 16 149 92 56 167
66 14 156 143 85 88 157 189 113 147 134 21 197 6 77 140 154 33 67 159 40 146 127 49 125 156 19 50 20 31 25 14 19 105 114 149 184 96 167 94 187 100 159 190 69 163 182 183 100 5 102 176 162 195 119 59 10 194 87 74
180 51 3 77 63 79 70 194 163 100 74 158 118 91 95 75 58 78 27 115 24 163 99 82 67 81 59 16 36 163 1 172 81 121 67 15 153 91 100 110 77 28 124 99 21 180 104 82 141 99 53 78 150 9 60 161 53 78 121 31
27 27 25 192 35 175 72 91 107 115 34 195 71 185 27 164 77 67 22 5 163 59 95 75 78 76 193 80 2 14 154 108 169 116 19 11 181 199 110 39 131 131 132 61 195 88 36 194 111 12 147 165 38 127 174 50 79 23 194 50
91 194 121 199 115 170 125 84 160 113 102 66 187 32 119 152 64 42 85 167 67 120 44 80 186 179 2 148 59 181 55 167 130 50 155 81 57 35 172 130 71 12 67 158 114 134 18 37 35 66 69 2 158 60 109 159 185 17 126 14
110 123 78 14 64 71 28 89 97 117 161 140 57 72 189 72 59 133 34 29 128 185 132 183 9 150 138 119 86 135 50 102 192 128 177 34 197 78 42 139 104 75 16 42 190 45 110 22 161 50 145 110 83 176 131 197 8 189 14 119
99 183 94 55 71 13 129 77 179 29 184 140 106 160 126 198 23 105 133 7 83 194 144 164 63 169 154 102 99 132 98 13 186 119 107 92 130 92 95 105 61 171 127 129 179 118 20 128 11 149 31 115 154 48 25 82 52 41 55 64
4 183 92 152 10 8 120 25 118 193 77 183 124 22 155 118 123 139 122 60 130 17 83 125 151 198 171 119 89 9 112 86 126 119 111 149 135 125 180 58 197 59 157 47 16 41 154 192 60 28 140 110 57 132 166 74 156 94 148 78
160 167 183 29 30 71 122 104 88 75 112 22 13 56 28 104 148 6 182 193 6 132 137 76 141 102 23 200 195 190 55 100 158 56 101 150 88 100 166 188 137 5 9 168 43 164 143 144 72 188 196 53 147 37 116 103 12 84 102 77
48 186 13 77 73 159 48 82 171 69 199 29 135 47 3 37 124 37 124 7 43 184 12 75 38 167 86 159 51 26 45 123 113 57 61 79 11 107 80 136 114 85 33 30 11 74 110 115 15 140 92 165 19 105 193 168 193 185 137 151
118 91 177 177 47 44 49 26 159 67 163 29 177 45 154 195 21 102 53 58 90 3 143 26 56 132 63 153 57 91 16 57 98 189 47 15 3 102 146 136 98 11 166 26 119 74 8 173 115 50 105 154 169 67 36 171 192 110 17 85
60 2 193 19 38 169 177 128 93 11 110 131 188 34 10 189 4 35 1 16 106 190 126 28 167 14 24 91 104 71 26 164 96 87 134 14 99 122 107 29 45 161 111 4 152 121 169 83 11 91 60 166 9 101 12 53 103 178 158 192
78 74 180 200 109 32 11 20 57 62 132 31 174 102 14 140 13 5 166 179 124 172 64 50 150 67 41 11 55 38 1 27 35 104 98 56 22 42 10 141 20 117 197 84 158 84 87 200 89 142 179 108 26 121 109 69 27 178 98 87
173 28 58 189 119 164 101 125 135 104 147 77 75 17 157 37 79 24 15 89 164 93 7 19 128 182 197 174 142 91 164 13 75 196 80 113 7 137 64 50 37 163 49 148 70 139 70 108 39 46 45 60 16 100 63 198 184 19 132 165
68 25 92 45 32 180 131 50 46 198 154 116 147 59 178 28 136 80 152 34 49 154 148 190 137 144 135 93 92 89 2 15 52 26 96 64 135 181 117 14 80 172 178 109 89 3 106 62 8 54 144 107 138 112 23 153 140 187 51 124
183 176 186 37 14 194 1 45 71 88 102 38 133 87 183 121 3 91 53 197 195 82 107 8 178 174 11 85 34 64 70 50 135 19 45 144 118 127 106 53 98 114 166 190 57 171 125 17 31 75 191 183 165 17 59 71 14 38 117 59
38 14 151 164 12 111 120 172 172 127 68 94 138 164 111 30 76 34 77 30 185 98 162 20 166 33 34 27 63 66 36 42 90 55 175 125 170 69 179 38 99 191 47 161 118 132 95 147 134 199 49 92 128 22 70 171 119 163 111 161
176 146 125 124 59 176 118 88 136 158 13 129 89 154 115 84 126 11 106 153 197 154 62 42 30 159 175 40 200 119 35 82 143 8 194 159 84 33 125 143 146 29 147 128 180 91 190 84 60 199 97 78 163 143 16 78 106 105 70 145
189 68 187 28 8 138 110 105 68 79 106 114 20 3 174 66 149 27 194 29 153 152 173 38 48 109 170 185 47 24 149 182 164 63 38 159 9 43 115 93 66 130 96 19 14 31 37 93 131 177 9 95 126 81 162 163 171 150 41 121
5 3 106 183 55 41 143 130 153 182 27 11 159 102 143 25 119 197 98 26 9 48 74 47 134 108 21 35 56 14 168 116 174 128 92 150 109 183 144 165 198 55 149 76 168 173 3 22 96 184 161 96 170 14 179 170 39 74 116 32
