50 	
47	59
0	1	8	289	8	
0	5	3	34	4	
1	6	9	114	1	
1	2	3	188	5	
0	2	3	288	6	
1	3	5	95	9	
0	7	8	77	4	
1	9	8	175	6	
1	9	1	242	3	
0	6	1	287	3	
1	9	9	299	3	
0	1	1	1	7	
0	3	1	381	8	
1	5	8	195	8	
1	4	3	180	1	
1	2	9	70	4	
1	3	3	205	3	
1	3	5	178	8	
0	6	2	4	6	
0	3	6	315	9	
0	9	2	126	5	
1	9	3	44	6	
1	9	8	46	3	
0	5	6	55	9	
1	2	2	93	8	
0	4	9	347	9	
1	8	9	129	3	
0	1	6	222	3	
1	5	1	74	5	
0	6	9	43	3	
1	7	7	138	6	
1	8	8	280	3	
1	9	8	97	2	
1	4	6	348	6	
0	5	7	345	8	
0	6	4	66	3	
1	1	1	217	9	
0	7	3	214	4	
0	3	8	136	9	
1	2	4	163	9	
0	6	6	171	6	
0	4	1	316	2	
1	5	4	122	5	
1	6	6	161	9	
0	9	4	375	1	
0	4	2	195	6	
1	8	9	225	6	
0	5	4	180	6	
0	7	7	164	7	
0	3	2	197	4	
76 85 96 26 100 153 135 13 119 77 74 141 1 149 126 94 46 65 144 60 98 97 52 188 33 30 193 173 54 97 19 33 38 166 7 132 66 17 1 32 25 36 90 156 191 73 138 167 45 72
117 187 28 79 135 191 7 101 101 104 199 8 63 92 177 55 173 150 70 21 67 31 157 19 197 73 3 190 131 86 56 21 179 187 61 115 139 133 63 88 31 67 87 51 109 109 49 179 22 192
88 34 158 167 180 67 161 47 80 55 43 1 74 121 40 40 176 24 172 11 96 87 10 49 85 114 99 64 133 196 118 74 9 97 122 140 14 193 118 135 71 113 24 105 138 127 22 78 56 161
159 129 98 30 157 73 111 188 111 27 135 18 134 37 110 180 156 120 123 140 174 61 39 25 124 58 178 160 4 132 14 1 96 49 61 190 50 48 136 12 102 172 89 121 103 158 27 17 94 147
73 17 107 73 104 196 141 45 156 197 59 97 125 24 145 39 61 150 194 31 16 50 128 63 59 61 30 98 141 135 31 8 101 156 186 32 83 87 177 27 149 181 91 175 59 148 180 23 133 6
155 28 139 133 83 130 3 127 43 39 94 145 166 60 128 40 100 197 70 49 186 16 17 120 3 19 27 126 189 61 71 34 78 105 167 15 190 180 168 84 45 46 125 193 92 36 189 14 106 186
2 30 37 103 136 126 109 153 6 24 5 86 174 103 35 154 93 90 161 115 161 167 64 97 95 178 174 141 200 66 155 113 61 51 182 130 5 147 185 36 197 108 161 175 176 22 175 15 100 140
169 27 57 66 140 163 183 94 125 18 194 168 84 121 20 156 89 85 196 45 113 41 142 169 110 8 42 32 162 62 154 155 2 17 78 118 34 144 23 156 22 96 112 78 36 136 36 58 64 178
27 193 148 190 166 69 26 49 160 90 42 72 3 15 165 60 80 115 172 78 174 73 159 31 168 144 187 51 21 119 101 130 60 58 166 66 120 186 190 51 6 106 69 88 97 76 108 118 10 93
38 58 13 88 122 74 172 86 56 88 169 132 115 175 50 125 35 158 43 135 200 117 131 104 37 152 37 67 82 33 173 68 39 105 2 75 129 22 33 19 112 120 30 121 144 37 21 155 3 171
9 28 6 120 129 127 173 129 36 195 145 196 2 38 29 198 19 154 173 18 123 34 11 78 75 139 80 48 187 175 33 143 198 47 136 25 153 25 81 31 92 160 58 139 47 185 159 88 160 5
3 75 161 163 9 41 3 163 88 195 181 109 26 138 174 133 57 131 88 71 175 129 103 78 81 101 35 70 100 15 68 166 106 61 110 193 17 186 177 78 95 28 176 24 31 178 8 40 57 147
66 39 52 79 80 131 138 23 100 182 26 175 51 62 162 133 98 107 79 117 155 81 10 166 38 192 163 191 38 103 145 101 6 37 149 126 66 61 130 99 89 106 25 113 115 48 60 187 161 169
199 44 102 114 68 59 12 20 117 101 166 112 41 196 119 99 159 23 45 38 47 26 178 149 42 123 183 129 41 20 189 148 25 13 58 178 50 119 141 130 178 111 27 35 126 18 187 106 56 107
200 180 120 161 62 71 11 94 121 161 13 184 162 71 129 159 41 127 78 104 157 141 199 4 24 80 10 19 78 118 197 150 191 43 104 126 84 42 156 125 37 26 7 31 112 77 51 193 101 135
181 98 14 132 93 72 35 130 137 124 26 2 12 140 88 53 45 28 104 169 189 57 157 104 6 11 40 141 165 144 15 76 109 23 53 66 78 174 127 166 63 28 142 27 154 154 5 13 27 116
7 176 47 39 104 21 64 107 85 165 88 135 112 105 193 66 115 61 196 103 30 129 189 192 50 2 2 102 168 114 105 155 11 177 178 57 160 112 137 196 187 133 151 20 12 200 143 82 8 2
191 33 9 131 159 188 131 107 130 169 10 138 25 91 8 80 111 172 8 38 81 170 151 190 136 196 156 132 15 144 75 174 127 63 41 50 77 184 179 126 93 165 162 112 91 51 65 112 70 53
99 79 104 162 2 5 4 159 100 40 93 143 117 146 119 196 74 130 92 3 45 17 75 42 49 55 171 3 1 115 111 32 6 9 29 97 107 75 52 113 142 111 195 151 193 164 158 73 51 192
82 196 9 157 54 2 50 4 61 145 188 50 8 92 64 175 140 90 46 129 142 68 160 44 6 87 127 128 111 124 47 120 150 41 188 66 115 18 148 190 9 24 192 104 127 75 2 17 144 89
121 168 106 116 11 56 29 19 109 117 131 110 159 89 123 78 26 10 132 193 192 99 99 173 117 64 143 83 31 159 138 143 196 149 156 195 154 31 44 17 2 190 71 25 94 8 186 159 47 165
62 20 163 188 149 150 13 162 105 166 115 131 34 175 105 177 3 47 34 58 56 117 49 62 198 187 49 170 47 63 78 164 31 137 31 78 55 112 1 159 16 17 120 24 112 128 126 97 180 55
165 137 119 159 78 54 99 66 152 66 75 133 123 200 24 53 109 172 108 24 121 195 63 45 56 27 69 46 85 111 176 26 165 158 121 92 124 137 159 144 75 46 51 87 64 37 176 42 109 2
58 87 31 70 84 74 148 66 94 29 119 174 174 48 183 149 150 147 100 97 166 175 60 7 150 158 35 154 90 188 179 190 69 8 125 138 117 132 148 68 104 80 9 74 48 4 171 22 52 136
193 124 43 191 44 139 150 136 158 19 92 47 187 73 101 89 115 20 4 73 135 102 24 54 69 143 167 175 169 145 39 177 52 189 2 181 183 103 44 143 28 82 184 117 122 56 94 69 23 148
111 47 67 63 8 47 181 125 128 24 5 194 71 177 57 192 116 51 75 60 100 133 34 65 12 190 139 151 177 152 179 94 151 88 40 91 197 198 31 56 18 30 78 143 1 99 118 115 160 25
34 93 112 110 16 10 42 26 30 35 152 88 184 183 38 107 39 35 161 129 40 190 105 149 139 173 10 54 158 76 21 130 110 56 37 120 2 137 72 196 156 81 67 36 27 162 170 30 13 136
183 12 196 46 72 174 172 164 116 138 198 32 132 148 119 162 72 55 97 14 129 11 13 3 129 86 55 106 105 68 166 174 124 122 172 51 83 115 8 66 178 36 23 63 153 190 195 12 146 42
50 20 179 43 200 72 94 170 19 132 133 40 96 108 165 46 96 141 119 132 60 187 124 24 89 192 160 128 159 173 99 5 137 188 41 33 103 151 175 187 199 55 6 29 42 58 28 71 113 194
144 75 151 105 138 132 197 163 145 147 176 63 81 125 190 145 91 193 32 57 103 155 31 27 91 52 75 151 3 164 42 172 183 176 133 200 26 53 28 170 130 88 159 32 75 68 122 120 140 27
102 11 164 49 191 10 77 77 132 85 47 174 97 96 152 16 3 187 60 67 64 122 85 14 47 192 150 69 160 99 24 82 89 155 39 133 120 26 77 178 27 147 164 116 19 132 167 119 110 139
10 62 14 22 101 89 122 5 15 90 112 198 154 149 75 46 144 81 55 122 36 17 27 29 27 24 72 117 13 19 41 103 63 48 19 126 69 114 180 197 21 52 117 180 95 14 132 27 182 53
67 145 191 76 136 131 65 156 108 195 48 101 79 42 71 36 191 93 1 108 155 59 158 140 163 174 132 186 122 55 189 1 143 166 154 15 1 154 23 102 11 75 140 49 172 1 118 93 154 70
176 144 169 42 25 5 161 154 180 18 101 6 97 122 117 161 64 63 184 196 30 145 77 166 17 79 57 55 10 143 52 7 9 181 63 193 171 39 60 44 87 146 188 173 168 7 84 51 183 44
147 9 14 190 47 119 92 158 185 130 103 109 47 1 151 110 115 187 131 32 42 177 176 60 112 53 30 70 165 18 68 71 107 121 164 59 104 26 42 24 27 127 159 75 49 46 177 26 177 65
93 142 88 178 91 107 56 68 186 8 59 31 76 90 192 133 149 170 38 135 111 189 98 73 132 135 31 13 118 139 86 83 74 85 25 57 110 104 147 3 108 130 120 124 23 133 141 86 104 183
9 114 195 43 27 77 157 181 47 33 90 161 86 75 47 83 22 119 196 113 45 143 72 48 167 106 110 168 146 151 49 148 50 77 149 164 104 121 178 195 174 77 29 136 32 189 164 80 108 113
176 68 54 191 147 94 83 28 11 77 18 190 94 196 183 127 124 143 188 20 174 167 69 143 46 108 138 148 17 12 26 19 63 89 46 180 161 78 65 85 194 141 154 131 15 132 13 36 50 90
166 11 18 155 37 196 137 119 157 144 18 176 33 170 6 56 52 125 156 98 162 72 186 41 157 150 102 5 77 131 162 169 187 123 4 48 33 197 136 55 116 186 126 97 107 199 86 68 110 145
56 36 7 178 126 10 142 195 166 72 93 114 41 83 58 39 119 20 79 12 179 17 100 15 98 90 54 51 35 179 140 117 101 13 90 79 149 145 72 112 39 77 112 25 117 142 136 13 102 193
125 72 129 71 126 18 25 108 127 121 96 185 1 80 136 80 45 187 98 48 66 42 162 105 62 30 122 164 147 70 57 98 78 36 73 101 132 168 53 44 124 148 24 187 152 32 126 24 88 31
72 111 43 30 77 7 111 111 88 19 196 128 19 179 154 196 160 139 83 120 118 138 3 34 30 32 177 192 52 63 145 100 129 41 139 188 119 44 66 119 112 176 178 12 2 118 113 166 180 116
197 127 189 169 180 165 26 148 145 185 27 182 73 45 42 188 26 129 163 133 36 18 77 31 176 13 183 108 97 103 199 2 68 200 117 19 170 14 91 106 109 82 170 130 100 197 112 186 194 184
140 200 34 22 56 61 35 123 84 180 103 89 98 48 143 90 85 169 164 25 119 51 63 146 7 26 29 187 186 139 106 30 75 13 40 21 190 62 76 52 80 88 91 29 94 49 130 186 94 122
14 144 99 130 157 65 73 25 72 199 191 60 126 157 101 29 67 85 3 172 161 175 122 29 16 111 61 16 49 187 69 55 183 158 167 1 100 192 119 144 159 198 98 78 62 21 130 68 170 130
68 195 8 152 178 4 103 37 161 193 83 46 89 189 90 86 92 8 109 151 187 153 6 157 69 124 16 125 131 3 147 57 183 25 128 78 168 140 31 194 72 85 100 3 96 109 51 6 29 35
155 189 174 138 68 110 143 154 56 13 2 119 122 119 32 51 142 80 62 72 131 99 51 70 49 118 191 123 98 185 138 69 98 54 14 139 56 196 114 79 129 28 105 30 110 102 130 119 93 188
49 174 81 181 88 22 88 173 62 113 188 32 98 33 22 2 115 58 168 186 119 134 198 58 27 123 78 118 59 128 132 94 31 76 76 84 60 60 4 155 138 121 144 42 68 134 115 146 95 57
85 145 10 166 81 110 29 87 69 117 2 64 110 23 20 198 189 116 66 13 39 17 28 41 6 105 7 93 175 164 49 15 200 186 7 43 158 165 194 84 8 80 75 171 129 166 178 199 176 58
30 15 39 151 106 32 73 160 166 154 171 8 134 7 97 173 59 49 91 61 139 29 121 172 102 90 30 84 146 136 64 1 165 198 11 138 152 76 34 10 133 109 130 177 11 176 180 146 155 110
92 178 79 35 103 169 168 14 186 82 49 186 41 64 197 176 77 76 32 163 200 117 134 162 57 121 192 200 121 90 7 186 177 131 67 99 178 13 29 162 93 126 94 184 147 128 194 107 99 157
