40 	
0	12
1	40	2	249	3	
1	89	5	427	1	
0	40	1	119	5	
1	7	7	497	5	
0	62	6	627	9	
1	47	8	206	8	
0	22	1	215	8	
0	90	8	879	1	
0	28	2	233	6	
1	6	9	194	4	
1	95	2	8	3	
1	8	6	490	9	
1	98	8	210	3	
1	73	6	370	5	
0	72	1	282	6	
1	61	1	149	2	
1	34	4	151	9	
0	46	8	939	9	
1	18	7	761	1	
1	35	6	125	2	
1	76	8	244	2	
0	57	3	602	8	
1	92	1	64	6	
0	25	1	147	7	
0	54	5	188	5	
1	21	7	87	5	
0	99	2	647	6	
0	30	4	13	2	
0	89	4	682	3	
0	50	5	383	1	
1	28	2	940	1	
0	63	7	163	5	
1	73	1	66	1	
1	55	6	169	7	
1	27	5	336	6	
0	52	3	205	8	
0	24	3	360	2	
1	18	8	368	9	
1	3	5	697	4	
1	7	7	544	6	
162 176 157 78 112 77 176 54 105 154 198 115 197 156 128 4 58 157 193 35 196 172 34 60 171 175 79 134 155 20 6 180 9 190 96 11 106 43 1 142
199 49 173 149 112 97 26 7 24 70 70 170 56 126 170 46 104 147 67 64 173 169 27 109 31 62 121 95 160 199 9 5 142 116 69 190 77 99 10 64
195 1 20 121 26 71 85 94 10 88 96 29 195 126 66 194 26 32 100 166 93 25 87 67 163 125 132 140 92 84 110 140 194 29 125 46 155 53 150 10
18 150 142 93 80 190 119 164 43 85 124 20 38 126 14 170 16 103 129 17 116 48 2 57 155 158 190 181 104 123 2 17 114 30 125 123 12 142 28 36
152 72 160 49 116 16 31 187 50 144 41 53 185 189 161 1 88 168 50 99 81 170 12 139 20 196 22 199 123 72 57 196 42 131 75 103 106 185 23 166
6 66 104 67 116 79 19 4 170 188 70 148 39 118 104 185 106 182 77 65 62 14 82 63 27 97 18 25 52 118 28 16 14 12 71 110 131 97 183 170
91 43 185 136 99 95 119 30 65 114 62 56 121 135 184 68 147 8 109 80 5 71 199 160 200 141 70 67 120 6 129 97 199 129 93 34 16 162 95 69
167 43 96 34 90 126 100 88 156 46 124 183 51 42 96 32 138 76 85 79 163 183 158 20 194 200 85 176 103 81 149 75 142 122 108 47 66 189 177 29
133 25 136 8 166 26 96 38 43 163 180 108 29 188 160 143 4 97 140 162 134 197 68 153 99 131 84 101 73 29 34 161 49 16 75 102 198 45 178 110
159 185 160 166 160 137 116 135 180 192 192 141 17 90 18 129 17 55 25 165 55 26 191 170 89 140 24 88 25 129 103 16 164 177 29 88 156 113 197 134
161 43 72 1 146 93 200 158 13 134 78 83 97 189 107 132 74 184 194 13 166 74 187 80 141 117 90 133 36 124 101 169 134 9 103 9 102 176 11 22
114 196 140 8 199 79 48 48 107 41 191 141 17 30 104 161 164 94 28 87 84 4 52 64 171 192 122 120 76 56 98 11 118 157 2 115 127 58 162 114
16 37 146 95 92 116 102 197 159 113 116 42 62 59 123 62 140 124 79 152 132 106 186 19 105 128 82 15 86 70 79 158 191 131 54 143 107 71 72 195
124 8 123 97 73 26 84 20 94 30 58 90 51 175 17 154 145 169 17 80 103 89 138 169 198 31 84 149 181 158 197 131 12 31 60 91 126 76 86 73
114 182 12 195 119 14 34 37 150 119 144 131 25 59 6 22 25 145 155 6 149 171 169 127 152 119 154 19 157 140 34 49 123 69 83 63 131 193 154 118
28 158 121 102 191 2 45 92 18 42 137 45 31 162 10 6 155 45 31 129 101 140 78 121 128 66 143 32 163 183 148 128 83 160 81 28 19 13 37 38
119 55 4 166 125 77 50 75 163 105 190 113 200 190 178 29 37 90 21 58 18 136 56 44 128 132 175 78 64 130 70 117 199 193 32 198 132 180 2 86
23 23 173 30 21 67 93 129 191 101 31 119 104 115 100 96 87 168 159 181 155 86 87 54 64 4 118 158 56 171 156 43 94 194 28 76 106 63 110 68
180 177 101 47 57 55 45 66 3 21 24 181 157 68 39 179 132 158 153 113 197 56 106 129 158 56 36 120 171 49 121 120 187 151 110 157 72 164 117 168
187 41 169 10 21 183 102 108 18 105 65 22 91 61 42 47 180 186 33 81 33 11 52 6 11 90 172 163 14 102 96 34 144 53 193 36 69 99 102 62
41 21 160 174 160 142 15 136 178 73 192 53 113 95 175 3 161 151 54 150 124 107 124 174 17 146 157 186 13 152 92 123 47 58 83 200 67 2 43 186
183 101 177 38 151 143 32 199 87 13 31 191 39 132 159 25 72 198 174 165 150 167 171 169 183 174 33 106 44 117 11 131 25 121 134 13 123 184 104 63
89 177 188 68 8 167 58 98 148 164 110 152 189 129 141 81 160 56 127 107 84 190 179 186 51 35 130 1 109 73 184 113 165 105 74 41 196 162 134 49
58 25 197 166 198 170 39 33 45 54 83 102 189 51 37 100 91 17 6 32 197 142 146 80 77 189 116 13 31 62 45 67 106 102 27 114 28 22 179 193
176 87 17 62 87 175 30 116 40 23 106 102 192 59 131 187 32 192 72 114 12 115 83 40 187 139 181 91 12 17 177 11 57 137 142 134 14 195 12 196
99 165 188 100 36 171 100 81 164 195 8 104 167 63 125 14 190 147 42 80 104 16 84 30 83 60 119 93 165 182 109 175 21 194 38 174 59 153 30 46
2 54 110 39 199 138 16 165 51 127 190 15 24 132 122 39 187 151 35 91 143 76 149 161 57 187 70 199 48 195 191 10 200 72 144 91 113 185 132 69
24 183 6 154 155 195 50 141 193 28 131 18 94 197 174 83 2 86 188 65 23 52 17 24 62 82 99 107 93 154 60 54 177 42 72 166 29 173 14 95
129 49 107 121 108 112 200 52 94 9 57 187 39 192 105 102 106 13 80 186 55 149 169 72 55 52 66 36 74 128 63 127 121 78 169 47 192 60 90 38
70 153 43 148 193 116 141 138 63 71 79 12 108 89 93 121 83 145 81 34 140 155 196 114 1 16 78 36 24 91 33 13 24 186 155 54 134 29 161 60
91 126 11 149 143 147 10 34 178 1 90 36 132 56 148 7 48 116 108 35 29 142 20 105 76 114 165 129 38 51 158 78 50 181 36 98 118 98 87 83
35 24 35 21 98 188 99 159 170 188 132 106 5 177 90 33 103 173 54 164 75 180 93 127 34 13 9 20 55 140 200 154 20 177 80 108 47 5 27 122
75 99 161 2 198 105 180 56 109 32 28 108 39 122 41 182 111 181 95 22 186 170 13 27 186 122 140 33 178 154 95 73 83 94 20 86 192 70 189 86
116 130 61 92 92 164 113 80 194 102 23 158 100 111 92 173 44 141 102 110 110 142 70 179 47 132 48 4 65 114 199 34 18 126 162 86 58 164 28 84
142 47 196 30 189 168 123 67 88 28 128 16 166 2 173 184 63 119 154 13 140 70 180 183 50 94 5 172 197 22 14 86 183 7 38 125 149 176 84 61
139 58 98 126 124 109 140 187 109 188 62 96 75 121 178 182 140 48 84 10 32 47 29 169 182 33 17 102 109 96 102 4 141 87 200 119 101 155 4 194
88 146 152 183 132 51 177 157 108 178 183 97 132 163 108 144 9 53 127 20 42 151 68 163 64 108 21 161 176 34 94 72 135 179 92 158 47 24 18 63
29 6 192 62 92 71 124 64 134 168 167 160 170 89 171 188 187 81 72 150 10 147 20 79 11 92 30 198 2 194 28 157 168 48 130 32 105 45 82 164
116 32 11 120 64 24 35 87 67 140 23 65 179 149 149 53 27 25 27 129 133 108 177 154 5 24 161 161 123 34 108 85 124 17 186 105 159 8 105 133
154 179 117 91 12 158 68 144 53 55 98 64 137 200 86 40 48 20 166 181 84 88 61 53 5 122 39 123 123 85 141 78 136 109 94 46 63 90 174 32
108 196 161 72 34 181 22 45 135 75 94 196 14 68 43 194 175 140 163 137 191 84 172 55 96 84 72 34 5 120 89 130 125 101 140 80 53 99 18 163
