70 	
1	57
1	5	3	463	4	
0	9	3	435	2	
1	2	1	262	7	
1	1	4	117	1	
0	4	5	67	5	
0	1	6	458	5	
1	8	7	213	8	
1	8	8	382	9	
1	5	6	244	4	
1	5	3	254	2	
0	4	2	495	2	
1	2	5	494	4	
1	4	1	460	3	
1	9	8	85	1	
1	6	1	351	1	
1	4	1	233	4	
1	1	6	265	9	
1	9	7	96	5	
1	1	1	67	9	
0	4	3	5	2	
0	6	6	73	1	
1	4	5	75	2	
1	2	9	198	3	
0	4	7	386	6	
0	8	3	282	5	
0	8	2	285	2	
1	9	5	361	9	
0	2	3	9	3	
0	4	4	374	2	
1	7	1	380	6	
0	8	1	448	6	
1	5	6	7	1	
1	9	2	252	9	
0	4	7	402	8	
0	1	5	279	8	
0	4	3	470	4	
1	8	3	406	8	
1	4	8	361	3	
1	9	6	266	5	
1	7	4	413	7	
1	9	9	361	6	
0	4	8	173	5	
0	3	2	388	9	
0	2	1	129	1	
0	6	9	455	1	
1	3	5	406	1	
0	6	2	135	7	
0	3	4	349	2	
0	1	6	396	5	
1	8	8	313	3	
0	3	4	138	3	
1	3	6	167	8	
1	5	3	190	3	
1	2	8	287	7	
0	5	3	233	5	
1	3	4	97	9	
0	4	7	247	9	
1	8	6	207	6	
1	2	5	342	9	
0	4	7	111	5	
1	6	8	406	8	
0	7	1	6	3	
1	8	4	83	3	
1	4	7	306	5	
0	5	8	70	7	
0	7	5	420	3	
0	7	3	133	2	
0	1	4	484	5	
0	5	9	318	5	
1	7	7	494	1	
193 179 144 36 186 113 90 66 148 168 91 177 145 176 95 149 106 27 23 55 49 62 133 14 173 108 4 129 156 186 195 176 151 94 106 98 18 32 106 104 49 159 182 53 166 70 26 39 157 116 102 116 191 112 6 180 98 134 46 124 32 57 195 37 84 23 159 73 196 22
53 102 172 64 29 156 89 108 53 32 7 25 196 100 162 146 164 6 89 159 78 78 177 124 197 171 116 69 49 95 154 194 108 153 133 105 197 161 100 177 181 186 134 23 28 161 30 13 5 52 130 54 2 22 102 114 143 153 97 63 47 106 38 110 74 28 111 151 97 7
171 68 31 90 28 144 162 23 33 72 49 54 33 66 142 141 76 170 84 185 114 153 149 183 53 152 110 105 177 62 166 107 150 35 112 82 6 167 75 164 194 116 43 21 138 151 88 122 43 137 149 197 2 163 95 45 113 26 37 158 83 50 195 111 86 178 69 107 109 153
144 90 39 95 2 46 15 120 98 110 96 122 15 70 51 73 146 14 69 136 139 192 3 42 124 88 135 65 95 51 144 153 21 93 57 184 111 184 189 66 130 123 100 200 70 122 187 191 147 84 3 88 116 34 101 138 37 181 49 146 191 125 87 83 182 178 120 150 141 10
99 155 10 62 128 168 198 191 143 29 48 186 167 145 75 86 94 128 82 117 37 2 184 78 182 47 90 106 92 33 122 134 197 158 24 175 118 109 63 161 2 52 122 180 187 100 170 128 9 91 150 195 96 97 90 84 80 67 47 1 50 69 145 96 184 151 123 53 50 31
87 91 105 190 166 37 8 22 79 141 34 135 190 50 178 140 138 131 39 200 3 174 115 52 182 2 1 55 147 47 137 35 38 164 36 77 82 45 104 61 133 72 47 146 161 41 121 159 142 160 96 128 130 15 2 111 93 43 84 95 140 82 53 70 154 90 158 197 20 161
75 132 144 109 160 199 146 23 31 48 103 106 39 198 128 51 72 180 116 58 23 29 101 161 170 195 164 153 69 71 153 69 168 126 43 167 111 78 166 175 193 62 105 61 114 6 68 89 149 98 153 17 58 98 144 145 3 147 30 9 113 121 129 128 11 138 117 126 34 178
66 114 28 90 191 130 163 145 31 162 96 11 121 16 29 80 149 26 68 162 145 184 5 173 127 120 43 197 66 20 98 115 171 137 144 193 17 70 75 176 144 157 61 196 33 188 186 110 147 127 113 74 41 187 48 155 61 51 8 26 38 110 117 16 163 179 60 101 26 130
107 33 11 19 153 77 95 90 18 39 29 15 195 28 86 36 123 55 33 134 71 187 100 40 29 121 79 85 104 183 137 95 185 143 133 181 13 174 96 84 105 190 56 147 49 33 116 103 173 150 66 58 142 159 90 33 122 47 63 22 140 19 144 12 81 106 137 49 131 192
177 111 12 157 56 182 145 109 69 130 95 181 188 129 144 195 160 111 23 122 24 107 59 147 31 166 78 116 148 150 3 67 75 196 179 167 43 148 120 133 199 102 83 196 131 97 35 156 53 40 127 64 66 102 88 38 168 51 98 122 96 159 157 126 5 58 20 74 4 24
145 53 199 134 126 122 6 145 86 5 54 98 59 8 21 192 199 15 159 110 142 3 170 30 2 66 93 93 77 28 127 110 33 168 3 150 198 63 78 89 101 146 140 191 28 124 87 89 62 82 189 142 66 49 1 36 60 85 46 93 181 140 51 45 143 53 4 5 48 170
41 9 82 37 31 98 11 188 189 6 192 96 164 196 54 151 162 142 183 105 27 175 182 171 78 192 197 92 10 40 100 117 97 7 47 1 81 41 67 159 190 54 164 58 200 24 181 187 20 30 41 151 98 152 11 4 192 85 54 118 10 51 153 65 80 148 191 69 23 164
80 47 104 185 102 28 157 73 30 124 163 30 195 11 87 47 186 161 53 96 104 138 70 123 79 2 29 186 103 105 199 103 140 50 185 184 48 7 23 83 186 47 151 57 96 174 156 52 128 51 90 5 139 38 177 2 94 108 196 105 138 160 171 100 170 6 112 135 165 26
197 157 159 134 53 193 170 64 113 191 168 116 17 85 34 29 127 137 27 193 125 171 109 141 198 1 132 47 151 109 62 47 130 89 18 88 66 99 179 11 107 70 146 145 133 103 144 145 146 20 146 26 33 106 77 159 47 130 83 31 33 17 3 26 40 62 39 92 125 65
31 195 136 146 131 184 110 179 138 20 65 70 71 199 119 152 84 22 179 43 14 137 93 130 31 139 141 103 54 22 76 138 153 111 32 183 94 51 114 17 184 184 143 196 71 107 190 111 62 188 78 161 145 177 159 22 57 187 88 177 180 34 11 62 83 13 55 140 164 23
55 72 76 20 53 78 57 49 109 103 70 143 84 35 50 199 44 46 131 41 78 105 71 3 149 50 183 136 199 141 28 27 11 2 5 41 159 84 20 153 70 152 183 165 96 53 79 18 30 140 140 198 96 145 129 92 94 90 86 150 159 71 56 95 69 186 23 157 128 12
132 127 59 92 184 57 16 36 114 178 114 50 118 102 92 81 55 174 8 129 74 168 43 177 14 108 110 195 199 136 111 27 161 149 174 75 45 160 130 181 74 41 41 43 8 121 34 76 63 191 189 3 57 155 116 162 151 95 200 183 31 139 61 111 166 131 78 161 42 129
32 28 24 87 107 27 82 190 173 19 42 6 105 47 89 4 125 187 132 90 183 153 46 171 161 90 175 114 174 15 42 196 181 28 139 88 17 132 156 43 191 161 169 27 34 168 127 42 116 25 129 94 35 133 121 180 6 160 120 25 189 77 170 169 103 147 188 93 1 94
194 182 79 110 114 66 37 19 143 84 71 130 81 4 73 87 24 85 123 99 37 38 12 124 135 116 156 66 141 135 125 143 3 56 138 158 37 135 174 159 90 115 1 144 2 140 187 124 116 137 130 193 114 106 127 5 9 69 157 21 163 25 84 131 42 125 130 149 136 197
157 28 89 152 29 49 83 187 17 170 81 16 104 87 85 44 147 88 113 174 97 91 175 96 132 155 147 192 65 26 53 55 33 126 195 110 148 105 131 197 59 16 171 132 32 124 108 124 110 84 32 41 15 23 34 108 1 116 130 45 138 157 128 46 52 35 87 95 3 74
129 142 20 141 38 29 74 187 24 79 142 73 26 69 77 162 181 170 153 113 160 41 110 95 152 161 180 198 146 103 90 177 126 164 71 189 41 70 56 89 63 142 131 128 30 102 166 170 105 169 21 139 169 105 65 138 122 12 200 40 6 129 187 50 48 177 164 67 199 43
83 49 123 72 194 131 173 111 62 177 157 114 130 177 22 173 13 27 181 113 80 107 172 167 3 106 66 107 129 184 172 47 45 175 161 78 182 117 40 37 74 133 174 13 44 23 4 111 105 180 64 37 150 10 150 91 85 53 103 93 106 192 118 47 110 151 185 7 20 82
89 7 27 74 107 13 45 106 57 27 5 111 1 12 133 61 112 168 126 146 89 99 154 48 76 134 183 33 50 182 73 78 76 147 177 37 156 176 115 45 167 109 74 157 61 198 124 168 38 193 152 159 136 83 132 85 123 54 197 148 118 16 4 84 38 69 66 152 117 94
22 146 29 118 149 190 30 9 185 184 100 170 171 46 164 152 158 28 70 195 118 50 148 41 170 34 51 30 59 196 103 125 37 92 193 44 56 11 155 132 2 60 52 170 75 7 133 179 131 30 88 63 36 73 162 147 198 158 125 193 58 28 145 177 81 87 75 33 14 151
143 105 108 94 98 112 195 141 156 71 66 171 87 123 78 25 191 156 25 25 31 112 8 82 161 75 36 164 81 10 59 19 99 6 42 1 28 44 119 159 188 200 122 158 159 41 37 181 125 75 83 175 41 80 104 22 130 137 18 33 123 53 172 168 25 147 112 12 98 62
148 127 88 187 68 45 71 165 135 17 193 170 96 129 71 59 155 181 143 113 97 64 39 59 170 185 190 54 143 97 54 155 43 22 67 36 125 101 5 183 5 100 60 8 164 187 40 71 11 17 11 169 20 92 168 30 186 91 63 158 191 18 153 22 185 69 89 37 180 59
55 68 81 28 50 106 52 175 45 176 119 70 88 102 133 186 97 63 26 135 126 31 156 26 145 21 100 154 189 8 173 112 110 14 117 186 84 163 91 68 69 148 78 160 79 47 11 140 186 15 155 26 81 181 57 150 86 42 140 16 29 183 170 169 43 3 30 158 158 144
195 115 153 115 172 42 44 38 61 199 110 122 41 34 6 106 178 2 87 9 149 19 186 59 169 28 57 173 33 174 162 33 174 50 178 123 98 199 134 107 102 196 2 156 123 106 124 189 6 45 75 107 171 87 28 58 197 166 112 163 171 74 62 6 108 107 197 189 85 19
91 119 178 169 188 136 94 120 161 67 155 55 1 43 160 110 198 196 3 52 184 155 121 94 78 10 144 18 134 2 60 105 186 56 160 81 75 129 189 16 144 157 32 63 30 164 20 108 38 183 5 72 4 111 44 26 117 175 184 7 92 15 115 96 77 80 71 166 109 187
159 115 37 63 127 63 145 23 110 24 86 106 176 127 172 66 90 181 86 84 77 77 144 39 184 136 75 115 104 37 21 132 10 177 97 134 104 176 160 9 198 39 154 41 109 124 120 110 65 194 109 116 160 38 63 84 73 149 74 46 129 5 149 58 147 28 30 154 116 161
104 38 166 143 195 127 91 66 83 35 198 32 183 91 197 7 96 13 154 179 137 35 192 103 89 151 59 73 68 17 24 43 42 131 11 188 196 188 114 147 33 28 200 191 65 107 106 119 155 191 35 3 86 42 185 97 179 35 112 152 81 123 72 86 47 86 78 189 93 164
135 136 93 36 165 92 62 184 172 172 84 53 175 157 112 80 81 26 150 114 41 60 134 174 160 139 78 124 198 3 74 156 21 79 41 179 18 171 135 89 149 23 18 74 150 21 124 43 127 142 152 123 62 65 177 32 67 109 73 111 11 69 90 157 21 55 185 182 72 193
152 131 128 66 123 3 200 157 58 98 95 176 169 195 172 69 174 157 72 41 75 13 98 132 5 52 4 181 169 153 108 31 1 182 11 1 16 142 187 137 54 105 67 198 136 192 126 71 151 66 152 91 153 87 16 130 97 146 178 163 174 108 77 51 150 159 119 132 114 129
130 129 84 28 88 32 13 198 3 41 108 128 39 89 165 187 67 36 176 135 100 68 4 114 144 71 25 102 88 4 37 26 55 7 175 113 37 62 173 151 93 197 151 117 50 86 78 47 30 122 138 155 179 10 35 90 1 162 148 53 21 125 72 58 154 171 129 153 167 161
74 36 180 119 143 49 138 100 152 92 143 91 141 170 14 139 94 174 147 114 152 195 40 62 105 71 106 72 9 26 75 1 144 39 63 90 78 190 163 49 44 147 135 171 194 6 179 3 38 191 167 194 140 60 50 110 112 160 113 67 146 173 170 116 93 177 172 157 86 22
82 41 147 33 50 190 106 179 6 23 6 56 141 6 38 6 107 73 162 135 167 30 111 149 95 12 97 113 139 13 20 200 130 91 142 140 36 19 183 167 13 162 23 100 115 140 57 127 159 93 134 98 128 189 108 186 96 30 147 199 187 163 121 173 166 14 90 153 185 156
169 23 10 178 129 162 5 117 47 98 110 113 167 156 67 142 149 169 149 80 10 33 18 150 29 31 35 97 40 126 160 175 123 90 35 61 114 62 159 134 69 172 30 106 140 45 54 45 100 101 192 119 183 86 45 193 13 165 60 87 136 32 194 21 91 6 114 5 170 150
31 122 7 37 48 74 127 114 79 73 158 29 104 200 11 39 183 27 27 52 62 59 125 88 137 140 26 164 56 166 127 24 13 193 120 65 99 66 103 128 176 83 23 58 109 53 59 40 148 7 98 69 123 176 147 126 34 181 71 51 117 36 69 68 150 20 133 29 135 177
186 46 173 31 36 133 90 69 84 74 107 77 192 66 110 193 73 84 88 112 50 148 82 52 111 129 195 44 198 188 104 194 63 114 1 29 126 86 31 101 190 120 21 179 10 165 51 193 125 198 2 180 97 150 199 135 130 7 75 65 168 171 66 169 186 33 116 117 5 106
182 158 160 138 65 97 4 84 46 96 18 160 101 161 101 103 14 149 44 156 158 36 196 17 151 46 59 65 188 65 124 8 185 31 120 196 40 11 10 59 128 1 60 35 81 178 152 120 199 12 51 39 140 36 122 199 98 6 44 147 189 66 180 135 33 110 67 39 154 177
140 154 39 178 61 51 78 147 172 47 82 94 47 184 117 43 182 31 142 199 68 60 152 169 85 166 157 13 32 95 133 36 107 64 65 74 150 75 94 170 40 117 150 166 116 92 161 83 190 1 120 61 162 187 55 42 10 180 141 121 173 50 170 140 191 97 149 87 162 95
199 8 161 198 42 99 198 130 4 36 126 167 15 46 105 29 199 9 118 166 149 162 100 31 170 162 190 173 147 159 165 142 122 124 19 10 15 88 179 64 138 92 43 187 86 117 157 183 134 161 13 153 143 37 185 55 59 174 14 140 186 185 193 2 163 114 152 35 34 34
136 151 128 6 40 51 193 72 104 5 67 126 172 184 50 122 175 18 143 123 60 91 26 78 52 45 175 104 32 113 29 63 166 146 97 5 45 46 199 101 108 163 58 21 179 193 176 124 33 149 138 25 124 136 122 136 62 107 156 42 146 58 48 63 156 56 177 179 131 10
3 166 141 125 88 133 55 25 59 140 196 30 37 60 55 134 177 139 107 131 127 157 98 81 156 129 21 60 194 36 101 37 117 122 90 60 145 165 193 89 32 39 80 132 166 177 69 111 41 86 57 33 31 111 124 143 66 63 72 115 5 67 95 136 89 2 1 65 84 127
38 67 82 109 35 52 97 147 108 87 140 29 57 132 19 126 149 198 62 85 9 38 145 61 59 80 91 31 179 41 101 198 26 4 91 142 182 153 49 49 97 15 108 119 120 15 32 39 115 108 38 73 102 27 117 83 17 192 47 81 138 113 3 87 194 149 16 95 193 6
7 45 17 12 149 150 169 4 48 87 199 39 73 88 105 89 90 182 117 2 63 152 175 33 118 93 10 42 185 123 33 54 117 187 133 75 20 53 179 89 161 189 63 108 93 40 58 46 76 192 3 91 41 9 46 22 96 48 35 124 175 14 66 170 166 44 109 87 33 146
98 80 108 98 199 108 156 164 58 9 166 13 165 178 28 82 1 74 181 87 91 125 112 63 170 123 12 121 116 178 56 88 112 35 52 36 175 86 125 80 22 77 102 27 168 8 27 9 27 88 107 136 122 17 63 138 124 16 143 120 31 31 199 139 44 19 152 124 26 76
158 138 30 48 82 87 158 6 52 165 179 123 29 78 87 59 173 138 185 29 116 92 98 173 65 67 121 177 148 156 77 189 157 78 117 2 3 160 95 148 160 98 137 91 57 31 113 74 90 172 4 142 73 70 96 16 145 33 199 179 62 141 145 119 13 179 7 70 28 124
135 109 57 159 97 158 101 124 11 148 44 3 195 155 59 142 51 190 118 139 175 48 160 104 19 197 26 70 102 133 200 6 71 108 181 129 35 39 62 84 89 41 12 167 89 69 82 12 159 68 74 163 116 105 99 156 1 21 138 4 10 53 120 139 84 8 126 83 69 67
117 167 100 141 183 78 124 25 167 64 55 9 46 184 163 104 3 199 89 183 145 196 37 3 83 195 38 30 53 122 69 158 149 8 21 129 64 48 137 52 57 124 132 113 85 130 105 68 13 61 90 114 11 83 74 92 10 163 119 106 127 36 63 77 81 89 41 174 125 81
20 101 59 153 44 128 161 163 24 139 47 3 2 121 163 196 39 79 52 25 65 139 59 131 172 55 38 88 131 129 127 197 24 20 90 29 97 192 78 11 191 159 49 111 154 183 100 173 135 30 100 107 184 18 175 93 51 180 4 109 163 100 76 140 37 60 43 62 144 163
90 105 152 94 134 78 153 71 24 134 28 7 135 111 23 124 13 93 38 81 133 91 66 194 96 193 146 122 98 75 2 74 33 28 75 73 122 73 63 70 175 51 62 160 122 133 89 140 142 124 43 73 150 40 70 16 34 48 113 80 191 198 188 7 85 118 113 166 173 179
1 137 25 173 71 82 63 177 176 98 143 168 200 19 48 153 184 22 87 35 97 65 192 170 131 6 58 199 58 167 29 168 74 132 131 139 8 85 57 94 179 172 192 73 159 174 93 6 85 175 65 33 154 114 156 119 90 76 132 196 31 146 87 199 147 149 30 178 36 71
181 89 139 155 67 55 32 58 134 15 43 198 174 85 45 54 7 139 60 169 191 40 187 174 119 9 19 127 30 119 74 63 193 181 171 98 158 105 185 46 118 31 159 16 19 164 119 5 183 69 30 60 172 174 172 101 159 179 163 196 80 24 139 3 167 149 196 70 154 83
168 83 157 146 168 50 113 65 106 53 129 191 196 162 182 3 113 106 1 80 49 93 32 140 89 196 37 187 6 200 147 170 75 11 69 157 78 105 52 198 107 4 135 87 131 165 12 147 58 104 104 31 35 160 175 118 130 171 36 78 157 38 151 124 146 57 105 106 193 45
68 24 114 185 72 139 86 166 60 89 96 62 63 59 72 153 44 185 108 124 102 8 53 12 28 19 181 179 35 176 122 45 195 81 13 185 55 184 84 58 41 17 114 175 149 20 86 185 127 92 166 141 109 130 16 125 114 72 54 139 32 57 133 142 138 137 177 154 36 114
15 170 192 31 38 31 54 33 87 156 160 25 154 165 5 125 178 162 55 167 192 145 76 92 183 97 78 152 160 134 174 66 112 66 46 52 90 25 167 40 19 153 198 49 32 75 143 172 120 159 174 61 81 174 167 144 90 3 66 90 89 34 103 174 130 38 37 146 33 129
99 63 50 174 98 173 55 140 134 163 73 111 129 172 105 83 17 176 13 179 26 138 106 177 195 64 120 6 155 1 1 1 180 142 42 41 182 163 194 144 138 193 176 148 109 139 75 4 96 151 161 165 5 54 127 177 142 194 104 22 146 85 167 108 88 171 199 129 46 136
106 116 16 198 114 106 187 86 83 1 83 199 148 198 164 180 123 13 129 123 173 153 164 178 8 119 170 138 110 89 48 93 77 90 134 16 90 166 101 66 7 63 5 122 62 184 22 41 132 24 194 157 165 45 97 49 150 119 39 5 136 170 87 41 112 164 104 150 57 145
93 111 79 118 42 96 42 136 2 199 55 153 20 28 13 34 110 164 102 44 29 94 21 143 176 79 130 135 30 190 32 70 18 18 130 144 143 17 1 190 199 104 100 73 166 163 153 52 188 69 69 188 130 181 79 51 36 89 177 21 3 91 134 141 151 31 79 174 99 178
112 200 26 82 131 90 101 65 81 184 178 39 168 49 58 108 157 151 170 52 90 67 192 40 192 10 124 196 85 126 11 72 57 50 76 137 15 78 184 6 151 69 34 138 43 155 30 123 27 102 136 143 144 87 155 44 97 73 146 149 43 40 100 159 65 180 130 6 18 197
2 99 89 193 90 25 128 32 108 25 168 128 105 110 15 196 137 78 128 72 14 17 153 186 160 56 151 87 141 175 50 5 159 96 56 86 124 109 62 91 54 120 95 66 94 148 193 176 182 96 107 126 43 196 80 11 110 109 20 56 158 67 129 29 64 141 25 69 29 10
199 29 153 101 140 34 164 87 187 74 160 110 46 168 77 51 106 82 169 32 7 45 101 66 117 95 152 63 136 31 118 78 148 129 157 32 150 125 121 176 40 68 60 131 65 45 7 129 56 21 146 93 16 101 199 53 90 17 200 139 78 196 151 5 105 185 64 169 99 155
67 121 175 82 7 152 46 74 71 13 121 70 126 138 42 183 197 162 129 77 154 121 121 163 142 44 6 90 142 138 185 27 67 122 172 17 37 37 19 81 3 108 66 32 106 51 85 86 162 113 11 192 92 156 147 45 182 193 174 54 162 100 5 100 173 36 92 117 11 87
98 182 21 191 25 17 84 161 166 124 161 49 87 135 31 174 5 12 134 173 118 77 36 71 25 87 67 79 37 186 22 147 45 95 184 134 39 175 65 151 111 196 135 72 196 76 14 117 186 17 43 43 158 44 43 198 22 76 2 84 25 125 42 20 44 102 71 88 91 51
99 65 70 181 10 40 14 178 32 179 18 137 192 191 13 109 79 10 8 184 48 141 83 153 30 29 8 99 139 36 68 48 66 78 98 175 162 117 137 103 92 119 167 161 154 174 181 84 79 33 78 78 121 185 79 195 46 121 48 158 34 165 77 149 133 12 141 55 164 92
5 146 114 135 164 153 183 154 108 29 118 34 81 168 172 46 157 125 191 149 143 184 95 189 114 130 145 132 71 69 142 18 186 75 175 149 194 122 127 75 196 138 198 102 41 61 169 5 22 88 62 5 180 148 129 78 127 59 187 198 92 200 165 113 28 85 58 130 180 119
98 188 10 157 43 181 134 87 5 166 140 54 84 2 113 93 183 107 123 47 93 57 61 144 56 98 103 147 122 130 13 161 127 3 29 84 25 56 124 186 189 78 177 191 23 189 149 168 120 137 98 34 92 43 187 187 145 44 118 37 23 10 191 39 144 99 172 2 26 87
178 177 179 187 87 152 153 174 77 89 1 103 69 99 20 144 174 68 46 35 90 167 159 116 178 100 47 11 194 133 157 186 61 58 106 183 51 150 145 113 128 49 124 158 181 11 99 86 85 66 5 166 37 163 16 94 182 92 126 155 49 118 184 176 189 43 13 70 29 27
75 28 108 101 191 102 81 114 195 49 32 128 158 175 84 54 199 29 129 83 32 139 40 138 156 88 43 153 152 150 5 174 70 43 15 157 37 135 5 177 25 33 180 188 122 185 107 37 36 177 74 192 88 66 43 132 72 149 111 177 6 64 118 112 112 74 184 174 12 36
63 161 121 186 28 181 152 2 61 150 8 89 5 25 180 107 14 62 12 127 53 10 70 70 90 151 160 67 34 5 75 57 138 90 37 36 121 41 171 58 15 135 114 191 105 57 151 79 85 20 61 127 101 115 176 189 102 1 76 49 154 101 146 143 160 95 86 137 35 147
