50 	
29	59
1	8	6	62	6	
1	7	6	125	2	
0	9	1	34	4	
1	7	6	70	4	
0	7	4	93	7	
1	4	9	89	6	
1	9	1	29	4	
1	7	8	8	2	
0	4	3	102	9	
1	9	8	97	4	
1	2	5	8	5	
1	1	3	27	7	
1	9	6	94	6	
1	5	2	29	8	
0	7	8	21	7	
1	1	2	80	1	
0	8	3	11	7	
0	1	3	83	5	
1	2	6	107	7	
0	7	8	57	3	
0	6	6	77	7	
1	3	7	33	7	
0	2	7	42	8	
1	5	2	13	8	
1	7	3	47	3	
1	2	1	59	3	
1	6	7	77	7	
1	1	4	63	8	
0	1	3	10	3	
1	3	9	57	6	
0	5	8	104	7	
1	1	1	65	1	
1	9	6	39	3	
0	8	4	59	6	
1	1	2	78	3	
1	9	1	26	2	
0	9	4	3	1	
0	5	1	35	1	
1	6	5	112	6	
1	3	6	28	7	
0	5	8	112	2	
0	6	6	118	8	
0	7	8	46	3	
0	4	7	108	3	
0	1	1	96	6	
0	6	2	50	6	
0	3	1	104	5	
0	7	9	98	8	
1	8	6	119	7	
1	7	7	31	8	
40 151 12 51 157 167 167 69 121 149 152 177 47 178 82 95 90 138 15 7 191 25 75 152 180 121 181 110 34 7 194 141 64 134 48 151 166 188 59 32 44 42 145 99 65 139 174 72 24 146
183 67 118 116 50 164 163 104 103 68 93 78 184 151 151 194 118 26 159 1 29 158 84 47 11 84 195 185 60 182 140 146 51 26 189 140 24 51 36 102 85 92 97 19 70 149 83 34 17 58
10 18 61 123 108 152 196 168 187 115 29 144 103 156 32 191 177 185 125 42 107 149 52 15 63 83 9 15 110 87 137 123 149 137 195 70 65 53 163 57 30 199 66 117 175 33 168 200 141 78
1 77 70 9 26 114 27 70 73 56 52 64 138 62 7 164 102 136 118 96 95 135 152 109 198 9 111 156 173 128 98 80 27 44 51 179 97 85 200 64 25 47 27 27 81 159 77 99 71 71
135 18 82 130 96 194 102 83 176 55 59 62 165 165 60 131 145 68 34 33 63 98 47 15 157 35 96 180 114 35 106 88 7 37 200 140 154 145 53 93 49 74 159 22 174 165 22 177 129 123
162 103 194 15 138 92 70 96 22 38 115 55 3 85 99 35 142 65 64 143 39 184 171 196 133 76 188 100 138 112 18 93 188 18 169 163 86 160 120 69 20 152 60 192 93 27 45 176 43 76
105 115 179 127 68 157 169 26 12 187 104 30 50 23 64 85 67 77 146 102 144 118 59 34 172 151 100 42 15 150 181 179 135 138 127 185 83 132 45 159 171 184 73 116 181 47 125 38 187 26
144 50 88 189 43 119 107 197 173 20 44 3 169 155 31 10 14 60 200 57 67 82 21 156 131 118 148 118 111 21 109 136 135 176 70 198 67 103 171 7 90 10 130 162 40 115 49 119 123 106
166 101 50 111 12 71 170 11 161 164 41 176 144 143 101 144 144 119 73 143 102 87 179 139 128 123 79 25 50 31 168 194 22 36 120 96 68 129 131 5 98 36 146 51 175 23 170 198 109 125
6 22 40 55 22 78 80 52 15 83 28 108 67 15 46 129 95 77 166 37 66 173 16 78 176 26 31 48 101 76 126 193 126 112 13 116 79 122 88 100 141 109 108 162 158 94 123 70 110 63
67 137 148 168 51 108 73 29 87 30 35 195 191 83 112 44 124 142 137 155 72 80 92 76 45 48 89 115 14 34 38 109 189 37 140 98 48 111 95 189 197 142 61 147 35 57 27 90 122 124
110 86 144 28 165 134 118 14 17 190 199 105 54 179 176 179 119 37 165 35 20 105 75 4 188 115 17 98 182 142 199 65 131 69 111 159 57 97 186 43 65 52 60 187 33 74 28 71 113 160
81 96 96 70 98 11 18 39 98 129 3 135 59 174 151 164 9 103 34 118 199 196 178 81 66 72 53 173 59 66 124 200 25 43 3 195 50 71 121 35 104 134 151 103 177 112 33 23 39 100
187 89 25 138 147 107 17 65 92 147 147 152 20 82 63 70 190 127 178 12 65 2 80 87 177 116 29 54 182 112 60 53 173 7 120 6 158 127 87 117 58 26 29 144 191 84 86 191 183 13
55 140 51 70 56 182 79 25 197 171 35 2 131 199 26 20 110 133 75 1 5 120 143 59 120 172 184 45 146 134 103 198 187 82 157 160 44 82 181 180 177 170 77 49 101 174 169 95 12 42
23 145 151 105 109 59 178 82 30 153 121 131 3 142 183 144 22 121 45 135 96 74 71 166 193 198 156 103 37 126 116 38 71 31 180 106 26 99 53 39 89 150 84 160 9 78 100 78 21 110
105 69 171 11 136 198 53 116 153 115 185 184 137 146 106 12 81 158 148 130 141 4 2 92 159 8 82 31 32 98 130 34 122 154 109 6 61 70 171 172 7 64 145 51 82 71 34 90 107 155
146 84 170 18 66 21 66 155 56 131 141 70 74 63 57 164 120 57 22 105 124 194 40 98 70 100 36 7 186 173 148 150 120 47 194 59 150 69 55 20 68 135 184 10 135 20 111 123 102 30
163 17 98 96 46 117 132 169 155 162 54 2 158 172 24 42 147 21 131 40 79 172 90 8 89 30 177 193 83 135 35 145 14 198 3 20 161 187 180 110 184 136 10 106 168 62 36 100 16 75
163 62 79 158 153 54 63 158 85 53 152 173 182 90 141 104 141 194 189 34 11 155 117 143 122 59 167 193 130 92 146 45 159 153 179 178 25 135 158 165 110 61 109 88 9 115 97 120 193 40
124 37 71 103 59 145 9 102 88 6 81 63 12 184 45 53 135 175 10 65 58 102 75 83 160 58 15 102 119 43 89 114 107 127 80 102 86 47 31 26 196 106 16 149 70 118 169 64 119 173
199 106 82 157 170 26 100 15 163 105 197 48 196 34 139 32 120 19 67 91 95 4 66 123 145 117 85 14 160 132 195 19 120 125 32 116 163 190 166 144 179 63 183 15 104 30 26 97 88 138
98 185 112 93 32 193 104 128 6 94 185 169 106 33 141 161 106 102 127 190 82 59 85 137 104 12 51 14 28 48 79 199 122 159 165 176 3 46 138 195 41 173 2 28 172 83 43 162 168 40
141 6 110 167 88 194 40 105 47 68 163 121 112 135 3 77 41 46 173 122 99 100 147 148 109 29 133 83 176 152 189 51 165 75 4 5 36 107 67 25 118 173 175 77 130 109 91 113 130 199
42 191 160 129 146 163 151 76 175 150 170 193 193 86 155 28 156 35 199 105 138 64 78 128 130 191 15 57 62 165 150 95 26 161 95 199 92 98 30 149 55 152 74 104 147 12 72 137 65 107
80 45 157 118 106 162 178 102 86 126 93 85 44 96 172 42 18 4 153 177 147 13 132 195 109 145 5 135 177 38 183 160 83 46 179 108 82 34 89 120 130 183 21 5 113 71 66 89 184 14
162 141 86 94 15 94 19 163 143 82 96 149 94 43 196 161 158 141 113 64 113 58 9 149 189 126 191 125 111 121 8 76 51 108 10 1 169 104 161 191 18 156 47 187 90 14 18 146 121 27
119 83 26 183 31 156 97 15 140 126 51 102 106 131 75 58 158 73 53 165 34 176 171 165 74 90 124 184 198 137 108 34 199 98 72 166 164 110 150 140 44 135 43 181 102 46 78 160 147 146
73 29 13 137 191 1 124 93 36 65 200 186 133 98 68 33 189 111 83 145 184 142 5 72 89 119 21 138 179 171 8 105 54 38 78 5 100 32 149 146 25 9 85 66 82 107 192 116 164 16
162 85 160 70 154 164 27 199 96 49 188 29 154 97 117 110 80 65 25 114 148 176 146 158 64 163 151 68 199 194 58 15 46 24 195 79 95 52 115 154 75 123 85 60 110 130 34 107 167 197
99 191 154 148 200 163 176 147 134 110 194 132 196 199 151 70 39 21 90 99 149 170 9 63 100 36 25 128 51 89 137 10 43 45 164 65 18 43 17 2 22 95 24 130 110 75 182 46 17 160
196 188 64 187 73 194 7 14 122 67 182 187 64 4 55 56 11 158 113 147 150 106 190 125 84 187 149 15 177 187 77 126 47 169 14 9 120 111 17 180 141 28 154 17 155 130 16 31 71 124
104 133 50 64 72 132 189 88 174 25 133 84 176 115 196 195 193 134 177 72 11 108 10 62 110 137 153 156 13 174 153 46 87 95 5 5 88 135 57 66 145 62 85 57 48 33 190 34 144 161
159 122 104 134 140 70 143 33 6 112 143 11 181 15 78 117 9 24 148 70 105 20 38 83 105 120 91 46 186 28 137 44 20 192 141 177 166 45 21 148 179 138 98 115 101 108 35 110 117 187
57 114 142 126 192 67 139 33 91 176 6 31 120 64 54 114 177 105 62 35 60 47 19 166 71 188 62 176 153 21 102 132 140 112 199 54 121 169 22 1 143 36 20 91 30 122 188 111 75 30
13 172 182 35 45 6 166 22 12 112 21 164 116 144 153 199 135 53 99 19 3 9 159 62 62 89 59 63 135 196 117 32 155 24 115 81 36 67 74 176 6 66 147 127 131 42 56 95 4 130
163 111 6 68 48 16 176 28 113 105 145 185 192 88 101 184 195 61 136 156 75 190 66 96 185 10 137 68 43 62 192 40 104 196 192 41 200 32 182 86 150 178 42 43 67 180 29 128 178 104
161 112 46 180 157 1 132 28 105 84 88 133 199 100 105 54 10 155 41 124 62 9 143 11 7 47 70 163 129 4 30 190 31 80 55 134 145 93 5 165 71 152 110 112 151 143 97 119 101 8
128 115 144 139 48 24 76 117 62 144 199 68 116 48 83 69 180 139 109 154 193 137 127 35 178 160 44 141 122 126 137 50 12 32 30 180 113 30 138 34 121 168 132 61 155 48 97 104 114 175
172 81 146 188 113 182 103 197 128 122 100 161 32 31 76 195 50 41 112 127 4 85 76 101 182 167 10 108 127 43 47 17 31 48 155 148 65 161 145 74 198 173 64 110 128 57 27 153 179 174
89 21 126 11 118 195 196 185 120 71 84 38 7 181 48 148 153 179 192 19 54 157 195 164 41 80 134 64 144 94 61 190 191 199 141 88 149 91 105 97 123 74 165 191 55 14 82 37 184 33
64 76 137 71 119 200 76 200 5 40 127 89 159 117 169 157 128 153 101 25 70 177 72 26 57 198 171 22 173 6 55 11 139 164 186 53 18 45 15 2 152 82 191 188 53 126 18 10 73 85
194 117 29 50 182 83 72 124 147 13 137 52 52 162 113 70 164 10 132 152 198 144 54 43 125 127 93 29 166 169 172 195 192 30 168 148 75 96 87 155 64 82 7 105 11 85 16 197 36 80
117 170 106 90 14 127 56 50 173 131 199 155 23 195 199 3 109 171 108 165 152 198 137 126 72 196 140 27 3 73 63 131 72 78 166 131 145 75 42 85 98 62 64 106 153 198 147 47 68 85
181 31 104 49 118 2 89 100 104 96 26 149 126 67 41 28 118 9 90 31 76 63 134 130 181 19 74 184 32 47 122 163 95 87 183 139 142 13 116 34 43 5 66 196 122 191 165 11 13 102
30 115 163 175 86 126 162 100 150 183 74 172 87 155 61 93 70 196 58 200 154 146 61 97 148 63 181 10 122 120 79 67 111 199 138 134 102 177 69 146 195 91 116 25 112 12 77 8 34 75
28 34 38 76 134 91 175 86 144 170 198 183 115 7 108 150 157 99 148 87 78 107 137 27 72 181 24 86 49 141 191 153 111 90 113 181 40 176 167 159 16 89 86 126 69 154 99 125 200 81
165 184 48 95 171 191 123 4 75 113 29 83 72 184 113 178 126 92 76 90 183 131 93 102 76 196 19 40 7 118 87 16 29 40 80 192 143 156 38 65 102 198 35 196 95 111 127 190 149 113
106 167 135 85 42 35 108 112 61 4 58 64 172 190 160 91 132 124 127 156 24 33 3 4 146 42 193 28 156 11 198 120 167 144 71 81 81 162 62 26 77 185 20 195 38 108 178 145 101 41
139 75 79 124 58 114 182 124 40 175 19 67 194 104 97 136 177 191 41 140 97 182 15 17 68 117 13 144 191 130 42 188 170 4 97 131 16 177 25 136 88 21 147 92 140 80 75 22 86 68
178 159 90 97 1 181 103 31 12 41 21 129 43 158 126 152 74 128 73 10 29 24 73 124 87 104 73 97 178 40 152 18 36 156 105 112 108 122 6 186 163 139 148 156 59 135 8 175 67 16
