70 	
34	35
1	60	7	1637	4	
0	71	6	2996	7	
0	25	4	568	2	
0	79	1	4694	6	
1	15	1	1427	7	
1	38	1	5131	9	
0	33	5	72	7	
1	18	7	6430	5	
0	9	8	5449	9	
0	10	7	3693	5	
1	12	6	3273	6	
0	61	4	1429	3	
1	69	6	2462	4	
0	80	5	2842	3	
0	85	5	3984	7	
1	48	1	6636	4	
1	79	1	269	6	
1	40	3	5261	5	
1	32	4	5782	9	
1	62	9	6106	4	
1	96	7	4207	8	
1	39	8	130	4	
0	65	3	6394	9	
0	13	4	2354	2	
1	94	1	3766	9	
1	20	6	3975	8	
0	30	9	91	2	
1	84	3	1389	4	
1	89	1	5580	1	
0	59	1	4255	3	
0	71	9	4537	1	
0	83	4	4699	8	
1	7	8	1138	3	
1	13	1	1433	4	
0	77	5	2948	5	
0	34	3	1164	9	
0	58	7	2858	7	
0	18	1	4222	3	
0	59	8	340	5	
1	72	7	4200	6	
0	72	7	4501	2	
0	45	8	1219	5	
1	88	2	2158	8	
0	82	9	2210	7	
0	56	8	5436	4	
1	50	5	3516	8	
0	32	8	3898	1	
1	17	9	6243	5	
0	23	4	3996	5	
0	12	8	4457	5	
0	17	3	273	8	
0	63	5	4625	7	
1	87	3	5459	7	
1	22	9	6046	3	
0	49	7	577	7	
0	86	1	5078	1	
0	21	7	1641	5	
0	7	1	25	4	
0	47	1	405	1	
0	6	8	6392	6	
1	9	9	1290	3	
0	33	8	3385	7	
1	97	9	4018	7	
0	44	2	1332	1	
1	94	8	4356	3	
1	2	4	4820	1	
1	73	3	191	3	
0	6	5	1539	3	
0	16	7	1934	9	
1	62	2	4567	1	
132 77 18 189 167 47 4 183 21 96 132 195 26 66 177 146 44 108 154 20 133 136 45 179 179 61 114 86 154 59 57 155 34 33 7 190 179 129 72 91 87 158 183 173 45 39 187 114 34 185 191 88 179 57 71 190 20 134 155 7 12 152 200 8 3 10 121 182 60 104
7 86 125 26 131 83 56 90 52 115 85 49 156 138 155 184 118 128 91 124 35 43 112 23 117 185 144 143 164 136 164 41 71 123 108 134 107 47 200 116 114 65 199 131 159 91 197 175 131 25 99 19 22 112 114 40 51 35 88 155 10 138 165 93 126 95 82 121 163 28
101 102 75 134 55 76 151 144 152 145 194 73 196 61 199 137 176 181 32 194 68 94 166 22 53 70 156 185 83 36 147 131 146 21 27 93 161 184 108 70 16 169 75 163 86 60 46 33 56 91 84 80 30 3 51 59 152 125 191 69 174 60 142 51 88 184 55 6 144 155
161 36 179 72 104 15 177 22 37 89 153 136 162 186 85 89 123 72 96 74 50 82 181 65 68 113 28 37 84 200 107 76 128 12 32 92 96 23 41 96 156 142 46 144 45 22 55 26 49 15 111 167 52 122 44 9 187 140 129 9 40 21 137 88 189 85 29 189 196 118
144 29 101 174 176 31 136 194 16 184 131 110 16 115 71 155 125 115 189 175 96 36 38 143 38 20 169 33 21 115 184 154 23 5 187 49 155 15 40 37 112 69 192 60 43 34 54 67 200 99 198 140 31 138 43 182 99 125 20 176 50 45 120 196 99 183 28 39 168 24
54 52 41 108 13 96 100 64 182 37 191 55 161 10 55 39 1 15 180 119 194 143 61 17 7 22 84 11 152 93 170 77 51 64 198 41 113 112 54 60 116 53 194 35 30 77 26 10 121 29 31 158 121 176 180 171 119 160 194 127 187 40 63 30 48 121 21 81 199 143
166 186 55 88 118 144 7 182 87 146 4 37 170 73 199 100 174 71 93 84 199 18 70 135 84 160 147 132 184 66 62 15 67 158 45 107 79 196 90 122 143 169 161 141 122 57 131 95 4 169 31 105 120 161 91 8 124 114 20 195 123 111 106 58 79 130 21 106 172 175
153 36 126 36 76 23 112 72 116 155 150 134 31 110 69 57 88 188 65 118 58 155 138 118 16 30 86 183 187 122 157 60 31 125 62 140 78 42 46 127 127 174 174 2 95 88 197 178 175 107 103 75 64 128 175 19 43 54 56 30 173 169 135 38 19 51 161 131 35 53
165 158 64 7 136 62 61 75 51 184 86 20 68 118 82 51 144 165 108 181 103 90 160 199 7 99 19 198 1 197 63 137 24 8 88 160 148 153 74 167 167 24 131 166 165 52 12 149 14 56 73 100 175 75 109 106 11 163 69 76 2 120 4 190 60 35 43 105 111 77
167 9 41 51 12 135 113 40 2 37 68 185 151 96 110 170 99 127 165 107 53 94 115 88 150 37 32 129 119 200 5 62 101 78 106 27 96 47 162 128 75 110 120 161 75 137 67 141 91 5 77 92 122 156 112 25 29 112 130 54 162 61 55 47 100 191 177 113 73 39
120 9 44 18 123 85 59 198 131 197 105 144 68 181 101 189 42 31 60 95 187 67 112 10 2 57 156 77 117 144 10 75 67 78 141 166 32 39 124 6 62 116 200 43 37 195 103 65 26 9 84 111 162 183 36 180 27 15 44 190 57 35 40 56 15 182 153 111 157 123
131 126 64 10 181 74 56 65 52 93 159 28 149 14 153 150 151 23 6 8 143 76 63 101 156 114 61 153 83 73 109 47 185 136 186 59 180 82 156 57 183 161 55 140 12 189 54 75 85 195 94 182 115 75 15 4 44 16 12 22 137 54 179 196 145 197 10 103 66 111
70 53 75 155 159 193 29 123 169 100 183 172 164 102 113 144 136 34 155 45 192 182 93 60 58 197 59 49 95 34 51 61 82 55 38 179 19 124 155 4 50 46 36 151 95 17 77 199 173 85 173 131 58 108 158 99 182 23 175 113 153 109 70 19 125 15 150 83 46 50
74 163 142 88 99 72 102 9 183 92 189 31 198 50 59 84 121 18 121 88 49 165 68 155 18 186 41 5 155 73 200 70 25 74 100 168 106 172 79 137 186 106 180 135 34 7 150 169 4 109 28 171 176 60 183 51 65 148 171 146 155 1 67 151 188 159 119 197 121 92
96 117 186 112 35 120 29 60 184 27 161 129 54 101 98 141 27 143 14 69 41 31 118 22 184 134 71 88 196 24 129 55 64 5 55 108 69 179 75 152 79 108 47 135 179 50 148 184 19 115 113 155 15 130 139 33 92 91 28 179 123 31 133 119 13 148 135 186 164 50
127 157 153 130 110 193 188 158 43 55 135 119 145 102 163 101 82 17 172 50 88 72 166 92 76 150 99 168 106 1 4 105 135 159 15 158 80 19 26 58 115 140 91 71 37 159 4 56 126 189 114 41 200 197 89 111 177 28 105 181 20 59 119 25 142 72 136 41 6 37
169 163 86 58 85 95 34 152 8 60 118 98 127 26 170 175 85 19 91 135 5 175 186 52 60 49 31 116 61 150 23 162 124 59 185 79 140 143 33 26 100 193 75 9 38 13 144 95 81 138 40 79 140 53 110 159 21 72 162 123 34 141 193 183 185 18 104 132 20 176
165 162 144 32 125 135 32 122 41 69 150 131 182 187 39 117 105 26 48 106 13 112 100 82 47 141 197 86 8 101 63 127 55 47 77 76 29 8 120 146 36 4 170 15 150 197 191 122 50 147 102 129 156 193 162 68 168 92 60 17 171 26 157 192 197 192 46 81 84 142
129 130 94 62 172 195 66 161 45 188 100 157 131 124 66 87 179 1 56 179 84 126 97 132 130 22 182 75 45 18 55 162 125 194 120 155 83 140 60 158 116 195 51 155 85 63 51 42 180 120 72 197 118 30 158 1 38 12 176 107 166 41 95 104 112 29 147 153 196 124
62 106 17 155 104 90 13 152 119 101 149 99 21 132 28 140 124 55 94 29 12 111 176 1 42 191 200 134 152 159 118 101 123 57 85 143 73 27 107 65 76 31 32 20 161 179 49 64 53 51 14 19 198 22 139 118 20 45 164 121 172 11 60 163 186 16 199 175 105 185
83 146 171 158 61 187 47 64 79 83 51 154 165 133 105 155 112 46 50 31 182 117 51 29 167 49 102 76 23 24 92 178 132 171 80 185 1 35 52 189 8 155 6 67 122 189 46 101 33 186 11 62 69 46 131 54 149 188 53 98 26 45 32 113 192 90 151 125 124 178
187 94 101 47 145 26 90 28 26 49 110 105 110 17 57 162 197 13 53 48 178 154 20 175 142 179 18 47 148 108 80 53 159 154 46 95 155 43 121 17 122 84 161 123 150 181 190 4 175 105 19 96 132 1 70 130 75 182 47 85 39 75 158 9 2 181 21 107 177 72
57 187 30 172 199 14 24 84 144 13 150 89 157 38 49 96 63 38 72 134 129 191 135 81 169 12 44 93 150 133 128 17 64 59 121 134 3 149 168 23 92 38 97 133 57 176 2 114 182 161 162 142 184 145 57 185 104 113 195 112 183 118 53 23 94 195 71 122 189 56
193 55 118 141 136 65 74 69 116 19 37 180 53 21 190 58 185 174 165 175 135 194 29 171 148 127 18 38 39 64 10 64 95 135 72 23 128 154 179 79 96 38 76 121 187 38 19 11 101 173 35 2 197 29 29 194 73 120 9 148 181 180 198 65 68 113 126 138 31 129
179 86 11 166 28 70 111 122 35 104 105 8 183 58 162 175 99 36 194 122 163 184 147 113 182 150 81 26 78 93 104 154 122 110 65 70 91 69 124 105 136 176 53 182 62 139 35 99 144 84 171 49 147 97 21 167 189 144 16 70 29 116 117 128 37 142 139 139 43 187
106 158 25 157 153 196 172 123 94 195 28 39 5 165 179 83 58 75 192 165 24 89 183 15 125 151 145 167 159 52 101 40 172 191 176 194 13 2 126 51 53 4 55 184 78 60 135 83 184 96 83 161 142 171 154 80 31 14 192 71 86 114 111 89 147 164 56 21 167 189
21 19 107 98 171 63 192 3 7 153 178 159 139 57 10 65 129 165 85 78 117 119 199 1 3 18 49 174 171 149 143 66 5 113 147 139 59 135 3 198 67 127 155 176 43 92 183 148 116 48 171 143 73 166 26 40 174 124 172 185 195 156 25 1 140 122 53 32 62 140
53 47 80 32 149 81 185 113 120 15 100 73 16 193 38 23 168 81 182 54 69 192 107 179 16 91 182 43 37 151 75 50 5 117 7 30 63 43 177 162 27 55 87 87 13 176 34 200 112 168 1 197 141 65 166 33 152 18 89 143 144 149 179 116 45 195 90 59 162 52
130 79 155 114 167 21 12 39 50 142 64 173 157 107 149 157 3 166 119 12 141 82 165 19 176 101 36 160 66 128 134 63 47 116 172 74 87 20 162 173 173 107 63 193 193 183 96 181 119 3 3 143 188 49 121 31 169 125 55 176 146 72 118 157 2 172 108 86 66 33
192 46 120 164 23 111 1 2 137 137 89 54 48 24 173 37 90 11 97 10 159 116 148 36 2 46 52 182 152 54 181 89 163 191 18 62 189 152 73 76 88 110 185 127 74 196 20 186 189 54 35 105 120 166 20 48 131 79 37 116 54 155 88 147 195 46 65 25 179 72
151 52 148 142 176 45 118 81 27 28 106 54 49 154 160 80 138 161 78 77 124 70 67 145 183 6 171 103 27 140 36 25 190 115 103 41 132 46 26 89 28 164 25 168 29 4 17 8 98 132 22 182 155 196 58 8 161 78 1 148 67 177 58 199 110 48 77 68 110 188
118 173 128 39 125 180 12 194 137 51 152 119 41 116 136 75 4 155 96 61 58 130 198 151 170 196 107 147 94 133 95 85 131 190 146 27 47 95 17 11 3 36 112 101 161 124 22 20 134 160 92 79 63 101 14 81 133 187 54 29 43 113 23 87 138 192 6 171 45 58
40 60 134 18 126 157 34 51 51 170 159 89 79 18 113 183 159 15 137 148 151 45 133 198 96 94 81 170 107 122 89 33 118 178 143 131 50 144 79 195 5 125 87 44 187 195 72 25 106 159 193 200 171 36 64 81 124 117 73 148 20 14 66 197 111 109 27 132 125 102
164 147 157 99 113 60 151 42 199 125 180 31 108 109 1 10 75 43 131 189 82 168 29 151 137 132 44 188 25 58 41 105 161 101 195 176 61 189 61 130 49 28 49 100 114 122 4 80 6 75 29 26 1 160 108 56 168 20 189 122 72 102 54 185 17 170 181 96 181 137
192 74 72 145 10 170 97 43 69 181 184 2 101 109 144 13 159 150 170 132 15 109 65 33 168 163 128 56 83 19 86 2 170 171 17 173 3 186 96 98 91 35 64 80 107 147 131 88 32 165 84 114 14 124 59 58 67 177 80 33 104 167 192 153 85 15 62 182 102 193
156 162 2 108 58 111 63 104 58 95 49 165 2 90 175 16 136 191 184 91 131 125 132 119 129 169 174 32 29 65 14 31 46 168 69 121 38 78 74 110 84 2 85 146 26 171 80 175 148 1 77 181 128 15 152 87 196 101 186 135 142 52 183 150 187 179 20 68 189 150
32 112 7 67 155 6 180 100 162 45 143 41 113 185 71 139 70 47 74 166 51 6 187 87 121 27 191 110 32 71 51 128 79 181 88 132 13 94 177 3 37 87 90 121 16 51 197 136 187 123 5 176 184 60 78 11 138 155 56 19 131 19 87 93 113 166 12 123 34 17
52 184 79 181 188 87 16 55 104 146 198 52 143 5 145 123 189 142 109 47 75 191 183 19 93 52 38 114 178 34 113 96 184 54 98 177 10 91 69 118 143 139 154 12 150 183 107 94 67 20 25 77 174 77 133 116 61 134 31 10 92 153 122 106 149 26 61 182 70 193
51 184 186 72 98 21 140 194 88 189 177 113 40 11 20 93 172 27 167 76 132 71 97 39 32 139 105 170 75 81 192 70 152 147 67 10 191 35 36 164 124 156 23 161 10 4 1 186 84 189 134 194 30 169 105 138 159 142 36 51 139 193 165 97 109 152 199 172 183 97
83 9 96 173 115 33 179 20 171 83 79 60 52 27 129 17 137 51 152 121 141 152 22 163 138 197 117 99 37 23 90 33 121 35 13 122 132 147 75 2 39 135 5 73 27 4 130 102 153 84 197 123 6 74 103 126 78 10 190 177 4 79 25 156 48 64 35 143 78 175
15 148 8 82 78 139 10 70 100 200 157 39 68 136 80 162 94 116 166 45 135 47 180 96 32 23 187 19 126 27 77 68 3 124 146 164 27 127 170 63 168 28 184 40 176 188 103 64 80 167 20 191 48 157 27 74 61 131 105 83 21 18 138 197 116 162 27 178 20 107
35 73 121 185 101 111 51 85 102 79 197 8 35 88 74 162 57 78 75 87 172 105 113 121 190 154 189 44 29 14 7 51 46 34 41 184 187 105 35 114 79 198 51 40 164 159 171 51 52 25 22 118 4 130 71 115 96 131 94 56 48 1 189 36 113 44 133 106 58 194
136 77 154 41 24 67 126 162 170 95 89 32 186 68 51 9 20 49 78 18 94 192 164 195 68 119 114 146 24 32 194 112 171 88 142 144 145 124 28 91 40 69 22 121 78 76 68 29 191 88 190 66 140 103 65 16 22 182 144 21 71 77 14 57 109 42 164 178 125 32
70 187 79 189 194 154 148 84 131 98 66 198 80 30 151 101 53 155 30 190 171 50 185 20 53 1 144 175 110 43 197 170 34 54 21 189 119 134 124 105 185 109 146 86 162 26 141 95 191 120 66 110 74 82 28 198 23 200 72 33 180 195 133 69 108 173 82 120 154 124
168 189 115 14 38 170 141 150 156 198 183 18 164 148 138 92 61 20 79 132 107 99 81 191 6 161 199 174 62 148 158 138 194 54 111 141 102 90 44 182 17 95 77 133 22 92 100 53 106 45 79 42 174 126 138 84 155 53 72 148 112 49 36 14 48 186 30 76 96 56
97 89 192 27 80 179 90 20 133 50 104 146 35 150 131 104 123 125 168 4 78 64 16 116 97 128 95 61 188 169 196 10 148 151 58 88 29 38 150 28 88 73 15 104 195 82 200 96 113 47 92 151 193 131 95 126 44 39 53 106 63 120 131 184 111 133 58 48 108 50
182 1 36 41 2 79 27 149 72 138 197 129 32 136 173 184 101 37 36 135 119 200 137 106 164 156 67 138 157 48 147 173 36 170 10 84 81 18 111 64 10 21 83 107 43 78 145 146 178 89 66 160 118 4 72 70 158 53 133 91 135 56 66 130 99 7 155 22 81 194
144 22 176 175 73 84 153 145 83 60 184 163 97 57 64 179 179 22 133 25 119 145 33 100 195 102 101 34 93 133 138 77 87 114 96 167 21 99 86 168 92 95 102 170 140 170 160 23 36 39 81 2 156 51 167 167 124 93 114 23 69 13 113 128 67 94 159 51 112 27
86 173 149 38 103 68 52 185 37 79 173 139 27 191 155 55 137 169 17 183 82 116 119 165 12 131 163 135 135 85 137 32 170 16 179 12 43 71 98 42 172 63 70 100 72 28 86 152 32 88 103 147 171 105 187 120 45 81 125 137 170 148 40 106 54 19 68 142 60 105
110 148 28 62 108 143 86 28 21 77 124 87 186 172 62 193 198 102 111 26 10 67 200 33 102 26 10 166 97 42 22 18 10 125 198 132 45 155 71 12 141 46 84 48 20 50 145 188 80 114 137 182 149 119 189 99 114 171 140 190 196 30 9 8 192 24 13 97 129 176
113 131 27 107 34 7 90 33 119 157 108 199 76 81 199 2 186 23 28 187 151 73 91 35 79 159 200 184 85 78 83 9 44 89 186 172 139 91 162 82 11 113 46 21 129 16 86 51 186 56 149 144 84 26 171 85 124 14 58 157 13 1 43 113 160 113 154 83 183 194
29 8 20 130 117 89 23 92 126 12 173 48 72 199 162 93 112 191 31 179 82 163 9 80 176 143 108 121 2 199 167 107 196 137 109 53 174 89 88 195 114 18 95 15 33 35 180 133 146 167 61 186 136 40 158 2 75 146 82 14 73 188 63 132 82 20 165 23 55 149
123 113 148 53 81 22 15 182 156 51 130 117 90 28 60 35 34 40 39 32 176 101 141 126 49 137 83 146 74 24 48 122 7 57 199 194 185 185 153 99 195 64 117 93 27 48 176 56 91 80 178 57 138 65 171 97 54 143 138 19 38 34 160 112 182 62 84 177 198 172
93 161 63 5 31 33 137 68 91 123 84 51 14 199 72 63 27 68 177 3 129 174 128 64 24 175 40 196 22 90 72 117 141 149 189 19 179 4 118 21 53 107 177 7 148 27 119 33 144 75 88 25 62 156 140 199 165 102 81 150 50 160 99 66 81 41 31 16 8 42
134 142 43 32 59 104 134 107 20 116 62 191 33 134 47 103 21 5 140 161 147 161 69 40 139 28 183 42 168 136 89 194 158 110 85 12 116 47 15 33 86 166 131 22 147 155 149 43 48 77 180 119 55 15 2 130 72 51 57 26 132 183 103 164 56 49 62 12 54 128
190 35 134 120 86 42 92 3 163 188 185 8 57 172 85 73 56 22 152 70 49 176 184 161 115 178 187 20 122 199 101 198 43 192 49 25 156 23 52 78 128 109 188 193 28 12 54 86 23 157 174 66 172 142 128 13 11 103 45 28 183 18 126 101 156 65 183 166 189 173
131 15 58 156 138 152 190 39 98 128 95 101 21 99 18 76 58 170 120 42 24 14 116 196 169 38 67 103 156 175 194 35 137 98 124 199 109 160 169 54 54 88 52 48 91 168 140 33 13 156 161 111 93 43 115 106 46 178 80 71 153 80 27 47 3 78 4 74 86 79
190 63 142 5 109 10 114 77 38 39 173 79 185 162 173 2 193 144 185 86 193 182 123 171 182 42 172 50 68 13 158 3 85 36 97 198 43 46 142 165 90 25 185 130 109 186 8 20 1 97 165 149 153 91 31 133 125 56 91 84 141 76 89 151 159 79 86 162 132 162
175 14 77 174 151 160 171 40 43 189 198 129 134 72 137 166 29 101 124 96 159 14 122 52 135 175 26 85 118 175 170 123 170 153 121 195 171 32 190 139 141 1 44 97 17 196 169 42 41 74 184 101 97 4 194 9 69 68 2 66 110 56 71 127 108 108 118 15 55 85
49 87 97 92 198 34 9 77 17 142 138 74 83 109 48 176 36 90 182 16 47 118 152 170 103 197 132 163 21 38 80 70 178 143 125 154 83 197 86 9 33 169 145 62 152 185 172 186 174 7 103 169 100 123 109 112 142 139 30 191 163 7 46 172 47 115 90 199 1 142
143 160 122 90 109 94 105 140 15 44 97 112 152 63 100 82 137 96 114 104 70 54 153 118 167 176 72 127 53 154 190 188 84 64 87 198 112 170 163 60 166 72 82 113 75 140 122 10 175 123 122 119 69 127 67 189 44 137 163 188 193 159 75 145 179 194 143 90 31 65
196 115 17 81 153 27 119 79 103 95 146 165 54 75 184 108 4 162 128 87 30 84 56 112 94 183 198 161 104 151 153 196 93 151 82 15 170 107 148 99 59 91 14 137 31 12 80 9 54 45 15 132 164 26 185 173 143 9 171 46 100 55 180 74 163 92 156 191 156 30
87 6 28 137 3 11 14 151 28 117 32 176 183 48 21 101 88 70 75 195 165 96 88 33 124 84 143 16 7 172 45 114 21 184 191 95 67 37 193 141 9 116 20 133 88 8 71 82 124 70 159 4 5 26 146 19 165 72 193 9 178 109 165 91 121 173 158 171 47 29
5 188 176 124 155 112 92 54 176 20 69 128 33 82 104 6 181 46 44 187 179 25 150 47 156 130 50 83 141 150 110 173 195 84 23 99 71 191 113 120 109 87 51 158 130 20 174 55 63 129 170 138 10 105 169 74 26 194 111 26 187 163 186 108 95 1 155 17 45 191
67 184 34 39 200 186 45 106 72 148 96 35 170 156 184 142 60 64 28 195 171 191 141 139 142 23 29 97 128 123 132 66 162 47 65 95 126 43 90 46 98 47 95 22 27 53 109 174 42 159 13 49 185 98 34 193 123 156 25 160 98 46 61 119 28 30 10 5 142 24
154 179 127 85 100 6 66 123 119 28 51 9 143 200 117 67 41 188 31 161 172 154 158 121 151 17 14 143 135 139 168 180 80 64 130 70 68 3 68 156 134 13 16 41 56 148 56 41 124 184 65 189 199 155 139 71 51 142 100 50 88 183 174 53 49 59 95 7 43 83
104 114 113 110 157 179 109 130 23 175 147 121 9 24 27 109 154 144 9 34 3 45 188 130 185 66 44 154 186 153 174 186 198 74 119 15 151 50 178 127 46 116 42 166 5 186 194 156 155 165 125 121 108 57 185 71 98 144 136 167 127 102 169 107 19 14 139 113 28 192
7 74 29 98 193 190 111 45 88 125 130 85 133 58 135 198 143 103 19 147 195 179 152 33 20 128 52 106 119 120 122 76 21 198 165 2 69 175 6 151 128 186 69 73 137 158 33 100 31 92 126 55 94 81 60 21 140 124 100 89 169 115 154 22 165 147 182 197 162 101
166 74 162 183 112 153 145 85 57 111 184 106 37 128 159 37 99 51 52 182 81 128 54 129 82 105 59 168 34 63 112 158 157 98 143 107 43 177 33 109 123 49 29 195 31 159 139 137 102 110 51 192 89 32 120 12 40 93 127 75 162 75 170 6 196 74 176 66 128 175
15 26 186 52 175 40 56 157 8 118 49 45 149 174 84 188 92 190 92 68 127 70 182 29 197 181 187 139 122 24 121 98 168 16 169 78 192 151 165 118 79 147 14 104 144 137 140 146 184 153 60 85 181 98 190 138 166 173 93 185 146 111 86 23 59 28 130 154 5 57
165 117 112 53 116 94 103 10 52 191 52 135 45 42 169 172 3 120 69 157 182 15 200 48 49 195 52 24 188 17 152 35 34 171 63 123 75 129 58 22 148 150 157 119 18 49 4 184 102 8 136 118 117 30 79 19 36 1 176 88 118 180 130 168 42 56 191 9 166 7
