90 	
8	10
0	5	9	149	8	
1	9	9	112	7	
0	9	7	40	3	
0	9	3	67	9	
1	3	3	48	7	
0	3	9	178	7	
1	8	9	129	1	
1	1	4	52	8	
0	5	6	180	8	
0	8	8	96	3	
1	7	2	190	5	
1	7	9	45	5	
1	9	5	13	6	
0	2	6	113	5	
0	2	6	172	5	
1	8	1	225	5	
0	2	1	74	9	
1	5	2	165	4	
0	4	2	17	3	
0	7	5	172	5	
1	6	8	34	5	
0	2	4	219	3	
1	9	4	193	2	
1	5	5	3	8	
1	7	8	174	1	
0	1	4	93	6	
1	2	7	217	4	
0	8	2	192	6	
0	7	8	175	4	
0	1	5	105	8	
1	1	1	66	7	
1	7	7	214	1	
0	2	2	25	6	
0	1	7	161	8	
0	8	4	160	7	
0	3	2	66	3	
1	1	7	97	8	
1	9	7	12	1	
0	6	3	164	8	
0	4	3	59	7	
1	9	5	139	7	
0	6	8	230	8	
0	8	6	46	6	
1	6	5	52	8	
0	7	7	144	1	
1	9	7	54	3	
1	2	7	79	5	
0	5	9	135	6	
1	8	6	77	6	
0	6	5	15	2	
1	1	3	166	3	
1	3	1	100	8	
1	1	9	119	3	
1	9	9	177	3	
0	5	1	41	2	
1	7	9	90	5	
1	4	6	126	2	
0	5	6	129	7	
1	8	1	39	9	
0	8	1	141	7	
1	5	7	151	2	
0	2	7	166	6	
0	5	8	116	7	
1	8	8	217	2	
1	4	5	143	5	
1	7	6	229	9	
1	3	6	76	9	
1	8	7	6	9	
0	1	3	68	6	
0	6	8	88	7	
0	1	1	131	5	
0	5	5	221	5	
1	3	2	22	3	
0	9	3	82	2	
0	9	7	213	9	
1	3	2	81	7	
1	4	7	102	1	
1	4	9	134	9	
1	1	6	225	5	
0	7	7	129	8	
1	5	1	14	2	
0	4	3	153	2	
1	5	9	11	3	
1	5	2	21	7	
1	3	5	98	4	
1	1	8	93	7	
0	9	1	211	5	
1	5	5	127	4	
0	9	2	45	7	
0	3	4	79	3	
46 152 97 174 62 151 20 46 127 27 95 75 75 44 77 33 87 189 198 16 168 166 117 108 89 87 131 90 94 74 64 86 125 105 150 197 78 121 105 3 61 46 14 111 192 49 66 8 124 60 157 158 36 103 139 72 140 98 196 184 90 102 141 74 52 144 20 78 91 157 78 49 191 97 181 168 110 113 179 55 4 168 53 26 169 82 13 105 59 113
61 32 11 169 131 98 183 94 109 101 120 66 59 131 140 84 11 139 111 170 88 66 51 85 59 147 52 80 156 170 31 171 134 134 179 101 91 146 152 196 196 162 24 185 137 175 105 186 97 102 104 68 197 167 38 78 44 140 97 112 80 57 58 59 86 81 64 3 166 46 163 76 193 96 142 107 4 183 167 156 65 91 24 37 138 7 50 134 159 67
24 188 143 196 31 160 10 2 103 67 18 132 43 128 46 169 161 12 144 54 104 49 53 197 180 134 164 118 180 122 73 31 53 177 116 17 8 27 169 153 9 14 125 14 114 138 2 102 58 135 38 148 53 171 194 169 111 93 104 173 7 32 129 14 67 41 49 173 169 47 102 25 136 197 48 4 100 17 12 123 93 56 199 29 73 101 192 37 16 186
32 123 9 5 159 56 170 57 107 109 104 115 108 102 28 122 27 188 74 99 169 137 187 148 142 58 26 60 129 187 70 22 33 178 82 103 151 61 171 90 1 46 173 37 76 2 50 145 87 11 116 39 118 157 51 184 71 64 184 26 107 28 49 120 65 16 7 15 136 175 35 63 98 39 85 168 43 42 124 90 3 120 131 108 89 73 34 115 19 16
198 117 116 95 35 96 192 141 58 133 150 13 52 155 162 178 74 200 140 50 3 129 48 163 121 51 65 139 169 87 43 47 121 36 143 53 128 137 34 58 177 141 43 188 52 121 76 78 155 192 70 48 117 161 127 169 97 192 164 183 175 82 77 92 105 124 117 74 39 137 6 161 29 24 125 62 124 19 72 76 58 163 90 13 113 161 88 176 38 66
61 80 103 15 164 72 156 59 152 61 47 120 160 179 73 52 46 115 80 177 8 36 2 66 191 68 117 149 94 172 114 123 191 78 93 34 177 199 80 185 99 71 88 18 105 108 109 118 31 50 122 87 196 103 185 119 110 7 70 93 91 99 97 176 146 175 180 85 48 95 196 97 24 76 143 152 42 101 68 15 107 132 58 83 107 155 117 79 24 47
84 102 168 178 167 96 11 166 187 132 120 1 23 151 171 16 160 107 18 78 38 67 5 164 30 144 93 154 28 175 70 174 50 78 93 128 71 13 25 16 67 180 140 125 198 57 33 126 56 163 101 81 192 5 8 101 42 97 187 138 41 20 27 38 120 74 195 38 11 4 166 16 55 117 196 88 148 107 50 184 51 5 92 179 94 128 144 68 95 13
177 55 32 31 154 184 144 58 196 80 138 45 73 77 149 174 41 144 65 148 171 164 125 48 192 177 159 192 119 196 129 38 105 39 140 198 179 193 20 136 93 200 27 171 194 107 143 176 42 130 129 143 100 16 101 15 190 163 29 69 187 128 176 78 51 66 66 172 100 18 85 79 42 128 7 72 142 72 130 193 25 59 94 169 61 67 26 200 16 23
148 67 120 161 108 93 118 60 49 199 173 196 151 141 166 75 107 194 107 152 176 158 104 77 166 69 194 143 175 55 87 97 16 98 105 86 169 49 40 16 124 185 131 28 66 54 48 81 84 59 140 88 128 128 5 20 118 78 91 77 129 156 57 193 34 21 6 128 183 122 67 28 132 76 148 195 122 97 141 111 85 28 129 101 121 124 35 167 172 70
141 82 61 124 116 46 15 33 77 84 105 101 157 142 35 19 140 53 122 150 87 100 127 178 198 87 155 194 132 21 103 150 3 173 153 47 48 9 32 140 34 3 56 191 21 69 27 34 150 78 137 86 94 27 177 145 127 44 77 55 55 31 36 139 46 175 174 51 195 156 199 118 24 162 193 99 147 114 168 200 62 76 94 17 75 78 199 7 65 183
41 79 48 199 5 90 122 17 142 2 101 117 136 178 21 124 190 157 167 195 110 53 194 196 107 157 185 8 172 47 176 154 141 162 198 111 142 70 71 115 180 128 154 35 129 99 138 141 127 163 53 126 10 193 134 105 177 134 54 185 126 132 19 56 99 94 16 59 115 68 123 158 111 40 2 165 91 190 177 130 177 95 117 164 63 7 23 112 55 29
157 120 126 31 169 95 20 125 94 184 51 33 87 197 119 92 169 155 95 80 175 163 188 181 127 151 177 97 146 127 153 156 44 33 100 172 162 153 42 11 89 93 69 112 62 157 73 172 13 115 118 160 157 50 144 186 120 14 33 183 188 97 101 7 94 178 137 65 105 118 160 55 193 110 63 27 95 93 62 3 25 70 153 149 152 120 145 76 128 143
184 100 182 41 170 197 49 47 64 123 163 137 2 49 74 45 30 43 91 146 19 107 63 15 78 90 184 124 122 91 15 164 115 16 45 86 134 126 102 147 35 191 136 153 166 49 105 15 155 57 167 91 20 171 55 171 58 160 46 132 23 3 51 93 166 199 48 188 12 119 55 8 8 143 186 139 161 74 56 65 61 37 6 111 32 144 96 115 50 64
14 20 171 111 155 160 30 53 181 64 153 84 186 153 73 96 178 199 40 60 124 181 10 182 197 48 118 83 133 6 89 107 13 190 159 176 187 74 136 86 76 155 173 52 184 146 139 8 195 74 120 150 81 152 180 183 85 194 107 170 135 9 159 47 57 171 163 108 169 163 98 56 67 63 41 144 111 98 70 143 193 42 66 198 35 3 196 163 187 74
128 88 74 49 33 118 173 28 135 37 144 163 31 33 12 125 97 132 41 50 47 30 136 135 119 19 107 66 33 183 130 7 174 125 194 137 193 81 181 88 16 49 73 77 176 188 130 103 24 36 153 138 126 1 52 188 140 63 129 177 116 121 127 12 108 57 141 29 7 2 102 15 143 90 69 72 75 179 144 132 125 194 106 172 71 159 94 2 11 143
126 87 83 42 173 10 27 41 62 186 176 172 120 111 48 22 16 19 19 31 195 76 185 92 105 19 24 128 140 165 148 17 40 121 113 88 115 113 174 60 21 94 57 167 87 134 86 105 183 101 10 101 47 171 40 148 175 78 200 107 53 24 4 71 137 144 143 131 147 150 73 32 66 7 88 197 50 42 133 61 194 109 182 122 111 45 166 130 39 125
144 121 63 56 183 18 48 159 75 181 46 199 146 84 19 18 17 110 161 43 61 48 152 65 119 157 81 170 195 76 125 54 90 170 76 78 191 43 128 142 68 181 81 82 196 6 145 142 23 11 199 87 174 161 89 180 167 53 153 110 128 49 89 137 97 189 85 185 134 191 61 85 46 196 71 23 116 70 96 173 113 39 37 5 7 111 14 193 102 6
101 22 61 63 55 102 74 70 68 88 151 126 146 144 42 189 58 115 58 71 103 64 198 185 20 103 93 93 20 78 156 33 119 192 102 33 8 199 155 61 38 153 197 16 197 190 153 168 13 188 152 142 110 11 194 197 115 158 37 87 154 3 149 46 78 63 102 59 103 111 136 120 199 179 59 189 104 96 136 30 59 180 20 68 123 120 26 21 101 102
186 33 114 173 169 172 200 177 119 3 13 185 180 171 63 50 10 83 168 87 56 116 165 93 109 58 40 46 79 155 172 166 8 38 30 114 162 26 56 59 138 80 84 114 87 71 97 87 101 110 167 185 45 163 61 26 71 200 91 42 33 103 87 189 125 68 167 176 12 25 70 55 185 197 170 146 171 134 165 108 111 148 106 164 106 46 141 172 27 168
48 14 132 64 187 83 12 83 79 75 181 149 191 116 168 51 20 69 176 17 21 158 13 124 138 102 38 108 199 147 116 163 172 167 54 146 164 154 153 115 33 34 135 62 162 132 158 150 82 12 62 61 98 74 10 41 128 20 182 45 67 95 139 18 166 40 83 109 106 181 94 200 112 144 88 156 83 79 28 69 62 99 15 44 43 87 143 78 109 131
187 130 59 129 94 54 109 139 76 8 82 21 2 22 193 12 114 14 101 107 29 186 168 140 180 145 199 69 154 39 185 52 8 61 103 108 28 98 113 70 97 84 55 29 23 159 55 166 33 111 127 61 89 41 200 117 159 51 4 93 126 9 130 185 101 41 32 41 171 84 89 13 132 181 66 80 117 137 181 78 143 93 70 109 5 88 170 168 7 30
32 149 148 114 60 110 192 51 111 40 68 21 172 110 180 129 147 170 64 115 172 36 94 70 58 88 98 175 71 128 134 195 182 84 138 84 80 75 40 128 168 41 118 171 12 173 89 107 6 99 42 95 89 200 112 128 71 172 132 108 171 41 69 108 199 171 197 22 178 6 81 95 189 58 41 105 46 3 153 162 167 16 11 78 130 124 198 137 51 39
4 21 88 200 17 200 48 13 184 185 40 163 114 61 190 21 67 145 108 195 54 136 41 22 164 39 137 136 193 166 45 3 21 156 28 195 74 197 165 101 71 138 46 117 22 88 190 177 107 34 11 63 105 162 88 55 149 137 149 108 41 112 126 110 165 21 12 107 127 30 28 98 42 41 107 187 153 169 119 140 17 58 182 24 56 167 80 179 142 4
17 147 131 199 52 133 1 29 127 185 59 109 34 14 116 193 75 105 14 67 59 39 149 43 45 174 190 86 94 145 67 171 154 143 119 114 191 50 65 95 188 111 194 45 6 149 38 124 104 115 137 182 171 63 34 192 48 99 73 194 64 71 177 65 154 136 59 64 143 29 170 39 28 107 161 51 48 40 19 152 64 22 30 119 52 23 183 111 143 30
68 63 199 159 28 193 107 2 21 74 142 200 164 76 61 31 156 166 84 21 104 121 60 172 93 112 138 191 182 191 29 148 98 97 48 53 128 14 131 162 110 162 73 181 110 47 105 162 84 89 101 112 103 115 105 97 173 25 159 123 191 124 27 69 134 76 132 163 22 173 38 128 24 129 156 44 137 71 164 191 29 49 172 185 20 44 1 92 97 144
96 133 108 89 121 128 96 70 20 154 132 177 195 195 12 18 88 65 116 3 28 15 62 194 75 165 25 86 18 38 106 2 118 62 81 90 196 96 76 69 55 74 82 16 3 128 24 51 128 60 102 174 113 6 5 162 37 140 46 166 44 174 150 85 174 75 73 147 93 23 183 119 74 192 108 40 151 122 78 151 200 136 154 113 71 30 6 121 1 176
83 5 167 126 172 81 160 12 78 73 52 5 92 108 173 92 115 140 120 194 151 63 161 103 132 122 14 116 119 33 136 195 38 97 194 59 167 65 68 10 12 107 146 1 17 39 139 159 187 169 155 31 77 14 147 112 181 136 90 40 123 145 29 120 78 106 168 125 36 108 17 70 166 125 47 90 41 69 68 27 142 13 13 31 40 157 164 173 200 52
9 85 77 61 160 71 9 137 48 14 133 120 58 138 73 88 29 125 100 88 141 25 23 97 192 114 80 176 142 56 121 109 43 20 88 183 168 174 3 182 183 24 20 132 4 152 168 7 99 62 190 27 97 67 78 76 193 57 75 121 186 9 64 134 56 152 191 175 10 63 79 152 93 122 59 160 91 100 93 142 159 74 199 2 161 64 20 114 200 168
175 163 119 192 89 31 45 48 189 8 56 119 78 133 30 188 129 109 126 14 29 187 157 82 155 110 93 198 183 118 5 176 193 37 95 107 182 52 28 120 186 103 117 22 63 166 140 19 45 95 76 108 30 184 108 94 195 72 99 110 14 179 67 150 35 55 117 184 24 106 51 177 125 121 52 99 190 193 127 131 186 125 140 160 178 146 64 148 2 19
18 115 41 25 148 100 46 37 61 67 57 179 95 82 38 70 93 24 17 92 137 88 94 18 67 188 47 119 147 163 118 64 183 27 26 171 99 179 137 62 7 28 115 127 196 61 5 61 14 196 38 111 98 82 134 127 179 116 95 1 173 87 80 149 117 41 196 162 71 93 189 174 113 103 85 106 168 161 7 6 75 73 88 141 160 100 7 4 93 118
64 97 15 47 192 103 16 103 80 157 193 151 40 45 42 120 112 48 62 122 135 199 185 14 4 111 45 144 55 63 29 93 174 196 56 189 144 62 185 154 143 110 130 9 98 197 164 149 39 90 88 122 3 189 74 45 10 70 19 122 98 116 59 144 177 92 29 20 147 52 154 38 51 115 88 170 89 109 50 68 146 200 186 199 47 71 52 178 164 31
145 163 16 91 200 115 34 40 69 97 40 46 146 85 158 191 180 190 6 52 9 42 6 146 108 16 128 116 61 43 120 139 121 98 111 25 2 48 165 7 23 75 49 179 194 127 97 156 21 92 28 3 85 92 164 99 154 103 79 61 69 142 146 149 42 135 139 147 5 125 79 120 123 181 34 11 21 9 3 165 154 173 135 177 16 93 69 57 82 118
176 114 150 36 125 171 150 119 180 165 57 60 169 129 104 88 75 57 193 6 167 94 173 184 84 136 115 119 102 115 176 96 135 31 60 87 184 173 7 7 184 28 15 161 10 84 173 131 130 3 73 44 79 93 98 49 169 137 189 187 117 176 12 56 40 130 58 69 13 169 159 95 109 149 183 13 159 33 93 85 175 89 145 78 104 182 185 130 163 14
154 65 134 3 154 167 93 100 12 82 93 49 190 96 82 94 115 67 53 24 100 92 134 140 67 34 193 80 104 79 44 130 155 119 38 188 29 175 40 10 148 54 114 106 44 110 123 159 165 37 74 84 94 22 30 187 91 200 1 48 169 141 46 125 61 118 196 49 11 192 194 117 91 78 127 81 134 8 67 192 118 25 113 186 106 16 139 133 59 15
184 94 186 148 155 162 5 182 64 130 34 160 140 156 118 184 189 110 85 61 28 134 69 111 199 179 67 139 165 148 200 185 51 38 10 42 8 37 37 119 58 41 45 95 107 144 158 91 199 45 163 189 52 128 15 59 143 95 31 165 172 116 198 197 71 186 122 19 53 195 198 34 65 55 25 32 190 73 98 5 158 178 146 105 133 4 57 69 157 16
100 170 16 125 44 32 63 77 126 183 154 32 120 80 179 12 120 50 149 78 67 119 111 161 117 178 52 160 108 153 96 4 200 96 181 55 14 158 21 57 44 71 30 189 177 59 108 162 164 33 91 22 16 2 53 97 116 14 89 122 134 177 14 180 143 154 112 79 150 49 36 49 199 138 46 128 114 107 107 148 196 161 184 52 149 85 23 72 135 15
191 34 10 98 171 104 188 110 56 84 97 180 151 114 75 198 55 39 32 123 91 135 41 79 86 88 96 13 13 123 77 149 127 7 111 151 177 48 57 14 24 50 19 161 169 164 13 53 92 130 93 46 62 168 172 101 153 55 192 156 162 137 162 60 174 197 160 75 97 139 107 81 51 17 81 32 68 180 95 38 74 145 8 9 135 66 64 197 128 113
135 62 124 87 117 12 79 41 16 66 11 45 82 93 175 21 57 128 153 24 26 35 30 184 83 9 77 34 112 163 97 77 63 132 200 197 64 12 178 24 72 68 151 108 188 188 62 36 189 90 16 180 46 35 92 21 55 128 101 11 180 57 22 77 60 68 140 174 104 185 15 94 85 34 52 9 97 102 90 170 49 123 85 186 134 15 131 63 39 167
129 71 26 188 30 126 75 184 186 51 108 40 152 58 158 32 18 200 9 118 163 97 23 79 162 7 106 113 62 165 33 114 32 159 3 149 23 146 68 152 56 107 47 150 142 54 109 120 76 80 93 78 146 125 151 58 43 46 177 47 55 41 159 122 37 51 27 195 53 127 78 166 72 42 11 104 88 117 112 53 81 197 155 123 84 72 105 143 78 77
126 109 43 30 28 154 99 35 136 46 4 114 12 180 53 96 187 68 152 167 43 39 79 47 73 12 42 163 61 137 133 88 174 111 99 94 94 174 137 85 152 105 106 15 192 79 46 24 90 146 124 4 100 41 116 25 174 104 27 199 134 196 25 9 156 200 105 149 8 78 74 56 93 193 121 146 146 122 66 143 92 50 9 134 163 131 70 189 134 180
17 70 133 71 43 127 64 83 18 19 8 167 187 14 50 45 64 54 126 137 168 49 149 19 103 54 2 33 48 6 130 121 52 170 38 25 187 188 109 57 11 52 176 50 102 197 77 16 31 77 139 200 67 134 3 169 184 119 72 103 98 105 67 140 128 8 87 134 36 191 30 183 90 48 20 175 185 114 68 1 112 194 47 186 42 85 25 45 143 138
21 179 42 120 54 71 151 197 69 158 91 41 139 89 167 90 35 44 121 44 67 52 76 56 120 75 133 129 27 187 126 160 40 5 61 101 177 138 65 56 43 4 142 79 38 44 124 87 183 140 141 102 81 181 39 24 18 29 183 198 181 146 109 52 30 100 195 187 171 183 154 147 175 189 44 145 108 122 4 55 58 131 166 115 15 192 96 61 100 64
183 60 173 11 89 99 109 136 115 92 121 43 123 48 39 117 81 90 101 71 108 145 69 102 73 116 66 151 89 36 110 84 182 200 162 184 193 142 149 25 170 131 121 40 117 78 104 24 191 7 40 113 190 18 25 186 165 13 126 8 139 53 130 49 6 133 87 104 10 76 2 149 71 79 124 75 187 189 66 150 147 199 5 129 84 118 154 136 43 28
1 170 77 99 107 95 142 149 136 190 15 139 179 150 35 66 21 158 112 69 16 42 13 41 11 24 54 192 101 20 18 36 126 26 138 147 98 87 39 103 120 63 12 132 106 80 61 79 97 83 47 188 30 180 66 40 129 152 103 123 32 191 173 110 111 77 163 6 26 69 173 3 131 175 156 76 9 17 166 151 17 120 129 33 156 101 95 25 4 23
158 124 145 44 26 50 165 128 107 144 51 28 196 19 50 136 76 49 120 182 193 71 44 87 17 112 193 13 107 46 118 45 82 29 99 187 121 115 163 9 90 93 120 84 32 183 166 147 134 72 131 161 194 185 77 71 123 172 95 109 26 152 169 80 167 47 52 39 100 108 184 89 48 61 78 84 190 55 163 3 89 79 118 118 166 185 117 59 178 6
119 83 52 149 14 33 166 144 127 1 25 2 29 163 117 94 102 174 16 37 31 4 159 91 177 93 56 179 41 44 86 158 102 119 128 14 101 144 78 95 115 122 170 103 66 86 117 123 78 172 108 149 199 131 143 48 22 140 187 64 61 46 61 19 153 138 33 107 68 49 174 34 53 128 6 71 36 116 54 188 195 143 53 77 30 54 194 110 167 105
129 137 130 155 21 119 13 116 154 80 57 198 41 126 149 5 169 11 72 24 19 108 51 1 31 89 82 64 175 108 173 65 77 104 64 199 184 30 53 24 7 110 183 54 115 112 139 199 109 152 90 128 1 79 101 157 102 17 140 192 58 156 143 67 22 166 188 184 161 80 107 196 11 20 114 2 33 177 90 34 2 54 124 18 57 130 171 97 113 169
43 192 155 120 1 25 122 177 177 22 47 111 141 50 17 145 154 180 178 5 93 21 84 42 78 157 105 38 52 110 62 6 39 115 120 166 139 92 185 80 200 77 64 96 182 156 3 126 174 28 98 4 31 28 22 178 50 26 123 107 107 150 2 125 91 92 75 119 24 141 68 72 138 117 190 141 103 42 193 104 73 158 50 12 102 137 52 108 61 116
192 108 18 35 33 164 151 23 176 141 38 178 148 149 94 86 22 119 114 117 85 158 130 3 171 50 5 145 74 144 13 170 56 118 176 69 127 172 123 78 43 174 86 159 119 51 94 122 137 123 184 49 12 149 126 107 54 20 188 161 107 14 50 94 153 30 2 181 122 179 160 170 17 135 8 189 120 67 54 37 155 6 53 31 159 45 139 145 96 79
142 137 82 12 161 106 80 126 26 89 100 67 128 190 119 55 99 160 104 81 104 154 1 84 22 58 24 75 90 38 185 130 39 161 186 181 15 161 34 161 8 169 83 148 48 42 73 84 105 75 52 181 68 23 175 148 4 29 198 1 77 72 118 136 19 2 21 40 101 57 151 86 57 167 90 181 89 56 170 64 147 29 9 122 122 15 86 124 81 37
155 42 36 189 28 123 198 50 198 39 124 107 45 55 137 117 69 177 18 121 80 106 130 132 173 67 16 152 84 197 10 120 113 96 145 137 133 103 109 56 191 56 130 162 101 53 25 1 145 31 143 187 166 41 190 66 34 145 136 82 126 124 65 160 93 142 18 152 185 46 135 91 68 191 147 37 136 59 113 165 121 30 6 168 132 94 25 58 166 112
14 163 40 57 65 176 112 4 168 90 85 189 115 140 160 143 152 123 160 24 40 49 91 33 85 90 46 89 104 44 42 113 88 115 47 73 11 40 73 116 129 173 148 20 134 137 175 79 63 139 6 28 141 143 50 44 192 194 161 145 126 137 69 1 97 167 177 112 185 76 182 198 60 35 28 69 41 159 79 140 168 6 187 66 81 155 46 183 31 98
185 60 4 88 193 128 179 86 196 34 91 98 34 75 175 176 107 121 190 73 10 9 189 158 45 163 173 188 48 119 82 102 17 62 102 35 83 108 2 14 92 150 27 90 144 46 84 193 133 136 38 153 163 172 9 53 171 168 21 176 153 116 173 82 109 172 166 188 124 188 71 179 153 192 110 155 140 25 137 98 46 138 85 57 189 182 183 66 137 81
180 162 159 86 22 101 135 11 116 7 76 200 28 72 149 52 61 67 185 18 128 22 142 162 43 13 185 143 169 198 87 176 68 22 133 128 58 58 163 105 165 17 109 99 78 65 82 122 122 52 38 131 23 52 161 156 104 57 178 112 194 12 64 99 82 129 192 52 64 104 181 93 97 179 180 99 162 94 50 34 6 129 99 100 148 165 179 153 176 154
115 160 200 21 195 123 25 200 52 15 66 12 135 53 146 142 5 158 107 125 155 155 97 68 164 110 20 196 87 155 9 54 131 129 134 65 72 7 119 46 23 77 180 46 170 91 5 61 147 150 124 130 127 185 17 35 128 105 169 60 69 181 18 60 120 48 131 155 192 90 35 138 31 38 188 125 71 186 64 13 103 191 52 171 70 26 104 135 180 191
148 40 43 83 17 22 177 15 2 151 110 90 7 182 12 186 21 8 123 150 87 175 108 129 198 24 171 79 143 194 105 121 4 184 200 28 20 151 143 34 20 192 123 32 25 168 100 93 107 161 183 168 7 8 165 124 200 164 129 70 113 190 42 192 96 150 184 134 89 104 27 94 72 169 42 73 129 100 89 24 67 189 35 196 136 88 111 186 38 194
188 24 5 149 184 105 97 59 94 142 90 85 173 118 169 172 137 16 101 196 8 82 8 140 65 25 73 29 116 31 31 49 148 118 188 174 160 164 133 156 69 89 98 38 134 47 173 16 120 58 35 123 58 187 87 65 68 101 122 120 14 141 42 1 13 176 67 104 80 73 67 3 35 82 43 36 61 155 24 148 7 143 17 78 135 183 8 49 176 21
142 144 122 15 69 30 171 25 114 43 43 41 118 19 107 160 186 5 88 170 2 11 118 200 46 4 70 195 121 152 115 44 30 33 200 125 197 64 189 196 92 184 79 71 182 35 61 88 49 123 81 79 23 156 168 157 53 91 190 77 110 68 103 97 70 21 92 127 185 26 155 151 84 18 185 86 1 184 111 101 54 152 53 4 181 18 18 22 73 58
161 193 42 45 192 39 117 96 178 66 131 132 162 148 38 103 197 129 138 169 9 47 151 142 102 11 65 15 82 67 115 168 164 53 185 155 145 82 45 30 43 123 198 147 155 47 99 193 2 65 104 182 120 102 140 171 19 58 38 106 195 98 158 119 38 95 93 113 91 79 181 95 21 79 178 136 132 144 150 79 11 190 71 63 136 109 54 101 79 191
57 157 68 157 9 22 154 154 173 121 22 147 167 15 62 185 93 200 129 141 105 96 150 191 198 93 35 10 185 8 110 4 158 185 88 118 134 119 110 101 80 57 167 79 174 102 163 165 138 8 123 29 200 64 125 112 27 50 71 19 91 198 169 110 152 194 90 194 166 110 183 6 192 59 69 21 194 60 27 68 161 35 126 120 39 181 160 113 58 86
29 103 196 91 23 188 132 67 141 112 165 147 104 98 32 80 15 118 25 167 88 75 72 159 194 83 59 38 147 5 114 175 172 152 124 21 134 161 200 97 144 61 48 5 97 104 200 111 153 116 191 169 111 125 179 170 141 137 26 64 39 54 99 171 89 159 133 37 74 182 42 162 48 65 12 68 8 42 86 167 40 37 26 197 147 34 8 171 43 46
34 177 3 128 194 156 3 79 174 17 93 94 59 25 152 10 104 41 166 97 135 48 108 62 37 8 37 118 128 150 146 114 76 119 3 165 101 79 14 79 50 118 103 85 31 158 55 49 108 41 103 166 37 70 14 68 156 7 64 155 161 115 79 19 90 167 75 77 127 18 12 165 113 90 176 139 103 182 161 172 31 189 150 11 162 81 111 199 94 136
1 164 12 164 33 86 21 146 50 180 122 153 148 197 99 28 133 61 191 188 188 86 7 74 150 3 58 167 182 192 179 33 131 151 161 164 104 27 173 75 133 128 143 137 132 116 52 96 182 132 188 24 54 166 115 103 153 14 143 101 123 17 101 25 28 15 157 98 114 74 102 82 57 13 158 193 40 2 86 116 136 59 92 42 73 1 172 145 56 125
88 84 40 54 74 131 22 27 20 157 61 32 37 181 19 36 162 53 200 102 44 11 191 10 49 36 187 184 72 138 188 115 132 12 69 34 66 181 110 97 19 150 21 17 107 136 50 13 168 184 82 50 22 45 136 134 76 106 150 152 82 153 173 122 71 82 2 176 96 129 197 61 114 3 100 101 32 146 129 160 25 16 53 13 70 152 161 45 59 10
89 136 131 159 64 56 104 131 140 25 147 145 36 118 100 95 90 158 62 24 148 83 48 157 102 6 119 10 41 78 106 146 157 191 103 83 132 111 44 66 121 114 9 57 65 182 150 23 141 16 7 185 197 184 45 61 48 166 186 48 21 3 17 55 28 46 74 28 104 105 193 129 193 32 20 67 108 31 129 129 170 76 118 175 10 3 196 58 104 192
182 57 168 160 71 135 11 143 79 156 31 154 200 129 130 189 24 34 7 190 58 34 112 105 88 15 174 109 185 98 61 66 184 164 181 85 103 102 118 63 128 17 130 42 22 5 133 175 155 40 146 13 136 60 189 127 159 91 4 182 111 65 197 82 194 178 140 41 38 72 168 172 67 156 30 100 177 198 67 185 20 101 64 148 96 56 34 67 3 126
139 30 57 175 71 176 138 181 112 174 41 151 67 178 120 29 184 36 37 141 13 179 95 111 12 20 157 189 71 30 2 31 106 184 95 76 113 19 85 153 120 45 82 39 115 12 112 36 189 76 13 55 181 117 74 131 187 126 195 27 141 40 136 146 189 186 87 21 161 60 136 129 48 139 32 118 3 67 57 157 163 73 103 117 4 63 89 108 116 121
53 101 143 76 28 195 153 64 166 11 31 61 70 127 51 180 196 83 168 89 98 171 98 133 119 51 192 15 31 154 7 156 182 64 159 65 18 51 103 171 6 8 85 94 138 182 143 37 10 69 124 82 123 95 174 167 106 70 40 55 116 80 134 97 179 154 185 20 18 2 54 53 139 88 66 94 9 155 191 131 144 147 35 157 188 119 65 113 147 162
168 112 47 134 121 43 143 97 19 88 33 190 55 59 133 39 15 102 133 162 88 2 196 159 190 145 21 158 17 139 49 4 127 156 11 118 52 123 31 184 115 67 10 43 131 194 65 14 104 25 62 109 50 163 187 152 92 3 191 166 122 54 108 14 44 184 200 52 108 185 20 37 59 147 61 128 39 166 93 173 12 58 195 4 91 170 90 65 127 139
60 110 155 108 41 80 120 24 194 159 160 52 153 83 67 85 195 50 17 76 192 188 195 142 187 138 100 162 40 177 50 162 68 58 1 148 177 10 185 125 24 24 4 78 109 39 95 98 196 170 167 85 29 51 178 30 153 173 36 161 93 26 162 38 164 89 117 72 193 79 1 9 90 146 111 79 31 60 63 190 90 110 68 22 157 69 147 16 117 148
46 198 124 151 142 34 70 159 170 70 2 185 85 102 114 73 175 83 36 139 71 29 83 74 120 120 154 79 29 139 157 63 22 104 98 177 125 152 130 76 42 186 126 181 191 180 180 175 200 133 180 52 43 176 61 122 180 90 115 112 105 65 189 60 28 71 34 87 173 51 116 188 10 85 135 194 159 92 138 47 112 171 130 159 175 60 141 10 92 22
121 200 34 106 83 101 197 97 92 68 67 186 35 85 52 67 80 200 1 152 124 17 54 85 144 9 34 1 153 123 9 99 52 161 136 131 51 170 93 55 2 57 73 186 178 18 112 191 189 83 50 142 132 197 12 172 41 108 172 130 21 152 80 161 186 76 176 138 116 62 178 77 159 165 16 129 102 43 179 5 183 68 176 168 130 81 85 92 155 153
92 127 159 140 154 171 9 36 182 152 136 121 16 57 185 41 69 139 161 4 144 32 91 3 81 3 71 75 115 130 102 5 99 75 94 144 91 178 158 27 148 176 142 162 39 62 77 21 33 60 108 65 186 61 128 58 69 169 41 73 41 74 8 84 142 156 75 21 183 164 82 115 161 130 26 88 172 182 38 50 69 140 124 36 184 115 128 168 50 121
56 127 111 151 92 122 12 6 68 16 99 13 69 136 25 32 191 184 102 54 115 194 29 109 35 49 47 45 140 137 137 151 122 116 104 189 86 85 113 156 88 73 121 75 167 89 174 72 107 40 78 62 187 60 133 167 128 129 72 102 4 74 97 103 169 133 18 36 133 91 110 92 140 172 140 139 65 127 13 152 176 32 31 170 187 23 61 135 67 44
93 13 8 32 3 148 33 84 122 181 84 124 25 189 48 108 176 4 192 70 34 13 166 86 15 58 186 181 92 63 76 67 129 97 178 118 37 86 188 95 96 165 48 100 19 104 42 57 181 85 66 75 69 115 175 90 49 52 14 39 115 85 180 157 57 178 125 122 121 140 164 58 133 118 4 24 118 98 101 16 5 33 55 17 186 52 178 88 190 165
91 12 6 177 130 84 24 18 182 93 115 75 74 60 188 14 144 149 192 191 89 114 28 178 94 39 84 113 107 110 34 7 138 64 131 48 59 195 148 130 61 166 121 63 37 2 56 34 25 148 29 70 30 19 124 191 52 148 145 75 67 155 90 165 26 107 107 94 20 109 155 43 40 90 26 4 122 74 57 27 159 122 148 73 159 61 62 171 137 37
39 196 123 57 18 108 141 58 151 193 19 89 129 59 128 92 65 130 88 161 32 80 93 121 90 99 46 117 197 26 90 141 57 34 183 95 176 109 106 76 104 147 124 80 104 192 116 182 51 32 146 115 50 185 8 123 176 119 36 43 196 186 190 120 86 135 44 135 158 13 116 8 12 134 80 158 116 46 106 168 94 199 73 29 151 155 136 43 20 35
167 61 164 182 177 147 139 5 75 117 163 44 48 37 198 194 200 169 24 133 62 55 48 76 12 28 7 123 35 65 38 193 173 106 1 24 26 168 15 108 159 119 94 198 93 155 128 159 157 38 59 108 146 30 197 80 154 50 49 51 191 43 99 147 173 138 194 194 81 45 114 149 2 65 38 22 7 126 45 138 181 153 81 17 104 48 48 154 88 72
22 111 79 23 8 100 165 48 124 151 55 156 190 84 86 19 196 166 173 17 104 95 42 137 129 46 179 6 144 97 109 9 57 56 17 193 17 20 52 84 120 112 26 169 81 148 111 144 139 119 123 192 166 90 82 72 112 109 58 109 74 131 114 62 100 1 10 72 60 144 182 190 200 83 29 136 162 91 82 23 23 22 28 106 30 173 168 101 25 12
84 113 75 4 166 78 45 150 81 44 111 187 196 151 16 137 6 154 56 185 174 41 185 73 168 49 64 151 186 87 127 105 121 13 83 21 14 7 86 22 105 21 155 168 12 126 71 110 34 151 174 28 196 124 118 184 7 183 61 101 135 62 46 91 197 89 33 149 47 19 183 18 88 184 4 54 176 64 127 118 36 50 67 128 84 50 78 81 145 38
40 158 28 117 63 112 153 158 27 93 9 74 149 195 108 185 104 140 11 196 113 19 184 186 76 183 173 38 93 92 160 54 47 46 139 159 30 63 69 92 167 87 59 184 149 35 67 124 66 188 14 146 81 7 46 25 107 130 1 139 67 120 71 131 70 152 191 123 135 99 60 72 144 54 56 38 152 54 101 139 97 11 5 57 17 113 63 137 180 36
120 136 78 184 44 163 39 132 63 183 111 96 107 106 143 46 148 171 145 190 156 73 163 104 144 48 26 138 66 171 56 45 15 19 194 146 42 158 123 50 132 18 112 189 126 74 14 161 113 44 192 105 188 97 89 171 92 143 153 20 25 23 27 196 50 11 31 78 181 165 126 196 141 165 169 74 40 29 69 150 167 176 110 154 23 196 195 13 200 171
115 124 142 9 96 131 194 49 62 50 175 146 194 71 49 174 1 139 46 89 176 128 151 119 75 9 190 28 149 178 160 134 76 91 120 65 59 43 167 160 96 116 80 164 134 97 99 119 165 189 31 69 75 188 171 20 114 101 70 157 174 42 151 149 184 133 68 177 119 39 109 168 199 110 98 156 37 139 51 83 177 114 97 88 118 156 150 111 110 26
123 35 185 175 3 132 90 152 173 112 188 181 193 135 192 42 112 38 158 162 12 33 100 24 145 15 157 40 16 1 167 12 11 171 115 108 25 25 54 17 199 38 124 151 79 179 163 158 103 40 68 116 170 70 3 188 24 36 12 158 102 7 53 34 139 52 24 96 23 145 152 195 83 184 130 6 33 139 75 77 54 127 15 89 133 83 55 86 152 155
5 119 141 37 73 157 119 98 171 148 62 35 78 53 162 84 84 118 52 30 108 134 185 191 166 99 48 192 114 131 87 49 146 187 129 120 177 92 138 90 93 22 118 74 33 150 199 170 1 64 44 81 50 15 124 118 190 12 30 34 69 57 72 56 160 166 72 65 168 36 61 61 154 1 138 166 15 123 44 193 82 122 164 199 112 88 177 165 168 96
156 59 23 85 113 66 91 196 144 66 186 55 129 101 88 194 67 73 27 58 160 78 168 118 38 56 18 41 108 196 97 82 130 104 76 101 39 104 154 74 192 74 183 91 153 66 181 98 103 166 163 63 94 126 41 152 21 154 37 125 102 29 8 62 25 68 187 137 110 119 7 15 13 75 5 124 186 64 10 56 3 83 181 158 94 95 50 175 63 12
13 185 129 121 100 54 106 37 91 178 49 92 125 196 56 79 151 183 178 153 92 149 65 103 158 175 166 124 31 140 56 21 176 31 29 4 62 24 160 24 151 36 124 121 167 25 93 190 138 189 75 82 51 72 4 138 32 165 63 172 135 160 23 183 154 55 31 56 131 153 124 105 43 123 94 25 149 140 165 92 17 109 84 68 147 53 165 87 105 125
197 80 68 56 71 52 85 13 95 70 90 64 135 48 6 173 82 85 158 68 107 50 39 71 192 131 187 28 174 105 165 48 134 129 196 113 113 55 64 157 188 161 10 154 82 68 194 18 72 200 157 155 88 40 61 165 159 179 65 5 158 171 34 175 111 161 188 163 40 64 154 153 164 166 28 47 143 122 196 68 184 29 96 197 33 162 116 171 158 32
95 195 65 3 127 109 21 23 99 99 61 102 49 94 76 160 136 40 34 72 117 159 105 25 106 199 126 152 91 133 49 118 178 21 124 9 138 46 98 80 22 99 187 71 38 194 116 82 101 100 61 24 94 41 85 162 199 56 81 124 6 74 26 17 163 42 92 75 48 103 97 123 177 146 33 2 98 101 58 170 170 142 59 49 200 191 148 14 59 91
31 78 130 112 39 117 143 74 73 34 138 133 86 74 91 12 4 160 190 36 30 55 45 2 123 178 95 94 21 92 17 13 169 9 21 39 92 185 159 156 16 140 37 134 174 192 116 36 63 121 74 89 63 153 199 101 73 118 87 98 126 2 65 60 93 49 86 124 170 67 105 36 162 26 35 25 57 127 85 14 170 72 14 132 40 118 85 128 44 20
95 120 61 105 172 118 52 188 36 187 44 50 148 126 60 56 98 22 117 99 87 71 97 178 185 79 81 170 175 24 107 80 15 40 69 164 159 19 148 80 179 78 44 112 102 2 121 60 146 181 153 106 15 103 41 109 59 85 71 51 10 83 70 148 114 181 199 63 137 62 32 10 67 123 62 149 10 44 76 154 101 200 89 167 63 71 5 150 99 157
