60 	
60	61
1	5	5	89	4	
1	5	4	360	2	
1	4	4	164	3	
0	9	9	367	2	
1	8	1	153	3	
0	6	4	147	2	
1	1	1	98	8	
0	3	1	31	9	
0	8	3	67	4	
1	1	8	343	4	
1	8	8	237	8	
1	1	8	191	3	
0	2	6	311	4	
0	3	5	195	6	
1	8	4	168	1	
1	3	6	370	3	
1	4	4	425	6	
1	6	8	583	2	
0	1	4	370	2	
0	7	9	405	8	
1	9	2	529	5	
1	3	8	305	3	
1	5	7	249	8	
1	7	8	385	8	
0	3	2	223	6	
1	3	3	398	3	
1	2	7	307	2	
0	4	9	486	4	
1	9	6	107	5	
1	7	8	244	2	
1	8	9	477	6	
0	1	9	493	6	
0	2	7	336	3	
1	2	9	451	5	
0	9	3	417	4	
0	4	2	341	1	
0	4	5	239	3	
0	5	5	318	9	
1	2	4	428	1	
0	1	1	549	5	
0	4	9	478	8	
1	5	9	84	3	
0	2	9	12	6	
1	4	3	61	2	
0	7	4	50	6	
0	6	3	411	9	
0	8	8	438	1	
0	4	7	171	6	
0	6	9	146	5	
1	1	6	213	3	
1	4	1	216	8	
0	5	2	27	6	
1	3	6	397	1	
0	8	7	188	4	
0	9	6	357	9	
1	5	3	62	2	
0	7	1	142	1	
0	9	4	242	8	
0	5	4	53	4	
1	9	5	298	8	
152 169 13 101 13 16 195 122 141 4 116 80 197 41 164 49 128 178 82 166 145 115 79 131 58 186 169 159 96 71 86 177 100 164 33 21 101 38 62 115 198 30 164 94 47 41 143 157 52 40 199 100 131 22 161 150 92 157 84 160
72 142 65 186 42 164 83 52 177 176 53 109 18 112 34 53 129 18 103 1 80 122 81 19 110 143 197 187 24 41 74 74 145 128 40 184 169 65 154 40 38 22 33 159 145 75 11 121 170 166 37 58 66 12 45 17 128 8 150 116
167 113 92 70 144 73 192 194 1 192 194 78 79 145 130 55 82 97 110 82 170 121 86 87 163 175 169 29 147 162 56 85 190 20 17 82 42 197 152 36 160 145 54 36 119 118 157 54 150 104 199 158 180 142 72 78 35 3 36 189
174 93 70 14 124 199 85 97 145 17 161 69 182 174 84 171 82 132 101 143 132 88 29 143 41 101 165 77 66 87 53 87 197 150 73 51 36 196 104 89 61 195 190 108 65 30 151 92 66 71 66 169 110 15 114 130 140 119 51 144
107 62 93 81 169 39 95 78 164 89 164 87 191 74 117 111 112 193 30 63 109 111 196 174 135 105 40 192 129 165 27 69 195 82 155 53 59 66 38 196 141 144 84 26 32 188 151 173 109 110 194 96 127 97 21 172 12 123 148 129
36 40 13 183 13 106 49 76 113 194 88 172 92 47 48 198 62 156 89 186 50 172 65 57 125 64 52 43 63 81 70 109 21 13 85 150 187 110 197 98 2 199 160 180 24 110 19 183 183 20 73 26 132 118 69 43 67 128 150 189
49 69 183 18 87 196 111 22 93 153 166 171 42 171 19 167 188 54 168 7 86 112 105 149 195 40 110 74 101 167 131 39 151 183 86 52 49 118 24 76 70 89 97 149 189 21 102 22 96 193 29 14 180 97 136 180 127 172 72 48
178 22 12 116 91 106 50 161 35 62 186 164 162 130 187 175 194 189 81 64 54 8 72 45 58 24 196 161 158 199 130 199 60 27 45 121 177 36 160 21 133 9 95 134 160 167 94 80 131 27 173 16 179 77 148 85 111 129 20 92
37 76 62 127 90 83 49 73 176 190 22 87 47 159 37 147 178 117 78 90 144 60 142 147 30 50 75 173 171 106 196 197 135 48 111 116 48 174 105 110 89 79 188 35 84 32 141 178 91 139 157 67 197 15 136 96 118 144 173 185
62 180 22 70 191 27 67 86 155 167 66 188 184 63 22 151 70 87 34 10 46 62 61 153 32 144 35 89 17 123 190 57 32 39 85 85 191 186 47 177 14 21 185 22 169 146 79 103 71 186 32 117 116 180 138 17 164 80 62 41
133 179 197 68 147 171 187 133 134 61 27 196 118 149 19 187 80 125 50 144 144 191 183 83 77 13 105 7 89 141 42 146 46 105 44 136 183 98 45 51 94 75 106 67 37 134 174 194 180 48 22 154 3 133 41 129 65 85 148 159
5 137 36 112 20 28 139 137 39 200 2 12 179 94 48 1 116 56 73 53 128 55 130 115 47 25 162 133 102 133 98 28 77 101 3 106 25 65 49 161 139 103 151 129 144 60 130 30 200 70 117 131 190 128 88 20 55 168 83 10
154 166 16 139 96 190 143 181 20 55 164 17 99 193 198 75 181 26 99 21 122 109 103 133 166 41 177 20 86 28 160 22 66 199 53 138 154 181 174 115 165 154 125 48 126 9 4 181 122 144 13 178 47 36 15 113 75 157 97 92
174 161 109 186 181 107 34 151 77 137 39 3 102 157 59 42 78 28 178 17 148 126 147 101 61 85 42 57 165 145 70 41 105 161 152 194 110 89 108 164 179 120 53 114 151 130 75 11 105 45 171 150 136 54 184 166 86 73 141 42
84 193 56 170 20 72 73 176 181 169 101 164 34 198 190 165 101 176 61 21 119 187 196 186 193 58 83 24 195 4 101 15 93 179 172 46 3 165 176 55 165 149 15 157 51 180 166 196 71 76 77 155 2 143 193 46 107 37 134 73
66 40 153 14 23 21 15 28 165 140 18 42 38 101 84 18 74 58 177 77 78 107 81 156 81 12 32 58 30 169 125 122 17 72 12 3 181 118 109 200 47 70 45 77 124 160 12 37 191 125 21 43 56 167 22 60 23 127 106 122
123 22 178 170 60 138 141 49 182 114 41 179 86 91 74 139 67 59 14 109 27 12 78 34 2 156 106 21 159 175 72 39 178 2 167 81 24 117 153 15 104 99 98 195 42 129 161 192 163 58 27 167 11 30 141 74 107 172 7 4
83 194 158 27 111 43 142 151 33 49 108 44 30 181 71 30 21 189 15 19 9 175 149 110 105 159 192 61 198 52 61 37 106 132 56 94 182 57 3 77 162 9 126 106 184 138 182 191 189 175 28 10 83 36 110 110 62 154 65 198
104 123 200 170 42 167 86 15 94 107 110 186 54 14 160 39 19 37 197 108 120 71 2 116 104 110 62 47 103 18 121 192 38 128 9 130 3 116 163 156 150 184 7 43 169 151 148 17 74 38 167 15 117 165 38 178 6 77 3 151
136 31 75 33 79 42 146 190 110 26 97 82 34 7 51 165 12 124 197 87 166 164 192 163 171 45 11 172 85 144 9 46 57 189 150 198 156 148 163 192 91 16 78 195 179 24 83 176 68 84 21 112 177 41 101 50 71 39 129 185
173 70 71 173 51 178 71 24 130 74 74 154 165 197 18 171 170 94 26 8 52 52 8 80 160 72 167 121 139 67 1 110 143 146 110 64 111 134 2 177 76 106 112 197 34 106 115 195 121 173 97 34 56 112 180 99 193 196 14 82
139 173 136 57 89 115 61 29 166 20 17 126 94 131 191 32 67 1 100 90 34 160 39 68 136 61 74 139 42 105 65 102 139 110 118 64 194 60 140 160 120 50 26 18 147 2 173 118 160 54 97 192 37 179 150 196 115 169 89 184
177 145 66 28 88 152 98 49 32 38 182 53 166 96 88 105 124 141 30 59 102 47 42 136 88 125 9 61 94 42 43 15 9 101 77 105 67 171 38 47 117 103 198 188 112 97 45 32 153 173 183 61 189 81 87 127 151 121 112 133
26 53 6 79 57 164 55 128 24 30 106 96 122 138 56 13 110 131 119 107 34 65 69 151 61 3 112 101 66 73 109 113 182 117 91 42 191 116 4 90 125 58 64 160 120 123 142 196 76 108 73 128 95 176 183 21 155 173 157 33
110 38 188 153 13 71 30 184 77 36 171 2 183 47 159 29 8 44 37 163 73 158 178 195 46 87 185 169 98 60 152 73 146 125 148 115 16 144 47 146 101 172 135 31 66 71 137 199 51 79 173 35 37 147 194 17 170 192 140 66
11 103 152 36 144 188 122 25 12 167 81 63 199 182 132 49 74 66 20 110 49 2 105 176 26 42 133 21 49 75 2 75 178 174 169 115 47 101 19 129 177 154 147 9 30 86 92 62 7 11 76 30 115 194 116 178 182 176 112 6
57 72 55 187 111 76 42 64 32 188 170 150 2 200 193 6 14 43 80 168 155 118 108 147 91 191 35 14 49 59 69 94 136 132 155 35 127 121 178 134 168 35 99 161 141 37 32 76 137 73 96 161 128 163 46 184 70 78 37 50
38 133 103 169 162 187 63 66 43 15 2 175 68 144 66 24 106 41 16 56 60 51 186 93 139 164 118 67 117 78 114 61 166 165 62 200 157 104 100 83 95 69 193 79 141 173 106 59 175 145 114 85 134 173 154 54 58 67 145 146
152 184 169 47 24 67 23 8 168 23 135 58 186 162 109 197 199 177 94 146 47 152 175 87 139 68 74 196 1 195 35 44 155 73 194 80 154 127 148 169 13 109 129 160 32 149 10 100 96 69 141 30 16 182 77 109 17 163 118 107
71 85 75 85 36 75 22 145 195 84 57 33 52 198 79 173 74 5 151 42 191 93 35 33 87 10 89 197 61 139 147 47 88 22 200 50 149 163 196 128 174 136 111 186 198 60 162 79 60 56 11 134 174 85 166 52 185 184 199 184
148 12 75 111 173 128 76 170 197 142 92 86 54 112 176 66 78 183 139 139 133 177 52 60 143 112 145 162 78 91 162 129 130 175 134 52 188 181 62 5 86 16 172 151 15 165 164 15 113 174 54 39 15 151 26 121 74 41 84 168
87 62 85 114 36 162 38 123 163 129 109 116 143 164 48 32 16 187 193 26 102 75 165 168 158 57 166 159 60 126 31 175 101 122 60 37 126 82 29 34 189 3 179 168 149 10 59 156 151 184 77 66 194 114 92 172 185 183 150 45
163 62 143 149 74 101 1 165 59 135 130 34 184 173 70 60 54 63 15 119 156 130 60 79 177 168 118 59 130 21 77 109 123 172 49 78 150 155 147 89 187 57 98 187 104 95 165 62 56 139 104 198 67 188 191 21 136 3 198 65
121 111 103 76 32 19 133 45 129 161 199 119 125 48 38 132 176 28 141 40 59 143 76 25 137 19 127 66 71 19 142 21 137 75 11 158 162 174 4 159 181 126 183 80 63 111 177 150 150 88 114 162 75 57 57 189 24 105 170 199
26 121 116 17 144 127 19 84 94 194 69 113 25 155 56 62 107 61 95 79 112 152 28 160 26 70 165 86 194 87 97 130 85 81 47 181 98 49 136 195 175 159 137 197 80 96 178 98 7 15 122 11 63 74 17 35 68 6 14 48
148 176 123 163 107 145 131 136 74 23 36 113 147 109 87 194 67 81 198 75 169 83 51 34 178 48 18 86 87 119 38 38 185 172 116 163 102 181 72 64 56 136 182 17 131 113 76 138 132 154 93 92 152 69 38 200 37 108 62 101
34 57 199 145 95 184 4 24 61 27 15 141 27 69 140 34 153 176 151 34 200 24 109 56 18 4 3 121 9 82 136 97 155 139 92 48 92 66 44 64 103 64 21 15 19 169 62 56 34 35 74 190 182 11 162 112 20 9 85 2
177 160 172 179 143 21 197 126 143 3 96 62 62 200 151 103 34 2 102 173 109 102 122 82 67 111 113 62 101 148 97 54 78 15 75 20 69 74 125 28 183 8 181 186 12 27 62 65 189 193 106 114 81 186 137 55 125 2 83 133
5 73 162 50 118 139 188 106 161 89 20 43 45 145 45 64 166 62 140 159 97 56 190 45 165 166 121 179 20 42 110 36 155 40 13 197 92 45 137 194 147 118 52 126 42 130 169 26 68 123 116 40 41 140 88 197 193 103 182 112
51 24 101 90 194 115 8 134 110 199 144 118 55 120 178 39 76 65 172 110 185 122 75 183 56 51 189 94 200 16 195 197 91 94 180 200 44 69 21 56 20 14 126 44 120 38 93 50 183 72 13 176 129 150 153 108 22 191 70 5
79 126 23 170 121 94 140 175 156 150 70 84 11 66 18 28 149 111 183 146 18 49 148 122 61 128 77 194 149 164 51 146 184 188 159 132 161 159 83 98 42 36 22 14 22 62 155 153 92 165 13 16 89 3 61 106 34 172 16 114
34 116 196 191 107 1 135 170 119 129 16 166 16 22 14 50 22 152 58 147 152 169 85 101 139 174 129 185 154 151 181 123 195 29 182 174 165 90 143 60 10 192 144 81 72 5 48 165 130 87 148 20 127 81 200 92 126 189 2 28
157 17 25 74 167 193 170 61 185 69 105 148 195 47 135 125 186 54 68 186 141 130 178 22 39 27 20 177 58 52 47 199 11 107 125 135 73 87 148 42 175 48 74 148 73 43 147 193 54 184 135 122 91 116 3 120 15 95 114 186
75 100 164 19 89 73 83 172 9 147 191 9 34 67 180 118 12 5 102 32 12 110 76 165 60 150 165 59 48 6 132 88 41 67 196 9 98 127 61 71 145 113 102 84 47 62 130 109 169 42 30 194 82 73 61 55 50 160 89 58
26 77 15 49 143 83 95 105 34 185 26 130 133 158 160 197 134 63 47 150 94 118 37 168 43 91 198 154 65 47 41 82 21 190 48 23 139 122 154 50 87 170 57 4 144 29 14 173 148 11 50 78 163 161 12 92 16 160 158 131
142 183 58 154 16 118 9 77 31 9 140 136 190 84 185 154 154 165 189 114 98 134 138 105 48 145 6 57 86 134 38 176 159 34 38 108 20 94 14 120 67 185 20 190 132 78 50 113 16 25 156 8 31 132 184 131 151 49 14 13
27 165 144 26 160 177 48 71 163 171 85 45 70 61 93 163 190 181 90 151 12 45 191 126 179 36 122 160 189 93 62 85 13 146 58 75 155 199 167 120 35 25 179 192 124 85 41 89 159 164 106 37 183 165 49 149 190 80 62 162
13 89 11 40 64 93 125 144 193 192 115 18 43 12 117 159 168 182 47 172 199 77 76 46 131 15 35 116 27 126 145 151 120 88 33 178 11 12 187 40 169 23 11 18 159 39 105 128 76 167 142 192 169 24 167 111 4 13 195 88
30 55 96 196 152 87 36 95 55 48 65 16 83 163 65 35 180 56 45 138 138 33 112 1 54 198 11 153 69 5 46 119 84 118 177 107 5 124 102 129 1 28 126 132 191 119 178 38 76 92 93 94 41 112 126 33 189 166 37 92
86 144 90 127 86 13 123 185 80 30 69 27 189 133 79 62 83 59 176 193 69 152 118 114 200 117 166 43 200 108 114 192 79 111 13 160 70 80 166 120 196 171 39 192 168 5 3 44 175 198 84 96 139 50 77 142 77 77 145 64
157 3 184 113 28 183 175 156 37 112 190 111 2 103 161 70 115 46 87 6 142 30 197 51 103 71 20 40 168 153 26 21 12 200 129 13 109 192 1 15 151 159 181 82 109 153 118 43 149 100 122 71 10 114 12 84 7 82 51 37
80 174 106 138 10 183 44 113 61 76 115 103 100 68 46 53 186 137 8 194 168 64 145 149 40 48 32 22 63 192 125 13 82 165 107 115 60 172 4 49 71 164 194 98 114 143 106 69 85 199 132 175 69 115 177 11 130 184 114 184
56 61 90 192 172 96 146 178 46 49 48 164 181 76 116 84 197 190 16 135 193 13 162 142 133 57 25 194 102 56 167 27 48 115 145 120 23 158 54 49 5 1 140 192 142 139 22 69 48 149 163 19 197 99 51 106 48 100 174 68
162 29 35 128 191 157 183 194 68 160 157 118 200 145 171 93 46 148 5 106 94 76 81 59 15 136 111 45 179 38 75 49 92 93 6 123 66 193 169 2 166 58 110 16 193 63 183 25 86 67 82 80 20 8 168 80 45 117 65 100
163 132 52 184 87 156 143 80 87 187 37 87 42 121 149 164 86 169 106 145 28 121 185 144 61 6 20 112 121 78 93 192 197 191 178 193 16 182 135 80 135 130 149 64 112 100 3 63 157 36 104 46 166 89 69 4 143 150 78 98
176 122 98 29 25 1 186 118 142 73 172 184 8 12 196 17 84 26 133 46 124 123 139 146 58 81 167 19 197 95 76 84 21 171 68 174 65 71 104 200 21 46 43 189 196 9 122 31 30 189 175 149 98 24 79 23 83 198 24 26
192 18 130 36 98 21 35 71 177 177 191 157 35 193 196 190 141 140 92 14 39 34 100 94 101 123 177 142 105 154 166 51 84 114 133 166 51 54 45 114 137 69 91 137 36 98 27 144 164 45 177 137 89 150 190 7 145 151 112 187
114 70 12 49 58 1 13 6 28 136 111 62 40 127 113 27 113 16 101 46 178 81 141 141 123 58 194 183 182 145 160 56 146 134 147 169 127 34 110 31 161 16 184 118 139 112 199 165 9 12 106 169 165 25 97 163 45 178 199 172
9 142 89 111 132 99 7 80 115 158 139 114 185 129 55 88 89 22 84 76 114 6 45 68 74 126 74 63 41 169 77 140 110 9 174 28 35 198 146 109 161 184 51 159 194 19 87 80 127 27 145 26 104 192 95 64 64 78 134 195
175 163 46 108 101 70 97 159 26 153 123 170 123 60 26 21 122 78 119 16 80 172 62 32 184 46 170 173 124 45 68 111 123 68 52 178 116 12 25 86 76 98 56 3 62 132 106 116 99 54 114 99 116 28 164 72 198 74 33 75
107 72 138 116 119 38 93 156 56 19 139 9 104 125 101 78 12 191 66 91 162 10 192 60 18 42 50 170 140 167 77 135 9 34 78 25 49 68 49 74 159 9 196 113 151 80 200 132 194 41 81 121 164 105 32 109 175 78 120 137
