40 	
0	96
1	3	6	74	9	
1	9	3	125	8	
1	4	7	17	4	
1	8	2	35	5	
0	9	6	153	6	
1	4	4	56	7	
1	5	7	16	8	
0	5	9	57	3	
1	4	9	170	7	
1	8	4	10	6	
1	3	5	57	7	
1	4	7	115	3	
1	4	9	145	6	
1	1	4	45	6	
1	2	4	149	8	
0	6	2	58	7	
1	9	4	80	2	
1	3	6	22	9	
0	2	7	119	2	
0	9	6	141	6	
0	8	7	135	7	
0	8	3	146	1	
0	7	3	97	4	
0	8	2	50	7	
1	4	3	44	2	
1	6	9	3	6	
1	9	5	154	4	
0	5	1	193	6	
1	6	5	173	6	
1	1	2	130	1	
1	1	5	59	9	
1	5	1	125	3	
0	7	2	145	1	
1	2	7	168	2	
0	4	7	60	2	
1	9	1	171	9	
1	5	1	43	9	
1	6	9	197	3	
0	5	2	53	1	
0	2	9	159	1	
70 150 185 119 183 168 154 103 5 8 193 108 142 55 167 8 186 99 36 66 33 125 99 10 171 146 135 117 23 116 121 78 174 19 40 180 116 123 121 61
27 30 170 50 182 77 84 150 191 129 200 43 200 75 194 129 46 80 73 163 78 128 186 152 56 111 127 25 169 99 25 193 38 49 114 83 183 158 95 56
147 41 42 172 35 67 45 84 54 6 110 64 7 74 145 21 171 196 89 122 158 62 120 132 178 36 80 154 17 14 37 38 164 113 49 80 153 141 177 52
68 100 147 59 57 141 186 140 183 37 113 166 49 198 61 161 153 155 164 23 117 56 76 74 12 68 38 175 16 191 143 115 83 82 85 187 134 48 168 41
192 167 31 113 71 40 38 127 12 47 179 114 126 134 91 88 59 123 112 190 40 115 176 20 178 137 68 102 167 11 37 154 121 151 107 133 13 47 147 58
53 39 32 44 150 68 159 64 129 185 41 1 23 120 63 120 147 73 73 122 94 177 192 66 125 76 63 144 157 150 198 176 153 117 30 113 117 82 35 109
53 54 30 81 33 25 35 14 43 53 124 102 26 166 196 149 180 176 140 57 77 39 129 92 139 17 158 128 194 65 34 79 51 16 121 115 194 185 151 126
99 17 96 48 124 35 121 50 117 19 198 105 139 66 135 129 38 196 158 37 81 91 46 159 186 155 179 153 129 139 168 161 21 187 170 37 156 32 67 200
34 35 79 183 48 180 37 47 77 136 188 4 200 154 196 140 55 33 93 57 11 44 92 86 39 48 28 185 127 25 92 126 179 72 87 163 23 158 12 8
3 79 135 86 160 35 8 122 29 34 191 83 104 180 144 73 122 92 127 190 15 93 134 6 90 9 54 190 157 77 163 151 12 146 10 190 123 190 198 62
77 2 129 94 107 3 94 195 58 66 133 12 162 142 31 61 156 9 49 177 33 118 101 82 65 133 177 68 52 160 34 66 40 107 29 122 29 43 126 100
62 120 44 195 55 62 90 52 3 155 194 145 194 9 159 122 72 197 124 16 126 62 119 192 190 123 10 198 101 134 89 140 81 144 22 89 188 57 191 189
158 33 30 106 12 31 22 185 121 16 109 70 113 107 6 24 26 18 51 132 139 184 99 83 19 177 156 108 22 148 12 150 84 93 54 61 161 126 131 129
42 198 31 128 88 101 58 31 90 123 67 156 6 112 149 175 185 125 164 77 87 129 162 69 10 49 70 169 26 177 51 191 112 155 183 74 120 117 175 15
82 120 123 143 142 17 177 77 140 72 124 193 106 32 161 184 66 59 131 50 116 17 153 39 76 6 145 15 135 61 85 68 143 33 15 62 88 167 147 35
78 138 23 152 98 76 54 57 137 92 57 188 144 60 82 31 88 55 199 143 106 109 38 23 171 10 33 157 11 100 79 62 175 58 88 103 195 91 199 65
165 187 191 55 34 10 197 139 18 119 32 67 109 13 109 33 9 101 45 60 3 152 51 161 189 69 94 40 6 74 121 103 129 96 5 16 92 61 27 53
19 124 164 27 185 93 138 45 130 193 17 42 68 189 88 14 60 7 37 46 199 19 159 69 121 177 168 89 156 163 42 78 174 3 97 127 61 36 123 14
148 15 132 39 61 24 112 120 129 88 127 10 117 137 157 159 148 78 172 73 160 14 180 64 95 65 143 117 30 29 39 17 183 94 44 66 187 130 132 161
84 125 150 153 41 60 21 70 174 175 103 60 41 5 157 12 62 137 49 66 87 114 174 89 17 117 10 138 83 148 161 184 127 105 172 195 154 155 40 109
129 60 170 191 137 142 182 127 197 103 121 91 155 37 115 154 104 69 87 138 76 89 50 9 116 8 161 193 74 162 98 150 41 89 89 122 139 124 178 167
57 104 137 16 119 160 46 198 45 193 68 90 124 22 46 134 145 124 66 75 3 105 142 153 157 148 52 69 86 98 165 168 183 137 5 34 25 72 47 198
42 32 155 83 199 155 111 33 166 161 58 101 95 173 164 67 48 50 122 79 152 200 144 120 186 94 167 52 21 14 4 116 32 123 48 9 100 5 164 124
8 22 22 143 173 130 153 185 68 177 13 61 90 199 5 23 11 137 153 182 15 158 5 41 128 183 86 134 160 62 12 19 120 106 88 33 29 124 128 190
119 5 132 92 74 110 102 155 132 119 148 164 192 36 26 4 47 51 146 30 168 32 17 152 140 180 166 40 143 178 63 198 190 72 186 62 127 161 175 200
154 86 196 197 77 91 193 79 185 147 123 97 136 47 25 47 194 135 185 59 168 168 148 62 122 153 23 29 51 98 171 42 149 62 127 99 194 82 80 124
22 110 91 17 35 51 9 71 4 182 91 61 118 200 145 133 170 101 126 192 188 122 125 13 13 6 140 110 108 52 61 185 89 64 88 129 17 199 110 175
108 40 81 35 111 161 104 104 133 52 20 55 127 96 110 86 3 130 6 15 46 107 62 76 19 70 2 116 23 14 86 125 105 88 196 80 43 91 26 21
59 42 26 160 177 114 67 49 38 188 102 108 112 26 69 15 93 127 190 144 56 40 4 141 99 124 64 122 59 6 183 151 154 109 109 66 94 95 157 181
90 32 97 138 12 69 194 102 162 15 157 174 78 41 112 112 115 58 94 15 53 110 157 76 150 25 81 143 25 128 142 139 135 111 112 192 199 196 125 62
137 9 97 65 8 179 98 43 103 138 14 137 173 80 170 172 103 166 86 16 36 67 97 73 24 118 48 39 161 107 113 199 175 140 74 120 37 154 118 124
141 78 94 127 136 147 58 195 166 64 82 118 108 168 200 21 65 94 116 34 32 69 179 158 53 116 152 162 167 82 123 89 57 133 156 159 72 34 172 75
158 149 40 111 82 181 119 171 187 71 37 15 10 125 110 59 72 39 48 83 19 193 157 64 28 173 89 3 116 117 51 164 101 66 192 142 57 174 114 3
89 119 153 175 97 123 114 105 151 150 30 35 16 190 25 104 22 55 144 106 52 22 16 143 175 177 48 73 16 138 147 26 109 187 131 81 107 169 158 38
101 53 68 114 61 172 81 186 57 76 108 17 87 138 146 66 35 169 115 15 9 71 115 165 82 76 62 76 16 152 49 192 60 180 77 161 151 93 2 136
46 8 135 40 142 16 124 153 112 66 148 28 116 21 164 45 139 74 49 79 84 91 118 82 45 192 163 75 6 83 14 23 46 32 2 132 1 69 153 179
71 149 192 62 138 98 140 66 136 82 173 189 29 45 197 161 29 121 163 181 78 41 35 53 148 83 148 127 88 149 148 128 85 6 8 36 48 188 129 168
159 184 140 195 31 75 52 16 90 188 131 57 170 6 53 71 64 88 79 97 112 145 126 156 174 54 181 130 97 22 178 44 132 98 121 103 99 58 77 41
144 128 114 16 148 142 170 62 109 151 197 192 47 82 36 50 134 57 52 144 111 99 51 115 72 76 154 92 144 80 18 41 117 176 1 131 144 65 197 68
38 89 105 200 52 153 111 33 149 55 19 182 33 16 60 162 132 137 77 4 200 3 23 168 148 24 196 48 10 16 107 67 14 69 12 169 81 169 144 24
103 150 151 39 70 76 40 158 9 20 96 114 111 21 54 55 42 171 151 189 193 166 89 139 162 120 7 81 151 150 142 56 110 58 24 116 134 172 74 67
