30 	
75	96
0	3	4	30	8	
1	2	6	56	1	
0	2	6	73	1	
1	3	4	29	3	
0	1	4	29	3	
0	1	5	126	8	
1	2	3	42	5	
0	1	2	80	2	
0	1	7	0	3	
1	3	5	83	3	
1	8	6	90	3	
1	1	4	67	5	
0	1	5	10	8	
1	3	7	72	6	
0	2	7	16	5	
1	5	4	119	5	
1	3	4	81	5	
0	2	5	78	5	
1	5	2	100	1	
1	7	5	96	3	
1	1	6	19	4	
1	5	4	93	3	
1	1	3	97	2	
1	8	5	2	3	
1	2	2	6	2	
0	4	5	21	9	
1	1	4	89	3	
0	3	1	101	9	
1	3	3	10	7	
0	1	1	82	5	
110 188 96 122 8 72 151 91 118 172 97 142 159 28 191 159 60 184 145 170 188 197 199 147 132 166 95 41 163 139
42 113 119 88 69 199 175 73 60 160 94 79 30 106 83 154 118 50 151 134 45 155 160 161 166 51 195 81 53 89
93 41 189 111 23 112 182 73 91 97 90 63 95 84 61 87 64 102 65 140 58 144 158 26 16 64 82 199 22 184
79 163 151 50 181 36 59 3 124 31 48 77 93 91 68 24 106 109 139 115 177 20 70 148 125 79 25 24 38 36
45 8 26 24 44 54 124 156 60 79 103 51 183 17 200 131 127 168 191 147 197 67 137 50 91 119 151 88 148 106
170 195 64 57 89 169 120 47 140 9 179 12 117 79 34 33 138 40 100 51 48 54 167 85 60 30 53 161 33 90
50 22 199 7 88 15 153 158 184 78 69 107 92 142 187 96 37 139 39 114 45 184 12 185 35 200 128 140 99 169
34 147 182 135 47 144 44 113 139 137 31 158 138 157 171 132 96 118 75 154 5 15 52 99 93 190 170 39 84 41
102 78 148 95 28 27 56 33 160 5 118 157 28 160 110 78 101 166 198 39 49 64 36 179 25 60 43 129 51 133
42 165 90 123 179 50 91 171 3 50 51 8 55 50 130 70 49 125 185 130 91 95 183 187 183 2 134 17 29 89
117 23 139 54 196 157 151 5 10 35 7 49 64 155 157 69 130 98 31 172 56 41 157 155 34 98 148 33 85 54
10 37 38 106 139 141 10 110 167 33 96 180 150 135 60 4 98 51 160 171 87 165 98 84 66 106 131 131 128 60
147 16 18 8 88 86 189 95 197 91 24 154 141 111 100 98 111 106 190 43 94 143 45 169 88 41 82 11 48 142
8 187 56 57 106 44 22 130 17 34 115 58 197 37 174 46 37 41 5 11 33 124 119 196 47 14 165 192 46 83
52 16 12 191 189 121 196 180 35 76 118 11 70 193 8 48 13 99 172 179 186 162 25 72 192 126 198 78 88 192
60 148 53 192 23 192 27 92 89 70 124 120 44 28 142 63 21 97 109 168 12 185 64 86 49 140 153 90 36 82
105 118 142 71 131 89 56 40 191 115 181 140 153 60 89 172 123 28 109 141 161 41 196 91 125 6 26 193 57 152
159 105 163 55 151 25 94 169 177 56 70 118 103 187 143 63 145 65 175 16 67 190 30 154 136 135 140 125 86 22
148 5 44 166 78 104 8 14 22 155 76 18 3 92 119 181 6 93 129 22 139 43 162 38 155 90 13 11 38 138
62 122 110 12 21 181 117 156 168 178 132 88 58 73 192 155 41 139 2 185 9 156 140 187 169 172 171 152 81 169
123 4 85 14 95 117 181 196 193 113 113 41 34 198 147 127 13 42 42 33 73 106 91 67 52 40 190 73 129 66
128 35 191 43 73 31 54 29 198 122 191 97 117 89 7 4 179 124 161 161 14 37 103 10 189 161 152 12 172 47
83 60 49 40 89 13 73 144 73 89 40 65 117 176 162 20 193 189 63 29 77 10 7 187 24 7 143 49 188 11
160 5 168 199 155 78 101 82 134 78 143 179 64 133 161 59 1 31 35 103 130 76 163 12 23 101 72 12 15 181
108 38 161 75 183 142 188 182 38 25 139 194 118 134 161 8 147 91 86 97 50 129 27 22 95 165 13 183 171 112
145 33 15 122 170 94 162 157 142 47 123 152 56 117 184 182 49 16 129 158 125 110 190 76 39 159 99 166 99 73
11 35 81 85 168 70 137 108 105 65 177 95 161 17 46 47 186 183 194 50 197 77 74 134 188 81 36 30 143 45
96 21 166 103 135 152 20 75 127 184 139 177 185 28 76 149 130 50 75 97 173 62 145 39 72 197 16 49 123 124
156 49 119 176 52 35 172 92 3 64 161 125 1 131 55 65 60 46 110 103 17 197 34 44 46 198 155 98 177 130
140 138 145 81 177 21 92 21 63 132 105 197 92 91 27 49 105 36 3 59 70 98 147 196 77 27 131 152 198 132
176 11 6 87 8 115 88 172 63 143 199 147 47 109 197 182 49 101 111 138 68 121 151 107 6 10 76 182 77 172
