10 	
34	88
1	71	6	845	8	
0	53	6	630	3	
1	69	4	20	8	
1	84	2	846	3	
1	54	7	569	3	
1	8	1	192	5	
1	80	4	801	5	
1	65	9	225	7	
1	38	9	880	1	
1	89	4	72	4	
23 199 34 6 29 89 135 152 4 60
181 170 10 174 34 11 103 80 72 110
100 139 118 3 9 155 31 89 168 105
191 18 178 63 27 120 91 167 127 184
120 172 133 58 82 166 3 152 63 186
85 151 107 30 32 177 163 146 186 81
37 35 80 57 67 94 150 61 178 163
1 199 182 192 67 196 54 108 163 161
198 130 2 144 196 14 161 75 138 145
3 64 188 184 91 97 197 77 90 8
36 193 6 140 183 195 166 140 39 58
