20 	
1	19
1	93	6	254	3	
1	42	4	700	6	
1	12	8	251	1	
1	81	6	552	3	
1	17	1	928	4	
0	17	7	918	1	
0	42	4	350	7	
1	75	9	822	5	
0	29	7	92	4	
0	37	3	916	7	
1	70	1	439	8	
1	66	4	863	9	
0	23	3	496	8	
1	64	9	87	7	
1	28	1	680	9	
1	30	6	720	7	
0	15	6	932	7	
0	57	2	641	9	
0	96	2	109	5	
0	45	2	494	2	
107 34 24 148 171 150 78 120 84 19 157 119 195 183 57 124 137 1 125 94
176 6 111 12 148 33 113 54 128 74 131 82 117 27 157 184 11 178 81 167
121 198 191 170 54 74 73 80 42 183 114 146 151 38 176 129 77 27 57 88
97 180 177 41 164 184 44 139 179 66 62 14 77 179 179 139 143 34 37 97
54 61 106 91 162 104 194 127 173 48 52 89 103 18 133 62 90 79 161 68
89 146 93 64 37 173 140 2 149 99 79 141 22 196 169 126 19 90 52 140
121 151 18 13 67 16 48 126 101 21 42 109 11 149 109 48 127 32 107 47
34 56 107 146 49 117 167 20 101 129 83 61 105 120 187 196 142 130 194 133
175 147 62 82 23 190 101 74 152 77 85 130 122 50 17 148 175 64 142 102
51 77 185 13 83 120 155 20 184 62 108 87 81 48 55 87 64 147 154 111
129 57 20 101 7 126 9 187 160 175 188 125 40 150 34 1 62 172 174 76
40 118 134 24 48 93 77 75 187 91 105 78 84 13 156 21 171 131 162 184
138 70 109 57 41 86 161 27 76 161 70 111 175 107 37 116 153 116 19 41
57 52 64 63 162 75 121 180 89 89 73 21 93 135 68 23 157 63 109 193
199 155 52 71 44 59 99 197 110 112 113 106 63 168 144 116 112 168 109 164
185 86 81 51 6 138 163 10 77 32 179 27 198 17 59 136 182 173 180 141
97 121 118 65 131 159 118 26 66 65 126 105 150 87 189 163 77 41 193 105
20 7 81 133 167 26 66 172 200 102 11 191 77 10 50 84 125 109 15 186
76 197 9 58 78 136 10 93 61 33 169 86 106 171 142 63 22 58 88 49
82 119 174 93 72 166 15 49 171 88 162 45 37 23 58 46 34 172 81 60
110 166 105 186 198 124 81 160 118 7 140 10 93 48 54 105 170 166 128 39
