70 	
68	91
0	6	4	790	7	
0	76	7	2644	4	
0	30	4	2712	3	
1	59	4	1909	5	
0	5	6	1219	1	
0	35	3	2738	6	
0	19	2	3902	9	
1	40	4	3553	5	
1	91	1	644	3	
0	53	7	2544	9	
1	78	8	1701	5	
1	23	1	2118	1	
1	57	4	1085	6	
0	25	4	3012	5	
0	38	3	1141	3	
0	34	3	178	2	
0	17	5	4429	8	
1	62	8	3887	6	
0	75	6	329	9	
1	42	3	4233	2	
0	31	8	3523	5	
1	44	4	4578	9	
0	74	4	4105	2	
0	91	3	2110	3	
0	93	4	1919	2	
0	26	9	1369	6	
1	61	4	189	7	
1	68	7	23	7	
0	42	1	1416	8	
1	1	4	373	2	
1	33	7	4624	3	
1	15	9	4192	5	
0	67	5	3204	1	
0	64	2	4856	9	
1	27	8	2222	3	
0	90	6	393	4	
1	48	3	1276	5	
1	68	3	863	9	
1	60	7	3890	6	
1	69	8	4016	1	
1	28	9	2610	7	
0	38	4	2640	6	
0	67	8	2971	8	
0	73	7	3370	2	
1	9	3	3428	9	
1	4	5	1311	3	
1	88	8	2314	8	
1	45	3	3011	4	
1	21	2	1327	4	
0	44	5	2641	2	
0	18	1	326	8	
0	44	6	2715	1	
1	30	7	4084	8	
1	2	9	2677	6	
0	70	9	4715	9	
0	71	7	1413	2	
0	33	7	3660	3	
1	35	8	3534	8	
0	81	8	2042	3	
1	19	6	4551	6	
1	7	9	4566	2	
0	92	5	94	9	
1	93	4	338	8	
1	43	8	174	6	
1	73	3	3021	1	
1	79	3	4326	2	
1	43	6	3472	9	
0	52	6	4026	6	
0	37	5	2134	8	
0	69	1	4275	1	
74 91 170 120 31 14 114 111 191 133 76 134 191 20 170 190 50 106 97 60 157 174 196 120 55 116 61 76 86 133 148 179 156 53 150 36 144 96 118 25 119 191 155 38 7 3 104 45 147 145 98 8 11 77 107 124 85 28 47 185 67 150 73 101 175 74 40 143 75 43
7 169 169 82 117 182 133 42 173 46 28 109 168 166 138 177 71 93 99 176 198 68 36 109 165 53 99 110 197 168 48 178 22 193 200 136 51 178 30 138 150 178 52 130 169 76 152 52 133 154 190 119 134 195 132 23 180 140 44 14 11 39 116 69 6 196 88 166 140 10
3 139 135 189 75 198 131 40 73 124 154 47 16 135 75 61 156 16 120 177 3 41 12 131 125 187 73 155 13 92 191 33 182 120 21 178 162 185 8 86 161 153 121 60 84 191 160 161 180 56 6 133 79 54 118 18 197 79 123 99 107 47 10 136 195 144 175 185 154 110
153 50 82 123 139 82 69 119 36 76 127 89 97 158 154 4 83 15 69 111 134 161 135 200 123 1 41 161 9 66 93 75 154 40 7 39 93 175 133 117 156 142 133 13 2 107 4 109 199 58 122 75 156 113 142 16 28 37 30 142 142 41 167 88 192 107 157 134 9 66
121 70 159 50 60 21 67 188 68 96 14 13 175 73 116 176 199 33 72 17 91 174 123 88 150 153 48 113 172 17 10 188 175 3 143 26 109 53 113 171 180 186 174 58 124 133 61 41 173 132 5 131 11 12 163 174 157 99 142 189 192 6 27 40 42 44 146 105 94 62
82 75 133 56 199 37 134 138 82 47 38 40 48 57 7 56 118 160 10 106 176 11 198 31 117 192 166 99 65 194 191 30 103 70 59 159 166 143 167 140 13 111 116 164 110 23 189 85 138 96 135 116 54 42 63 150 195 150 3 7 121 82 160 155 28 147 61 147 143 182
187 69 171 50 136 153 14 95 49 159 161 15 137 12 54 49 63 155 81 178 129 170 93 83 168 200 148 186 78 83 71 30 85 30 79 154 152 109 34 129 187 136 3 176 15 158 77 40 52 146 55 169 86 145 7 112 46 126 112 176 65 122 19 25 200 145 88 37 157 108
55 79 94 157 82 91 177 90 175 131 12 60 75 195 74 89 1 47 142 168 157 106 80 84 134 115 39 3 58 178 50 50 16 148 186 176 121 23 176 49 149 56 25 71 132 60 102 21 17 43 74 65 42 160 174 173 163 62 127 138 142 47 106 116 156 136 73 31 161 36
64 171 15 61 141 16 103 120 113 136 136 170 67 161 112 189 75 96 41 114 14 85 107 180 62 112 152 128 87 67 94 107 65 159 187 37 132 60 122 129 16 98 69 196 130 180 114 160 67 69 68 190 138 110 116 33 82 116 89 137 90 164 45 152 198 146 127 21 101 69
154 146 14 113 87 92 156 142 173 151 51 123 8 147 132 59 99 140 66 38 107 63 101 59 132 52 166 159 123 196 99 119 108 110 140 17 173 74 9 85 186 44 112 126 61 195 51 34 29 7 173 54 132 191 53 70 87 200 70 73 40 38 196 166 40 48 153 126 88 186
158 158 80 5 114 184 81 160 173 153 141 37 13 172 162 160 9 27 53 163 81 184 186 40 189 33 12 67 35 116 124 22 1 61 94 10 36 157 111 94 78 72 9 118 180 78 11 186 186 185 186 74 123 103 123 34 154 198 22 57 112 37 20 92 177 24 122 178 73 25
49 74 97 51 118 142 32 188 53 144 106 68 147 45 137 2 111 60 27 43 153 174 77 102 153 121 51 62 146 6 23 153 70 55 103 12 64 90 144 128 59 69 101 134 56 61 105 14 16 88 97 53 190 77 30 78 42 82 33 131 190 75 53 181 23 119 157 109 87 85
40 57 74 61 79 151 143 18 92 83 178 130 75 102 136 59 98 148 121 71 195 176 122 167 69 111 56 138 29 9 104 103 102 128 154 189 124 101 133 80 105 146 20 106 141 81 46 177 152 44 132 166 115 44 108 138 57 143 193 168 94 172 113 91 36 6 18 88 136 113
50 169 97 96 65 81 83 153 68 24 23 129 85 153 7 4 61 123 136 92 200 15 51 20 2 81 165 108 9 80 127 126 133 34 143 53 45 179 21 69 2 111 86 196 181 79 66 56 184 162 69 175 120 80 94 81 122 96 105 8 74 21 177 190 190 72 19 192 92 129
193 139 82 10 121 147 44 126 58 182 152 140 68 73 167 51 171 135 24 89 77 51 170 19 31 179 15 126 30 184 166 60 23 172 26 37 162 6 84 45 119 69 152 77 12 127 121 24 147 89 199 71 9 141 32 100 82 129 88 8 193 49 164 191 122 78 128 57 39 52
127 127 59 44 97 191 75 152 164 163 160 49 84 71 11 75 97 194 14 148 139 120 11 14 100 73 101 101 163 129 68 59 162 101 120 165 98 67 55 146 52 39 126 112 11 36 4 162 99 185 151 62 60 3 162 43 133 152 69 26 32 191 52 129 48 11 190 110 73 93
112 167 108 107 67 31 14 39 12 65 155 191 164 115 155 126 148 74 28 30 135 106 73 118 83 58 102 68 169 62 14 141 146 21 181 98 7 116 20 63 17 117 21 190 74 28 15 174 121 19 98 85 119 194 176 4 26 72 48 177 124 134 55 172 8 39 186 153 8 96
24 146 196 63 106 185 65 88 32 43 190 182 198 47 117 119 93 84 36 177 128 132 92 101 70 136 93 192 57 55 16 93 146 84 6 89 63 77 145 42 114 25 13 149 78 142 23 71 73 150 112 52 110 30 27 97 66 85 26 76 34 97 137 152 18 99 200 12 133 8
129 42 4 114 20 24 148 27 176 49 53 61 33 56 151 106 155 20 117 91 125 161 97 53 180 137 148 65 21 75 76 7 105 162 5 3 39 108 75 51 47 153 88 103 37 2 145 59 40 124 181 8 99 119 158 67 45 122 196 131 88 30 194 179 106 155 2 112 2 18
155 81 33 3 62 135 165 182 69 95 195 16 50 135 132 133 7 165 49 141 39 162 129 197 92 190 192 4 35 185 104 144 90 133 185 48 137 36 28 31 114 53 171 62 54 101 50 111 150 37 4 161 4 114 198 169 164 79 164 85 68 92 95 3 142 75 24 179 117 14
117 34 175 55 165 135 171 177 20 57 145 86 156 162 87 73 131 7 35 105 170 19 57 106 154 74 11 192 86 75 91 102 143 38 7 20 120 73 100 60 5 107 153 60 38 194 155 178 109 60 129 191 149 84 4 3 152 121 172 57 106 35 115 152 12 184 166 49 48 45
118 85 135 10 5 78 55 149 194 122 145 47 50 82 174 161 191 48 82 4 96 76 103 111 13 85 22 15 55 186 195 151 177 162 108 194 115 127 38 37 74 20 62 65 12 98 159 76 166 185 88 52 127 181 4 44 175 177 82 128 14 38 175 106 196 124 138 134 121 83
20 60 60 87 194 114 85 71 190 178 61 9 148 41 199 13 197 135 6 73 193 199 40 195 41 35 86 159 28 159 92 137 101 124 146 181 13 170 199 10 2 93 102 148 31 138 75 21 70 37 34 87 33 39 178 115 152 69 112 192 144 175 162 7 124 86 26 169 138 147
34 147 173 159 157 125 52 50 151 83 154 24 99 176 7 107 11 165 95 82 181 164 120 27 61 156 46 23 133 18 200 137 60 118 131 81 200 159 190 36 54 133 184 86 38 184 40 7 14 55 166 47 83 50 151 69 102 108 141 39 193 106 35 70 16 65 49 199 9 156
29 191 36 116 20 46 20 137 103 182 40 168 23 182 85 10 149 94 23 173 154 92 30 184 67 172 13 135 88 61 173 182 99 115 53 25 178 87 195 95 136 160 176 145 173 178 126 13 61 101 71 63 155 60 128 152 197 191 100 111 174 45 2 152 188 24 63 35 60 147
123 78 28 113 149 171 45 181 163 196 63 71 151 50 60 67 95 140 79 15 101 84 86 175 139 124 106 95 135 103 76 156 114 17 121 52 89 1 55 76 2 179 22 46 117 35 45 122 70 85 5 133 53 146 83 142 114 90 155 77 135 76 200 162 100 179 122 4 11 73
27 41 73 36 84 49 88 75 60 153 146 125 112 142 53 182 162 139 52 141 6 54 14 79 93 77 191 33 186 133 170 171 148 123 167 119 189 10 74 164 19 151 31 184 174 55 121 16 150 60 105 107 46 21 126 17 15 127 168 116 109 68 46 182 105 20 92 21 20 92
53 182 186 60 198 35 80 171 68 24 108 40 44 126 150 142 112 44 60 140 45 152 191 170 19 126 146 26 52 85 121 169 119 159 34 89 142 47 7 181 27 127 138 63 40 65 183 105 155 64 194 80 137 10 23 180 24 14 170 181 78 63 104 141 64 78 181 157 115 147
79 173 194 96 150 3 174 80 101 170 144 144 170 27 42 117 118 197 113 78 30 89 192 180 9 39 179 141 116 195 15 173 62 113 36 80 76 66 157 148 47 186 98 84 47 13 172 62 10 20 55 86 128 75 18 21 177 179 54 166 118 19 171 124 31 127 77 163 183 180
90 98 77 115 84 28 192 56 163 119 94 126 114 174 197 5 74 27 141 47 51 120 36 163 31 60 17 79 183 17 199 59 6 28 195 196 3 22 165 144 84 119 168 132 88 157 199 132 165 19 184 59 22 46 88 173 84 200 77 34 121 77 115 48 48 134 200 109 65 71
2 70 36 6 68 76 135 85 24 162 35 72 4 37 37 193 58 38 63 25 62 69 79 157 199 98 24 36 107 16 103 59 117 9 192 102 174 39 159 27 34 6 8 170 70 43 28 164 101 15 96 66 66 23 183 41 22 91 28 93 162 34 127 74 50 40 78 28 5 189
183 55 82 121 154 144 23 126 13 121 75 42 149 73 56 22 96 110 64 103 180 55 109 3 174 12 171 110 101 166 19 135 163 61 171 50 131 26 181 96 92 94 63 14 153 38 146 14 142 26 35 54 192 100 11 72 55 179 188 117 88 111 55 135 39 123 41 116 84 70
81 38 29 1 179 76 160 118 15 166 120 178 68 79 190 112 61 35 155 94 142 76 173 58 12 139 200 185 131 61 198 61 150 134 166 137 100 81 97 38 99 142 18 28 113 80 100 44 67 33 103 73 179 89 115 15 56 156 170 95 44 153 61 57 113 67 27 109 74 50
79 159 64 159 56 140 167 5 74 66 4 8 142 166 113 155 75 80 184 172 181 6 188 96 46 192 192 41 110 140 57 173 151 200 153 149 167 66 3 183 117 70 131 169 151 188 187 57 59 97 98 144 47 30 181 109 86 67 130 23 84 73 8 188 165 41 153 109 81 12
195 64 154 69 47 31 49 73 159 134 177 8 139 16 130 139 153 162 25 11 86 49 120 54 117 43 156 24 20 111 33 71 20 58 152 92 26 162 197 199 125 128 154 109 104 45 54 118 135 119 89 45 59 70 165 5 162 168 27 153 15 126 79 143 37 33 32 9 196 34
191 122 11 58 175 100 6 165 44 106 73 89 80 161 30 164 100 52 35 113 144 159 50 126 113 61 42 18 24 116 103 110 174 170 175 70 94 50 148 121 198 104 195 163 127 98 3 79 185 96 135 146 13 136 80 153 13 160 174 96 166 38 106 126 182 181 95 179 131 137
161 61 91 162 23 85 126 106 140 3 100 35 140 118 181 44 36 22 43 34 194 166 174 49 164 165 191 151 166 151 149 49 148 149 57 3 185 154 163 122 184 21 192 185 160 10 45 127 199 95 199 76 105 49 71 177 145 115 48 76 84 49 6 139 5 152 28 178 101 198
154 156 89 151 185 88 82 68 196 133 84 39 155 131 185 9 123 42 63 65 39 165 81 54 86 77 124 71 127 56 157 10 55 92 35 144 146 23 117 6 120 179 108 185 160 84 34 5 104 108 39 178 140 152 32 78 197 71 115 139 151 60 57 69 26 107 93 92 171 186
99 78 164 37 162 98 154 194 174 51 106 38 84 155 85 168 6 54 168 157 23 107 98 94 100 151 105 121 45 27 171 37 115 86 153 41 46 105 1 111 111 167 90 121 97 199 156 182 46 182 188 99 168 38 140 46 156 147 200 170 102 200 113 192 131 19 81 164 80 103
168 106 156 85 120 79 123 144 30 124 139 19 42 67 78 24 155 169 128 62 105 4 133 165 162 162 133 138 74 42 121 199 127 84 60 75 118 196 186 111 182 57 78 195 26 75 40 107 139 144 6 197 45 46 7 75 151 180 11 42 54 25 177 192 194 101 26 25 38 188
141 53 19 14 149 27 189 86 40 103 56 117 27 171 63 54 72 193 85 114 57 109 76 23 89 34 199 82 112 86 150 200 130 165 105 101 65 76 96 16 173 30 171 156 84 59 47 169 36 119 164 16 61 139 101 75 158 121 127 19 61 176 50 96 2 19 53 63 122 177
107 88 115 118 163 41 193 66 6 56 180 95 114 88 106 196 34 144 92 132 65 66 30 151 32 97 119 116 13 35 117 156 64 104 5 35 147 142 171 171 138 9 7 62 191 138 179 68 14 81 96 26 88 63 14 197 25 75 22 85 156 31 180 124 64 120 56 153 115 68
156 162 131 22 153 144 3 141 99 127 89 53 114 176 56 158 151 14 55 75 83 52 44 117 75 66 145 172 82 186 154 149 80 92 100 38 4 17 152 44 82 37 156 138 55 99 111 45 52 168 105 50 123 152 146 194 142 150 38 17 181 72 85 177 22 61 43 1 184 16
46 87 153 117 101 33 94 60 12 7 166 179 126 91 90 183 114 73 126 87 152 194 55 164 172 115 120 42 72 93 35 94 165 141 71 172 42 33 83 134 197 90 124 101 63 136 84 193 55 97 167 177 167 135 123 172 167 54 46 200 48 77 139 65 86 1 194 78 155 2
36 27 182 139 132 30 159 66 49 174 55 120 107 185 80 8 150 47 38 193 7 85 156 126 92 197 154 98 200 28 66 70 29 19 43 150 75 134 71 107 45 34 62 23 35 128 122 65 143 79 26 184 24 125 92 58 20 99 179 16 144 83 194 91 104 64 53 171 145 22
63 42 195 18 156 14 59 165 105 155 149 197 14 179 104 48 169 16 185 117 149 110 18 84 173 78 87 25 143 187 107 80 154 111 17 126 174 5 10 191 22 180 27 136 177 120 18 89 94 93 102 99 176 161 22 186 63 193 146 114 105 184 35 62 95 73 185 124 57 97
144 18 105 60 87 183 51 193 109 192 80 16 188 199 140 196 34 138 96 184 113 11 88 11 26 7 104 20 174 31 95 72 17 163 46 135 121 97 80 196 96 154 156 90 51 94 112 140 163 200 111 148 17 191 38 100 21 48 143 36 190 27 195 64 87 167 156 121 198 103
60 75 88 128 14 29 55 168 44 126 160 73 87 47 40 189 118 177 162 84 82 14 96 105 63 85 30 173 176 45 90 157 97 1 51 7 79 16 183 153 22 104 53 145 48 138 103 11 95 62 165 170 101 80 1 67 130 163 169 49 21 119 195 105 149 12 9 191 107 29
152 40 42 94 77 143 180 184 182 157 148 159 162 175 195 121 141 181 166 149 12 104 88 56 99 187 12 40 144 158 108 97 80 154 165 184 74 55 128 182 119 117 182 2 144 111 170 172 8 91 61 70 133 185 158 5 70 62 65 38 93 197 103 139 199 199 194 26 88 109
39 106 24 60 98 64 196 118 152 22 104 141 113 16 131 163 24 87 64 190 50 68 170 12 8 86 3 15 182 3 143 103 29 199 53 184 114 82 164 162 101 166 164 90 130 71 169 72 15 149 78 194 80 68 48 34 191 77 185 98 53 117 43 19 132 23 5 94 18 40
200 46 88 100 59 142 82 9 179 110 1 145 190 67 70 171 117 145 162 99 19 39 122 88 12 23 173 84 65 17 51 8 80 87 109 13 187 173 131 24 52 177 124 67 136 170 14 33 62 145 7 129 148 36 78 31 178 93 186 82 42 63 13 109 167 103 142 182 84 183
100 52 43 107 74 95 111 126 7 140 37 60 131 174 9 84 164 112 55 106 109 17 62 68 74 59 109 73 17 141 27 87 122 84 195 126 104 104 65 173 118 21 199 76 95 107 15 149 176 194 149 40 139 197 200 187 159 72 172 133 31 153 123 24 10 74 130 35 8 157
30 162 181 105 200 152 44 140 58 79 57 12 139 158 51 127 117 8 150 71 194 22 91 67 114 183 56 193 77 187 185 2 72 117 37 155 171 171 156 66 49 55 116 24 108 108 138 137 1 73 149 100 169 82 69 180 9 133 165 177 10 162 114 60 14 24 178 88 179 43
52 196 101 185 77 122 68 105 125 137 141 174 144 125 83 116 8 113 196 37 59 8 122 39 191 7 28 21 143 133 101 142 81 114 61 22 53 162 86 21 35 107 101 28 139 123 117 137 89 134 178 132 62 78 7 106 108 110 165 190 55 187 93 13 121 160 160 128 181 125
187 163 64 63 195 155 140 132 190 105 77 14 85 7 1 77 79 165 23 146 45 107 119 108 99 112 104 166 87 89 39 31 53 168 108 158 180 73 169 14 174 51 67 110 47 160 159 25 134 92 172 130 42 197 144 66 153 130 74 189 163 167 157 60 59 161 172 170 170 75
39 55 140 149 10 198 103 77 149 12 25 137 186 86 28 105 184 166 54 26 196 192 84 184 89 19 186 56 90 166 157 4 142 151 83 152 104 4 159 39 3 154 27 42 10 52 111 81 193 35 155 112 122 27 149 128 36 17 121 59 152 55 96 163 140 73 28 71 155 186
171 104 132 34 186 70 46 8 28 41 26 182 38 163 56 23 19 56 160 136 66 7 177 33 12 60 149 155 165 123 39 160 95 136 121 68 158 20 184 37 109 137 158 39 200 79 105 194 49 189 136 1 191 1 11 59 98 123 3 85 138 80 128 113 2 184 65 99 147 145
66 57 42 78 9 82 14 127 200 34 163 61 152 192 75 16 3 17 87 106 8 171 103 23 157 181 168 182 127 59 106 37 180 136 28 194 188 145 200 170 121 107 194 2 151 69 135 7 95 80 132 125 170 146 16 189 161 109 178 71 116 108 15 187 16 46 159 87 24 83
138 155 77 105 76 200 172 130 78 19 115 176 49 188 166 106 80 21 179 49 86 175 167 183 114 48 106 24 78 89 105 78 147 55 158 101 183 78 1 168 159 103 57 72 27 101 158 160 146 69 80 167 67 187 162 186 180 177 43 197 9 161 132 25 29 138 178 22 88 145
38 199 108 27 43 94 24 188 144 43 100 82 184 80 133 160 138 5 109 129 164 95 157 110 157 6 183 184 194 17 116 175 23 56 158 39 77 3 191 114 63 200 63 134 34 116 138 108 52 101 82 169 199 192 24 195 120 67 81 65 163 8 130 39 142 192 4 71 100 39
165 68 121 96 138 57 77 42 179 148 104 83 74 199 191 129 133 199 117 179 50 180 74 16 106 49 196 191 88 67 57 50 15 199 143 25 163 83 105 128 21 186 37 5 77 47 108 34 162 4 35 192 89 177 120 17 72 87 12 30 65 43 26 125 38 26 95 178 71 83
174 79 146 53 24 146 133 86 6 10 60 117 146 70 188 126 131 192 89 167 15 94 136 41 1 35 69 200 183 97 156 164 133 182 33 131 189 107 63 135 10 66 66 139 135 184 99 91 115 131 26 168 184 159 11 66 111 178 45 39 86 200 194 23 88 74 50 192 1 137
179 53 71 39 95 120 105 183 20 44 139 133 89 149 61 119 76 70 11 178 1 98 50 42 23 23 170 138 107 131 93 173 103 8 143 1 120 113 17 112 33 24 99 61 79 149 167 50 19 142 179 60 92 150 76 119 101 188 142 115 185 60 10 133 76 6 121 155 140 2
96 26 168 191 62 163 60 137 149 18 48 168 92 58 199 95 175 46 162 138 54 161 102 27 118 40 81 132 43 26 1 83 15 79 15 94 111 2 14 9 54 144 194 157 72 135 166 92 162 194 110 34 8 99 58 58 153 36 20 192 165 128 93 27 130 34 125 7 156 162
1 133 45 152 9 160 123 171 78 145 193 89 137 4 103 37 130 56 122 121 179 47 15 38 8 101 35 76 78 61 55 132 188 146 156 197 135 58 145 84 95 57 149 38 105 33 102 153 93 116 88 64 41 118 124 19 197 127 185 127 85 132 107 9 194 61 48 136 175 18
77 33 64 92 39 155 127 175 54 76 164 58 174 54 59 62 174 3 65 111 7 113 12 82 104 23 157 88 160 24 171 59 115 51 167 144 43 58 83 4 92 135 27 115 163 194 81 141 154 43 145 17 18 92 60 86 61 68 107 110 145 136 11 103 91 70 178 134 26 25
127 10 190 40 132 180 107 71 145 139 61 92 156 53 115 24 33 62 112 34 78 90 190 49 81 158 155 143 135 145 159 178 109 10 9 142 175 19 55 155 118 43 119 197 176 94 37 19 107 144 70 124 116 10 36 130 131 128 69 32 156 147 75 74 145 105 31 107 66 193
23 7 118 169 84 22 107 50 166 200 126 42 175 63 196 61 80 91 145 142 21 12 115 92 5 155 61 160 56 161 164 170 142 118 197 9 180 26 183 81 187 193 22 175 130 117 16 130 146 136 188 170 141 41 103 200 61 198 16 28 16 41 119 111 186 23 138 107 82 51
128 61 155 107 144 123 77 139 61 103 84 12 32 14 200 169 65 190 104 2 60 164 167 140 123 106 198 46 148 196 84 175 162 158 12 122 131 52 127 92 114 194 121 58 64 130 7 115 67 27 139 57 89 24 8 76 79 198 32 1 60 36 160 105 3 111 193 78 162 138
15 153 178 21 88 102 48 95 114 67 111 112 67 147 9 77 130 145 157 187 131 51 162 137 56 121 131 196 83 196 89 99 157 146 23 71 73 60 86 158 137 196 65 175 60 140 84 54 181 11 17 134 194 185 71 162 116 40 200 135 6 15 116 22 68 104 197 191 1 77
194 40 24 61 74 29 14 34 26 78 117 5 60 61 186 118 199 191 134 2 71 36 108 92 19 134 100 30 89 32 189 71 169 2 132 113 79 1 113 140 8 133 78 136 159 160 114 109 9 191 18 17 66 164 94 166 175 53 173 33 17 170 57 46 63 155 49 38 186 38
