50 	
47	99
1	50	2	2012	6	
0	48	8	684	8	
0	97	2	1986	1	
1	40	2	408	8	
1	35	9	381	9	
0	50	9	1471	6	
0	26	9	2270	7	
1	31	1	758	9	
1	9	8	956	8	
0	61	8	1200	7	
0	74	1	2989	5	
1	89	3	2311	3	
1	38	5	2397	8	
1	4	7	2380	3	
0	69	7	2750	6	
1	42	9	174	1	
0	91	9	1244	9	
0	48	2	2630	8	
1	86	4	2872	1	
0	7	9	1941	4	
0	7	5	1364	9	
0	72	2	332	4	
0	3	9	1286	4	
1	8	4	1150	2	
1	23	4	2369	2	
0	73	7	780	2	
0	15	5	3338	7	
0	27	1	1829	6	
1	13	7	151	9	
0	33	3	812	3	
1	42	5	2504	8	
0	47	7	23	5	
1	44	8	2607	6	
0	46	6	2673	3	
1	38	3	916	4	
0	67	1	3099	2	
0	14	9	651	5	
1	83	7	2122	1	
0	75	2	2574	2	
0	60	4	346	5	
1	77	4	1801	1	
1	14	7	3098	4	
1	72	8	2343	4	
0	39	6	3220	5	
0	19	3	2438	1	
0	56	6	1878	6	
1	26	3	3198	3	
0	14	2	2622	2	
1	88	1	858	5	
0	84	2	2555	8	
170 190 69 33 68 189 93 184 49 32 159 20 91 122 51 183 28 185 74 140 175 22 191 120 59 43 67 166 72 164 44 104 146 188 106 80 79 102 19 150 31 141 110 72 44 15 174 9 115 179
16 177 168 43 98 161 170 112 11 196 178 144 2 54 155 89 165 18 47 94 51 58 69 54 21 70 198 11 61 147 30 177 10 131 185 199 48 184 55 83 124 75 112 5 194 183 38 176 86 54
145 30 65 159 71 26 120 193 148 20 97 190 187 87 163 176 140 117 25 68 184 85 92 108 88 128 178 129 59 196 195 117 176 192 22 33 55 6 169 163 40 42 53 1 146 168 78 135 43 147
184 23 187 51 85 34 148 10 27 77 85 46 29 76 179 34 50 71 35 126 33 39 187 83 139 78 48 171 160 58 163 96 107 191 55 96 180 190 73 61 58 130 149 119 45 64 47 92 108 96
55 69 108 115 120 134 142 197 118 105 178 75 42 66 162 94 93 192 113 186 111 148 178 148 65 151 26 32 18 123 147 187 183 21 23 114 117 92 126 37 195 84 86 129 97 41 135 43 48 132
123 96 83 57 32 77 78 91 91 175 63 100 198 190 90 72 52 61 113 52 154 164 188 2 41 199 22 133 156 43 25 92 122 28 53 131 51 80 59 90 115 41 64 173 75 165 132 128 199 46
131 27 15 178 89 172 200 100 76 17 184 143 75 198 168 170 76 149 166 15 119 94 52 80 119 132 190 122 67 172 129 31 28 35 133 60 5 170 4 101 147 190 132 145 188 123 60 122 51 156
123 110 87 78 158 7 186 189 155 76 168 58 175 129 69 4 51 113 16 174 25 182 109 155 114 27 14 76 2 53 105 148 108 68 114 80 122 75 3 40 76 133 181 100 98 44 182 136 151 11
55 155 162 168 143 97 65 100 102 92 162 200 197 14 41 36 139 50 110 88 118 14 120 84 135 199 198 27 38 166 117 35 75 162 179 81 6 11 92 72 135 35 39 84 23 115 70 194 137 77
56 183 116 140 29 96 8 1 194 110 183 38 41 180 31 107 108 87 111 133 117 93 59 109 84 86 13 188 77 53 125 116 64 73 32 61 149 73 168 22 68 111 19 181 177 94 165 77 10 174
182 137 61 94 124 9 86 161 32 140 120 34 94 122 16 9 39 13 162 73 119 10 69 46 107 196 35 120 17 154 52 60 191 157 193 187 163 184 88 181 125 67 136 140 85 117 19 43 136 91
131 149 13 173 190 89 105 191 138 177 138 63 136 91 86 97 80 172 40 76 181 74 200 19 85 103 138 96 200 171 66 135 195 11 24 76 67 189 95 2 94 136 106 12 70 172 188 83 11 44
91 197 1 97 90 183 92 33 23 125 183 99 166 135 159 27 50 119 141 21 4 50 7 159 154 173 141 162 190 121 21 116 163 119 70 45 151 85 158 59 102 195 56 41 184 91 177 43 23 194
81 3 48 107 36 95 160 94 152 38 181 155 195 76 16 186 125 195 50 187 104 61 102 102 99 86 51 102 188 43 83 104 87 66 56 89 91 119 9 115 199 55 134 121 116 97 190 87 90 127
106 109 107 180 47 11 178 17 112 69 80 102 166 105 190 60 39 151 47 191 61 163 69 158 97 196 74 20 38 68 55 154 141 159 103 163 163 37 160 144 104 137 53 147 27 28 155 34 57 115
194 189 22 148 185 129 68 188 33 8 150 79 145 135 170 182 70 76 77 44 183 32 175 101 184 154 59 94 117 174 116 100 89 171 199 63 55 93 116 150 181 125 98 27 104 191 114 12 55 39
67 90 183 93 27 69 135 192 173 65 165 12 153 28 196 113 32 184 169 182 65 114 174 147 100 107 66 131 20 57 120 151 5 137 35 9 34 44 154 147 39 22 56 44 56 160 79 75 14 61
49 120 159 140 39 76 133 26 74 43 197 135 181 170 25 190 104 4 43 36 196 4 36 87 151 17 122 199 153 42 127 101 192 89 157 7 91 98 118 49 92 50 82 35 7 153 124 132 170 110
87 190 195 65 54 22 142 114 177 9 149 76 137 48 123 150 178 42 71 134 198 98 33 81 63 47 16 11 24 96 84 50 130 98 107 91 194 185 4 143 16 4 60 183 159 164 155 164 118 104
100 161 53 73 38 51 21 73 44 122 69 53 44 167 106 179 109 147 161 98 134 82 100 162 29 95 171 86 102 47 26 129 13 148 169 150 10 26 176 37 73 81 28 64 77 107 14 132 20 51
88 170 188 106 126 34 183 15 21 76 41 24 156 180 49 11 89 50 40 195 108 197 66 105 84 122 16 175 89 61 18 100 54 185 200 14 111 2 127 75 71 70 51 63 43 33 129 114 74 199
44 108 79 57 47 25 177 37 168 36 145 166 104 104 186 167 126 127 139 116 40 170 130 46 49 121 51 111 45 168 123 28 67 9 11 141 173 120 189 21 44 39 152 71 116 17 168 188 157 121
129 185 186 194 52 188 101 41 32 10 56 14 66 147 56 41 158 169 48 128 99 27 13 163 189 40 13 124 39 105 94 71 1 104 26 138 68 129 43 90 163 11 71 67 97 114 116 46 1 45
188 39 128 114 41 38 76 151 73 25 8 198 170 133 159 141 90 183 25 99 92 58 168 69 110 155 149 128 177 41 2 195 74 169 76 196 106 144 175 12 34 135 47 74 3 155 9 39 32 24
80 3 145 189 45 41 70 158 5 98 175 140 123 90 129 162 23 9 157 190 21 121 190 106 193 81 69 169 75 53 26 117 71 161 163 154 39 112 154 82 110 54 49 59 117 101 120 183 104 138
87 35 107 199 77 12 83 83 22 14 26 86 136 76 73 84 167 28 109 65 151 26 43 79 10 69 128 106 44 162 196 111 36 29 75 30 87 152 100 118 131 84 84 72 2 44 179 177 29 2
154 74 17 67 163 184 122 113 112 107 193 92 186 127 107 192 198 45 172 79 1 142 170 123 123 150 130 55 140 141 143 36 50 8 1 99 191 124 17 164 185 147 105 66 94 34 90 187 136 81
84 15 52 14 197 173 66 42 195 77 62 124 155 129 12 76 85 51 47 123 77 40 51 87 55 132 32 45 107 54 20 62 40 101 19 4 98 118 170 140 105 153 52 76 176 62 166 100 78 109
26 197 56 144 28 111 77 103 53 38 18 143 147 101 147 73 199 99 163 1 110 1 109 185 87 142 164 185 183 112 166 75 66 177 154 25 21 77 20 193 183 122 144 145 32 61 59 6 136 59
81 195 174 178 136 41 16 101 182 119 125 127 17 195 144 31 123 66 78 146 184 33 144 192 198 171 182 44 147 2 185 83 26 138 60 99 175 88 10 69 60 181 141 56 79 68 155 158 116 108
71 5 45 3 35 79 37 136 33 157 71 133 112 84 40 47 28 178 162 128 104 153 49 105 13 9 84 91 17 124 92 25 157 200 16 78 110 17 5 186 56 113 190 99 20 71 168 38 25 179
200 115 157 61 56 186 80 124 89 54 42 156 19 34 182 86 151 100 33 133 163 133 69 148 81 97 182 83 171 30 136 96 73 104 15 174 142 8 155 98 143 144 141 46 37 125 193 41 134 139
154 142 12 14 59 193 93 103 44 62 170 46 90 69 77 142 93 160 161 199 12 64 24 56 197 197 46 31 25 184 104 109 143 164 24 107 190 111 23 73 49 164 106 102 113 4 104 108 91 38
186 105 111 102 166 54 168 68 105 185 26 95 187 15 26 170 12 197 45 55 91 61 20 123 126 144 11 176 86 14 147 81 199 110 189 105 63 35 76 44 199 155 98 45 71 176 170 81 81 77
139 93 185 87 86 192 87 176 41 61 193 184 94 6 104 157 55 183 35 168 84 162 47 31 183 1 132 98 153 165 167 71 107 30 28 163 196 65 187 194 53 182 167 200 73 15 126 191 102 126
55 133 199 172 185 177 15 166 153 158 135 108 197 97 33 23 153 112 159 160 198 146 70 16 134 47 103 189 21 129 51 34 111 35 157 177 175 17 122 154 196 95 23 186 109 38 53 21 107 172
93 117 93 49 151 124 78 168 160 184 31 76 87 166 193 145 5 39 90 92 91 82 163 29 198 190 195 70 94 76 64 87 26 22 29 49 27 77 173 136 122 122 92 53 200 44 179 73 189 159
82 22 41 157 181 21 61 132 81 119 97 133 139 48 122 198 16 76 62 147 41 189 167 45 103 118 75 70 12 91 183 59 78 158 105 74 160 193 6 61 107 199 55 22 18 28 148 109 84 103
182 34 118 130 94 39 103 166 39 148 11 147 171 180 91 164 44 120 191 96 94 140 71 132 35 155 137 90 112 167 161 77 196 37 48 43 102 81 151 192 31 38 5 200 36 154 102 106 124 21
83 144 123 4 173 135 164 114 82 189 37 150 179 77 111 104 8 162 77 80 184 31 43 110 92 151 179 114 165 81 83 79 178 171 126 21 41 48 20 32 23 107 157 1 165 89 38 122 85 130
74 88 89 114 147 72 122 14 65 171 109 10 6 33 84 98 43 185 46 70 31 86 80 92 79 175 173 84 78 62 157 27 124 168 117 42 196 19 171 167 82 150 122 11 106 187 80 110 198 63
147 134 170 125 183 160 27 151 57 51 138 3 67 97 97 123 30 41 17 122 59 90 104 14 143 74 189 171 63 39 161 68 27 130 168 191 26 120 196 183 1 175 59 71 162 60 79 175 170 190
35 114 105 189 54 33 184 5 136 76 194 9 173 196 172 155 81 179 134 167 121 71 16 18 10 181 34 187 116 144 19 180 48 126 8 121 131 198 194 79 175 180 32 150 29 158 171 44 108 60
135 110 190 3 151 105 191 111 197 157 154 70 80 7 73 146 87 54 152 48 136 27 68 84 9 109 88 144 67 50 120 20 183 94 6 9 120 191 148 103 115 118 48 51 93 33 3 140 1 107
88 99 142 70 113 150 139 48 35 117 43 62 125 15 29 45 115 119 86 56 117 48 55 147 110 90 189 42 184 119 131 150 79 68 189 60 52 43 61 21 32 21 31 66 54 85 80 40 37 180
187 97 40 81 111 49 35 93 12 50 59 169 74 155 162 61 185 70 69 175 63 70 15 18 136 68 150 150 95 94 81 165 21 179 122 45 105 175 148 130 2 7 187 60 5 108 87 198 184 80
112 190 124 30 43 80 81 142 63 14 6 102 13 119 138 79 144 108 109 200 91 52 184 15 77 162 138 124 178 155 83 115 14 2 72 3 57 175 189 71 160 182 121 53 27 148 148 59 127 6
74 84 124 14 82 126 33 120 183 16 70 98 28 189 27 66 37 90 145 50 44 62 154 137 30 68 21 57 53 151 61 143 145 81 81 188 136 34 35 9 126 112 23 82 119 191 146 77 178 63
37 54 58 110 21 166 15 134 65 168 91 40 101 125 95 84 181 83 137 6 4 23 73 142 9 200 9 180 85 9 10 177 5 114 186 31 169 107 181 47 84 165 122 191 141 159 112 157 58 71
153 145 10 144 10 196 87 106 115 145 198 189 100 86 50 194 72 7 58 23 105 71 105 138 45 83 141 200 139 165 102 25 102 1 7 112 43 87 94 37 68 200 145 181 34 126 190 10 194 164
87 127 74 120 139 146 42 16 66 75 142 170 102 77 136 122 19 184 49 106 134 97 114 20 59 31 178 42 180 137 194 128 80 50 28 20 34 87 10 136 130 50 138 32 30 83 114 189 32 9
