70 	
3	12
1	9	3	2033	6	
0	34	7	1902	5	
1	12	2	1160	5	
1	6	1	3621	7	
0	46	3	47	2	
0	98	9	3651	2	
0	22	8	3986	8	
1	57	6	2522	8	
0	50	1	2370	1	
1	70	4	3632	9	
1	88	8	1329	8	
1	7	4	2837	3	
1	42	8	1083	3	
1	15	3	195	1	
0	79	5	1169	4	
1	31	6	1741	8	
1	83	8	458	4	
1	17	4	2595	1	
0	56	2	1381	7	
1	22	8	2711	1	
1	32	1	2229	7	
1	71	2	2808	7	
0	25	6	87	3	
0	54	3	3019	7	
1	19	8	2337	9	
0	48	3	1506	5	
0	6	5	3939	7	
0	30	6	3759	5	
1	16	7	1620	6	
0	63	6	1011	2	
1	10	7	1841	2	
0	69	8	837	1	
0	38	9	1448	9	
1	90	9	1467	9	
1	3	6	446	5	
1	73	7	452	5	
1	45	3	3879	1	
1	9	9	3823	3	
0	42	4	3298	7	
1	36	9	3020	7	
1	3	4	536	5	
1	34	3	1515	4	
0	72	2	3827	5	
1	7	5	173	8	
1	66	4	376	2	
0	34	2	3578	7	
1	63	6	1311	6	
0	6	3	587	8	
0	35	4	1608	6	
0	71	4	3814	1	
0	68	9	1974	4	
1	87	9	2123	1	
1	50	5	1379	5	
0	73	9	2188	6	
1	8	7	680	2	
0	36	6	2773	6	
0	90	2	3171	5	
0	75	6	1458	3	
0	28	7	2790	7	
1	10	7	85	7	
0	12	7	19	2	
1	29	6	454	2	
0	58	4	1079	2	
0	25	7	3428	2	
0	21	3	2563	7	
1	29	4	1691	2	
0	18	5	2780	8	
0	61	7	2464	5	
0	8	3	1343	1	
0	52	7	2572	5	
33 197 25 3 23 145 76 133 102 191 81 164 164 165 103 191 164 185 71 93 47 142 13 84 55 194 164 97 54 54 177 60 75 187 90 144 114 120 8 59 171 86 171 116 57 57 101 71 186 40 180 14 59 63 3 80 28 142 19 102 139 121 151 125 36 172 4 77 73 154
85 97 19 171 182 174 120 48 129 119 120 188 174 104 48 67 124 158 70 29 141 190 109 129 168 124 48 2 138 22 139 39 2 173 70 194 197 162 16 33 129 24 71 181 50 6 124 51 131 193 162 28 173 156 128 77 57 152 168 124 176 127 162 152 166 62 142 88 179 107
200 175 48 185 53 55 38 166 150 196 140 72 100 66 129 62 163 148 67 157 63 43 190 149 21 153 118 196 177 59 129 144 87 140 117 90 189 30 57 151 167 180 30 125 174 38 179 141 156 83 87 199 82 64 196 120 158 65 10 154 82 4 96 194 86 53 90 71 119 77
18 133 106 76 119 147 29 175 8 25 95 62 139 125 104 137 138 132 164 86 147 18 78 178 126 167 146 16 33 64 189 69 162 180 63 187 171 152 16 194 114 99 75 56 130 47 134 3 129 61 154 88 151 144 25 140 183 200 176 32 49 155 57 160 95 199 158 68 60 69
48 71 19 17 8 61 165 180 153 172 69 151 178 59 40 127 129 124 41 172 128 192 118 29 60 86 60 24 68 77 189 178 65 51 9 141 74 165 184 114 59 38 59 140 87 44 7 61 97 30 95 156 143 14 131 141 94 117 36 133 21 69 11 28 193 190 106 89 88 133
5 47 68 11 136 79 138 153 57 120 85 169 72 19 159 115 22 137 73 3 68 44 159 191 128 74 27 80 163 29 122 198 179 95 107 142 159 194 63 159 121 86 186 52 153 148 20 146 123 90 79 124 35 86 68 27 157 134 26 156 172 152 37 173 96 103 145 27 121 52
29 125 13 143 25 59 104 90 34 95 123 39 141 140 115 149 139 73 9 161 109 180 49 61 155 181 150 31 174 156 56 40 62 104 103 162 193 31 136 154 11 59 173 51 39 117 68 9 93 181 57 141 136 172 9 86 66 16 140 186 60 115 33 115 20 76 126 135 113 147
13 167 26 163 121 190 128 47 144 163 157 191 68 142 185 121 82 158 179 46 188 71 127 68 95 20 179 189 107 135 47 169 170 177 81 182 54 94 65 154 136 56 163 84 189 74 144 144 67 22 8 12 12 140 18 192 174 191 86 137 132 173 177 148 117 19 99 65 80 175
87 97 90 194 13 11 187 133 126 118 112 96 141 149 183 69 132 164 129 50 167 83 65 200 55 200 64 70 63 52 192 112 65 36 45 92 72 149 118 187 144 43 77 53 138 98 30 97 82 97 122 22 96 147 98 72 68 159 65 48 129 23 118 61 5 41 113 153 83 147
63 33 154 22 121 142 141 42 169 184 19 53 40 95 167 189 45 53 49 159 170 29 34 78 49 5 69 93 143 106 16 124 82 133 49 65 138 97 185 54 39 163 28 138 176 140 50 115 113 162 124 22 28 11 46 113 77 160 93 6 177 43 135 188 84 4 191 161 93 26
187 80 2 87 54 1 150 48 94 81 1 63 51 122 6 12 168 9 71 118 32 187 114 70 9 21 67 196 157 93 51 59 106 46 191 71 141 34 160 154 12 61 103 148 49 126 17 98 144 190 21 170 83 159 182 28 6 177 150 143 114 104 33 170 81 199 184 100 36 22
192 68 58 23 177 101 22 121 193 91 87 114 32 180 157 96 172 94 119 193 189 160 95 66 25 102 58 97 98 66 179 38 100 31 46 181 186 176 153 84 141 77 152 117 19 82 47 196 129 51 83 50 61 56 196 167 92 77 158 17 150 126 34 141 6 12 23 72 71 21
87 109 166 135 149 102 136 71 37 94 66 139 120 171 81 41 186 130 39 107 168 147 60 17 162 135 75 158 97 71 197 173 124 34 46 66 197 8 186 8 56 8 122 47 70 195 73 200 52 85 96 138 84 131 97 144 110 179 105 73 90 84 159 15 94 114 189 51 86 167
120 50 105 78 98 84 147 199 88 158 66 43 140 24 19 89 58 84 23 191 4 103 155 100 94 11 199 88 55 73 196 158 156 135 31 127 101 48 197 51 190 28 167 69 91 79 125 6 55 131 19 158 189 40 99 136 146 125 27 137 86 41 8 42 47 166 152 20 102 113
81 34 124 165 143 127 85 67 1 65 191 52 63 100 125 20 180 146 73 65 64 109 94 45 148 117 200 64 152 162 61 122 188 102 62 193 42 108 151 139 138 47 63 15 173 38 56 63 70 110 164 104 178 197 115 198 171 167 162 41 91 4 65 151 45 107 18 139 67 43
169 17 130 148 161 190 110 121 158 132 182 43 22 39 112 6 145 180 103 91 187 53 20 49 22 46 20 68 152 194 105 110 199 67 84 154 69 47 122 141 137 175 105 15 125 184 90 39 78 139 16 146 57 23 15 188 156 66 56 61 171 9 132 90 44 128 173 2 72 116
161 112 76 96 137 136 50 19 168 140 156 71 5 185 109 136 33 136 8 16 177 84 66 72 58 87 126 90 199 2 160 197 95 154 14 138 195 108 152 92 179 113 171 92 149 111 84 64 31 42 173 18 31 40 88 153 163 72 142 101 90 107 172 199 77 89 127 14 182 48
8 175 127 155 122 26 4 158 79 150 164 10 147 53 91 199 112 37 196 15 79 80 178 197 49 158 121 88 110 174 57 183 8 133 14 142 138 101 172 90 140 67 8 42 97 81 132 186 60 59 89 98 67 83 114 9 142 84 200 169 191 52 39 146 197 32 35 182 197 93
86 114 61 106 189 41 165 85 173 86 107 65 107 22 48 150 50 80 188 162 16 128 69 156 199 99 7 130 4 45 114 89 61 82 150 113 47 125 16 3 170 99 63 168 27 140 47 116 71 165 147 139 155 186 179 199 55 119 27 178 185 159 186 154 90 90 93 180 11 61
67 128 196 174 152 103 61 199 145 52 71 48 187 18 13 24 51 98 145 31 116 103 39 148 79 16 9 95 91 62 52 1 38 98 147 194 106 11 41 95 169 164 86 82 179 3 154 129 55 47 98 112 48 55 87 123 124 122 127 145 86 129 2 1 43 26 162 159 140 153
95 125 107 132 26 124 65 187 110 101 70 149 56 150 6 1 78 162 58 144 87 117 97 64 72 55 134 200 59 37 60 103 51 103 114 96 116 96 154 50 176 28 124 174 44 177 199 157 54 61 48 137 122 170 197 54 134 123 40 59 174 171 44 3 123 78 106 72 186 21
141 195 149 137 30 10 24 65 185 21 49 77 62 194 47 104 109 50 182 20 107 124 24 16 118 72 199 111 135 60 144 104 199 149 164 26 108 122 167 66 4 22 83 179 184 162 144 92 34 4 85 93 145 132 20 174 154 156 64 117 122 150 144 101 69 195 47 1 90 193
78 58 1 184 96 4 184 100 125 75 3 21 72 61 158 71 103 55 69 117 40 97 24 181 46 63 24 17 122 89 83 91 69 136 169 156 107 6 47 150 20 111 172 96 167 165 83 82 8 190 89 192 21 29 151 132 164 123 177 77 168 126 95 182 82 85 126 171 28 151
61 17 183 16 33 94 51 148 173 110 146 164 94 147 163 168 61 16 33 113 198 185 164 59 2 181 70 30 55 70 119 136 143 84 35 4 122 111 81 24 137 181 57 96 16 24 180 46 68 149 126 124 29 39 86 13 60 136 82 172 144 108 97 190 67 130 51 113 163 4
43 88 85 104 72 150 61 79 1 40 109 200 184 23 90 152 57 50 124 29 77 19 148 61 87 128 95 43 38 28 48 103 186 40 95 57 168 2 82 42 77 101 189 166 186 32 96 98 165 52 192 96 77 83 31 194 60 125 173 93 173 86 46 140 177 98 17 30 155 105
194 162 15 17 195 52 160 51 107 95 30 143 80 121 117 5 84 19 53 160 170 166 90 147 38 16 164 14 122 80 65 65 187 59 160 77 167 195 90 31 117 116 116 197 38 130 75 38 130 76 154 60 5 3 64 43 167 120 57 34 143 37 149 44 30 47 147 32 133 50
71 58 85 165 54 191 143 199 133 134 23 147 171 35 125 39 23 113 191 75 144 129 48 49 29 108 51 54 94 151 157 31 76 115 160 111 145 118 68 176 26 200 167 112 76 5 116 74 21 6 85 73 134 154 62 190 107 16 14 20 12 28 190 122 120 73 187 171 74 122
185 94 106 17 46 68 88 72 140 49 181 108 1 179 147 47 90 199 63 9 194 93 76 110 165 52 129 69 190 142 98 100 69 111 113 159 200 83 82 148 54 17 198 112 3 25 11 56 120 171 158 168 107 54 145 132 66 152 34 56 59 141 12 126 51 11 111 88 18 100
162 182 128 164 38 139 77 2 65 184 99 72 116 44 134 152 163 174 187 98 45 141 197 58 195 195 11 132 16 126 171 165 125 152 101 179 150 169 70 71 94 79 179 131 85 51 109 191 29 167 108 133 153 117 166 18 172 127 111 59 97 132 21 95 141 92 32 46 89 48
108 59 138 5 28 177 181 194 43 151 198 100 168 162 56 98 3 60 15 108 192 51 97 199 48 147 168 130 97 181 162 139 78 11 102 45 2 170 47 115 15 173 126 180 128 121 49 56 178 152 95 66 84 9 6 41 55 143 57 106 191 31 153 81 5 198 167 39 39 82
158 8 36 77 2 130 110 103 31 33 106 155 112 187 116 38 165 56 194 59 88 184 56 183 65 115 183 136 186 79 99 20 20 129 8 13 112 92 194 144 151 105 27 171 70 182 107 147 177 103 123 43 43 18 140 193 107 158 179 3 45 26 94 60 31 53 60 140 192 144
96 170 140 33 15 141 45 182 108 173 16 28 97 173 41 125 190 40 141 191 27 190 104 6 59 122 161 168 125 114 166 15 82 153 63 140 80 130 37 194 166 199 147 164 68 170 170 140 88 148 142 46 116 98 139 155 136 171 162 169 126 9 28 192 165 102 135 103 27 142
196 131 66 155 183 148 175 14 14 181 20 188 159 153 156 142 9 65 38 48 107 151 178 179 62 69 132 7 196 26 31 194 25 90 44 194 84 77 157 58 187 104 79 184 99 34 29 57 164 66 52 169 52 98 198 174 34 138 189 161 162 63 172 90 57 38 90 113 177 106
60 36 171 61 113 118 126 63 23 145 85 64 127 16 62 61 1 59 16 74 104 168 166 71 145 43 37 166 163 181 107 137 128 197 41 64 66 165 105 76 119 143 184 120 13 123 32 163 46 119 92 110 25 150 127 11 11 65 140 63 91 167 12 41 77 49 192 30 177 44
72 198 133 24 151 1 159 63 109 139 189 164 38 190 184 29 6 158 1 134 159 89 188 15 15 109 94 69 156 130 154 178 62 29 68 43 142 1 183 26 179 35 158 190 185 186 51 82 144 193 1 148 24 182 170 47 11 46 130 68 170 152 126 190 105 75 33 183 68 152
163 73 34 90 80 81 162 1 188 99 28 152 11 24 161 116 79 198 156 85 141 176 69 8 81 116 73 66 80 150 179 68 174 156 154 165 94 192 44 176 19 16 39 176 134 78 181 187 122 31 53 193 7 173 194 25 95 133 180 194 18 134 13 19 62 15 110 101 58 119
67 140 61 65 103 54 158 34 139 73 81 139 25 52 197 155 52 21 138 118 31 114 48 166 200 60 9 60 145 200 105 196 193 9 114 144 128 136 113 138 180 91 100 141 8 55 46 49 2 63 89 71 175 12 77 134 52 102 49 199 19 174 71 131 1 83 105 12 47 124
121 101 200 80 131 122 147 105 126 166 196 95 90 182 49 169 12 32 167 114 48 134 72 58 178 132 42 144 124 49 107 31 33 76 64 37 24 60 103 150 151 150 116 19 41 13 43 141 197 155 85 171 59 127 91 68 15 183 161 173 184 105 87 57 138 181 38 90 192 18
44 173 9 105 47 53 39 143 149 2 78 35 16 160 178 75 118 28 178 138 15 114 185 113 158 177 136 193 181 65 106 77 11 127 110 142 96 172 95 111 47 137 173 10 146 162 47 44 172 49 44 14 170 130 152 14 148 193 59 190 113 44 185 190 32 63 179 17 193 191
151 29 119 100 11 159 171 63 86 182 103 6 106 112 49 165 164 157 22 156 10 126 196 200 110 113 95 73 5 82 186 195 79 85 124 73 118 190 13 180 159 192 138 101 25 131 76 97 85 138 127 79 123 95 197 89 191 131 35 163 73 80 95 32 113 183 73 65 54 186
98 40 139 142 33 79 195 70 183 174 188 40 74 166 56 77 105 189 120 27 120 164 95 42 48 102 139 47 15 195 38 148 6 7 16 18 110 119 65 152 39 57 137 54 83 137 168 154 2 131 2 166 2 63 187 114 176 25 125 55 54 62 183 28 37 193 176 113 37 179
178 135 37 60 98 48 84 63 85 41 21 140 125 36 91 55 28 144 101 76 112 8 23 145 33 132 46 27 1 79 66 30 199 194 157 109 174 153 74 92 18 120 173 46 41 29 8 97 175 163 178 125 180 15 15 46 6 125 183 55 105 146 125 7 68 77 4 21 124 64
115 98 28 11 71 54 124 85 74 42 23 50 74 51 78 155 3 112 95 68 16 120 43 126 91 3 60 178 55 133 103 169 177 117 90 134 199 6 17 28 164 47 133 31 90 169 17 28 34 171 54 12 56 32 132 111 7 18 77 69 197 91 194 35 39 31 64 3 25 41
130 57 76 42 152 184 180 145 193 71 184 1 126 82 101 60 14 10 42 163 20 44 16 87 143 191 128 108 113 161 165 153 5 91 89 163 119 117 25 181 116 70 125 77 74 32 63 52 42 138 95 55 115 163 12 87 81 104 138 138 63 82 123 124 103 28 173 31 31 72
36 49 87 57 6 187 83 153 178 26 146 137 111 166 192 3 166 46 13 127 53 44 18 134 166 24 158 95 198 180 186 166 175 127 176 88 196 115 86 141 18 21 48 6 51 70 186 26 171 191 127 141 27 110 10 159 130 126 50 155 96 162 160 41 17 121 199 141 51 111
188 48 168 189 80 21 118 170 25 51 22 38 165 46 12 11 123 143 166 158 12 49 147 90 69 7 64 104 162 75 195 137 133 63 22 193 8 56 83 7 143 115 52 128 157 84 119 178 196 24 12 52 84 67 60 86 170 29 47 41 97 60 134 70 50 85 41 11 60 126
9 109 115 67 193 178 141 6 183 64 45 91 169 177 65 87 13 88 127 5 97 141 192 133 78 104 165 136 47 1 72 21 44 82 142 171 143 35 174 59 68 100 105 108 194 156 133 84 114 159 65 101 45 93 54 125 169 54 56 132 29 139 8 143 31 104 40 115 35 187
45 66 78 85 149 81 31 50 188 112 179 171 91 177 183 162 42 96 120 89 94 109 127 196 198 156 178 32 88 82 192 167 80 91 143 6 30 121 2 78 63 160 106 151 175 6 187 74 124 138 61 171 177 108 138 87 18 22 46 46 94 67 77 53 36 92 21 160 98 77
124 198 113 26 34 36 25 19 144 147 112 77 53 86 98 74 116 115 153 92 4 45 133 94 143 119 124 79 8 141 74 39 19 80 153 189 92 185 88 85 37 184 4 194 194 161 50 59 22 185 7 190 159 12 197 114 96 150 121 4 143 180 1 191 146 49 159 96 184 82
100 80 165 169 129 163 38 36 47 66 110 115 192 89 34 146 104 179 128 33 39 56 112 84 63 168 163 157 28 192 31 114 82 88 122 178 18 123 79 48 196 15 95 43 89 18 23 56 83 142 54 136 135 114 177 154 137 55 40 123 126 144 146 49 78 133 38 150 184 52
58 122 188 191 102 160 17 165 178 98 47 6 189 149 108 126 171 164 156 64 123 124 15 153 90 129 159 180 131 14 38 139 82 129 180 92 98 155 48 180 17 97 159 49 52 7 123 1 46 73 200 5 173 20 139 90 17 172 26 115 183 71 27 34 131 185 103 163 23 194
56 136 89 108 69 42 171 47 90 175 109 116 165 47 161 23 188 11 119 124 76 63 3 9 158 171 75 89 157 160 114 147 137 98 66 5 121 2 138 51 23 122 41 41 130 126 115 67 160 136 184 151 134 8 114 195 108 137 22 71 54 114 35 198 151 62 43 137 127 180
34 37 194 136 56 200 107 50 6 162 184 98 31 21 188 89 151 34 188 193 100 39 154 166 4 13 199 55 58 158 147 178 170 87 125 25 89 173 56 132 146 183 62 154 143 103 114 187 89 163 42 55 150 169 17 5 87 131 5 108 186 168 105 88 112 198 198 167 44 122
128 177 56 24 141 182 105 155 28 31 173 103 31 87 147 89 81 110 105 125 43 179 25 30 31 44 75 84 111 40 37 130 128 199 191 119 67 109 24 199 103 36 34 34 139 82 25 146 164 77 107 85 139 112 76 180 61 92 43 146 10 142 59 150 45 132 59 169 82 178
43 147 49 158 138 98 121 20 5 158 131 115 200 82 6 39 46 81 113 64 20 190 131 27 141 93 92 43 55 163 149 73 62 173 141 194 99 3 46 154 19 73 89 95 198 169 79 181 144 33 15 195 90 131 90 116 100 175 42 190 148 176 52 120 76 106 155 112 102 2
88 36 144 18 85 123 195 35 144 195 195 180 28 86 107 5 106 112 54 9 175 59 160 154 47 81 22 54 41 198 35 33 143 156 86 23 42 66 9 2 7 172 171 57 153 96 159 81 23 124 39 58 134 175 115 40 199 154 109 68 178 145 110 46 150 88 16 144 117 141
71 35 190 96 135 134 87 88 158 189 52 40 93 4 63 2 167 52 141 108 129 132 115 25 16 167 191 104 77 101 71 120 81 66 49 22 176 107 100 184 27 196 171 29 79 109 102 25 183 182 5 184 109 102 124 148 82 73 182 163 127 139 135 135 47 125 94 108 2 176
182 153 69 23 47 14 175 104 135 200 107 5 88 187 146 134 197 148 187 32 187 168 3 123 98 31 150 95 78 77 90 71 35 102 108 126 188 61 142 39 106 78 141 34 198 105 27 19 51 157 111 51 99 45 196 63 98 8 33 50 9 136 111 171 69 6 1 194 129 185
42 22 29 62 182 9 122 200 171 119 56 198 156 59 46 97 41 74 98 187 114 200 185 198 185 13 123 70 153 155 21 83 158 181 113 178 109 81 124 34 143 34 149 114 95 158 51 85 49 4 128 126 143 21 26 187 77 185 29 116 144 91 133 141 167 49 124 97 132 58
82 134 117 13 27 5 177 68 138 71 120 134 62 182 125 28 103 10 60 143 132 154 53 162 154 85 14 88 195 23 83 27 165 165 36 123 11 58 112 184 77 196 196 23 166 172 132 154 87 54 82 114 101 158 144 108 55 71 105 22 89 73 65 109 60 146 25 59 26 18
137 10 110 134 159 84 123 12 155 118 102 147 129 28 127 35 24 90 156 173 182 6 20 137 49 76 106 147 26 154 78 70 61 121 140 92 103 8 145 147 118 55 121 55 106 145 22 175 63 104 129 109 56 200 15 42 164 131 170 93 37 172 139 128 98 186 195 43 27 53
90 8 53 9 170 72 100 27 190 136 8 32 58 124 46 200 117 86 65 73 187 128 30 131 132 184 181 87 130 185 19 141 162 107 152 183 50 61 45 47 87 85 187 59 9 100 191 12 141 184 20 159 153 167 172 164 116 172 183 137 2 195 116 88 64 155 182 11 126 77
196 96 123 172 76 7 18 16 174 112 5 77 18 153 56 106 27 27 153 65 112 145 45 94 21 105 89 32 126 167 21 96 70 117 43 182 96 117 71 138 58 161 196 154 75 198 69 150 43 155 114 1 14 41 137 122 115 74 197 10 119 162 175 163 167 62 162 84 156 185
116 12 77 53 187 5 133 173 123 184 156 180 100 57 178 178 16 125 64 144 47 58 23 74 95 154 162 67 137 151 172 51 2 16 145 181 83 92 46 48 70 117 121 44 197 95 119 137 138 42 163 137 25 70 82 125 1 52 168 5 186 154 152 155 22 118 159 160 113 46
157 158 179 200 97 64 140 180 143 41 15 3 177 129 150 50 200 139 155 154 17 182 87 181 60 186 155 95 200 118 183 49 70 59 51 174 91 178 29 116 117 76 84 142 64 97 155 92 132 11 125 20 159 152 6 93 152 97 108 131 81 10 39 34 12 51 200 78 141 12
169 180 48 80 91 183 139 179 191 15 35 13 66 160 142 158 135 26 88 188 123 102 3 119 39 200 2 105 11 200 125 116 72 17 135 40 175 186 49 193 14 175 133 37 115 48 54 90 33 63 200 129 60 140 13 194 112 146 97 134 1 76 110 2 38 141 104 88 193 133
169 23 175 50 184 50 114 127 200 79 169 185 17 99 75 96 48 32 199 49 82 46 43 184 148 7 175 71 118 31 34 98 159 64 173 125 74 158 49 95 83 165 53 84 47 38 26 92 139 190 107 184 111 128 125 119 80 67 180 101 81 200 197 100 161 107 195 173 151 96
96 94 37 85 84 171 29 178 44 178 83 34 93 133 199 186 92 66 99 179 29 85 188 129 47 147 21 188 112 19 57 165 106 130 4 180 30 28 62 104 118 8 44 199 99 160 152 100 5 177 189 37 31 100 8 156 78 10 169 81 197 91 172 170 107 134 61 12 95 175
26 51 22 92 16 149 91 144 19 45 80 110 9 199 20 46 44 173 51 46 122 123 188 150 150 189 142 53 154 199 118 30 53 123 97 52 172 20 100 57 185 130 133 28 170 83 111 148 169 57 41 189 167 135 199 104 67 139 122 40 144 92 8 11 130 39 173 52 139 95
162 91 43 183 52 124 101 129 18 66 138 66 38 101 58 146 131 102 152 99 148 15 186 180 64 160 116 40 36 108 124 64 131 167 52 120 25 182 68 136 158 77 55 189 119 41 13 164 163 180 175 193 183 71 134 3 161 80 19 195 185 187 17 95 127 11 123 72 120 189
137 98 116 11 93 32 76 10 38 189 17 71 85 29 125 32 11 32 81 152 50 69 56 60 31 113 151 110 150 54 171 133 27 117 111 41 106 3 132 196 67 67 26 148 190 53 58 108 51 8 181 170 135 69 27 175 110 93 60 79 47 132 196 137 185 93 81 116 37 168
