10 	
28	58
0	5	4	31	6	
0	6	6	20	6	
1	8	4	10	4	
1	9	2	10	2	
0	9	1	31	5	
1	5	3	31	2	
0	7	3	14	5	
0	9	2	31	3	
1	3	9	4	3	
0	5	8	15	4	
32 145 105 168 137 123 59 100 176 89
1 31 78 52 132 129 159 35 128 18
99 58 176 68 147 195 106 46 37 105
102 90 149 156 68 171 4 111 176 98
42 102 95 185 114 194 196 96 105 169
111 165 136 131 45 49 108 132 187 64
137 33 108 30 108 141 142 1 4 152
117 16 48 41 9 167 101 138 83 117
141 48 163 80 163 66 57 153 94 71
90 6 114 175 131 119 177 181 117 15
13 189 60 99 1 141 89 143 96 7
