80 	
10	17
0	5	8	244	1	
1	6	4	83	6	
0	5	2	221	4	
1	6	1	374	6	
0	4	7	364	1	
1	7	1	96	3	
1	8	1	121	2	
1	5	7	301	7	
0	9	4	102	1	
0	5	4	213	3	
0	6	4	290	7	
1	8	7	200	6	
1	8	5	239	4	
1	7	3	298	1	
1	3	2	161	2	
0	8	6	147	9	
0	1	1	152	9	
0	1	5	361	7	
0	7	1	92	8	
0	1	8	168	5	
1	9	7	251	9	
1	3	6	134	5	
1	3	7	53	7	
0	1	7	257	1	
0	5	4	213	9	
0	5	4	335	5	
0	8	3	302	9	
1	3	9	261	7	
1	9	5	230	5	
0	9	8	159	4	
1	4	7	390	5	
0	3	7	153	8	
0	3	4	43	3	
1	8	2	264	4	
0	6	7	255	4	
1	8	5	151	7	
0	7	4	104	6	
0	8	8	388	4	
0	9	6	375	8	
0	7	3	235	9	
0	8	5	69	7	
1	2	5	303	6	
1	3	2	388	6	
1	2	5	129	3	
1	3	8	260	8	
0	3	2	156	7	
1	4	3	135	6	
1	1	8	393	9	
1	7	7	87	1	
1	6	2	243	2	
1	4	9	128	3	
1	4	9	226	7	
1	6	9	353	9	
0	5	5	130	4	
0	6	9	136	6	
0	6	9	327	6	
1	2	3	214	6	
0	8	8	23	3	
0	5	4	272	9	
0	1	9	280	3	
1	2	7	67	4	
0	3	6	382	8	
1	4	5	64	2	
1	5	9	111	8	
0	8	4	47	2	
0	3	5	372	8	
1	3	4	363	2	
0	7	7	261	3	
0	5	5	152	3	
1	3	4	59	4	
1	4	1	71	7	
1	9	8	216	3	
0	1	9	194	4	
1	3	9	335	4	
0	9	7	268	7	
0	8	3	397	5	
0	3	8	274	8	
1	2	1	387	9	
1	1	4	226	9	
1	4	4	304	9	
24 147 60 48 7 1 149 84 36 165 93 160 150 168 78 89 34 114 187 29 16 139 27 45 168 139 53 134 122 142 89 95 62 168 150 82 48 143 27 118 32 9 6 46 128 12 159 197 122 70 120 188 132 141 58 106 25 10 63 47 105 199 111 92 137 84 159 132 81 30 133 94 24 6 198 154 18 146 86 146
111 162 195 127 162 96 139 123 145 129 87 128 54 105 87 154 145 120 10 150 38 85 153 160 188 151 65 181 18 176 149 33 5 78 43 161 186 35 83 147 129 58 183 193 131 8 72 116 118 13 87 181 104 144 120 40 158 191 126 60 169 146 33 88 144 174 124 96 193 122 48 133 64 140 111 120 196 7 21 99
63 118 37 80 138 74 153 99 109 176 35 24 171 50 70 34 131 140 50 132 7 131 148 34 113 7 49 177 96 15 138 190 41 160 105 58 200 94 80 22 4 123 167 147 9 149 114 113 159 153 136 68 154 200 155 142 32 44 38 132 64 92 88 166 45 51 119 135 101 122 19 110 150 172 89 31 10 2 30 200
81 89 47 129 90 43 171 141 59 103 124 106 20 128 175 130 51 146 63 96 56 33 175 19 75 195 118 59 70 72 46 31 53 174 103 177 197 95 20 93 29 169 54 112 79 14 49 106 51 73 187 183 16 194 129 110 26 180 48 110 119 73 64 40 38 28 127 172 6 5 141 20 155 118 55 199 192 104 141 97
143 64 100 149 69 118 96 80 73 135 61 196 195 9 121 39 195 103 63 80 83 34 41 87 90 55 99 84 50 51 55 71 169 161 184 116 146 126 34 119 146 117 183 126 143 147 108 153 145 46 63 135 167 113 94 65 153 104 153 197 53 150 26 133 51 41 146 77 104 22 93 79 9 14 171 6 37 20 8 155
51 196 83 86 138 122 96 150 5 182 9 193 125 196 65 173 113 133 194 63 170 155 33 65 39 73 84 194 55 38 138 11 60 186 90 13 131 11 197 190 20 147 43 98 94 142 136 140 89 175 23 2 90 29 95 60 82 195 167 93 33 6 148 91 135 60 36 19 170 21 123 7 88 197 29 31 189 197 118 45
104 9 165 58 198 140 105 36 84 149 191 86 164 138 141 51 60 30 139 137 34 105 171 90 128 151 68 76 30 20 196 65 63 158 178 149 108 86 115 137 119 156 198 131 16 97 94 98 57 45 112 46 151 112 113 40 46 183 172 12 18 180 83 60 185 34 123 58 130 195 126 183 186 191 76 172 72 153 19 176
196 49 5 64 53 145 87 104 181 8 99 19 48 42 144 185 183 141 49 47 174 155 55 199 2 48 92 151 56 147 63 14 132 171 156 162 142 172 142 43 58 59 169 74 146 175 180 152 170 171 157 90 94 195 180 67 168 127 102 145 168 188 196 56 197 66 38 190 121 169 86 165 70 82 7 118 177 2 151 36
21 102 80 106 146 60 200 41 165 29 147 63 161 19 161 28 184 186 144 112 191 110 159 128 104 83 102 75 79 120 112 18 7 76 156 163 135 138 72 75 199 138 165 101 91 11 97 48 94 27 63 72 114 192 99 168 24 103 145 77 55 176 118 73 111 158 192 185 49 187 59 162 173 99 133 30 174 71 136 193
174 22 46 199 85 97 46 118 85 19 146 98 153 71 70 8 181 176 91 46 134 32 80 95 94 83 172 98 188 40 188 186 91 69 7 103 59 101 178 103 96 56 25 90 137 153 61 76 47 85 103 197 34 191 62 40 98 13 39 117 27 85 44 156 54 165 117 187 169 78 8 130 147 87 18 25 96 121 3 165
17 35 97 101 56 90 173 157 57 60 127 89 46 153 46 139 130 136 94 17 96 189 153 168 126 69 198 41 109 172 56 33 187 17 158 192 36 113 188 16 50 82 66 137 105 9 178 193 159 119 41 78 38 195 27 140 26 128 93 183 17 54 83 105 144 82 51 157 143 93 192 49 169 64 169 39 109 122 57 61
166 134 189 21 147 175 83 30 125 44 22 86 200 27 101 20 112 6 141 143 57 123 165 35 18 26 143 97 72 186 147 11 76 17 133 152 142 22 27 38 56 154 58 160 128 32 79 176 26 69 162 14 138 62 59 101 4 154 56 155 192 111 54 47 161 23 89 26 60 146 162 29 25 128 10 70 187 85 16 116
106 165 47 184 156 101 139 90 174 30 75 187 133 195 198 151 142 192 174 160 176 29 16 155 66 155 103 37 28 99 198 85 187 67 36 198 64 41 14 95 175 150 56 165 59 180 119 70 163 170 48 13 32 4 36 53 15 101 57 67 141 99 52 126 72 178 114 104 74 48 32 199 12 76 121 26 138 31 45 1
119 9 134 22 58 40 164 101 57 140 99 73 62 179 183 164 29 105 163 130 108 64 161 145 199 99 191 82 199 179 169 113 153 82 128 119 101 116 197 147 99 188 85 31 51 180 20 169 177 145 150 3 142 62 5 103 87 122 125 173 134 18 185 90 46 171 178 56 163 29 145 118 31 3 48 110 148 6 56 106
76 185 58 144 72 125 40 99 162 57 8 117 50 193 162 43 59 147 185 157 46 173 173 143 108 74 102 71 62 108 41 198 194 21 73 170 25 72 3 135 37 55 158 91 128 128 90 153 131 105 127 142 77 82 13 121 112 199 78 5 170 67 48 196 114 149 73 39 140 162 190 102 57 188 119 57 158 148 150 152
157 60 94 178 184 128 190 40 104 37 95 97 42 84 68 192 54 164 89 27 86 9 102 107 182 197 107 147 137 157 23 119 114 74 128 52 142 123 143 187 119 81 50 95 48 54 170 78 118 158 25 20 46 8 63 114 195 197 164 101 193 149 21 80 21 2 39 165 150 53 73 129 157 44 147 104 108 46 163 160
166 111 93 5 114 58 13 57 110 119 186 141 76 42 28 55 75 188 34 144 96 95 114 110 137 93 195 162 141 16 194 61 151 16 132 200 92 126 47 93 137 171 142 50 41 70 176 72 132 117 184 197 189 194 134 116 28 193 82 160 37 7 15 158 27 23 136 108 46 30 131 113 35 182 177 65 7 60 94 18
14 23 97 25 66 28 52 174 52 65 121 91 7 184 22 92 169 3 83 132 199 142 192 155 173 28 97 183 36 150 67 117 29 168 122 49 106 180 49 114 99 111 29 67 132 101 111 122 90 10 156 57 36 38 149 135 163 178 38 195 143 32 105 159 191 81 20 94 76 189 200 188 148 27 176 158 110 92 32 94
197 193 156 126 68 72 180 24 2 5 36 147 191 136 119 147 89 45 64 195 148 29 154 46 138 146 35 197 139 127 150 18 15 43 66 8 72 44 61 119 91 176 113 165 23 39 159 195 68 109 129 187 72 168 104 80 104 19 91 172 119 133 8 187 12 138 67 84 2 186 199 1 40 82 62 69 87 34 125 119
163 15 86 150 157 1 31 158 191 77 15 183 52 128 43 96 13 93 150 189 185 33 122 15 29 76 144 110 34 46 11 26 23 86 106 119 140 85 181 170 69 160 16 81 146 45 8 34 126 149 142 175 6 139 73 72 46 136 165 180 174 59 127 32 173 78 122 83 103 25 150 27 3 4 95 103 108 120 47 24
61 122 120 1 94 95 188 76 196 169 53 11 90 5 52 75 156 123 87 161 77 119 11 38 163 13 190 42 139 121 192 97 108 159 198 119 22 103 20 88 9 143 55 40 72 137 163 33 33 104 55 78 37 156 93 59 4 3 197 40 58 187 80 23 73 63 71 188 138 21 165 127 46 86 66 20 69 55 57 28
85 106 71 158 84 189 198 15 143 47 42 90 139 14 160 40 17 85 7 151 117 42 82 45 135 165 82 18 7 197 200 109 181 1 105 34 186 33 26 132 18 197 147 14 41 6 15 91 5 35 172 157 12 161 25 61 1 163 96 122 35 105 10 6 158 134 163 71 166 90 130 55 88 188 46 150 46 134 141 149
102 104 128 28 84 9 160 130 42 131 81 62 125 19 113 21 146 105 139 50 167 1 80 200 153 193 143 122 143 17 179 157 11 22 94 19 82 179 166 81 106 159 124 200 44 61 117 108 62 176 141 155 180 128 130 103 174 4 20 56 73 131 16 137 42 162 16 54 200 196 135 70 101 195 183 132 114 52 126 20
167 18 62 63 21 64 82 88 173 109 22 138 181 22 106 96 35 144 165 184 28 161 150 34 162 140 34 178 149 60 200 184 60 10 67 62 179 38 56 11 129 199 152 132 169 40 173 168 99 186 156 48 88 185 60 64 113 46 31 147 148 52 190 199 156 197 194 178 165 55 124 44 60 42 79 52 161 161 17 93
108 19 97 69 175 140 9 96 90 148 32 157 8 88 7 168 27 147 182 139 87 133 184 168 109 194 120 72 71 127 52 104 153 69 188 9 87 88 127 139 16 17 129 28 117 31 2 117 105 18 11 61 39 7 178 164 192 26 133 75 108 188 49 75 199 172 41 135 105 163 103 15 188 108 199 156 61 115 169 193
111 88 194 33 134 39 56 21 121 115 28 109 112 6 152 75 27 25 94 148 83 114 31 58 106 108 173 167 132 190 161 15 43 96 150 163 193 57 8 174 115 103 149 141 28 142 31 102 193 184 147 75 2 43 105 147 8 70 191 71 61 121 131 75 151 97 72 73 152 108 9 75 120 84 150 123 195 182 81 28
75 46 59 109 144 18 27 188 160 70 58 137 100 133 68 194 90 77 107 55 6 19 161 93 155 146 34 94 190 48 60 137 48 48 111 102 112 130 7 77 52 99 163 191 172 99 106 3 101 140 153 158 144 36 58 28 47 22 154 197 38 155 147 95 84 74 175 76 68 151 30 92 51 87 127 17 8 115 16 67
167 48 112 195 63 199 8 17 85 69 100 149 87 170 114 1 136 16 102 172 14 50 97 140 192 102 21 11 98 126 127 80 124 151 141 12 148 175 132 39 3 134 99 89 177 99 37 101 169 157 123 106 153 98 92 71 87 16 178 35 112 175 138 94 22 106 141 193 72 91 5 11 33 100 41 10 2 65 109 129
10 157 111 66 107 146 65 114 132 194 126 93 3 123 11 57 173 185 194 3 139 149 191 50 124 122 72 124 48 71 90 53 36 107 138 126 41 171 168 56 125 119 142 144 23 88 89 69 145 56 71 63 65 119 136 162 141 182 41 67 19 39 98 200 94 189 133 93 50 185 120 52 105 3 104 67 164 18 114 1
60 53 146 168 38 84 188 154 93 129 94 70 114 140 63 80 126 49 189 110 188 71 83 114 21 117 24 111 110 162 189 191 102 143 5 104 90 73 7 164 59 123 121 162 7 168 155 169 190 112 57 93 35 191 199 126 106 112 1 33 157 112 19 5 143 145 49 104 75 190 78 28 116 122 111 176 7 171 196 148
63 21 26 113 156 41 37 39 16 136 28 195 9 109 117 114 115 125 14 90 2 16 6 10 1 118 124 59 166 173 29 85 169 131 51 118 43 12 141 147 91 198 48 135 99 35 63 137 189 183 111 181 186 2 138 141 59 168 119 102 108 176 7 39 17 14 113 69 5 194 161 118 115 39 124 29 82 162 4 100
103 16 63 113 193 137 94 27 166 194 189 127 44 112 143 73 56 114 105 34 41 87 196 66 129 37 42 105 3 145 57 71 135 128 160 92 134 158 53 47 59 134 167 111 79 30 118 194 37 78 92 144 53 174 177 42 15 16 102 33 110 192 148 143 127 92 143 116 185 183 185 195 86 115 5 91 84 35 74 77
128 49 119 155 165 70 180 147 8 72 2 164 40 165 145 179 187 8 130 131 111 42 147 72 19 23 194 68 92 137 40 184 83 10 172 166 6 152 127 113 149 64 93 64 90 3 101 44 148 19 69 101 2 152 170 138 113 135 7 109 68 45 49 77 142 38 175 69 127 83 130 76 23 129 127 1 166 80 92 68
41 129 118 80 5 185 143 169 173 87 85 35 188 120 94 102 192 104 81 24 65 8 33 16 200 52 192 78 73 186 122 87 111 137 73 36 112 5 7 84 139 81 154 86 122 96 45 65 190 89 59 58 54 182 106 62 152 192 158 199 90 43 15 105 143 116 198 25 79 171 103 200 138 169 6 71 67 75 139 9
199 154 116 157 27 4 186 76 161 182 100 89 189 55 84 151 117 98 142 125 189 195 196 169 10 70 86 88 156 190 184 159 16 44 174 99 81 32 119 10 53 158 40 165 129 23 75 130 42 56 184 144 59 77 102 56 111 4 126 136 31 102 61 80 56 144 189 82 38 42 63 80 97 162 168 113 69 62 78 113
48 4 188 112 6 15 141 193 157 106 175 182 74 85 131 58 92 3 146 128 198 170 77 77 106 123 135 168 70 178 47 37 132 88 177 117 174 1 15 42 14 132 165 15 138 5 19 7 84 106 78 167 195 64 50 170 82 13 78 11 70 18 91 16 4 146 36 104 23 156 4 195 91 155 62 120 121 104 6 69
138 36 89 84 89 90 18 31 107 87 187 60 164 122 169 51 98 28 155 141 47 12 49 76 3 136 26 95 107 194 187 43 104 94 164 131 136 158 128 171 193 123 108 192 14 117 42 145 19 155 121 159 115 7 192 41 86 192 192 62 39 148 1 166 127 56 83 195 14 46 117 46 159 89 181 24 2 139 19 165
113 183 80 75 126 79 178 40 15 125 98 168 48 36 91 56 123 118 24 18 172 187 21 58 112 2 90 79 71 129 94 54 103 146 100 154 106 9 132 158 189 125 26 100 109 84 85 180 65 176 109 153 189 111 165 92 68 46 53 118 29 153 37 24 79 102 180 84 154 22 150 130 194 41 73 66 133 27 83 75
198 195 113 128 25 197 90 125 82 79 163 191 134 67 98 21 104 150 137 38 156 105 42 134 63 169 134 21 59 19 2 145 40 98 32 43 139 72 200 192 50 134 90 82 111 15 115 136 20 3 6 144 74 76 101 25 186 76 114 66 178 5 157 44 57 102 151 157 163 64 159 89 8 168 141 23 51 83 134 24
181 178 187 33 140 101 100 45 141 84 164 112 22 182 39 164 12 104 40 79 179 39 79 87 144 154 86 72 158 186 26 15 124 180 133 36 18 146 96 185 48 193 47 152 173 88 199 139 127 162 41 127 41 20 177 168 138 108 124 133 121 104 109 70 198 151 100 194 140 123 15 134 45 20 107 123 125 12 4 160
72 66 77 97 195 158 127 72 111 57 24 118 51 104 37 174 15 18 189 44 58 148 44 8 52 12 127 110 72 108 143 180 140 92 111 89 37 115 23 94 94 46 125 178 63 189 87 50 86 19 200 2 159 104 179 179 40 183 50 59 116 126 54 19 68 89 57 95 156 106 188 49 29 52 187 157 104 168 179 193
172 36 82 83 94 175 13 108 140 21 40 35 193 23 43 61 123 122 42 35 142 171 141 60 162 63 60 43 28 52 49 73 15 111 109 154 22 150 41 196 100 83 139 196 85 171 138 118 166 118 94 195 14 131 50 4 133 13 152 75 13 180 137 195 45 178 156 46 118 163 95 40 141 200 173 150 188 200 125 88
133 102 163 9 3 156 81 148 108 79 87 51 109 16 147 39 69 163 30 111 67 57 44 42 155 8 133 148 62 111 102 20 69 108 102 87 75 196 104 7 143 171 141 84 114 121 96 149 28 17 91 99 96 117 113 100 92 46 134 101 68 161 184 167 87 101 160 87 39 105 2 15 94 26 154 43 129 72 73 99
161 132 147 124 104 81 2 106 128 123 152 137 94 139 70 123 91 174 100 13 118 158 10 180 98 54 136 127 55 178 130 55 43 128 116 149 174 177 69 168 31 159 117 77 186 148 140 109 135 77 193 14 176 150 101 4 195 184 50 26 169 30 34 125 183 40 105 144 122 10 88 31 144 193 135 4 8 84 144 72
190 10 198 174 104 113 36 15 24 79 55 152 74 185 71 73 145 76 122 142 141 10 10 7 195 73 15 191 49 190 71 179 138 159 8 112 28 155 170 2 36 117 178 183 48 88 181 3 92 194 137 151 74 20 172 24 14 162 143 14 16 127 197 178 71 104 90 103 185 58 44 73 114 88 94 82 26 5 114 171
199 183 77 171 10 144 32 12 147 40 157 150 73 174 154 108 99 15 156 68 24 45 169 182 73 160 55 197 97 37 70 47 3 55 114 190 12 118 153 48 10 23 143 55 142 3 54 46 182 59 99 94 82 25 190 76 130 171 73 25 62 95 154 161 12 119 190 145 58 7 97 179 109 14 149 161 125 166 110 10
30 158 94 123 69 95 66 154 28 156 198 117 27 98 94 55 42 174 120 96 143 144 158 171 72 66 131 167 55 88 104 87 68 11 140 68 30 2 24 199 68 134 185 34 65 18 38 33 148 113 45 69 7 16 126 75 58 96 23 115 180 25 111 107 26 128 38 78 2 70 168 84 3 102 94 147 23 165 97 159
78 152 67 178 40 161 8 111 119 153 57 145 124 84 13 17 76 188 163 95 188 97 198 86 115 176 69 83 58 76 12 199 49 48 64 148 30 3 190 190 156 33 146 135 58 62 126 133 76 166 131 171 164 68 164 153 159 17 47 42 169 66 168 190 68 133 40 132 80 59 42 182 59 99 103 59 100 93 48 155
165 5 165 191 16 61 143 10 21 167 191 71 103 133 88 10 7 98 84 49 100 83 127 148 151 188 2 51 63 142 43 1 146 55 170 119 72 157 63 180 129 41 96 88 183 97 123 191 19 85 129 133 80 35 159 148 77 74 31 66 152 130 78 139 198 93 63 178 34 4 8 99 198 60 140 146 79 46 83 155
26 129 48 178 118 38 84 110 75 83 83 141 172 23 95 74 66 42 125 68 98 87 52 116 191 65 185 12 106 3 108 102 25 183 114 154 32 121 126 112 117 29 70 93 194 158 67 111 60 119 47 150 122 42 134 13 98 142 23 175 27 35 23 50 139 12 14 177 5 148 131 33 97 192 190 140 152 163 191 68
81 103 21 56 83 62 194 89 100 134 1 3 176 95 167 107 137 9 104 97 199 82 57 178 90 51 34 11 142 173 47 125 6 143 131 196 27 169 137 60 2 122 124 101 190 187 169 63 29 111 189 181 113 60 62 20 116 156 20 194 133 101 29 82 19 20 176 3 171 170 118 45 36 14 45 99 59 142 187 19
145 7 74 123 140 94 39 23 26 5 93 181 128 183 181 35 73 30 194 131 171 141 26 180 92 119 173 171 54 135 103 61 168 6 56 36 155 26 79 178 69 27 111 57 40 57 39 4 85 95 78 46 158 184 171 60 151 167 195 43 113 126 3 168 60 104 170 13 93 86 151 81 84 45 190 101 50 134 96 114
178 55 117 60 109 94 56 48 164 46 114 189 143 12 29 48 145 101 146 74 175 21 144 2 43 179 162 172 11 135 23 20 193 93 13 171 80 88 134 192 52 55 179 27 22 18 179 136 9 155 195 161 24 69 54 77 52 42 199 101 81 68 62 110 187 68 165 140 13 59 19 174 156 125 96 189 109 165 140 187
150 119 26 112 180 155 122 137 94 164 78 73 131 28 89 65 111 6 196 127 7 127 102 199 156 108 185 66 144 39 53 3 91 16 149 70 33 196 52 87 155 42 35 39 130 8 161 114 100 45 116 168 89 127 62 181 100 38 177 111 191 86 160 72 40 76 5 13 138 162 82 179 149 200 162 170 141 121 161 109
127 47 89 41 105 116 144 65 64 20 29 93 186 46 98 158 62 9 97 146 143 74 137 158 191 173 161 171 85 66 197 125 197 174 113 185 157 124 191 144 104 102 170 110 25 19 167 31 134 173 1 174 190 183 194 159 31 129 166 57 158 88 87 4 185 159 132 191 127 43 131 186 134 13 165 160 49 93 75 160
9 195 167 94 119 198 176 121 103 186 175 24 141 16 90 10 138 115 44 54 36 15 64 180 40 119 113 97 119 128 74 51 144 39 146 31 25 91 116 119 163 148 165 138 165 48 15 93 123 170 34 18 47 44 124 4 112 76 196 109 94 87 13 149 1 105 79 81 162 185 49 11 182 99 25 1 174 5 83 84
58 67 157 23 132 143 87 42 160 19 58 52 167 77 10 198 143 86 115 12 34 151 9 3 181 140 175 39 143 40 94 70 2 42 66 149 61 155 2 78 57 7 101 137 30 175 93 5 65 84 109 35 172 195 86 76 121 104 110 50 175 16 34 192 188 191 82 1 86 99 75 70 134 194 100 134 127 138 3 187
154 42 191 63 146 131 95 95 146 28 130 16 24 166 54 2 185 104 19 90 111 91 90 58 32 111 45 41 57 147 76 165 4 87 7 114 32 53 151 138 30 184 169 75 73 163 27 100 181 46 197 132 144 54 1 159 137 31 177 19 12 188 29 195 107 54 95 14 28 122 105 163 43 123 135 35 76 53 139 169
192 110 1 180 27 102 4 88 186 65 122 168 59 10 124 81 95 175 63 193 42 190 114 187 40 158 41 41 163 62 178 140 105 67 42 76 81 54 6 155 141 69 133 43 141 120 67 87 180 51 83 183 13 115 80 60 22 94 139 180 153 152 76 122 179 145 133 17 8 188 42 98 77 52 138 72 99 27 29 82
128 174 103 120 24 191 66 45 49 116 130 197 180 66 102 161 54 37 5 125 129 149 188 28 117 67 177 157 133 195 48 191 80 176 69 173 1 100 138 172 106 110 3 47 127 15 70 18 191 173 23 20 53 92 127 126 54 17 1 155 42 128 1 110 62 4 149 54 117 6 133 192 194 184 167 17 21 138 29 70
61 93 89 157 4 85 78 28 5 128 17 188 185 130 141 79 90 184 25 148 11 36 165 34 112 18 200 129 24 32 71 82 102 4 61 62 90 116 28 48 20 138 2 25 187 188 28 94 10 5 118 101 77 195 53 22 160 3 90 118 131 142 117 156 139 15 45 192 134 155 21 40 132 94 133 152 21 66 67 96
199 189 18 40 14 18 94 179 82 72 89 70 88 61 25 119 41 6 174 188 37 141 112 169 121 175 24 22 137 134 183 139 171 155 136 190 168 162 140 58 175 97 171 126 87 100 192 175 38 189 57 120 3 4 89 175 116 197 33 36 13 36 77 122 45 109 20 98 15 122 165 189 111 162 48 167 114 54 181 182
97 191 100 87 50 31 9 102 68 96 90 119 17 21 197 169 7 94 32 140 38 149 112 71 85 23 119 144 193 25 9 37 93 34 71 197 23 84 76 100 152 133 185 51 143 1 18 100 155 70 159 54 117 62 65 96 31 134 178 137 94 55 14 20 67 59 150 79 97 166 55 82 68 8 98 99 34 35 140 32
73 71 70 10 45 55 103 14 85 98 172 119 62 130 105 114 128 131 61 30 138 98 169 74 26 86 40 141 140 37 191 185 66 176 86 187 32 19 107 49 183 84 43 58 200 2 42 97 81 17 109 58 35 26 96 103 125 192 86 51 109 111 79 164 48 161 34 18 112 5 178 68 119 8 121 82 59 128 34 56
58 190 85 179 200 2 94 30 15 29 40 24 35 88 100 172 89 14 173 135 173 149 87 50 162 171 161 105 171 156 67 11 139 177 47 81 60 26 72 117 118 141 98 136 21 47 191 137 37 93 191 85 67 117 91 172 30 167 152 22 7 89 190 169 180 16 144 56 48 101 75 18 63 167 19 126 95 87 135 55
69 177 130 61 106 70 20 128 13 177 105 56 23 127 152 92 35 51 126 59 33 104 2 200 177 192 135 122 36 127 32 98 117 137 120 43 105 70 34 94 198 91 184 105 92 2 111 38 98 61 199 145 182 164 169 79 68 104 121 54 95 139 75 182 146 108 41 156 50 145 135 21 72 82 187 97 131 51 102 80
112 166 94 81 55 104 118 117 53 42 108 31 93 139 199 15 103 10 4 97 185 88 167 178 77 78 87 93 194 8 43 64 174 182 147 186 116 74 43 90 56 174 7 91 2 41 131 137 158 119 20 54 108 10 120 94 115 36 67 53 26 93 22 1 66 48 197 118 33 137 163 73 150 82 187 9 46 1 175 23
69 32 163 114 146 83 29 79 5 22 139 35 192 135 34 6 91 153 11 129 55 91 190 28 81 100 5 96 97 118 54 59 65 82 187 9 111 122 37 9 127 53 28 121 83 15 8 184 65 137 23 73 117 103 72 194 166 174 1 166 108 88 35 104 51 1 8 122 78 105 130 50 20 166 32 117 135 144 21 112
66 11 178 159 53 161 181 90 164 79 111 156 80 95 23 6 87 136 106 27 45 53 55 95 82 59 166 86 69 163 132 87 80 193 154 140 57 197 80 37 123 97 156 76 148 156 185 120 183 78 173 41 79 85 92 158 97 104 160 25 195 140 120 39 133 121 91 83 60 56 135 137 159 18 122 9 104 117 108 186
22 60 172 151 17 9 36 140 56 18 189 106 200 31 196 45 124 197 31 155 45 96 195 35 112 11 16 176 7 102 185 108 54 20 2 47 57 157 80 56 143 10 7 77 80 34 50 88 119 81 81 157 40 44 42 102 80 90 15 127 39 118 39 128 45 19 60 18 132 19 4 135 6 75 195 193 162 107 125 28
96 172 9 100 97 60 9 88 44 38 92 80 165 143 39 123 90 16 8 198 116 181 147 13 72 56 28 199 88 91 98 127 43 9 158 61 173 45 36 86 193 100 193 140 37 43 121 191 145 71 100 7 54 44 200 23 100 87 43 57 89 47 129 50 16 54 140 66 48 140 135 191 196 17 87 128 29 131 131 87
104 72 84 28 133 86 123 146 161 181 7 59 30 182 72 177 45 134 38 162 168 86 131 163 28 40 194 50 185 25 4 70 54 117 82 134 166 79 182 80 110 47 69 197 2 114 106 73 115 37 159 77 31 109 86 184 92 94 2 17 132 119 164 14 94 187 54 174 193 91 176 191 160 105 93 103 105 13 98 41
117 51 178 146 193 53 96 18 4 8 171 38 115 9 134 2 69 137 4 9 95 8 183 89 35 180 58 187 109 28 32 20 101 189 42 46 77 39 41 128 136 18 193 89 175 155 171 32 176 162 64 36 144 146 12 146 67 53 104 140 5 46 91 168 17 31 122 7 103 1 134 161 8 191 102 192 80 110 159 185
2 108 153 101 177 35 155 168 84 55 23 172 187 184 28 35 92 20 147 19 177 40 110 107 72 31 140 74 197 188 95 20 84 148 168 80 87 70 67 69 6 115 155 44 31 4 152 172 76 43 160 101 15 3 99 24 131 197 92 52 180 88 7 114 107 94 152 15 86 138 56 77 39 96 77 188 115 128 126 31
8 106 56 31 2 73 131 66 95 8 164 82 107 27 82 165 159 31 156 112 105 38 9 148 46 15 104 45 12 113 133 105 182 146 166 125 59 81 55 22 157 114 167 59 118 62 92 161 160 159 4 151 122 55 139 14 55 198 149 155 11 84 11 65 124 14 161 189 178 164 16 185 97 6 170 79 185 28 139 15
150 2 114 152 67 159 147 175 114 171 78 65 5 147 145 74 108 25 161 189 178 4 34 16 141 3 195 149 180 180 153 162 185 198 116 146 35 62 82 40 87 197 104 34 73 75 9 88 53 32 90 169 100 68 163 121 198 36 4 59 84 24 162 150 20 20 54 65 46 78 20 1 137 169 51 141 2 172 161 136
171 90 38 186 107 198 140 94 25 46 160 176 80 99 198 55 12 59 9 106 122 115 34 143 139 102 12 54 168 146 136 175 48 74 24 174 119 125 195 93 62 24 23 22 76 197 108 78 154 192 89 80 61 150 144 53 16 127 105 93 78 140 179 43 30 69 190 186 174 133 60 37 42 109 194 35 137 128 31 23
17 176 199 26 43 124 56 24 123 98 152 103 84 5 81 112 6 127 161 151 47 37 113 101 29 153 11 127 2 11 122 8 40 107 128 82 32 14 152 168 66 112 118 67 165 54 18 61 14 2 30 174 88 195 44 6 116 130 12 191 25 59 8 29 105 144 185 34 167 15 95 113 101 117 113 115 60 184 51 60
99 29 41 119 168 67 34 121 64 199 79 52 127 125 6 164 181 119 48 123 113 40 72 76 61 107 54 160 163 90 158 198 88 25 33 182 23 95 16 70 149 84 165 94 156 127 32 184 16 108 117 53 91 47 137 194 47 144 10 128 97 35 36 66 1 122 3 132 72 111 126 2 85 137 161 47 143 48 177 127
155 161 118 57 11 59 75 187 190 120 56 105 103 124 53 62 196 129 40 55 140 46 132 55 200 140 70 58 175 32 125 159 149 29 81 32 189 193 195 84 73 187 115 134 185 142 104 112 101 163 54 66 29 170 152 64 38 123 52 93 42 68 51 142 49 99 122 1 150 45 135 115 143 183 110 21 29 146 34 72
157 106 2 101 177 186 15 78 12 38 178 104 93 20 6 147 124 112 24 121 178 90 60 95 196 164 56 74 42 27 137 165 62 68 180 49 135 160 147 52 170 84 95 196 31 3 5 86 72 78 74 79 125 164 165 100 14 133 115 31 125 26 37 46 70 38 148 45 49 25 121 162 168 126 88 32 2 89 168 192
