10 	
4	11
0	67	6	340	3	
1	27	3	255	9	
0	17	4	128	8	
0	58	8	358	8	
0	87	9	207	1	
1	28	7	100	4	
1	97	6	13	2	
1	29	3	396	5	
1	30	2	89	5	
0	57	9	377	6	
65 163 137 126 107 70 33 142 122 179
68 111 114 5 139 193 160 178 145 31
18 36 25 99 156 200 93 24 123 9
117 105 144 92 83 9 75 34 62 63
168 130 176 84 141 128 13 178 6 125
115 191 16 150 52 12 116 147 86 46
69 152 169 189 61 65 3 185 45 146
43 7 157 91 119 165 101 152 87 58
88 181 124 27 27 77 133 87 5 52
144 152 70 166 10 12 55 20 9 32
51 198 122 122 96 150 25 116 184 52
