100 	
8	54
1	2	7	100	3	
0	3	5	91	3	
0	4	6	195	8	
1	1	6	104	7	
1	7	4	94	9	
1	9	3	1	7	
0	9	5	119	3	
1	8	4	158	1	
0	1	4	199	4	
1	4	9	184	7	
1	2	1	29	6	
0	4	2	177	5	
0	8	1	59	2	
1	5	5	173	4	
1	3	6	140	6	
0	9	5	93	6	
0	1	6	44	3	
0	6	3	179	1	
1	3	4	133	6	
1	9	9	47	4	
0	3	5	185	5	
0	7	8	84	3	
1	2	6	1	9	
0	6	1	7	8	
1	1	3	196	3	
0	1	2	211	4	
1	7	8	171	6	
1	9	2	105	8	
1	8	1	154	5	
0	6	8	1	8	
1	6	8	26	7	
1	4	7	172	8	
0	3	3	132	2	
1	5	3	234	5	
0	8	1	54	9	
0	3	4	190	7	
0	6	5	34	8	
0	8	1	76	3	
0	3	2	108	2	
0	2	2	153	9	
0	7	3	32	5	
1	9	1	220	4	
0	7	4	156	5	
1	1	9	156	8	
1	8	5	204	3	
1	6	1	82	8	
0	6	5	213	1	
0	3	5	194	6	
1	4	4	71	1	
0	3	2	65	3	
0	9	8	145	7	
0	2	8	56	2	
1	3	4	65	6	
1	8	3	40	2	
1	9	5	61	6	
1	4	7	104	8	
0	6	1	73	3	
1	3	8	57	9	
0	1	6	203	9	
0	4	4	243	7	
1	5	8	1	8	
0	6	8	126	7	
1	2	8	101	2	
1	1	8	26	1	
0	8	4	243	9	
0	4	1	74	4	
0	8	7	233	1	
1	3	5	52	6	
1	9	6	162	7	
1	1	9	196	7	
1	8	2	189	8	
1	2	4	136	2	
1	5	6	160	3	
1	4	6	169	2	
0	6	8	109	7	
0	2	2	42	2	
0	2	3	51	5	
0	3	5	5	3	
1	6	7	182	5	
1	4	3	159	2	
1	3	4	35	2	
0	3	6	92	6	
0	3	5	95	5	
1	6	8	111	5	
0	4	1	121	7	
0	5	8	92	6	
1	7	5	220	5	
1	4	7	172	1	
1	5	9	207	9	
1	4	3	191	3	
0	8	5	36	4	
1	2	3	234	3	
1	2	4	16	1	
1	9	4	8	4	
1	8	2	73	4	
0	8	5	98	4	
1	3	3	73	6	
1	7	8	224	3	
0	6	3	149	1	
0	8	1	39	8	
157 193 82 117 87 34 50 129 27 42 58 128 160 128 24 182 85 162 110 28 105 186 90 199 12 45 100 122 192 163 6 146 143 189 181 184 26 131 147 142 120 78 198 149 104 35 37 131 136 151 146 85 169 78 95 2 50 154 134 59 196 96 41 14 135 16 73 16 197 100 109 145 100 21 40 76 27 62 198 155 51 34 25 199 141 60 2 138 107 50 151 103 93 109 199 101 41 120 169 84
43 20 77 147 158 105 12 120 45 60 146 180 140 122 21 8 14 32 36 96 75 16 37 162 150 120 166 35 143 151 160 88 178 148 104 50 123 2 42 56 174 112 131 18 135 115 127 72 21 103 37 96 180 195 115 22 45 85 68 175 200 69 101 130 122 198 9 188 178 163 44 34 22 14 187 188 186 27 61 90 59 70 162 38 164 84 81 67 27 78 128 16 141 67 83 199 57 31 23 22
47 96 27 174 91 191 2 82 139 8 167 95 12 57 88 188 74 178 48 35 76 6 173 137 72 128 40 3 11 71 176 1 134 101 183 127 137 45 180 182 52 180 52 52 61 44 134 50 100 83 154 109 175 67 118 14 27 78 150 40 161 53 135 164 22 131 95 100 131 184 44 8 188 30 77 72 80 30 198 88 90 49 93 147 60 1 177 134 143 166 3 85 107 82 5 199 10 108 39 71
45 138 127 135 121 20 28 92 163 86 14 158 61 184 61 164 45 33 37 149 187 170 70 108 173 176 63 110 2 42 124 102 141 199 100 22 28 197 47 94 63 3 75 30 106 91 99 107 36 15 33 138 168 100 17 66 167 124 30 104 166 178 6 37 135 17 30 182 117 134 23 152 90 74 189 50 48 72 39 23 194 146 90 189 33 115 51 158 25 9 199 193 124 182 58 182 189 126 155 185
47 154 169 25 57 119 12 18 183 176 185 153 78 83 13 98 166 104 149 66 178 40 131 4 78 169 7 177 54 71 190 51 53 127 118 70 88 89 78 140 81 76 96 107 88 57 199 80 44 180 135 3 22 108 107 185 192 113 123 200 78 67 158 61 96 121 161 200 39 29 148 72 148 54 160 154 51 57 101 198 38 157 130 155 104 49 35 56 17 157 82 170 169 91 158 55 97 26 150 35
112 93 108 93 71 7 188 182 186 64 94 93 40 113 178 189 10 145 55 88 169 196 81 165 66 90 62 23 148 19 60 104 53 179 101 93 84 134 89 47 137 185 122 38 144 105 61 104 140 125 21 47 64 24 5 6 15 13 49 26 27 12 160 120 140 66 172 134 152 131 56 199 50 52 85 21 84 75 157 186 87 162 30 25 172 186 141 109 132 178 59 61 152 80 83 144 146 143 35 57
154 103 186 11 95 28 40 165 138 2 66 131 1 54 176 76 148 146 10 101 135 163 81 148 163 64 44 57 96 13 195 78 136 72 97 69 152 156 97 31 157 32 69 114 117 94 143 147 77 51 138 134 108 18 98 67 159 138 111 176 137 49 97 145 60 168 42 43 193 18 26 115 77 28 154 112 43 98 179 8 163 54 70 132 124 50 46 85 140 51 86 52 176 104 146 90 196 39 144 28
127 180 119 61 162 195 114 9 107 138 190 46 83 124 30 71 10 110 96 133 29 194 110 120 77 75 32 123 71 120 160 13 64 1 108 43 15 32 23 168 44 151 198 51 108 100 184 200 195 197 127 191 120 119 191 103 30 200 155 143 58 190 92 106 187 183 118 144 118 183 158 7 126 178 33 77 194 33 8 39 18 13 123 199 68 3 183 4 6 149 65 58 26 11 37 103 165 19 179 80
98 100 37 65 24 161 16 127 34 165 48 30 52 83 154 19 81 81 39 15 90 47 182 52 45 49 77 53 55 60 30 57 65 60 148 175 90 49 134 4 132 147 48 170 125 83 177 195 75 171 94 196 181 171 72 87 4 134 89 117 194 139 29 123 83 6 46 2 77 108 111 55 167 189 8 84 160 196 8 88 158 144 177 11 137 71 23 57 19 113 86 51 111 170 157 125 164 92 188 173
81 179 78 7 78 163 62 2 83 127 73 74 6 167 6 89 151 12 21 178 56 191 152 148 106 85 141 28 179 81 76 162 27 76 162 117 108 82 35 89 166 176 52 162 148 8 137 108 38 62 23 41 12 30 180 98 149 174 69 83 115 194 38 144 103 155 126 37 140 125 1 192 35 134 61 130 154 21 91 187 137 45 30 64 40 50 76 126 132 124 187 127 56 3 190 172 180 22 15 141
78 36 2 51 148 167 7 25 107 126 39 132 94 61 119 15 112 146 146 115 19 91 53 49 94 173 53 160 129 92 24 172 129 100 98 19 26 25 126 71 128 61 154 73 41 19 116 155 136 141 151 121 192 80 167 125 74 26 99 130 122 22 196 2 193 40 145 14 25 183 54 166 81 81 101 79 120 22 100 84 194 112 100 1 26 72 11 60 36 46 93 180 144 58 55 69 115 129 114 102
31 139 42 123 114 161 26 98 145 184 18 136 193 34 1 173 147 185 14 198 188 71 65 127 200 50 138 11 94 100 106 91 91 2 26 106 155 143 9 94 119 80 174 142 159 173 142 16 36 165 145 1 187 72 97 66 41 70 153 40 8 96 131 159 66 199 10 141 132 63 47 172 140 35 190 161 151 71 94 114 112 77 189 21 172 32 119 52 156 19 33 127 170 43 48 188 8 136 191 140
169 119 112 96 1 57 89 78 111 162 140 196 149 152 127 46 107 40 173 15 75 80 193 122 147 57 73 60 118 198 190 105 135 197 78 111 188 60 188 95 138 115 39 143 35 113 172 46 96 186 140 193 1 7 17 100 186 8 183 50 190 80 183 183 8 23 22 135 137 153 91 164 113 35 181 21 68 137 192 103 185 82 9 177 38 91 8 63 194 52 183 7 69 166 196 116 50 172 129 1
188 91 103 108 24 197 121 95 126 105 33 46 149 134 155 50 3 45 66 55 5 177 107 133 131 123 17 4 31 68 152 148 79 80 45 76 87 195 198 198 99 176 188 163 1 60 125 17 127 119 183 39 15 101 27 77 165 11 113 17 115 4 35 54 19 85 5 64 12 13 184 164 81 114 199 98 129 149 84 117 169 42 59 35 194 87 60 155 159 140 46 118 79 144 23 77 159 187 83 136
138 68 11 27 146 181 162 146 170 18 110 110 38 83 13 10 73 35 118 3 196 146 89 68 63 8 159 97 66 34 40 37 175 47 22 49 12 28 121 73 190 164 194 184 36 23 38 10 113 66 81 15 85 127 71 184 150 72 175 38 178 117 130 106 188 135 50 188 134 68 44 59 198 100 148 73 99 43 26 84 73 129 105 167 187 171 139 36 170 99 67 130 200 97 152 117 89 166 3 63
176 198 159 139 77 138 22 28 169 34 40 142 141 91 40 161 117 122 112 82 186 118 153 4 65 126 175 62 168 120 61 183 191 56 43 4 173 200 149 182 64 170 188 107 159 125 45 181 164 127 14 41 72 93 32 138 167 9 45 133 120 187 139 44 158 191 48 51 26 133 86 165 168 85 148 74 129 145 172 152 200 155 61 72 157 104 8 128 78 4 41 22 170 121 55 169 48 72 91 41
101 200 59 163 155 94 56 16 38 75 144 155 87 27 184 121 158 69 85 193 40 139 182 198 122 129 44 29 10 24 171 168 103 122 188 153 50 171 158 152 97 187 118 46 157 85 60 185 180 193 22 2 160 191 40 49 10 139 99 20 127 174 169 118 120 17 8 122 129 174 38 84 160 84 38 44 22 16 60 185 81 153 168 177 14 129 1 122 97 52 107 18 169 37 30 193 168 99 32 171
78 111 109 139 78 65 71 110 138 192 89 156 4 182 106 119 37 110 39 44 162 121 150 39 42 152 39 126 3 139 40 195 100 36 53 99 111 162 93 129 176 50 131 3 19 62 127 4 168 200 134 196 119 107 193 87 82 48 135 34 175 69 137 80 196 13 42 73 123 108 178 132 148 93 180 61 69 123 135 163 1 172 133 64 123 139 9 132 54 72 46 162 8 104 122 137 99 10 56 14
198 167 162 22 170 200 180 42 118 26 144 26 185 183 86 40 159 6 59 64 94 105 89 200 38 69 33 164 47 91 34 165 17 128 78 139 186 21 7 132 194 197 59 158 31 154 33 88 159 139 126 199 23 148 147 176 27 148 154 166 200 29 183 128 10 112 199 157 79 25 53 165 138 179 102 136 25 127 113 39 132 38 35 117 7 77 127 1 150 56 51 160 146 80 46 90 195 126 198 152
20 198 164 168 22 179 136 164 34 122 135 58 21 96 70 192 70 94 98 29 150 61 28 107 82 198 102 190 56 31 54 40 83 55 87 67 143 21 83 53 121 101 107 77 127 103 112 39 6 125 188 73 47 149 86 76 141 46 157 195 27 190 132 166 166 9 159 1 28 162 200 102 47 107 11 124 36 146 196 108 153 87 199 34 119 104 45 75 16 47 178 153 66 49 96 53 154 123 111 165
35 140 55 17 94 200 29 200 9 168 61 47 149 39 195 42 128 12 39 110 133 19 175 113 97 46 125 140 31 55 109 91 5 172 113 55 149 148 61 140 25 152 83 62 14 79 192 183 118 78 42 159 171 194 169 175 69 179 53 37 64 196 135 154 78 81 95 111 165 43 116 58 25 103 188 151 13 86 157 66 174 1 136 67 99 88 137 17 21 187 27 183 159 23 113 176 112 35 199 94
102 91 164 57 188 82 136 19 101 29 190 143 3 22 166 161 148 138 155 173 171 142 6 182 172 42 77 126 129 54 88 126 79 150 37 126 173 88 129 122 182 167 46 113 159 134 126 37 46 188 146 166 140 117 151 198 130 130 196 39 58 146 38 154 96 21 81 69 143 69 82 71 183 60 61 166 102 113 67 61 147 75 149 136 131 165 14 158 28 72 120 195 20 75 10 58 41 96 9 58
195 21 112 136 156 8 179 85 154 40 143 108 142 164 29 98 166 45 100 92 26 63 129 96 140 182 169 197 48 60 11 174 140 182 127 146 128 141 4 76 62 37 192 146 16 176 148 65 55 149 69 61 131 175 15 3 111 158 166 142 161 92 51 152 184 180 19 67 123 1 125 16 96 138 122 100 121 140 186 168 157 131 169 1 68 3 141 61 194 56 154 62 144 164 71 44 66 119 58 15
169 8 27 195 183 115 73 175 184 169 33 193 76 75 41 168 87 83 123 41 14 139 6 101 177 142 22 56 24 141 178 200 68 197 10 157 58 127 67 18 160 115 48 153 189 119 64 100 60 97 151 65 187 27 44 86 158 18 184 6 156 22 46 22 45 32 196 182 130 75 37 81 76 159 89 110 45 165 38 187 198 187 184 92 187 100 159 191 18 166 34 196 12 63 97 188 111 75 99 164
164 75 115 154 146 180 194 33 116 110 94 127 39 58 79 149 160 94 8 111 45 156 100 109 126 159 145 174 68 6 52 181 191 176 72 68 130 195 30 167 72 85 196 186 197 50 134 136 105 108 28 118 57 47 31 141 43 105 141 37 67 149 67 138 85 185 75 81 58 153 95 163 133 11 13 151 8 119 4 54 122 90 56 83 200 81 138 136 11 148 92 20 93 124 36 65 191 39 131 188
116 106 82 108 72 180 161 105 34 170 9 43 171 24 61 38 23 103 47 37 174 53 187 60 185 195 141 121 178 185 134 74 153 2 94 28 69 192 23 19 81 178 43 172 32 29 143 99 173 36 127 189 76 200 87 133 112 65 56 172 128 200 71 180 157 10 74 45 89 183 37 107 32 54 104 102 175 78 25 61 121 101 63 55 132 6 39 190 122 1 98 52 183 56 115 29 80 158 107 199
50 51 163 153 123 12 175 70 185 137 125 152 156 91 75 28 172 6 152 76 55 144 191 11 140 115 69 166 150 13 153 52 51 178 3 173 189 139 160 138 148 138 147 144 93 115 54 44 182 33 25 145 129 81 73 58 25 161 25 127 38 159 103 182 62 58 120 82 137 154 185 110 85 126 128 119 158 163 10 123 19 66 174 130 151 2 194 27 97 156 183 154 105 25 13 136 43 143 56 18
37 188 94 84 132 103 79 94 2 16 18 30 107 175 189 115 67 20 37 95 87 163 6 49 53 168 121 87 31 11 163 184 195 190 148 115 21 20 191 19 23 38 18 119 154 38 81 139 8 147 1 155 47 102 123 136 112 143 80 44 151 57 44 12 28 106 74 79 137 91 170 74 33 78 35 66 65 132 174 28 41 172 103 153 124 69 47 76 163 55 57 6 167 31 30 108 168 34 18 162
162 147 140 189 171 89 91 46 181 92 66 40 69 21 33 24 98 117 144 178 22 75 126 21 2 1 52 198 105 48 5 147 57 183 105 138 146 128 110 194 69 144 3 156 13 128 173 123 161 17 50 116 83 200 86 27 54 63 86 130 191 11 129 84 2 177 108 52 51 38 53 157 145 54 52 151 75 197 65 112 79 191 99 33 127 53 110 91 107 194 46 101 124 133 12 192 27 50 195 10
18 107 82 194 80 41 72 191 48 113 7 45 185 59 160 10 122 6 47 163 191 131 30 77 135 29 40 16 138 157 5 137 13 190 130 87 136 96 87 186 57 49 97 97 118 164 164 175 145 62 196 6 160 18 138 161 122 53 115 4 92 180 16 72 195 2 61 77 24 57 179 99 31 187 185 155 56 136 101 82 147 136 118 77 177 14 179 38 14 56 30 144 54 76 93 96 47 150 136 108
170 183 34 33 45 163 123 12 48 170 15 61 93 181 144 98 125 156 115 23 116 88 128 101 73 81 179 59 88 179 101 147 75 93 21 58 160 51 164 123 44 140 3 123 35 102 105 142 164 1 12 93 184 124 132 121 177 59 18 55 22 15 152 3 193 135 181 41 169 42 99 198 31 67 63 163 88 30 111 144 84 80 24 183 95 93 14 162 191 166 84 62 3 169 98 14 143 36 94 100
198 123 54 169 54 12 133 195 165 170 30 74 126 171 30 155 101 194 132 86 109 74 37 123 107 37 130 127 94 172 66 62 129 17 154 166 129 72 123 131 58 132 103 158 103 65 13 132 78 98 53 109 99 125 96 183 14 166 161 159 41 145 179 114 169 162 50 99 94 38 14 162 69 23 24 89 113 151 95 127 56 60 60 46 92 185 86 12 35 194 190 13 121 65 39 106 85 73 174 46
86 95 31 82 91 58 89 2 94 16 194 186 86 112 57 93 112 67 106 57 166 128 137 177 10 131 100 19 118 49 53 57 142 162 29 127 85 120 37 105 65 92 188 73 14 190 126 83 181 119 161 64 121 87 16 40 107 155 58 200 145 148 152 169 166 10 26 55 192 176 57 17 193 48 196 117 87 154 64 29 149 200 37 41 98 15 109 9 127 20 128 154 112 161 142 59 32 86 38 125
167 23 145 112 187 65 144 19 107 68 145 107 53 155 153 186 41 186 169 179 82 27 74 43 132 30 38 160 19 64 68 122 41 139 27 114 82 107 160 26 82 161 145 108 18 198 62 150 96 85 162 186 64 57 147 116 15 149 89 180 95 61 155 145 107 123 135 22 12 165 48 144 112 76 44 156 107 160 98 190 70 148 91 148 89 95 125 146 6 44 166 116 100 7 35 11 172 1 17 46
91 66 185 101 142 126 47 78 163 161 81 61 123 161 163 194 93 191 140 46 181 93 159 36 118 116 97 186 88 81 15 47 185 24 198 56 155 92 179 190 177 125 8 47 103 47 183 194 139 177 116 167 48 163 154 119 160 90 18 169 151 92 63 4 20 103 91 4 12 9 80 59 137 185 171 184 13 186 108 124 104 121 57 72 62 43 141 157 19 152 146 30 39 95 62 122 112 131 109 21
45 132 75 130 57 28 159 98 51 127 130 7 131 21 40 28 82 130 97 44 8 111 19 26 17 180 91 200 156 16 58 120 108 98 76 186 199 122 167 67 127 183 32 75 9 124 126 166 171 53 169 81 73 104 66 145 58 89 120 90 88 118 55 153 8 29 174 149 87 170 29 161 125 131 83 197 157 31 127 8 179 68 87 174 13 186 9 57 115 91 104 106 123 120 179 65 124 118 62 46
17 51 142 15 10 36 179 176 25 93 147 25 200 163 55 99 115 99 134 151 60 161 133 49 90 101 133 23 114 26 102 11 89 190 177 121 6 55 52 32 139 48 35 118 8 88 12 184 37 148 180 189 189 127 75 144 103 52 170 23 168 107 92 157 35 170 112 164 145 153 26 102 103 120 190 199 25 156 186 28 145 197 177 117 97 77 82 139 168 120 37 123 24 1 40 124 184 132 177 101
143 136 26 54 192 47 86 26 157 137 170 145 91 21 104 95 62 40 79 198 161 145 88 126 197 116 55 11 65 102 32 101 119 124 17 39 65 87 178 39 122 78 75 113 140 93 85 42 53 61 102 17 32 115 173 160 159 15 33 104 37 119 185 194 119 63 192 101 85 142 23 18 47 165 179 134 70 52 11 123 17 55 182 59 162 123 137 23 44 53 26 23 148 7 4 138 11 69 4 109
76 166 176 87 105 66 198 190 112 142 136 129 56 154 28 26 92 12 90 168 62 24 87 65 167 61 4 193 103 155 55 143 32 175 56 138 186 65 64 21 20 2 107 82 15 90 42 73 130 8 84 196 164 17 32 180 119 131 133 22 15 100 110 62 12 83 11 133 62 86 132 20 63 14 19 77 38 62 102 158 82 104 100 65 184 108 36 9 165 59 55 46 142 171 162 117 197 120 137 70
33 160 105 104 54 138 2 176 160 56 157 96 138 73 16 170 193 160 75 6 17 122 161 72 10 159 29 89 57 15 128 122 19 146 12 122 73 32 188 101 114 167 4 183 155 94 117 71 59 90 179 20 41 13 130 30 126 67 174 111 69 83 18 187 60 136 64 95 38 128 101 158 19 21 13 190 39 8 26 48 118 142 168 128 101 176 37 74 193 135 72 21 195 80 56 99 180 150 123 13
1 32 46 95 199 119 180 17 158 114 196 152 142 105 127 119 29 36 107 17 67 32 178 97 53 6 133 81 29 176 35 61 38 113 183 191 133 176 100 23 193 51 33 7 79 146 112 49 143 65 137 44 19 140 148 80 7 88 129 198 115 180 128 88 123 2 43 114 192 76 72 147 30 4 46 27 153 63 84 161 95 188 64 5 145 56 196 85 154 194 136 9 170 32 24 154 199 130 60 5
64 16 179 139 109 129 180 14 6 138 176 92 171 26 160 163 29 66 37 116 107 83 128 161 191 55 86 109 105 103 65 50 72 189 133 24 65 34 126 185 151 53 57 139 189 117 172 69 184 115 21 132 68 13 1 63 145 3 168 100 172 162 77 167 118 126 64 167 168 74 8 134 131 197 146 6 34 136 122 59 146 194 175 31 55 35 121 44 136 161 60 126 166 92 58 83 24 135 194 46
134 129 111 21 173 32 59 12 150 200 143 27 191 68 79 125 150 87 160 44 175 130 197 185 88 126 153 150 138 194 145 117 24 170 113 12 58 181 35 154 173 68 182 78 54 89 110 77 166 192 67 64 1 112 69 80 47 21 49 96 74 89 159 80 123 133 162 133 33 23 136 165 11 126 25 100 190 93 139 5 157 61 190 166 195 160 88 98 85 41 112 184 13 67 80 112 83 146 76 9
37 139 34 166 191 70 178 29 125 92 159 17 64 94 6 140 114 173 35 99 173 199 5 14 25 10 102 196 144 176 148 58 161 44 58 42 38 68 21 47 114 86 71 25 87 51 134 175 179 107 36 11 120 86 86 87 171 108 147 165 137 81 90 136 109 45 28 58 124 91 139 85 45 106 29 189 86 27 14 178 48 17 27 160 169 180 43 135 84 136 27 179 106 161 109 190 47 166 123 106
32 15 20 66 136 95 159 141 53 139 51 98 178 189 136 114 147 121 43 160 138 168 56 148 103 20 1 189 145 100 191 90 65 146 91 48 53 100 15 146 7 96 113 51 126 79 173 22 52 31 76 14 26 25 50 26 121 21 48 196 11 31 53 110 135 92 196 68 92 181 65 109 45 72 122 39 150 30 83 159 162 176 189 50 56 4 43 82 50 148 56 79 171 124 22 193 108 186 35 88
151 68 150 94 85 41 151 198 118 151 178 148 33 131 124 12 91 195 104 199 28 166 103 125 65 66 121 8 191 100 120 120 106 22 107 155 93 154 106 74 109 51 25 55 141 104 101 137 196 68 66 161 48 157 112 111 188 99 155 196 184 9 75 149 39 9 18 62 100 179 193 41 185 116 154 146 96 182 142 86 181 52 1 92 184 97 75 81 163 143 48 21 61 119 55 28 3 199 171 173
113 128 86 10 191 23 1 32 107 147 50 97 163 65 8 36 51 98 20 126 127 52 125 183 151 44 39 5 49 110 10 38 97 6 87 58 162 42 40 81 64 101 196 199 58 54 43 168 125 104 85 6 145 127 196 73 33 97 125 158 163 159 173 142 5 182 197 82 157 153 16 43 125 24 161 136 24 191 114 34 91 97 94 155 93 68 139 127 177 82 8 48 58 168 112 42 124 121 68 108
43 98 147 80 89 64 141 19 99 182 124 21 151 116 91 133 194 163 165 173 111 17 40 3 133 62 95 133 73 127 79 84 57 103 180 52 191 157 194 104 8 75 73 12 164 85 109 190 170 194 12 39 125 118 178 55 108 143 76 188 85 41 27 27 127 174 161 81 80 61 92 151 142 158 137 9 146 91 49 38 54 158 55 98 115 53 47 91 195 44 67 8 73 120 138 118 107 90 101 181
199 76 160 146 106 80 162 142 151 26 44 190 109 159 189 147 34 141 41 37 191 124 134 34 141 106 108 77 170 200 131 112 162 140 119 19 153 46 2 91 110 29 75 6 183 74 92 185 161 38 26 23 116 137 22 150 24 105 140 198 57 102 125 5 44 154 139 181 63 195 153 26 94 14 189 180 35 69 83 84 85 56 147 23 138 64 194 43 200 10 159 16 94 13 62 69 184 43 4 54
20 74 101 89 110 79 32 80 105 70 11 134 59 96 117 76 110 48 2 176 82 165 17 142 25 112 32 192 99 186 157 67 158 3 30 22 83 113 176 154 178 107 129 71 146 108 123 180 56 175 157 80 100 139 55 10 112 46 64 163 98 14 108 85 106 3 31 99 172 92 135 31 156 85 88 79 66 91 40 197 62 187 110 154 123 60 161 21 6 101 118 194 134 127 77 180 124 52 172 175
176 73 84 22 20 105 164 90 23 66 32 84 139 156 76 127 195 128 169 52 20 190 45 154 178 154 55 45 178 153 166 89 34 135 197 182 171 88 71 92 100 37 21 158 138 94 148 119 78 147 93 145 127 155 5 79 178 109 65 63 116 23 40 77 172 140 113 168 122 15 95 164 78 116 86 25 135 70 109 148 124 148 63 191 37 127 1 150 8 125 46 18 18 46 104 111 30 48 80 142
97 163 22 83 179 186 148 189 176 190 174 86 177 96 141 155 77 8 129 26 189 101 19 176 22 24 51 131 152 166 99 87 191 132 194 95 70 150 1 11 76 129 175 64 176 107 7 42 104 88 128 144 111 137 200 25 179 171 175 37 64 144 125 150 95 119 176 131 149 73 111 131 140 23 133 120 184 93 97 165 105 140 51 2 124 50 166 99 179 195 125 183 119 148 78 19 35 53 76 77
62 43 179 182 35 196 170 149 56 144 48 34 198 170 184 91 196 153 156 116 139 100 52 200 2 90 51 174 131 123 16 90 199 134 6 8 5 135 8 56 141 96 10 102 182 197 187 65 43 10 78 132 134 191 130 171 13 29 30 142 172 18 17 185 123 157 1 113 116 168 143 84 115 100 23 189 113 184 53 133 141 179 50 176 30 193 192 21 124 164 187 72 143 79 58 162 112 89 138 12
28 184 135 138 99 159 69 199 142 50 28 35 163 112 21 186 91 120 79 78 88 61 178 77 159 77 88 126 180 199 26 41 42 19 121 134 117 27 102 13 188 16 76 171 181 121 196 62 155 175 56 161 112 120 56 101 52 167 170 95 79 134 124 55 154 50 192 181 154 120 54 15 149 135 49 43 42 37 86 96 161 188 46 94 8 154 41 121 3 174 132 140 5 35 97 134 88 122 48 173
91 9 22 114 190 11 183 1 69 199 68 179 132 175 187 188 22 143 38 79 47 150 173 66 139 74 56 76 187 191 88 195 103 196 188 12 186 107 123 154 52 45 13 66 187 147 132 157 188 151 123 156 153 185 52 196 73 45 88 98 47 114 190 102 90 176 67 166 154 39 92 29 157 83 100 130 64 36 23 19 155 15 44 142 10 85 183 170 139 80 55 152 159 189 188 95 147 196 58 181
25 133 27 168 154 75 149 17 164 42 92 16 35 139 164 164 57 200 155 135 24 104 49 197 166 57 193 88 156 53 91 16 15 137 64 152 164 61 127 152 26 133 110 156 191 199 96 134 69 134 77 123 154 20 156 200 169 14 33 139 114 72 186 23 66 39 3 71 66 198 115 148 174 114 2 57 16 174 139 57 133 98 186 61 34 67 14 37 163 163 177 125 94 16 13 120 144 30 22 166
192 192 82 9 132 85 157 136 18 186 105 49 111 114 82 88 61 61 128 66 63 4 178 175 93 142 13 195 112 24 42 29 75 181 45 143 85 184 136 126 113 18 185 46 191 181 65 164 162 171 10 60 10 177 13 192 107 151 101 70 40 91 151 147 65 123 157 138 13 61 83 174 177 70 49 156 149 82 14 43 77 100 114 109 36 169 5 116 38 37 13 62 83 39 70 129 1 71 66 93
38 104 140 40 29 14 70 23 64 152 61 118 39 180 73 194 121 82 14 18 132 23 172 130 63 157 27 152 17 120 111 87 121 39 30 142 166 15 59 94 91 53 103 140 76 107 110 192 73 13 73 41 146 81 104 198 194 180 123 79 78 152 130 109 11 108 1 145 175 183 15 125 111 83 123 17 110 92 114 50 175 103 174 28 106 109 186 187 99 187 138 157 83 14 185 157 101 6 165 144
31 30 102 133 7 14 161 121 175 144 26 117 155 36 58 175 155 162 186 127 154 191 188 78 6 141 61 110 145 28 119 12 19 88 93 31 45 117 148 63 118 75 109 35 36 54 147 32 166 33 10 22 134 51 133 3 131 32 135 87 128 167 163 37 70 115 122 4 103 74 26 2 6 59 145 116 125 44 181 155 157 156 6 52 40 165 57 149 123 131 174 22 42 77 74 31 69 59 146 188
176 12 166 6 121 34 119 124 167 182 78 65 98 165 169 11 24 19 185 46 187 57 122 14 170 147 183 81 143 145 192 193 30 77 67 189 97 172 179 196 23 97 23 32 186 126 37 38 41 111 51 194 25 18 41 194 156 149 72 74 176 185 65 94 4 160 196 144 128 120 198 150 33 162 185 117 40 4 8 109 161 46 109 5 134 137 82 86 148 195 154 197 93 30 48 72 80 114 111 156
2 71 54 189 99 54 43 47 135 74 181 199 190 198 14 137 3 143 37 3 70 142 165 19 38 100 130 5 6 149 170 161 186 45 199 106 37 197 139 11 100 200 93 166 32 140 176 71 16 47 65 131 168 4 23 112 59 160 4 67 35 69 198 43 104 58 125 42 6 114 29 30 135 129 32 147 48 106 119 113 71 193 127 84 61 127 155 169 79 182 23 82 144 16 99 95 81 97 32 41
15 196 103 29 51 99 28 18 12 95 61 87 12 145 185 177 14 154 113 119 190 172 16 76 102 14 70 165 40 153 162 164 14 110 56 58 145 89 179 163 198 100 21 39 196 7 139 84 74 140 14 121 109 113 181 195 146 189 135 188 163 3 76 86 43 34 109 3 98 187 145 33 23 131 88 94 164 34 90 196 48 129 56 2 35 54 180 120 88 19 158 1 173 34 48 134 151 48 157 13
92 173 65 65 157 66 130 83 107 56 117 108 165 100 3 60 180 148 121 118 84 14 69 126 94 19 113 96 115 103 38 195 111 22 117 15 55 57 18 147 197 182 180 96 69 94 3 124 137 54 75 126 67 83 168 14 66 114 47 58 92 188 56 46 172 9 143 74 19 146 71 52 127 176 150 95 68 141 187 26 58 34 162 193 40 182 50 13 174 162 69 175 156 145 183 114 59 64 92 21
42 102 173 43 104 138 8 90 82 61 200 102 174 42 36 54 101 48 46 82 27 11 6 180 179 93 153 139 96 133 134 193 45 27 168 161 141 113 22 54 6 114 22 30 37 126 103 149 21 36 146 113 102 152 85 38 192 98 79 13 186 180 72 77 39 88 173 110 129 105 15 145 38 47 114 14 193 51 67 34 50 172 44 136 193 51 121 55 97 113 27 62 97 178 134 82 148 24 4 173
79 179 131 116 79 19 102 29 14 11 100 80 45 19 13 135 99 16 177 101 154 33 81 48 91 78 189 113 63 23 187 19 172 6 38 75 60 18 75 118 100 123 113 152 147 39 121 65 81 102 99 64 45 19 11 18 38 163 175 73 179 91 123 135 21 82 200 7 111 53 97 90 77 185 76 65 120 129 135 160 109 12 173 177 77 178 45 1 10 50 64 35 133 54 32 136 58 61 86 19
142 16 180 98 20 143 135 102 194 108 41 127 142 36 70 13 153 41 134 105 178 17 60 35 71 196 125 18 70 5 195 86 139 77 128 34 37 71 190 147 170 98 90 148 61 109 69 175 33 101 25 120 58 69 141 184 174 83 1 99 134 191 71 61 116 98 173 27 99 59 157 125 30 112 65 64 10 125 18 80 93 82 73 74 33 172 188 196 145 56 76 76 97 77 72 80 118 125 125 167
176 167 90 94 20 22 170 67 113 196 145 97 172 88 116 29 60 180 150 90 32 29 14 63 196 99 72 2 109 10 186 164 72 18 183 130 18 74 148 44 133 95 92 132 91 170 181 19 193 150 156 36 181 5 159 199 95 105 107 125 135 112 16 12 175 74 150 194 171 144 42 3 97 110 69 73 132 90 165 22 61 102 47 81 107 24 28 132 119 46 65 25 136 99 187 27 189 139 155 33
31 108 20 187 121 12 143 25 144 57 20 62 117 133 101 77 118 63 28 119 138 188 154 38 12 144 184 72 175 84 109 162 60 125 195 67 28 97 73 133 166 123 93 22 53 22 154 157 79 169 39 45 145 65 163 180 79 78 123 119 88 187 51 183 197 104 94 90 119 184 73 129 197 135 198 63 163 152 57 47 102 183 14 21 164 162 26 196 145 33 24 87 29 109 113 49 15 183 42 189
46 171 194 187 142 131 69 148 52 45 190 136 197 184 176 180 109 14 142 145 107 167 114 198 97 82 131 69 135 197 167 38 163 111 165 186 66 60 60 123 43 115 52 24 85 198 75 199 27 178 17 116 56 105 3 48 137 86 172 172 70 169 88 114 18 117 196 32 170 142 3 120 106 174 14 41 186 80 12 125 67 115 5 135 4 112 77 86 133 196 187 32 144 73 26 58 181 196 38 68
138 48 113 98 101 115 80 61 57 114 110 144 8 143 28 146 194 36 36 157 150 140 89 44 79 189 76 166 137 174 55 158 108 129 109 64 154 115 102 141 77 138 97 17 102 189 80 111 8 103 54 136 158 132 78 45 144 140 2 186 191 104 124 60 93 9 143 139 143 20 198 156 83 64 103 24 96 21 145 189 42 157 53 72 21 4 200 89 14 139 147 97 122 33 125 92 89 188 87 39
28 4 102 135 153 153 189 53 31 115 40 191 183 182 111 2 111 22 34 157 121 117 153 107 87 164 180 153 193 19 57 107 98 22 166 13 47 186 81 88 77 132 121 152 156 107 96 173 17 93 72 97 14 113 1 198 175 187 126 143 86 170 87 169 104 4 160 105 168 109 40 137 92 68 190 161 42 174 167 174 127 34 140 175 181 24 2 24 7 18 130 179 72 153 20 108 101 56 109 93
142 194 58 159 199 183 48 38 39 49 155 192 179 132 32 89 90 53 35 11 56 4 14 106 5 105 160 148 61 6 112 118 165 85 50 161 22 105 115 112 37 179 36 34 177 187 8 151 133 92 57 59 30 111 137 199 42 32 86 9 166 199 174 200 117 153 26 54 48 148 195 79 11 48 66 73 104 12 164 192 82 50 95 99 91 67 9 103 194 161 118 174 69 11 27 154 139 42 95 100
153 148 7 102 16 143 109 103 46 185 165 102 174 59 175 167 93 165 187 32 154 20 177 10 18 69 127 73 16 187 68 80 3 45 21 195 190 40 62 90 153 42 174 129 4 177 156 152 18 60 6 125 175 88 149 194 39 13 97 27 65 194 102 67 128 132 173 87 19 48 133 97 100 98 115 118 145 158 119 85 100 89 71 116 55 151 154 7 46 156 96 59 158 111 60 5 105 155 29 72
57 51 41 163 103 13 26 25 45 112 141 153 1 43 142 102 11 104 128 149 61 153 144 69 51 96 60 53 107 127 100 146 51 27 194 76 121 7 93 5 25 165 67 120 74 170 74 199 37 119 190 76 50 140 188 96 165 61 92 6 115 166 133 116 170 89 7 191 54 21 116 8 68 17 152 146 185 56 187 36 103 128 63 188 47 76 94 33 67 12 41 129 35 25 163 5 54 125 149 16
80 4 33 122 46 36 24 26 53 11 64 4 133 108 27 123 174 162 8 99 71 179 2 2 180 73 14 110 116 169 56 10 1 137 137 126 20 33 181 149 40 27 74 184 93 81 167 9 163 116 171 24 64 36 157 93 69 171 163 164 123 117 160 122 177 37 184 157 14 79 28 187 176 49 195 27 92 9 180 87 147 1 143 98 16 68 134 44 108 151 3 137 23 103 193 157 42 141 154 112
38 29 70 162 93 15 101 2 73 110 108 73 153 133 77 130 34 164 118 2 178 60 157 70 58 200 55 56 67 9 119 2 165 163 177 20 100 28 198 7 40 24 83 137 36 145 45 119 174 49 187 133 188 58 179 52 161 79 62 156 55 164 144 72 114 40 49 153 47 49 162 6 62 175 153 60 33 95 127 94 89 167 191 74 34 119 99 122 26 10 53 195 178 159 104 167 111 27 31 191
134 195 65 165 18 42 180 142 111 193 36 56 55 115 123 157 186 172 25 41 5 190 109 18 62 163 174 40 191 48 38 94 6 117 30 27 81 93 82 2 23 196 142 76 105 52 100 54 70 68 14 143 148 24 48 172 65 200 65 96 120 79 125 46 183 81 35 35 87 111 162 130 56 27 9 106 198 66 100 191 169 169 97 120 159 82 72 91 187 147 38 30 186 148 148 13 17 151 190 27
172 28 23 9 71 185 86 81 168 141 124 132 20 92 80 113 181 65 149 1 23 89 94 34 24 43 90 29 74 88 142 31 71 59 119 46 172 167 48 30 118 61 89 104 43 54 104 166 123 186 126 161 37 106 114 26 179 196 129 50 104 147 26 76 1 43 137 131 129 126 158 191 195 184 171 121 136 26 52 23 66 20 21 61 42 35 186 86 186 198 182 158 57 95 66 97 98 42 17 95
63 127 152 66 200 62 103 11 77 157 63 116 171 198 88 47 24 143 19 86 120 56 22 175 151 54 39 174 33 168 150 85 151 144 143 52 62 110 151 113 32 111 142 86 30 134 162 20 187 90 137 10 197 119 81 104 41 180 107 84 119 71 37 18 59 122 87 198 10 186 50 191 128 197 132 66 33 30 95 36 57 125 200 68 163 14 55 17 53 165 50 83 140 105 93 135 196 89 62 81
87 36 178 137 55 156 26 160 107 200 42 139 20 193 115 193 65 2 83 142 62 5 37 7 101 84 112 23 22 96 185 23 136 139 94 25 12 81 69 20 73 99 140 142 61 65 195 59 108 170 105 17 87 57 98 179 77 159 76 62 175 57 8 101 189 39 79 53 69 114 115 107 32 23 90 198 12 42 134 177 5 37 23 36 23 31 57 118 182 111 72 25 112 175 18 17 174 8 155 45
118 151 196 54 197 91 175 194 98 27 24 63 137 194 36 88 165 111 19 151 91 143 79 19 59 37 17 140 135 199 35 82 189 108 187 79 149 166 37 97 143 86 133 57 116 109 195 134 77 123 150 164 172 93 168 167 154 122 2 10 87 78 48 1 109 100 190 85 102 133 155 196 153 49 11 124 52 60 114 9 79 67 156 83 142 119 6 115 112 16 199 191 67 147 75 48 154 56 34 50
156 80 13 164 97 146 147 13 60 48 90 47 22 8 127 160 141 180 123 44 77 188 38 54 84 128 166 155 28 186 159 146 81 133 110 139 44 95 123 129 114 153 44 123 117 122 95 191 190 12 54 122 34 65 160 192 135 165 117 197 47 58 134 80 142 192 174 41 189 178 32 31 172 41 144 106 112 100 152 74 133 139 32 84 179 122 139 183 167 77 188 108 152 62 8 56 45 172 73 89
34 57 146 9 134 33 18 42 46 194 105 155 158 103 24 32 73 38 63 45 103 67 62 163 67 180 83 200 189 192 117 172 39 122 170 41 31 74 5 153 134 129 33 34 2 40 137 58 94 108 32 99 135 118 39 188 95 127 162 158 99 127 45 17 69 170 104 174 81 71 189 41 11 100 198 1 20 66 121 61 101 68 150 22 44 110 191 132 160 30 64 26 51 181 118 79 134 166 130 3
34 173 145 59 35 61 22 101 78 49 105 158 48 6 180 4 40 166 33 65 76 83 61 18 55 125 132 128 34 194 54 167 4 153 21 18 196 167 54 35 146 161 78 175 121 137 94 149 67 183 110 200 6 160 34 108 21 68 173 124 55 163 158 198 186 54 110 92 74 174 197 193 10 69 118 186 63 33 131 88 80 107 52 109 95 30 147 122 143 177 169 22 18 174 124 183 30 28 141 118
128 45 175 61 83 15 138 42 55 55 196 91 107 120 34 78 7 52 98 5 70 62 131 96 173 67 168 166 182 121 31 93 150 10 66 28 190 72 45 110 147 37 121 158 63 51 69 67 8 100 93 105 1 26 136 73 126 26 111 197 101 83 89 192 131 107 46 52 155 65 55 57 143 169 182 21 163 154 73 63 16 31 10 81 150 7 51 132 60 157 60 155 86 131 191 86 38 20 92 67
200 159 55 160 5 164 176 38 140 102 51 144 47 186 20 89 155 70 130 89 172 66 136 183 60 3 177 8 80 54 168 163 72 88 112 6 77 132 116 72 139 79 135 138 109 65 125 147 16 49 125 121 149 109 172 4 4 166 79 147 183 146 195 139 14 180 97 133 64 103 59 116 19 50 196 66 124 98 70 93 136 174 25 128 12 180 87 7 120 36 100 32 196 155 105 139 56 103 140 31
53 69 81 151 119 173 146 131 148 129 183 38 30 57 25 113 100 174 115 149 32 153 46 153 98 176 74 121 35 80 193 197 5 141 176 180 43 186 24 197 183 190 139 195 53 63 73 88 12 16 110 37 122 180 33 141 47 43 101 10 161 186 177 116 23 177 88 121 44 36 165 34 137 98 77 149 82 110 108 188 66 30 198 127 183 66 113 142 19 195 5 106 101 151 174 20 162 40 163 162
13 138 143 55 170 123 45 195 45 107 78 8 116 189 64 129 12 183 86 131 163 67 103 129 200 35 179 117 171 159 10 29 153 23 146 91 117 193 92 185 79 100 176 77 67 152 76 96 104 80 73 187 171 53 123 34 147 88 181 136 85 188 124 139 13 129 5 186 98 63 48 95 13 40 49 198 179 139 151 89 87 168 5 98 62 11 160 13 142 82 17 41 194 139 83 6 200 195 10 113
142 44 22 43 90 84 58 69 62 64 12 133 140 187 173 19 186 96 10 146 93 129 33 172 71 90 176 87 180 167 39 25 158 45 38 14 15 116 33 34 137 144 59 92 191 79 89 82 138 107 125 24 11 115 134 104 199 67 94 62 89 54 143 143 63 148 18 21 185 95 59 11 144 70 61 133 53 191 27 159 112 46 134 91 101 70 188 42 177 65 36 58 152 136 133 23 114 186 58 122
133 8 156 97 162 6 25 23 163 29 42 159 192 10 170 58 72 69 7 12 110 11 16 37 138 75 62 170 132 84 173 28 2 12 95 178 4 47 176 127 30 170 74 94 90 91 199 54 45 18 108 175 53 67 79 1 171 133 136 163 117 182 61 37 167 102 24 33 156 25 165 23 88 96 140 62 131 84 111 15 72 21 30 8 36 53 74 185 75 37 141 18 21 189 90 50 45 131 172 164
50 160 136 9 20 39 184 99 82 104 102 16 158 41 105 97 158 56 108 20 113 171 121 81 34 158 9 59 110 21 22 105 10 79 115 57 108 127 112 136 36 44 151 169 73 84 153 121 135 83 134 44 144 158 190 81 45 144 69 133 189 124 169 139 171 141 149 157 169 90 14 147 18 58 108 164 176 41 177 32 91 96 115 56 182 199 182 117 131 27 16 58 185 30 175 1 179 198 27 157
163 186 122 32 8 131 83 189 172 177 34 168 16 57 148 51 148 2 15 64 45 41 20 54 54 69 104 45 20 14 86 143 61 185 17 22 192 95 87 191 136 70 149 113 138 19 118 79 181 167 15 151 62 77 197 19 72 196 199 26 146 200 187 140 89 189 65 168 76 77 186 29 138 49 100 174 15 55 153 21 159 66 52 58 153 58 167 76 182 128 8 50 158 143 56 121 23 139 81 73
86 7 119 33 171 46 61 123 36 167 171 19 79 125 34 153 59 66 20 116 72 172 164 91 118 101 97 16 29 196 126 48 69 99 38 157 4 152 9 78 8 84 106 196 74 85 98 30 19 112 18 26 63 168 59 58 70 6 133 11 124 123 69 2 54 140 183 21 167 17 183 178 62 147 71 4 30 139 176 160 51 193 70 92 44 193 188 20 18 65 156 75 39 155 98 14 126 88 114 93
132 99 135 108 167 199 107 82 28 80 25 69 13 128 147 3 158 68 129 119 147 95 146 191 102 171 36 179 135 71 9 80 118 181 123 158 134 28 131 35 121 134 170 44 60 195 185 166 176 11 195 72 7 108 20 122 139 83 81 97 111 41 139 153 112 170 31 74 181 95 102 149 32 108 74 96 113 23 23 192 134 55 79 69 59 153 108 183 149 74 55 186 99 27 29 8 22 131 171 87
12 195 54 38 56 100 143 69 69 176 66 6 123 1 130 186 70 147 176 141 123 77 107 149 28 183 104 157 54 78 76 45 46 25 136 190 171 23 175 33 155 179 199 37 23 145 187 100 108 34 82 113 23 140 160 63 195 138 103 94 106 159 67 44 19 22 88 170 42 180 115 15 25 149 129 155 42 38 167 100 146 74 77 110 177 181 152 38 78 12 154 46 113 134 54 113 182 68 113 97
49 79 146 146 180 180 104 18 42 48 48 110 143 102 71 59 37 119 85 34 76 104 82 16 70 76 124 86 129 91 105 122 172 175 54 32 67 54 18 174 85 142 43 7 33 52 186 17 186 190 155 52 136 74 136 94 84 196 32 29 133 52 152 189 11 14 190 156 65 173 36 72 110 196 155 20 98 152 146 164 22 122 97 59 66 179 86 34 189 141 72 6 140 150 33 183 43 166 198 7
93 159 11 75 111 164 148 12 178 6 22 8 123 58 14 145 4 107 133 177 9 107 71 81 11 114 85 199 172 20 184 13 93 45 101 111 180 190 126 14 151 81 75 44 112 73 107 169 153 157 117 2 183 137 50 111 57 89 69 189 110 2 96 94 19 161 115 102 120 6 80 84 139 12 174 160 134 104 137 78 199 142 195 165 121 90 116 158 175 85 44 16 156 5 83 10 150 72 170 29
82 170 118 48 16 174 117 144 127 121 113 127 21 51 149 151 31 37 177 118 106 12 192 147 168 26 37 172 29 108 102 170 63 111 107 179 59 65 196 63 159 183 160 118 139 195 137 91 191 115 154 109 88 175 24 167 43 43 113 63 63 162 59 144 28 36 181 143 199 178 109 75 47 160 79 118 136 65 52 143 57 43 159 82 87 146 71 50 36 37 127 60 14 161 31 77 161 120 172 34
11 69 171 27 154 121 62 106 127 39 109 165 91 189 102 120 129 63 35 30 29 196 18 142 78 70 91 66 105 141 5 3 51 32 198 6 70 147 7 103 54 114 194 140 171 166 174 184 38 39 103 69 38 5 97 29 171 192 182 156 109 168 188 133 134 177 85 168 186 26 195 15 52 85 168 77 118 159 61 47 138 71 1 162 104 69 114 93 21 190 197 199 130 104 81 98 102 22 138 179
7 105 114 193 85 197 51 49 166 186 116 10 167 73 116 8 35 68 122 198 15 175 43 67 1 150 160 116 170 85 159 159 26 8 34 179 187 38 46 62 117 14 108 28 108 162 85 121 33 39 67 73 77 172 36 170 166 34 61 192 86 189 191 154 5 83 199 40 49 101 34 53 82 183 182 49 3 26 86 145 110 146 4 67 161 166 39 80 161 88 96 91 111 161 6 69 17 69 70 176
109 136 122 86 21 40 200 8 101 140 166 172 112 54 85 191 121 102 175 11 66 156 13 136 117 10 102 183 113 40 118 3 1 90 90 168 38 79 192 28 82 50 52 14 116 6 118 41 137 170 89 56 21 179 9 173 144 32 179 10 117 153 185 34 96 77 37 13 27 64 175 54 50 132 136 125 144 2 107 98 27 34 114 141 32 87 149 75 76 106 170 86 149 177 196 70 117 156 81 163
