30 	
43	85
0	19	7	356	6	
1	6	6	438	5	
0	79	2	476	3	
0	8	2	59	1	
1	65	5	378	7	
1	44	6	271	1	
0	41	5	528	2	
0	27	6	437	4	
0	82	1	631	3	
0	5	8	337	4	
0	20	8	413	2	
1	24	9	608	1	
1	18	6	361	8	
1	13	5	675	8	
1	65	8	527	2	
0	31	1	510	5	
1	96	3	271	2	
1	81	7	30	3	
1	31	9	312	4	
0	71	7	252	2	
0	52	2	594	5	
1	49	1	557	6	
0	37	8	410	1	
0	1	8	234	4	
1	93	4	313	9	
0	7	4	232	6	
0	95	5	71	3	
0	93	6	40	4	
0	32	7	131	1	
0	74	3	674	2	
184 34 113 121 3 46 187 157 63 14 144 25 161 129 3 54 90 19 114 38 149 104 38 77 129 14 32 193 190 65
133 59 170 43 54 180 162 47 190 46 38 11 86 146 148 2 132 14 51 200 170 69 66 125 181 152 84 101 43 190
40 56 80 79 160 139 190 175 76 55 136 89 17 94 146 125 3 194 174 77 30 145 154 106 191 3 133 104 169 174
1 94 114 178 70 15 188 72 196 25 139 37 107 64 175 39 44 170 63 16 165 40 105 94 167 96 118 68 39 126
38 97 113 170 115 198 76 15 148 126 20 4 132 85 100 108 74 7 97 88 10 56 51 152 87 91 48 182 13 91
22 138 88 135 87 186 100 197 198 155 104 28 82 82 58 133 13 90 35 128 60 143 74 94 157 197 6 170 22 91
152 71 145 129 120 104 6 119 71 40 184 44 116 27 69 85 125 69 65 15 127 34 55 64 51 187 2 99 59 6
162 53 1 9 63 110 137 153 199 40 67 161 16 11 197 181 58 71 192 6 22 189 113 152 196 156 34 35 27 141
6 10 169 148 180 5 47 47 81 130 134 11 7 40 116 69 16 45 147 76 29 134 160 10 191 14 161 157 109 143
172 137 132 136 167 145 92 62 56 66 146 103 119 81 174 15 63 141 74 41 40 108 96 164 151 35 126 8 76 12
10 102 86 81 2 49 170 59 109 164 62 5 2 82 139 41 135 140 120 61 150 75 41 37 126 20 99 154 130 113
134 75 200 10 113 48 49 135 13 97 89 120 17 95 6 49 118 134 63 99 111 62 73 164 96 199 125 147 85 42
126 111 51 145 164 120 44 56 53 99 139 199 165 150 83 140 44 4 115 1 127 78 29 8 148 145 87 166 46 137
134 105 88 90 187 72 48 41 3 27 7 123 69 185 104 125 93 181 191 151 16 47 16 117 187 80 81 124 103 153
56 129 77 68 3 40 118 85 84 55 151 99 58 140 62 45 105 7 93 94 67 67 117 61 64 41 152 124 179 119
185 115 9 8 161 106 39 140 54 2 146 79 22 10 121 25 80 179 136 64 29 69 4 10 138 98 17 36 182 55
34 88 76 164 96 78 186 94 187 108 43 147 143 111 129 57 58 40 51 178 5 190 60 3 76 5 38 126 81 82
2 20 4 5 29 34 114 1 25 22 76 63 48 25 86 120 87 109 59 26 149 123 85 74 200 20 106 140 94 98
114 106 76 15 157 107 45 100 179 35 34 4 93 91 139 181 174 1 20 126 87 167 192 160 138 84 173 188 86 5
158 80 33 149 165 152 39 33 32 45 138 192 128 158 43 4 37 121 148 60 191 163 34 75 127 24 153 99 81 29
99 65 113 119 147 3 172 160 76 169 157 10 75 105 141 179 38 23 128 145 17 125 167 63 82 186 4 139 34 158
59 49 47 165 147 122 169 119 56 101 163 170 63 150 115 57 132 148 168 104 18 42 81 130 71 52 35 116 31 37
165 4 63 178 68 102 128 107 24 193 156 141 158 78 163 132 97 67 183 110 18 57 164 148 86 17 162 126 158 192
22 94 40 112 69 81 61 101 95 157 125 80 162 92 143 68 194 151 97 184 34 30 30 155 71 91 195 10 55 157
48 123 38 82 133 1 199 196 149 67 120 101 19 131 41 99 94 136 167 1 99 143 99 141 142 144 53 120 12 139
87 90 174 37 129 90 154 40 61 140 180 177 54 174 45 167 81 90 178 108 16 160 187 69 121 75 92 54 36 45
192 165 41 177 31 21 97 163 59 67 59 88 104 195 21 14 92 37 187 34 167 49 180 91 17 50 47 199 47 100
128 45 5 48 75 129 55 3 149 102 44 124 172 109 152 117 101 193 154 86 44 104 48 22 90 81 84 156 167 17
190 149 101 175 167 120 14 196 8 125 55 109 108 11 147 111 42 133 151 194 38 168 159 30 45 10 174 40 48 3
184 66 189 18 103 135 93 187 155 197 42 68 90 57 32 97 19 43 15 138 198 192 44 75 184 131 24 189 49 94
120 41 6 21 81 177 7 86 158 198 183 161 161 174 186 45 174 33 155 129 39 6 141 147 36 76 150 172 100 118
