10 	
5	87
1	59	1	74	4	
1	1	9	216	1	
0	17	5	128	7	
0	72	7	129	1	
1	84	6	268	1	
1	1	6	123	6	
0	87	1	225	3	
0	75	1	215	3	
0	64	5	181	1	
0	80	6	205	2	
25 122 46 109 110 99 65 1 189 44
93 17 28 87 69 2 41 129 180 127
89 129 76 167 22 26 73 178 153 107
37 85 168 139 126 178 145 74 47 101
16 179 139 59 136 19 187 79 121 151
94 65 148 157 197 91 37 74 183 67
172 147 51 200 93 13 139 15 48 142
22 94 143 79 51 148 127 124 46 102
79 14 104 124 118 98 155 34 52 19
98 10 143 19 97 70 65 116 93 138
171 86 37 191 40 41 16 198 169 4
