40 	
78	79
1	2	6	354	5	
0	3	6	202	4	
1	2	9	25	3	
0	7	5	186	4	
0	8	2	153	8	
1	9	7	38	4	
0	1	4	67	1	
0	7	2	263	2	
1	2	7	174	3	
1	9	4	182	1	
0	4	9	375	6	
1	9	1	306	7	
1	4	6	176	8	
0	6	7	180	7	
0	4	2	37	1	
0	1	5	88	7	
0	1	8	188	8	
0	7	8	184	6	
0	3	1	40	5	
1	2	1	370	2	
0	8	6	125	6	
1	6	6	280	5	
1	5	2	129	3	
0	7	9	80	7	
0	2	4	68	4	
1	1	4	204	9	
0	4	8	254	3	
1	6	9	34	8	
0	3	3	188	9	
0	3	3	193	6	
0	6	9	273	7	
0	7	2	83	7	
0	5	9	141	1	
0	7	5	98	4	
0	6	3	292	5	
0	8	4	315	2	
0	5	7	251	4	
0	5	9	346	5	
1	1	8	155	3	
0	8	3	60	3	
78 177 64 43 87 65 162 59 136 160 62 144 195 172 1 106 117 120 26 188 80 126 88 31 34 138 7 193 99 81 41 120 119 101 153 182 93 24 192 3
6 95 132 5 27 94 151 112 88 114 92 153 158 100 60 163 96 34 87 159 19 146 43 121 155 40 165 96 39 155 168 1 169 198 148 187 106 47 151 97
77 21 123 42 146 110 111 200 137 152 115 107 43 141 20 135 25 188 40 63 65 197 102 54 46 184 74 117 123 90 122 6 36 172 172 22 45 69 179 93
168 65 161 197 115 111 98 95 64 199 43 69 145 178 17 48 133 20 43 61 41 167 70 51 111 141 119 64 154 69 170 65 130 133 197 119 11 1 38 160
18 86 164 175 199 74 9 181 154 77 99 22 195 147 39 94 93 129 93 15 119 61 38 91 33 153 83 86 172 28 180 136 79 123 166 109 104 160 65 168
68 60 124 164 88 184 199 22 143 180 22 195 182 75 72 5 174 112 89 115 168 36 96 4 177 51 125 29 79 189 125 128 127 155 31 137 137 60 168 108
83 10 105 178 21 144 113 153 152 160 62 8 168 174 4 122 66 172 14 76 178 15 44 123 39 84 26 198 174 146 7 148 45 163 156 43 200 101 132 57
168 165 127 84 126 110 180 147 63 186 197 25 116 74 169 96 28 149 66 164 93 47 106 150 18 33 171 54 22 78 104 7 28 68 128 147 138 60 183 3
18 66 113 142 139 109 132 103 133 141 80 48 35 154 187 60 47 161 109 5 55 85 77 152 60 105 1 124 56 173 131 99 118 152 193 83 67 189 69 125
106 132 24 102 198 87 127 66 93 175 6 129 44 47 103 44 199 67 19 81 93 34 130 85 124 71 94 93 23 99 5 93 67 108 182 33 52 152 195 171
46 41 172 59 128 123 152 173 189 154 60 33 8 146 29 2 46 42 182 63 198 171 8 171 24 101 41 171 91 29 184 55 49 51 43 194 65 40 121 158
78 196 133 145 27 160 180 66 1 159 84 134 158 139 160 88 193 166 67 118 29 94 156 138 61 45 22 155 171 14 128 38 24 186 137 178 165 195 159 59
57 102 56 168 35 47 190 147 100 72 84 132 190 82 171 129 194 44 97 141 12 10 73 76 128 28 81 115 182 63 134 161 111 107 130 105 45 24 155 133
46 108 60 82 191 53 42 94 174 42 40 63 105 182 139 85 150 139 98 200 23 18 144 177 107 97 157 50 48 142 66 148 116 195 116 193 173 124 85 112
80 74 6 26 167 34 79 152 77 89 23 119 172 162 131 185 114 10 23 185 176 133 73 17 84 190 176 103 197 42 3 107 11 161 154 10 35 109 154 167
30 186 6 138 63 145 137 177 59 51 125 37 8 112 29 45 75 87 170 44 55 162 108 138 26 37 112 94 199 76 119 176 94 55 195 99 106 26 52 74
119 31 73 196 186 195 31 126 182 108 58 83 167 107 12 40 182 77 1 127 77 198 125 48 75 25 10 75 51 8 97 148 104 31 181 114 78 153 138 152
178 172 110 198 125 62 47 52 173 198 86 134 190 146 142 190 180 70 125 9 67 184 49 194 63 148 3 71 191 3 22 160 195 144 8 108 42 126 64 79
22 70 39 148 83 170 46 14 189 99 128 61 46 51 72 49 139 15 166 32 187 131 188 137 132 166 2 39 40 46 175 16 108 188 32 19 71 90 21 47
141 163 167 187 16 1 74 73 93 164 89 131 88 36 176 46 106 34 174 112 97 144 127 166 138 101 158 181 154 142 73 200 37 103 37 149 190 18 162 45
14 184 100 186 18 98 187 112 47 166 37 191 29 101 15 160 19 22 48 160 15 34 161 175 66 95 193 55 92 1 90 72 114 147 116 4 117 180 136 79
167 94 8 126 136 117 43 127 76 191 71 123 198 112 26 63 62 116 61 45 9 138 24 69 133 8 60 15 114 141 30 49 38 17 2 151 16 127 153 184
143 60 7 40 22 13 19 87 15 32 120 158 4 116 198 196 192 134 109 23 57 100 72 103 171 103 97 91 32 93 188 95 54 37 21 84 59 195 182 17
99 196 41 124 77 47 155 9 29 127 122 107 131 179 154 3 164 126 187 19 17 47 125 32 53 30 106 123 190 21 137 64 141 158 74 1 148 42 131 22
156 105 162 34 123 15 22 30 54 112 77 30 143 117 16 45 97 110 75 43 108 45 143 18 97 46 80 123 133 24 189 143 175 20 112 1 47 37 36 167
66 163 108 194 106 126 146 92 189 54 34 187 87 110 36 162 138 16 55 113 181 64 159 168 94 174 96 28 80 43 167 18 191 105 108 23 178 136 24 8
90 47 36 92 98 177 160 108 137 118 17 126 155 140 71 36 24 90 77 23 169 119 193 174 25 94 88 60 16 25 142 17 30 161 21 54 88 52 150 173
144 197 109 186 4 7 168 83 17 117 29 26 4 107 114 137 17 74 112 94 184 9 101 133 80 141 164 28 78 179 48 98 160 85 39 2 161 90 168 149
157 127 189 6 9 33 154 141 200 117 184 89 169 129 124 65 157 188 4 136 104 17 118 145 114 181 77 155 112 104 192 119 167 144 178 24 87 188 45 113
30 35 124 71 23 77 22 9 138 172 121 66 9 41 10 86 65 182 50 55 189 110 81 47 177 109 105 71 63 23 79 132 13 5 45 116 55 91 173 198
193 74 141 43 77 80 65 138 64 107 154 195 189 109 63 170 37 33 97 181 22 69 144 58 135 182 55 36 160 125 10 156 24 168 148 35 55 142 109 36
37 177 160 21 76 184 7 96 169 134 148 29 180 85 162 71 30 87 97 54 163 43 134 115 97 84 70 102 9 143 173 141 177 102 139 102 197 110 148 160
65 171 184 143 55 9 80 4 173 126 190 39 145 151 77 197 155 111 187 174 14 133 195 11 192 39 59 164 172 78 151 81 55 178 131 173 162 172 101 198
115 78 10 154 146 165 175 175 98 155 99 99 95 145 161 73 52 184 12 120 56 3 113 38 25 132 14 138 131 67 69 162 164 92 143 172 10 112 56 109
166 145 190 97 161 63 35 146 98 38 97 89 111 84 160 23 9 3 5 65 190 9 41 193 128 58 48 147 87 15 51 4 144 193 91 68 142 95 120 10
165 145 128 149 199 56 171 173 72 59 97 184 8 174 61 167 141 53 152 4 146 57 130 116 25 171 67 195 82 138 158 127 14 195 90 35 157 140 43 73
185 121 164 151 116 182 131 159 20 100 140 174 87 149 118 49 147 147 149 42 32 23 192 57 17 97 39 181 66 190 136 68 6 159 116 19 65 13 131 159
43 89 133 52 60 97 103 196 56 37 184 59 130 29 67 2 138 75 123 105 43 62 174 52 48 23 44 98 65 149 122 57 86 38 145 118 17 72 8 173
88 13 56 178 91 155 73 45 94 18 173 88 128 140 81 171 18 188 146 104 147 114 27 135 131 4 7 172 181 7 157 167 41 54 143 96 18 82 146 39
71 182 60 90 111 157 86 183 153 32 54 54 50 121 168 107 185 114 101 22 89 197 60 46 95 99 49 166 38 72 197 96 91 38 79 136 70 144 96 25
109 137 54 121 150 95 75 164 136 58 112 131 123 143 85 110 38 71 3 28 47 154 65 141 58 176 140 133 181 80 118 67 31 42 154 16 109 184 10 181
