60 	
0	33
1	5	7	57	7	
1	9	8	236	6	
0	1	7	291	9	
1	7	9	18	1	
0	1	2	211	9	
0	1	6	218	8	
0	1	5	250	2	
0	6	2	292	7	
1	9	7	260	6	
1	5	1	120	7	
0	8	9	176	7	
1	4	4	203	8	
0	7	1	135	5	
0	3	5	160	4	
0	9	8	132	5	
1	6	3	239	3	
1	1	7	156	9	
0	6	3	100	8	
1	7	1	132	7	
1	7	9	108	4	
1	9	4	97	7	
0	5	4	189	8	
0	5	1	293	5	
0	3	9	165	8	
1	8	3	162	3	
0	9	5	160	9	
0	5	6	170	9	
0	6	5	186	8	
1	8	9	167	2	
1	1	4	126	9	
0	1	9	248	3	
1	5	7	36	9	
0	6	6	197	2	
1	1	1	186	8	
1	2	3	210	6	
1	3	6	72	3	
1	2	6	40	6	
0	2	4	225	9	
0	1	3	24	7	
1	9	4	131	3	
1	6	6	271	3	
0	5	5	21	1	
0	7	7	69	3	
1	9	9	109	7	
1	1	6	56	7	
0	3	8	282	9	
1	5	7	145	9	
0	5	3	257	4	
1	2	5	245	1	
0	3	5	245	4	
0	6	2	84	6	
1	1	1	276	5	
0	7	7	55	6	
1	5	1	201	9	
1	7	1	117	1	
1	2	1	140	8	
0	9	1	267	2	
1	8	5	43	2	
1	9	8	114	4	
0	2	9	227	1	
1 84 48 129 6 166 115 200 113 123 28 35 70 90 188 44 64 172 145 105 137 136 17 98 102 71 107 160 199 6 75 80 24 61 168 192 114 130 33 115 95 179 10 164 185 64 96 135 192 65 163 20 91 113 143 134 59 86 42 33
200 131 79 88 67 144 107 9 150 35 81 49 49 135 120 140 63 20 126 110 1 19 121 78 188 75 112 60 109 46 171 160 112 103 87 172 148 98 19 128 175 144 149 163 183 77 168 146 151 150 132 196 131 152 154 92 185 109 158 17
133 101 84 159 107 135 1 100 157 68 26 151 108 192 37 51 108 157 86 125 27 105 84 110 199 44 2 72 72 79 125 112 23 48 69 163 91 139 171 58 52 166 78 193 25 107 193 59 131 121 28 44 75 174 140 79 43 157 117 128
4 123 37 190 118 196 89 78 83 67 191 198 25 61 140 31 14 18 142 158 119 111 35 137 132 179 111 141 186 193 167 92 158 199 38 130 149 181 126 35 168 193 86 176 109 70 126 193 115 135 16 50 180 71 170 46 68 48 49 95
34 133 175 17 19 149 64 59 158 162 18 48 29 34 163 77 164 39 55 167 67 134 79 61 172 46 105 84 66 121 146 199 92 119 7 23 178 96 81 130 48 61 61 84 77 161 173 76 143 164 139 19 91 109 28 38 16 181 74 170
40 43 40 175 111 166 170 9 48 200 153 62 178 54 99 59 25 145 61 32 186 54 41 41 72 85 74 112 112 43 175 68 193 198 147 75 110 178 191 169 156 156 5 60 75 155 162 30 135 171 127 181 21 62 35 124 140 1 84 56
57 114 56 98 56 96 74 110 183 60 5 182 162 156 26 17 103 79 79 200 12 186 73 192 137 133 172 47 120 162 102 62 89 59 151 79 159 163 91 166 122 150 106 93 167 137 131 133 178 33 36 158 59 36 191 104 59 20 162 77
152 146 109 115 138 139 145 56 165 15 109 3 109 21 40 148 65 157 89 95 118 128 160 25 25 151 49 3 51 120 40 193 57 138 54 86 45 129 60 21 35 140 60 200 174 27 26 136 177 43 150 163 33 181 5 171 189 28 96 90
40 77 85 64 29 38 86 70 97 44 140 132 123 181 13 83 32 173 51 156 31 3 5 161 42 19 60 9 169 79 200 20 192 86 32 102 198 117 55 141 96 167 24 63 175 25 87 187 149 21 177 98 116 79 94 81 59 199 150 53
129 193 137 182 194 85 43 150 186 194 141 9 143 13 30 138 174 110 50 140 196 82 18 6 47 33 100 148 164 200 12 180 57 39 62 101 115 83 89 163 88 143 182 174 34 76 56 198 63 150 149 7 70 99 83 156 174 46 123 65
46 190 123 123 8 181 173 38 170 102 157 192 151 155 131 115 169 98 127 188 141 90 175 168 64 127 113 150 185 104 57 94 126 30 58 18 43 165 101 64 187 160 142 197 193 4 126 187 198 113 59 40 33 73 122 55 43 194 86 43
30 182 164 197 84 169 141 79 121 112 107 163 183 82 172 76 165 125 198 46 129 14 60 27 151 17 144 100 8 57 131 48 149 177 18 70 158 11 184 139 181 43 100 19 42 48 24 29 58 55 171 185 77 147 115 60 79 192 122 195
35 55 70 114 71 86 169 76 181 115 48 44 199 185 1 127 128 153 56 46 147 77 156 121 82 195 163 92 161 74 67 117 176 100 67 34 46 104 62 35 156 152 73 14 19 115 188 190 20 21 64 20 99 192 184 130 42 78 42 5
110 6 28 84 177 119 138 182 144 5 131 133 109 177 155 50 132 48 6 86 173 138 124 38 200 173 52 174 200 138 53 92 191 25 31 164 88 48 74 61 55 184 6 164 34 150 151 51 103 53 1 24 21 100 53 68 38 169 175 155
171 39 15 164 3 104 199 124 43 40 186 155 73 58 111 188 65 107 163 71 145 59 175 25 128 51 70 198 95 30 199 18 31 65 170 133 49 199 60 93 152 151 177 169 189 185 20 43 101 35 55 76 165 152 95 25 131 179 18 140
50 2 35 148 110 182 29 174 199 76 29 169 93 69 76 18 13 126 159 119 190 15 43 26 13 171 197 11 127 18 19 171 79 140 114 39 76 85 114 184 8 135 101 190 25 28 122 88 40 65 54 116 128 77 98 129 179 99 45 7
86 81 141 189 19 184 107 101 54 146 168 133 18 149 44 73 46 14 177 134 192 104 27 196 169 77 153 115 43 191 121 24 160 130 184 189 89 53 102 196 126 77 164 36 159 77 35 151 145 13 42 75 163 65 137 48 118 18 22 55
115 171 90 103 72 56 196 31 143 1 100 58 41 93 12 104 10 107 37 160 128 68 61 160 42 170 86 54 82 123 96 38 132 99 131 169 11 133 198 73 56 137 114 177 108 168 73 155 23 173 192 90 194 115 9 89 161 63 80 22
74 175 60 42 25 173 88 76 99 169 24 65 75 133 96 49 25 75 105 185 22 198 143 43 80 42 12 105 108 52 29 69 62 183 71 197 129 190 97 105 65 102 87 26 174 16 55 165 182 1 76 21 132 186 106 56 143 90 65 11
123 17 169 175 144 135 63 189 76 142 58 138 22 58 114 27 186 87 48 116 99 34 165 76 89 43 124 110 179 187 101 188 144 130 196 154 152 85 120 135 120 58 187 144 180 192 78 41 76 71 76 127 163 53 4 118 166 28 116 83
148 103 89 172 172 50 180 5 74 66 36 106 200 9 102 42 197 4 39 21 126 106 115 114 12 66 37 41 88 132 111 19 172 84 64 86 131 64 112 112 200 62 156 147 148 171 116 125 198 75 135 48 152 168 29 20 14 134 146 157
94 38 44 189 32 19 188 70 144 105 160 18 42 200 146 147 62 124 9 67 152 12 6 166 143 10 98 150 172 178 76 129 38 120 141 21 174 82 133 35 110 164 195 72 35 85 10 184 50 174 38 13 109 112 12 145 186 104 163 43
172 7 44 163 61 68 21 163 70 91 67 70 35 92 194 169 73 175 67 84 99 44 40 2 172 100 5 68 144 180 76 158 57 159 65 30 51 22 139 109 44 110 75 79 127 151 81 146 32 27 144 13 129 164 45 100 76 5 126 100
7 148 27 50 38 58 178 145 3 71 148 47 128 59 104 142 45 94 69 45 180 120 147 117 115 92 2 96 163 11 3 186 54 127 8 178 102 108 179 127 15 20 197 102 7 122 94 19 26 103 142 164 88 168 77 85 82 114 169 31
174 94 68 83 28 171 170 157 69 2 143 33 77 199 181 191 40 181 168 190 122 30 196 106 102 129 3 193 174 190 80 120 16 134 2 181 13 81 155 95 43 138 147 40 169 52 58 173 101 91 77 83 114 2 47 67 49 56 197 134
105 169 32 78 71 17 9 22 88 139 92 26 180 52 193 50 5 140 150 124 117 131 144 105 174 3 69 12 4 97 54 20 61 9 187 175 196 140 181 9 112 9 146 128 46 170 10 124 155 111 41 55 127 3 152 30 177 40 57 182
82 169 52 157 30 91 74 137 84 61 131 198 69 112 42 70 129 165 30 1 141 137 130 85 83 60 13 86 86 163 108 193 121 52 28 47 134 58 88 24 195 12 174 24 177 5 110 29 179 2 73 48 155 145 89 114 160 193 64 95
15 105 176 60 149 29 155 160 67 5 20 88 116 55 95 26 92 61 159 191 61 130 16 22 175 154 76 71 48 35 40 140 167 56 108 97 7 182 8 115 68 194 155 175 158 175 44 177 102 54 68 62 149 39 176 195 63 166 194 24
26 75 183 63 68 146 59 55 113 72 187 102 75 144 154 190 118 103 44 116 51 17 11 126 120 197 198 172 68 184 131 160 116 120 32 162 133 56 109 105 31 36 82 24 183 167 109 136 193 199 97 12 134 64 167 27 120 133 130 140
157 182 118 145 190 71 20 106 170 184 40 5 29 45 1 17 170 164 31 61 178 167 31 133 132 1 182 13 2 47 152 75 176 159 185 112 111 44 50 100 35 170 73 38 102 80 187 9 26 122 191 58 6 180 187 7 45 50 141 109
146 18 114 55 14 138 183 138 1 194 129 41 3 12 99 161 81 91 73 115 200 70 167 17 7 23 191 49 180 32 154 31 11 126 113 140 163 38 95 67 17 91 125 145 2 88 95 27 73 142 49 33 197 42 149 154 173 154 33 62
119 60 8 162 44 22 3 161 136 100 96 196 46 98 142 62 125 60 156 125 90 161 132 102 60 8 131 46 72 30 170 29 98 79 107 199 133 30 127 49 179 26 170 111 96 2 53 138 137 59 149 140 50 186 71 119 116 77 12 68
178 68 40 10 41 125 142 38 84 111 75 3 136 24 159 200 178 73 168 90 2 192 89 196 2 170 53 199 135 104 18 60 62 4 14 46 176 138 161 51 52 23 141 56 187 49 77 184 119 81 135 157 144 163 5 20 171 185 195 72
101 167 68 89 178 64 114 151 172 90 113 108 107 103 194 85 99 157 75 186 40 181 13 83 62 105 152 77 188 101 68 95 27 191 65 147 93 9 86 126 171 20 11 185 8 4 51 83 34 145 198 182 50 63 29 102 87 72 157 96
160 189 164 163 23 54 50 43 36 197 63 18 59 33 116 186 43 45 103 115 192 199 8 53 186 35 72 45 100 200 187 197 133 64 107 75 41 76 76 36 112 122 82 71 141 49 43 52 92 37 114 75 61 162 33 27 152 149 110 154
127 166 108 159 111 112 71 151 41 2 171 125 133 95 41 36 36 187 136 35 89 37 53 11 106 67 138 81 160 14 44 91 162 13 177 66 177 86 181 25 113 167 144 135 135 14 67 199 167 95 163 62 75 145 109 29 115 169 165 114
120 98 103 70 131 182 100 12 29 99 39 137 127 137 62 50 35 68 148 19 16 187 91 144 173 164 72 52 83 67 155 179 48 20 121 53 182 139 67 33 187 133 77 142 153 176 24 139 42 56 106 106 160 148 58 72 147 95 156 61
167 116 26 129 163 183 80 190 178 28 193 108 70 133 86 144 117 71 157 120 122 179 30 65 117 111 115 67 146 179 83 193 16 144 41 167 172 96 179 112 104 200 85 34 56 68 135 45 88 102 97 132 119 13 146 32 130 10 196 192
33 37 96 64 136 117 29 48 24 162 144 76 184 34 186 106 176 123 41 24 140 74 156 11 27 131 148 92 181 103 22 177 139 40 62 110 110 11 87 169 31 105 172 32 40 108 55 42 12 66 198 113 172 176 156 59 9 191 146 3
29 186 199 153 195 162 144 92 81 190 45 170 141 133 190 32 196 129 158 174 25 4 181 65 195 84 4 139 50 152 49 31 17 62 70 13 126 73 11 176 118 58 118 189 98 143 27 184 58 91 166 196 149 76 126 134 85 139 95 76
170 63 118 49 12 129 12 20 64 103 149 155 89 84 170 81 60 72 140 175 117 156 117 6 31 133 97 43 177 68 60 109 171 146 141 189 3 173 169 69 131 106 27 146 53 40 79 166 158 184 78 46 51 67 150 117 111 128 104 161
53 105 56 19 110 159 145 85 152 155 117 138 25 173 165 27 88 108 11 43 23 167 118 183 16 191 126 151 99 155 76 100 18 1 74 156 10 40 143 24 9 143 145 116 124 68 188 11 82 104 70 160 6 125 87 183 187 117 69 4
53 147 16 152 149 141 40 95 32 32 69 198 111 30 151 3 34 24 10 89 70 18 29 159 167 200 108 188 7 142 194 165 197 93 84 156 110 77 111 73 145 45 121 20 96 100 136 162 171 5 108 60 97 195 44 150 149 55 185 134
197 89 2 16 27 46 133 7 162 182 160 168 38 143 183 113 170 195 184 151 122 164 29 12 175 163 67 77 43 125 27 146 103 72 154 108 65 129 150 31 50 198 83 78 62 114 70 15 94 19 143 66 10 13 173 143 26 177 154 26
123 188 22 119 154 67 151 117 133 85 15 174 138 109 3 147 137 170 163 125 173 10 167 77 134 91 16 12 157 144 14 15 103 95 20 167 59 19 105 135 36 66 187 184 171 131 92 171 141 8 135 65 41 153 76 70 194 129 200 16
128 136 197 8 27 171 143 42 73 77 62 29 169 105 44 83 52 64 48 83 131 45 110 123 134 101 114 144 149 191 52 64 159 108 103 60 200 161 91 23 99 102 93 72 57 93 111 198 170 109 198 186 126 106 13 154 66 1 13 187
113 187 161 39 5 168 38 32 32 68 34 73 153 49 171 166 172 98 181 156 37 158 76 55 54 18 66 99 195 184 198 119 159 69 189 68 117 38 167 134 141 13 8 41 158 146 27 66 200 131 173 84 16 143 38 124 56 52 79 171
127 17 169 196 66 5 96 13 68 3 175 69 154 126 31 43 19 57 56 174 130 97 134 166 96 37 27 21 1 19 100 61 183 86 74 154 168 40 168 29 90 59 11 194 153 163 118 13 179 71 52 24 119 95 51 55 112 123 194 197
130 84 143 186 88 65 8 155 44 161 77 168 24 188 101 172 138 135 195 175 33 177 100 16 168 11 139 200 59 160 184 109 114 167 199 199 150 80 92 29 93 69 180 179 82 70 30 144 181 195 114 164 18 5 9 1 81 16 69 83
198 183 124 104 85 64 102 160 179 133 33 108 81 110 99 97 134 90 167 54 74 132 55 69 105 41 151 23 115 71 62 30 17 13 132 108 48 4 73 132 10 178 189 62 27 66 158 65 85 49 124 165 192 99 109 161 27 108 46 109
195 30 169 44 125 188 181 166 11 172 60 86 30 92 46 185 119 130 66 157 25 136 113 1 198 77 63 62 149 35 171 112 51 2 86 106 134 130 65 155 23 6 191 69 200 87 13 68 98 108 187 94 57 23 79 60 63 89 2 107
4 85 68 10 64 178 33 61 117 139 139 30 35 77 176 37 166 23 199 52 4 150 168 36 29 133 20 110 114 91 22 200 12 98 193 3 162 78 182 114 188 182 140 120 151 149 32 191 179 149 193 83 111 52 75 186 69 92 174 89
168 102 147 89 90 86 25 106 176 198 8 161 47 156 12 19 90 103 172 182 118 106 47 140 33 44 74 81 170 95 190 119 23 57 107 179 168 171 168 9 135 72 7 105 112 64 85 142 39 41 7 77 157 64 143 128 109 144 187 132
158 166 174 34 200 88 151 16 58 189 46 180 167 79 129 161 155 198 89 144 85 147 122 46 96 74 153 59 43 162 102 127 49 112 120 132 71 160 177 136 35 132 96 88 96 54 48 67 22 161 81 80 131 109 117 97 87 64 61 101
195 65 137 104 89 125 92 138 144 127 89 101 194 148 74 100 9 158 148 169 158 130 120 8 182 141 168 1 121 129 46 67 106 196 87 5 141 114 115 117 158 155 138 195 94 98 15 33 105 193 77 77 152 50 173 137 178 95 193 144
25 2 134 168 124 164 119 183 179 88 17 33 176 182 69 138 21 4 52 198 104 100 23 110 107 49 112 162 156 28 186 163 93 148 181 70 188 32 69 67 170 111 194 175 147 74 20 177 131 160 140 153 46 97 6 102 79 87 143 157
76 85 134 64 151 33 128 89 33 35 134 49 80 103 75 57 25 40 26 55 166 169 81 164 176 186 197 124 181 94 149 195 116 109 66 184 93 200 22 93 155 106 171 166 127 181 9 136 114 46 196 200 193 87 134 195 47 185 178 185
13 159 68 70 29 108 166 136 108 46 76 174 162 166 148 37 123 89 9 126 152 200 14 152 30 69 189 153 122 181 16 117 145 6 56 70 121 58 75 29 18 183 64 156 93 37 199 172 48 35 168 19 70 10 71 199 141 165 196 13
97 15 65 170 59 25 109 123 190 26 100 83 69 69 36 131 67 123 44 58 36 182 160 51 140 138 49 127 174 93 9 79 87 112 173 52 91 70 50 107 126 141 14 24 177 4 159 43 83 147 170 141 186 117 135 127 34 132 135 89
157 6 131 160 179 131 46 106 22 19 79 94 64 59 119 91 72 29 13 200 37 139 112 48 49 83 51 180 172 90 105 145 49 139 14 114 53 37 5 177 100 121 49 172 86 14 30 190 73 109 64 72 50 7 168 13 46 109 191 35
143 84 93 86 16 186 130 143 198 36 34 77 176 19 184 105 168 149 70 20 96 124 90 33 135 63 32 121 57 147 190 25 63 161 164 174 76 152 116 183 152 9 118 129 102 111 22 57 112 13 22 33 113 192 130 140 149 117 175 197
