10 	
73	77
1	7	1	48	5	
0	3	5	3	7	
0	8	7	22	3	
0	4	9	46	3	
0	5	5	24	8	
0	5	7	53	6	
1	2	6	11	3	
1	4	9	60	9	
1	2	1	59	8	
0	4	3	61	9	
65 38 187 89 199 59 67 192 197 138
192 59 188 132 7 60 160 121 165 21
56 65 156 185 36 74 152 43 77 149
12 95 75 197 74 193 166 43 83 189
134 174 41 111 185 2 1 67 124 13
27 189 8 106 164 179 200 110 85 111
122 80 107 134 64 83 184 15 70 67
190 45 109 102 195 19 194 93 85 6
179 193 148 106 32 88 11 98 43 128
76 18 182 158 164 134 108 8 12 94
128 49 59 12 50 155 2 129 96 57
