40 	
12	14
0	52	3	1121	4	
1	32	1	321	2	
0	36	6	1407	7	
1	73	8	1421	7	
1	30	2	997	3	
0	32	3	28	8	
1	16	9	1537	7	
0	40	2	649	7	
0	66	8	438	9	
0	67	6	685	1	
0	32	5	1321	9	
1	62	2	1648	7	
0	86	6	1575	1	
0	53	2	415	3	
1	14	1	689	7	
0	67	2	1234	2	
0	9	6	1004	2	
1	88	3	912	7	
1	54	4	549	9	
0	51	8	1718	3	
0	83	3	1602	3	
1	69	3	230	9	
1	69	3	771	9	
0	35	9	839	4	
1	93	9	697	2	
1	37	8	431	5	
1	10	7	955	1	
0	51	4	1520	4	
0	6	3	1749	7	
1	58	8	882	3	
0	40	9	278	2	
0	80	1	780	7	
1	42	5	1587	1	
1	38	6	1007	1	
0	76	3	948	4	
1	39	8	167	2	
0	88	9	48	5	
1	39	7	555	7	
1	4	5	84	4	
0	85	7	850	9	
141 109 136 54 69 191 75 52 103 135 139 35 171 134 13 87 8 49 17 100 74 168 82 170 62 193 81 38 158 172 9 2 30 15 74 194 89 191 106 106
41 191 90 194 138 104 127 43 194 102 190 109 93 151 81 79 57 168 79 117 116 159 132 178 153 3 154 113 116 131 158 188 169 41 111 85 113 112 83 153
109 179 135 129 6 25 16 51 91 25 183 50 57 38 156 152 183 107 154 140 144 110 49 36 127 71 91 191 74 110 29 81 120 165 190 115 142 8 4 164
25 72 85 57 92 37 70 48 115 71 2 160 190 101 4 183 30 50 167 20 190 35 67 38 96 148 133 187 87 91 140 65 181 149 175 193 151 22 137 37
19 91 165 166 133 9 157 37 23 122 187 95 52 91 85 113 15 139 75 150 177 161 123 84 169 105 41 156 119 88 49 143 47 180 71 198 187 150 59 157
29 15 87 163 140 168 29 126 174 22 172 24 77 121 108 4 139 102 188 150 8 13 112 168 126 102 183 172 84 13 154 109 183 139 196 136 164 71 154 96
82 20 82 61 64 27 1 88 156 57 83 50 161 147 58 118 65 128 124 71 151 42 171 30 109 5 45 178 21 1 49 75 134 181 57 98 190 76 39 168
70 37 164 113 134 3 157 21 33 2 189 54 6 71 19 73 70 77 44 119 43 193 159 8 31 186 142 81 165 130 177 190 12 79 146 188 161 166 1 177
157 198 132 60 41 130 4 33 42 157 145 27 166 8 160 148 141 188 59 41 82 182 67 3 47 196 16 50 60 64 164 128 91 21 91 139 153 185 160 146
47 149 88 82 43 171 170 115 114 20 172 164 12 8 24 158 162 200 94 51 85 57 174 14 107 93 127 75 11 77 9 125 44 163 170 171 183 34 107 62
176 93 181 64 61 42 115 176 128 85 38 15 74 146 59 157 165 11 178 171 43 39 81 110 101 112 191 149 193 153 139 172 39 160 114 175 81 174 187 100
136 160 3 156 116 49 63 36 191 61 108 143 70 131 169 158 23 127 99 180 177 15 56 135 40 53 5 74 175 23 100 79 26 20 141 35 32 120 71 135
162 20 2 119 157 106 87 167 116 29 199 200 152 91 7 162 175 9 116 124 192 62 168 24 63 33 102 36 37 172 110 170 79 14 142 171 34 199 73 50
75 52 200 178 109 128 69 141 91 72 24 99 133 100 165 34 146 160 117 82 67 99 176 162 197 166 92 124 116 65 138 116 94 101 76 149 46 180 41 107
8 8 77 37 31 112 65 19 173 139 155 151 145 25 195 157 198 72 54 70 147 57 149 144 103 16 67 36 63 187 13 44 113 115 28 123 143 63 1 31
178 144 86 19 87 86 52 126 101 112 155 124 136 69 11 184 36 55 189 176 188 112 58 142 131 114 18 30 96 86 180 19 16 134 194 105 19 60 61 181
175 146 25 31 108 200 4 100 126 130 81 100 164 105 35 65 154 42 140 152 83 98 82 94 104 110 162 133 108 75 153 42 63 27 188 112 188 161 165 52
97 107 95 115 48 106 83 67 19 145 99 29 137 161 110 52 167 2 41 108 150 42 3 93 71 191 156 73 160 132 165 114 193 199 23 194 170 118 63 5
62 186 77 144 81 160 20 143 50 6 168 144 21 182 88 70 61 192 32 199 64 72 23 81 15 7 148 65 155 184 13 40 85 58 43 156 77 1 107 187
27 185 119 171 65 113 174 59 137 101 4 99 33 28 69 167 120 158 146 157 37 200 147 147 35 18 88 57 101 130 91 92 132 106 163 168 136 185 163 66
88 13 61 83 16 163 19 132 89 22 137 184 198 16 82 32 188 147 100 147 71 90 40 115 143 182 112 102 187 150 35 98 22 58 74 167 73 24 25 169
49 23 166 2 56 181 163 185 2 123 143 198 3 186 119 158 70 185 119 68 26 199 109 6 152 41 6 6 178 150 161 6 41 165 34 33 105 72 87 113
10 174 79 109 34 106 172 129 111 61 107 157 12 172 6 36 196 74 106 188 118 178 119 51 44 150 147 76 113 96 142 199 47 103 187 145 136 70 3 30
146 99 17 101 75 79 54 38 93 43 70 140 73 126 84 152 135 172 93 120 53 35 83 132 29 25 113 189 4 95 172 68 77 69 138 24 153 96 9 25
114 184 113 109 9 50 2 87 96 180 174 112 36 4 180 193 76 160 47 39 93 152 67 157 2 180 37 34 46 183 117 129 185 180 121 134 138 9 163 26
52 62 103 38 130 121 76 142 127 195 132 138 40 77 100 85 141 139 195 65 54 75 24 25 20 41 88 99 64 28 101 119 27 65 132 1 39 170 167 14
173 19 159 79 21 107 93 184 1 188 173 29 8 68 126 176 33 199 164 70 129 35 6 31 173 123 119 177 195 97 80 21 197 74 44 34 70 59 88 30
183 94 112 113 99 126 117 11 150 195 3 113 89 25 97 103 144 123 55 107 175 64 36 175 20 170 85 11 175 79 81 140 28 149 90 198 37 46 39 192
22 17 130 105 141 3 67 96 41 4 56 112 73 8 152 41 142 73 95 19 52 187 55 180 50 117 161 143 167 42 48 163 127 114 180 109 198 161 171 182
47 48 146 92 74 104 149 155 182 43 112 45 1 111 95 182 75 5 189 199 114 57 59 184 177 126 127 159 157 45 181 65 144 74 114 3 184 108 44 113
111 199 144 19 167 162 127 119 106 76 123 116 123 26 89 161 22 199 101 59 4 3 149 51 31 51 175 146 30 138 188 34 102 179 180 104 189 41 66 59
150 85 83 94 71 60 53 97 1 164 100 4 128 162 98 155 188 134 73 76 23 73 12 22 50 85 167 21 131 194 123 194 14 75 76 10 173 92 26 157
107 200 83 82 51 40 180 118 154 167 128 93 87 10 164 161 127 125 62 70 159 88 3 27 8 1 39 110 183 160 20 164 161 49 58 54 16 152 21 48
77 19 105 17 21 157 2 114 198 162 128 149 175 171 148 193 191 136 137 114 105 79 199 3 171 88 142 15 69 167 99 16 42 132 24 152 156 136 8 138
90 196 165 111 128 166 146 199 129 163 61 17 47 35 110 184 186 64 38 85 112 9 138 31 138 72 95 88 141 181 98 48 99 49 160 154 76 29 189 111
184 93 136 191 185 11 112 109 79 127 106 92 187 136 158 36 195 116 186 46 45 188 96 50 123 44 85 123 101 75 75 25 91 167 192 197 84 74 64 65
157 142 153 192 29 45 67 156 161 171 107 184 21 65 175 79 42 115 173 198 199 153 127 152 190 63 15 101 152 199 44 72 28 114 123 102 197 113 130 60
171 150 67 192 96 34 109 89 105 100 132 199 98 59 56 73 70 165 80 160 82 167 109 19 173 166 54 139 147 138 73 97 146 41 191 59 186 7 42 193
10 82 150 44 196 80 82 50 60 29 96 99 72 173 159 136 166 10 198 194 20 117 119 110 197 46 15 45 114 177 175 26 29 101 152 55 185 63 194 179
130 105 155 184 72 49 71 176 79 189 180 137 32 46 145 122 3 48 171 33 193 73 200 170 166 178 29 88 19 76 98 106 58 154 63 177 46 120 156 98
65 165 172 125 17 116 113 57 199 70 155 84 23 5 103 5 79 97 48 23 46 158 149 163 113 140 174 73 174 52 173 21 164 92 180 113 170 166 48 160
