30 	
44	90
0	2	5	26	1	
0	2	6	62	5	
0	1	9	20	8	
0	9	8	49	4	
0	5	6	45	3	
0	1	2	23	9	
1	8	6	46	9	
1	4	2	37	9	
1	4	5	10	5	
0	4	7	57	5	
0	6	6	51	4	
1	8	5	7	1	
1	4	7	45	3	
0	9	4	12	3	
1	8	6	23	2	
1	1	9	30	2	
0	3	1	15	1	
1	8	2	45	4	
0	1	2	5	2	
1	1	1	55	3	
0	6	5	15	3	
0	8	5	27	3	
0	4	6	58	7	
1	4	2	1	7	
1	4	8	22	2	
0	3	3	3	9	
0	7	7	31	1	
1	2	9	32	6	
1	4	9	61	6	
0	1	2	38	5	
55 32 131 167 143 62 23 94 128 169 148 124 12 65 86 181 84 62 82 49 105 41 28 191 114 140 94 55 139 76
56 102 27 20 38 117 98 191 89 126 110 89 178 166 8 136 164 119 116 177 145 5 96 64 150 76 50 193 81 65
109 74 125 99 67 102 144 128 185 166 97 199 62 63 134 194 101 61 170 85 61 42 179 170 67 79 177 76 93 9
85 100 105 158 164 148 141 133 23 103 4 52 107 197 165 37 105 118 163 70 26 199 96 96 37 154 170 114 136 34
16 4 40 30 102 119 168 167 94 58 175 139 24 97 36 165 79 32 97 121 51 35 105 72 118 46 37 38 47 56
47 54 144 6 71 51 185 83 63 32 28 82 59 189 155 55 59 94 93 45 113 67 75 137 154 33 69 14 183 95
70 172 105 64 103 105 164 125 154 179 60 141 182 59 55 47 105 59 63 61 175 171 190 152 116 168 33 164 74 38
10 84 133 149 166 79 5 47 195 45 75 87 153 176 120 38 60 75 183 176 189 47 170 14 46 76 61 18 24 92
75 174 165 99 176 26 32 105 199 37 194 89 145 125 152 6 137 50 191 12 180 65 158 124 24 146 184 101 196 155
131 42 136 195 12 88 134 7 70 143 69 102 99 114 189 167 2 27 120 92 138 187 119 199 154 34 15 187 195 113
106 72 111 21 187 183 68 147 145 121 15 100 61 161 168 191 121 108 187 104 1 80 188 10 125 151 196 78 48 189
18 10 76 143 16 130 89 143 51 187 164 72 119 28 179 149 11 102 73 46 14 35 141 140 51 133 92 138 118 120
68 82 67 148 113 169 186 178 140 89 104 38 132 83 30 71 108 142 19 194 48 166 28 38 13 98 71 120 113 108
185 138 84 185 99 136 54 154 189 196 105 11 15 66 78 47 13 132 170 82 170 185 120 153 184 98 122 79 144 90
4 96 148 137 43 53 77 10 6 145 17 122 179 197 66 146 134 7 38 154 179 132 4 2 86 31 185 79 107 105
159 52 1 10 23 102 139 157 67 77 157 35 176 101 185 64 113 43 77 74 91 126 105 74 92 48 187 88 115 65
41 69 64 125 73 121 183 177 35 21 199 199 119 118 151 119 72 173 148 141 160 181 51 187 178 101 66 174 37 58
45 172 155 191 76 55 39 129 126 100 199 198 2 164 110 104 65 19 5 88 113 66 135 19 13 146 12 30 39 3
19 168 137 80 139 125 136 151 176 16 103 156 36 179 160 129 63 33 140 196 185 2 75 57 176 105 129 166 161 62
91 78 172 70 34 134 191 131 4 111 60 184 13 120 113 49 37 69 140 92 99 162 187 2 164 64 166 93 161 3
34 75 43 137 124 1 80 126 165 60 194 30 92 76 192 75 181 95 25 145 43 48 11 126 153 113 80 124 61 170
191 60 180 194 142 98 122 165 164 61 151 72 181 134 187 6 91 52 133 165 111 118 91 139 34 111 25 15 47 99
186 116 72 24 118 53 117 67 198 107 41 174 75 158 39 52 189 192 168 76 82 60 94 134 99 80 75 179 164 62
196 28 134 99 151 33 87 45 100 57 35 25 41 159 178 66 38 162 78 200 141 62 30 41 112 197 30 53 45 7
65 133 131 160 197 134 84 154 112 96 196 188 23 151 53 162 57 21 155 125 157 148 194 98 5 3 166 104 114 185
144 42 31 1 99 118 55 22 40 101 47 50 30 199 95 132 97 115 49 87 73 141 132 43 52 148 179 183 68 124
38 88 60 193 136 147 173 11 56 190 74 37 197 114 47 44 30 47 127 121 85 51 7 74 117 121 91 128 83 65
129 17 63 108 18 118 158 170 138 22 162 90 153 137 182 48 164 8 144 45 54 43 119 188 168 24 161 27 36 117
196 17 126 113 75 84 99 41 94 200 57 122 50 44 123 82 50 15 150 3 131 177 75 19 65 121 124 148 36 19
189 96 55 2 48 1 142 169 66 82 99 182 113 171 156 200 90 45 147 81 186 149 29 65 148 153 56 140 78 23
107 133 135 39 35 119 152 64 5 18 98 177 126 151 196 192 198 38 13 127 50 130 34 109 68 115 101 7 91 17
