80 	
19	72
1	59	8	5366	2	
0	61	3	4629	1	
1	96	9	4385	9	
1	54	6	3313	7	
1	80	8	3159	5	
1	78	5	1983	5	
0	74	6	3960	2	
0	85	4	271	8	
0	16	5	5315	1	
0	14	6	3018	4	
0	47	4	4696	2	
1	21	7	1581	7	
0	62	8	2618	7	
1	60	8	2817	7	
1	36	6	331	2	
1	56	1	5328	7	
1	22	5	2292	5	
0	89	3	97	2	
0	21	5	3400	7	
1	94	3	234	3	
1	92	2	4952	9	
1	26	4	1709	2	
0	22	4	5168	6	
0	52	2	869	1	
0	46	6	1068	5	
1	57	7	139	6	
0	48	9	1082	3	
1	48	1	4765	2	
0	40	3	5113	3	
0	9	8	4633	1	
0	53	3	3129	6	
0	72	7	241	4	
1	99	8	4933	6	
1	61	5	3589	6	
1	78	7	5058	2	
1	91	7	5271	1	
0	5	1	4516	6	
0	22	3	2776	3	
0	31	5	1600	2	
0	63	5	2870	3	
0	95	6	5745	9	
0	27	6	139	2	
0	54	4	6323	6	
1	48	4	3798	3	
1	77	3	2576	6	
0	96	3	6159	5	
1	57	3	2800	6	
1	64	9	4358	8	
1	96	9	2088	4	
0	11	5	4503	8	
0	65	2	1704	8	
1	77	2	4368	8	
1	87	3	491	3	
1	38	8	1949	6	
1	32	2	2202	8	
0	96	7	2024	6	
0	60	4	931	7	
0	78	4	790	9	
1	2	7	4732	9	
1	27	3	2889	6	
1	30	3	966	1	
0	38	3	3910	4	
0	49	1	2003	7	
0	88	2	5558	1	
0	58	2	5385	2	
0	32	3	2949	3	
1	89	3	3413	8	
0	27	7	3460	1	
1	91	4	3710	2	
1	6	1	3027	9	
0	79	9	5472	4	
1	36	5	5121	6	
1	96	3	628	4	
1	67	9	306	1	
1	13	2	399	1	
0	22	1	5420	3	
0	53	1	2293	3	
1	51	8	5847	3	
1	29	7	3636	6	
1	8	6	3050	7	
157 69 19 36 184 103 127 50 160 87 65 127 68 191 90 42 51 180 177 10 77 146 100 94 126 98 132 24 173 110 141 131 128 93 165 152 20 137 162 173 36 173 71 73 19 135 138 99 97 107 73 130 8 120 95 124 200 109 19 167 177 169 147 194 9 4 198 100 97 62 102 65 163 62 127 1 72 134 79 98
24 103 178 117 53 41 139 173 187 9 30 123 165 184 116 115 160 24 172 134 18 155 148 42 149 60 43 145 58 38 140 41 11 180 13 121 36 168 175 102 33 94 62 107 151 117 60 147 159 97 67 31 143 103 197 17 78 128 84 150 99 119 159 14 89 153 106 179 59 105 137 198 75 162 121 20 171 97 181 76
18 111 52 55 89 120 131 57 111 132 101 182 30 5 85 1 71 18 112 200 184 190 53 180 9 170 20 183 182 128 54 58 31 111 121 141 128 8 152 7 188 91 63 120 93 186 4 80 20 186 143 164 7 200 141 38 130 51 103 63 127 170 188 183 51 190 36 158 2 162 21 154 87 87 197 114 82 59 27 23
186 157 118 135 62 189 193 162 31 11 179 25 39 173 45 87 200 179 22 115 153 85 125 64 100 58 89 162 26 11 97 187 137 164 185 52 56 78 65 89 199 145 57 43 6 163 68 68 76 102 163 33 192 43 149 122 150 134 38 106 103 195 48 193 57 74 18 175 39 113 130 74 69 47 56 12 102 182 43 36
175 151 5 54 147 179 105 27 39 100 111 46 196 4 26 107 44 114 126 10 133 3 153 7 137 170 177 182 166 13 160 111 54 20 196 82 197 125 22 60 67 184 73 192 21 190 88 30 153 94 192 136 36 180 150 155 111 84 46 2 68 5 87 34 148 37 87 124 98 115 185 106 124 122 167 51 139 36 145 108
48 180 42 66 45 34 30 162 178 84 112 57 45 155 175 23 15 86 31 200 153 155 60 76 63 184 169 168 26 66 184 187 145 1 134 81 157 191 191 45 43 164 164 142 186 28 198 113 44 71 124 13 161 8 78 135 120 138 17 199 186 148 6 17 179 38 150 47 91 167 33 46 110 68 180 176 167 118 126 99
138 99 35 121 123 147 35 36 132 35 125 92 44 24 196 125 196 143 197 168 80 2 151 30 150 160 75 51 149 54 183 57 9 55 192 96 15 107 162 67 115 66 19 43 178 195 104 89 95 57 10 7 55 8 85 139 193 168 138 10 171 97 39 179 81 139 3 67 73 28 75 14 31 145 64 142 33 48 125 157
156 33 60 72 82 55 150 155 103 128 125 128 102 66 168 137 118 32 76 88 196 84 123 106 79 67 107 123 83 150 156 106 145 150 110 46 19 158 12 128 8 155 132 38 4 130 58 161 131 82 96 193 17 102 10 115 131 50 97 193 188 7 77 127 88 133 145 121 55 63 47 60 27 46 5 65 189 112 188 187
52 99 148 176 10 134 28 81 39 73 148 124 178 95 189 175 37 43 23 141 172 151 5 97 45 160 132 65 118 26 154 118 103 58 61 61 132 144 42 198 103 199 68 109 118 18 79 141 126 20 40 39 105 175 150 116 5 159 185 26 70 140 197 25 118 74 103 129 167 188 27 189 98 91 135 73 69 30 148 156
33 52 66 160 50 166 14 61 141 106 3 10 11 75 59 56 186 88 9 82 13 87 124 97 173 76 15 79 90 103 56 193 9 39 127 158 71 5 172 32 24 28 36 123 123 58 95 105 79 56 92 52 48 73 115 4 68 53 34 101 129 179 138 38 106 146 71 45 141 148 196 65 111 176 85 122 7 88 16 105
15 41 101 95 175 24 46 132 49 128 87 16 86 29 137 179 129 157 103 50 105 120 142 4 136 78 189 152 4 168 51 39 114 110 180 140 184 140 187 107 175 80 39 20 80 188 183 33 178 126 44 193 74 163 134 32 9 55 126 46 15 126 62 169 185 122 139 24 38 120 15 162 125 189 111 78 23 27 103 166
154 81 18 153 47 157 186 187 89 191 12 36 37 55 140 88 185 31 167 98 131 194 194 106 114 22 176 181 114 191 134 126 163 40 187 55 86 192 23 77 185 196 194 131 133 82 63 30 122 102 164 104 170 47 80 79 143 57 192 98 183 155 56 14 44 131 97 102 101 39 61 185 132 115 144 105 55 41 113 33
120 121 31 55 21 41 3 111 139 170 144 7 50 139 177 177 138 15 11 149 177 57 55 187 46 104 186 19 185 166 168 96 47 76 152 38 186 183 150 13 130 189 74 93 6 37 88 131 143 172 48 40 145 52 114 90 183 48 192 185 80 169 125 80 41 18 171 79 149 157 59 189 2 98 156 115 27 30 168 22
193 186 96 57 68 185 25 74 35 164 196 197 112 76 174 52 17 143 25 57 13 22 177 124 18 74 19 19 14 107 165 146 112 62 149 185 29 117 150 120 150 46 127 200 13 177 100 14 179 53 171 44 155 143 153 15 93 130 165 51 80 3 107 68 144 67 113 13 163 116 61 101 125 73 131 172 151 22 77 86
192 200 24 26 169 4 112 183 66 100 33 5 74 174 80 162 116 72 186 62 148 10 138 40 197 55 144 107 155 10 123 84 159 87 48 151 156 1 97 90 92 117 74 135 56 44 54 157 29 68 139 185 167 122 64 27 195 159 74 77 127 89 177 80 195 96 64 149 32 185 137 66 18 114 100 95 177 52 34 62
55 35 64 176 160 174 160 118 105 134 184 156 88 141 187 125 10 168 170 166 38 15 169 123 181 38 110 172 23 103 171 129 30 105 144 23 15 25 149 193 163 152 175 39 188 110 34 152 8 156 199 82 199 65 190 30 112 16 167 36 192 29 160 144 24 200 119 200 3 81 103 70 158 86 183 26 130 39 1 104
140 173 154 100 59 27 39 48 70 136 69 55 194 200 22 131 159 177 182 94 56 49 118 15 41 14 123 57 101 17 190 10 169 67 13 192 15 39 154 100 73 23 10 166 168 173 80 15 83 50 156 176 133 18 65 59 22 1 105 174 70 17 164 37 175 128 119 133 2 140 198 123 166 47 48 52 80 62 161 130
7 200 46 14 52 192 75 4 140 72 194 180 8 170 102 187 110 14 71 29 90 152 115 191 24 173 143 195 142 181 173 17 142 87 76 7 111 55 117 58 13 84 66 53 162 169 137 166 127 44 70 77 180 54 113 46 157 55 137 112 100 185 162 195 55 64 171 171 58 56 123 107 150 152 108 124 160 135 130 65
36 46 181 78 105 76 193 107 183 75 161 143 181 108 200 110 37 157 60 104 39 91 134 132 84 168 37 1 38 76 174 78 7 8 27 60 198 160 19 17 97 105 54 148 164 76 153 148 136 95 188 119 120 121 87 185 87 75 39 192 112 119 128 48 114 48 14 77 49 38 175 133 25 70 63 72 124 173 200 72
189 113 162 56 29 92 156 176 162 68 123 11 119 181 103 172 57 163 162 70 23 120 116 117 85 113 44 118 39 153 162 64 36 56 193 2 88 144 72 29 127 167 24 151 172 26 183 124 148 159 138 107 178 162 105 191 38 182 165 10 114 83 150 197 138 35 150 4 111 181 8 122 80 59 31 97 43 180 191 33
132 60 140 63 119 17 79 172 48 161 70 49 179 86 83 155 18 23 83 15 11 151 133 166 46 84 38 122 29 5 60 157 113 172 25 161 71 114 35 126 85 180 167 45 105 135 198 174 13 158 149 70 151 115 13 198 15 38 162 27 171 44 167 26 60 154 139 99 87 91 104 141 81 193 160 132 89 179 81 133
63 5 180 60 167 131 180 180 107 167 80 176 26 131 95 61 153 57 91 182 153 184 183 65 136 48 130 168 115 69 62 109 186 91 177 45 31 55 24 185 160 46 168 12 26 158 130 177 36 92 164 162 103 43 61 174 154 78 164 45 128 108 46 132 187 114 174 94 157 199 48 97 88 8 68 189 47 26 129 52
97 41 143 64 148 55 24 88 124 149 47 7 110 147 176 78 28 17 184 21 92 128 135 90 60 191 185 130 57 152 109 170 15 40 93 165 53 150 113 178 170 90 81 135 124 14 52 95 93 188 109 34 199 28 152 33 47 171 52 159 42 179 66 179 51 167 42 69 120 78 45 14 57 119 184 43 38 89 43 53
66 4 178 113 163 175 126 36 100 137 49 60 99 43 112 99 197 55 25 93 126 35 152 176 67 49 74 30 200 21 86 3 160 96 57 160 184 114 178 38 183 103 15 119 7 29 168 92 131 5 54 68 93 165 114 45 49 93 124 34 59 11 163 44 87 100 137 81 108 168 4 13 65 131 139 10 110 42 32 130
46 152 36 52 138 162 36 61 151 146 50 134 39 81 197 76 118 25 128 144 179 147 197 39 192 54 24 6 39 126 93 165 25 85 130 84 144 59 55 156 8 93 40 185 32 156 21 171 105 190 42 129 159 13 25 165 16 117 151 51 2 137 179 134 166 52 41 104 169 170 133 159 127 114 81 132 156 155 188 59
106 14 10 32 107 16 183 199 130 110 70 144 190 55 76 142 111 117 73 25 7 158 26 175 82 144 83 131 2 193 185 145 67 42 19 77 64 181 9 82 92 69 173 165 197 163 196 171 32 178 13 131 166 150 79 72 98 10 140 175 35 6 123 129 141 12 136 105 185 7 12 89 132 126 92 162 144 40 43 13
55 141 64 152 112 191 23 181 2 185 37 149 189 167 161 50 97 24 190 103 181 153 123 6 5 10 63 40 189 72 94 3 38 166 13 181 168 140 153 103 58 155 142 165 152 64 146 29 187 155 31 149 57 78 164 168 50 2 2 188 143 55 50 139 144 117 96 65 178 87 43 184 116 79 192 26 73 14 136 62
51 27 89 107 190 134 78 133 12 188 14 112 80 23 194 144 128 144 19 119 13 100 117 156 151 4 32 120 7 55 70 28 148 138 20 36 188 124 76 167 26 17 100 188 183 13 162 134 29 148 71 41 119 41 134 133 40 187 195 97 80 180 36 73 198 116 27 164 32 61 174 49 17 126 8 78 79 137 187 199
34 101 58 39 38 160 99 118 94 146 53 92 65 102 117 16 16 172 92 154 2 90 114 16 47 138 131 99 33 36 106 25 69 200 184 97 48 26 9 51 181 34 121 188 11 172 153 148 23 181 131 88 80 10 187 134 53 80 93 86 110 160 144 102 104 65 186 65 23 30 79 46 196 99 9 37 111 80 83 7
178 65 102 55 143 85 71 138 41 86 74 141 65 88 16 191 15 14 189 116 108 172 54 191 49 187 130 147 105 154 124 104 83 68 6 189 178 75 56 25 95 117 127 108 6 42 36 113 123 188 95 21 111 138 102 68 83 179 54 195 151 11 59 199 97 19 198 25 67 62 32 68 88 3 66 116 116 191 129 23
85 129 1 184 11 59 49 191 118 137 183 199 44 121 198 59 56 51 86 194 54 59 100 123 176 89 151 24 162 116 64 158 129 192 140 23 88 101 86 47 98 108 54 64 160 73 17 31 1 129 23 38 24 64 130 74 91 196 193 3 80 177 177 184 81 57 95 90 173 48 119 47 82 101 186 135 176 42 75 39
13 148 5 190 127 46 159 172 107 46 31 54 42 108 189 136 28 40 138 48 40 195 23 106 189 152 31 128 112 42 60 15 31 23 103 51 72 47 170 75 168 6 23 44 176 172 28 42 184 191 137 32 149 194 181 115 89 60 120 65 19 66 94 131 109 44 64 58 106 180 22 25 127 5 123 16 144 128 165 82
142 48 109 166 32 1 124 44 116 45 92 51 66 53 37 52 155 53 25 24 125 103 30 95 99 17 193 131 155 97 47 113 135 2 104 15 174 73 138 106 38 134 173 197 81 168 41 122 4 31 126 137 104 160 112 102 50 54 11 50 198 159 133 40 180 68 30 25 106 186 124 139 28 168 72 97 116 79 3 98
100 148 165 128 5 172 187 47 153 9 16 43 51 143 165 146 95 199 2 41 14 123 35 43 78 179 103 42 98 166 150 67 195 135 135 117 90 105 77 37 111 9 109 38 124 52 143 28 196 30 111 192 183 32 74 181 145 139 115 45 130 2 126 100 88 162 78 188 141 12 181 173 114 130 7 159 136 144 1 20
64 12 84 13 182 41 20 150 30 51 107 198 7 175 111 146 94 182 88 65 166 187 190 173 18 130 136 90 166 73 9 9 23 98 165 90 9 53 3 147 61 198 173 89 188 66 142 72 13 45 110 188 166 138 184 96 165 92 92 62 144 65 76 69 26 162 52 140 189 25 17 98 168 179 11 44 6 193 44 105
100 95 162 130 194 6 95 53 91 191 54 28 166 126 190 130 71 58 159 149 86 68 108 22 26 29 192 190 109 122 68 30 48 46 170 44 58 33 95 58 67 136 169 15 5 85 145 94 18 146 36 51 39 188 32 24 133 179 12 145 30 87 28 175 176 114 178 160 81 103 142 168 196 14 88 166 176 57 149 175
109 198 87 132 51 18 65 170 114 151 116 73 66 111 126 17 44 75 36 198 94 160 42 97 74 179 152 92 52 162 54 92 30 90 174 180 196 116 89 150 178 48 38 38 38 62 137 197 73 162 125 180 104 143 102 22 166 134 172 32 108 122 118 108 66 9 66 42 145 153 180 6 49 48 123 76 30 157 3 119
79 171 95 86 33 59 43 111 95 30 180 68 48 11 110 199 76 122 9 195 5 98 46 118 115 127 91 171 110 106 84 41 24 33 191 123 196 20 89 61 182 20 171 110 24 12 175 125 76 135 7 144 116 168 190 137 49 160 20 150 126 13 51 136 124 17 69 10 89 181 162 59 147 50 72 126 141 197 101 43
114 61 93 163 4 50 112 189 185 163 132 131 177 74 115 10 139 99 176 135 23 116 168 196 181 127 21 180 126 161 114 142 175 74 22 114 185 138 88 39 128 172 15 147 133 16 101 46 41 33 186 110 78 195 22 175 66 84 90 87 67 53 64 26 18 46 59 41 29 177 158 44 105 81 51 97 64 129 90 60
71 18 150 26 133 48 48 136 118 177 182 53 98 114 96 174 123 42 28 192 193 168 78 26 135 134 86 148 139 179 136 31 151 82 120 26 18 192 145 134 193 38 84 104 108 100 83 56 166 152 86 12 118 97 8 23 195 67 20 140 158 20 105 53 46 8 44 188 55 159 93 93 168 24 125 107 124 81 137 2
150 199 131 64 100 125 116 135 156 123 155 108 24 46 135 29 108 72 141 135 54 86 16 121 1 13 199 155 108 91 32 8 22 92 170 89 171 22 55 36 66 21 30 98 2 43 75 47 92 160 86 176 141 167 153 70 91 82 198 68 56 170 43 24 175 20 15 10 184 98 113 21 38 173 87 100 26 180 36 129
93 25 167 109 192 74 88 2 29 195 140 167 96 44 50 45 53 154 55 167 47 118 140 46 18 146 142 77 171 20 110 23 131 58 144 137 172 61 7 62 141 153 59 198 97 66 174 110 186 5 116 166 135 85 25 74 191 24 48 67 38 170 60 155 192 8 94 37 81 55 17 195 134 59 15 28 70 2 168 76
176 163 193 106 63 197 65 197 78 87 82 108 24 151 4 198 88 185 148 23 49 5 81 27 49 117 122 125 155 81 17 110 35 42 33 87 173 66 78 162 58 154 7 86 68 19 196 186 125 98 106 105 117 185 17 120 61 179 4 93 132 62 171 120 59 10 145 130 83 26 182 115 173 89 134 52 13 102 193 19
164 113 45 174 14 51 198 46 20 124 124 154 42 9 41 24 70 93 83 85 26 185 119 16 14 137 48 195 188 117 107 54 161 200 114 178 117 133 18 89 27 68 143 77 113 149 137 50 192 46 82 187 71 132 181 27 139 1 98 102 190 180 173 39 41 131 25 25 151 44 196 143 186 1 129 83 101 6 132 165
13 90 193 166 10 145 72 15 170 143 103 112 108 44 156 135 37 169 127 111 38 52 131 54 198 137 63 168 9 153 125 147 69 128 159 155 191 54 7 79 162 82 56 75 129 41 185 153 156 177 155 10 45 70 164 147 141 59 16 35 8 61 121 51 57 189 77 117 164 135 123 33 153 114 130 126 32 189 73 45
149 86 63 57 4 141 99 25 64 50 78 90 200 115 30 172 147 110 154 119 108 119 188 167 81 96 26 31 85 181 181 106 82 105 15 61 82 195 179 96 74 67 33 34 103 189 34 59 22 140 69 179 74 198 180 164 111 128 87 165 80 97 46 189 100 57 85 38 149 138 83 188 152 9 86 2 39 48 16 183
153 132 54 173 111 50 134 123 113 55 192 159 192 126 11 149 43 175 165 16 171 28 71 145 193 1 84 111 194 104 173 43 2 183 96 198 41 87 121 104 191 141 66 27 90 45 53 116 160 143 95 14 116 81 176 116 192 22 74 99 142 190 154 69 121 91 168 25 133 39 195 148 91 85 3 178 79 159 169 61
179 27 20 187 58 156 113 142 83 106 88 34 55 117 39 125 14 34 34 8 12 104 29 113 7 5 48 71 181 63 171 13 171 100 40 34 10 134 42 140 154 29 107 85 124 147 20 168 180 175 99 12 83 157 43 144 66 34 90 189 21 61 135 198 117 67 16 176 175 174 189 107 146 5 181 130 195 102 110 164
70 5 2 59 115 37 81 43 158 145 184 198 152 70 142 97 137 82 66 65 163 139 98 81 150 59 32 155 194 141 36 108 151 10 158 42 159 90 149 74 194 127 129 171 2 52 91 68 14 192 183 103 119 175 98 129 186 195 16 121 87 116 94 152 80 64 135 87 178 199 78 16 100 161 168 75 143 23 152 97
84 63 22 121 194 171 84 145 68 164 125 70 107 166 131 60 134 164 65 37 8 76 129 11 92 43 64 164 24 173 15 37 157 194 45 191 26 4 114 21 162 100 194 94 32 48 75 2 14 195 148 108 123 14 49 101 69 54 51 188 141 39 126 135 160 158 71 55 194 149 82 32 152 5 146 16 181 140 182 109
147 97 72 185 110 175 172 121 49 3 82 33 164 173 181 116 77 97 87 130 79 184 52 66 40 38 151 47 70 27 100 135 64 186 72 14 90 177 189 156 164 189 104 84 104 148 171 45 18 176 166 144 95 64 104 111 133 115 41 44 56 167 90 130 109 27 196 115 37 126 21 99 188 109 104 51 170 92 151 97
38 112 1 190 167 33 16 31 71 115 65 21 125 198 104 78 184 89 123 97 131 70 22 10 146 53 157 88 102 170 36 36 90 59 152 181 175 159 69 29 148 151 173 162 197 7 93 86 47 55 125 9 34 24 120 5 69 136 60 54 119 65 127 181 153 80 166 42 65 61 28 121 29 57 53 100 14 50 101 10
189 128 184 79 1 118 145 154 15 69 103 183 14 6 179 189 3 120 122 167 35 172 27 185 43 196 41 79 7 163 199 74 144 176 179 94 62 83 97 199 105 85 30 15 177 8 105 46 118 184 165 77 6 76 99 45 38 64 174 139 105 109 177 101 77 141 138 172 87 179 181 193 6 166 85 169 4 175 130 47
90 110 156 52 121 55 160 38 104 116 22 159 126 38 191 169 179 146 69 23 31 41 16 49 90 161 106 12 46 44 55 40 109 92 12 100 124 137 20 36 174 161 3 75 140 97 83 37 195 147 55 68 182 156 154 29 17 185 83 58 158 147 72 124 177 121 175 112 62 165 2 67 188 74 38 140 156 41 118 198
64 75 41 45 145 149 173 78 99 69 144 133 127 6 8 59 140 113 8 122 39 92 158 120 69 98 57 95 175 9 84 3 60 16 39 67 197 38 155 83 181 177 165 134 183 88 188 187 137 30 43 162 67 49 66 166 168 109 103 72 57 125 49 177 166 9 32 97 144 105 185 67 71 149 131 66 101 187 21 64
98 194 136 159 98 127 4 197 167 87 112 93 192 182 63 128 46 152 139 35 156 140 129 26 20 99 46 162 59 24 83 182 38 3 42 141 82 14 83 184 66 6 60 170 93 107 124 33 42 182 110 67 178 151 7 86 53 73 111 28 43 142 76 68 82 197 63 112 114 179 121 168 140 60 131 108 156 156 122 150
172 161 152 62 158 41 123 150 74 66 20 108 124 119 185 51 190 193 134 140 160 29 175 98 54 98 46 149 98 124 84 59 26 180 56 58 127 171 24 29 155 191 17 152 1 1 164 43 184 160 139 136 159 117 33 54 128 25 165 173 187 56 94 186 5 141 22 133 130 179 98 53 185 123 39 30 16 104 67 105
42 104 1 96 10 47 67 26 118 191 76 11 99 170 64 132 9 72 16 59 163 3 27 121 143 172 143 160 166 199 104 109 169 149 103 184 133 163 77 181 114 50 148 36 28 63 90 140 21 20 166 198 52 76 81 29 47 64 188 137 172 3 185 117 162 158 162 74 29 102 7 39 80 68 119 173 85 16 12 98
85 4 22 118 68 147 200 198 59 183 150 39 47 118 59 8 35 36 48 112 15 167 119 100 198 2 57 116 95 169 163 70 89 8 141 184 89 5 195 126 41 94 21 125 95 79 191 46 98 123 112 115 82 74 186 103 76 168 50 136 123 13 74 180 175 181 182 78 78 162 159 143 197 112 24 78 79 2 164 7
43 172 88 57 129 182 160 36 105 173 28 34 137 113 95 121 36 150 12 149 21 172 162 179 45 85 34 12 159 67 143 184 195 181 151 187 166 168 32 117 116 4 117 40 93 85 166 192 162 194 103 170 19 107 61 192 159 145 171 125 143 153 153 22 20 45 36 2 196 135 25 19 172 33 183 32 60 29 37 166
118 66 111 158 194 153 184 194 150 140 69 142 154 10 117 114 120 153 118 51 115 178 155 191 49 114 190 139 126 45 3 118 94 84 147 166 31 22 101 22 121 94 28 30 35 122 17 109 125 19 68 166 179 175 59 164 102 189 103 37 78 200 145 89 154 10 169 165 16 178 36 180 31 197 108 4 95 52 39 152
196 83 59 138 138 189 19 191 168 112 41 50 8 183 89 169 151 6 170 156 115 184 76 84 141 170 94 189 36 156 165 91 192 151 18 124 47 28 102 24 192 137 50 27 99 123 36 28 103 107 173 198 118 185 24 33 30 5 188 159 37 172 45 81 100 82 200 133 173 69 184 128 165 64 180 89 6 87 50 29
20 154 175 116 73 165 19 118 39 24 61 37 43 120 70 50 67 69 135 35 151 96 36 194 19 34 198 93 111 194 14 183 130 103 191 1 84 95 100 196 44 168 38 69 128 103 195 163 54 31 69 66 69 9 27 108 24 55 177 91 110 115 31 25 40 154 114 30 28 50 56 31 34 79 83 38 49 191 56 117
188 199 135 91 191 183 56 35 78 35 102 10 40 183 194 72 50 90 88 46 22 199 183 76 91 61 155 151 102 66 146 147 176 156 121 158 89 72 6 75 52 55 132 59 111 83 160 177 196 25 75 51 7 76 48 121 88 157 105 133 197 129 43 5 184 108 121 77 46 148 91 150 134 121 176 158 186 90 189 16
163 4 185 180 131 135 174 103 30 168 52 64 77 107 123 90 103 28 10 199 131 174 94 185 26 21 192 198 155 126 110 145 67 113 28 85 131 68 38 108 127 58 99 24 123 95 105 157 10 55 118 7 28 133 42 135 147 149 147 97 7 122 95 128 49 126 51 104 172 103 123 112 125 105 81 114 105 119 79 115
124 79 125 41 61 51 138 30 25 193 20 4 128 31 153 98 141 108 47 147 183 6 90 103 84 134 77 158 120 73 162 96 131 170 80 87 181 96 121 152 144 38 81 103 92 34 83 153 21 43 142 173 58 30 79 98 111 117 163 77 165 168 44 84 44 98 10 13 30 176 35 169 46 196 94 22 74 126 168 134
38 160 29 44 152 8 20 80 167 185 16 90 48 180 58 66 121 197 170 28 195 14 10 156 53 90 10 60 31 75 6 48 123 133 52 130 21 165 171 41 13 160 93 61 78 121 127 29 18 166 141 116 121 149 15 97 5 127 74 118 172 200 87 192 58 174 82 52 51 79 72 192 93 175 131 196 75 106 69 152
100 122 44 13 187 28 16 10 84 193 138 100 62 190 114 24 3 152 101 52 195 166 70 2 8 199 136 107 185 154 33 71 31 2 52 88 142 75 138 52 175 173 183 81 140 104 188 43 20 81 103 62 162 68 40 22 27 146 117 191 172 68 102 5 196 38 124 115 103 39 142 176 121 174 43 200 90 174 132 154
106 126 109 55 167 21 114 55 167 17 128 47 97 166 180 38 51 49 189 81 195 146 117 140 26 115 91 169 192 44 183 113 115 26 47 121 87 198 33 102 151 200 153 29 13 153 60 23 62 74 102 188 197 74 176 186 75 62 135 60 115 179 98 131 64 31 38 27 53 55 141 71 133 131 195 146 53 155 196 36
43 31 120 9 78 127 58 145 51 72 107 4 5 179 2 1 157 18 158 84 199 8 136 138 46 113 130 151 20 192 134 49 148 123 49 159 78 51 154 5 95 78 154 177 104 178 164 76 19 27 162 62 189 88 120 65 115 129 159 88 79 40 17 35 111 7 187 20 36 191 178 112 20 17 19 147 70 101 37 54
127 42 142 13 148 25 144 64 21 154 25 112 92 52 59 123 88 179 183 88 39 25 72 126 72 72 20 188 72 91 140 21 126 121 166 188 187 53 195 12 87 150 124 107 24 21 34 21 80 197 16 27 96 160 169 58 91 169 77 133 190 100 100 12 104 195 180 22 72 171 28 127 116 17 14 35 88 167 17 74
159 18 145 107 68 138 147 4 169 104 147 53 192 102 29 4 154 51 151 139 166 93 142 81 21 19 50 168 63 183 132 158 38 8 148 82 130 87 75 187 142 147 132 154 108 33 46 99 118 89 3 156 91 34 31 38 19 176 172 165 132 163 151 49 56 33 84 110 180 152 186 184 83 188 115 5 195 57 99 76
134 63 131 167 155 28 123 190 59 161 114 140 55 37 199 44 138 62 146 109 13 132 24 88 98 155 163 58 77 102 104 135 7 184 61 186 26 151 116 69 130 104 75 155 94 155 21 137 28 124 86 173 71 116 22 153 65 181 192 135 86 27 199 46 1 50 73 69 104 76 180 109 182 25 71 83 11 107 161 123
35 142 102 169 84 66 88 160 80 156 106 89 138 15 90 186 54 41 81 165 129 92 134 80 33 197 175 146 184 60 59 191 4 39 120 86 27 181 80 61 33 109 174 131 173 109 109 168 136 11 143 171 64 195 153 179 111 88 107 152 117 48 99 168 186 143 24 133 161 125 134 90 11 49 68 163 67 159 90 37
136 7 106 1 6 10 55 15 192 48 102 191 99 155 38 46 183 11 20 135 198 200 79 181 30 187 188 45 51 45 69 175 142 35 73 92 61 108 171 112 33 86 92 154 101 97 178 123 150 26 164 187 16 34 36 65 151 121 98 77 34 168 65 132 189 196 106 83 138 169 182 19 85 112 70 145 193 158 108 200
101 56 30 121 183 59 146 106 182 104 79 170 81 65 10 42 102 158 90 34 114 40 129 163 189 73 103 164 110 191 156 157 126 108 141 68 93 87 21 176 51 10 27 28 69 174 35 79 8 142 174 22 117 137 37 133 119 32 78 193 173 4 140 8 20 99 50 173 197 33 98 88 112 71 96 6 17 27 154 166
101 134 31 1 5 6 194 128 42 5 35 128 34 42 157 25 12 173 82 86 20 39 130 71 10 160 24 11 126 176 110 108 85 76 73 99 36 125 44 102 141 9 40 99 49 51 194 42 97 111 134 182 62 111 180 133 52 192 100 101 176 62 52 139 200 19 180 184 68 11 156 155 73 199 36 159 29 168 17 159
175 9 107 40 46 127 171 53 128 190 87 190 76 30 46 42 32 177 92 150 11 24 29 126 90 174 42 1 51 106 100 82 60 72 2 172 38 6 53 116 58 109 142 75 190 123 125 44 165 47 199 5 103 84 113 167 186 53 175 8 102 139 35 24 165 144 6 176 73 154 173 166 121 65 134 174 190 18 89 71
65 135 107 91 166 152 108 124 45 17 79 116 148 131 31 5 142 3 140 14 49 91 192 116 24 125 150 52 39 113 181 83 107 101 146 166 32 77 101 198 9 36 83 13 135 112 29 95 129 151 130 56 55 140 62 147 73 105 158 105 84 20 132 129 75 191 124 122 192 99 44 200 42 112 146 188 164 114 39 182
11 87 92 15 182 51 162 153 86 161 145 9 144 131 102 31 99 23 57 96 68 113 176 108 73 9 197 45 30 167 179 17 145 97 141 190 157 186 52 54 183 10 159 193 34 199 88 121 42 108 14 128 41 24 54 179 140 89 78 174 111 8 3 129 112 149 60 190 137 176 135 200 51 125 179 34 48 63 167 143
189 73 79 119 158 158 168 141 30 120 196 122 197 181 150 46 75 128 37 30 79 89 141 186 129 105 122 138 63 90 146 191 149 4 140 123 74 69 169 199 78 10 160 82 16 168 1 111 194 22 143 189 83 15 40 153 152 189 138 184 121 8 161 17 138 28 62 94 80 198 94 140 8 88 160 71 12 24 37 198
