40 	
1	57
1	13	5	581	8	
1	32	4	681	8	
1	73	7	410	1	
0	5	1	6	8	
1	34	4	117	8	
0	59	9	616	3	
1	38	4	279	6	
1	15	9	667	1	
0	84	9	483	1	
0	6	6	501	2	
1	1	4	369	8	
1	33	8	716	9	
0	36	2	494	2	
1	24	3	485	5	
0	34	4	240	8	
0	26	5	103	4	
1	10	6	3	4	
1	46	7	761	1	
0	29	1	60	3	
1	98	9	243	6	
0	97	5	82	1	
1	25	5	649	1	
1	68	8	170	9	
1	29	4	236	4	
0	43	9	613	8	
0	58	9	662	3	
0	39	3	556	1	
1	57	3	133	4	
0	53	5	250	7	
1	69	3	532	1	
0	85	6	48	9	
0	78	1	733	1	
0	31	2	210	9	
0	59	3	392	7	
1	25	8	157	5	
1	16	4	598	8	
0	17	5	592	5	
0	14	3	628	4	
1	23	3	145	1	
1	48	5	35	1	
13 56 140 146 162 191 79 163 91 5 30 175 107 177 120 83 51 98 85 173 188 111 118 22 38 170 122 141 13 43 42 55 2 13 151 126 19 91 1 133
85 200 182 137 37 48 11 118 148 49 7 175 57 182 93 157 197 4 180 176 168 196 44 188 145 67 15 102 88 160 61 148 4 155 114 171 155 43 91 15
68 47 119 167 80 131 81 27 138 177 176 1 161 126 21 169 191 144 145 11 1 131 190 190 14 79 92 192 149 76 28 32 178 49 175 183 79 155 166 106
166 158 98 137 165 200 149 82 155 191 1 143 125 24 161 13 177 108 67 65 115 115 191 58 129 183 193 195 106 177 173 49 84 167 19 38 123 192 20 24
32 167 89 199 139 72 150 113 30 164 134 59 101 191 195 53 36 114 109 95 40 82 59 31 168 144 60 141 62 31 43 18 98 132 123 95 82 168 154 157
59 168 69 146 35 184 55 71 49 130 172 82 23 48 100 126 182 175 193 94 121 147 168 36 44 38 176 30 128 74 73 184 64 197 154 82 135 181 48 100
71 40 165 48 41 143 75 192 48 39 40 181 190 28 161 142 122 1 106 46 178 123 131 175 127 23 32 80 142 145 120 103 106 144 39 184 110 31 93 170
191 59 105 171 171 163 25 96 120 168 116 176 39 74 109 129 86 155 146 66 49 141 148 140 77 15 54 13 183 52 80 191 19 155 136 168 111 110 139 49
179 38 43 66 140 56 10 68 199 4 34 197 81 194 137 70 102 28 129 104 26 18 132 9 1 192 35 162 47 179 100 186 118 99 105 161 22 45 123 178
57 125 8 75 156 149 131 73 36 151 170 140 116 190 93 68 11 194 23 58 151 16 28 53 112 79 180 168 69 78 107 132 170 96 127 45 7 147 78 196
180 140 173 88 59 58 58 33 98 117 39 2 60 108 4 18 185 178 103 164 23 186 139 85 64 102 65 148 121 156 145 164 78 34 93 165 94 51 187 92
92 110 198 103 196 51 171 190 41 87 196 184 181 93 125 28 142 30 133 29 50 36 62 73 101 9 96 187 179 59 199 149 101 110 4 72 58 173 120 169
46 51 61 66 176 23 33 40 153 38 105 131 114 19 2 200 54 76 110 58 39 94 116 62 190 77 36 80 8 61 36 121 111 44 93 9 127 93 123 11
31 121 83 120 122 176 139 30 78 157 110 189 148 28 38 139 22 150 42 157 83 139 156 99 143 152 97 187 128 159 3 195 39 89 31 29 44 138 10 83
186 47 139 64 47 31 150 34 43 102 123 105 50 89 88 1 123 157 191 40 88 30 119 112 92 27 96 125 57 191 94 41 72 158 170 153 75 103 78 53
55 76 117 171 82 177 8 56 142 112 6 33 47 3 176 118 36 194 87 13 166 6 136 168 171 65 159 156 90 36 34 13 121 97 78 21 82 107 153 104
110 98 143 40 1 40 34 67 112 25 109 142 2 48 28 176 24 180 99 27 86 111 27 121 33 87 136 5 68 110 79 157 139 39 35 157 135 18 121 103
167 16 89 185 65 9 53 126 99 107 139 194 173 45 1 93 45 79 31 164 90 67 179 196 48 33 189 141 171 8 143 53 127 92 68 48 181 8 120 60
192 120 104 155 47 78 87 96 115 119 170 132 100 59 30 162 23 48 109 1 75 74 199 89 46 167 124 125 136 27 109 184 99 142 176 100 11 146 36 73
59 77 124 33 74 148 50 85 29 83 179 135 36 186 174 30 73 70 100 193 176 120 137 80 110 178 102 19 45 93 138 134 132 191 188 115 140 32 130 145
139 21 41 24 199 110 95 54 189 167 100 78 110 81 13 188 159 83 83 23 179 94 178 129 200 118 135 127 194 7 190 187 61 10 146 6 114 91 52 199
125 190 179 199 158 188 65 86 171 174 38 16 19 99 12 143 38 133 35 14 177 6 190 130 11 149 16 53 70 120 159 21 72 49 165 56 9 58 90 15
79 32 91 137 136 83 47 163 38 88 114 114 57 192 174 107 146 195 56 65 168 91 33 124 63 4 77 30 40 97 17 84 180 28 198 46 197 188 2 157
169 157 24 90 50 179 41 94 119 71 68 105 79 145 115 43 13 135 40 160 167 168 20 85 174 182 61 142 64 28 83 174 85 157 22 135 88 131 78 139
198 118 97 141 184 40 111 86 110 164 43 185 57 127 146 175 130 166 15 135 25 188 81 49 164 82 94 158 13 53 40 58 57 139 26 169 28 133 68 16
189 96 101 164 34 26 54 197 16 166 44 55 45 35 127 73 151 97 171 13 28 23 130 79 73 174 128 38 114 108 102 31 61 44 156 130 186 189 181 176
181 167 164 124 62 101 47 20 172 169 92 67 17 110 30 144 101 50 1 39 11 45 92 98 118 170 198 10 97 176 172 124 136 85 139 53 102 4 17 185
183 165 50 111 178 60 176 149 3 22 103 193 81 23 27 184 153 80 134 149 92 189 38 35 51 21 180 167 176 16 37 200 96 1 80 40 189 24 192 52
2 171 9 150 78 196 136 20 90 40 132 149 126 80 198 193 161 33 99 101 3 178 120 116 10 103 41 77 110 149 47 123 161 53 111 60 73 200 94 192
31 168 142 65 98 180 146 71 115 138 47 117 61 130 171 132 77 145 112 61 180 27 175 21 121 83 153 156 58 173 32 78 39 176 23 43 29 171 81 151
22 48 177 34 110 165 7 135 84 186 144 8 55 15 78 135 55 88 163 24 119 182 109 166 13 184 54 71 79 80 128 71 122 109 176 196 31 22 97 183
81 82 76 147 191 123 64 98 164 168 37 114 176 152 69 146 10 29 147 29 83 98 19 58 186 163 127 58 54 192 181 76 157 14 142 98 81 107 17 180
29 188 197 74 34 73 43 100 15 197 27 174 149 169 40 147 98 12 139 135 195 11 185 162 116 145 169 188 38 79 143 78 9 156 138 26 12 184 180 99
14 200 38 175 73 161 63 71 18 17 146 2 126 24 191 178 32 24 150 10 140 26 57 94 29 95 84 72 162 82 192 22 164 168 195 164 188 49 168 34
111 64 35 3 154 164 6 29 76 29 38 84 133 98 54 39 119 7 8 173 175 130 41 29 163 117 125 8 54 103 171 9 4 187 190 82 45 165 26 10
163 114 45 145 174 177 151 84 63 104 94 137 28 84 183 200 44 178 159 180 75 64 160 47 44 37 67 55 50 102 117 192 192 53 151 192 181 57 10 99
63 177 154 194 147 164 117 26 83 71 112 135 35 86 195 103 51 172 195 178 22 104 14 112 125 163 86 82 141 192 151 105 94 150 182 17 188 197 3 199
195 99 139 194 62 103 178 17 53 165 41 178 151 98 99 130 56 17 129 96 149 31 25 61 164 196 174 160 184 75 187 188 182 115 189 126 59 118 122 43
43 91 16 154 106 109 24 64 80 98 133 199 186 30 101 53 174 76 96 13 64 197 30 79 97 148 142 30 55 171 135 102 96 181 32 14 9 56 3 174
51 78 151 180 127 106 15 79 4 192 51 198 191 89 29 175 133 137 116 17 184 38 143 112 10 157 56 113 67 91 88 54 167 194 55 198 164 72 128 157
192 142 59 135 199 37 72 154 50 184 42 118 84 138 65 65 123 117 68 180 76 13 156 95 191 15 9 73 195 53 132 58 157 113 94 181 86 161 117 135
