30 	
46	99
1	1	7	182	8	
0	5	2	131	9	
1	9	4	23	1	
0	9	5	63	1	
1	6	3	56	1	
0	6	4	76	6	
1	5	8	167	5	
1	6	5	178	1	
1	8	9	153	2	
0	2	1	89	7	
1	2	1	96	7	
0	5	8	157	3	
0	5	1	134	1	
1	4	6	3	5	
0	1	7	140	3	
1	5	6	135	7	
1	7	1	87	1	
0	3	7	83	1	
1	6	6	0	4	
0	1	2	52	2	
1	2	7	165	4	
1	3	5	5	5	
1	3	9	99	9	
0	5	6	32	8	
0	2	1	17	6	
1	2	8	87	2	
1	2	3	137	3	
0	3	9	139	5	
0	4	8	70	8	
1	2	7	97	6	
34 115 153 164 198 95 164 62 7 16 134 90 147 191 196 163 61 184 117 111 109 137 89 56 27 162 63 132 85 65
70 72 164 82 196 181 67 110 133 172 123 199 118 154 186 193 6 18 116 196 167 173 52 199 28 12 43 159 74 64
92 73 79 187 63 33 197 21 195 17 81 88 22 92 182 109 179 58 90 132 172 136 162 58 84 175 46 12 31 196
32 65 93 125 190 170 64 178 198 31 182 164 155 89 171 86 64 123 50 45 168 18 30 114 108 83 12 160 18 192
131 120 112 43 189 193 22 34 97 82 140 188 152 84 52 175 152 118 67 65 92 129 159 90 143 19 87 27 86 140
104 41 94 152 99 69 150 25 64 107 39 166 102 79 100 87 176 197 99 104 169 95 17 80 170 46 107 99 155 27
177 161 58 180 38 176 167 101 135 191 179 133 70 108 85 164 163 112 7 92 22 59 63 147 41 30 42 20 180 140
98 187 113 72 181 45 36 14 92 86 6 82 121 63 80 80 40 96 91 161 70 140 198 25 157 62 38 151 181 144
100 78 174 101 47 151 97 112 94 81 85 106 159 165 10 84 169 200 194 5 45 167 183 57 176 45 98 19 146 61
44 75 100 56 188 140 76 32 29 194 171 85 89 182 85 195 3 174 166 105 67 163 121 56 50 13 13 17 31 182
173 80 164 42 44 22 121 151 28 121 15 66 92 167 107 174 130 153 20 156 36 29 29 104 45 26 58 186 152 112
70 199 181 134 49 94 177 112 172 197 41 152 65 31 122 2 149 178 157 177 104 176 107 133 174 30 53 55 24 124
45 114 167 10 112 56 173 55 40 180 58 159 113 39 196 192 116 190 129 132 44 137 95 153 95 193 105 70 60 83
1 115 110 147 148 63 52 136 132 13 55 129 96 7 103 35 15 136 90 2 80 9 148 167 30 48 90 140 141 157
72 3 146 26 66 53 87 169 12 175 151 167 187 134 29 197 141 75 115 21 54 152 156 32 104 68 195 191 187 180
47 104 53 135 88 9 40 24 80 27 78 110 57 34 102 4 82 114 105 108 183 18 50 71 126 64 174 181 88 54
166 106 166 34 87 75 191 49 168 152 30 197 28 152 87 192 159 63 191 162 118 174 107 198 164 117 123 10 105 20
16 136 89 95 104 189 170 56 127 193 42 122 103 16 157 151 52 53 106 65 200 142 4 20 76 124 139 155 23 75
54 15 125 176 29 86 89 25 178 142 140 89 180 125 80 13 146 6 132 91 161 10 177 33 164 60 86 90 8 38
166 184 185 23 176 187 141 123 83 170 147 197 163 199 106 32 112 30 65 189 137 92 22 25 6 61 126 157 95 104
108 154 41 78 23 167 67 188 153 154 127 168 172 31 62 41 191 1 18 197 59 110 141 131 5 150 159 144 68 114
92 156 96 26 17 16 34 20 25 123 145 127 110 70 67 139 123 179 119 141 34 107 63 123 100 99 62 113 68 92
72 8 64 80 72 161 35 45 85 14 176 34 170 192 188 173 163 114 167 110 198 147 45 178 91 2 198 116 17 12
117 134 122 87 22 63 145 62 193 162 160 121 9 199 29 132 123 183 125 18 165 85 8 177 74 173 33 108 140 151
125 69 46 164 69 63 158 184 177 188 143 70 5 109 120 179 66 28 81 4 157 45 157 116 26 91 143 63 67 44
98 138 123 170 112 35 164 7 55 40 8 164 97 46 160 175 182 156 59 106 162 54 103 108 33 173 190 22 113 158
143 165 147 48 162 42 196 155 44 42 94 74 119 18 26 33 175 157 80 70 165 7 67 186 184 51 114 79 194 188
116 73 148 12 71 131 13 168 71 153 129 37 21 117 175 22 29 25 23 195 43 167 42 20 119 54 197 75 111 15
34 102 46 146 7 73 56 142 56 100 59 191 48 34 56 119 23 30 83 85 167 110 152 147 181 199 182 191 18 19
96 132 92 32 28 153 56 113 182 62 127 75 98 37 153 104 72 139 25 158 43 180 74 52 23 9 87 29 106 41
39 54 176 140 51 136 89 135 132 104 157 27 64 194 146 55 90 153 22 45 8 154 122 13 197 30 29 180 17 93
