30 	
40	46
0	12	1	202	1	
0	62	7	778	2	
0	12	7	1541	3	
1	44	7	2024	4	
0	6	1	1749	3	
1	6	2	1258	3	
1	8	3	1529	2	
0	65	3	1568	4	
0	46	8	2089	5	
1	71	6	1281	9	
0	55	7	1491	2	
1	93	8	489	9	
1	54	3	962	5	
0	56	1	502	7	
0	24	2	1350	3	
0	73	5	784	9	
0	83	6	1648	2	
1	77	2	285	2	
1	76	9	34	3	
1	30	8	1133	7	
0	67	9	576	6	
1	70	1	1466	1	
1	56	6	1756	4	
0	52	7	1200	1	
0	42	8	1469	1	
0	54	5	2328	7	
0	63	9	1467	7	
1	83	1	2307	5	
0	81	5	1609	6	
0	68	8	2197	9	
118 114 19 166 78 181 2 165 34 98 61 49 187 159 155 42 32 159 167 191 132 143 195 7 32 47 152 150 48 52
142 192 176 174 116 73 155 197 186 67 147 149 155 48 132 159 40 92 117 117 181 18 76 172 171 200 64 168 131 92
48 1 150 136 43 104 139 97 159 65 65 136 149 31 156 197 94 162 56 82 194 94 171 7 15 177 83 112 123 182
16 173 83 75 151 7 10 166 59 150 88 122 73 154 81 121 140 58 140 65 55 157 178 154 128 166 19 105 144 192
34 105 20 75 130 72 51 66 145 198 2 169 46 180 177 173 70 120 193 60 64 178 199 124 137 175 102 16 46 70
5 195 35 154 35 63 110 41 180 148 113 158 123 99 27 19 102 10 98 133 50 117 25 93 154 124 68 144 198 71
198 4 93 172 82 68 56 47 48 119 97 104 89 86 15 150 164 82 68 2 173 23 75 165 49 54 79 162 150 198
138 111 176 146 178 70 124 38 142 136 29 34 32 157 129 121 50 17 194 34 119 22 78 85 69 97 145 190 109 2
145 97 157 24 104 60 12 178 15 52 2 176 115 32 72 159 70 181 62 104 75 39 45 121 120 50 41 176 105 78
80 163 88 54 183 46 127 29 187 95 114 108 50 66 77 195 172 198 57 173 58 57 102 100 168 53 33 38 189 195
65 200 149 8 153 13 6 197 45 48 78 86 137 26 28 45 91 27 107 123 4 27 154 116 23 12 16 23 180 100
22 79 110 188 114 78 95 93 38 69 73 14 20 160 28 177 46 41 44 195 38 130 103 37 175 17 118 161 195 38
50 23 112 133 112 167 144 65 51 128 74 175 182 135 41 38 60 16 49 22 38 76 34 27 96 56 180 150 138 54
128 151 38 200 168 162 54 58 128 87 119 52 147 1 13 177 60 85 28 200 5 124 179 6 172 64 123 119 125 21
172 129 162 102 177 110 188 49 133 128 109 76 198 28 49 190 64 50 55 19 117 125 37 110 174 101 147 139 40 12
128 159 188 56 71 188 82 56 48 184 132 25 46 115 28 118 68 158 84 20 155 116 157 80 132 118 102 188 172 19
82 193 99 90 197 110 15 153 129 144 166 104 172 3 173 23 10 31 195 168 163 109 70 68 153 35 29 121 126 134
103 101 151 114 31 93 135 70 22 134 165 152 185 160 106 47 47 87 122 24 114 132 187 139 29 74 176 155 125 138
148 45 80 186 143 174 17 43 83 159 143 30 35 79 21 48 127 101 98 51 140 157 108 74 27 132 2 33 15 143
120 42 86 132 195 82 196 143 132 75 140 70 192 51 38 132 98 124 84 69 63 116 7 80 96 25 166 89 107 159
199 144 56 4 51 188 3 172 103 48 61 119 31 160 185 122 74 124 196 101 15 160 25 39 37 14 157 62 162 155
36 59 19 77 156 49 102 8 162 21 24 129 16 69 99 100 196 45 49 22 128 96 197 117 28 88 33 138 104 122
88 54 193 24 68 154 148 8 4 171 149 98 96 6 151 41 111 92 17 26 179 6 45 86 157 112 166 116 108 61
19 65 126 4 86 149 132 24 187 93 20 20 115 120 7 82 32 98 39 188 151 124 190 175 149 135 6 1 155 79
67 3 18 1 31 108 99 58 190 38 67 192 21 61 36 29 164 173 26 58 12 91 43 75 126 157 176 118 128 191
108 77 137 56 108 107 199 186 11 31 196 147 72 119 144 171 133 122 138 65 157 16 116 73 46 117 49 11 115 193
43 132 175 2 133 53 50 167 142 58 17 24 105 164 164 87 174 13 46 105 185 32 78 65 145 104 176 133 112 132
109 160 59 176 32 92 113 178 153 162 17 175 100 25 81 69 179 194 116 151 78 70 29 179 44 140 76 169 26 181
127 94 181 16 179 100 105 35 4 90 190 55 125 8 178 154 31 45 42 119 167 89 168 75 36 81 15 124 193 159
86 35 12 32 178 30 9 43 28 149 118 160 21 105 164 143 62 74 106 59 146 19 199 181 194 125 16 103 47 9
200 198 171 63 195 109 199 72 108 97 63 140 34 23 117 112 163 179 77 26 24 182 30 101 169 32 66 13 50 83
