100 	
2	33
0	63	9	6191	8	
1	56	4	4772	1	
1	26	7	2538	9	
1	6	7	5569	1	
0	54	2	9736	6	
1	37	1	4603	3	
0	73	4	2378	2	
1	41	8	440	2	
0	67	7	8796	1	
1	76	3	5310	2	
0	18	4	5628	8	
0	22	6	4824	9	
0	55	4	6780	8	
1	80	3	4352	1	
1	93	1	414	3	
1	47	7	7920	2	
0	70	6	7541	9	
1	19	7	3484	3	
1	73	1	887	3	
1	1	5	5059	1	
0	4	6	4927	5	
0	29	3	1220	1	
0	50	4	6319	2	
0	45	9	2131	4	
1	98	3	9748	6	
1	30	4	1761	2	
1	72	2	8930	5	
1	37	8	7268	5	
0	99	9	9489	8	
1	1	6	8856	7	
0	20	4	1508	5	
0	73	5	7958	3	
1	90	7	3624	7	
0	8	2	9265	5	
0	80	5	6077	6	
1	58	3	8923	1	
1	96	8	5945	3	
0	44	2	1311	8	
0	41	4	7400	5	
0	90	5	4799	8	
0	78	4	4212	6	
1	62	8	1993	9	
0	63	7	9198	5	
0	76	5	6354	5	
0	25	5	8980	9	
0	63	5	6587	1	
1	17	3	277	6	
0	45	1	5333	7	
0	49	1	8728	4	
1	16	2	9946	7	
1	88	9	7008	3	
0	87	6	812	8	
0	2	5	5269	7	
0	87	7	6160	3	
1	7	8	3307	4	
0	95	3	9252	6	
1	6	3	6652	5	
0	40	3	1562	6	
1	13	2	1886	4	
1	6	4	7522	1	
1	29	1	5063	8	
1	80	3	5261	8	
1	15	8	2228	1	
1	59	7	7544	9	
1	3	7	7267	9	
0	30	8	8771	7	
1	59	5	7741	1	
1	34	8	272	9	
1	82	4	326	5	
1	78	5	482	8	
0	57	5	4329	8	
0	7	4	8434	3	
1	81	8	2398	7	
1	16	5	6813	6	
1	83	1	1719	7	
1	72	1	6791	6	
0	75	3	1724	7	
1	76	9	9850	7	
0	18	1	5283	2	
0	86	1	4500	2	
0	82	6	2140	1	
0	16	4	3436	4	
1	17	2	132	7	
1	65	5	6186	9	
1	32	2	619	8	
1	41	5	7186	2	
0	96	3	4686	8	
1	91	2	2257	9	
1	50	5	5784	8	
1	18	7	2418	7	
1	17	8	8378	2	
1	85	2	5385	2	
0	27	6	7089	8	
1	71	7	7461	9	
1	41	4	1259	2	
1	63	3	497	8	
1	28	1	7330	6	
0	8	6	9604	8	
0	79	6	8063	6	
0	57	4	5967	4	
5 107 29 194 199 133 45 158 158 41 188 180 185 180 46 54 156 146 147 115 159 163 156 85 124 91 160 177 171 62 147 172 109 64 58 2 119 101 4 109 153 77 15 27 96 151 118 71 159 94 188 21 67 48 149 198 176 54 31 118 200 170 24 100 175 9 167 190 173 146 111 172 3 131 111 114 182 96 14 28 200 185 137 63 124 7 28 45 41 110 174 185 53 144 1 168 188 129 12 193
23 42 196 173 103 7 54 63 148 14 62 102 150 112 158 118 90 71 78 30 18 126 197 56 114 102 70 28 6 155 15 36 42 175 79 72 124 67 53 129 13 82 116 195 1 96 152 95 106 130 124 96 26 180 79 76 76 16 168 66 179 137 55 48 40 157 44 71 192 39 84 186 139 151 54 9 173 85 42 171 112 155 46 185 83 154 141 185 44 147 182 87 188 165 142 160 135 133 82 172
137 100 12 103 28 114 18 88 18 110 128 103 196 96 94 178 167 83 81 16 52 51 96 117 113 28 172 142 4 191 162 45 128 137 49 94 23 187 88 92 33 8 17 110 144 150 50 51 55 156 156 46 58 31 131 10 135 126 56 191 97 7 127 138 14 83 152 151 164 148 169 143 153 13 125 23 50 64 64 177 57 65 38 85 142 152 10 156 10 199 109 24 104 93 95 168 108 164 47 35
36 136 185 89 70 10 183 173 19 114 25 96 5 66 7 40 98 143 152 102 149 131 193 170 26 176 136 4 69 82 100 45 194 143 93 194 59 10 119 104 70 40 30 50 178 167 148 84 182 70 63 91 74 62 81 99 103 66 35 152 136 88 169 188 2 130 129 48 9 46 86 169 98 91 163 91 128 88 128 112 90 76 58 41 137 185 17 8 4 106 189 124 88 107 55 20 144 76 162 70
80 193 109 82 172 185 177 32 83 13 75 69 58 121 53 181 192 26 130 68 169 87 184 71 3 6 167 35 109 200 123 119 189 36 54 127 67 184 45 167 35 84 79 134 15 194 98 79 177 105 175 126 151 80 49 143 74 110 105 142 30 3 183 98 2 186 7 1 108 182 193 66 1 166 18 59 131 27 195 117 81 11 146 36 67 65 17 171 103 196 176 117 189 94 200 28 64 56 181 139
179 132 178 93 179 69 175 165 73 34 131 60 14 103 67 185 40 129 155 114 42 149 122 179 173 30 170 66 198 163 85 154 127 178 93 60 79 69 40 68 174 170 103 141 89 118 52 162 106 146 184 189 161 66 135 18 110 190 77 149 68 51 187 88 50 56 118 13 53 148 57 29 149 35 117 120 16 196 133 32 163 192 148 89 13 98 26 13 191 192 141 198 190 3 84 123 102 63 26 117
102 163 198 160 171 99 143 168 71 7 102 83 28 104 147 100 49 11 134 122 100 104 111 60 181 124 113 158 188 74 14 139 1 46 44 179 31 103 69 169 137 144 93 56 74 57 155 17 89 25 32 92 148 51 29 126 116 65 104 189 29 74 66 113 16 139 174 179 43 120 39 17 82 107 124 63 12 53 157 153 146 76 127 151 146 174 103 185 102 137 40 57 196 182 136 55 64 82 24 153
177 135 174 182 71 125 195 104 200 99 40 141 163 135 11 51 1 171 131 22 109 149 76 10 182 183 76 127 200 167 190 166 62 179 72 156 116 125 165 177 174 189 141 64 77 178 35 61 92 77 121 91 151 197 27 79 191 93 186 161 78 177 182 33 87 27 107 111 82 150 46 111 112 133 35 183 44 104 134 180 122 199 86 31 58 6 76 71 181 149 134 169 69 113 102 200 23 110 139 196
196 38 168 172 72 51 21 106 35 168 200 8 47 4 61 141 137 197 69 88 142 169 23 49 179 60 36 121 149 13 88 175 22 102 8 184 61 100 109 158 57 142 68 78 18 53 156 61 166 89 162 166 7 139 153 167 66 162 81 35 176 99 139 82 199 124 10 18 64 26 70 43 60 172 161 25 55 200 199 56 73 141 183 155 75 164 116 34 43 120 60 133 15 156 62 105 174 111 145 3
189 32 174 56 7 84 120 39 198 88 16 50 139 112 147 160 7 70 16 17 137 74 25 111 196 19 161 89 166 29 7 77 119 125 5 85 200 103 136 113 171 135 37 73 23 172 112 195 33 163 8 146 159 107 193 90 135 74 141 117 91 133 103 168 187 174 3 186 155 129 48 62 34 107 97 115 197 128 52 91 193 72 33 126 66 189 160 40 170 63 25 159 15 30 105 186 2 71 77 143
9 46 193 191 112 167 164 142 133 74 49 4 110 155 35 11 164 43 195 126 35 7 60 127 146 186 129 35 55 47 2 116 152 71 142 14 130 110 38 108 117 151 4 132 33 14 190 77 56 146 55 107 183 69 180 188 122 80 75 148 102 165 9 132 190 178 136 186 123 193 51 180 143 79 86 158 190 104 198 72 141 128 72 68 82 99 124 120 103 65 126 23 9 172 18 138 66 120 28 103
101 119 146 166 102 38 194 59 95 177 44 52 129 181 184 96 152 149 110 171 155 106 67 61 158 132 111 187 140 151 91 6 65 93 21 101 155 55 170 198 101 28 3 134 185 22 103 132 165 16 10 33 80 106 105 104 58 82 78 161 119 81 14 21 168 86 101 36 14 168 2 101 66 67 151 75 159 130 12 173 49 67 180 12 189 86 88 172 184 108 182 121 138 86 62 172 136 181 149 118
183 164 21 190 172 161 162 50 49 13 51 87 56 143 174 72 188 71 99 1 34 184 49 139 14 33 75 149 159 3 164 197 17 20 128 53 90 161 193 46 75 182 152 21 156 130 100 115 36 58 29 31 77 176 168 53 40 171 44 52 8 1 198 58 134 159 103 94 155 63 100 191 156 37 40 111 32 117 6 186 12 24 40 23 68 48 52 10 154 100 188 58 97 197 153 160 6 129 12 97
162 144 65 169 175 54 2 27 174 19 162 24 105 32 166 135 85 135 13 50 105 106 101 98 157 91 152 148 168 176 200 50 36 123 135 15 183 108 11 101 122 96 93 90 189 52 193 137 98 73 148 1 60 74 8 107 149 37 196 138 2 60 120 177 183 128 151 100 108 185 169 30 44 42 31 130 99 165 71 18 61 132 154 88 104 3 102 48 191 140 155 71 184 173 175 105 32 85 11 195
138 25 104 117 102 168 133 6 95 68 191 168 187 81 199 123 151 163 154 38 63 175 128 11 147 130 134 112 82 89 120 197 125 80 175 194 137 81 139 63 21 60 180 156 25 118 15 195 45 79 124 133 23 194 36 13 55 56 68 47 162 47 16 151 8 184 62 154 107 125 16 199 135 128 133 75 80 180 68 163 175 184 134 180 56 54 157 33 141 136 46 188 191 165 48 104 44 80 126 127
180 159 67 135 156 121 135 17 2 127 40 8 73 78 199 20 119 110 34 181 97 147 26 40 74 6 8 104 74 172 133 194 145 76 84 81 166 29 66 28 144 78 39 46 30 200 19 166 25 30 51 164 127 107 32 154 21 35 134 112 68 200 163 117 188 159 123 52 22 156 84 135 44 103 66 94 175 57 144 116 147 156 63 159 6 169 191 7 63 25 73 181 181 132 53 56 93 142 172 87
117 197 166 71 151 12 90 50 183 36 187 4 186 3 141 62 30 68 58 169 194 81 198 54 160 172 30 73 176 4 101 132 14 2 181 169 163 162 53 5 170 157 144 2 95 71 85 195 52 118 75 108 100 192 9 123 137 189 134 88 109 9 165 54 49 25 9 70 24 127 85 130 63 199 50 27 149 192 184 59 94 127 172 136 115 83 16 71 104 100 135 123 31 77 90 73 163 90 61 154
79 124 56 197 192 55 149 18 74 67 99 48 119 194 82 24 71 119 6 136 185 107 66 6 74 55 137 193 69 154 48 164 70 110 128 42 53 164 71 105 10 67 107 7 65 146 73 19 178 51 139 99 129 99 34 98 195 128 32 162 188 84 44 2 59 198 149 186 114 46 72 59 17 133 31 77 139 126 111 197 66 42 189 5 5 34 73 25 144 161 146 75 151 172 52 161 51 11 102 173
41 38 123 111 92 192 138 176 182 20 81 93 113 93 164 52 174 137 12 135 147 128 17 3 175 185 188 66 175 141 134 90 11 74 67 53 105 62 41 174 91 7 112 27 78 65 124 38 21 61 157 157 83 52 43 183 169 131 147 29 98 24 95 2 181 157 176 189 81 163 169 34 101 170 171 6 151 63 147 81 189 140 153 135 37 176 78 120 95 130 80 107 103 19 188 168 68 13 120 1
129 154 176 18 144 167 5 108 190 99 81 192 128 83 33 178 135 20 188 149 21 156 166 123 117 159 1 68 142 41 132 110 106 99 28 155 111 9 141 56 95 23 109 67 20 185 62 107 169 54 58 179 178 40 197 43 93 27 196 184 79 186 102 69 46 152 163 160 116 39 86 30 112 180 180 200 43 102 65 180 91 109 168 124 184 140 127 185 171 165 84 2 170 73 133 77 21 118 130 25
158 17 103 41 163 189 64 106 191 86 44 126 82 108 98 64 61 82 100 19 150 134 146 26 34 121 133 192 180 6 97 96 28 121 141 55 152 42 143 140 193 154 5 95 150 105 24 144 88 40 163 28 45 102 175 17 92 177 23 95 178 144 159 95 12 16 71 191 109 175 113 117 147 10 34 132 180 188 12 161 76 125 195 140 17 105 142 73 62 108 111 195 168 48 141 138 177 30 177 44
135 79 29 95 182 198 151 165 53 55 121 46 186 152 49 118 188 171 55 179 83 41 25 48 156 167 149 98 175 33 88 181 188 139 163 100 183 11 62 121 34 55 190 22 140 49 49 66 99 47 170 100 33 154 36 5 48 1 184 188 37 98 175 178 165 118 157 191 183 156 51 81 42 116 132 187 157 144 192 177 139 193 158 110 177 194 128 67 22 11 35 184 164 180 54 141 29 116 197 90
11 36 112 156 9 10 55 26 122 54 10 110 167 119 165 25 68 43 121 103 103 138 36 32 66 177 93 88 166 29 139 180 60 53 174 50 40 139 33 104 164 171 51 32 73 40 54 28 114 179 153 176 88 157 29 40 87 109 87 41 186 117 41 177 140 42 112 60 198 91 171 133 83 13 71 88 73 83 147 108 16 53 8 182 119 10 41 7 169 123 173 90 199 170 55 47 58 176 134 87
107 127 154 193 41 4 169 118 66 148 17 159 3 15 148 131 66 18 79 114 134 23 46 69 18 100 171 127 154 72 139 55 181 160 87 189 50 76 102 200 179 51 43 178 38 64 66 30 86 28 19 41 76 5 192 24 19 175 145 74 66 1 131 33 109 182 184 149 150 60 112 120 95 94 40 127 121 73 120 73 156 87 25 98 125 161 80 91 30 95 13 39 154 195 9 24 119 130 80 184
184 76 100 38 57 200 16 15 101 70 90 57 165 2 94 74 51 10 56 104 42 108 170 146 176 91 24 54 159 135 147 190 51 71 51 14 188 17 177 118 80 14 194 122 45 84 172 58 133 178 42 188 53 197 149 159 61 140 111 20 81 177 107 94 38 80 146 15 181 104 30 160 103 144 150 200 4 131 113 2 161 101 173 32 73 116 174 51 118 114 60 8 68 110 34 168 91 112 148 173
144 66 165 195 68 79 63 1 126 99 186 14 91 43 75 34 40 182 152 106 49 116 156 79 104 33 124 8 198 171 62 51 8 170 121 117 155 175 180 156 146 19 74 118 10 62 36 105 54 84 69 11 40 158 57 53 112 67 182 18 79 48 1 167 120 63 70 45 150 114 41 81 22 28 55 192 166 131 140 173 9 54 27 182 108 176 156 66 186 175 80 115 198 80 169 114 92 99 188 161
170 22 133 34 131 116 4 158 114 98 15 93 56 23 24 97 73 136 133 196 174 168 65 97 142 177 146 178 177 61 62 154 4 58 181 160 200 48 66 153 85 152 199 146 80 196 71 127 33 108 7 1 161 43 107 88 43 200 200 72 18 39 107 197 190 130 106 150 5 145 76 159 44 130 111 24 92 97 132 92 110 84 102 183 15 116 94 182 102 61 156 27 88 175 2 125 10 124 94 6
1 111 200 194 31 195 109 152 171 187 35 29 33 200 70 35 93 16 124 105 9 14 189 80 76 163 8 16 53 96 169 73 195 129 30 22 110 165 69 46 85 178 66 49 180 136 96 76 144 149 80 148 99 194 43 195 77 95 169 4 182 157 55 130 111 106 52 71 198 18 88 40 95 183 135 130 37 6 79 51 35 16 63 91 38 200 51 122 3 91 199 25 55 141 194 145 54 92 120 84
17 110 8 154 8 49 83 189 58 110 167 28 126 139 79 182 28 190 17 59 187 50 30 5 93 133 26 64 22 79 174 136 72 71 149 18 196 62 114 80 162 128 114 146 177 99 112 14 127 111 140 63 178 107 80 106 135 58 138 197 68 191 83 101 167 35 182 48 200 72 144 76 122 127 26 51 81 187 81 94 121 188 11 198 34 41 151 80 21 92 153 121 138 153 40 196 95 24 54 129
31 64 8 84 145 48 77 46 120 125 113 95 150 154 7 56 179 115 33 169 167 120 42 157 148 161 109 51 153 112 35 142 14 192 164 35 131 127 31 100 141 122 105 12 70 110 130 45 69 68 28 173 157 56 27 130 136 189 89 34 188 27 146 32 177 44 141 47 24 103 194 12 64 120 130 117 104 27 3 106 50 78 25 59 139 118 191 87 127 142 122 1 86 95 107 126 139 62 73 192
136 72 147 61 55 126 195 34 115 138 3 130 39 170 38 2 122 15 145 3 157 174 61 122 20 59 4 187 23 189 121 115 136 185 76 154 169 17 121 28 116 22 177 126 54 33 32 62 190 163 85 49 88 176 52 21 14 141 153 51 94 189 148 84 141 25 1 15 107 16 198 99 77 47 20 90 71 155 182 144 104 199 105 135 169 35 78 26 18 119 69 17 37 143 10 16 92 13 30 199
153 185 132 199 182 177 21 78 79 22 61 149 95 98 25 45 103 31 179 69 119 173 64 123 3 190 81 109 112 95 198 78 49 67 24 190 82 111 36 149 175 77 190 92 166 84 9 110 48 163 29 26 117 163 124 196 86 150 190 84 103 123 155 20 13 181 75 7 19 72 120 127 94 52 121 200 92 55 16 169 139 134 153 77 87 6 21 140 67 147 132 90 117 75 69 5 156 47 150 171
145 146 192 107 28 126 145 93 167 72 200 136 55 36 8 93 176 120 48 19 188 182 21 199 126 40 154 113 42 146 37 181 32 137 126 191 91 65 60 158 39 131 66 47 103 132 97 4 38 134 27 146 160 26 66 16 37 195 83 93 176 31 111 94 50 176 128 173 138 135 15 107 57 26 30 86 120 27 107 110 181 163 17 105 37 191 192 154 157 190 105 144 51 66 51 128 103 96 133 118
143 110 5 115 143 192 92 130 85 63 158 89 162 50 190 59 48 135 148 151 14 178 139 173 129 74 20 89 178 143 50 74 117 26 187 53 149 16 105 106 45 117 153 26 89 189 34 35 45 185 160 103 192 14 113 130 138 53 123 75 80 14 37 89 128 144 116 173 178 5 132 183 95 168 1 71 97 8 196 122 46 84 94 93 46 7 28 182 60 84 143 10 116 48 117 178 76 106 170 43
173 105 143 195 81 39 168 110 105 1 167 184 171 199 169 3 152 82 43 17 68 18 33 37 178 68 99 117 55 128 70 5 68 26 108 2 19 142 45 4 30 61 156 16 138 34 161 97 81 29 48 143 90 45 108 139 71 74 151 190 107 124 177 98 193 59 55 111 8 64 162 21 133 70 42 62 182 10 178 98 19 37 167 139 116 45 65 178 37 24 110 77 16 184 7 174 108 50 153 156
56 12 191 68 73 6 186 56 139 59 46 41 155 200 54 160 4 174 115 68 139 125 47 134 35 189 165 125 199 200 19 142 194 108 191 146 129 62 137 112 86 53 28 32 159 24 193 86 93 132 150 169 141 186 175 30 109 48 52 63 139 69 155 101 100 131 35 66 196 95 154 109 60 63 23 126 85 115 135 16 68 7 38 160 32 89 190 87 166 138 187 163 122 79 150 6 57 177 198 67
91 84 199 32 24 67 86 158 171 126 103 197 79 29 186 20 152 57 164 49 66 125 69 72 198 75 130 158 75 16 170 191 63 192 155 12 43 7 105 37 143 107 61 31 175 169 65 87 62 114 139 178 12 155 10 136 31 181 9 34 151 59 155 47 60 97 196 75 76 83 167 58 24 53 110 107 155 62 2 82 84 65 63 185 175 11 3 40 168 119 70 167 152 195 167 180 111 16 95 155
141 12 108 147 29 88 189 63 13 140 106 148 5 193 175 14 134 93 56 133 118 195 71 178 14 93 78 115 86 59 99 183 177 63 146 109 189 74 159 101 24 179 151 101 141 17 114 5 1 131 128 9 51 70 181 104 94 166 39 83 20 119 149 27 155 126 35 41 37 96 29 21 55 144 99 65 67 89 186 38 46 129 164 136 97 187 88 14 157 92 87 79 105 143 65 61 92 30 176 81
17 132 199 115 172 136 81 156 158 188 55 179 144 154 118 175 133 54 146 22 106 108 107 17 163 91 43 133 68 83 70 16 63 185 117 41 108 51 200 139 162 93 198 177 130 58 13 59 107 57 95 174 14 152 124 43 67 113 64 148 194 62 137 115 98 7 43 120 178 158 63 135 56 134 104 184 86 35 192 122 70 39 75 37 170 144 80 12 46 59 79 77 171 123 111 28 51 179 129 26
92 44 29 197 177 33 153 151 156 74 178 92 192 45 97 143 31 180 141 87 164 176 1 84 7 140 156 110 62 156 173 128 31 72 131 138 59 46 133 134 126 144 33 22 198 27 68 177 138 113 123 155 60 191 95 148 83 134 8 146 68 126 117 44 155 80 135 89 3 6 49 137 162 110 6 148 17 148 133 20 115 15 26 15 19 170 40 14 73 45 76 162 82 168 65 188 171 147 84 84
119 75 128 134 157 178 124 18 20 190 66 42 200 74 132 149 147 30 136 92 103 32 117 13 144 30 5 36 8 161 164 159 93 156 169 140 170 59 21 34 141 28 161 7 141 47 39 46 129 133 58 58 29 152 76 67 116 10 74 199 3 66 86 144 17 33 196 30 199 60 77 129 37 25 15 61 37 52 6 124 129 170 16 148 6 140 161 28 109 52 187 139 20 97 147 97 38 68 163 153
114 22 156 113 164 12 34 33 86 179 39 135 189 48 137 67 88 139 144 15 25 158 184 32 23 20 57 153 112 135 53 91 121 2 73 102 80 138 86 197 19 126 196 181 105 194 194 141 94 136 39 7 170 32 26 148 20 137 70 42 127 156 87 194 113 106 24 152 100 122 78 107 109 45 119 170 179 141 63 5 100 76 86 5 187 178 139 132 5 187 35 129 142 89 36 123 173 147 63 70
198 93 100 124 198 141 172 181 131 126 186 5 72 95 31 110 103 128 137 154 62 197 192 58 132 17 61 181 29 108 156 79 154 129 43 36 162 17 79 169 151 17 92 43 2 95 8 188 136 168 80 90 105 38 110 41 125 66 185 138 45 71 62 117 42 32 37 107 117 114 52 17 30 162 113 45 28 176 125 166 87 53 87 114 25 24 161 22 29 187 76 47 173 173 85 127 134 146 175 150
34 33 182 124 85 140 74 115 147 85 69 41 77 68 199 114 30 41 45 21 131 157 96 43 132 134 154 193 34 47 60 36 105 101 41 29 94 152 96 83 52 152 33 35 90 77 190 53 12 114 182 125 57 36 100 124 36 22 180 28 169 131 91 9 189 59 52 18 170 165 79 120 174 146 69 43 49 37 8 123 82 38 127 170 197 100 17 16 143 106 49 89 195 95 86 169 82 19 142 40
171 89 48 174 135 170 165 15 141 74 87 27 198 71 44 43 183 174 132 47 165 85 23 106 67 40 88 184 194 155 141 100 182 101 3 53 51 183 5 58 24 19 178 70 134 183 30 64 104 50 46 44 135 33 151 188 159 186 89 35 152 118 4 156 47 36 29 111 167 172 173 164 173 175 156 32 45 131 102 119 16 111 163 78 137 181 1 174 113 55 12 173 196 13 142 104 108 118 78 47
96 77 181 127 75 157 62 127 45 57 189 154 164 184 121 72 197 58 156 72 89 197 27 107 129 96 7 63 155 109 162 103 49 169 112 22 29 54 63 194 38 196 46 145 136 78 136 87 61 21 130 105 186 42 174 18 123 143 63 92 2 159 48 195 22 11 155 80 21 94 195 166 43 152 116 111 96 124 155 30 109 70 22 164 75 80 7 16 78 138 13 54 40 69 158 111 46 50 9 126
185 59 56 197 19 104 63 196 179 128 188 93 105 140 159 169 170 112 46 163 12 113 124 138 141 64 152 21 149 100 89 56 173 56 139 27 198 116 182 147 17 96 12 79 142 19 192 166 177 20 27 112 61 181 183 54 32 170 60 39 69 135 15 108 118 164 174 79 14 133 106 162 66 14 74 20 178 4 33 93 8 41 200 190 2 83 124 196 79 80 71 157 29 44 31 2 42 39 14 165
191 83 188 187 164 186 161 124 32 174 82 200 171 189 30 3 154 106 29 50 125 188 49 148 170 87 118 134 21 5 189 127 28 114 84 83 187 8 182 63 11 171 174 125 31 75 155 44 101 179 132 96 26 105 18 118 167 45 102 126 158 128 161 8 187 179 31 51 82 184 101 194 161 68 148 142 87 89 13 177 187 158 62 118 176 176 41 106 200 33 56 198 130 149 150 112 45 60 21 29
119 76 118 32 26 148 146 171 35 22 90 178 194 129 148 26 103 191 25 176 193 59 6 138 109 144 83 11 80 154 192 17 31 43 61 177 128 187 68 19 83 117 21 89 80 174 71 133 32 145 181 115 128 44 6 44 68 200 107 87 37 42 67 131 175 118 132 26 96 76 5 90 177 15 102 30 52 180 3 114 147 174 119 7 146 164 200 2 74 187 151 118 80 192 134 97 20 85 141 110
145 82 195 48 94 64 76 113 136 48 174 153 20 95 125 46 101 27 6 58 97 163 36 106 193 181 34 194 102 4 121 12 82 7 43 149 71 107 150 9 106 38 135 188 96 19 185 74 135 71 55 5 2 156 16 37 113 126 167 66 149 74 48 79 77 31 154 54 189 44 126 11 175 15 133 169 91 146 187 140 169 22 79 165 29 150 156 194 164 196 120 38 45 184 141 161 8 183 199 20
119 144 131 18 81 167 149 101 122 74 145 10 139 94 158 91 113 38 192 140 173 6 104 24 132 18 90 159 126 47 34 5 62 44 1 155 161 63 195 173 148 28 33 23 164 180 134 158 151 133 77 176 179 110 134 37 134 162 163 27 11 189 65 119 119 176 200 177 21 73 9 193 175 67 10 15 70 7 94 123 48 135 103 151 56 39 180 134 186 54 79 157 54 65 167 79 29 126 11 22
181 33 108 69 131 3 82 52 101 102 6 134 100 179 155 186 139 186 64 98 130 143 26 9 95 41 194 176 180 66 73 136 34 55 16 177 46 149 175 106 164 120 92 138 15 170 15 164 19 78 150 166 160 9 192 105 118 54 175 59 85 108 24 175 117 5 121 169 59 196 56 19 3 21 119 58 195 64 86 111 157 3 72 110 138 115 17 177 157 7 29 94 115 195 75 16 7 53 143 42
140 124 176 198 113 39 31 151 73 114 93 37 36 174 191 133 166 124 183 99 86 159 14 197 188 60 121 23 188 95 111 80 4 180 43 6 73 13 70 111 6 115 168 122 188 113 63 56 43 28 150 181 26 72 142 19 18 161 82 171 117 83 190 40 107 153 185 177 138 117 174 125 131 126 159 199 96 171 52 98 145 82 8 33 160 76 96 97 170 57 137 25 82 109 6 29 142 29 129 25
65 164 199 178 180 146 195 162 8 96 195 136 9 63 20 97 154 78 49 159 186 200 157 10 1 88 34 156 30 38 58 85 129 111 143 71 176 126 40 147 75 148 126 190 48 40 174 47 169 63 127 178 165 146 144 4 166 177 43 176 97 151 191 124 35 158 96 38 70 114 116 104 109 199 167 66 26 53 9 79 60 67 125 157 71 99 123 110 182 24 66 9 194 195 169 86 183 188 16 125
84 100 82 68 16 9 126 142 52 161 163 50 172 84 27 9 1 138 174 150 20 127 180 135 80 38 58 25 74 17 29 17 142 173 137 179 71 81 20 55 95 43 94 195 31 113 80 13 54 177 64 45 78 105 119 108 26 8 59 23 84 147 117 115 78 72 180 97 93 10 171 176 1 196 54 15 22 122 182 89 66 25 36 148 27 184 31 122 179 56 187 100 70 187 155 31 187 131 80 173
141 172 131 159 146 178 99 141 33 54 126 71 67 137 20 46 12 194 194 194 118 24 115 138 45 78 20 126 128 94 112 34 198 65 90 110 169 63 191 66 137 43 118 69 30 149 139 139 122 87 78 42 152 179 155 102 134 167 107 31 81 104 131 131 171 125 12 165 154 75 121 85 37 161 52 51 120 125 152 75 126 186 176 184 143 39 149 178 23 51 100 173 26 94 98 196 54 44 9 44
47 53 63 47 100 144 116 37 164 154 170 70 24 16 165 13 45 126 193 64 63 91 151 32 65 160 71 62 71 179 33 170 167 124 32 120 75 188 152 33 152 180 196 115 149 3 86 139 5 14 168 35 168 148 167 38 29 160 30 79 138 117 84 73 79 132 72 63 98 22 70 118 4 11 90 95 193 44 190 95 172 183 183 3 121 121 75 186 97 182 41 116 140 12 8 148 90 200 176 79
67 185 30 80 133 19 29 106 142 180 170 132 197 196 2 56 53 121 183 87 105 120 119 31 200 98 86 147 112 153 90 155 135 10 41 165 121 149 51 195 107 34 52 76 112 75 72 172 200 46 103 23 156 93 24 143 85 25 64 95 89 34 57 6 126 142 141 71 128 131 194 160 33 2 49 49 73 15 178 21 192 181 19 42 102 52 142 98 52 152 92 78 10 35 132 175 196 55 61 20
187 138 137 164 191 11 185 71 57 105 156 56 187 185 21 177 109 184 33 181 68 93 90 174 167 17 88 140 6 14 141 141 136 152 97 121 108 109 41 2 163 105 3 145 197 20 186 153 23 11 170 153 62 109 137 107 150 175 21 163 58 80 25 108 1 136 64 67 44 124 10 167 11 84 167 143 157 172 93 37 84 14 16 165 184 96 198 92 13 166 145 72 10 101 131 129 150 157 98 173
111 57 19 149 180 64 40 57 183 54 35 19 12 100 141 128 195 191 156 130 110 196 4 13 150 73 133 11 4 185 185 28 152 89 25 60 6 167 34 4 77 54 109 131 48 96 138 84 61 141 106 131 129 164 136 38 71 56 112 46 17 178 64 37 19 19 76 90 163 95 166 83 13 94 112 171 128 182 90 6 7 69 59 72 189 14 59 46 71 66 161 99 102 102 84 90 133 36 126 45
81 124 18 39 8 143 71 14 55 18 35 88 155 170 68 68 127 55 97 31 91 26 67 117 87 2 119 23 182 71 144 147 185 155 117 95 195 187 140 155 20 135 162 113 9 21 193 86 111 99 96 83 192 196 152 20 5 11 78 24 87 107 93 90 67 33 149 159 71 139 32 157 130 78 107 51 157 8 172 51 81 157 81 99 18 81 92 31 145 24 89 7 142 159 158 179 2 142 64 97
175 169 101 1 3 200 167 13 100 131 107 158 148 9 160 22 141 138 137 104 112 70 107 148 133 197 28 53 136 49 46 28 35 197 123 36 47 157 11 66 12 36 172 153 151 5 81 167 63 101 78 175 180 163 23 67 189 37 10 196 174 141 22 119 146 131 94 140 143 38 70 44 89 64 93 165 24 162 111 199 10 170 38 38 28 62 137 137 138 28 9 101 187 48 200 117 176 149 143 174
83 54 78 66 156 9 89 16 187 105 43 165 189 129 179 200 105 199 8 17 42 125 161 117 104 45 114 75 10 150 170 38 22 11 104 196 126 166 33 91 175 11 161 175 84 51 125 63 32 152 28 21 174 31 55 161 50 165 121 166 113 28 48 132 61 3 120 154 97 113 125 114 49 117 33 59 194 145 157 94 125 25 61 80 74 170 138 139 128 188 23 139 42 164 124 136 96 186 167 195
191 54 106 162 50 175 24 143 65 172 77 116 1 94 29 43 66 140 41 29 76 127 56 94 178 135 58 109 10 159 81 199 187 24 43 105 179 100 23 8 50 133 159 99 165 132 138 31 51 84 144 20 159 133 143 44 20 29 121 58 18 185 24 137 74 99 14 17 34 160 121 151 25 138 118 39 127 65 183 6 133 64 42 3 191 119 107 196 123 29 113 77 109 107 162 123 199 63 97 26
151 159 158 198 8 72 16 151 47 22 50 96 138 174 62 145 135 191 168 53 129 97 39 2 44 38 23 195 113 68 16 171 160 111 196 198 7 120 78 10 176 128 31 58 166 144 82 124 129 73 167 38 193 83 189 60 141 16 166 46 188 170 198 7 93 164 132 89 83 187 58 133 52 38 71 17 194 21 92 184 146 147 80 125 164 193 24 108 27 166 67 26 186 197 125 36 148 40 42 172
43 192 7 173 109 106 12 135 159 169 72 62 163 135 64 52 163 12 57 134 178 74 57 153 127 29 124 183 181 103 39 125 125 14 10 138 137 114 198 143 158 49 125 116 62 135 83 187 47 68 41 198 166 171 39 178 109 104 105 151 71 186 153 41 159 110 161 16 78 77 65 46 54 176 178 172 196 67 47 171 114 135 80 18 109 32 4 7 157 36 159 12 18 16 168 43 26 84 120 126
2 11 9 63 131 165 84 145 95 38 196 12 117 156 103 52 52 62 188 138 40 12 182 96 174 121 179 9 7 10 62 65 83 41 22 113 46 31 146 197 104 154 32 128 122 165 141 117 198 110 167 85 127 189 200 137 51 145 50 181 81 169 71 183 51 175 164 154 84 192 93 102 141 109 63 91 154 128 89 198 32 129 123 162 195 130 83 181 101 73 23 168 128 6 145 70 84 73 45 81
2 135 139 187 190 35 89 200 11 149 70 184 176 198 47 184 42 2 165 162 132 22 198 143 124 150 152 165 55 137 81 165 62 12 89 160 77 45 190 151 84 73 16 157 22 114 129 124 124 21 160 44 67 167 30 200 123 17 19 62 176 199 189 104 67 34 82 102 19 190 85 127 71 127 156 198 55 30 124 19 127 47 82 114 137 130 134 161 195 126 145 52 38 94 116 66 53 10 126 2
4 65 138 191 96 29 35 76 153 80 28 129 110 95 85 185 79 26 78 181 21 107 175 178 47 90 39 121 101 124 42 97 72 21 108 75 30 2 184 133 122 128 21 103 124 195 158 86 172 129 187 145 53 75 19 101 80 184 29 8 57 166 1 65 149 72 134 110 133 176 138 142 43 82 31 85 122 123 143 79 157 37 90 154 175 197 77 73 94 199 73 192 119 154 78 18 197 87 143 195
135 17 22 59 166 126 181 55 200 102 24 155 193 72 58 53 54 101 22 46 194 115 38 26 189 141 179 103 172 2 161 189 104 95 45 24 45 93 91 52 84 171 39 134 93 177 61 177 145 19 128 8 124 129 199 10 149 55 55 100 131 123 173 151 74 74 52 54 48 91 87 84 85 26 34 17 8 121 139 63 144 6 78 200 44 130 143 146 18 6 62 59 100 141 74 177 96 26 4 187
42 72 132 145 23 162 104 75 167 169 97 42 166 15 104 30 57 195 86 112 72 133 20 26 109 12 155 152 43 119 33 31 162 88 131 194 79 101 62 24 99 83 158 124 52 133 63 91 105 61 7 105 40 168 89 2 103 107 37 71 93 131 128 122 132 90 20 96 51 181 163 70 162 185 174 127 130 72 162 112 183 157 53 96 32 31 93 29 134 160 138 169 175 31 107 41 121 102 90 106
173 174 36 83 8 140 31 87 50 192 183 77 15 158 163 157 195 66 8 5 42 133 130 118 65 68 73 104 152 24 76 12 36 137 178 56 185 154 82 160 93 200 39 21 95 51 44 37 31 151 168 150 200 117 183 96 21 43 1 170 198 2 142 132 68 155 40 187 199 15 78 163 130 27 157 159 115 148 8 49 195 37 21 104 52 130 171 53 125 190 34 39 58 92 193 200 182 61 20 189
193 177 115 34 30 126 102 176 162 164 160 191 42 107 32 30 135 25 9 72 89 25 69 103 44 151 171 140 175 42 191 54 125 150 53 111 51 167 38 180 82 55 73 91 152 56 102 141 30 12 11 166 16 129 18 198 136 148 147 53 151 30 106 55 17 69 24 20 135 82 111 17 12 127 147 165 188 6 113 169 46 184 182 138 92 172 185 157 86 1 125 52 157 179 115 118 187 60 122 156
45 148 115 187 1 2 200 113 2 114 137 10 105 54 84 18 200 44 101 56 195 165 163 70 26 69 173 49 175 52 72 35 13 165 154 47 56 190 188 136 176 81 91 94 36 103 94 163 120 32 34 53 36 136 198 40 35 119 102 188 148 29 179 184 143 111 194 171 32 189 66 32 188 165 124 171 169 72 192 179 9 110 40 96 128 127 128 198 161 54 126 83 144 106 12 10 30 109 127 28
176 153 159 14 110 68 188 24 73 159 137 59 103 150 123 18 88 40 104 194 168 139 174 40 187 138 16 150 182 16 32 9 32 148 129 123 4 6 22 159 16 25 103 120 163 49 22 148 85 33 19 98 30 77 152 81 137 144 187 64 41 187 50 98 145 6 19 34 65 181 11 9 143 136 112 17 16 135 133 194 124 55 44 60 33 74 55 85 38 51 188 70 53 164 73 64 193 183 172 196
158 48 30 194 17 161 123 173 140 124 142 40 83 98 125 15 129 85 15 83 28 194 95 10 149 120 141 49 149 8 178 172 141 19 50 37 6 127 176 178 67 118 91 26 111 176 8 170 66 72 167 63 46 60 174 11 182 155 73 62 99 20 92 122 62 187 39 26 97 61 76 119 77 107 123 157 16 134 1 107 139 142 173 178 81 172 198 48 169 138 178 63 72 152 81 164 5 25 82 24
153 194 54 162 197 28 105 76 20 122 34 69 57 178 196 193 62 53 126 79 139 181 197 198 125 87 198 43 49 123 97 11 176 27 185 50 189 199 110 69 149 90 47 157 60 109 5 106 112 160 47 102 152 56 24 84 186 180 186 63 168 59 54 134 19 168 102 171 123 53 122 50 76 144 126 70 23 99 127 142 105 180 42 197 7 197 138 94 149 38 197 173 70 15 199 195 15 100 69 26
140 195 116 146 44 152 73 10 188 99 73 40 147 68 184 160 199 186 182 152 74 169 47 150 16 141 178 100 137 3 155 121 111 89 124 115 72 116 160 94 86 16 86 118 176 149 64 139 58 176 115 196 1 104 18 44 36 132 101 134 47 191 105 1 12 111 74 13 3 191 56 193 17 81 70 67 144 94 77 80 171 193 81 117 15 63 49 43 169 7 28 103 124 73 107 182 164 118 25 85
53 160 168 127 173 66 137 74 52 15 60 149 87 126 37 110 160 104 101 174 145 159 147 154 145 98 184 141 120 33 172 124 42 177 30 78 180 62 134 38 12 191 29 90 151 9 158 134 137 133 31 36 184 142 71 191 115 191 111 18 178 185 61 66 46 193 115 126 181 81 80 86 58 115 132 101 135 86 30 16 97 110 24 163 65 35 6 94 129 83 20 112 31 37 100 188 139 93 135 81
140 112 4 128 185 34 132 94 114 106 196 71 162 59 66 192 156 65 61 14 91 200 54 102 189 50 125 45 43 86 17 77 91 4 132 127 13 144 47 48 157 85 38 114 155 161 131 190 154 56 117 161 79 43 52 135 183 137 57 20 63 32 182 47 47 130 144 68 106 41 9 161 188 159 174 166 96 6 31 111 19 168 44 181 193 145 51 56 137 141 147 182 6 51 131 199 165 124 2 180
80 42 182 20 169 48 116 200 175 194 93 130 62 50 34 145 106 86 38 84 189 49 178 80 82 36 153 136 2 72 50 190 110 50 99 54 88 31 57 48 169 148 13 18 25 101 154 79 37 21 177 151 3 178 74 98 54 127 16 88 189 155 13 75 130 173 75 158 26 26 12 146 107 38 35 100 29 44 163 87 199 95 87 113 138 63 140 8 99 77 96 160 195 152 168 80 151 125 84 139
87 111 126 56 108 36 1 28 124 193 100 48 117 30 7 157 68 111 7 16 40 66 29 74 83 155 196 144 102 75 140 152 39 137 185 11 112 198 195 107 100 40 79 18 91 130 119 96 148 55 9 200 134 86 132 191 199 111 139 186 25 26 140 121 171 167 103 38 69 91 71 177 26 150 3 4 179 36 95 197 46 113 170 121 199 46 184 63 131 112 143 166 111 33 72 168 128 143 173 91
52 40 78 149 130 145 162 24 113 100 74 27 149 22 114 74 171 124 96 196 96 21 68 99 40 12 168 160 133 153 51 164 51 87 122 106 144 4 101 194 77 132 117 175 52 2 142 22 64 200 80 120 191 164 82 94 151 179 21 142 61 145 96 51 65 86 21 17 157 200 5 161 123 194 139 195 180 119 94 98 142 148 83 53 80 83 74 72 20 141 67 125 157 7 103 52 50 140 85 15
175 2 161 74 46 53 184 182 47 21 102 119 76 40 48 75 64 5 107 161 188 76 25 195 153 151 146 26 160 100 122 109 99 8 98 119 131 41 85 190 170 63 188 124 78 27 78 147 170 118 140 181 29 187 167 95 177 132 87 181 159 120 52 159 140 133 71 189 116 176 123 14 83 81 23 133 200 83 44 72 194 59 169 152 3 180 22 24 96 46 90 31 112 97 86 190 44 19 122 115
92 77 141 116 188 35 56 45 149 128 103 109 167 148 136 36 90 101 43 177 114 132 165 136 75 79 52 55 110 63 12 22 103 119 28 143 107 84 176 91 162 96 134 23 171 196 198 160 137 159 175 57 46 23 11 44 70 126 84 106 142 153 74 89 3 106 39 11 8 161 198 59 124 194 183 94 54 197 140 160 82 170 38 41 47 64 183 43 98 2 90 54 160 104 49 19 63 5 32 82
101 127 31 67 47 28 175 76 41 125 200 178 197 181 133 100 73 8 162 128 158 77 41 67 119 97 140 127 121 155 166 82 147 118 132 129 56 111 133 164 22 198 124 161 10 142 15 165 22 118 27 85 2 200 133 85 41 186 13 109 184 91 93 12 39 13 39 169 64 62 118 13 194 41 9 87 133 36 155 121 48 30 51 139 121 134 85 12 123 83 173 162 103 59 50 51 66 70 119 1
69 10 195 78 123 181 163 42 50 176 162 68 119 41 173 19 198 178 18 139 90 164 161 96 158 154 132 184 193 150 158 124 22 42 134 60 4 125 83 87 192 109 152 185 112 74 6 150 185 86 117 159 66 197 2 3 3 125 186 143 134 136 172 157 107 115 114 132 96 179 148 12 165 157 124 74 43 1 179 160 132 135 169 198 141 38 193 127 32 24 182 26 62 48 31 127 16 155 28 58
196 62 146 41 142 7 24 80 168 79 143 149 69 4 121 78 11 110 89 52 46 143 7 62 68 174 134 91 43 64 194 183 8 57 46 37 68 118 32 15 81 154 167 117 87 48 27 53 145 73 58 187 147 15 169 41 75 46 88 51 27 18 177 178 58 110 162 63 159 49 10 58 151 145 25 155 13 12 54 97 46 163 149 23 4 35 90 70 99 159 69 109 174 196 109 3 150 35 184 31
192 82 75 7 132 32 130 120 113 182 157 52 142 175 104 73 135 27 118 123 198 150 28 119 180 185 130 64 179 162 12 50 149 136 10 84 141 188 14 7 63 149 24 100 194 40 142 8 111 153 24 42 41 195 117 72 119 51 10 175 13 2 4 49 5 64 164 171 112 159 148 53 59 99 148 34 9 50 27 86 80 40 162 70 126 34 133 178 67 44 69 45 132 110 83 29 158 149 118 106
198 7 165 83 97 193 57 190 51 10 14 90 134 126 118 143 52 145 58 20 111 21 17 46 22 166 60 130 93 149 166 71 133 82 106 52 62 13 176 178 50 27 151 24 31 109 159 187 174 86 180 23 133 142 55 83 126 70 184 190 190 105 52 43 84 89 81 57 194 74 175 54 47 167 105 89 1 87 184 16 32 156 142 168 36 172 73 150 187 153 139 123 2 17 52 132 175 130 124 86
99 148 78 178 25 165 162 148 163 46 144 120 34 103 191 21 106 85 158 148 140 67 66 102 134 20 90 164 159 138 166 140 36 57 177 8 36 17 63 184 116 139 73 127 51 181 22 89 39 174 122 95 77 86 87 52 50 177 12 170 154 120 75 54 182 65 81 174 192 73 34 107 98 161 82 194 128 145 191 129 95 18 141 135 85 76 118 98 154 70 6 112 21 102 185 39 63 172 34 96
13 85 12 145 99 168 54 101 51 182 59 143 122 78 77 126 98 144 172 128 116 7 46 103 13 159 102 32 121 129 61 127 181 81 104 40 89 184 90 75 123 135 66 88 126 98 28 129 22 125 9 80 78 65 103 57 174 21 177 39 57 169 116 89 67 136 173 155 166 181 26 165 3 138 196 36 100 134 197 128 136 121 42 133 103 86 128 61 151 15 31 174 38 191 186 105 161 73 60 9
169 1 62 40 163 67 11 23 99 182 34 115 144 155 63 26 177 87 82 120 143 200 120 95 47 77 85 184 138 140 6 107 174 133 110 95 130 109 187 97 77 199 6 57 2 128 143 89 46 196 17 4 186 126 29 73 72 25 138 35 181 93 128 73 142 157 143 118 107 32 197 142 154 163 64 80 18 4 155 30 91 172 183 128 158 90 198 157 194 47 71 76 156 18 118 71 98 128 200 147
6 78 91 33 43 68 20 45 25 161 176 5 95 30 54 131 168 10 62 50 140 44 82 158 144 145 190 25 175 44 151 82 28 87 83 122 56 95 163 113 182 130 134 12 165 67 32 41 123 76 109 151 87 110 2 196 46 112 104 136 46 198 150 73 162 77 78 46 94 85 132 106 159 120 126 58 4 48 149 37 83 121 88 85 25 84 184 48 118 146 67 157 52 124 115 154 151 4 77 182
187 94 43 112 37 196 175 49 119 35 29 153 78 60 10 142 41 136 93 165 82 153 129 189 56 183 191 156 82 182 26 79 147 190 89 92 137 10 20 183 200 78 127 199 55 167 28 79 143 8 65 29 1 174 82 113 131 146 158 155 165 41 58 18 77 160 13 190 5 197 36 35 45 27 46 159 119 130 190 122 68 121 92 114 171 47 192 91 57 195 62 183 179 138 51 177 44 44 18 171
118 150 14 23 133 52 197 83 12 127 48 52 81 32 21 6 41 88 108 192 76 85 185 138 71 141 100 100 105 163 115 105 118 89 174 146 41 41 108 175 56 111 113 169 81 112 88 41 44 17 97 33 159 44 152 187 94 135 19 11 11 15 73 5 161 13 93 100 106 18 152 177 175 78 58 61 117 147 197 181 108 3 133 31 67 105 156 195 44 132 179 121 57 58 10 54 199 195 18 62
126 15 3 1 114 67 139 13 114 74 52 190 93 136 190 97 145 56 73 6 170 134 76 134 181 131 190 193 9 152 4 185 29 98 8 15 185 83 188 4 193 97 66 139 19 140 134 64 12 108 82 192 135 101 54 140 27 192 153 10 126 8 123 88 111 187 3 32 103 55 114 51 46 54 139 167 195 35 180 68 118 39 156 35 90 52 190 175 163 136 13 154 12 120 112 23 22 166 7 134
100 129 105 132 11 153 166 134 46 98 37 105 180 173 76 179 121 153 19 75 106 97 60 187 75 134 103 179 92 93 177 144 164 176 134 127 140 64 97 130 19 62 25 11 55 106 13 164 82 139 42 104 92 121 89 180 7 66 184 39 66 110 20 24 191 117 135 167 142 63 96 120 155 86 82 186 137 14 192 72 143 109 24 190 103 46 57 48 74 102 23 194 38 181 79 52 133 118 120 151
123 114 55 39 176 64 187 147 136 195 8 115 55 146 120 149 87 109 96 139 46 140 72 116 34 189 176 76 119 98 10 147 83 144 197 112 74 1 42 185 54 168 121 109 118 31 107 186 176 18 165 14 127 41 119 66 122 88 70 184 199 125 128 32 166 144 48 199 183 161 165 171 105 31 60 169 31 84 20 140 187 48 100 156 110 167 161 155 189 157 31 80 135 194 35 79 78 113 76 150
198 127 62 58 150 128 10 106 2 160 44 46 106 192 141 65 135 18 25 118 124 161 118 60 72 97 36 156 113 90 128 160 180 4 172 194 175 180 10 4 81 191 158 72 79 150 64 146 89 22 79 90 165 112 37 19 63 183 184 88 192 71 134 189 191 2 17 147 126 107 104 70 183 44 157 58 147 102 96 18 176 185 199 50 198 138 100 30 197 129 200 116 14 90 148 56 160 130 159 55
49 12 16 37 108 145 121 16 117 191 126 73 35 49 23 79 198 178 4 176 91 65 154 5 98 98 164 2 56 141 12 129 13 96 132 48 121 80 97 66 67 127 75 96 31 63 51 35 52 103 7 94 27 41 43 3 184 196 157 6 21 138 127 101 151 124 184 184 179 150 27 188 157 27 130 176 8 118 72 37 144 50 27 116 162 1 83 43 36 93 187 15 141 128 147 177 53 73 28 14
