80 	
8	35
1	8	5	2027	8	
1	41	9	323	4	
1	1	4	757	9	
1	57	9	507	9	
1	74	8	3612	8	
1	33	9	475	5	
0	55	5	3012	8	
1	49	5	1331	4	
0	77	8	730	2	
1	55	7	101	6	
1	15	4	3390	2	
0	58	6	1555	9	
1	4	1	903	1	
0	52	5	336	9	
1	45	7	2365	6	
0	18	3	721	5	
0	18	5	950	5	
1	22	6	1712	9	
0	61	8	243	9	
1	24	5	3810	2	
1	44	9	1008	3	
1	76	3	3800	6	
0	11	3	133	9	
1	30	5	2318	8	
0	98	8	2327	3	
1	91	8	1672	5	
0	19	1	2299	8	
0	33	2	794	2	
1	1	5	3304	1	
1	32	4	1233	4	
1	16	7	2848	9	
1	56	5	2206	1	
0	26	1	1696	8	
0	89	7	1119	7	
0	81	2	643	7	
1	16	8	660	8	
1	77	9	93	4	
1	51	5	535	1	
1	48	6	2878	2	
1	80	8	2388	1	
0	6	8	198	3	
0	30	6	1830	6	
1	95	8	2610	9	
0	13	9	1994	3	
0	73	4	114	9	
1	58	8	2528	4	
1	59	2	708	1	
0	84	4	1081	1	
0	87	7	3456	1	
0	83	6	828	5	
0	6	6	1078	5	
0	81	8	3301	1	
1	82	1	38	9	
1	90	5	26	1	
0	91	3	2345	5	
1	65	8	1171	2	
1	7	6	1750	2	
1	56	6	66	2	
0	60	7	833	8	
0	32	8	2600	2	
0	65	6	570	6	
1	67	6	2029	6	
1	87	2	2913	6	
0	3	4	903	1	
1	97	4	247	9	
1	31	2	701	7	
0	31	5	3093	2	
0	14	2	3399	9	
1	19	8	927	1	
1	81	8	3466	6	
0	99	9	897	7	
0	44	8	1160	7	
1	16	4	1096	6	
1	31	7	622	4	
0	98	4	300	5	
0	21	3	1416	1	
1	33	2	3636	3	
0	46	6	1984	3	
0	65	8	3193	3	
0	52	7	1206	7	
91 85 109 180 6 148 95 23 129 27 9 65 10 22 193 39 98 75 182 137 31 37 132 92 107 141 86 35 41 42 192 7 52 146 118 169 8 19 28 77 171 128 39 6 67 2 117 21 114 43 95 67 9 104 31 152 163 108 126 190 110 178 177 49 166 160 69 103 83 41 47 172 191 113 73 145 14 91 48 139
51 81 83 55 120 195 120 81 149 57 103 100 70 148 192 37 30 175 153 49 45 133 185 3 87 155 109 41 198 161 112 74 188 56 153 102 151 62 137 56 100 2 13 4 60 173 52 81 7 163 39 15 93 148 189 1 135 98 49 165 154 175 106 147 35 46 47 76 84 28 89 142 85 125 76 170 5 138 149 19
180 123 139 79 126 156 158 137 119 137 107 140 5 114 136 45 22 59 143 117 143 9 54 162 176 49 156 145 43 166 150 91 36 133 68 194 19 7 160 178 199 10 168 35 60 48 83 111 181 124 161 76 135 19 53 30 53 82 142 192 139 71 21 148 181 22 136 183 8 69 90 148 124 59 184 50 93 161 97 75
138 34 2 9 194 63 80 93 74 22 52 11 3 75 147 67 69 84 123 152 11 132 194 125 134 9 168 2 35 169 150 24 123 142 65 194 155 69 75 63 57 175 23 12 96 118 120 92 82 154 101 3 123 34 189 125 45 59 133 19 125 57 31 200 116 67 1 14 39 45 140 17 4 32 77 133 32 36 99 44
11 52 162 41 169 42 162 57 12 28 23 135 152 79 121 160 21 193 4 54 114 64 57 14 104 43 105 120 28 25 96 36 150 195 45 99 184 194 107 149 181 134 120 187 136 13 29 86 9 61 150 28 36 72 110 80 75 155 63 120 31 129 42 32 115 81 98 80 141 179 2 129 41 28 122 48 78 82 24 36
42 137 1 200 44 105 84 191 174 44 53 140 113 159 58 115 117 1 101 124 113 119 166 28 74 114 100 42 15 112 84 104 65 159 106 14 99 3 21 162 113 116 164 151 143 52 53 141 171 186 43 71 17 167 60 115 75 173 136 42 101 32 179 159 195 120 146 157 52 59 112 59 174 159 145 48 160 9 93 127
164 72 30 171 17 133 18 149 186 123 164 170 130 11 114 11 88 69 63 133 17 63 156 143 154 49 67 105 50 33 194 170 49 119 107 6 108 34 172 68 139 181 50 87 45 97 194 156 47 184 151 44 198 8 76 13 43 66 14 174 114 26 176 177 38 73 145 133 169 109 68 176 145 62 45 163 132 112 63 183
94 3 149 173 19 67 141 95 28 129 156 30 25 57 78 96 157 29 147 48 107 157 180 110 172 159 192 99 167 45 174 78 41 134 130 168 173 32 33 50 121 100 162 25 178 160 116 158 179 74 185 28 79 186 9 68 127 32 181 92 96 153 145 106 178 145 107 127 190 5 13 144 172 190 147 200 80 19 54 57
107 139 69 170 81 122 96 80 162 47 180 88 157 47 158 187 106 17 84 151 28 71 57 151 128 194 195 176 152 89 128 105 141 188 140 17 44 120 191 147 72 135 102 86 4 140 163 115 86 139 46 16 188 182 175 47 149 19 46 104 90 70 119 89 12 4 80 90 69 44 119 2 187 194 108 180 45 139 81 107
5 186 87 83 144 106 179 83 172 18 71 199 124 163 122 26 199 103 186 116 46 122 3 10 79 119 198 46 102 117 118 91 168 37 175 142 186 190 50 82 51 32 37 184 123 194 72 12 63 120 151 88 78 186 34 96 131 71 162 138 127 151 176 197 51 31 29 99 10 101 26 109 170 130 47 63 59 131 138 104
153 123 33 116 186 64 85 47 106 105 132 170 6 147 77 120 39 114 97 152 22 20 6 73 143 58 134 162 61 15 106 64 86 23 137 95 52 69 80 94 29 164 16 12 8 151 126 57 183 119 194 136 115 133 46 13 144 45 87 153 50 190 117 52 11 184 187 61 88 31 118 181 168 98 64 1 34 19 174 192
171 115 62 87 185 67 58 56 125 111 36 53 75 96 44 196 61 26 40 195 19 163 102 118 135 140 134 47 138 63 159 178 174 29 180 125 17 119 1 142 183 10 32 185 172 6 114 171 15 22 60 200 145 24 27 199 20 119 120 132 182 56 83 172 43 180 70 51 65 168 194 128 138 125 193 41 176 55 80 1
113 51 76 169 101 187 188 185 56 155 104 99 151 17 96 86 51 160 65 59 24 3 75 94 94 168 145 118 49 56 60 56 2 1 6 116 147 165 156 198 69 22 123 190 55 42 28 46 134 82 97 56 153 16 41 108 16 2 37 157 8 95 26 25 101 173 31 32 77 138 196 84 200 188 194 64 80 78 188 4
184 29 200 135 138 54 2 157 66 144 115 121 66 104 72 38 197 51 152 2 138 26 107 194 35 58 125 35 18 64 166 69 184 20 51 120 52 171 132 117 122 200 139 155 111 184 23 108 125 83 186 92 131 93 106 2 197 193 28 39 128 141 11 133 143 93 110 8 76 66 138 127 40 68 90 174 64 28 122 63
66 115 90 61 14 19 29 47 174 189 134 181 185 48 160 88 132 57 114 169 110 55 29 142 68 118 43 73 45 144 199 143 45 53 2 62 141 52 37 165 135 27 198 150 137 137 161 67 130 106 50 156 9 86 116 126 83 70 9 95 116 145 7 104 112 103 200 183 123 113 85 5 77 175 144 137 70 37 126 66
56 155 86 52 122 3 54 97 178 19 85 129 55 173 103 89 171 46 163 116 192 154 83 15 195 42 89 10 36 104 87 169 52 171 57 88 39 77 37 54 152 119 40 69 63 1 152 78 36 17 135 18 164 30 44 90 95 195 19 178 188 17 194 167 106 24 90 34 99 199 110 92 53 106 35 9 77 79 102 9
143 37 124 59 24 136 67 118 48 163 135 11 121 124 59 118 174 30 182 36 146 133 119 44 183 48 73 58 55 193 78 5 171 194 127 159 13 50 135 170 6 29 2 199 82 163 72 155 171 17 65 120 100 91 18 7 93 39 135 86 79 41 153 184 18 32 116 80 186 106 99 143 120 40 189 131 126 5 65 71
101 165 107 40 69 29 72 4 153 181 16 144 126 41 176 63 54 26 158 70 50 175 43 199 8 99 188 129 159 31 48 90 86 52 166 138 18 1 173 4 48 63 92 126 130 1 120 26 165 17 141 80 102 105 103 191 147 53 64 18 71 157 92 147 50 130 31 102 4 166 195 83 153 185 163 20 12 127 74 163
158 144 97 190 66 101 159 99 124 32 34 147 17 64 182 23 110 175 108 165 45 172 57 33 82 139 116 142 143 140 178 184 94 158 67 45 79 19 55 195 38 190 38 151 92 60 130 65 82 181 110 62 176 158 145 11 172 122 118 26 61 56 145 17 90 15 64 145 84 96 96 58 177 155 106 190 160 21 2 70
119 179 23 65 48 29 141 87 164 79 127 62 65 150 5 16 102 174 24 6 74 134 6 176 162 93 112 121 98 58 26 57 80 23 140 187 18 131 69 32 82 166 4 159 67 26 76 190 53 184 181 71 183 57 14 25 37 44 12 53 4 103 156 169 133 108 187 15 172 152 28 131 199 199 185 155 139 46 155 197
48 19 56 86 162 187 85 44 173 113 12 69 144 47 29 77 147 6 38 192 67 126 48 41 23 181 122 162 53 29 40 26 190 51 187 97 194 32 72 114 66 160 136 59 98 45 70 158 45 105 30 90 97 123 196 195 123 90 29 105 56 7 96 198 128 92 91 87 196 81 21 81 24 70 189 77 131 2 18 179
71 64 180 184 96 115 50 80 121 127 23 9 137 197 153 144 27 15 137 8 177 71 116 54 2 80 34 98 51 196 134 3 73 125 114 155 100 136 44 36 193 81 59 108 56 132 143 155 91 193 89 115 116 86 145 168 173 66 10 185 194 63 165 106 51 51 34 193 43 173 15 126 33 63 46 126 181 111 49 122
56 36 38 3 63 61 150 146 175 101 184 134 28 41 1 188 101 36 51 87 94 181 74 99 165 184 45 59 135 8 110 100 114 196 133 50 14 24 185 8 188 27 182 156 70 124 180 198 90 93 71 139 101 96 154 57 110 100 105 191 49 29 179 150 170 190 122 162 24 54 151 69 161 15 128 119 169 57 182 47
51 156 73 121 196 177 198 127 58 196 113 120 172 187 37 112 184 144 51 153 191 1 155 1 53 42 187 178 78 38 196 84 67 45 194 35 122 182 108 198 37 200 78 9 48 126 11 62 171 132 132 103 179 195 22 5 69 32 193 41 200 135 115 17 5 116 196 88 124 152 182 163 106 135 172 153 44 124 117 181
66 134 144 52 68 64 11 81 171 78 152 187 108 108 81 34 104 2 50 108 108 16 126 178 166 200 187 44 3 83 163 130 94 83 108 111 147 15 89 82 100 190 157 196 134 141 183 196 46 34 12 8 109 200 47 22 28 108 74 87 98 130 133 97 177 99 99 169 131 122 5 45 63 124 70 145 200 93 19 163
45 170 66 98 180 101 91 133 31 32 29 8 107 173 120 103 26 69 138 15 108 36 99 153 30 154 46 140 21 45 179 186 119 193 27 95 128 105 47 167 115 40 135 151 120 160 177 119 187 60 158 62 110 92 134 132 188 170 105 75 150 135 45 53 26 174 198 167 6 52 2 77 142 76 121 40 2 26 98 111
182 117 41 89 7 118 143 17 105 181 16 145 24 31 98 49 26 165 29 55 77 86 72 104 135 190 85 75 55 148 48 23 150 61 111 141 109 153 91 145 6 62 111 122 110 39 31 190 27 175 90 132 188 106 55 136 171 65 31 38 108 17 100 126 89 149 116 192 90 80 196 183 144 36 101 18 140 10 198 168
185 22 168 64 73 180 31 56 42 48 180 66 19 15 80 30 73 184 131 76 80 144 87 11 115 157 98 2 179 118 123 117 167 43 118 54 176 158 137 181 57 182 114 96 187 160 88 78 42 66 20 199 106 106 185 32 45 139 121 106 161 114 130 158 192 15 92 56 42 61 136 134 18 171 91 60 166 118 19 8
29 156 129 146 185 37 103 188 94 200 150 65 123 143 14 67 84 88 123 103 142 170 74 133 83 37 82 163 124 43 78 4 2 39 76 95 37 32 23 135 137 2 86 60 106 194 158 135 163 112 1 143 42 183 73 124 107 122 21 56 117 120 172 127 183 12 81 57 133 80 148 55 198 139 77 128 50 58 122 40
48 107 121 11 142 130 50 150 159 97 174 19 128 64 189 136 159 101 155 195 117 52 58 111 168 10 119 85 191 47 25 147 62 161 177 193 141 103 165 128 32 109 97 17 83 75 54 16 39 132 79 122 34 196 63 94 159 48 183 25 15 144 145 166 152 150 145 191 31 138 19 36 13 28 199 54 17 17 59 117
27 15 126 59 67 135 35 19 68 176 173 67 187 187 190 71 50 24 23 107 38 40 36 73 41 131 48 200 159 66 92 30 54 104 176 100 44 97 34 13 11 81 189 140 164 67 184 101 77 22 20 126 171 162 171 160 111 46 95 156 84 91 143 48 15 103 147 160 84 129 120 189 191 27 4 81 124 142 73 195
95 117 163 170 102 138 59 140 96 41 187 150 2 49 85 6 55 91 133 190 187 195 25 3 77 159 94 104 129 8 64 6 180 12 46 131 178 12 151 8 17 188 44 97 28 40 86 63 6 62 54 48 168 170 140 39 34 9 119 139 142 83 124 29 85 120 40 178 131 190 200 2 19 62 167 133 13 124 149 97
5 128 38 169 82 26 32 97 39 48 97 132 7 2 160 131 64 100 128 5 129 49 98 86 121 22 56 92 118 2 159 75 55 39 23 100 105 107 149 154 155 138 5 158 19 137 122 147 85 120 80 35 152 13 26 3 196 8 157 143 19 86 133 79 169 14 26 181 159 135 155 83 70 127 128 123 164 18 100 67
111 150 30 108 2 175 40 166 78 124 76 3 119 95 190 190 43 131 20 73 30 128 196 132 67 115 51 55 78 190 127 199 160 111 20 112 121 190 85 38 186 132 3 48 104 102 192 157 11 94 98 196 164 23 48 81 84 50 28 1 155 60 112 11 33 63 195 1 128 34 155 107 150 131 176 109 160 161 19 78
8 23 67 71 166 179 114 10 42 176 62 149 83 109 136 9 46 7 77 60 9 191 167 161 14 165 17 77 71 161 81 78 102 63 17 149 122 112 155 106 160 189 98 188 199 130 69 6 42 130 78 65 125 46 163 40 1 69 29 113 30 41 39 174 133 22 21 159 139 173 10 184 53 177 59 131 30 14 108 151
7 135 189 130 162 109 200 33 169 9 161 188 102 55 164 193 85 36 33 136 2 54 198 119 192 71 160 23 198 39 68 157 7 51 175 39 35 141 180 173 75 55 94 175 96 124 25 178 98 117 115 168 1 14 1 52 199 104 42 51 97 43 47 181 133 158 86 142 93 52 185 108 184 193 185 55 27 194 57 26
187 150 74 77 110 101 108 67 126 46 54 91 163 171 118 165 35 166 187 9 48 27 16 183 61 8 48 29 55 63 86 172 123 8 127 106 94 60 10 160 116 29 165 153 86 134 103 50 99 195 81 26 134 69 28 43 27 194 114 179 119 11 144 169 197 170 56 173 71 149 56 100 95 88 141 93 33 42 123 28
84 49 8 80 22 196 85 113 191 76 139 53 170 62 34 188 86 100 41 122 81 61 11 136 77 82 46 111 52 33 62 108 87 134 80 124 24 3 161 48 163 76 13 69 63 85 70 162 31 154 86 30 4 135 53 104 129 47 33 23 175 192 192 85 114 108 78 132 1 160 21 104 97 26 6 31 123 66 65 14
42 118 59 93 72 176 105 62 128 35 81 10 118 34 28 142 129 181 164 9 42 8 162 181 166 159 1 157 31 146 9 42 69 70 155 118 150 31 166 184 57 68 189 85 6 131 101 126 192 120 40 66 56 107 12 189 50 46 28 124 73 117 47 173 192 142 79 112 196 199 187 120 12 122 51 153 130 157 113 70
26 91 76 148 125 159 114 175 104 10 84 162 106 81 171 16 130 192 22 67 112 146 67 173 185 177 131 77 166 74 54 43 13 181 14 156 61 194 75 157 171 154 36 102 32 124 121 42 52 3 131 104 146 181 112 53 104 196 74 136 4 9 26 78 143 72 180 192 144 122 99 194 166 31 174 48 51 122 160 98
68 176 19 186 109 5 2 165 116 42 2 130 181 102 166 76 100 100 138 121 108 187 127 115 65 158 105 22 19 124 197 60 183 115 161 196 190 84 32 46 150 153 71 108 144 146 65 147 121 14 85 24 159 167 139 26 164 166 192 99 83 40 155 10 153 142 5 61 115 23 20 146 107 76 5 32 18 172 143 118
135 42 7 169 86 86 101 146 114 1 16 153 94 146 121 168 136 52 19 5 31 107 104 72 164 171 155 123 21 29 29 27 178 104 97 190 44 21 70 92 147 11 48 2 105 127 41 71 20 13 183 192 148 24 64 151 67 143 177 89 188 187 119 199 140 143 100 38 57 118 192 115 126 34 54 199 180 178 2 97
162 154 73 58 3 159 41 140 38 93 130 88 37 163 42 55 181 186 172 160 176 182 22 134 19 39 41 17 62 124 105 152 197 83 59 169 9 161 182 62 169 199 49 196 90 30 49 164 22 200 169 122 182 122 155 77 47 55 156 45 191 56 179 79 108 30 104 91 93 172 59 52 129 83 4 102 9 40 190 194
194 163 194 17 82 169 138 197 178 61 176 4 183 113 184 11 187 89 51 40 58 133 48 29 181 182 77 180 56 163 196 138 11 79 130 30 108 171 118 77 104 181 120 165 122 2 79 97 141 152 85 9 168 77 61 200 132 109 94 137 53 198 185 177 107 134 164 109 60 196 152 77 42 165 148 140 28 193 103 32
163 200 103 195 50 3 83 96 118 72 171 165 37 27 156 124 113 56 89 92 179 32 69 107 131 145 95 96 103 137 68 58 128 168 145 188 40 28 95 189 94 109 76 94 157 195 58 64 126 66 164 110 146 172 116 87 53 171 159 153 158 52 74 23 200 175 59 183 97 99 100 62 37 95 110 83 124 60 3 89
27 21 185 103 156 161 173 148 53 30 137 99 129 87 46 59 100 54 168 74 13 68 123 176 99 107 63 176 160 82 163 70 151 8 44 42 6 126 57 46 84 95 47 143 28 34 99 128 55 11 192 155 176 110 132 140 131 172 10 75 130 16 49 84 153 147 109 21 141 118 103 69 143 155 124 41 41 134 68 177
33 84 21 93 155 99 69 5 5 89 158 200 147 24 128 64 108 35 154 79 161 53 167 139 12 100 92 157 143 182 122 187 12 83 81 37 49 3 118 34 124 120 96 155 81 187 88 58 27 3 158 101 102 41 65 146 51 6 194 55 30 54 45 119 145 103 194 83 163 167 43 159 98 164 177 35 131 80 45 141
14 20 128 154 44 187 81 171 108 152 134 53 154 59 104 183 54 125 111 46 171 136 2 70 9 20 62 175 112 62 30 46 77 26 77 132 49 83 113 28 167 153 79 195 198 27 39 165 28 74 130 41 13 127 184 112 92 93 120 112 178 72 55 141 18 198 49 56 11 120 114 101 86 96 154 81 12 9 90 114
58 189 113 94 141 21 52 110 150 137 148 46 100 63 54 39 9 142 135 127 120 88 65 166 3 169 83 31 70 28 127 21 132 145 48 76 84 152 37 118 7 22 137 41 46 5 35 46 153 79 60 181 148 149 31 38 66 196 190 58 138 32 19 128 74 110 40 72 192 51 142 25 136 68 85 92 95 151 70 54
197 102 165 117 143 105 24 194 149 43 103 110 65 69 112 151 114 66 189 163 178 95 78 169 163 1 167 95 147 113 25 20 50 14 27 64 23 198 158 90 58 27 114 151 165 200 40 91 57 141 174 176 83 155 39 176 45 124 179 69 133 54 59 42 16 192 34 105 52 64 147 24 195 47 61 102 192 142 69 13
71 65 169 161 186 118 167 115 72 64 90 177 143 112 31 131 103 101 127 97 150 64 60 59 154 196 44 110 137 46 40 65 4 119 96 80 163 30 142 93 20 112 15 132 63 116 164 166 191 50 159 162 79 148 182 176 98 185 177 71 154 12 91 104 69 5 150 135 120 148 64 86 174 179 141 33 153 17 162 163
197 77 135 21 19 95 51 102 40 182 20 191 41 128 115 170 67 101 102 34 88 55 164 156 23 53 81 22 180 18 187 121 111 181 14 58 12 173 66 4 53 133 157 39 61 190 139 29 145 97 194 19 158 174 68 148 10 85 191 119 26 145 20 64 182 100 62 75 76 113 170 16 78 159 70 177 49 22 9 168
39 91 76 179 151 59 197 75 98 177 163 2 94 134 185 118 14 145 67 159 65 142 142 38 26 37 193 144 152 155 128 196 190 65 108 61 148 197 159 87 104 162 191 76 150 47 104 77 189 48 182 79 2 57 191 188 25 124 154 80 12 53 67 78 112 154 65 181 37 186 165 176 74 6 197 20 30 3 99 129
125 125 143 112 76 98 7 185 177 26 171 9 111 180 18 18 33 109 123 119 90 43 96 19 192 54 134 67 152 74 125 55 54 37 51 56 97 15 67 4 172 141 101 52 134 134 9 140 87 73 199 38 20 67 163 175 31 19 79 37 92 72 97 62 102 109 1 190 117 9 87 174 98 54 172 132 36 80 36 86
128 82 190 143 17 82 158 45 17 12 198 15 166 168 183 48 42 20 188 75 122 107 27 55 180 143 13 155 104 102 97 18 23 5 72 125 53 103 66 182 26 25 133 31 51 68 64 93 12 78 158 58 92 29 89 179 29 159 168 191 41 132 71 88 159 101 53 3 56 53 41 60 62 199 80 44 197 24 148 97
135 170 96 45 58 74 85 62 71 30 164 78 20 191 146 151 48 1 65 8 34 147 103 134 88 165 68 8 36 76 132 81 10 50 106 196 66 187 147 140 152 100 104 105 198 52 112 28 189 55 148 184 183 80 113 184 146 102 171 10 77 103 105 90 28 56 49 166 62 41 148 41 61 156 99 62 22 159 74 42
116 54 11 77 140 185 14 85 46 179 35 153 82 163 39 25 11 45 64 151 14 142 76 191 191 58 53 51 36 20 96 159 199 139 38 68 56 186 196 187 146 17 134 65 184 147 178 183 11 115 67 20 50 198 197 42 144 61 103 91 18 132 25 72 199 139 60 149 38 40 6 185 42 168 98 63 155 105 66 50
145 187 5 182 20 59 140 27 53 52 39 159 70 98 125 48 166 100 77 140 81 11 35 187 40 115 59 94 157 23 80 200 127 71 110 15 154 145 47 8 92 12 89 194 121 38 150 49 166 74 67 48 180 198 142 85 36 33 90 44 111 16 8 36 89 63 125 81 18 146 19 129 173 155 55 65 107 195 73 165
10 116 36 162 105 159 15 55 105 60 92 177 109 61 130 28 73 100 134 179 42 137 40 110 83 42 127 103 199 93 191 101 134 172 153 86 25 133 157 140 8 114 16 13 46 51 17 91 121 38 31 117 134 103 18 8 150 160 113 128 88 31 97 78 195 73 127 148 4 113 52 105 9 75 169 161 91 141 170 16
194 74 63 135 97 123 45 113 143 187 39 82 136 25 74 197 110 64 197 17 13 148 104 76 79 99 70 161 24 163 138 132 162 92 92 102 23 150 191 20 142 164 90 157 48 42 33 22 79 177 117 59 21 136 194 56 91 137 115 124 115 47 174 112 178 57 193 97 7 188 178 182 19 88 59 33 190 46 163 145
15 156 114 184 164 132 50 182 52 194 183 30 36 117 110 194 141 53 180 53 118 118 114 25 121 154 38 25 190 4 183 141 15 38 120 81 169 127 73 7 175 145 157 21 157 109 50 55 143 144 6 92 69 130 78 132 51 15 149 175 183 65 179 185 181 111 90 34 152 111 146 114 1 76 131 156 137 146 19 100
1 76 121 161 200 1 99 3 27 195 144 186 97 43 168 30 116 2 180 21 11 76 81 57 155 144 44 197 167 98 196 55 125 14 190 122 128 119 66 47 180 149 32 14 42 192 46 143 12 31 18 175 14 187 153 167 188 34 189 97 103 152 81 40 108 48 67 110 161 90 151 111 73 89 177 32 185 190 142 147
116 84 131 192 176 131 2 120 37 77 47 73 154 115 159 33 112 156 85 96 138 11 128 16 138 34 21 150 73 48 15 90 7 156 57 89 52 23 52 140 68 75 161 114 75 168 107 107 74 4 97 73 40 73 180 27 2 143 45 59 33 47 114 157 58 57 91 55 119 42 96 126 146 90 26 126 198 105 127 41
34 108 105 199 6 77 63 172 115 27 59 146 179 102 54 68 173 114 25 1 28 8 111 58 23 6 80 133 1 115 76 160 76 59 157 100 67 40 88 160 92 141 39 94 146 55 131 92 162 64 187 65 74 176 140 44 77 130 187 135 59 28 163 129 99 37 61 34 171 123 130 162 35 10 178 175 21 73 160 181
74 83 150 6 105 49 100 183 7 134 192 38 107 86 7 194 22 18 132 103 47 160 18 77 149 139 41 181 86 178 72 66 198 109 152 42 14 18 65 40 33 159 123 80 138 94 8 119 172 89 34 154 15 133 69 169 157 92 39 55 47 71 173 49 35 47 68 98 76 18 178 7 20 51 109 186 161 46 67 3
129 23 175 172 104 80 41 60 97 26 113 138 76 172 3 197 71 33 172 108 22 18 181 180 128 150 51 76 141 185 162 50 194 91 177 162 87 14 11 43 66 177 142 65 151 166 115 188 189 162 90 188 157 110 151 130 62 81 196 184 75 137 197 67 84 134 184 135 133 183 168 180 191 57 55 176 167 12 103 93
152 131 39 122 36 45 110 60 195 139 170 129 147 42 189 158 161 10 10 35 131 165 162 103 82 88 35 195 99 68 191 167 92 74 154 37 169 167 10 50 190 70 117 45 39 117 98 107 192 21 194 64 15 105 44 198 149 119 28 121 164 145 180 84 43 161 124 165 50 73 6 154 136 52 37 94 123 163 71 112
23 133 100 43 58 171 165 63 148 122 114 172 57 6 191 97 88 126 152 60 71 142 191 105 82 143 107 173 160 185 167 21 78 93 91 176 103 18 123 67 107 24 119 182 114 86 157 3 112 124 1 181 57 117 8 37 49 89 77 31 149 42 81 167 29 41 159 162 123 49 195 108 128 87 102 125 142 171 155 61
58 155 60 136 134 74 159 199 75 125 3 151 70 119 177 147 24 163 94 27 104 192 1 101 60 155 60 37 34 90 25 108 199 44 35 2 64 48 53 86 107 25 110 80 158 117 103 132 133 50 105 160 67 13 100 164 182 176 92 51 35 65 127 95 92 98 31 45 42 77 117 145 100 195 25 52 66 26 36 168
176 152 92 96 112 121 165 75 86 182 54 38 125 161 92 40 47 88 174 117 88 97 86 132 22 1 126 194 177 61 145 101 5 3 34 19 132 187 191 75 165 12 151 161 68 11 69 130 17 135 123 85 166 199 12 99 180 65 148 107 168 174 58 99 139 149 145 93 99 54 82 138 179 16 140 144 103 95 146 68
128 133 141 16 136 38 79 146 162 147 157 58 97 152 32 81 2 165 154 183 118 77 11 195 125 118 81 91 43 170 170 117 175 81 40 173 168 123 178 69 129 46 90 152 196 54 113 21 151 9 107 132 121 61 173 64 180 89 46 29 165 62 112 33 14 138 135 198 192 108 108 108 27 59 82 176 167 139 31 173
194 134 92 65 37 72 89 112 134 65 32 92 2 53 29 82 145 148 25 116 32 182 96 72 97 127 125 161 61 185 164 19 154 162 134 33 181 185 46 153 132 86 45 135 36 89 102 129 186 134 144 46 15 16 157 177 84 145 58 16 198 60 7 131 99 167 100 186 109 111 4 170 54 173 198 86 34 79 26 14
83 180 114 173 189 129 84 37 21 188 98 171 136 76 122 111 183 116 1 34 76 174 182 63 144 173 60 52 22 119 12 116 11 17 161 21 39 149 26 57 39 97 44 151 48 183 85 143 87 32 35 37 172 198 72 88 54 58 95 81 64 61 139 169 142 115 36 125 24 1 62 139 64 120 131 168 74 12 86 89
136 197 20 46 34 156 158 103 65 117 188 146 94 28 78 42 129 147 8 181 8 21 71 33 181 113 26 9 18 191 32 27 197 155 40 9 7 200 72 119 77 160 61 13 63 158 70 27 114 140 161 177 137 123 144 80 10 103 142 65 74 157 107 200 68 128 100 59 68 75 65 126 14 33 67 147 24 139 49 147
132 108 83 62 58 13 36 146 107 2 174 122 58 58 154 132 184 195 171 31 42 78 125 71 166 128 55 178 49 31 169 174 49 194 7 4 4 137 85 74 86 171 33 150 120 138 141 156 21 70 85 8 144 76 64 1 176 57 6 105 167 145 197 148 90 113 20 58 55 40 132 152 22 186 109 109 1 19 58 136
9 106 165 28 7 87 145 115 185 11 137 133 103 69 178 102 82 105 28 82 60 153 8 148 48 127 177 130 144 143 2 92 78 187 76 191 151 71 67 84 97 172 11 34 106 51 41 89 23 111 132 96 8 77 119 160 195 95 4 140 193 130 36 154 109 105 152 146 151 34 177 48 99 34 99 197 158 103 177 177
192 33 165 26 14 183 191 34 71 148 103 86 193 198 6 147 38 136 109 34 79 76 198 83 98 52 25 26 180 100 60 169 106 6 128 91 190 113 17 169 109 155 93 80 98 194 135 100 149 155 188 148 41 19 23 61 163 106 127 89 181 54 19 200 122 17 153 24 165 61 21 130 62 102 3 32 10 197 197 15
29 143 197 195 6 95 180 101 44 174 126 164 74 87 100 141 67 106 120 19 97 16 137 141 41 93 39 131 180 57 96 14 143 95 40 183 10 36 77 15 179 133 45 175 56 56 28 58 79 26 100 173 37 56 36 88 77 19 150 1 182 113 89 139 179 52 174 16 154 174 31 38 74 30 32 28 101 150 72 162
158 33 148 154 167 74 140 54 85 176 102 138 32 169 130 182 136 36 138 18 75 81 34 175 22 16 5 16 95 93 72 157 21 115 69 179 190 37 53 132 105 31 4 65 7 79 138 58 108 2 68 62 46 31 174 33 76 171 60 171 164 37 82 150 26 74 30 79 81 15 68 42 130 132 44 76 24 44 156 127
30 38 112 141 93 145 173 160 182 49 64 17 104 150 126 113 110 169 42 159 41 87 61 40 194 183 72 147 39 120 118 128 155 194 184 144 141 131 29 51 146 66 81 76 11 131 69 35 64 57 187 140 1 119 14 126 68 141 16 55 102 98 92 145 68 124 85 161 69 5 184 109 149 155 117 155 148 161 194 143
192 17 192 134 175 87 96 35 55 140 166 174 55 170 190 150 84 160 89 116 27 69 17 173 18 113 24 182 36 87 8 193 136 47 103 113 178 74 194 52 191 139 67 154 118 171 142 104 131 13 77 196 174 2 101 50 11 143 19 132 121 24 146 48 138 30 164 25 152 52 53 190 137 12 93 192 136 83 8 70
