100 	
18	45
0	79	9	1769	2	
0	69	3	516	9	
0	51	1	1435	7	
0	89	2	2051	6	
1	63	9	831	3	
1	90	5	1099	3	
1	73	6	1785	2	
1	47	7	1758	8	
0	56	3	957	4	
1	15	6	2323	4	
0	90	2	435	7	
1	24	5	1382	6	
1	38	7	1725	8	
0	20	4	46	6	
1	81	5	2378	7	
1	93	1	2485	2	
0	28	4	2220	5	
0	67	4	1193	8	
1	23	1	611	4	
0	89	8	2398	2	
0	80	1	635	3	
1	89	6	704	2	
0	11	3	751	5	
1	86	5	269	5	
1	33	6	130	9	
0	46	8	993	7	
0	85	7	1408	4	
0	63	4	1432	5	
1	87	4	2061	6	
1	40	9	1653	7	
1	61	2	1948	3	
0	53	8	304	7	
0	78	4	2280	4	
0	47	4	1174	1	
1	33	2	1904	9	
1	62	4	2228	6	
1	70	4	503	5	
1	52	5	1114	7	
0	52	3	422	1	
1	67	6	1046	7	
1	79	9	1072	4	
0	35	2	1522	6	
0	55	3	15	2	
0	83	1	1156	7	
0	35	6	44	1	
1	11	9	2685	5	
0	27	9	21	7	
1	2	4	2457	7	
1	80	8	883	3	
0	68	9	1623	2	
0	84	4	660	9	
1	84	3	2013	8	
1	47	7	379	5	
0	1	6	24	2	
0	61	8	1668	7	
1	30	7	1524	5	
1	67	8	1581	8	
1	75	9	2820	4	
1	89	8	842	2	
1	94	1	931	4	
1	90	2	327	9	
0	48	3	877	2	
0	48	1	1598	1	
0	61	7	898	7	
1	63	9	407	2	
1	56	6	2410	4	
0	64	3	1763	6	
1	72	7	514	5	
1	9	3	908	5	
0	94	7	1883	5	
1	74	9	164	6	
1	5	2	913	1	
1	14	8	1754	1	
0	26	5	2380	1	
0	87	6	1202	9	
1	90	8	2049	7	
0	27	2	925	2	
0	7	9	775	9	
0	85	3	650	1	
0	84	9	657	3	
0	66	3	1024	3	
1	97	2	1517	7	
0	88	7	1247	5	
0	67	4	2332	8	
0	77	9	2218	1	
0	28	8	1702	7	
1	36	9	2708	9	
0	86	7	659	2	
0	19	6	649	9	
1	96	5	1887	8	
1	89	6	723	6	
1	32	3	2750	8	
0	2	4	324	2	
0	64	2	2145	8	
0	28	1	2104	3	
0	39	5	2766	2	
0	81	5	1965	9	
0	23	1	991	6	
1	35	6	305	5	
0	25	6	1545	1	
100 135 120 171 198 5 31 42 128 185 199 69 82 59 160 182 146 94 12 24 76 103 103 97 14 57 191 89 6 7 65 169 7 7 174 92 120 168 88 33 54 56 143 14 121 36 154 64 133 2 135 199 190 49 94 28 48 31 145 165 22 41 90 168 75 89 74 52 87 102 29 111 108 176 114 79 54 153 116 34 134 197 43 12 31 178 66 56 129 1 191 181 19 28 177 74 194 19 96 111
179 180 115 156 114 197 185 97 162 87 60 110 17 120 18 129 49 18 9 174 115 139 53 56 108 25 82 180 150 113 56 35 161 60 63 34 60 197 179 47 77 121 184 27 111 181 76 147 95 113 103 97 30 103 8 40 114 37 53 11 32 90 145 199 76 169 35 186 125 100 192 186 177 18 146 42 10 89 45 85 100 184 17 19 15 102 176 175 147 49 186 102 55 22 42 18 188 116 44 89
127 128 66 183 3 36 139 4 188 80 182 59 9 4 48 57 39 132 62 117 38 4 141 191 159 151 160 37 193 54 65 21 38 31 79 164 57 191 23 156 85 127 96 48 134 87 162 65 189 16 142 133 3 92 102 182 104 147 89 11 56 75 180 184 26 111 4 176 93 76 20 11 106 155 194 139 30 82 12 156 90 104 190 136 69 75 142 179 187 41 7 157 108 189 112 123 26 25 21 187
13 69 184 101 32 51 44 111 165 179 190 54 103 156 182 186 41 128 126 161 33 27 125 140 134 151 37 75 122 99 137 151 67 155 156 7 71 17 65 102 102 150 12 130 149 125 99 23 23 91 172 126 157 81 85 41 198 78 50 127 42 13 159 3 7 165 24 1 15 21 31 104 27 85 6 2 159 143 171 71 117 166 138 63 15 193 157 105 136 24 90 39 122 105 64 113 29 90 47 102
117 41 52 22 89 33 56 41 20 145 116 99 14 185 55 11 59 59 50 125 137 57 109 198 16 104 98 162 2 10 13 44 160 85 75 138 80 45 19 137 84 165 94 165 37 27 71 133 150 34 87 30 55 90 153 12 62 138 91 172 194 148 107 20 168 62 181 98 124 136 195 147 89 83 186 12 115 35 12 128 172 177 20 177 154 199 132 116 165 60 166 112 47 106 151 133 55 46 121 146
152 73 174 25 109 18 126 54 56 43 70 29 164 161 147 166 171 137 58 102 176 124 154 128 190 77 48 131 175 198 171 156 139 44 122 39 5 9 86 175 109 156 49 168 61 67 163 5 45 171 169 188 4 3 36 21 80 181 187 158 135 176 74 146 108 188 31 182 162 59 148 134 182 26 121 168 81 116 62 12 183 11 36 23 2 182 9 42 29 19 146 196 103 136 184 12 56 30 153 116
156 88 63 133 106 2 194 22 40 90 98 120 153 48 192 105 108 4 140 134 29 90 101 2 37 44 153 180 136 62 143 185 112 170 38 187 146 75 153 7 106 65 52 37 191 181 178 116 133 119 132 180 1 163 52 109 47 174 189 22 23 153 139 59 166 94 90 18 19 16 162 154 117 55 136 48 193 31 146 174 97 46 191 28 182 38 36 74 42 151 192 149 174 71 143 112 174 37 13 95
37 80 58 151 190 176 57 77 30 66 153 7 12 139 18 25 23 177 158 195 99 169 69 176 120 197 64 81 31 163 6 51 182 124 36 90 14 20 161 152 23 46 188 79 95 41 8 160 99 118 21 188 86 45 91 113 11 117 124 198 120 154 114 173 117 131 59 61 151 135 71 43 105 157 34 122 115 107 99 60 144 179 196 163 114 13 17 195 94 102 93 177 130 20 3 161 52 76 11 91
110 11 97 137 91 13 145 58 74 137 137 28 123 16 149 114 20 124 164 91 9 38 118 78 158 135 23 86 132 197 107 193 177 83 72 7 131 21 98 34 165 86 79 83 184 155 31 70 47 36 174 160 194 155 58 36 177 64 53 141 77 157 124 119 18 32 152 85 17 26 175 99 39 138 25 90 71 32 83 155 104 103 113 123 126 136 75 158 69 2 100 23 125 24 86 91 107 135 158 147
37 124 125 130 39 148 78 18 50 43 98 105 41 85 68 182 39 113 93 187 131 70 59 176 170 8 193 99 191 80 56 57 65 148 138 13 65 10 35 101 3 43 22 26 138 68 187 59 70 26 28 95 36 198 129 86 137 9 185 171 108 1 138 104 41 98 12 106 62 85 92 44 144 35 78 117 56 35 19 110 110 142 25 193 139 153 99 66 193 18 161 177 151 173 39 65 20 91 90 21
120 85 153 121 145 53 7 127 119 111 191 154 76 10 166 25 80 167 189 9 100 11 10 39 195 31 151 28 127 151 9 137 36 22 76 42 192 156 116 101 169 141 124 31 29 173 153 9 180 117 172 140 107 94 138 114 192 13 170 118 56 184 157 145 132 176 145 26 50 150 184 45 161 13 142 151 50 70 25 2 59 6 137 59 1 103 58 140 190 100 72 18 195 34 84 182 24 116 101 125
43 28 76 12 131 74 111 43 26 138 142 158 186 127 10 102 82 51 132 28 125 5 104 152 138 128 196 90 89 144 55 172 109 187 88 49 26 66 150 127 78 132 172 150 98 53 106 141 38 200 122 65 10 144 24 116 27 142 163 128 114 199 34 147 126 7 28 127 138 168 96 193 129 81 55 125 6 154 102 42 96 122 37 153 16 23 3 165 187 192 173 98 119 134 14 28 193 65 151 199
34 71 129 152 176 82 45 41 161 17 10 10 30 13 44 188 36 92 101 196 15 66 128 112 57 40 116 77 194 4 178 101 118 117 131 80 114 15 95 75 57 99 141 70 121 187 130 159 151 180 192 162 71 186 44 62 30 84 11 181 67 17 44 146 156 46 91 84 156 19 81 30 181 39 92 1 175 62 184 139 63 99 183 47 125 91 23 24 53 107 81 181 81 188 151 192 39 133 180 30
76 6 60 86 105 101 22 116 16 85 82 106 9 186 178 18 163 40 30 162 126 81 92 49 133 76 190 17 99 40 6 56 170 129 116 150 119 96 190 171 10 97 183 91 199 86 159 31 43 154 137 83 44 164 109 43 116 12 54 51 89 31 175 189 72 51 180 3 56 16 13 117 90 69 34 103 170 176 199 54 5 179 198 140 82 67 119 118 127 69 40 133 86 163 47 109 133 183 47 13
127 154 113 14 38 99 174 93 115 19 112 13 159 60 151 17 76 159 74 30 111 98 176 3 51 31 151 151 64 111 158 32 189 104 61 22 8 132 43 119 59 104 79 33 63 27 119 54 17 194 135 192 185 191 65 199 134 125 15 61 52 45 75 172 19 61 181 79 200 52 57 23 115 50 167 193 24 165 184 20 164 54 10 30 71 193 144 61 64 91 57 18 2 128 57 4 9 19 114 33
133 188 194 190 124 133 158 16 38 96 176 132 43 58 178 142 72 65 182 5 22 167 142 131 81 118 118 127 137 10 159 50 76 20 197 55 87 54 14 190 34 47 168 18 70 67 194 105 155 110 19 115 197 4 105 164 104 168 69 73 13 173 51 57 83 149 142 19 198 82 114 46 181 6 116 142 88 158 137 170 8 70 179 118 154 61 34 12 52 100 31 140 174 195 156 9 26 195 96 125
177 59 86 171 38 143 199 182 194 90 41 108 32 179 109 158 2 7 49 141 1 51 144 32 181 72 109 184 185 191 193 62 65 93 182 80 16 191 183 56 146 50 105 119 15 163 175 97 1 45 75 146 196 174 125 66 193 39 116 21 70 87 82 177 107 114 48 174 12 166 40 60 73 65 112 148 155 195 156 42 49 200 58 152 166 66 142 35 3 78 136 77 8 145 50 172 50 150 141 79
89 15 175 46 129 59 17 142 25 105 143 177 58 153 48 175 28 1 53 42 11 133 89 167 82 161 103 21 101 124 153 186 92 140 54 129 144 154 181 118 117 80 31 153 43 190 64 69 160 176 53 79 113 142 94 131 80 156 138 96 93 108 90 58 20 114 188 114 189 78 146 74 6 174 64 94 11 27 50 126 67 53 189 196 151 84 21 41 162 123 67 95 54 32 151 47 13 139 118 36
41 65 109 166 1 65 38 115 26 54 67 165 34 58 94 92 111 58 24 24 115 58 178 138 70 131 28 46 78 33 177 173 130 115 52 89 161 197 29 110 108 180 51 123 158 194 72 113 41 118 141 53 39 167 177 181 8 137 182 194 111 176 13 130 129 69 195 113 29 163 83 67 121 159 135 102 2 43 114 47 108 7 185 199 51 9 134 149 149 49 11 195 109 172 99 87 43 6 140 91
163 151 81 166 15 118 42 45 35 191 128 161 46 164 198 156 168 176 175 28 46 84 148 75 155 191 124 162 33 167 191 58 160 149 140 15 8 27 23 106 139 155 134 136 27 96 101 103 70 164 154 115 162 184 90 20 192 5 71 19 30 57 164 76 142 57 63 8 82 44 27 65 4 22 196 181 37 114 105 20 118 15 182 126 183 60 154 170 77 84 59 132 85 3 172 62 49 64 47 110
26 133 166 73 53 27 80 112 35 110 172 67 189 61 20 7 188 91 172 14 193 24 71 165 176 17 71 7 72 103 31 146 197 121 115 180 60 75 72 142 14 82 115 143 123 75 149 154 30 95 46 197 86 51 167 8 78 124 47 92 161 153 84 76 158 1 1 146 117 129 178 116 80 74 131 194 34 194 168 28 157 108 55 8 32 4 194 8 172 104 177 129 183 171 56 93 9 187 73 163
85 36 197 79 91 87 163 165 159 50 101 56 84 196 56 38 194 148 21 64 55 17 190 69 43 111 52 13 23 127 41 181 148 38 80 87 23 159 28 74 158 92 109 59 163 134 88 96 129 46 101 146 58 6 149 87 151 81 101 148 75 39 177 68 87 195 74 175 151 180 181 128 140 175 105 168 35 136 148 22 57 131 169 92 77 200 17 170 130 123 108 103 120 37 123 1 152 48 63 192
43 134 63 18 24 179 114 161 158 110 49 194 30 37 97 24 17 133 67 105 133 173 119 144 79 1 181 125 50 102 122 112 187 67 161 157 63 154 147 176 128 128 196 159 3 186 76 178 103 135 94 17 31 196 91 163 104 184 89 26 37 66 102 163 103 52 172 131 182 191 33 180 56 153 2 66 50 136 143 52 124 170 58 85 138 192 153 136 139 171 131 28 162 153 136 199 186 71 77 90
87 38 112 36 96 193 115 35 184 62 131 168 3 175 59 8 145 182 188 130 44 59 189 155 66 162 166 48 29 138 22 168 175 96 82 126 88 31 134 113 33 188 193 26 98 110 127 23 148 195 77 41 94 104 13 55 152 191 97 37 31 6 175 44 171 145 82 191 157 101 105 113 93 16 110 39 5 154 44 19 48 171 13 158 32 187 72 161 65 79 191 68 143 49 12 155 169 194 85 46
179 162 34 166 102 45 192 139 150 20 141 72 105 162 177 169 199 196 62 178 35 196 138 4 125 188 49 45 129 177 156 132 193 161 169 154 4 200 97 3 27 146 125 92 115 187 40 194 193 99 187 110 11 34 124 109 175 136 166 22 188 160 198 120 196 76 56 56 113 133 167 178 130 132 122 44 195 38 88 27 101 85 13 178 148 106 151 179 97 48 150 89 196 2 11 164 166 28 101 162
161 31 60 33 42 26 48 112 61 123 191 145 190 110 145 55 111 80 15 197 48 100 54 6 66 25 64 10 133 167 171 80 12 143 178 47 118 110 181 14 41 182 55 150 28 141 189 39 43 160 160 132 56 132 41 65 185 143 185 101 90 15 112 174 136 189 172 162 4 16 19 80 23 84 9 133 130 187 56 155 76 97 78 83 21 100 75 102 45 194 200 199 114 24 106 52 121 170 152 133
166 118 120 15 194 199 98 123 94 110 197 131 118 128 52 48 31 9 193 168 126 90 147 5 49 120 59 160 22 38 72 163 119 10 110 179 99 180 46 159 62 176 145 19 114 143 51 96 33 76 14 7 183 36 176 158 86 35 179 182 185 52 43 178 19 188 74 47 51 167 51 31 140 32 198 41 119 183 154 198 32 101 178 7 59 149 169 25 93 181 187 157 54 54 159 60 167 160 166 183
89 42 42 97 8 40 103 8 163 53 15 65 142 197 60 81 83 26 147 47 179 159 169 136 174 114 123 142 126 26 141 102 37 35 30 197 144 157 159 61 29 160 137 107 26 120 158 16 195 119 134 31 76 200 163 176 94 169 157 199 113 182 107 64 88 168 170 132 35 110 51 175 114 159 50 114 107 37 58 19 136 131 155 44 66 137 59 43 74 2 148 162 70 18 98 171 67 152 25 70
81 101 108 41 37 157 6 150 168 46 194 41 10 167 137 25 183 101 133 179 76 151 171 5 72 125 88 158 14 117 78 169 167 183 34 183 195 182 14 180 113 67 26 82 130 1 4 63 133 38 28 77 59 56 68 175 191 135 198 83 22 128 125 76 138 107 8 88 126 82 108 195 81 98 194 132 89 151 131 16 159 19 129 66 146 97 172 69 17 81 193 162 5 93 194 147 48 4 127 123
178 185 16 31 73 161 85 137 101 21 170 37 138 16 162 11 134 108 166 52 198 147 95 56 69 58 56 179 116 142 19 78 94 15 10 154 173 13 3 126 13 191 71 82 25 149 127 52 25 113 18 38 153 195 41 81 150 112 152 185 18 18 194 138 109 124 187 43 72 95 95 52 179 112 87 16 98 146 200 134 183 146 2 145 33 184 110 132 76 54 126 86 131 46 21 114 92 173 40 1
145 77 60 198 96 188 193 124 171 59 28 94 198 35 70 123 57 193 146 57 94 14 97 63 197 168 126 132 176 168 32 128 11 42 198 60 134 14 50 164 186 98 4 78 25 77 41 21 134 132 32 107 156 31 76 181 76 126 118 86 169 20 127 146 106 57 58 160 71 27 78 73 1 174 1 151 160 198 195 18 50 93 3 71 13 35 97 200 99 112 162 2 53 156 186 195 83 99 116 192
97 103 37 95 102 121 17 11 183 94 145 164 146 40 177 99 141 130 95 115 197 119 42 82 26 54 66 191 65 146 40 133 10 197 13 34 4 8 46 159 45 25 8 8 171 7 123 99 167 36 62 105 182 189 7 179 40 119 187 103 54 197 117 100 109 111 155 170 23 150 182 105 30 85 30 29 28 154 93 143 183 139 11 163 103 113 200 88 147 73 139 73 156 134 59 113 176 53 11 47
110 121 176 162 187 19 73 17 45 128 12 177 188 58 123 193 120 77 124 180 179 44 152 144 121 181 178 17 170 60 174 64 26 129 146 62 75 48 47 77 146 79 27 104 62 33 105 157 116 180 66 106 136 58 130 130 116 62 27 23 56 55 54 190 96 39 114 1 154 87 127 19 76 174 120 18 176 121 177 170 128 39 47 24 37 60 8 36 174 161 41 128 140 45 24 64 96 51 155 121
14 193 98 171 16 42 29 28 199 160 74 193 13 183 10 15 23 52 20 165 32 163 12 182 168 123 183 148 133 159 188 33 175 24 34 191 27 22 71 134 17 156 74 19 88 55 11 147 40 134 183 148 105 153 124 169 12 2 163 74 154 31 69 145 184 184 11 46 49 29 111 113 121 60 45 76 7 126 52 181 93 104 63 172 72 46 41 35 6 78 52 27 121 20 23 198 190 103 112 86
67 115 167 156 16 122 149 30 141 192 105 175 152 108 89 112 197 105 46 25 177 12 180 119 169 153 200 103 49 88 186 7 195 117 172 108 147 62 156 52 51 106 13 166 119 95 36 34 4 39 132 41 85 74 130 150 141 17 179 122 197 59 118 189 92 163 120 82 198 98 181 200 20 156 11 20 5 89 96 123 129 36 31 173 197 88 30 176 23 158 116 181 17 116 30 54 137 51 26 84
141 169 3 147 85 117 140 104 70 88 118 167 186 95 43 137 130 132 13 32 98 33 96 83 192 137 117 194 176 133 33 173 83 178 68 138 80 52 74 160 108 132 191 48 186 25 20 84 140 37 112 61 29 11 33 136 51 5 192 28 141 178 115 182 117 176 81 69 77 154 46 8 184 160 46 12 17 4 6 99 45 125 193 111 108 39 131 9 49 35 159 30 178 84 84 189 197 39 116 173
132 124 189 188 136 14 106 47 109 191 180 72 37 73 45 106 36 133 184 153 8 94 134 118 107 104 166 86 189 15 183 133 12 172 195 57 17 12 151 44 54 10 110 41 198 100 130 92 22 86 105 113 7 75 130 9 188 100 161 103 113 113 105 200 62 117 92 188 101 105 15 41 67 55 21 168 174 68 186 160 181 72 67 16 69 143 32 157 122 187 59 158 106 7 187 90 9 164 189 45
150 26 120 122 156 132 16 171 192 131 53 161 150 61 1 145 13 189 19 46 35 82 136 193 143 85 133 178 104 97 67 115 195 194 38 107 19 155 177 42 144 198 124 113 44 82 94 7 146 55 184 13 174 164 191 159 98 7 167 101 45 111 157 12 9 167 183 40 192 180 58 124 74 188 14 36 170 68 90 137 84 90 168 2 175 82 76 188 85 60 155 51 52 144 190 93 149 186 170 152
124 137 147 96 15 135 106 44 80 127 65 1 10 63 192 62 23 27 166 141 168 94 159 114 63 152 10 125 144 108 149 128 47 183 177 51 170 110 63 10 166 28 100 50 83 179 165 176 56 104 69 92 153 177 122 76 5 173 57 50 115 78 185 147 44 128 166 141 188 198 22 14 22 14 159 101 111 121 196 194 67 13 70 168 182 145 113 6 104 87 182 165 113 113 101 143 38 110 35 187
25 55 125 84 121 54 45 39 183 51 101 101 76 81 140 43 152 167 3 172 192 42 28 34 159 15 5 181 114 144 195 74 46 26 185 69 119 124 5 141 132 197 158 104 147 117 178 102 147 179 147 31 116 183 87 49 59 169 108 115 55 176 38 57 56 110 143 54 159 170 57 94 46 25 182 155 120 25 140 19 115 46 186 45 146 112 106 59 100 29 151 74 179 13 117 137 145 197 26 152
162 42 196 82 36 188 78 86 7 140 177 187 190 182 163 62 74 4 42 29 9 15 20 71 3 145 76 12 194 107 86 43 32 32 80 99 81 126 130 140 79 55 95 157 94 42 81 110 181 69 184 165 144 41 11 44 58 110 147 76 170 4 87 102 171 19 139 85 140 1 66 37 107 101 41 34 12 16 75 40 142 23 107 68 89 155 176 113 93 104 120 150 105 130 195 37 65 66 165 99
155 172 164 28 34 194 106 114 10 116 137 22 91 15 94 126 82 73 36 190 102 193 38 151 164 2 26 149 39 95 7 78 163 87 62 130 94 166 50 3 97 104 2 84 155 129 70 112 40 55 128 131 145 197 120 20 147 135 105 25 67 92 138 150 198 103 77 49 184 43 3 107 35 138 52 187 169 39 12 89 180 41 74 169 12 178 198 33 155 132 177 152 49 173 82 194 36 81 135 91
1 186 45 113 25 140 146 66 96 168 118 167 185 58 68 65 68 181 94 71 133 174 142 8 24 173 196 146 84 180 73 118 185 195 5 177 183 20 172 25 128 197 165 85 152 195 112 66 79 100 18 15 1 5 141 153 148 44 114 43 135 13 182 120 148 5 73 18 55 13 172 99 135 29 78 42 45 155 50 142 33 50 40 91 166 32 86 63 105 28 56 48 133 158 9 14 187 200 40 172
144 137 54 35 114 51 185 67 17 52 85 198 124 30 5 122 83 120 116 199 119 109 40 148 34 15 148 16 118 64 128 160 128 142 79 109 57 176 116 178 74 103 11 166 172 159 110 58 10 129 13 195 134 66 139 58 11 61 69 52 33 130 85 187 197 143 87 159 104 177 62 43 84 41 157 132 16 26 181 144 200 134 18 61 117 82 117 24 109 168 173 4 103 58 161 64 121 17 135 128
88 160 183 93 159 26 125 116 146 35 122 87 75 33 144 122 80 116 117 86 5 120 91 151 24 54 110 46 110 200 122 191 23 171 200 102 1 145 138 107 9 80 134 28 191 40 131 8 104 146 151 82 18 151 5 189 23 52 168 42 179 200 102 169 117 184 107 79 154 180 161 88 171 34 20 145 119 163 105 48 103 151 53 130 172 63 6 58 22 165 141 145 171 114 61 75 50 55 43 115
166 111 76 144 14 188 149 148 86 88 17 81 165 104 117 63 162 38 171 105 133 13 64 87 48 179 28 55 50 89 8 65 113 103 126 41 76 12 117 16 42 151 5 26 49 22 121 65 23 125 180 9 12 9 57 152 141 189 167 138 145 157 120 199 175 158 80 52 158 31 189 168 85 82 171 189 157 200 117 81 197 9 82 154 77 182 110 32 80 52 10 57 101 81 163 110 95 168 88 193
44 87 162 89 17 193 94 170 20 151 185 129 41 2 195 134 122 64 190 63 158 27 94 59 72 191 51 196 110 104 87 156 156 192 182 103 151 26 131 66 61 130 25 73 108 38 192 148 8 92 99 97 200 117 111 174 172 52 186 181 65 79 46 46 4 79 189 74 89 41 51 199 22 113 139 99 196 105 130 82 182 83 161 140 153 187 106 51 46 174 46 109 119 94 179 22 140 6 112 12
148 73 91 178 87 200 165 80 8 70 52 32 139 102 157 81 62 60 121 191 154 181 57 53 134 89 177 138 76 83 19 132 145 196 53 155 80 96 170 61 131 65 91 186 91 161 163 43 163 137 177 154 169 190 86 3 185 132 187 149 15 127 61 200 102 7 87 127 91 157 42 145 109 39 99 112 119 45 184 43 14 148 99 171 166 97 118 1 100 125 200 20 115 104 57 63 7 158 51 197
89 185 95 145 149 120 78 106 184 172 58 53 196 45 6 57 136 79 168 69 74 157 110 3 67 160 58 76 177 116 98 187 24 125 69 101 148 200 144 113 73 31 80 106 14 100 43 135 130 90 86 161 155 63 115 32 71 141 143 119 169 103 139 65 121 193 111 167 142 75 85 3 100 88 79 193 48 82 44 173 176 51 81 128 96 198 49 110 153 183 127 16 182 179 197 132 75 90 73 67
98 157 39 16 175 53 87 96 174 130 98 135 131 51 70 114 125 156 149 56 146 118 33 197 93 28 192 91 153 192 130 5 130 126 86 66 194 137 95 63 46 149 89 48 11 133 138 149 107 161 54 98 7 161 78 19 91 193 194 60 197 76 29 25 160 94 142 12 170 131 97 160 47 40 76 85 65 175 184 144 51 122 129 105 121 71 160 56 139 173 125 189 168 129 43 77 164 115 7 27
149 1 25 160 73 101 20 146 29 151 34 40 130 52 126 131 56 2 85 159 101 199 133 74 62 78 150 73 25 120 124 197 145 31 72 7 171 110 118 55 124 193 2 78 94 144 134 193 54 166 100 101 83 142 103 6 35 115 181 97 15 31 93 20 26 30 14 73 21 148 116 115 68 102 145 154 92 70 2 82 81 38 95 43 57 195 35 189 162 73 57 188 173 143 49 20 132 20 42 41
33 19 22 101 143 154 106 104 183 26 44 87 191 21 109 173 111 12 84 199 45 200 145 117 142 131 17 198 173 57 82 180 72 171 61 191 34 175 70 89 114 196 174 99 166 178 155 123 145 129 197 12 135 196 91 139 84 198 47 5 107 160 90 132 25 52 96 63 168 85 110 133 65 159 68 149 129 145 164 17 49 151 174 190 153 169 17 58 27 36 47 49 135 22 104 41 146 50 181 68
171 174 182 172 61 102 25 130 102 164 66 39 51 54 190 40 27 189 117 113 63 97 114 35 185 183 151 174 6 106 32 121 106 134 166 59 57 126 101 190 90 177 23 159 11 130 53 16 199 14 67 70 90 153 97 114 176 155 159 2 73 6 125 121 163 52 36 188 18 108 144 28 135 176 12 118 164 150 166 128 24 64 18 148 20 8 8 38 91 194 67 102 163 148 136 116 130 29 54 147
121 111 96 95 97 168 107 33 130 53 144 187 146 22 55 32 20 153 166 110 131 55 14 197 78 175 153 74 156 108 96 119 172 194 154 162 142 143 3 32 53 199 96 169 96 21 80 88 177 198 1 49 76 33 25 116 58 187 89 145 60 116 28 70 45 194 52 27 34 100 154 14 39 169 179 113 167 34 127 84 20 159 75 51 135 176 49 60 98 99 9 121 141 51 179 36 131 103 10 10
101 161 9 143 144 73 33 185 146 106 110 118 29 40 44 133 117 183 40 133 48 82 145 26 56 15 137 30 9 136 79 122 127 194 91 14 38 127 46 106 115 134 178 141 134 59 142 164 48 156 175 160 70 123 27 118 177 21 86 185 172 101 100 160 21 156 190 198 144 155 53 13 14 1 139 46 113 62 131 69 168 84 176 101 140 180 161 48 104 171 144 112 194 15 127 166 161 180 189 154
188 108 101 115 153 109 14 38 36 55 41 93 171 146 36 76 194 169 98 67 109 44 51 119 102 138 6 56 135 114 4 4 135 160 140 41 97 18 6 88 46 28 94 130 160 37 68 193 63 106 161 123 135 133 195 18 98 3 110 22 107 70 5 133 120 178 108 128 110 178 6 97 1 55 39 169 139 56 162 169 74 42 194 130 118 169 43 108 17 158 200 159 181 19 40 2 6 15 65 34
26 41 108 25 4 99 119 42 18 96 10 125 155 93 98 17 99 51 166 142 6 183 128 163 119 155 163 188 119 162 167 162 52 97 17 46 137 166 156 168 52 184 190 79 25 8 88 153 132 131 125 163 20 85 67 199 84 19 58 163 148 172 6 26 174 160 195 63 87 102 194 144 60 55 41 15 93 80 175 112 37 196 131 25 87 19 46 87 160 26 94 166 12 109 187 7 175 49 20 43
64 45 195 76 129 54 10 93 71 105 28 105 15 40 61 67 177 115 42 171 31 30 149 166 1 25 184 66 47 83 98 115 80 161 111 187 94 77 67 54 122 93 160 17 153 107 49 116 19 197 54 65 158 147 74 142 111 148 115 133 100 6 83 157 26 95 105 48 89 131 47 56 199 82 51 105 151 156 88 104 54 18 188 59 139 130 42 82 3 116 54 95 80 23 176 2 144 38 176 47
99 107 68 40 186 192 21 56 140 158 77 92 92 99 134 21 197 76 169 2 65 68 177 125 59 176 116 107 133 2 2 115 137 108 158 111 109 58 106 85 78 110 49 71 79 177 38 157 153 115 169 98 38 79 86 1 157 177 163 62 186 68 2 38 192 153 94 98 195 4 169 115 141 51 99 187 68 9 173 174 16 130 128 61 39 148 86 4 161 137 12 21 69 99 144 70 181 162 30 143
66 18 1 80 10 17 145 48 148 31 187 23 191 168 19 50 144 181 48 29 177 69 20 113 12 147 140 11 41 36 46 126 86 27 51 154 139 120 85 104 99 58 8 72 167 171 115 83 198 198 39 82 158 11 126 185 67 62 98 26 73 177 160 46 195 190 171 55 196 198 54 63 19 141 60 104 190 20 51 175 16 99 199 128 159 174 178 166 46 149 38 196 88 131 48 184 98 16 115 29
59 178 62 177 37 170 17 18 174 196 134 52 74 107 66 10 11 152 146 133 91 35 105 172 165 93 87 152 152 16 53 12 88 24 13 161 115 56 18 11 194 83 24 20 61 54 138 127 148 28 83 113 16 148 143 64 65 164 32 144 48 182 7 156 193 52 25 157 71 96 149 157 158 9 174 81 9 117 100 15 179 196 8 54 46 67 195 160 118 144 32 136 136 38 177 179 125 10 32 193
171 7 165 45 77 114 28 188 187 66 9 149 195 94 59 45 127 127 12 124 34 35 85 11 185 175 160 93 53 51 138 200 55 86 163 2 138 97 184 138 120 151 62 82 15 22 102 2 82 39 123 73 195 130 200 66 37 179 103 193 33 81 7 68 106 116 200 162 14 71 43 61 138 27 145 84 87 140 40 82 69 40 70 145 24 119 135 82 192 30 154 113 184 74 36 72 52 52 12 122
182 147 105 144 138 146 168 31 172 11 194 198 182 12 52 143 150 154 44 194 5 48 102 165 73 124 112 193 188 34 101 124 41 51 138 109 140 13 15 5 173 175 183 139 114 116 176 191 4 74 169 80 162 178 161 184 77 36 182 160 146 160 25 32 20 176 52 105 103 169 6 82 181 146 40 28 40 176 16 142 159 187 26 136 45 192 168 37 148 145 174 60 161 175 156 60 57 186 148 107
199 23 107 107 164 148 196 172 9 45 79 163 76 146 96 168 135 59 160 180 57 128 114 39 137 195 136 152 9 80 149 190 112 177 182 73 8 130 46 178 8 110 75 18 86 152 137 166 131 175 168 18 27 168 91 57 38 107 180 85 50 176 64 25 18 19 91 94 77 33 89 150 93 12 16 48 46 174 196 15 79 141 5 198 15 125 76 132 171 119 31 59 150 131 194 185 46 119 64 10
116 62 190 183 48 94 64 47 192 183 142 101 94 71 186 18 58 186 112 28 122 22 28 15 76 171 51 57 38 168 147 41 98 182 6 177 123 24 4 28 47 147 34 89 190 55 109 156 141 147 79 90 79 198 36 124 160 99 164 101 110 11 195 34 89 147 21 21 200 29 23 75 172 156 83 58 158 107 14 7 92 114 116 93 27 49 18 129 26 70 174 94 170 63 63 159 177 155 171 117
22 186 18 102 177 189 90 48 19 156 86 200 62 130 147 164 46 116 123 174 198 120 60 69 45 46 68 80 77 168 73 120 67 56 158 40 160 171 146 107 118 189 80 94 53 198 89 90 163 46 140 83 121 54 145 192 140 133 37 134 73 153 166 125 126 149 137 128 27 87 3 105 200 161 105 22 38 167 112 137 118 39 66 33 81 165 65 1 41 41 161 43 27 37 68 85 158 12 148 50
128 117 182 111 79 151 31 36 75 46 179 169 77 41 1 152 133 113 115 66 115 48 72 72 70 3 80 157 149 95 59 121 64 31 10 98 108 6 182 62 49 130 3 55 182 16 160 150 188 135 196 185 21 150 93 121 27 94 13 29 116 2 163 14 108 2 29 21 65 23 59 69 170 46 137 95 96 179 73 90 65 59 57 81 188 41 96 66 193 39 164 158 64 199 160 75 35 106 179 22
144 148 155 69 111 117 184 132 2 155 173 45 40 150 71 108 187 135 155 100 51 82 140 167 184 82 13 2 192 28 93 85 175 60 132 57 77 159 90 153 177 194 132 154 46 135 7 115 181 23 99 182 85 121 17 182 66 50 125 31 157 143 70 161 101 50 66 143 75 68 52 111 97 169 139 118 88 28 48 11 63 31 23 196 26 57 185 16 9 139 8 38 44 113 192 119 195 20 118 78
189 195 100 97 184 72 138 188 54 134 182 75 117 61 83 81 20 66 123 198 71 25 197 171 158 117 101 53 71 24 142 113 167 196 139 153 36 22 112 123 196 165 35 43 133 188 100 169 189 70 129 167 161 107 82 184 133 196 148 41 3 91 140 78 83 14 99 53 77 27 94 163 173 66 179 169 31 123 123 1 90 80 24 9 80 1 102 67 124 160 107 92 113 41 26 166 109 30 162 192
95 130 12 55 126 180 115 71 173 17 161 97 188 79 46 99 90 11 155 153 121 52 186 124 164 94 86 111 46 64 128 161 71 104 184 146 130 28 44 103 161 111 16 77 77 120 112 109 98 153 192 152 198 62 61 46 126 105 47 70 159 75 13 98 37 139 38 1 184 89 195 38 142 69 142 56 120 65 1 138 52 197 183 15 73 23 41 114 143 180 108 152 131 21 44 68 19 31 59 97
143 28 136 12 12 141 58 17 95 116 113 48 109 27 106 166 72 75 180 68 198 159 78 66 117 8 77 107 181 154 172 83 58 53 65 145 176 46 195 118 188 164 200 181 162 50 60 161 170 120 19 18 131 102 52 62 134 187 121 193 165 185 36 65 190 57 22 40 31 148 128 37 104 67 88 54 92 191 101 87 63 71 10 186 104 43 7 117 104 87 97 20 91 14 35 114 43 60 183 36
162 93 130 15 179 124 129 111 79 120 142 68 78 110 133 45 93 59 185 24 19 8 28 180 156 98 75 57 49 160 199 43 162 155 23 34 118 173 75 6 183 180 174 46 36 164 190 85 78 138 77 7 109 16 177 115 142 133 86 94 50 69 179 157 88 50 12 140 119 171 57 20 142 23 126 82 86 77 57 188 118 157 181 87 117 160 131 138 23 136 139 78 73 14 108 170 102 149 25 47
189 151 112 187 190 18 142 158 127 65 71 25 2 87 92 147 80 151 149 143 190 95 58 144 122 5 83 145 127 148 177 170 82 182 144 180 108 27 68 96 39 24 37 2 169 24 58 94 119 94 84 183 97 124 35 110 84 75 110 145 110 171 19 170 152 21 144 194 93 78 74 127 29 41 51 57 108 100 68 153 136 63 17 25 44 62 181 190 122 109 185 62 121 135 53 29 133 156 32 48
138 70 73 75 81 165 174 158 38 179 105 145 51 45 62 38 97 191 37 174 64 154 65 145 198 35 193 109 167 100 188 102 34 166 169 9 30 100 1 54 146 98 65 47 67 101 4 167 78 121 99 198 72 164 159 189 163 165 108 148 46 64 151 195 40 141 87 24 170 196 46 9 173 152 138 119 45 186 162 68 89 137 85 40 109 24 39 110 138 165 157 11 149 43 46 115 48 180 78 65
91 99 177 73 53 184 89 190 185 53 17 93 37 50 105 166 158 195 16 81 153 198 36 15 165 184 127 163 173 71 185 185 32 23 54 68 37 193 76 13 144 97 141 157 82 56 32 47 22 152 104 113 112 105 85 137 117 10 140 145 128 77 85 190 161 71 125 160 140 47 197 189 121 99 2 89 139 179 191 146 169 12 176 98 182 75 33 95 28 116 148 185 7 133 80 45 43 76 10 50
37 98 161 133 5 150 2 55 73 119 98 3 14 69 71 111 90 43 89 14 112 109 142 113 25 127 95 15 182 19 173 121 55 18 163 171 199 41 57 65 102 101 169 35 31 128 192 88 189 126 76 51 169 97 111 170 137 164 78 187 98 78 158 123 50 55 191 91 120 8 24 21 36 147 74 77 75 25 41 65 194 39 47 181 177 7 44 156 40 127 71 173 7 22 131 66 98 113 176 123
132 122 159 54 178 28 188 94 6 98 147 72 148 165 148 64 148 104 99 40 40 181 89 104 162 173 14 46 154 18 29 177 107 144 167 47 170 12 160 171 160 190 141 154 141 101 68 143 124 178 130 174 192 65 172 125 34 172 121 52 130 182 176 58 146 64 158 119 101 95 125 67 172 196 53 57 132 7 27 154 15 77 110 132 103 128 14 123 38 4 29 113 1 26 184 69 18 179 109 183
3 100 120 158 189 78 136 188 60 144 140 165 118 48 194 67 47 59 170 132 109 52 156 106 161 84 5 139 94 65 153 53 146 149 64 157 94 18 152 41 147 113 69 98 77 175 142 28 112 7 125 88 166 86 149 156 84 61 48 163 58 147 38 116 30 69 155 157 66 153 190 90 67 96 160 200 100 76 58 13 130 144 186 46 44 68 100 54 17 101 194 117 139 139 193 57 111 48 97 73
158 144 92 74 109 112 8 12 122 186 58 193 72 69 9 94 177 133 83 191 30 184 15 169 69 159 146 5 52 67 199 141 111 150 3 134 171 147 17 150 188 16 34 63 60 5 152 141 166 15 135 17 38 130 90 148 102 132 22 134 153 82 89 184 90 161 165 142 74 111 155 23 86 9 90 47 162 187 125 136 85 115 79 98 129 138 83 34 182 95 157 48 132 192 123 69 126 143 182 10
111 132 16 64 159 46 165 163 177 153 22 177 145 89 72 65 107 52 4 127 121 25 55 60 192 182 57 95 152 171 29 36 97 54 26 166 106 10 124 66 129 141 51 65 180 112 99 40 20 187 181 18 149 53 93 162 31 90 174 75 96 119 148 89 58 155 93 83 57 126 29 165 73 176 180 11 64 58 166 88 101 31 122 52 160 182 171 55 161 182 61 122 93 68 34 97 64 30 98 153
2 164 106 37 3 87 103 7 174 176 74 18 9 84 69 50 60 168 165 46 65 34 9 154 145 57 179 90 4 7 77 83 177 78 8 130 45 43 95 195 19 1 125 11 128 2 44 127 128 85 40 6 184 197 71 101 85 115 123 8 114 33 117 169 114 72 88 3 128 79 159 79 59 55 25 63 86 134 174 36 4 100 152 79 59 4 93 172 38 187 63 197 198 178 185 59 157 7 169 122
185 98 65 46 195 75 48 105 72 197 159 111 46 189 182 104 95 108 85 14 54 172 179 74 12 83 96 1 158 114 124 92 166 171 191 44 145 2 76 80 167 106 45 146 19 130 116 76 185 88 36 108 188 191 199 54 188 178 150 8 8 24 13 108 149 125 184 56 79 47 119 55 109 171 12 135 95 57 160 59 56 58 171 182 142 88 157 153 168 48 148 128 104 144 198 152 60 178 49 6
50 6 111 125 115 17 156 87 16 159 32 29 50 81 118 76 142 162 152 5 101 146 23 132 113 18 187 49 58 161 103 68 131 150 25 83 124 31 107 114 112 121 20 158 85 167 56 49 58 45 27 8 169 79 178 18 160 178 9 134 23 158 123 79 62 128 134 139 115 174 108 120 164 61 28 135 10 173 164 1 140 27 55 40 101 13 47 130 95 2 140 194 91 159 165 192 177 39 52 109
121 68 52 76 63 174 145 144 35 82 59 186 187 178 151 161 106 24 157 138 108 100 92 35 155 126 112 22 125 141 72 92 196 109 198 60 79 120 138 128 176 143 100 186 152 175 31 5 145 196 19 19 74 78 195 54 81 14 180 199 44 35 196 42 56 138 87 111 21 35 88 135 59 171 89 60 55 166 143 171 56 27 33 10 101 22 49 187 13 108 2 139 59 186 45 193 48 173 36 46
33 87 194 120 97 94 51 137 185 127 120 166 48 153 42 19 55 60 115 90 199 122 56 2 135 128 56 24 51 83 75 35 26 128 173 38 77 53 1 84 67 56 166 142 10 197 92 125 120 150 122 148 60 100 3 55 184 1 141 187 45 11 146 158 98 199 162 23 91 185 81 129 185 79 182 3 113 145 117 19 168 46 63 198 166 35 196 3 188 121 165 85 126 195 195 136 109 71 144 31
173 49 48 134 181 162 27 145 98 96 103 188 23 15 32 169 189 109 167 88 186 129 74 61 175 128 20 89 124 22 102 178 48 189 123 67 152 199 23 62 105 142 187 129 132 93 189 108 60 157 157 163 16 47 91 87 195 109 108 88 72 3 49 119 13 141 173 51 191 84 51 43 41 31 161 148 80 101 93 200 42 58 127 41 153 88 31 196 178 78 24 85 43 65 24 188 76 104 28 169
172 95 107 167 144 23 100 196 131 26 195 155 141 143 153 35 48 134 33 46 147 76 138 10 49 6 72 186 13 192 96 14 80 196 183 173 139 140 40 115 200 67 104 83 108 128 194 92 2 44 163 108 108 53 69 42 71 196 29 187 111 137 150 146 113 92 77 46 80 180 21 157 94 188 102 20 115 112 37 121 100 105 54 186 168 187 64 166 185 82 89 157 56 119 3 72 72 194 165 84
1 13 132 171 107 128 52 160 19 160 181 142 87 194 16 118 7 139 96 118 107 149 102 175 99 181 42 185 188 136 2 117 27 111 44 19 17 114 189 179 71 175 29 196 50 167 69 128 9 163 92 147 94 13 166 98 47 116 107 62 183 192 120 4 148 9 169 183 46 133 43 50 37 40 58 5 29 79 189 85 147 149 197 15 192 104 168 194 71 122 198 11 75 32 8 173 117 72 81 161
194 142 16 67 104 14 174 152 122 20 62 76 75 86 89 191 59 159 191 135 199 65 173 146 66 51 51 22 168 51 106 137 67 44 36 110 141 108 101 186 35 157 124 108 22 161 40 186 29 101 18 91 45 80 158 157 57 197 20 123 13 29 58 167 102 52 15 198 105 134 108 167 129 41 59 55 189 6 165 174 112 178 58 13 124 154 165 100 129 140 80 16 145 191 11 73 102 70 113 120
162 1 30 123 38 15 31 25 54 197 40 61 13 49 57 143 38 122 126 125 82 66 169 58 103 113 152 115 38 45 53 137 104 73 137 82 76 104 87 186 88 103 32 100 164 69 127 169 187 20 71 94 119 150 105 93 89 24 42 63 60 168 67 176 43 42 200 17 138 87 169 133 139 26 72 199 26 164 147 11 59 13 92 130 160 95 127 162 111 55 144 133 156 87 24 142 199 178 92 93
199 11 101 185 23 67 117 13 119 29 121 65 177 152 32 166 173 26 27 158 32 12 94 132 120 12 184 117 159 150 83 181 161 173 51 31 112 124 142 162 87 121 176 33 155 135 131 11 160 63 52 63 175 161 167 169 60 107 83 43 32 104 9 97 120 151 14 143 54 154 125 87 198 181 20 193 110 40 147 47 191 9 164 175 72 196 60 197 200 100 114 178 191 60 198 156 43 36 74 35
37 138 139 128 146 109 96 51 100 169 161 27 180 134 134 198 180 63 134 177 61 84 6 49 86 155 64 112 20 94 185 196 75 167 118 77 26 134 184 70 7 46 96 151 65 81 12 109 18 192 180 26 62 91 170 19 74 108 44 81 130 81 32 79 67 134 65 160 36 134 152 181 183 84 26 8 64 108 138 87 100 13 127 124 156 126 79 150 126 50 12 184 76 17 9 36 198 91 60 104
153 58 42 129 25 192 182 183 118 71 12 121 21 82 125 180 31 48 129 52 145 191 88 86 183 39 73 83 84 178 140 196 121 139 77 119 16 170 153 63 171 124 130 69 185 111 134 89 22 20 168 75 99 172 79 133 16 96 180 82 44 185 155 92 135 92 72 129 109 183 105 134 144 175 33 121 86 132 168 124 129 10 61 157 152 130 157 151 3 104 9 84 155 174 157 196 119 40 154 169
184 73 164 123 139 169 179 16 54 9 28 8 22 157 11 136 158 125 13 186 161 177 21 7 35 155 172 141 53 143 122 7 140 124 139 124 6 23 167 3 26 127 17 41 7 57 40 103 2 189 119 63 116 126 126 46 124 164 67 64 84 199 101 112 166 192 73 65 153 37 196 32 162 10 8 156 138 160 4 115 44 14 108 177 92 153 10 6 63 78 167 195 140 91 88 9 158 17 168 100
152 23 10 162 111 34 145 173 39 197 71 44 164 52 73 47 10 42 169 57 50 103 159 18 22 13 25 29 166 67 141 162 189 124 28 146 169 76 35 142 179 143 31 200 19 57 14 24 126 4 21 165 167 50 76 161 184 177 164 189 142 51 151 191 156 24 106 128 5 63 71 179 185 57 41 138 86 197 3 13 196 36 193 148 169 69 198 185 74 162 191 70 12 89 25 194 103 179 15 59
124 19 140 34 11 50 27 93 6 151 66 9 75 65 136 106 141 16 103 157 45 117 113 99 100 192 160 178 45 71 135 18 191 184 156 27 45 46 90 146 2 118 33 152 49 51 94 186 142 166 70 189 147 2 97 165 11 10 143 194 34 64 121 173 11 60 79 78 62 93 103 180 52 59 100 128 197 103 174 105 141 48 134 109 102 185 58 88 187 167 159 155 157 65 47 154 24 57 93 190
192 111 51 125 72 117 68 48 76 150 25 51 28 65 68 1 99 123 71 33 84 196 87 33 4 2 170 178 138 34 199 197 147 192 135 165 41 83 131 84 41 163 167 55 197 4 152 36 160 172 8 115 71 102 124 114 50 178 186 8 11 116 172 187 98 116 129 121 60 151 142 194 166 173 33 30 181 140 4 106 172 191 53 67 164 70 39 127 86 84 87 35 51 161 97 106 143 6 53 3
25 199 54 113 136 4 159 67 28 12 133 167 31 198 65 194 171 91 10 79 67 178 168 68 184 120 46 96 35 196 93 51 53 9 75 68 123 103 26 52 179 196 120 154 92 58 88 154 174 65 121 65 173 3 92 158 27 3 52 52 46 96 28 1 102 68 130 77 85 129 162 124 146 120 151 145 28 172 187 184 12 50 114 173 174 51 200 88 1 138 80 94 62 52 37 107 68 109 115 39
183 106 48 54 19 68 79 73 73 27 20 51 11 24 194 127 14 177 99 168 177 33 173 138 44 129 170 134 200 42 189 79 128 66 14 124 171 77 41 194 112 62 189 152 5 35 72 85 47 33 46 180 178 137 82 110 20 81 91 187 86 25 87 102 194 191 169 4 96 161 107 154 20 80 4 127 164 172 22 71 141 4 178 75 3 86 137 180 54 191 64 148 83 101 150 186 59 10 158 109
74 122 140 194 66 35 55 70 57 43 37 89 106 83 64 29 198 122 190 132 121 81 176 134 163 25 192 174 123 95 59 148 181 13 149 61 54 26 76 8 146 101 5 166 25 83 116 146 115 132 174 58 150 16 118 162 176 194 141 49 23 44 130 4 128 149 7 14 151 75 13 140 110 185 134 71 177 78 59 84 21 22 114 141 86 12 180 154 117 57 10 143 116 158 82 143 14 74 138 134
167 104 23 149 200 87 99 200 96 142 83 2 69 5 141 150 88 142 88 165 53 109 142 2 57 17 43 177 199 141 98 184 190 154 64 168 80 12 170 142 58 76 14 90 78 194 146 92 44 19 92 69 6 62 125 57 49 185 63 194 131 116 183 160 23 110 7 121 79 192 199 178 141 169 57 110 29 61 192 140 102 122 16 180 144 143 49 128 56 52 108 143 188 67 187 193 57 37 21 114
