60 	
25	37
0	9	6	100	7	
0	3	6	108	2	
0	4	2	18	8	
1	6	7	135	6	
0	7	5	139	5	
1	4	9	125	5	
0	4	2	14	6	
1	1	5	64	8	
1	3	8	87	6	
1	4	1	66	8	
0	5	3	118	4	
0	9	3	63	3	
1	3	6	130	6	
0	1	9	34	9	
1	3	3	53	9	
0	3	8	51	3	
1	2	8	48	9	
0	2	9	51	4	
0	7	4	100	3	
1	2	3	122	1	
0	3	5	47	8	
1	9	1	0	7	
1	9	3	17	3	
1	8	8	91	6	
1	8	5	19	8	
1	3	3	64	2	
0	9	7	123	3	
1	4	3	56	8	
0	5	5	141	6	
0	1	9	15	4	
0	8	3	10	7	
0	7	4	114	9	
0	7	7	54	3	
0	9	2	27	3	
1	4	4	81	1	
1	6	1	79	3	
0	3	6	11	7	
1	5	1	57	1	
1	6	4	100	7	
0	2	7	102	7	
0	1	6	113	2	
0	7	4	101	4	
0	4	8	100	7	
1	4	1	128	8	
1	6	5	37	7	
1	6	1	88	4	
1	5	4	113	5	
0	9	8	75	5	
0	3	7	101	7	
1	3	2	36	3	
1	7	2	4	1	
1	4	4	41	9	
1	5	8	93	9	
1	2	4	85	5	
0	9	3	69	1	
0	8	8	112	7	
0	3	6	133	7	
1	4	4	23	3	
0	3	7	91	7	
1	1	4	85	3	
13 37 186 144 103 126 170 165 156 142 115 80 5 1 103 3 95 162 140 111 66 35 135 114 188 147 183 89 8 70 130 129 63 171 91 133 80 180 60 109 82 15 140 24 169 195 198 19 31 17 114 100 141 198 51 151 174 15 142 141
55 44 126 105 162 155 6 150 60 193 33 113 38 178 197 86 194 113 178 168 192 29 148 184 6 191 62 124 175 124 185 41 39 2 198 144 153 195 140 150 78 175 9 57 136 127 25 78 73 107 172 171 45 3 147 97 132 102 152 15
70 88 122 69 86 79 170 37 123 122 51 73 50 163 140 109 46 93 42 83 21 107 172 147 181 103 43 176 63 194 55 4 21 189 192 184 166 45 112 60 113 5 96 101 183 122 5 106 98 13 181 10 74 16 184 200 157 58 124 97
159 140 156 20 48 163 66 138 111 180 79 176 156 71 98 132 123 175 118 110 50 163 154 141 172 137 107 195 27 49 25 27 144 23 136 132 61 52 56 150 8 150 86 93 192 70 181 23 151 131 16 192 135 182 52 59 143 36 10 169
23 110 74 45 14 58 83 142 4 132 102 94 22 63 75 139 168 38 112 166 39 87 168 10 168 18 83 181 178 88 86 101 57 58 5 176 85 4 193 63 104 143 40 121 110 45 58 199 190 78 141 196 22 53 150 194 175 33 105 51
144 8 126 196 142 153 158 79 186 26 70 176 8 108 99 177 159 143 39 55 76 90 160 78 14 1 155 107 79 56 178 80 89 18 41 10 68 24 110 22 173 27 109 101 103 139 200 61 83 98 138 114 197 115 29 151 157 26 155 187
18 172 98 106 63 69 109 199 183 56 192 142 40 93 185 157 42 45 76 195 3 172 16 34 157 163 182 141 185 50 153 5 166 12 200 139 172 21 69 37 1 85 50 9 64 6 137 21 88 183 21 192 186 58 47 161 101 125 152 133
79 72 87 124 7 70 57 15 9 200 159 51 94 116 170 162 181 146 151 94 179 21 37 191 118 137 60 142 64 87 78 66 173 9 118 33 40 18 46 24 28 170 130 174 65 147 56 125 134 44 147 46 108 112 39 193 104 68 3 152
74 79 11 110 199 112 97 23 109 31 168 90 57 23 29 198 40 160 88 22 90 11 80 26 129 14 5 18 146 139 162 8 70 12 26 157 36 200 169 157 188 47 161 103 84 145 197 76 58 7 123 46 24 198 2 141 77 75 25 58
53 158 48 124 100 22 39 20 123 45 66 175 34 183 63 176 136 26 104 96 51 152 169 5 56 37 42 100 59 57 78 178 44 162 20 94 112 53 120 136 119 118 98 156 122 160 14 172 61 118 79 66 65 184 200 19 77 167 29 99
100 20 130 179 80 132 68 97 53 36 150 54 29 29 86 134 190 105 129 55 4 189 167 155 13 112 80 199 96 199 39 83 154 83 162 5 33 56 23 92 144 85 19 70 93 132 69 71 173 78 121 15 51 150 145 71 49 122 112 114
37 181 99 171 64 163 139 81 73 51 51 193 71 181 8 73 77 162 83 60 68 96 62 2 46 69 48 168 198 38 24 4 27 199 32 187 77 139 108 191 27 49 14 55 179 200 55 66 29 8 127 111 168 37 136 35 62 55 27 115
108 57 191 24 187 153 189 72 126 170 18 119 97 53 53 78 38 163 192 53 83 38 27 85 142 80 141 106 13 195 2 38 28 139 45 195 142 111 18 188 14 18 106 151 130 69 142 98 146 11 5 187 79 21 22 91 53 166 195 2
62 140 194 170 147 150 167 97 200 128 8 166 72 72 82 36 133 166 74 132 104 50 23 90 130 9 128 83 16 163 141 77 72 95 2 174 139 53 128 98 17 38 47 43 75 129 169 144 142 106 200 130 106 115 158 43 116 120 62 118
134 106 149 28 194 1 197 29 135 16 194 165 39 151 165 198 94 62 53 18 148 164 66 163 61 135 194 10 122 107 28 26 143 145 197 155 38 40 10 84 14 161 140 185 95 135 13 194 76 31 158 127 13 117 102 194 92 141 70 53
66 6 106 99 63 16 91 16 199 32 71 77 88 89 159 49 56 44 160 7 190 80 186 100 108 183 84 189 138 105 109 121 117 185 76 125 126 79 187 156 192 92 102 89 120 198 53 113 100 193 41 120 4 91 111 183 170 140 157 38
111 95 70 5 191 23 34 102 50 124 121 200 127 91 67 149 24 60 104 180 5 3 182 83 118 167 116 165 172 99 9 37 137 103 188 108 162 176 149 97 79 1 177 153 167 26 58 18 184 121 195 40 109 28 27 11 159 46 11 5
189 128 71 134 59 54 112 39 103 183 141 54 184 106 189 56 58 133 59 2 138 6 121 11 20 147 36 155 9 156 124 176 147 7 187 72 6 64 176 93 88 4 104 150 105 165 14 193 83 107 24 118 102 115 109 105 62 149 117 17
129 114 33 177 37 180 21 128 1 27 15 129 47 46 36 74 179 105 118 78 77 147 66 52 184 112 139 181 28 10 168 113 186 182 62 171 58 38 154 78 171 90 138 137 179 71 76 64 103 51 171 40 169 135 94 93 135 115 75 135
13 3 186 134 107 181 152 99 57 198 145 186 28 84 21 56 95 182 113 143 150 44 198 59 66 115 148 41 150 26 92 12 4 195 166 53 2 124 21 96 142 191 171 52 171 99 191 81 92 186 187 59 9 31 197 101 102 16 186 82
185 115 175 199 60 196 123 10 135 177 80 71 110 39 190 96 155 127 82 137 26 65 148 116 121 46 71 185 133 9 68 53 3 159 48 47 130 114 33 191 94 167 166 137 181 114 184 141 133 129 176 56 15 143 174 60 9 47 35 133
28 66 187 140 21 23 194 64 102 141 123 147 34 118 25 176 132 172 174 78 56 127 152 197 154 133 94 43 192 59 21 190 163 15 78 14 192 167 98 54 42 174 144 91 105 177 180 23 174 159 170 189 31 22 140 62 50 134 79 140
109 40 19 186 146 145 118 22 44 199 104 121 27 25 122 89 84 118 97 193 58 105 137 155 178 11 45 69 83 177 111 120 164 98 91 48 160 176 193 100 31 187 179 150 101 124 129 189 81 101 145 171 41 69 126 93 144 157 27 59
86 81 54 39 190 195 137 139 174 40 117 4 82 138 168 138 148 10 90 156 142 173 114 49 101 36 147 53 40 12 89 190 111 51 122 136 52 19 93 166 136 146 98 11 54 29 55 147 121 164 6 9 134 24 179 156 180 146 67 69
16 33 64 103 123 23 138 92 14 135 61 144 48 175 159 76 197 148 85 125 116 183 114 31 47 148 160 134 10 90 37 127 150 22 75 6 8 98 144 131 100 92 95 97 131 122 23 20 57 142 164 87 142 133 180 76 37 157 19 14
91 170 135 50 30 14 157 25 52 92 59 156 10 192 75 115 58 134 156 24 47 82 18 128 35 9 123 125 139 177 12 113 138 193 114 24 32 124 62 43 187 73 73 171 110 47 39 12 59 60 129 60 96 139 85 144 21 4 100 110
64 86 182 131 169 177 69 125 2 198 45 123 129 179 124 15 16 51 101 56 77 134 57 122 132 183 57 174 144 195 187 191 142 29 194 8 108 116 66 112 64 20 69 171 64 19 40 53 56 43 146 72 90 50 114 112 138 171 45 90
176 107 22 29 139 124 27 40 122 53 118 164 3 110 75 26 1 155 89 113 1 114 23 52 70 29 84 25 193 95 26 132 4 193 24 116 130 78 34 151 56 189 22 174 121 51 111 93 59 94 42 10 141 169 115 29 190 94 188 126
139 138 12 123 134 12 58 118 171 119 163 75 82 81 138 27 194 186 58 35 7 61 146 151 180 74 88 140 148 135 199 70 109 127 118 140 34 20 36 113 74 171 147 68 33 93 181 116 92 21 119 1 135 19 32 26 149 24 114 199
82 200 104 83 136 30 27 69 21 57 160 189 22 72 66 91 96 72 64 65 110 126 118 194 43 141 171 96 143 136 137 93 141 34 181 56 68 165 104 74 134 117 62 93 30 93 130 151 7 138 36 91 180 75 29 190 12 96 173 136
142 158 135 139 96 25 127 18 188 41 54 124 105 161 174 156 95 66 175 116 131 196 70 100 59 110 106 193 113 45 8 196 75 92 128 24 3 76 35 3 7 53 167 86 92 162 182 2 153 43 85 176 6 88 13 197 175 200 35 103
141 185 16 77 8 88 2 92 82 151 116 25 131 57 68 85 45 93 190 144 125 124 26 117 187 54 171 123 29 193 199 175 131 20 165 84 160 92 174 101 37 197 85 88 100 135 174 132 11 196 128 18 36 39 161 19 192 200 1 84
19 151 200 100 167 98 42 83 81 118 159 153 40 91 125 70 191 136 128 68 21 86 134 3 191 50 33 166 149 36 32 135 21 96 157 47 32 92 83 6 103 83 182 134 172 149 112 194 104 16 197 156 77 185 69 109 50 192 69 25
29 49 48 27 35 122 177 131 23 126 191 70 46 119 141 129 115 19 31 9 169 153 132 69 95 191 90 8 199 145 180 84 115 57 61 166 39 146 37 131 117 179 134 181 50 40 180 148 76 177 81 38 12 21 144 128 4 133 87 125
180 46 81 110 170 33 76 193 31 160 87 144 105 111 173 57 11 131 122 81 1 180 59 73 46 64 50 23 106 65 99 125 34 31 57 118 93 57 11 108 93 23 114 113 177 83 80 161 41 121 154 43 94 35 196 42 186 136 78 139
13 75 80 152 35 177 112 104 143 123 20 11 101 170 154 6 26 148 14 6 195 146 69 26 71 25 27 114 60 30 77 170 33 45 90 38 9 176 167 198 75 143 136 57 111 22 173 159 143 57 152 79 19 136 80 68 68 55 15 110
56 115 40 165 28 110 128 48 91 48 81 83 199 141 147 49 167 198 175 53 33 22 181 81 120 68 148 37 89 110 158 157 134 161 79 104 194 72 167 101 179 123 188 24 163 28 29 133 162 74 64 187 150 94 80 156 63 53 188 181
46 79 70 80 9 106 116 188 59 42 47 192 48 64 89 109 154 22 59 45 127 132 179 180 65 102 30 105 65 31 171 91 139 94 178 160 34 25 148 73 96 149 150 151 166 76 63 140 139 54 25 143 16 161 66 105 29 18 170 22
164 153 32 153 10 49 132 55 128 59 200 114 45 92 153 131 38 78 68 109 187 176 69 115 83 192 75 197 199 29 188 85 41 139 23 185 187 43 43 52 74 153 12 93 62 131 91 71 52 146 77 115 79 88 182 154 51 190 68 182
125 23 65 36 103 48 38 100 53 44 93 83 172 122 134 24 196 83 39 53 13 34 197 43 51 134 49 143 193 163 172 169 151 156 75 200 141 76 51 108 115 199 196 73 112 97 177 72 74 77 106 187 9 110 19 128 52 196 111 82
58 37 46 46 35 154 187 184 155 1 44 126 74 73 118 72 106 157 172 175 69 19 9 7 149 3 149 39 190 7 64 181 40 83 13 156 177 90 38 175 115 110 195 90 167 1 3 69 99 92 38 110 163 71 106 27 141 70 74 100
77 10 28 82 170 37 195 56 174 147 145 6 143 123 49 47 69 15 169 47 173 81 78 36 23 45 142 27 179 152 192 137 165 137 16 139 185 79 98 39 98 73 103 81 171 40 167 200 43 160 33 173 93 105 114 191 154 31 22 102
66 196 151 157 34 131 106 56 42 32 108 127 24 87 48 78 42 11 59 115 200 13 141 182 62 152 57 165 101 30 158 5 37 80 183 188 92 175 146 85 98 28 186 60 49 57 194 177 107 151 38 22 42 85 114 183 41 132 93 32
88 141 128 88 86 6 151 9 183 181 3 108 72 11 51 7 14 198 61 88 135 147 29 133 98 186 172 195 99 99 78 176 31 180 127 22 43 172 163 70 2 41 173 52 163 99 83 11 43 15 197 56 94 25 89 32 111 6 58 109
64 123 67 156 180 157 199 184 75 130 10 147 4 30 141 30 124 56 185 108 38 87 81 157 47 122 30 137 185 112 14 102 49 113 127 12 77 199 22 65 70 44 59 195 190 150 49 75 155 88 115 15 181 13 99 18 163 62 11 53
100 71 194 172 49 2 26 158 73 89 73 100 197 24 54 157 54 195 117 19 31 133 154 48 134 76 173 195 190 61 24 22 90 45 15 12 23 11 85 177 194 166 34 115 150 185 60 162 32 126 55 29 150 126 3 193 1 132 73 176
47 153 118 128 58 4 166 163 6 105 26 174 163 87 10 17 59 17 135 119 167 30 127 184 80 14 37 113 20 118 47 65 20 36 173 196 170 89 39 83 71 96 169 20 11 85 148 122 20 97 104 183 130 84 142 9 74 61 181 183
167 25 43 28 84 190 95 121 198 14 40 174 25 46 42 100 7 51 181 125 11 74 30 113 6 174 142 6 79 86 66 5 156 21 62 108 12 185 170 90 24 105 118 32 22 191 181 139 133 139 1 13 16 101 7 31 48 124 28 135
96 12 137 41 103 165 98 85 200 184 172 75 11 80 9 2 156 163 28 26 20 127 60 187 84 84 116 185 35 56 193 60 58 8 41 28 192 182 71 62 155 74 113 70 72 26 141 113 73 125 29 176 49 92 5 103 31 118 90 37
142 118 58 183 139 200 103 11 17 175 109 139 108 10 161 76 36 52 144 74 150 163 76 199 151 87 112 34 64 97 156 72 133 4 130 187 67 179 28 184 117 194 61 196 1 13 184 85 154 199 84 28 90 137 185 12 193 184 198 71
72 122 135 188 118 18 43 97 123 40 118 150 78 5 122 88 43 184 38 59 95 162 104 81 74 162 119 195 115 79 29 196 121 85 88 55 62 62 78 58 170 190 29 67 168 134 12 173 96 198 3 128 183 176 24 164 88 166 60 77
36 13 180 154 126 84 69 14 55 108 160 121 34 73 186 109 14 63 51 108 174 18 57 157 55 122 107 86 77 175 158 88 32 175 151 52 146 94 17 170 52 131 30 68 109 114 54 42 71 144 172 170 128 141 149 176 29 111 54 183
52 98 20 152 185 38 90 24 11 35 56 169 148 67 163 133 135 59 48 199 78 94 23 109 172 100 90 22 6 63 188 74 35 150 41 175 81 15 91 109 175 193 171 99 200 87 102 132 107 111 183 118 118 115 17 55 120 158 168 129
69 102 176 119 151 87 79 148 161 78 33 156 198 163 14 99 32 192 112 104 99 123 109 188 132 51 151 175 197 130 7 160 7 23 104 153 162 191 47 32 187 34 195 17 154 91 176 20 174 46 117 195 31 21 154 29 127 76 112 181
72 34 88 155 167 13 95 77 22 171 162 177 184 69 163 68 200 168 114 69 12 197 161 156 52 150 140 178 54 56 157 169 22 84 80 35 17 187 126 9 23 40 50 172 77 12 186 142 82 16 56 109 107 190 172 38 12 85 21 36
158 55 84 36 2 99 156 140 65 1 38 147 123 80 170 22 146 116 49 28 42 182 48 183 136 79 140 54 57 1 68 86 163 121 138 42 200 93 180 40 182 182 131 91 127 40 101 194 45 98 98 137 200 20 54 69 151 89 185 177
133 192 56 75 165 87 12 89 117 153 178 63 152 51 173 7 68 179 182 91 184 54 170 62 30 105 168 198 147 101 55 128 193 70 92 188 156 166 11 43 15 169 43 109 185 172 45 171 116 139 135 172 200 52 82 163 14 103 165 59
186 147 185 6 123 194 11 191 42 178 102 126 54 98 138 2 116 98 199 148 115 120 45 8 155 148 193 89 6 129 158 162 192 186 33 160 123 27 106 129 181 175 116 71 192 32 91 141 106 57 113 189 21 4 198 189 61 119 80 74
188 140 73 79 137 156 168 187 37 74 149 65 141 72 44 58 121 172 17 81 187 72 189 162 122 156 166 140 26 189 146 123 35 73 41 102 47 163 28 94 35 126 117 25 103 78 122 77 63 94 98 152 165 74 69 33 120 164 110 33
53 186 19 11 83 110 73 45 90 52 188 100 87 133 60 76 115 190 126 41 176 16 8 110 138 20 98 129 124 124 67 143 126 2 102 157 56 144 158 128 31 188 100 45 131 152 97 155 156 75 65 182 29 135 100 180 49 198 42 3
190 149 5 63 79 179 15 66 141 87 77 71 10 73 149 20 197 90 51 76 4 78 142 10 54 195 152 164 56 72 106 166 154 165 167 167 132 78 107 60 19 3 131 117 99 59 52 64 150 48 3 68 104 32 16 157 148 26 85 13
