90 	
52	55
0	7	4	71	4	
1	4	9	126	4	
1	2	1	124	5	
0	3	4	11	2	
0	3	8	220	2	
1	4	2	215	3	
0	4	7	42	9	
0	2	7	214	8	
0	7	4	150	6	
0	4	3	2	7	
1	8	7	154	4	
0	7	8	100	1	
0	8	3	122	6	
1	3	1	81	9	
1	2	8	81	8	
1	9	1	34	6	
0	6	9	107	1	
0	3	7	186	6	
1	8	2	10	2	
0	6	7	73	7	
0	4	3	195	1	
0	1	2	17	9	
1	3	9	117	2	
1	7	8	157	5	
0	4	7	195	6	
0	4	6	34	8	
0	4	5	155	4	
1	3	1	4	5	
0	5	2	66	5	
0	8	3	189	3	
1	1	6	9	6	
0	7	6	191	9	
1	2	5	5	6	
0	9	2	134	1	
0	6	2	94	4	
1	6	7	68	1	
0	1	4	23	1	
1	4	4	64	9	
1	1	4	142	2	
1	9	2	98	5	
1	7	2	117	6	
1	2	1	38	7	
0	1	5	206	5	
0	8	4	210	8	
1	3	9	139	9	
1	9	2	119	2	
0	9	1	181	1	
1	1	5	123	1	
0	8	4	68	6	
1	4	3	93	6	
1	7	2	102	3	
0	7	3	97	3	
0	1	5	224	8	
1	9	9	170	6	
0	2	8	206	9	
1	9	9	74	4	
1	7	8	68	2	
0	6	3	119	6	
1	7	4	78	5	
1	6	9	221	8	
0	7	6	149	2	
0	2	2	1	5	
0	1	6	195	3	
1	7	1	198	8	
0	8	8	143	5	
1	5	4	186	6	
1	3	1	196	3	
1	2	9	76	8	
0	7	8	74	6	
1	8	5	19	4	
1	2	1	102	9	
0	8	1	76	2	
0	7	6	106	1	
1	9	9	10	1	
1	9	2	220	2	
0	6	9	224	1	
0	4	3	151	9	
0	8	1	127	8	
0	4	7	57	4	
0	4	5	13	9	
1	6	4	107	3	
0	2	8	12	2	
1	8	7	105	2	
0	6	1	92	5	
0	3	9	130	7	
0	2	5	212	5	
0	3	9	49	7	
1	4	7	200	8	
0	1	7	211	6	
1	5	6	106	1	
36 189 3 23 185 143 188 127 38 9 44 63 164 52 99 84 43 143 72 38 93 41 9 73 179 93 3 59 71 45 92 117 152 133 138 154 72 86 98 42 48 37 166 29 162 80 167 22 11 73 98 185 10 58 187 109 46 164 29 99 65 118 51 125 200 132 56 10 144 136 195 193 29 87 9 70 24 70 77 14 47 175 75 159 167 3 37 29 10 70
135 186 161 69 183 5 129 89 15 24 9 57 7 1 194 130 129 152 73 107 129 56 167 65 139 83 110 56 175 93 177 158 114 168 200 116 11 40 157 190 104 123 97 18 9 140 103 2 184 145 9 1 63 126 105 17 195 123 159 198 83 179 46 108 164 112 40 170 108 76 161 112 133 160 20 44 150 149 189 144 28 159 150 59 76 198 116 148 183 66
99 160 133 9 146 152 134 84 190 180 198 200 137 144 148 46 34 170 166 65 73 158 49 37 44 41 82 135 105 190 121 59 168 125 37 178 143 154 149 174 77 45 61 123 61 83 193 26 58 9 22 116 179 196 193 97 154 147 163 113 60 78 51 102 192 37 186 49 31 39 106 81 46 155 92 63 128 98 134 117 43 7 19 124 194 150 1 47 59 44
44 2 179 76 68 99 54 113 181 8 107 42 64 148 128 29 59 181 61 52 97 145 93 173 88 157 93 8 11 102 180 81 80 156 62 114 31 150 188 188 100 51 151 187 192 78 98 11 172 19 153 86 183 12 17 18 173 123 33 26 54 128 187 70 150 94 159 128 63 126 145 128 23 110 66 135 63 167 16 50 9 173 188 147 145 46 133 29 188 190
37 36 189 143 112 60 132 198 169 166 142 119 134 63 85 125 49 113 24 90 159 163 190 111 191 123 67 60 106 90 179 79 69 15 140 144 88 13 117 104 101 97 188 166 31 173 19 92 183 28 135 9 119 61 144 150 176 37 25 182 104 34 28 9 149 55 50 8 148 45 88 27 52 8 93 92 112 102 129 36 137 14 13 144 44 34 20 22 69 87
28 105 175 5 117 194 79 33 127 92 87 88 105 16 178 67 70 82 199 12 11 59 183 84 14 116 198 166 31 173 108 186 114 76 194 27 125 128 149 12 29 38 15 179 136 24 62 189 166 180 55 16 149 74 190 92 46 72 185 147 63 74 75 135 117 184 4 4 138 89 162 186 131 182 100 160 16 48 23 23 18 19 93 52 71 32 184 65 177 126
42 4 6 144 4 139 153 52 67 47 173 32 184 85 173 160 96 176 180 63 16 10 79 196 71 79 179 128 121 133 63 17 121 170 15 11 24 182 140 187 20 100 16 35 177 96 163 57 87 173 10 183 45 110 153 153 41 136 119 178 28 52 49 199 78 143 79 189 189 179 183 138 142 151 76 61 194 143 128 128 189 33 38 20 24 113 82 147 162 177
12 100 35 74 121 91 2 130 84 113 3 35 196 96 198 75 97 90 174 92 93 94 55 83 104 127 153 182 93 125 157 104 32 17 191 49 121 127 173 33 98 155 40 186 42 23 61 197 95 96 24 43 58 85 67 55 84 5 157 70 173 118 160 36 58 127 185 155 183 108 149 39 89 177 34 64 115 52 22 61 22 6 198 75 93 173 41 167 56 166
193 131 132 125 82 81 77 179 156 68 193 10 40 61 55 182 132 31 21 35 124 110 38 66 182 119 76 79 32 120 4 126 82 34 50 40 101 119 89 64 186 127 15 127 58 38 156 139 156 24 119 158 74 61 48 66 7 136 6 78 129 80 181 56 183 145 42 130 41 59 78 129 113 183 76 13 169 68 48 111 31 79 9 93 25 11 149 27 8 180
80 126 110 145 187 88 193 154 26 57 14 20 166 143 110 137 87 17 6 4 44 13 61 97 67 97 183 113 100 169 150 71 40 115 31 98 120 99 47 8 92 5 173 32 157 107 167 91 119 167 188 125 160 3 29 12 7 26 44 96 112 187 32 79 171 113 36 153 190 170 197 135 193 189 68 164 99 109 173 50 79 178 113 85 181 96 72 76 17 67
35 23 117 58 176 171 80 145 58 31 162 143 21 196 70 198 40 3 114 4 90 78 173 183 3 100 7 181 110 27 138 52 93 30 18 185 114 69 20 12 172 179 8 136 164 120 72 114 24 198 28 137 83 95 198 156 167 177 164 87 22 120 186 130 131 14 44 103 92 176 36 2 4 47 51 75 82 128 127 126 71 100 27 58 107 60 36 78 84 196
159 111 57 142 188 156 127 80 187 61 70 103 171 131 42 132 14 194 32 180 178 166 89 21 100 124 4 96 133 45 21 124 2 3 51 104 150 81 107 104 195 21 157 68 195 8 53 5 150 98 193 89 38 91 166 9 166 197 52 148 200 22 52 53 155 98 170 152 139 75 183 71 50 162 165 180 110 72 180 32 15 24 79 100 27 151 66 199 18 151
22 63 142 132 20 193 189 31 142 38 44 72 192 3 105 48 122 75 129 172 37 41 184 141 148 72 47 186 138 193 52 121 162 103 78 67 138 60 121 187 81 18 68 37 113 194 175 135 37 133 54 63 28 185 84 37 141 200 101 188 192 102 172 47 73 22 5 76 34 125 109 50 200 46 49 181 75 70 129 118 133 9 73 121 98 72 184 39 186 195
15 193 111 117 82 188 118 69 48 39 135 131 146 106 143 70 134 190 128 186 191 55 81 92 115 20 155 114 98 142 104 168 32 163 181 151 16 68 189 97 38 176 110 114 29 126 120 145 61 14 56 104 78 99 139 82 169 9 79 91 137 183 85 131 169 85 191 92 33 79 156 137 51 26 65 59 195 75 18 24 50 14 186 192 138 167 163 37 94 43
122 161 48 145 180 106 115 130 122 185 46 86 36 49 94 68 173 175 3 46 109 170 104 146 158 105 62 23 105 76 21 136 58 198 70 126 76 192 132 175 46 12 81 143 170 42 46 84 68 62 145 26 38 174 89 170 98 154 103 82 155 154 144 30 176 76 179 109 79 180 61 71 32 122 188 64 5 135 66 154 131 18 29 134 155 38 179 19 42 199
40 46 15 130 82 53 194 72 5 49 57 144 106 86 178 63 72 53 120 125 154 92 7 135 75 4 136 121 195 180 115 28 124 176 11 70 85 141 52 117 106 53 116 140 179 37 191 194 35 140 142 145 67 11 21 62 12 15 32 183 123 143 174 34 143 111 178 90 195 108 179 31 40 128 70 70 110 144 31 193 169 195 119 48 111 124 70 99 178 192
136 167 57 190 32 81 100 192 59 116 151 37 149 41 45 119 191 69 75 58 133 181 92 64 74 168 107 197 54 23 126 17 18 89 100 33 15 44 189 91 146 96 7 124 166 111 26 101 3 199 169 90 132 63 167 184 95 82 116 60 111 8 71 158 151 147 43 8 93 9 81 107 6 115 151 90 87 41 113 57 167 62 92 176 11 70 24 42 43 191
157 30 99 155 38 134 130 60 13 107 66 66 43 144 11 200 9 26 128 46 55 132 150 85 113 82 58 112 19 176 123 124 136 200 32 1 72 72 194 30 177 171 72 85 54 190 176 44 177 106 107 30 80 107 161 5 196 121 121 69 73 141 93 66 52 103 97 21 132 165 182 61 56 97 199 126 28 7 17 134 181 119 189 141 127 130 58 173 97 169
44 63 98 35 93 94 47 12 149 2 198 131 37 74 65 82 196 100 45 38 50 86 187 40 41 169 58 170 16 16 9 86 106 42 38 107 100 61 53 180 45 192 124 93 159 130 41 194 154 79 83 93 184 35 136 173 16 114 30 28 2 162 114 127 51 194 11 93 165 103 192 108 99 101 145 187 102 144 13 8 123 61 117 84 97 97 150 19 162 188
151 88 61 39 79 11 164 194 50 67 82 118 126 64 111 38 59 1 135 181 180 164 45 66 25 57 105 17 127 87 54 15 148 45 98 181 142 164 4 108 23 92 152 5 143 159 126 151 185 43 163 160 39 81 165 37 102 140 71 174 180 193 113 35 126 178 142 24 96 161 91 157 96 45 32 124 94 22 9 119 34 35 81 43 64 163 196 59 199 164
133 145 24 177 145 35 96 25 180 138 71 97 127 57 18 158 176 140 33 126 81 24 187 40 143 171 145 99 97 102 134 119 53 32 185 114 2 117 198 10 63 50 71 101 174 184 89 78 147 91 124 173 71 51 154 25 115 15 156 197 62 26 3 188 86 90 134 7 64 47 44 138 26 30 13 99 149 146 62 33 95 92 145 116 178 104 191 37 185 97
2 183 119 103 91 3 120 144 78 159 152 91 112 21 90 157 78 138 94 41 94 195 62 118 188 19 26 49 102 195 59 117 162 165 160 94 191 97 67 23 73 28 44 126 139 180 64 106 6 132 48 192 50 145 141 90 153 85 121 18 15 187 4 183 198 3 88 172 44 146 74 54 92 45 149 173 105 106 54 128 23 114 58 120 90 157 81 163 68 91
25 34 144 80 191 181 185 171 120 139 130 59 18 116 93 44 131 59 96 37 104 170 64 111 21 38 87 8 125 165 141 199 111 58 178 69 62 115 184 29 185 189 122 49 186 38 132 30 127 39 174 195 50 172 116 92 82 68 168 175 51 137 59 159 197 119 58 63 179 36 183 149 54 175 58 84 176 164 2 120 82 30 26 31 27 12 124 198 70 138
124 160 19 93 167 145 50 193 139 81 167 136 118 161 100 200 28 62 179 107 159 199 140 129 133 53 59 47 11 196 88 9 95 97 2 159 180 172 191 52 199 89 185 43 113 78 181 189 3 113 6 152 156 138 49 40 93 161 162 70 106 25 76 107 168 63 16 21 79 45 154 156 73 29 153 66 61 165 27 175 129 27 139 9 7 35 98 193 46 111
96 67 67 48 68 120 14 23 164 34 59 111 17 151 23 54 136 108 119 146 70 146 179 40 20 23 20 199 133 93 114 59 135 145 171 135 106 109 166 9 78 198 196 6 84 52 38 77 95 37 106 185 177 176 95 5 100 43 18 186 108 10 26 87 126 3 76 1 62 12 149 166 88 148 137 74 189 25 67 80 145 39 178 19 47 58 102 123 136 50
80 44 22 3 61 56 40 190 135 96 154 190 36 79 153 48 91 76 41 77 74 192 187 160 61 189 43 31 96 75 28 187 136 153 143 47 35 140 85 177 190 50 135 72 52 139 102 14 138 42 182 153 150 57 128 68 114 124 191 85 164 111 170 182 31 166 137 186 175 152 150 8 194 166 150 80 139 94 20 93 55 191 196 67 173 83 103 189 105 133
193 139 46 126 178 132 127 40 159 59 54 200 4 12 84 117 121 51 34 69 80 20 85 114 9 98 160 118 28 156 76 195 76 179 2 106 126 169 37 87 46 195 94 118 16 185 20 46 168 175 127 124 12 19 99 171 98 23 86 155 128 25 34 195 43 9 165 20 5 73 147 41 96 117 140 1 26 63 97 79 187 96 52 115 165 87 119 32 126 184
53 158 1 4 98 125 49 121 126 39 154 79 154 43 35 166 106 116 174 101 109 31 142 128 98 69 85 106 81 196 197 176 195 38 112 147 17 9 166 75 194 2 2 16 65 84 20 48 173 142 100 6 75 198 148 18 6 122 176 104 25 79 52 102 37 111 147 75 41 75 126 70 95 14 80 178 46 181 75 67 198 20 114 55 148 158 142 36 16 61
52 116 19 82 124 134 130 194 82 84 142 109 67 71 24 55 84 21 146 153 159 131 159 155 180 133 122 193 67 127 124 48 177 48 78 141 75 188 92 38 6 123 90 26 32 182 138 87 170 68 85 91 26 196 20 175 87 14 90 108 40 92 172 56 196 156 10 9 14 84 108 100 146 148 31 56 169 139 124 154 35 118 83 111 20 197 150 59 17 68
89 14 142 57 135 72 16 59 25 171 171 79 17 150 41 54 61 132 104 150 26 152 16 83 159 170 55 16 58 125 63 173 144 109 178 134 176 130 22 55 80 9 176 72 128 139 161 127 71 133 82 93 48 143 51 140 135 135 69 82 70 189 61 72 143 137 200 147 51 111 147 110 151 188 169 137 167 36 59 45 157 189 14 40 84 109 45 1 167 43
183 61 38 71 52 71 167 171 134 135 7 139 84 57 124 42 154 28 10 124 65 36 63 128 23 71 83 114 5 22 97 39 64 50 185 184 91 45 62 96 112 96 80 72 87 11 64 159 183 59 160 69 74 15 190 153 174 24 124 24 160 2 63 170 100 176 52 123 8 40 63 85 118 85 40 36 189 103 44 129 72 63 20 44 31 162 113 159 128 80
134 116 170 200 106 23 101 32 94 49 68 197 157 12 30 185 41 63 40 179 35 114 121 183 104 102 187 110 181 66 20 10 149 90 53 142 143 172 16 197 110 97 149 139 103 148 116 196 145 8 131 85 57 57 164 193 168 18 74 106 78 40 170 102 170 147 67 11 192 7 154 183 104 157 168 129 139 12 72 156 75 182 200 107 28 114 144 70 82 101
66 42 182 25 72 145 29 9 15 127 97 4 30 15 30 164 123 180 118 62 135 33 42 95 30 178 160 44 13 131 49 135 150 109 92 100 102 81 99 159 6 80 172 10 96 83 105 122 57 9 166 114 79 37 54 143 92 188 129 137 163 179 43 190 191 78 113 2 70 49 199 57 124 91 143 116 158 103 79 54 16 167 102 177 75 13 110 110 192 4
60 111 145 139 108 8 162 168 60 6 33 51 196 142 57 157 1 128 18 89 84 51 94 94 163 153 38 189 40 82 23 46 9 47 113 22 175 44 22 192 191 163 105 112 91 31 129 82 191 19 56 112 54 60 156 117 106 108 170 191 141 191 55 191 85 141 123 45 200 165 35 14 172 84 121 188 54 133 154 58 106 7 16 121 97 123 114 10 141 22
58 124 152 88 28 193 79 141 113 14 48 199 164 108 69 129 80 94 151 198 178 79 12 58 66 148 155 107 44 183 21 55 131 171 140 89 147 119 52 93 97 12 104 9 14 122 23 110 109 86 139 181 102 57 155 30 74 199 38 150 167 191 171 113 108 113 123 167 86 65 7 36 97 122 15 190 151 126 12 51 193 97 146 57 175 110 120 47 175 131
94 53 189 169 63 147 14 62 71 175 166 83 2 173 24 114 193 48 186 66 42 114 117 54 41 199 197 71 134 76 31 25 169 67 171 10 37 142 70 73 116 163 162 98 110 58 140 149 20 39 8 16 70 179 36 167 81 197 173 110 11 190 16 20 96 1 122 89 72 77 187 35 171 188 187 16 81 65 94 46 122 100 62 38 35 118 129 85 198 165
156 92 152 41 43 138 48 112 95 196 168 109 92 160 98 77 31 37 181 44 161 8 136 58 92 74 85 74 138 25 22 6 79 19 145 32 116 136 64 87 168 114 10 56 123 107 186 15 119 119 24 82 130 144 199 179 184 160 45 151 51 79 158 118 82 137 180 105 129 155 114 85 39 123 187 44 187 81 178 109 64 191 180 112 39 131 139 73 135 23
82 79 52 165 84 162 135 109 17 111 111 103 35 92 4 111 116 88 114 189 169 41 101 112 149 78 176 91 134 105 1 17 18 125 182 71 81 88 187 36 52 21 92 171 13 108 50 164 74 5 153 140 24 4 32 38 194 195 17 166 190 125 89 73 19 96 178 25 143 91 127 160 50 62 169 151 73 46 100 59 148 175 97 55 172 166 38 70 157 46
120 153 50 24 62 119 118 48 76 149 1 150 174 83 188 51 16 25 90 30 197 118 6 54 89 118 97 108 103 63 110 128 25 13 144 9 186 124 104 25 75 135 71 45 90 179 28 153 93 68 64 42 85 133 140 41 134 192 114 186 44 27 179 56 129 175 53 53 53 84 158 94 110 187 34 25 159 64 86 166 183 31 86 14 48 45 174 120 197 85
4 9 76 39 10 134 85 183 152 98 106 127 121 15 67 174 47 16 17 67 145 166 56 147 169 30 33 51 108 10 78 178 175 46 157 166 115 5 164 21 76 171 185 152 59 106 92 18 184 181 14 43 119 199 64 142 128 66 134 66 44 115 126 90 53 14 156 191 164 13 84 37 161 92 163 7 67 92 148 92 99 167 86 59 110 145 27 91 138 55
2 100 154 43 32 110 70 33 128 56 192 106 37 144 28 17 124 128 101 200 71 138 103 113 17 59 52 64 119 149 70 63 180 151 20 67 24 111 168 41 193 172 6 27 36 30 77 102 163 103 61 41 118 115 173 43 122 24 65 162 33 200 34 35 31 91 141 37 108 158 55 81 145 129 128 69 188 117 146 99 25 173 82 92 81 81 127 95 148 118
11 19 74 157 115 44 174 7 11 180 92 101 31 103 67 46 159 157 161 66 78 148 163 73 117 127 99 72 69 189 138 188 158 188 173 67 56 114 164 46 171 33 45 191 31 29 165 88 85 192 10 103 149 83 157 51 60 180 75 47 190 59 30 10 2 4 131 165 161 89 177 81 67 37 61 12 143 105 28 91 81 40 45 87 19 60 173 175 102 130
36 175 34 169 62 195 4 25 129 88 156 157 138 114 188 66 31 3 36 169 50 136 127 95 16 18 1 23 8 56 59 154 83 91 96 193 54 69 173 108 186 36 29 121 38 81 166 153 43 161 80 141 60 157 113 69 89 94 9 39 111 38 51 129 18 110 160 68 142 62 190 199 152 180 91 110 49 120 120 183 148 30 148 18 179 22 189 164 188 58
37 63 186 79 149 34 69 142 68 35 87 150 166 60 14 116 150 28 42 191 68 114 34 165 200 67 149 130 40 13 138 46 91 90 5 169 3 142 161 150 85 124 89 9 2 90 8 159 64 55 83 193 186 144 170 94 22 134 103 189 106 42 167 55 38 114 5 113 8 184 152 156 15 95 7 75 19 103 70 192 38 91 173 6 28 89 67 98 197 91
200 119 90 148 186 191 196 113 190 183 55 96 155 55 191 13 135 147 86 13 84 12 156 14 135 140 186 125 172 29 91 4 129 23 175 133 150 15 142 109 78 18 15 85 23 69 128 179 182 51 4 57 70 181 51 190 157 173 11 98 107 189 191 104 139 86 72 111 81 66 6 148 190 125 105 3 64 88 83 166 174 58 52 127 94 57 131 31 49 134
126 164 60 166 158 68 76 88 81 191 120 15 186 128 127 72 129 46 39 45 150 60 123 52 132 198 153 28 130 117 52 142 156 89 114 179 104 150 149 60 53 91 19 84 119 20 56 93 81 1 5 200 106 162 79 33 136 179 122 195 118 106 126 179 147 37 168 185 174 172 168 108 190 5 77 200 45 132 34 87 41 20 199 128 127 27 183 73 170 100
140 147 75 60 167 48 94 169 63 4 149 134 137 41 165 158 156 10 24 121 8 83 88 142 80 48 61 79 119 123 41 21 107 167 27 134 46 18 101 91 116 197 105 90 130 53 80 72 11 174 106 78 181 194 150 2 7 61 199 59 143 17 110 87 70 43 37 97 187 177 114 184 186 11 50 71 45 103 11 193 18 3 173 72 185 87 124 146 112 175
2 154 160 110 34 96 129 133 177 187 55 186 73 110 119 52 152 52 140 190 87 77 159 51 195 129 64 66 30 98 127 47 195 77 40 18 192 192 97 116 138 35 36 61 67 28 35 86 38 74 58 87 30 177 172 95 51 8 26 112 22 75 137 101 101 188 153 136 16 27 187 48 99 200 168 93 85 143 118 96 111 186 55 101 35 164 104 9 172 48
180 43 115 135 126 17 14 166 158 27 174 195 49 33 194 5 7 18 20 69 61 154 143 48 44 135 167 154 77 69 126 63 170 165 30 26 66 156 123 179 24 88 184 179 147 25 185 40 179 6 46 15 22 26 186 200 40 64 188 28 180 109 107 24 109 81 23 65 103 158 191 123 63 79 189 10 145 155 162 47 66 77 196 157 149 141 6 192 141 86
195 107 74 93 133 125 98 25 166 93 97 123 41 102 5 67 42 34 104 81 83 153 12 14 176 55 48 105 124 65 91 120 109 71 99 42 107 24 143 132 58 154 193 191 60 141 94 16 178 30 163 93 121 100 134 37 35 130 89 67 97 94 169 150 49 115 4 23 7 80 111 143 135 68 31 91 25 132 113 139 15 197 168 75 169 39 7 37 146 89
152 185 38 111 30 113 66 167 20 91 42 89 171 137 75 193 103 30 175 109 198 40 96 137 29 59 142 136 52 107 154 48 126 76 162 61 36 47 197 181 5 150 31 69 166 155 134 71 123 150 32 38 86 172 10 6 132 153 188 196 197 42 159 172 30 58 90 72 192 52 77 5 123 51 142 79 51 68 180 154 80 125 136 156 25 193 140 160 9 109
53 149 36 183 101 177 186 76 149 184 155 104 153 58 173 65 82 150 70 108 118 69 17 158 176 11 1 42 103 59 134 90 84 62 116 82 76 3 100 176 187 175 103 32 149 100 158 144 183 26 163 111 79 58 94 4 103 71 13 77 25 48 130 89 113 117 134 88 165 30 69 89 149 58 83 198 39 85 29 53 87 193 145 64 14 140 128 4 7 72
188 51 77 185 125 178 37 57 57 129 155 34 162 184 147 132 106 14 172 63 154 39 124 155 132 131 175 149 136 146 159 45 38 14 29 191 144 135 117 50 147 137 44 132 164 173 188 180 83 186 63 110 188 171 104 92 196 197 94 93 179 192 56 153 191 191 13 75 134 21 153 177 55 45 58 149 66 74 61 183 194 2 186 170 134 1 36 61 90 111
120 104 198 165 77 77 130 195 181 82 198 64 128 80 148 113 25 190 91 190 176 31 194 23 52 19 109 136 123 76 178 80 144 186 4 183 195 95 43 106 11 112 170 174 178 14 93 13 28 83 32 28 192 34 9 133 31 68 26 72 36 194 135 30 180 12 192 52 128 89 3 58 1 167 198 147 157 197 101 59 119 200 173 154 134 22 116 67 191 163
1 70 148 195 163 132 128 198 161 87 187 105 190 155 28 23 46 193 94 146 181 82 139 168 180 155 39 38 75 172 12 185 100 51 105 25 133 186 126 11 21 164 59 56 30 30 78 128 184 101 191 67 199 160 162 104 5 186 163 14 107 53 45 199 92 173 36 70 64 136 75 130 139 82 93 168 120 105 37 178 14 151 129 73 27 4 112 106 87 151
26 106 117 17 55 75 191 10 111 190 115 192 115 195 49 108 161 81 196 120 192 23 95 123 144 143 72 191 95 152 174 88 59 24 182 133 25 69 177 183 56 171 159 75 40 64 15 35 51 54 92 93 198 40 198 41 160 41 112 199 187 95 10 183 8 110 169 65 182 45 138 75 162 36 136 34 113 33 148 140 68 107 85 44 96 12 98 71 140 180
136 14 197 82 20 116 11 67 198 138 168 45 102 177 127 23 99 15 129 164 59 183 160 39 158 7 13 125 91 56 92 36 13 122 21 48 98 15 166 46 135 84 107 27 90 59 143 161 188 187 171 96 55 127 69 2 82 33 56 6 27 161 188 122 96 37 18 70 131 188 94 39 157 10 72 61 9 3 97 37 189 147 184 189 186 21 185 197 120 174
116 92 38 96 43 172 183 110 71 139 89 100 70 198 193 127 49 161 135 46 170 160 179 131 45 62 119 38 127 179 123 9 100 97 3 78 93 147 152 142 15 182 126 155 103 44 125 192 46 84 117 164 136 37 79 188 107 173 77 28 80 106 61 152 194 74 199 44 94 85 178 162 17 175 152 52 85 81 54 119 176 157 43 18 189 56 142 23 190 84
137 92 32 188 18 81 101 200 181 152 3 121 180 161 177 147 63 28 196 41 27 162 73 96 31 72 52 198 4 163 38 123 1 168 64 64 40 196 36 38 145 73 157 68 178 174 112 14 52 125 156 120 189 4 30 193 152 184 137 195 13 179 42 61 83 85 94 14 200 107 102 3 97 194 84 104 83 59 119 53 4 158 79 112 150 148 189 36 18 188
93 179 39 84 145 80 172 62 112 136 26 137 64 87 178 38 170 76 129 128 172 106 26 188 1 151 120 16 87 57 107 109 22 171 34 192 86 9 67 182 169 118 55 106 40 26 2 79 161 109 117 131 17 26 123 44 126 112 143 161 67 52 121 87 21 79 134 158 63 114 141 41 120 115 22 36 131 157 96 10 26 77 159 114 69 108 132 55 54 84
43 100 83 195 120 195 200 152 179 68 56 145 192 100 84 95 156 131 58 111 18 60 160 147 164 165 133 28 131 85 41 19 132 36 5 156 101 151 148 81 62 64 11 140 94 134 151 93 195 83 138 157 118 46 187 59 171 131 29 152 132 169 186 24 183 136 107 95 9 106 21 56 89 148 77 171 147 196 3 134 138 83 113 140 172 68 165 119 76 143
191 108 38 22 170 113 68 55 102 165 52 101 27 144 9 88 142 3 93 86 181 34 151 33 23 153 85 154 69 118 152 35 110 67 141 159 80 193 164 154 124 11 160 45 158 75 137 137 104 62 150 58 4 174 6 45 9 160 55 65 25 200 74 118 8 15 92 154 86 27 159 54 152 63 179 127 40 130 123 182 43 149 170 147 163 33 70 22 157 103
137 78 108 123 173 35 148 154 96 180 107 87 132 131 57 172 72 115 198 55 90 123 151 28 83 7 109 65 11 116 138 49 187 5 180 15 2 185 133 107 175 159 195 156 141 129 107 164 33 122 179 184 121 37 11 12 134 152 90 181 50 196 19 123 20 159 112 81 181 111 90 69 89 107 196 111 118 126 117 181 184 36 144 28 140 23 136 54 184 38
199 1 114 101 20 141 29 11 138 108 3 19 20 54 56 127 93 74 103 52 79 35 200 87 83 109 32 59 92 64 165 47 66 54 194 129 36 191 75 138 178 192 192 93 179 34 71 5 200 4 82 6 68 125 89 182 95 35 96 39 36 58 43 53 128 88 180 144 148 138 59 153 165 58 118 74 96 41 98 38 18 185 98 199 192 77 112 36 37 97
18 63 155 106 8 62 62 56 107 76 159 18 5 147 72 70 40 176 147 199 148 162 190 37 164 61 73 38 147 57 143 107 5 17 128 147 140 102 192 53 10 160 66 123 186 140 112 71 49 139 38 121 103 144 18 25 66 196 35 194 137 41 69 106 84 134 82 179 159 166 55 122 23 87 40 83 50 99 199 77 67 5 147 182 123 140 63 152 182 165
5 144 57 179 4 164 27 30 49 189 184 68 28 179 159 69 49 164 170 167 124 20 16 36 198 114 62 194 25 107 6 136 132 100 92 101 122 128 100 15 148 176 139 75 141 185 156 86 41 54 20 185 10 92 99 70 9 95 117 31 189 197 27 66 155 159 139 113 11 11 75 108 20 51 107 25 66 145 48 7 62 131 2 42 1 199 188 193 53 103
115 185 71 27 117 123 29 19 107 115 142 176 43 195 119 184 176 165 65 23 157 152 75 190 193 148 116 188 72 188 54 103 11 56 110 161 138 36 103 28 89 42 54 52 188 19 101 47 102 67 82 136 114 117 24 131 139 39 100 136 138 50 126 6 81 89 114 163 123 88 139 182 175 41 149 12 177 54 163 69 197 89 30 153 22 105 52 34 79 183
159 122 172 33 85 128 167 123 168 11 116 7 143 62 2 35 19 153 54 191 26 98 173 174 144 98 162 178 66 187 31 185 116 117 55 76 28 65 110 89 70 62 162 42 154 193 128 180 108 68 188 170 160 105 12 29 114 20 88 169 99 17 181 109 150 65 196 85 3 80 175 33 35 73 91 67 149 151 157 134 160 25 98 21 193 145 44 77 87 34
118 193 185 39 94 97 178 124 189 84 163 115 62 181 94 180 131 84 131 185 157 139 53 28 90 120 142 55 183 37 66 113 113 158 75 64 29 148 139 43 174 61 102 18 96 23 178 125 150 5 133 157 62 147 4 42 140 150 147 97 79 98 169 12 147 147 163 46 49 29 146 137 92 160 196 134 48 79 142 135 110 153 76 198 23 99 6 2 200 69
144 14 136 200 108 129 63 117 198 80 117 105 110 122 188 154 163 23 90 108 162 143 78 86 81 198 1 61 121 51 19 93 128 39 101 62 47 193 101 60 120 54 127 104 131 44 99 10 83 38 196 43 134 81 98 119 24 149 35 23 129 46 126 26 129 133 51 113 56 99 108 7 105 159 51 189 186 1 72 25 56 28 53 79 128 108 140 184 141 68
117 111 146 77 111 173 123 65 19 39 188 94 178 44 189 16 96 91 166 183 77 13 11 193 150 107 55 197 102 109 110 12 145 102 115 38 9 6 44 119 191 52 133 136 81 29 7 176 66 69 147 167 188 140 171 186 182 121 166 20 171 125 192 68 122 139 109 119 156 84 44 73 71 129 121 54 80 48 159 146 133 158 53 57 96 102 146 16 81 191
102 99 167 197 145 80 130 48 155 100 22 170 54 155 174 136 147 25 32 73 73 136 124 60 171 83 160 89 47 79 99 18 179 91 93 36 121 152 166 103 108 136 187 125 124 121 148 91 61 26 38 198 167 115 122 50 131 116 151 114 84 55 53 117 88 28 29 140 169 119 113 16 191 32 66 127 101 71 170 91 104 13 173 132 193 94 188 52 49 141
22 145 195 164 4 52 67 96 55 35 180 121 191 37 29 173 80 185 57 168 175 8 1 46 151 112 195 199 176 149 15 7 197 60 68 50 140 123 101 40 100 40 39 46 53 126 82 64 14 52 193 66 93 81 64 138 1 135 157 28 102 133 172 174 61 117 173 183 183 149 25 48 64 182 80 196 10 186 102 61 128 183 136 115 57 48 13 13 149 56
54 52 23 157 11 131 70 142 71 52 115 160 128 195 117 127 193 60 11 172 167 41 199 20 4 21 197 118 60 43 149 96 71 68 190 159 103 94 83 21 147 33 142 46 69 61 94 2 97 31 29 157 118 59 175 25 61 49 158 195 37 7 27 9 126 81 172 70 14 141 3 31 132 45 183 194 58 158 1 79 151 125 23 58 55 8 105 92 2 14
199 50 38 161 176 44 194 6 196 193 11 26 173 70 47 187 60 144 129 139 67 184 141 4 80 184 25 9 8 24 72 189 16 59 30 123 144 146 116 105 57 81 14 194 45 109 111 69 155 157 112 30 144 121 82 73 3 36 84 193 126 23 137 77 54 4 6 107 122 176 66 168 110 178 65 121 159 187 80 50 47 110 67 104 190 144 61 196 133 32
51 140 10 64 190 79 187 104 32 125 32 21 26 194 198 106 117 25 1 111 189 46 95 99 178 119 130 127 32 105 181 130 134 76 190 7 32 32 94 4 143 102 181 13 75 185 186 182 172 75 147 156 95 140 63 159 188 48 154 41 17 98 105 118 116 84 103 2 3 196 25 173 136 129 126 180 165 102 12 124 137 41 1 86 41 123 25 184 139 104
163 192 175 105 10 12 62 19 51 52 31 89 66 97 16 71 139 141 158 159 157 167 102 185 181 71 179 148 92 159 150 100 62 103 24 34 106 121 107 50 147 77 59 177 1 90 71 48 107 144 91 192 86 29 134 150 134 161 95 197 193 60 115 95 105 68 197 198 116 122 191 78 142 164 55 87 176 91 17 118 39 105 29 42 143 45 146 10 116 114
73 2 62 114 194 109 73 113 164 179 33 153 24 126 48 179 191 181 16 162 36 192 43 4 68 184 81 45 144 171 132 109 25 177 170 58 55 84 7 56 108 82 93 193 168 71 147 14 79 155 126 100 130 120 83 157 48 181 147 138 187 191 195 25 132 110 43 7 60 44 130 113 48 147 107 183 27 106 167 133 138 130 55 21 30 172 76 49 188 55
44 69 7 38 69 176 150 179 25 185 67 197 24 168 36 106 89 129 28 18 68 104 140 39 181 133 171 197 63 22 34 5 99 94 183 200 28 178 18 8 183 153 64 44 163 61 120 102 181 141 68 89 75 6 117 133 137 148 143 182 188 134 4 57 47 15 59 189 141 48 150 144 36 13 97 47 134 30 54 100 6 39 96 15 40 70 36 18 6 20
19 198 183 189 14 125 53 132 23 187 143 58 113 126 157 102 172 144 91 106 138 118 80 192 98 173 39 179 3 159 23 112 172 149 20 88 96 44 115 93 183 162 115 93 3 120 19 71 95 52 4 163 11 13 123 66 196 126 51 21 90 191 24 47 7 52 47 36 69 145 32 185 45 116 110 47 59 92 29 169 56 166 117 128 168 121 132 31 31 175
5 46 74 166 60 93 65 49 185 107 95 139 38 45 34 111 22 5 96 1 45 126 17 67 13 165 60 117 36 15 180 147 101 2 187 163 165 50 117 181 151 86 171 97 42 25 160 37 128 61 91 138 171 175 33 38 5 65 77 14 82 112 82 79 54 87 198 79 107 128 197 85 117 13 22 60 82 48 148 89 179 15 151 46 119 90 180 7 105 1
59 196 191 128 200 120 112 87 155 112 126 42 50 72 25 103 64 54 127 154 156 192 145 110 23 65 72 42 170 69 57 32 2 140 72 115 72 158 67 161 192 8 20 91 27 74 130 42 194 124 91 65 100 195 121 199 160 105 175 98 27 155 5 124 48 86 193 6 197 184 156 9 199 197 10 41 29 108 78 140 100 118 1 28 89 135 143 152 126 47
145 163 166 69 15 175 13 105 96 14 45 169 121 164 114 76 8 172 183 190 64 36 136 36 118 170 184 17 71 62 186 200 181 127 145 162 39 163 159 15 144 7 135 54 176 171 85 155 1 93 103 34 96 55 147 117 145 167 36 33 83 71 160 84 128 111 1 161 173 91 168 91 14 35 162 188 183 166 81 97 118 34 15 173 66 22 144 20 44 155
152 191 189 177 39 194 135 40 178 128 14 71 181 167 35 100 99 149 146 174 113 75 6 169 155 99 89 110 127 88 146 155 31 136 105 98 93 106 72 143 95 183 31 123 166 150 32 99 34 155 145 151 39 59 29 143 71 39 150 178 67 31 38 170 136 93 70 7 8 192 155 101 164 67 123 150 50 13 12 1 149 92 113 68 162 138 11 3 48 7
116 92 81 140 140 194 184 92 53 7 194 82 125 136 153 25 50 5 46 20 129 83 61 156 98 186 42 36 183 136 43 68 10 72 137 142 192 170 189 114 166 36 20 194 64 58 94 30 110 100 82 154 85 45 58 50 150 189 25 189 61 86 191 197 29 176 50 33 53 51 140 65 32 7 18 77 23 137 199 166 72 107 96 139 168 195 133 44 142 78
162 132 186 33 16 39 15 92 5 133 143 34 97 81 19 111 139 51 164 110 169 11 83 113 181 21 65 91 127 11 93 142 89 194 132 137 136 177 77 47 165 19 33 41 195 130 90 122 151 177 20 55 23 126 93 35 17 133 182 178 80 134 179 194 78 75 56 185 60 40 80 149 69 4 98 18 84 104 116 22 195 49 150 177 153 139 71 175 57 90
151 82 7 134 122 190 65 67 75 159 109 104 97 120 156 197 97 3 58 43 174 162 196 119 161 33 3 6 139 106 55 191 48 148 60 162 103 130 82 26 188 12 26 105 145 23 35 121 181 5 24 111 155 36 193 37 37 198 187 104 200 14 117 105 147 80 97 169 107 162 173 155 15 78 25 192 121 199 28 45 38 160 68 185 173 12 163 150 22 184
76 75 38 124 28 18 57 160 77 56 84 119 192 47 34 133 111 84 39 92 50 158 105 184 108 111 160 90 87 196 85 161 140 157 122 168 22 113 114 134 30 123 123 166 74 13 169 36 165 19 11 100 163 148 20 7 143 152 78 182 75 188 11 179 102 179 85 156 23 135 118 19 17 121 55 8 189 109 54 134 97 52 30 154 180 143 147 175 188 186
172 132 140 153 82 126 112 9 105 41 194 52 157 189 147 67 4 111 149 122 13 100 53 19 37 83 16 132 49 68 113 192 93 101 98 92 80 112 46 188 190 106 40 107 62 158 89 87 181 121 4 168 10 166 151 127 46 28 59 196 185 176 125 113 144 118 175 115 24 149 44 101 169 182 107 125 160 70 54 58 165 10 82 8 185 157 53 110 151 125
165 48 76 103 158 25 154 77 127 49 40 38 72 175 120 41 145 170 122 75 112 116 10 187 17 3 152 183 170 167 28 168 3 155 109 123 83 190 149 98 26 144 141 88 38 29 138 164 161 4 82 104 179 22 179 168 91 192 194 56 125 10 82 183 67 54 106 153 170 34 186 77 95 156 160 55 29 175 88 79 171 153 8 88 140 54 89 49 104 162
43 108 66 9 122 18 74 91 153 194 115 184 120 86 19 75 111 189 116 118 63 164 64 4 17 128 35 68 29 175 35 14 37 159 50 74 194 110 63 125 120 153 11 36 144 167 141 11 122 63 46 177 80 184 162 66 68 140 122 141 146 131 131 117 38 197 132 135 19 187 131 138 135 92 130 48 87 59 54 148 122 200 33 10 121 186 10 48 148 200
