40 	
12	13
0	4	7	45	3	
1	1	9	159	4	
1	7	6	36	5	
0	7	8	100	9	
1	4	6	19	2	
0	7	1	115	5	
0	4	4	83	3	
0	7	1	117	4	
1	8	1	22	6	
1	7	2	116	8	
0	1	2	199	9	
1	9	8	192	2	
1	6	5	152	2	
1	6	2	111	5	
1	5	6	104	3	
1	2	9	122	2	
1	6	3	191	3	
0	1	5	134	9	
0	5	5	170	5	
1	1	7	172	7	
1	9	5	29	4	
0	4	2	151	2	
1	4	4	161	8	
0	9	2	33	3	
0	5	7	18	6	
1	8	7	201	8	
0	6	7	59	6	
0	3	6	155	3	
0	2	7	185	5	
1	5	7	13	4	
0	1	5	115	1	
0	3	5	109	6	
1	7	2	80	7	
1	8	3	206	9	
0	9	9	187	4	
0	9	2	102	7	
1	3	4	61	6	
0	7	4	203	4	
0	7	1	18	7	
1	2	5	75	3	
26 159 76 164 27 27 11 105 18 93 1 48 7 95 110 30 10 180 124 162 171 15 93 51 176 176 160 160 174 19 106 69 189 155 3 169 38 130 90 105
124 149 152 107 71 195 130 10 169 106 37 140 51 52 25 124 56 20 51 188 102 196 61 176 172 38 38 56 64 28 25 198 169 172 186 88 62 17 108 79
52 2 144 138 119 149 109 149 4 87 15 53 16 166 62 93 191 152 117 73 169 70 162 141 15 18 172 162 80 69 178 105 138 52 54 17 117 90 169 15
109 78 69 48 194 115 142 139 109 130 65 185 65 108 29 94 107 37 46 7 47 121 123 187 18 35 191 15 172 71 159 131 2 90 143 167 49 31 67 2
187 34 86 171 140 112 106 112 142 115 162 95 134 162 191 50 150 169 47 156 108 45 162 166 188 8 58 106 11 13 29 157 29 127 25 164 85 152 104 187
33 35 111 25 146 73 115 64 111 22 77 169 35 72 36 150 188 141 170 100 181 49 190 180 144 107 66 105 113 90 194 73 184 193 23 178 107 113 136 168
128 36 55 69 182 179 150 173 51 190 135 91 156 195 135 111 102 161 44 159 12 104 65 39 56 44 108 180 9 12 98 112 64 98 61 15 35 122 16 159
99 149 71 1 38 1 89 103 190 169 54 17 126 10 59 103 56 107 170 125 169 197 123 78 180 122 65 194 29 168 34 44 46 40 56 190 69 31 75 64
80 38 142 133 62 111 53 122 68 74 54 88 176 198 61 90 159 136 27 190 69 105 131 190 158 2 59 135 59 98 60 22 31 185 150 48 167 90 165 15
132 131 170 49 20 162 137 1 32 145 111 62 193 9 114 78 105 35 157 161 35 51 68 100 132 183 19 57 67 41 40 170 33 63 64 65 97 159 52 183
171 165 160 127 107 25 13 125 121 1 128 129 48 94 99 73 88 133 123 58 127 76 47 38 188 14 2 64 26 177 114 192 176 64 20 57 178 195 60 163
58 82 187 101 98 107 135 50 147 79 159 156 5 74 67 148 91 58 104 108 74 196 121 132 28 184 138 161 48 114 112 142 149 3 104 137 178 132 57 67
16 60 2 186 19 21 36 149 50 167 10 70 60 53 127 36 79 125 67 44 31 156 123 131 2 110 70 49 12 153 29 5 37 80 5 31 26 65 136 177
44 109 107 167 118 168 94 164 143 108 179 68 199 83 88 67 171 135 188 78 52 95 92 9 50 25 58 166 66 134 1 81 86 3 179 93 150 32 84 140
66 54 106 115 171 79 181 171 16 88 185 167 169 13 79 128 152 153 181 59 79 79 157 144 65 199 148 150 174 15 82 74 47 124 2 23 27 16 82 192
93 178 82 62 36 119 62 140 165 127 88 175 123 117 192 48 87 39 77 34 9 100 46 156 163 142 108 56 91 135 175 181 186 48 163 54 76 85 153 116
178 27 162 180 53 86 164 147 42 107 126 109 124 72 172 40 104 3 59 5 17 164 107 30 153 13 57 24 126 188 159 183 156 18 73 36 111 26 49 169
164 137 83 44 7 197 120 163 58 62 69 97 35 139 134 181 34 85 77 28 115 46 70 150 69 100 53 169 66 29 16 93 176 149 170 175 180 107 174 137
3 147 138 197 145 113 37 37 90 102 153 67 112 99 13 156 45 37 132 161 51 147 164 40 94 5 177 134 114 10 73 95 5 129 177 188 92 31 148 183
200 80 47 181 171 91 85 41 148 8 97 118 179 168 106 153 59 185 145 187 88 71 37 7 6 38 131 39 94 73 146 148 38 53 107 23 113 5 36 178
168 81 154 135 52 25 92 165 17 73 13 100 90 156 109 174 28 19 31 160 105 25 26 64 30 132 118 123 9 191 60 132 27 191 95 108 129 173 27 182
164 55 77 33 33 76 59 159 131 189 52 64 164 79 131 12 42 74 53 42 17 189 167 114 109 124 115 51 194 16 151 62 135 78 165 172 191 108 86 55
73 40 78 8 163 95 72 70 141 101 64 160 86 73 95 94 10 130 54 104 43 161 105 81 119 174 4 7 197 132 83 182 111 29 174 139 155 66 193 29
82 167 60 112 101 121 51 115 123 56 112 67 70 177 167 125 105 123 176 141 124 66 68 192 76 81 50 110 78 86 196 168 1 67 66 109 55 95 26 179
130 116 185 57 128 57 35 94 121 192 2 135 56 24 29 183 16 20 15 34 61 149 139 58 20 99 145 185 194 165 42 192 163 17 195 107 51 142 8 113
115 162 195 185 154 187 111 136 87 90 87 35 49 41 90 10 150 191 29 176 94 56 99 176 162 73 87 101 180 133 164 190 163 114 167 7 31 163 168 47
76 169 88 15 168 36 161 63 14 88 122 162 65 70 150 70 94 128 81 137 200 103 22 127 62 166 116 75 23 146 17 48 138 118 92 165 94 143 132 90
76 71 126 4 173 23 131 126 98 12 11 58 81 5 67 176 79 122 109 65 11 83 124 188 142 108 74 92 70 96 157 81 192 32 126 14 60 155 136 47
102 117 143 8 9 77 135 27 132 89 168 200 167 3 16 111 35 116 21 158 152 75 73 49 199 165 115 142 53 40 105 33 140 145 134 137 122 73 18 43
19 162 43 41 32 123 35 143 180 193 142 40 121 106 186 14 178 9 25 109 22 169 142 83 100 50 192 133 145 170 119 9 184 19 96 195 34 136 91 96
69 56 171 134 118 100 103 68 192 179 68 48 75 78 174 44 40 193 169 9 189 109 93 59 7 104 116 156 83 175 172 189 138 31 173 181 17 159 82 111
125 5 8 6 20 43 133 96 44 4 75 120 30 145 198 78 171 121 33 178 23 36 145 93 75 48 187 125 13 100 193 183 117 3 4 24 10 193 106 185
3 110 30 38 194 64 29 110 133 77 5 68 96 74 3 13 200 20 85 186 8 106 140 74 127 42 27 45 159 111 117 23 18 165 115 102 60 145 57 167
89 140 56 5 77 17 10 196 84 63 150 143 85 92 184 145 184 61 74 56 6 108 30 61 41 143 119 108 149 37 132 46 50 25 40 66 143 141 46 189
192 152 157 1 197 85 96 148 92 111 133 1 138 188 85 61 38 29 113 92 161 153 125 196 119 50 155 157 135 171 29 96 4 119 16 159 188 134 34 3
45 199 48 128 170 171 106 90 28 13 38 176 197 78 132 131 123 35 16 194 79 126 82 167 140 170 173 37 165 45 151 137 9 175 79 190 175 98 145 24
82 186 184 35 5 190 17 164 122 41 77 97 21 108 128 94 56 112 150 146 115 52 55 4 36 74 119 190 18 125 24 169 73 151 91 128 100 148 96 65
159 55 101 148 42 190 161 56 182 162 146 59 155 100 15 120 20 51 33 3 67 33 101 170 124 149 192 107 185 43 126 117 47 35 96 86 69 14 169 70
1 52 48 171 179 166 54 9 184 101 92 47 187 49 71 114 196 104 116 42 187 85 34 87 134 102 29 23 14 137 137 109 13 147 124 14 75 72 18 12
167 56 104 6 18 134 149 54 106 154 200 63 84 139 74 23 151 175 75 147 61 143 184 147 111 147 26 197 17 186 53 121 13 16 12 154 190 46 37 56
79 80 140 98 158 41 7 73 169 152 1 170 15 192 20 137 9 92 199 140 71 179 182 26 125 23 158 196 61 88 122 145 18 134 96 105 81 8 70 197
