80 	
31	37
0	5	6	358	8	
1	2	8	206	4	
1	7	9	536	2	
0	9	1	459	5	
1	5	5	532	3	
1	6	1	10	6	
1	9	4	266	9	
0	3	2	543	4	
1	2	9	179	2	
0	5	5	184	7	
1	1	8	727	3	
0	8	9	578	5	
0	3	3	778	7	
0	7	2	259	8	
0	6	2	69	1	
1	3	1	799	7	
1	3	8	791	3	
0	9	5	208	2	
0	4	6	686	6	
0	6	7	441	2	
1	2	8	15	4	
1	4	3	588	2	
1	8	2	429	4	
0	9	6	668	1	
0	5	3	704	7	
0	8	2	373	1	
0	9	8	808	8	
1	2	9	167	8	
0	7	1	456	3	
1	8	1	310	1	
1	8	7	52	5	
0	1	4	641	9	
0	4	5	370	2	
1	3	9	768	2	
0	8	4	74	9	
1	5	7	487	1	
1	9	7	368	8	
1	6	7	776	2	
0	7	2	423	5	
0	5	4	225	1	
1	3	1	273	8	
0	9	3	296	1	
1	9	6	288	8	
0	7	6	740	6	
0	9	6	544	1	
0	1	9	619	5	
1	4	7	784	1	
0	3	6	413	6	
1	2	2	229	3	
1	9	7	511	6	
0	3	8	35	7	
1	9	6	784	3	
1	3	8	674	1	
0	4	2	788	6	
1	1	9	626	7	
1	7	2	582	9	
0	8	6	728	5	
1	3	5	230	6	
1	9	6	181	3	
1	5	1	260	9	
0	4	9	11	5	
0	3	1	323	5	
1	5	7	401	9	
1	5	7	107	8	
1	8	4	359	2	
0	8	9	634	1	
1	2	5	692	2	
0	6	1	201	9	
0	8	9	340	8	
0	2	7	338	2	
0	9	3	61	1	
0	5	3	121	5	
0	3	2	551	3	
1	8	9	555	8	
0	4	2	747	5	
1	7	7	67	4	
0	1	9	264	8	
0	6	6	644	8	
0	6	7	471	5	
1	4	6	725	6	
152 125 111 89 177 194 36 139 124 123 101 61 10 89 158 200 1 148 1 102 115 5 45 188 126 133 65 9 101 147 158 73 3 45 195 138 77 2 174 30 19 187 20 53 172 114 65 104 53 34 135 98 158 81 2 175 112 56 68 69 80 41 46 117 30 59 8 33 124 160 192 73 129 44 156 27 54 30 161 127
173 193 142 171 40 115 15 70 156 59 109 148 100 19 149 23 127 147 36 86 45 152 75 11 76 132 142 2 158 150 184 42 3 21 186 18 140 30 45 159 197 28 130 76 200 65 197 97 150 52 125 72 54 65 58 142 7 56 84 192 125 74 111 91 163 177 2 176 115 111 34 55 95 149 92 123 23 163 85 126
11 167 69 33 185 113 148 5 160 102 36 91 132 17 164 41 171 4 28 15 164 65 80 166 188 12 154 121 153 13 119 28 8 179 119 142 9 48 49 69 182 75 1 122 100 86 60 19 73 15 138 75 20 173 123 150 81 42 129 136 30 145 4 103 150 151 161 163 73 113 40 90 61 8 114 40 114 195 113 170
34 153 6 153 50 137 163 175 89 75 128 30 173 98 100 187 21 132 73 154 168 79 22 167 63 77 36 106 183 162 51 80 98 72 87 127 125 86 24 124 26 184 143 120 192 186 87 15 144 53 22 159 72 190 100 87 123 103 165 109 71 142 26 24 176 41 171 154 55 78 47 155 26 133 63 41 16 155 144 95
52 194 182 3 151 76 2 18 88 24 103 138 181 21 20 200 26 172 1 37 135 30 13 3 93 159 103 104 41 91 169 142 35 137 182 40 66 3 170 23 137 140 180 20 43 55 116 41 95 80 51 30 27 142 35 45 84 21 185 138 36 117 11 187 179 17 48 119 4 169 95 29 63 45 90 57 194 72 20 65
122 156 172 149 37 74 187 189 14 39 190 144 14 29 8 21 127 166 54 112 33 170 156 69 130 154 101 98 114 157 110 81 68 159 122 96 132 11 46 166 175 139 134 25 152 159 117 186 116 82 153 91 181 89 101 97 151 140 125 13 134 77 159 39 42 42 139 95 198 135 56 88 116 146 51 181 87 199 184 150
24 10 13 117 50 55 95 173 58 158 121 81 74 96 182 124 36 28 98 186 71 59 182 29 86 137 167 52 110 22 83 18 63 177 14 53 151 100 195 54 72 67 182 90 63 152 43 49 131 198 177 57 13 146 4 183 137 45 188 156 48 173 178 14 6 45 79 23 114 99 3 35 63 175 102 60 91 141 133 55
165 52 136 43 178 135 109 46 13 81 22 19 184 132 61 15 110 174 104 164 49 66 44 124 165 9 131 184 22 162 155 1 35 96 175 52 146 122 33 162 170 70 125 195 38 177 69 181 29 107 113 107 172 24 149 89 80 159 179 23 186 116 165 1 100 95 85 26 85 161 133 151 132 35 44 49 135 36 115 174
99 23 185 44 6 69 29 150 168 57 28 5 84 4 124 162 142 140 27 158 91 52 16 96 90 185 143 44 182 8 17 34 106 48 66 19 1 45 15 154 56 79 79 46 174 111 56 12 167 125 51 91 122 48 18 167 22 88 103 40 71 60 136 172 13 37 55 162 186 124 112 35 81 143 127 169 24 73 177 96
73 174 25 84 134 128 200 16 129 53 152 149 193 183 193 21 1 146 177 112 131 95 75 113 199 44 66 161 58 51 140 91 172 71 91 107 8 117 189 56 50 137 151 174 23 26 196 156 189 100 196 179 152 41 128 129 149 34 150 198 108 155 60 145 174 168 151 159 156 58 23 83 189 2 150 89 45 182 134 195
13 107 136 181 55 73 57 200 130 94 166 151 78 90 166 1 51 22 129 120 19 47 115 141 127 161 95 157 196 59 26 101 130 75 198 175 132 90 153 84 47 166 115 103 185 31 185 148 6 176 133 115 143 89 121 55 60 116 147 179 158 64 36 9 175 33 190 17 82 33 58 110 39 46 200 151 35 176 27 44
77 68 133 82 200 88 179 171 171 191 14 148 77 37 15 120 162 115 162 57 28 136 171 168 124 59 56 193 195 143 142 92 160 197 52 3 139 166 188 61 184 6 125 163 97 18 2 41 47 100 161 25 66 4 134 81 133 155 83 28 69 175 89 115 105 82 189 160 68 85 120 11 50 126 117 149 116 125 142 9
138 110 135 180 180 174 24 51 176 185 149 29 177 84 159 193 9 126 58 20 188 2 42 107 12 106 52 92 179 108 6 121 123 18 10 94 136 11 44 175 122 49 29 43 124 33 137 53 14 110 50 73 37 151 136 35 197 186 187 73 196 49 77 131 162 169 165 198 82 98 189 118 103 124 29 157 92 30 29 150
92 102 134 117 197 20 161 58 125 185 189 39 102 144 1 98 153 195 199 20 145 115 1 76 36 199 192 19 6 136 150 178 184 175 135 77 129 155 87 104 142 123 133 177 33 118 59 24 6 124 130 42 76 108 189 104 174 123 65 7 79 191 16 41 93 185 169 11 122 38 100 92 20 148 164 114 81 96 161 116
49 170 117 109 133 95 31 12 2 56 123 146 26 89 5 77 148 126 16 89 160 149 65 167 25 165 186 185 39 34 150 97 48 118 5 178 142 85 128 168 149 140 3 6 114 189 182 111 131 100 56 184 103 68 186 44 56 64 40 143 164 184 186 152 173 75 100 71 12 19 175 76 129 185 1 99 144 139 73 64
120 134 92 105 68 6 1 32 62 152 1 157 74 15 60 171 93 65 33 114 128 146 113 178 196 182 39 187 157 145 162 5 52 30 78 193 110 113 179 17 11 65 8 161 91 3 68 26 63 149 80 62 61 61 18 176 163 145 53 76 30 124 168 114 125 156 147 81 139 27 151 25 2 97 157 10 135 143 143 46
24 13 81 168 6 9 93 179 126 197 153 107 14 184 167 194 105 35 5 98 135 126 54 123 78 2 63 51 83 33 40 35 63 186 97 21 150 198 158 22 77 179 182 88 135 60 43 146 10 45 39 119 174 51 83 89 68 157 65 154 115 192 9 4 5 43 86 184 22 133 110 104 67 194 62 175 31 161 78 125
23 38 127 46 82 4 1 131 184 158 100 21 75 40 134 75 38 116 13 107 42 160 15 7 194 23 68 133 40 187 21 177 161 26 37 59 69 109 24 161 79 162 107 163 92 171 196 87 66 52 134 60 181 126 113 184 33 155 173 65 64 135 39 71 121 35 109 84 102 49 100 51 71 27 47 191 142 105 82 81
82 198 183 4 44 193 79 179 67 13 72 64 4 21 57 141 181 77 78 78 101 38 139 107 100 134 3 20 120 75 122 15 40 88 6 193 49 143 47 96 83 72 60 39 23 76 122 62 87 198 178 109 137 40 158 124 179 94 88 41 70 100 146 179 178 193 148 93 20 29 134 167 129 66 183 191 7 10 142 81
195 14 60 44 72 162 25 161 196 163 62 5 87 181 125 193 38 37 165 127 70 169 59 95 66 69 52 198 175 7 197 164 55 5 20 194 28 172 187 187 3 194 36 168 129 176 19 104 153 44 129 40 53 128 64 115 163 87 28 3 61 96 37 17 97 23 132 197 135 184 143 31 20 54 132 82 162 180 79 157
5 147 25 7 36 5 9 68 127 66 46 54 29 20 70 15 120 13 78 112 1 11 182 196 2 83 130 110 148 134 184 178 118 34 150 20 57 47 95 167 98 55 44 175 194 138 77 9 178 79 161 69 154 43 185 149 142 97 55 78 126 150 182 68 126 132 86 178 132 178 16 133 97 51 188 78 124 110 2 104
195 115 198 4 147 152 39 191 97 119 50 46 64 56 197 21 131 79 149 128 86 27 177 72 193 97 176 22 38 164 192 157 3 29 85 45 140 96 49 30 80 111 11 148 187 60 167 133 168 87 155 34 151 75 87 127 150 24 177 19 34 161 169 90 156 78 77 65 68 119 1 81 25 50 141 132 30 93 153 147
104 190 166 168 71 28 38 97 188 123 139 143 190 42 57 95 66 15 200 81 198 10 16 77 129 84 102 176 98 70 36 186 120 180 176 62 51 21 41 119 113 10 159 26 2 100 158 16 36 13 36 4 134 141 178 106 113 2 15 156 96 147 73 25 4 181 109 159 99 75 49 1 143 114 16 94 22 120 163 102
169 70 86 96 160 149 26 1 175 177 74 21 16 172 128 78 178 83 136 51 95 91 92 55 60 28 137 51 96 91 43 40 78 112 152 172 138 115 181 14 146 110 133 63 182 28 74 108 132 176 14 76 132 72 8 68 82 69 36 180 160 82 165 142 43 163 12 83 121 35 114 33 88 142 31 143 86 38 6 118
102 200 167 107 83 149 117 101 4 27 8 42 158 99 97 78 180 93 83 93 123 86 163 26 147 33 74 109 194 113 28 10 2 54 182 62 62 153 2 39 85 104 177 8 143 99 55 76 162 150 30 43 178 120 43 124 172 104 164 36 195 123 50 102 132 180 66 5 120 78 168 35 71 184 35 83 12 45 149 96
134 98 74 146 96 63 37 89 41 78 55 23 148 185 133 129 12 12 23 123 62 83 149 140 196 193 174 62 133 17 49 146 114 87 116 109 168 84 199 47 91 163 183 94 54 14 106 134 154 32 7 14 98 25 171 57 82 28 54 199 169 151 149 26 153 191 35 74 98 138 75 39 28 163 79 149 192 87 197 85
35 16 28 29 128 188 29 58 188 17 107 134 142 74 110 81 104 161 116 137 144 2 150 51 130 195 188 66 54 86 159 139 104 55 95 145 38 20 159 138 116 20 21 82 140 83 50 91 56 165 66 160 37 166 200 88 11 151 61 145 78 44 73 147 179 7 121 152 191 4 57 88 192 184 126 164 40 36 46 117
183 166 30 41 128 129 34 17 79 79 43 92 10 166 85 151 187 96 49 52 3 83 74 115 37 17 127 159 115 121 200 6 80 193 173 140 37 139 40 122 159 118 102 181 35 7 74 94 26 104 17 110 74 89 174 44 80 132 3 110 63 19 33 64 179 14 136 153 60 36 114 188 16 91 63 91 17 111 1 120
66 54 16 12 127 84 84 97 138 71 92 123 77 25 65 35 154 179 83 99 200 169 16 14 31 184 59 34 26 27 139 142 170 122 105 56 71 187 58 191 191 47 117 40 175 1 87 42 15 126 92 87 181 33 198 129 26 62 108 31 120 188 30 149 193 179 121 65 133 155 197 176 131 200 66 29 108 133 132 34
85 112 179 64 28 74 19 98 65 170 73 154 148 114 64 188 189 9 25 102 151 166 103 13 186 5 110 114 183 101 34 188 183 78 34 39 173 21 6 79 89 163 129 157 170 65 97 51 68 23 63 163 187 143 45 18 93 67 173 92 24 138 30 106 156 180 88 121 113 185 75 180 197 104 65 70 1 194 101 144
115 80 127 59 55 13 12 54 156 13 183 104 63 103 13 143 11 57 156 47 96 174 87 52 15 43 187 105 44 134 156 103 112 164 113 32 117 134 10 10 8 58 52 67 95 127 182 30 148 5 151 73 142 67 56 21 32 80 51 156 172 66 176 103 94 49 54 134 191 93 186 151 159 59 104 51 95 47 37 190
141 190 163 163 113 195 28 187 91 64 166 44 125 32 81 187 155 62 94 197 194 125 136 130 65 103 179 74 100 198 160 144 118 189 150 66 35 119 126 51 81 27 187 143 53 107 49 183 53 90 76 107 35 133 171 97 185 77 154 120 103 192 176 14 130 119 179 183 26 9 15 153 147 39 141 114 6 125 90 182
75 25 2 103 166 10 137 93 188 74 7 11 78 146 105 113 89 6 60 106 40 93 96 21 176 116 30 140 160 7 115 186 60 138 101 160 162 79 72 98 186 27 9 142 147 137 115 179 109 113 30 19 167 73 170 21 75 49 128 95 144 153 193 101 106 180 187 125 122 157 127 138 50 89 35 158 57 7 12 5
98 105 73 163 134 162 88 150 56 112 39 144 43 109 198 1 96 195 184 141 118 71 154 37 117 183 79 128 62 54 92 50 187 77 151 87 182 66 15 42 10 88 45 20 42 25 165 132 131 147 12 47 14 16 192 51 53 172 122 41 140 112 155 137 182 184 187 198 135 117 65 166 1 17 149 134 7 36 125 21
115 176 70 57 186 34 38 56 30 121 97 183 111 164 84 110 56 2 15 187 161 145 71 166 67 178 181 156 139 60 12 62 6 14 33 35 188 151 173 169 31 175 195 87 178 151 149 161 46 165 40 65 121 40 131 73 30 13 30 145 134 3 186 1 73 120 54 159 181 35 116 80 69 70 57 36 100 41 130 92
186 130 138 3 83 26 32 93 46 112 33 181 135 55 185 44 83 169 156 149 30 135 157 31 196 185 37 175 195 22 63 37 58 95 36 19 79 33 177 149 185 158 14 85 142 5 180 74 20 178 139 43 32 170 64 43 175 178 111 155 23 77 113 20 98 60 168 69 195 97 39 85 29 174 175 182 128 169 109 149
198 162 15 156 64 98 93 170 49 38 65 192 96 154 153 151 57 196 36 164 191 159 67 117 45 4 119 80 175 69 112 11 50 197 102 69 44 49 142 179 44 55 168 110 3 81 56 144 25 90 109 41 64 155 158 59 3 71 146 6 27 121 161 61 57 159 149 143 105 101 97 103 184 34 110 188 138 191 93 84
72 124 123 21 174 155 118 173 81 105 126 168 172 107 83 73 161 81 107 71 149 1 13 19 190 165 87 12 160 168 123 164 172 57 107 52 150 2 110 172 109 104 59 82 86 74 124 44 106 140 80 126 7 126 193 3 17 195 92 34 57 73 26 14 15 199 88 91 197 54 7 6 78 84 95 8 16 71 190 29
42 34 60 103 125 96 8 76 83 42 173 15 42 103 137 53 7 142 4 103 53 45 117 132 20 93 78 27 48 115 27 16 140 143 30 115 69 113 47 91 98 104 149 155 62 61 168 54 163 90 53 183 43 82 96 103 106 197 3 150 120 85 188 18 68 172 23 94 83 3 172 117 12 59 119 141 109 21 11 45
23 154 99 198 11 99 37 94 166 34 171 130 83 89 42 122 160 188 188 182 115 5 117 33 63 113 87 37 70 160 126 176 171 91 158 88 22 138 83 87 56 177 47 69 24 71 152 97 51 157 60 118 158 125 139 157 44 97 137 43 121 6 10 86 112 48 200 126 1 155 60 122 165 193 82 19 75 13 10 13
32 70 126 199 9 93 167 72 99 57 22 37 49 51 34 24 18 92 100 30 116 48 45 32 59 176 148 28 151 194 94 100 72 63 31 173 168 160 39 97 77 188 180 50 8 3 24 168 112 41 169 49 103 175 99 92 39 68 62 135 63 88 190 84 24 70 28 197 191 1 113 189 153 176 165 140 23 74 57 79
8 64 14 74 122 136 138 101 105 29 185 69 148 180 71 144 194 152 174 48 135 149 37 47 5 79 148 175 199 174 146 109 133 74 85 196 40 44 53 124 59 115 109 177 167 21 199 18 86 79 155 93 169 174 177 40 64 156 38 121 31 40 138 52 57 134 66 53 159 123 139 150 158 148 163 182 88 128 168 87
91 91 35 69 179 176 18 174 27 112 172 131 3 96 8 15 110 179 143 3 64 78 55 84 116 134 9 128 153 178 2 199 163 99 93 83 185 95 194 2 102 73 108 153 118 77 37 41 41 2 74 121 84 171 126 130 46 55 180 115 27 128 70 199 12 44 148 181 153 152 161 152 55 12 179 84 74 143 90 3
92 85 61 194 38 90 68 136 82 161 69 39 22 138 53 188 9 103 131 75 153 183 123 79 14 186 62 117 86 67 16 87 183 151 147 28 189 41 53 30 58 6 75 171 91 116 105 121 112 117 22 36 191 179 181 96 170 132 161 189 183 103 80 32 118 75 36 64 169 120 143 140 194 80 55 98 47 51 88 155
189 50 81 90 176 119 183 45 102 110 144 118 79 186 18 36 37 188 109 62 188 194 190 154 33 27 93 9 36 29 101 45 80 189 4 144 67 20 7 4 172 199 63 178 2 19 182 112 11 120 173 155 148 60 199 132 147 69 47 62 144 79 54 49 49 1 175 155 183 117 114 149 98 132 65 176 78 86 77 94
151 7 29 196 198 144 122 189 84 109 79 165 16 10 29 7 195 146 183 110 2 8 130 101 45 105 87 91 39 67 134 119 41 13 125 73 96 44 75 68 6 116 53 145 189 105 130 83 130 65 55 190 14 93 146 80 30 119 80 46 82 79 179 62 198 152 20 120 84 66 159 133 116 132 103 32 157 160 168 124
14 69 70 36 191 13 103 110 25 35 95 21 197 177 147 101 73 122 122 37 78 66 161 182 24 185 121 115 14 117 191 6 41 91 155 198 98 70 190 195 15 54 130 65 144 169 109 108 74 88 187 195 17 100 126 78 125 63 155 94 52 131 175 57 21 47 200 138 13 16 21 133 167 195 119 125 100 1 153 15
123 17 182 155 125 196 170 91 173 111 86 193 51 113 149 47 15 155 12 124 3 194 91 162 158 159 12 50 101 129 133 117 93 161 2 160 177 59 79 122 6 51 46 72 84 38 39 44 7 168 186 159 150 163 197 193 20 74 76 60 59 109 129 47 134 106 191 102 47 103 169 60 145 3 164 78 60 157 153 67
50 145 119 153 12 78 122 16 184 52 118 36 131 69 179 127 73 41 25 126 54 1 50 121 56 114 88 145 79 96 154 11 96 56 140 191 114 61 83 138 46 62 32 85 3 57 120 200 78 14 166 162 180 104 106 9 36 84 120 200 64 10 62 48 62 152 15 139 21 63 93 122 81 178 183 4 152 41 99 84
173 3 70 84 71 187 105 190 181 164 143 73 11 185 158 160 187 90 126 196 195 114 120 60 136 159 108 159 131 186 48 172 41 99 85 59 33 16 91 127 13 128 58 119 27 176 93 188 61 191 179 48 9 181 144 20 34 120 79 59 1 18 77 79 46 164 134 12 32 21 70 189 197 63 66 53 18 15 129 43
21 100 67 81 28 150 117 85 146 152 197 68 89 134 185 71 126 44 134 167 80 97 137 171 150 35 194 181 18 197 183 10 5 148 163 17 163 21 64 4 158 162 139 198 10 26 13 165 102 173 107 92 199 56 199 14 100 81 199 171 163 13 15 131 150 39 198 166 142 115 135 22 128 121 169 122 42 181 54 135
121 168 103 147 158 106 196 138 112 130 23 55 110 107 25 34 127 37 65 149 1 68 133 50 189 163 146 39 69 9 24 62 190 200 189 11 106 113 57 36 11 125 189 110 86 78 150 3 33 59 43 166 183 184 104 28 74 45 9 147 190 26 80 48 63 21 32 119 151 87 116 70 120 159 69 169 71 125 37 53
142 115 43 26 95 102 157 193 28 106 55 41 45 167 7 49 187 69 126 60 51 30 150 163 70 123 170 106 159 48 136 135 118 179 174 12 122 199 11 125 104 14 174 152 90 161 125 46 111 178 146 149 111 167 90 64 76 182 109 6 194 37 198 39 50 139 18 106 199 174 123 122 93 192 192 193 200 86 9 38
177 182 178 190 196 27 128 151 160 172 112 170 78 164 113 36 129 2 35 116 79 99 98 77 95 111 56 187 197 41 110 128 58 89 148 119 186 74 62 64 58 32 98 93 63 117 188 35 74 68 24 2 25 53 57 142 144 96 116 95 69 1 105 15 109 187 190 90 142 56 100 51 51 2 142 135 83 12 34 112
119 168 191 101 95 56 59 13 93 75 31 58 161 192 66 138 63 49 81 71 116 104 145 26 95 24 176 49 54 40 101 64 129 148 34 83 127 22 62 43 147 145 149 37 166 164 98 52 88 27 140 49 169 196 13 194 51 174 125 34 11 51 129 52 70 140 109 2 93 154 118 177 51 186 102 179 135 169 177 96
31 79 95 87 27 171 96 16 82 64 127 191 59 46 35 115 181 109 197 109 44 68 11 15 192 199 124 103 46 118 13 112 98 171 99 99 188 171 60 53 75 196 13 153 121 104 38 128 95 73 27 20 117 183 146 160 37 77 99 177 199 55 113 181 157 153 130 76 40 70 23 95 177 114 47 114 20 177 150 35
124 144 170 189 51 47 57 126 40 192 172 169 183 113 172 99 197 33 161 26 175 86 158 148 18 103 170 135 36 33 78 4 50 20 131 175 39 99 193 122 11 123 124 64 23 99 96 96 41 129 7 63 27 141 185 3 50 21 19 194 148 186 154 98 20 18 85 132 67 158 136 173 150 51 13 137 182 151 174 117
68 200 6 71 81 27 110 27 48 21 13 87 104 85 159 72 113 9 66 163 107 98 137 134 104 63 26 140 125 35 125 188 108 19 29 163 83 144 181 2 80 53 5 100 27 32 175 89 154 25 112 185 8 11 185 55 71 186 156 130 110 19 106 71 188 73 112 31 83 161 154 126 93 51 141 86 16 101 18 96
197 189 171 10 2 36 135 32 155 35 125 22 73 19 160 90 24 101 139 61 137 94 10 117 183 136 48 87 11 107 162 9 126 18 166 187 48 10 119 120 150 108 66 194 172 130 38 35 139 82 200 142 55 13 58 70 162 38 87 182 139 168 74 182 75 164 34 49 15 105 58 55 15 199 125 147 95 128 157 10
131 190 165 6 94 156 70 32 168 127 164 4 166 111 161 171 51 82 5 136 106 187 118 153 18 122 162 111 184 67 151 100 190 192 122 53 195 19 132 80 153 44 90 152 31 106 8 33 79 54 83 14 45 111 104 4 139 188 115 105 197 10 117 74 103 189 8 13 62 75 115 71 28 61 84 156 182 125 26 39
111 102 93 59 153 40 124 114 143 123 121 32 154 118 65 49 92 140 142 112 153 5 6 191 93 115 190 94 56 94 101 137 109 46 54 79 91 120 138 62 126 67 10 12 49 53 62 74 11 196 194 190 147 111 17 40 196 57 20 115 98 89 180 166 65 18 171 66 80 128 168 57 138 44 126 28 70 36 7 20
79 149 42 143 16 134 184 81 131 119 145 187 117 186 164 126 88 52 111 141 111 39 17 176 150 127 72 183 76 97 28 30 151 121 184 167 86 81 176 109 52 79 82 113 117 41 188 29 69 131 133 141 88 21 39 130 150 167 100 50 28 61 122 191 162 99 117 5 34 149 186 131 82 198 127 47 110 101 96 145
112 103 57 169 119 20 165 152 1 98 54 115 150 125 102 111 23 26 150 107 75 85 88 77 99 135 108 107 26 174 173 169 129 126 49 12 98 181 88 148 56 126 198 121 179 148 193 196 11 97 57 118 56 93 178 88 176 179 136 185 143 103 13 134 5 132 62 132 179 125 197 90 104 77 182 19 122 183 88 134
48 125 101 38 87 91 64 8 126 147 23 155 116 166 158 8 6 126 6 71 48 55 24 98 84 139 41 84 140 101 75 132 180 161 139 27 168 120 126 173 22 138 181 48 134 98 120 200 28 38 42 55 198 162 184 7 71 171 84 140 40 47 166 98 40 79 77 112 185 156 167 192 31 127 157 45 106 26 60 151
108 166 3 100 63 112 133 57 66 156 25 60 41 93 167 20 200 121 40 171 111 137 35 186 80 63 20 163 142 1 66 47 22 64 80 154 100 62 61 51 111 56 129 30 2 24 125 37 192 111 154 153 84 111 18 165 66 6 133 146 158 73 97 32 186 128 19 16 117 33 197 85 128 42 184 103 154 176 155 126
93 196 42 23 131 87 73 130 179 88 69 132 11 81 174 74 172 97 191 33 118 9 151 160 132 33 20 44 145 14 165 13 124 26 108 33 123 170 51 55 30 122 104 33 182 1 24 69 55 123 53 79 6 189 49 148 182 75 177 97 124 123 138 156 192 93 73 26 197 69 171 168 138 182 110 17 64 168 40 6
40 45 160 112 152 159 39 17 90 78 171 191 71 191 57 169 175 123 156 150 100 161 195 151 21 181 13 148 71 47 124 70 15 151 79 67 26 39 168 148 180 92 110 43 10 76 117 60 66 75 49 171 38 65 177 22 24 20 129 159 83 92 161 180 6 4 9 20 19 27 114 50 99 53 103 137 184 41 58 194
91 93 103 106 135 25 136 39 50 163 10 107 77 43 100 85 76 139 22 191 170 142 113 101 116 53 89 186 148 53 1 92 39 28 127 105 42 136 93 199 63 74 146 66 190 52 18 4 13 153 73 110 119 193 1 180 74 18 13 148 31 98 80 97 33 96 57 59 155 65 108 165 186 81 180 158 145 104 24 33
157 35 72 8 121 49 152 179 152 177 199 129 133 53 172 136 165 36 198 132 185 168 16 4 142 1 147 109 149 92 21 21 180 197 29 183 131 96 191 17 108 197 183 63 94 87 128 125 123 46 53 76 109 14 19 179 153 14 172 182 11 28 21 194 168 21 188 179 3 56 186 159 101 100 91 143 14 38 111 145
150 129 136 95 144 81 73 5 127 147 165 72 165 145 157 91 124 24 100 99 50 133 53 177 3 110 112 45 62 17 184 50 133 30 93 121 138 188 170 191 9 157 160 59 72 138 17 121 127 28 88 84 31 185 171 175 158 136 26 192 126 135 3 148 22 57 32 84 179 75 67 9 159 180 15 145 33 55 151 166
110 83 128 121 121 45 200 87 51 13 84 34 109 82 59 196 109 140 148 55 15 170 161 152 25 91 165 174 196 130 187 31 48 31 185 192 50 93 17 139 75 101 57 6 127 118 114 163 60 129 42 97 47 106 74 84 30 142 94 152 76 44 150 103 35 107 5 130 127 13 49 64 138 69 55 42 178 82 27 21
171 97 75 167 35 121 26 127 21 131 71 25 23 165 138 84 111 88 188 11 75 18 106 100 181 170 132 25 134 137 24 6 6 87 168 14 41 86 66 164 192 38 7 98 84 6 5 98 160 4 153 3 53 107 38 102 175 52 77 4 1 154 62 192 177 96 158 147 12 128 9 57 115 176 84 121 185 188 132 149
1 19 179 117 165 119 195 195 76 58 7 196 194 153 149 197 136 52 136 144 109 58 156 12 47 14 32 31 184 148 116 52 52 126 112 54 53 84 177 151 50 198 60 39 200 38 96 126 121 103 92 28 118 13 152 21 132 160 158 190 28 130 35 167 14 20 78 1 190 58 6 34 149 45 16 117 2 100 11 163
56 153 154 177 11 97 161 142 200 177 30 138 72 20 156 89 145 23 168 91 115 42 190 162 130 170 29 184 141 6 171 160 172 19 70 71 115 131 67 18 63 142 166 62 71 114 39 153 141 114 119 91 110 57 6 109 190 21 127 145 193 68 118 12 101 109 71 121 142 74 111 90 194 81 160 14 72 181 63 53
182 26 13 157 133 101 157 194 92 108 85 95 187 186 180 98 178 76 197 84 74 131 53 102 130 135 186 45 127 59 114 77 99 11 151 107 5 192 108 154 124 18 145 61 34 116 188 121 137 71 5 59 53 163 144 11 2 76 70 116 35 129 43 74 157 132 46 84 83 156 134 137 182 192 21 157 19 187 109 14
121 69 66 69 14 36 98 12 105 38 3 47 17 136 138 189 22 166 13 92 58 20 188 112 156 176 54 61 105 31 74 19 3 23 104 78 125 156 129 175 158 15 92 115 54 200 161 102 147 129 127 78 192 113 4 166 20 157 92 32 37 74 119 195 9 22 181 184 1 57 97 131 187 2 40 189 124 147 33 111
200 82 121 126 67 104 199 146 59 101 163 30 188 56 63 147 46 22 86 38 106 86 13 111 131 110 67 99 188 22 75 140 122 162 160 199 141 77 99 144 75 195 46 153 19 105 178 188 3 55 82 125 95 112 88 199 185 40 74 115 22 98 144 190 144 22 70 71 158 185 34 164 83 164 87 138 172 118 48 18
137 53 36 136 57 78 81 50 110 156 29 192 36 97 170 90 28 173 112 24 22 77 137 166 17 11 188 178 116 157 30 133 185 79 86 106 177 76 133 15 99 68 114 92 88 89 44 74 61 129 1 44 154 7 107 3 5 6 114 198 12 193 70 126 95 17 12 41 59 153 5 37 61 89 166 180 174 169 43 61
47 111 95 44 139 30 166 127 37 151 142 188 119 68 108 30 191 108 86 98 53 44 131 168 142 22 197 135 13 197 58 162 113 41 139 110 3 86 105 45 155 174 137 1 192 48 105 86 86 31 31 167 101 183 120 178 65 65 83 51 6 152 108 1 167 198 81 154 175 68 196 162 152 160 170 25 49 81 188 181
10 37 60 106 88 124 58 76 61 50 79 49 197 193 61 157 164 82 111 86 41 132 7 179 95 36 103 17 187 82 98 164 54 80 87 120 66 33 1 184 160 56 55 169 172 145 153 145 147 129 85 163 189 58 20 99 1 117 103 174 2 78 155 56 49 60 20 174 125 72 42 172 63 85 24 70 105 186 109 65
73 175 123 145 83 95 190 159 163 183 59 119 77 17 2 187 92 76 139 110 2 50 5 151 152 13 20 185 51 148 144 151 22 70 163 28 58 49 92 62 153 183 97 85 7 160 161 90 32 174 113 146 128 128 110 12 43 168 22 73 142 153 190 191 160 160 185 2 154 13 90 148 92 24 31 140 155 152 26 62
