70 	
6	10
0	3	3	0	9	
1	6	3	14	3	
0	1	8	94	8	
1	6	3	193	1	
0	4	2	66	5	
0	6	1	115	9	
1	1	7	67	7	
1	9	5	170	9	
1	6	4	326	1	
0	7	8	47	5	
1	9	1	300	9	
0	1	5	217	5	
1	8	7	56	6	
0	4	9	204	2	
1	9	9	267	2	
1	5	7	268	2	
0	1	9	142	5	
0	7	3	264	4	
0	8	6	228	8	
1	4	6	231	3	
0	1	1	252	5	
0	8	4	284	4	
0	1	2	273	4	
0	2	8	74	9	
0	1	1	182	4	
0	4	1	105	4	
0	3	7	41	2	
1	7	3	81	4	
0	4	3	37	8	
1	5	5	84	3	
1	1	9	2	1	
0	3	2	250	4	
0	9	2	60	3	
1	7	1	4	7	
1	5	3	276	5	
1	3	6	28	6	
1	9	8	59	5	
1	6	1	121	8	
1	7	2	64	4	
1	2	5	262	2	
1	4	5	179	9	
0	7	4	319	9	
0	2	5	161	4	
0	8	8	278	7	
0	6	3	27	6	
0	5	2	324	4	
0	3	1	210	1	
1	6	1	27	2	
0	6	3	162	6	
1	2	7	102	7	
1	4	8	176	4	
1	2	2	109	4	
0	3	5	22	1	
0	6	3	192	9	
1	7	4	194	6	
0	8	9	299	7	
1	8	2	180	3	
0	7	7	167	5	
1	6	6	278	8	
1	4	7	325	8	
1	2	8	97	7	
0	8	5	208	1	
1	9	7	77	2	
1	3	8	252	8	
1	2	6	201	9	
0	3	5	164	1	
1	7	8	266	5	
1	3	9	326	5	
0	1	4	247	9	
0	1	8	294	4	
82 64 121 139 200 40 11 98 32 144 140 20 172 145 129 22 60 41 28 159 108 12 119 39 114 95 86 145 51 64 190 1 30 2 106 71 64 97 88 82 149 130 33 123 142 110 74 57 20 87 135 132 189 124 167 48 34 43 155 13 63 69 181 187 29 183 64 88 4 50
138 34 80 83 49 140 60 100 77 185 101 117 102 197 158 155 181 73 103 82 168 185 196 73 188 68 87 105 126 85 113 143 159 110 59 33 91 33 54 99 146 79 117 112 197 51 129 76 47 142 77 73 168 151 13 85 86 22 47 200 1 120 4 36 81 12 130 168 196 108
100 189 86 70 103 169 21 159 172 40 101 101 176 104 38 173 79 195 19 29 63 164 12 67 110 70 33 68 120 42 7 97 147 132 74 142 140 84 36 3 199 76 170 73 192 55 28 68 181 79 26 50 187 32 134 82 22 185 97 119 143 37 80 40 102 95 1 171 139 82
177 142 146 92 130 148 14 159 175 191 112 167 82 138 94 75 174 20 176 167 126 13 75 96 110 136 34 54 148 30 181 195 185 121 159 5 14 84 190 111 150 71 31 80 122 139 129 90 173 180 91 191 50 195 158 118 181 33 164 77 80 195 63 57 20 90 179 103 12 123
171 129 158 183 29 90 144 39 58 190 14 102 47 106 59 70 173 92 65 111 58 131 192 148 5 170 173 37 66 194 142 80 68 65 150 109 180 15 133 181 127 8 77 27 74 66 108 38 91 7 104 107 167 123 57 137 125 21 198 62 115 158 107 31 149 4 73 82 53 64
200 9 68 94 173 83 155 3 52 109 26 191 84 113 68 46 128 135 175 183 56 12 8 75 105 92 74 137 82 8 14 74 76 113 14 157 133 68 16 151 195 3 61 200 30 144 7 92 104 188 105 131 79 124 2 34 78 71 78 96 40 105 80 26 38 137 134 57 104 157
115 107 55 191 73 140 63 184 91 142 126 158 94 151 134 2 143 24 188 12 153 57 113 40 140 52 103 78 86 22 10 73 54 106 17 116 52 166 93 42 64 28 144 64 158 36 141 138 188 144 197 136 5 188 112 115 67 86 144 50 27 51 95 82 193 132 6 118 181 137
118 28 161 145 110 36 85 119 37 38 117 149 110 154 27 66 139 16 198 3 65 33 102 93 184 17 44 21 197 153 166 137 137 39 144 75 56 164 13 89 60 14 148 192 179 3 155 71 198 42 50 125 35 183 97 169 115 8 127 24 58 28 39 72 135 175 160 111 55 71
43 179 183 148 91 130 126 116 104 62 18 32 152 17 69 117 183 86 167 101 125 165 175 198 145 168 94 20 143 69 103 115 125 47 139 50 47 90 62 4 85 93 65 127 75 50 178 146 49 190 173 80 112 84 40 97 83 112 109 47 162 78 51 87 184 105 54 156 83 86
196 168 162 92 126 107 10 47 181 181 116 191 37 117 160 81 75 176 75 92 68 16 84 3 197 109 112 146 66 62 2 69 97 145 113 165 138 195 165 94 105 118 62 149 174 191 128 27 31 20 166 151 48 100 166 193 11 6 122 55 188 158 110 88 198 35 8 112 87 81
191 144 31 200 111 134 120 167 88 118 151 15 165 113 17 49 61 111 53 135 68 185 22 64 143 154 160 90 158 126 118 52 102 157 31 105 83 79 145 150 83 95 145 104 145 59 140 108 144 193 66 146 8 120 53 3 117 44 138 62 33 179 179 40 25 199 65 28 165 152
58 120 30 107 25 117 30 188 149 95 172 23 152 44 60 17 26 12 128 116 158 59 183 159 99 8 108 186 128 123 197 135 15 179 88 124 42 84 69 114 104 48 3 192 138 42 158 104 79 139 52 80 62 114 110 147 13 132 9 57 135 46 176 166 55 105 63 156 133 159
163 127 84 44 112 106 39 191 136 30 160 16 190 132 154 131 195 13 46 47 182 70 173 27 142 4 1 198 71 187 141 142 140 26 114 80 53 131 176 51 106 62 8 49 54 102 131 165 21 168 166 107 175 76 56 114 184 100 57 91 196 82 136 2 10 108 181 25 54 42
106 8 144 132 194 125 3 108 85 11 170 115 78 172 196 24 22 38 140 10 28 90 147 196 151 43 110 153 158 144 57 122 79 39 192 198 162 7 119 61 30 86 79 63 66 24 109 113 35 158 48 148 29 51 41 69 41 140 100 8 63 191 141 74 144 83 105 117 7 185
77 33 112 45 169 116 186 43 146 29 133 189 58 6 120 182 17 199 193 188 69 5 45 87 26 177 69 49 155 132 62 64 196 169 99 138 158 41 111 185 138 117 5 28 89 61 150 181 136 173 151 179 177 157 36 167 59 48 41 163 84 185 169 79 46 47 40 136 83 67
13 83 192 54 78 73 172 145 45 65 7 80 117 169 136 185 136 106 192 85 109 89 72 70 114 38 160 10 113 31 47 105 66 76 124 38 18 132 13 58 31 5 66 153 15 130 165 45 150 10 44 142 22 200 199 87 72 58 4 186 124 39 170 43 192 6 116 39 95 189
41 102 70 164 53 61 158 6 62 7 61 132 184 105 184 148 135 145 58 22 178 188 157 4 182 171 2 26 64 189 20 158 143 82 61 80 174 148 98 95 1 189 184 83 154 22 46 121 16 31 30 83 72 133 184 91 76 106 32 93 182 184 153 141 117 118 138 116 1 88
12 135 94 53 22 68 96 150 171 131 104 55 20 80 84 126 65 149 120 188 190 7 135 127 124 53 117 70 151 135 23 28 32 76 89 113 189 21 107 27 169 92 77 136 170 17 48 68 171 67 81 50 152 88 197 100 152 112 122 59 200 4 122 39 13 169 177 103 171 72
138 62 156 138 134 136 170 184 109 16 128 69 17 128 184 146 139 31 78 135 112 167 133 91 195 26 29 107 145 128 65 100 180 180 128 157 144 66 85 68 125 8 129 82 79 99 174 199 50 61 68 123 73 34 25 30 66 156 173 54 120 73 99 131 129 130 115 195 126 188
143 193 59 130 177 110 58 154 129 190 164 28 130 66 31 142 190 161 135 195 79 36 70 122 154 184 165 21 71 20 112 18 104 14 32 82 34 67 136 29 88 152 108 187 47 92 74 46 114 80 46 166 183 50 69 80 28 160 107 103 93 23 95 83 45 198 47 179 115 191
16 115 23 108 24 164 170 90 166 169 30 16 52 85 184 127 172 157 100 179 128 142 1 87 130 171 61 191 179 187 148 146 52 139 105 174 85 110 144 32 100 89 81 14 157 95 112 118 28 197 159 5 134 56 199 76 126 52 4 47 133 1 112 68 184 163 33 128 95 164
52 2 30 95 30 149 168 184 200 157 66 82 56 200 13 30 181 65 102 168 39 198 15 67 176 33 165 31 151 40 73 177 43 77 30 4 170 41 30 189 97 181 108 122 193 124 149 103 87 97 71 183 3 40 69 49 77 98 45 27 19 23 188 185 68 49 78 192 155 22
83 168 50 107 197 136 162 1 120 70 25 73 198 117 98 19 74 120 6 35 39 24 33 195 172 103 113 157 77 48 87 177 100 30 155 74 154 128 190 168 29 94 163 106 175 134 66 155 115 58 72 181 144 188 95 101 23 113 43 162 194 43 116 187 159 172 34 108 138 4
64 86 192 170 159 23 40 140 96 14 103 25 43 122 172 25 98 20 163 105 107 198 198 192 177 39 120 38 82 100 88 17 156 6 3 150 197 129 145 38 17 113 171 108 61 131 109 189 148 133 24 68 146 46 100 13 199 38 115 116 173 39 81 177 130 200 17 191 69 71
40 71 85 165 73 200 114 118 162 26 104 165 34 22 200 68 142 135 169 101 65 3 67 123 116 130 90 122 100 105 68 178 37 116 119 192 28 109 118 151 165 175 151 43 70 97 22 154 74 190 101 145 33 175 31 48 199 34 190 170 107 12 37 81 174 173 127 78 39 85
131 49 153 162 47 16 184 153 125 56 62 97 187 54 40 132 144 92 108 147 136 121 3 15 144 70 154 95 83 122 50 172 52 110 190 33 163 115 83 144 122 99 154 149 145 144 171 164 32 166 61 147 132 196 120 34 162 192 68 29 179 65 44 164 177 166 21 124 184 186
157 178 30 188 100 128 102 174 151 160 192 148 31 44 88 163 74 196 25 152 163 92 189 63 79 12 97 121 66 150 112 62 141 93 92 190 144 198 159 195 101 18 7 81 139 2 183 36 111 91 53 103 58 92 44 154 161 180 106 62 117 85 55 38 94 148 37 161 118 160
124 192 147 24 138 93 37 146 72 75 157 52 35 17 128 175 37 185 70 34 71 44 200 195 152 9 39 165 10 95 5 56 120 26 49 126 154 136 24 51 66 154 123 160 125 61 60 136 161 46 102 122 4 136 183 30 156 24 198 32 53 140 93 22 76 188 51 83 165 15
13 58 20 68 83 162 176 122 148 142 121 45 49 40 76 198 8 33 138 23 24 50 101 195 188 52 178 154 120 117 133 140 10 108 59 12 106 33 16 14 43 175 132 158 102 185 140 172 3 171 99 139 123 46 196 153 56 38 114 143 51 134 104 128 85 29 6 184 57 121
129 189 16 67 105 198 16 116 83 42 143 153 192 50 137 5 119 83 43 32 34 50 48 107 80 88 110 131 54 133 51 80 135 119 151 193 151 126 128 150 102 134 179 15 169 68 1 101 134 134 82 105 108 112 166 34 175 154 196 151 123 66 35 189 5 110 40 98 48 177
124 147 17 149 148 183 85 15 155 67 169 136 174 147 92 132 70 188 82 108 69 194 170 141 175 113 12 75 190 193 157 171 111 195 111 193 1 90 164 166 16 167 56 26 126 161 170 99 17 194 153 171 160 192 120 42 8 53 43 5 192 113 9 101 15 24 89 158 156 82
163 43 170 173 150 183 98 113 84 78 150 92 157 193 186 139 112 166 54 52 44 85 40 55 105 173 6 28 178 12 129 191 126 177 158 140 10 40 67 130 106 131 52 56 21 19 73 85 45 72 124 164 170 49 160 172 200 5 7 110 179 46 59 170 10 124 63 84 153 88
139 23 43 112 106 40 21 57 2 32 22 173 67 23 161 104 106 115 73 93 2 166 40 11 133 199 39 10 185 190 157 138 14 16 145 103 177 32 34 19 173 133 177 78 134 28 165 39 141 55 137 43 21 121 87 141 184 78 64 78 148 11 101 88 167 143 150 187 34 180
22 35 131 6 142 96 148 200 88 12 170 8 185 86 138 184 102 110 179 66 131 119 53 81 193 171 107 5 86 166 196 163 82 143 102 103 28 13 89 154 10 142 49 178 30 97 174 167 22 53 49 156 107 167 47 82 49 86 60 172 122 101 26 123 99 135 170 163 32 110
179 123 84 156 5 22 195 162 47 161 65 113 107 78 2 12 158 105 169 182 121 18 189 54 87 105 53 161 70 161 11 64 121 70 193 118 31 175 96 62 88 44 8 183 182 22 167 168 101 19 132 116 20 84 140 117 50 60 198 62 194 67 193 109 179 11 93 122 31 18
100 170 91 7 63 169 135 98 101 120 138 110 61 80 166 13 73 94 170 62 162 136 118 72 62 67 24 188 11 101 128 98 163 100 26 130 46 167 150 90 111 108 170 177 29 111 81 129 168 66 42 39 139 110 156 199 127 131 92 115 188 189 94 117 112 157 67 126 111 108
195 99 30 7 119 116 162 161 48 59 58 23 152 192 144 167 34 111 177 45 38 61 138 26 199 10 93 46 125 78 162 126 57 91 148 120 68 162 151 35 95 95 71 40 109 126 50 114 103 128 30 105 83 72 13 199 127 177 177 93 55 55 58 60 38 24 149 62 62 20
143 91 88 23 122 149 30 8 37 57 34 17 142 115 133 95 79 88 86 87 195 38 17 105 140 91 71 61 40 40 58 170 78 155 163 33 66 56 38 131 83 56 26 168 142 114 94 164 59 30 120 43 118 17 49 147 77 194 78 72 14 109 69 35 130 176 147 5 146 9
43 182 65 82 100 153 23 106 191 24 93 192 24 84 33 87 34 21 79 103 143 13 66 132 190 32 106 107 102 49 181 114 174 189 8 82 56 19 25 96 152 55 125 143 78 10 124 92 20 141 52 107 48 77 121 65 168 103 117 160 168 31 89 169 120 123 137 125 134 81
74 154 102 70 173 160 39 157 5 52 4 28 5 82 30 122 105 144 94 171 84 67 136 22 52 60 89 163 79 184 41 108 163 82 158 194 41 103 26 129 93 134 3 188 159 153 107 24 123 17 47 188 9 190 101 75 33 182 31 17 176 187 143 148 125 132 197 136 86 90
42 157 23 151 196 166 115 48 46 182 12 111 126 184 52 113 75 68 59 17 134 177 35 142 173 7 14 56 172 66 36 168 173 20 200 61 22 10 103 163 141 38 135 14 169 30 178 4 33 79 63 164 88 6 84 118 15 10 54 35 6 18 141 106 36 98 103 29 163 182
42 32 191 192 96 93 51 23 90 40 36 200 19 60 47 42 78 110 31 115 158 42 92 37 150 65 14 139 155 187 186 108 167 20 148 37 199 164 51 143 144 77 141 90 35 168 173 92 193 200 12 27 63 73 116 53 139 114 69 172 118 72 121 177 36 170 150 41 178 173
190 51 42 5 125 53 144 163 93 31 79 9 13 35 161 104 145 177 5 156 142 123 198 188 195 153 134 11 160 29 73 30 13 86 43 146 157 193 73 164 67 92 7 126 133 198 74 47 115 20 108 144 15 77 163 55 96 68 124 67 160 155 49 115 2 83 61 38 71 6
16 167 101 90 136 175 72 44 39 165 118 144 55 147 174 91 14 125 194 159 40 160 199 48 70 28 5 104 124 176 30 18 125 175 53 2 56 27 90 134 42 99 13 72 132 171 39 48 80 101 61 47 129 2 1 6 149 70 128 52 183 48 38 171 167 105 58 173 30 147
140 176 55 10 74 26 63 188 29 163 174 6 6 126 94 101 91 89 1 76 75 68 78 175 54 41 97 89 126 103 183 32 62 4 130 6 23 133 164 56 146 190 164 26 157 55 27 37 196 38 32 173 78 168 163 149 199 130 92 131 197 79 51 9 90 120 155 39 161 48
5 168 52 146 34 152 157 114 32 12 127 59 115 111 86 117 187 151 114 38 72 147 53 158 144 36 57 56 176 15 125 52 189 104 100 18 123 58 76 41 51 86 148 66 62 18 199 132 88 30 25 199 78 55 55 200 76 22 52 165 149 23 103 133 158 26 8 107 167 159
115 200 182 119 108 181 51 120 158 79 132 185 181 57 105 68 107 106 100 132 171 194 116 31 137 151 188 22 7 151 61 147 124 51 19 11 114 175 99 79 97 81 100 144 168 87 1 155 66 197 17 159 30 173 162 105 97 131 113 58 96 10 166 85 61 105 186 151 142 16
11 191 168 127 23 133 93 143 42 134 109 39 156 97 120 137 186 198 138 176 157 86 114 105 141 150 194 69 111 129 67 48 54 107 112 61 18 195 67 169 53 147 7 49 63 95 66 119 162 101 94 189 34 141 128 157 188 52 190 41 73 15 53 146 83 193 93 166 121 179
170 28 36 176 16 65 3 180 70 7 157 95 101 196 124 185 47 61 142 129 13 6 107 97 184 50 180 189 141 43 92 24 27 11 189 38 89 119 156 148 140 61 139 122 168 54 137 28 10 113 193 61 125 93 45 57 146 50 69 52 130 111 64 64 21 70 185 99 145 92
73 76 48 41 42 191 39 90 9 135 23 169 176 151 50 38 200 107 155 166 50 168 30 63 77 72 19 138 65 61 156 200 102 7 35 84 193 41 185 124 161 164 44 160 115 99 19 91 200 88 40 20 192 147 15 124 161 133 151 156 75 186 200 176 92 187 16 63 29 93
100 155 147 135 57 12 62 35 196 48 184 86 161 167 131 187 91 97 45 198 109 95 99 20 63 71 74 152 31 61 199 160 41 16 3 33 180 63 81 120 133 144 97 150 181 41 39 9 91 27 154 143 93 99 12 104 168 149 16 84 168 78 49 166 146 69 38 92 27 198
1 199 188 15 105 12 86 71 21 92 159 140 23 41 55 197 115 188 41 78 96 189 14 44 13 18 120 172 54 23 126 71 29 193 183 1 150 34 6 73 139 77 152 192 104 173 88 44 22 6 128 167 71 16 38 63 157 133 52 9 34 175 132 156 71 119 191 191 91 110
49 85 7 98 14 48 170 47 77 30 191 6 23 151 102 198 7 102 153 61 164 100 162 159 159 160 77 159 18 97 196 68 198 55 16 37 190 40 142 181 93 119 8 127 98 98 143 137 120 20 121 89 26 1 60 134 36 17 46 182 97 46 162 117 137 166 96 62 172 114
130 57 31 113 81 163 71 126 99 45 97 139 189 41 128 143 192 148 12 73 14 156 23 95 107 173 59 63 171 157 56 137 2 13 96 31 133 121 152 110 114 152 25 120 129 48 189 130 161 185 115 18 96 29 117 64 190 185 27 126 188 187 186 139 76 152 83 92 95 111
36 127 69 197 38 90 92 110 71 160 122 177 24 151 104 199 169 189 112 64 159 35 57 79 77 98 93 3 85 119 58 80 65 60 99 19 170 163 162 193 17 30 140 97 16 17 29 160 149 125 150 64 43 129 143 7 193 100 133 130 72 63 159 156 44 17 38 74 97 12
190 85 148 130 20 38 116 2 198 16 88 82 166 25 56 21 142 38 162 78 96 36 68 152 188 125 117 79 94 104 167 115 154 19 101 143 14 157 76 66 73 100 192 58 81 48 199 159 179 175 71 127 39 56 78 68 145 29 9 198 131 182 91 1 131 13 146 56 134 43
134 55 99 17 33 116 5 82 7 27 35 149 105 94 73 76 127 57 78 155 49 75 140 78 110 123 45 137 97 145 90 131 23 139 92 45 124 70 30 19 117 69 35 136 175 56 190 27 40 5 92 111 139 110 85 158 193 183 165 61 139 57 15 196 103 55 186 3 53 20
114 126 14 30 147 97 200 49 70 166 57 21 197 177 140 176 176 53 28 188 173 73 196 164 29 159 21 179 24 54 31 195 69 66 139 106 129 133 199 155 34 35 85 162 53 93 115 86 125 178 81 104 141 54 25 170 81 46 166 97 37 58 8 188 9 26 18 187 146 162
119 123 189 70 11 157 53 72 178 91 196 23 107 60 65 121 152 81 194 156 151 56 156 21 24 24 107 144 194 91 125 47 169 166 165 117 102 162 167 123 41 46 20 106 114 75 144 104 27 18 21 122 74 179 87 125 181 35 16 106 196 93 69 88 156 184 83 6 104 142
103 29 166 114 191 2 20 124 187 40 171 169 118 77 80 143 189 9 109 64 141 11 94 59 32 160 146 27 24 109 86 18 58 8 169 196 196 141 35 20 116 177 60 162 35 153 80 186 72 134 146 53 167 18 125 73 48 165 6 35 43 56 77 187 85 130 35 89 74 88
193 126 88 188 74 178 25 159 167 139 55 180 131 193 156 11 71 152 36 6 50 22 89 54 123 73 172 144 145 114 60 92 100 46 185 166 146 106 33 108 195 198 158 165 134 176 76 189 153 199 139 172 28 91 74 112 78 127 45 44 64 14 44 83 26 107 59 109 65 105
27 189 105 97 120 182 97 110 58 23 49 158 16 153 5 92 182 38 193 94 186 149 67 12 162 54 184 160 177 116 76 80 37 120 181 127 135 11 154 44 91 78 71 63 179 110 179 86 182 84 89 17 52 136 85 194 39 145 89 10 135 37 84 195 64 172 10 43 67 188
80 9 36 61 97 132 165 30 105 85 111 15 161 139 39 44 197 40 115 192 199 70 12 109 154 199 125 142 40 157 88 65 27 175 118 106 121 160 135 129 146 171 15 30 63 193 137 41 166 174 127 65 9 2 118 121 143 145 195 94 7 165 93 6 175 158 145 106 93 151
171 153 29 35 131 55 1 18 191 111 161 165 189 157 129 164 183 200 46 145 125 87 105 104 196 121 35 99 190 85 79 112 73 5 88 162 8 66 74 30 103 33 53 39 181 9 104 190 75 35 45 168 150 146 23 185 35 17 68 195 146 134 150 49 100 104 139 8 144 162
178 77 120 198 199 138 120 49 188 67 2 122 33 146 195 184 193 50 114 85 109 109 188 44 144 162 34 37 104 5 19 9 102 84 176 93 82 184 21 22 42 132 138 36 197 107 133 13 170 186 154 35 74 129 106 163 63 155 53 190 44 45 63 5 40 63 30 108 165 171
155 14 6 128 175 171 187 90 157 26 85 178 173 117 53 163 16 103 161 111 200 164 130 2 22 93 106 185 178 1 177 20 57 187 85 114 122 2 19 90 124 196 138 27 77 80 200 11 103 169 146 200 126 77 45 190 29 127 183 118 103 41 147 2 83 80 81 194 70 59
137 52 79 61 108 120 141 70 13 63 159 4 33 196 37 137 71 102 159 141 188 133 19 57 137 188 1 48 43 61 33 47 104 49 68 129 157 183 109 185 61 100 69 196 167 32 149 170 133 138 1 152 43 46 142 8 57 107 107 144 191 124 138 6 194 139 182 70 45 54
42 117 39 197 81 113 149 66 193 127 39 93 42 103 34 131 30 185 199 6 131 54 107 136 41 88 37 178 103 65 59 45 65 62 57 53 197 102 79 105 1 88 56 168 95 160 181 168 43 85 122 11 68 162 104 36 2 195 191 78 37 138 89 148 162 123 33 100 120 176
98 42 161 117 158 50 159 177 121 145 118 38 107 148 13 179 144 190 183 165 111 172 109 137 50 70 177 164 167 6 58 20 140 85 93 123 80 181 175 46 134 25 125 166 154 74 78 62 168 101 175 185 199 1 83 101 95 101 22 191 21 9 109 168 60 97 66 20 25 126
185 118 181 105 39 68 186 184 166 132 92 16 99 148 132 134 128 131 89 170 153 141 36 142 116 180 199 183 40 192 28 138 186 59 15 148 195 134 3 79 180 51 152 123 127 163 73 150 127 91 55 188 148 141 128 6 119 138 151 189 83 125 13 40 17 15 43 71 154 119
159 85 147 139 80 128 145 39 188 81 187 92 164 110 83 190 39 195 11 63 105 84 22 130 69 144 54 38 11 181 122 93 111 157 185 38 110 149 17 52 8 135 195 11 82 39 135 174 198 104 72 59 140 57 130 161 159 71 41 50 88 42 152 131 90 132 5 132 88 156
