80 	
9	18
0	2	9	76	1	
0	7	5	165	5	
1	6	3	240	5	
0	9	3	64	6	
0	5	4	319	7	
0	2	5	246	9	
0	4	1	243	2	
1	9	9	73	9	
1	8	2	319	5	
0	6	4	120	3	
1	6	1	83	4	
0	3	2	185	5	
1	7	2	94	8	
1	2	1	262	2	
0	1	6	290	6	
0	6	6	30	5	
0	1	2	269	7	
1	3	8	187	1	
0	4	9	86	6	
1	2	1	11	9	
1	3	3	322	4	
1	7	7	264	8	
1	2	1	308	5	
0	2	7	106	2	
1	4	9	239	3	
0	7	7	126	9	
0	9	6	115	5	
0	7	9	260	8	
1	8	9	95	9	
0	4	5	254	8	
0	6	9	87	2	
0	6	3	126	3	
1	2	8	216	2	
0	2	2	349	1	
1	5	6	55	9	
0	2	7	310	6	
0	4	3	277	3	
1	6	7	63	4	
0	2	9	49	7	
0	5	4	205	3	
0	5	8	87	2	
1	3	1	187	9	
1	7	9	99	5	
0	4	1	123	8	
1	4	5	238	2	
0	1	4	266	3	
0	5	6	113	2	
1	1	7	217	3	
0	2	3	283	3	
0	1	7	276	5	
1	2	5	124	5	
0	6	1	137	4	
1	5	4	173	1	
1	3	2	109	1	
1	6	8	165	1	
1	8	4	112	3	
0	1	4	80	1	
0	5	2	12	8	
1	6	3	202	9	
0	3	3	160	9	
1	7	6	207	5	
1	2	9	52	6	
1	9	2	253	3	
1	4	8	47	3	
0	2	5	160	3	
1	1	6	83	2	
0	4	1	340	5	
0	8	9	6	7	
1	8	5	122	1	
1	3	1	282	6	
1	8	5	310	7	
1	1	3	191	4	
0	7	3	178	3	
1	1	9	225	3	
1	1	6	267	4	
0	9	7	7	1	
0	7	1	15	1	
0	8	4	12	1	
1	8	6	360	5	
1	7	6	338	1	
78 77 88 105 120 15 60 179 120 65 6 7 85 78 106 10 135 97 5 69 136 89 143 90 182 15 81 131 69 170 10 117 2 25 33 196 192 51 172 131 9 162 142 82 2 4 149 97 77 49 143 5 138 80 167 86 170 75 184 81 122 3 31 149 113 50 77 15 69 18 195 68 184 129 47 32 92 86 49 113
114 65 7 91 61 1 136 87 27 185 188 149 21 199 179 8 161 101 188 195 142 153 10 56 19 161 199 22 121 141 176 44 139 51 2 16 123 88 131 195 57 135 13 107 101 126 114 11 42 197 22 22 122 182 70 18 75 168 124 28 78 103 171 138 164 111 145 112 79 112 69 100 105 42 98 74 166 175 139 199
134 8 24 194 194 24 186 40 44 148 4 184 179 200 37 2 101 56 157 51 59 2 137 172 95 88 67 80 70 123 9 178 47 176 69 18 47 129 76 25 188 170 88 69 64 104 103 41 3 6 165 118 4 39 166 41 57 157 78 54 91 52 157 23 90 95 160 182 55 140 119 121 183 85 155 143 187 4 171 170
44 130 115 112 110 178 57 29 191 67 2 27 71 22 109 67 69 104 155 159 39 28 115 57 8 163 146 36 192 89 143 132 151 92 177 74 44 75 37 134 176 198 5 91 77 123 121 171 86 68 47 161 122 122 105 7 177 47 189 55 42 22 191 31 118 144 55 139 8 3 53 42 75 152 102 129 140 157 20 94
164 120 198 147 7 145 85 36 166 132 24 197 39 30 155 164 70 50 90 15 125 32 2 103 66 78 99 85 78 194 45 13 111 139 121 62 111 89 70 139 41 132 112 31 124 14 129 69 74 107 91 84 157 97 165 26 196 42 108 23 200 138 153 34 150 69 42 3 99 106 57 123 191 121 36 96 43 137 66 87
103 73 120 100 61 158 81 69 63 44 103 136 199 31 94 192 169 45 85 91 176 91 119 134 11 102 3 14 117 40 179 140 10 10 183 96 22 128 134 103 91 198 196 195 93 73 83 26 191 20 136 159 171 169 9 103 38 147 90 140 15 51 53 111 193 8 128 174 199 72 193 14 17 129 62 138 24 198 45 176
196 50 125 12 165 86 127 70 121 114 118 141 64 30 51 18 103 3 75 138 191 158 187 98 120 182 127 145 67 128 148 97 112 63 196 25 128 9 77 101 100 100 53 53 153 183 134 140 197 4 123 189 35 17 173 171 75 152 9 52 199 35 117 103 42 89 106 188 169 1 161 34 53 134 160 30 64 52 47 92
70 40 107 81 13 23 129 200 7 131 150 28 74 89 154 156 36 178 142 14 30 182 169 198 69 90 27 78 9 91 178 195 87 115 92 74 75 115 114 193 146 122 178 36 148 69 77 65 10 62 23 150 79 95 175 33 55 91 147 139 195 53 165 145 59 70 98 33 159 113 139 168 14 63 168 159 29 165 116 186
142 4 43 56 159 149 195 41 1 178 191 54 157 143 101 187 108 61 193 82 106 168 51 181 16 79 133 181 48 64 185 97 10 46 63 70 192 53 173 117 22 17 106 137 189 45 138 143 84 80 89 152 71 94 197 140 83 9 104 72 51 189 147 136 129 96 12 174 41 147 1 47 89 182 166 88 81 130 38 167
23 137 158 41 38 158 53 187 192 198 10 97 12 159 183 167 5 20 15 27 44 199 23 88 189 121 83 35 6 49 76 91 113 18 19 160 188 105 94 184 105 118 112 197 74 189 136 72 100 74 170 28 150 101 106 188 116 186 185 183 122 182 4 24 170 117 139 49 90 13 99 103 102 161 70 106 123 166 55 177
36 186 77 195 35 26 21 23 29 22 174 167 176 80 172 162 95 87 90 74 161 80 96 115 29 67 198 66 156 199 94 73 1 86 163 188 158 159 185 133 101 66 146 134 114 87 117 17 30 147 79 166 102 76 77 20 150 132 30 143 112 199 191 91 81 103 183 19 198 131 102 149 148 65 90 153 82 15 96 130
40 184 156 180 39 2 7 161 44 58 59 140 30 16 181 34 139 143 151 104 66 169 11 86 12 190 67 93 66 102 72 107 72 156 137 147 72 12 176 103 59 146 166 115 145 99 126 87 13 147 39 50 44 156 156 134 94 150 17 64 146 10 42 62 189 162 200 108 77 149 111 118 91 59 200 191 117 93 113 13
50 57 163 45 5 82 5 124 130 180 90 185 126 107 51 72 148 26 103 151 68 181 183 147 118 70 57 64 87 186 35 61 140 194 158 198 54 184 21 23 69 16 153 169 163 132 152 158 37 2 69 53 194 18 33 167 65 14 40 118 42 38 117 115 192 150 174 159 155 122 42 9 39 91 159 91 115 140 104 89
67 29 123 6 136 26 118 56 141 177 173 126 114 125 45 24 129 147 61 133 184 185 162 33 152 1 22 80 4 63 59 130 107 94 153 101 87 98 189 25 88 40 95 81 124 42 58 63 138 13 66 60 124 60 116 120 143 75 194 183 166 138 165 96 194 116 82 53 42 141 86 132 181 152 195 79 196 171 100 197
26 112 97 19 66 9 27 188 88 185 47 17 73 5 197 165 108 147 146 152 190 12 114 159 14 171 36 158 74 56 123 110 145 184 193 188 111 94 89 162 168 131 191 50 16 118 115 47 154 28 18 69 100 174 196 171 78 72 69 89 182 106 127 58 110 91 61 131 109 47 146 53 172 43 21 4 84 77 128 150
189 100 155 62 8 109 161 41 110 131 105 51 16 79 6 119 49 167 147 150 28 93 34 50 41 198 91 58 178 117 67 145 54 4 76 182 72 7 146 105 20 173 97 55 120 136 53 63 175 9 15 95 50 84 42 79 169 137 46 151 185 197 124 187 144 55 50 164 131 34 142 33 122 136 178 88 77 43 200 26
116 42 76 77 153 50 2 72 139 114 93 109 146 59 5 87 51 148 119 117 169 86 179 25 186 114 103 15 89 62 90 166 75 14 155 183 157 4 157 50 92 24 9 176 153 49 15 66 110 97 155 151 199 132 15 102 136 200 104 1 182 142 58 6 181 115 114 167 60 172 130 15 124 173 176 131 143 32 155 81
101 46 17 171 131 125 139 193 77 80 166 163 163 138 1 57 122 37 178 179 134 182 144 79 191 46 113 20 78 73 171 112 149 145 92 169 124 33 166 144 71 56 82 63 39 44 72 95 146 101 167 135 129 63 107 183 95 3 144 27 85 194 73 14 37 19 142 23 80 82 187 194 145 146 34 95 26 65 71 89
83 64 107 19 126 199 176 19 14 97 77 150 92 143 182 151 29 53 67 192 33 140 69 143 54 157 151 142 100 84 49 198 122 194 176 108 84 171 158 105 78 155 132 12 162 156 109 71 182 6 31 36 95 61 88 124 168 58 84 139 102 43 55 23 65 86 116 2 17 166 61 110 181 34 82 16 126 8 63 146
163 66 49 18 16 121 158 90 152 143 1 195 163 184 118 171 71 33 177 18 21 30 39 171 96 168 171 116 122 133 115 68 77 12 130 1 43 36 49 190 156 82 109 118 135 70 7 199 194 95 111 31 130 78 135 127 54 143 181 153 128 180 127 48 108 14 157 39 6 60 184 82 165 152 146 131 44 20 106 180
198 90 178 88 66 100 129 130 110 74 59 189 113 14 166 131 100 17 13 151 175 85 71 121 161 46 150 117 86 181 50 52 16 51 3 33 142 54 37 127 33 132 197 8 1 34 4 39 151 145 54 153 162 184 67 67 20 150 108 5 38 112 86 117 78 106 168 60 31 185 64 158 79 90 187 116 12 189 129 23
101 181 9 2 45 193 24 186 74 90 165 121 118 16 188 175 45 45 176 86 90 127 53 186 19 37 83 200 41 39 183 108 197 92 104 48 73 30 113 92 144 114 5 35 16 47 199 72 158 196 146 43 8 91 81 65 75 100 100 60 195 2 112 151 8 28 74 58 53 66 19 97 90 148 195 105 35 6 86 33
76 78 67 36 139 40 185 184 101 40 113 29 72 148 10 30 7 182 76 199 54 71 198 41 33 119 62 11 9 83 90 62 190 130 9 44 96 200 148 190 135 29 154 188 198 154 123 162 52 34 108 7 136 21 95 23 115 119 86 90 104 68 181 147 53 167 88 190 140 196 7 87 200 103 114 52 50 153 197 47
174 54 154 104 96 138 193 171 56 92 66 178 80 129 57 183 20 160 9 97 198 45 136 129 66 128 103 197 58 53 90 165 62 170 192 100 144 88 169 11 96 133 176 155 99 79 7 167 116 108 33 12 153 118 85 2 36 44 61 198 47 28 50 176 82 137 15 110 110 98 109 124 199 20 137 57 189 55 61 175
167 117 33 73 51 181 19 83 46 165 8 19 136 7 6 166 149 192 182 36 134 76 192 15 116 183 137 190 151 145 184 23 115 139 84 159 40 18 27 148 126 193 139 34 20 99 172 78 5 133 164 8 126 125 7 30 23 41 44 119 3 188 76 133 168 139 66 84 23 6 85 35 48 154 30 46 74 189 77 95
122 111 90 174 110 9 187 180 135 142 191 198 181 70 72 115 199 2 80 70 52 48 150 24 64 17 186 151 127 61 28 94 64 145 64 93 53 2 166 182 139 77 28 105 119 87 68 81 98 7 200 159 101 29 67 16 90 126 152 145 35 138 194 113 107 27 91 190 6 109 1 115 61 116 186 190 176 178 81 80
113 112 67 145 181 171 14 174 164 15 169 68 124 96 170 72 196 10 82 144 97 93 82 81 19 40 35 70 90 170 87 31 12 192 168 74 67 173 166 118 144 54 139 72 47 199 21 48 174 124 24 190 114 2 173 84 23 200 196 190 80 159 148 126 198 144 1 26 182 111 136 63 89 16 40 105 105 170 3 47
104 40 131 49 63 197 81 191 186 144 94 52 33 41 109 77 168 145 90 20 58 181 146 175 14 190 106 187 27 45 93 146 54 31 151 147 11 107 91 186 125 162 160 161 35 54 13 44 131 16 197 152 192 180 184 188 170 56 19 156 198 160 68 113 142 134 25 154 7 73 83 104 72 174 54 67 172 75 100 58
118 1 7 62 176 187 63 39 16 82 186 34 140 92 46 131 6 74 17 64 151 131 108 180 123 53 5 61 158 44 102 96 82 200 79 195 159 141 56 13 99 12 170 52 181 153 23 63 74 43 142 190 124 105 14 39 156 21 39 156 63 95 101 159 26 122 140 37 151 2 161 89 65 200 39 39 199 48 134 166
31 50 134 34 72 145 152 198 142 45 161 25 55 7 88 63 103 200 112 57 34 177 47 137 120 110 109 14 118 187 44 21 110 143 88 96 176 60 12 60 143 69 170 151 131 174 146 38 109 94 179 47 60 115 184 50 103 147 71 189 168 166 119 36 179 60 114 200 91 151 13 125 191 98 194 159 59 178 77 94
43 20 37 137 118 182 189 73 47 78 197 143 192 189 185 120 99 150 100 189 138 24 65 155 24 90 137 61 25 19 42 12 71 96 180 35 24 15 153 79 175 28 76 13 181 52 200 112 2 102 161 20 34 26 182 136 80 96 59 95 196 119 185 83 68 28 139 154 49 61 68 87 150 2 86 13 33 32 44 190
131 5 13 130 98 137 78 157 116 191 170 176 1 84 159 39 121 198 69 167 66 84 131 18 123 189 121 170 106 63 114 146 69 170 154 149 82 70 159 37 32 43 144 103 34 15 124 151 180 80 161 63 151 122 52 58 22 186 46 61 106 12 93 158 84 14 61 91 35 29 144 126 102 55 10 77 200 14 141 147
184 27 136 121 67 73 50 14 134 13 172 146 2 111 188 40 184 175 163 1 78 130 119 83 95 109 152 82 185 161 39 22 170 184 99 74 6 85 31 39 161 195 22 40 19 77 73 176 18 17 139 163 49 36 42 166 91 106 50 1 57 174 51 35 149 46 177 16 6 18 163 67 59 4 178 94 121 190 73 21
96 105 21 125 79 78 167 69 29 141 118 150 197 190 8 26 175 29 75 170 47 16 199 151 58 3 55 116 151 175 15 35 18 132 186 64 166 12 21 87 92 112 56 55 153 130 75 114 92 28 120 20 64 27 158 180 48 180 99 52 137 12 148 71 89 141 195 51 110 197 4 62 25 29 155 55 118 44 138 197
110 33 73 200 110 133 197 143 12 1 151 171 42 198 4 200 186 37 119 184 127 134 84 16 48 95 177 12 128 94 185 28 136 82 138 188 194 46 101 6 31 156 56 200 32 147 168 71 135 144 158 176 11 86 139 34 125 62 193 81 122 149 59 165 63 10 96 169 114 182 51 141 111 163 149 1 50 8 103 49
130 200 18 123 67 121 119 129 43 51 156 4 75 144 149 26 64 195 140 11 98 157 96 7 185 83 138 55 19 121 194 61 105 134 55 98 104 99 187 36 85 123 132 148 192 33 70 130 125 119 151 34 20 9 147 64 47 94 199 48 41 144 28 26 65 151 51 126 102 79 92 174 22 79 155 14 24 146 101 45
24 181 113 148 120 131 126 2 46 12 83 72 196 105 42 101 195 21 80 39 141 138 61 156 106 40 19 188 100 141 128 71 120 44 148 82 164 37 128 82 199 167 51 117 183 32 32 195 138 200 10 69 85 56 67 58 169 175 13 95 82 172 68 53 189 164 26 112 99 75 174 54 126 165 143 188 42 122 124 12
154 117 45 39 150 182 198 102 187 171 136 54 146 194 39 61 80 168 179 120 194 53 62 127 47 133 118 170 174 174 45 8 79 76 104 148 47 4 107 47 105 140 161 83 107 59 16 123 30 178 196 182 51 175 17 154 155 41 75 182 72 162 129 98 67 65 166 18 22 172 151 131 56 99 98 197 84 7 80 146
36 139 137 134 41 173 54 140 101 184 123 110 146 101 32 54 97 146 139 123 33 77 93 181 22 50 69 118 51 115 150 111 192 157 160 69 91 114 193 123 44 62 157 186 181 177 29 67 77 130 134 76 128 91 97 109 194 94 42 84 157 84 120 162 38 186 151 87 138 184 133 127 36 109 170 178 173 17 119 156
169 148 38 109 162 181 1 150 15 174 75 103 162 58 164 26 117 100 173 170 68 131 105 74 140 193 50 102 186 136 104 171 167 70 15 83 109 74 162 152 8 191 8 119 140 70 147 153 132 189 174 2 37 172 185 169 154 128 132 52 154 92 166 199 194 80 19 197 95 14 88 27 63 70 86 124 101 117 159 32
7 83 156 73 106 198 189 38 27 35 56 63 162 138 139 35 162 115 11 91 176 90 122 96 41 36 48 3 98 87 170 73 105 98 22 5 145 49 10 33 12 166 180 134 121 139 30 23 40 150 113 137 136 118 156 158 121 92 150 7 58 89 5 173 72 184 149 99 62 78 77 195 156 187 33 152 192 88 172 28
166 17 100 114 180 119 24 148 172 189 189 142 85 108 101 100 195 29 13 52 134 63 29 33 116 121 161 148 126 102 93 53 69 173 70 189 50 85 83 51 55 71 30 121 87 50 155 74 38 18 147 57 169 84 149 57 173 97 118 119 65 25 36 162 58 177 59 45 24 126 118 170 182 160 138 144 130 187 12 200
97 81 106 44 134 189 75 70 22 56 130 168 112 89 110 16 137 41 27 175 1 128 162 120 122 41 136 149 63 155 132 27 126 174 181 116 182 133 133 23 90 183 14 185 104 119 184 51 177 39 65 179 28 103 3 1 195 102 183 117 185 178 71 41 189 143 155 126 73 93 112 23 177 113 189 173 9 58 166 38
189 53 182 179 74 72 116 172 67 175 107 37 79 65 107 39 134 151 154 26 180 199 21 31 54 119 111 80 112 113 14 19 133 183 76 96 47 66 144 125 160 23 77 159 119 175 172 70 163 194 2 169 46 122 36 178 142 193 176 71 67 109 29 178 71 142 65 15 114 57 78 192 126 158 99 165 45 21 172 88
28 55 191 109 75 172 169 16 11 21 157 200 136 129 183 184 165 167 163 81 27 197 157 90 147 25 170 83 100 34 75 176 166 143 53 72 150 47 177 88 121 26 131 105 107 64 155 63 88 72 178 45 115 71 94 18 16 117 166 110 154 127 144 1 72 166 197 172 90 84 102 189 141 25 57 104 166 82 90 120
145 76 31 76 188 56 127 137 75 198 18 168 179 29 97 111 9 27 125 197 108 34 29 111 160 81 132 111 18 189 142 72 164 55 182 59 89 99 133 106 199 54 151 80 171 124 84 78 22 5 85 52 94 24 17 182 8 128 10 151 30 14 154 13 138 185 180 45 7 113 108 98 46 177 167 144 26 172 61 183
168 50 176 115 191 92 3 113 191 179 19 96 111 40 158 131 80 1 127 30 55 107 57 52 35 166 30 92 140 184 60 142 52 51 125 136 160 38 192 63 195 111 72 199 140 67 96 130 80 26 70 85 52 10 177 18 186 169 7 123 23 28 65 141 113 37 166 97 34 101 175 130 1 133 93 160 7 86 23 6
189 130 3 12 77 114 81 154 137 54 93 103 120 199 123 35 136 166 40 138 88 155 20 104 51 2 74 74 87 118 169 24 125 11 53 144 39 188 99 200 58 54 176 141 155 119 46 75 169 100 168 72 36 190 138 98 113 78 164 50 128 105 11 77 164 53 171 19 127 187 191 109 175 20 80 194 160 88 163 151
105 197 102 184 83 54 176 153 26 82 13 137 140 49 119 78 155 118 62 33 190 65 44 9 116 55 196 55 180 164 72 193 133 200 178 143 154 6 150 165 101 71 79 191 72 92 139 43 105 19 42 39 106 80 139 132 110 58 12 141 142 40 180 106 51 155 125 176 40 148 132 38 60 42 187 22 19 68 56 157
4 70 30 135 199 108 129 157 20 52 158 73 186 65 16 33 192 25 114 200 19 52 30 133 53 94 170 87 132 57 73 5 194 133 97 132 53 29 158 192 41 196 82 49 131 159 198 183 178 51 71 49 72 178 132 62 183 54 60 7 184 158 199 194 1 185 42 185 88 111 13 121 74 36 9 85 69 128 122 134
67 148 67 179 29 95 154 7 113 71 1 134 6 9 45 17 149 136 85 199 190 185 29 139 89 16 73 89 147 174 181 65 164 65 74 116 146 111 109 130 24 134 41 90 76 166 134 163 160 66 81 5 100 123 113 161 123 60 82 181 194 105 172 172 168 40 93 160 6 160 199 84 183 152 73 153 13 14 162 25
44 135 42 100 89 197 41 122 54 33 153 184 109 107 41 88 6 68 25 133 107 62 123 153 70 123 120 97 171 48 161 158 103 142 152 153 118 60 178 174 155 32 18 115 6 7 35 113 161 93 144 58 55 83 105 126 186 80 148 2 91 140 15 36 181 130 87 196 171 44 200 131 121 26 184 66 134 197 5 118
37 10 23 191 197 104 16 111 132 75 104 23 141 141 102 80 48 181 159 184 15 54 11 7 157 140 101 106 160 117 14 179 10 67 60 136 139 197 33 73 93 161 143 169 102 14 185 89 23 124 186 61 18 109 57 80 52 165 78 2 188 167 78 11 60 176 87 192 1 173 172 31 144 113 146 99 195 180 39 81
157 160 163 64 75 33 97 69 84 8 29 57 87 2 101 163 27 71 179 73 64 154 20 153 133 41 56 175 80 129 145 199 98 91 27 61 179 69 111 15 7 191 149 40 111 102 194 30 60 62 113 33 26 84 150 190 118 3 64 22 118 116 42 124 136 174 51 22 169 129 122 140 3 64 189 23 95 10 171 130
6 2 11 175 88 192 144 122 153 102 131 135 21 4 34 77 83 116 69 146 172 197 113 197 79 20 52 11 141 135 11 42 158 199 140 199 191 85 41 15 57 105 150 75 45 30 158 1 42 61 166 147 163 4 39 18 198 156 36 15 64 133 189 164 143 182 187 189 118 175 70 119 19 78 164 144 40 189 182 97
91 67 7 181 92 187 125 10 13 7 89 34 32 87 152 89 32 107 53 186 25 104 30 124 105 175 98 131 167 86 200 179 120 145 99 83 43 72 140 2 77 140 39 141 195 25 147 190 193 91 175 8 102 66 159 116 113 133 75 153 85 170 83 32 42 64 85 12 142 184 171 85 103 171 61 32 195 24 123 95
4 70 36 136 14 180 92 101 132 198 46 111 125 140 68 85 198 114 31 149 92 56 177 129 131 137 178 66 63 23 68 89 188 178 89 76 91 33 153 82 102 11 162 113 138 184 79 88 161 129 7 127 27 28 163 108 98 29 107 98 9 85 64 134 3 184 29 55 19 174 195 121 38 47 15 9 138 164 175 148
169 166 20 11 161 133 115 148 36 126 189 166 20 92 94 74 42 60 29 164 120 198 182 14 28 98 70 78 196 28 32 180 34 9 22 158 82 134 74 191 61 138 139 162 54 15 180 18 190 136 199 43 14 22 37 121 184 200 37 126 111 24 192 59 188 106 12 191 132 154 9 104 72 64 28 87 47 153 26 8
89 6 181 170 23 186 76 4 191 176 116 165 125 133 12 16 128 6 27 42 33 165 171 166 15 128 21 20 110 11 141 184 29 184 143 107 104 77 16 144 1 31 6 28 92 60 103 45 29 33 83 136 45 27 78 50 38 3 8 160 140 142 62 195 29 141 39 45 198 65 175 72 147 105 80 137 174 158 17 163
37 189 116 153 29 165 118 171 52 106 145 118 89 130 120 54 74 25 164 118 164 2 60 12 20 19 139 159 153 53 164 8 158 188 168 21 129 190 181 105 45 172 13 117 59 159 17 132 11 92 58 183 69 101 172 58 80 13 111 152 14 175 116 12 142 7 162 39 53 192 7 83 161 169 33 3 68 96 13 147
13 83 166 199 138 159 156 21 170 99 72 131 157 30 77 190 96 85 169 147 136 184 81 148 9 113 160 94 42 61 136 111 149 190 85 28 143 194 49 182 168 164 143 113 96 118 135 28 181 96 84 163 157 5 134 133 76 40 169 112 34 85 153 111 13 75 16 147 8 148 105 45 127 57 90 69 187 198 68 17
138 101 68 171 143 32 151 190 196 17 159 161 98 95 28 171 129 62 170 99 46 126 12 48 94 123 170 1 129 136 20 180 46 161 143 156 139 54 81 191 102 10 65 184 5 111 184 180 49 89 194 181 81 52 99 173 106 37 97 85 28 105 29 44 152 50 92 7 93 76 112 130 195 194 131 131 85 139 42 92
148 28 137 69 110 71 112 111 72 126 189 116 29 43 185 99 107 41 36 139 88 134 111 11 49 148 115 106 113 161 85 2 23 25 125 81 65 120 14 155 89 117 49 11 29 40 163 5 179 32 166 104 28 20 53 55 134 141 121 65 124 67 106 47 79 92 94 96 94 149 61 57 77 32 9 46 32 107 140 59
142 52 199 4 54 90 199 55 73 94 81 192 186 54 101 128 118 174 21 163 24 80 80 179 184 178 144 49 94 151 156 165 91 112 150 7 123 164 172 18 186 104 101 181 135 90 113 15 197 125 17 129 142 25 156 11 7 89 178 78 107 87 145 113 62 134 120 162 174 108 99 56 57 73 153 9 78 36 160 183
98 192 74 189 43 138 37 53 95 127 53 33 41 41 167 38 93 84 44 66 48 118 103 130 78 181 43 171 5 62 188 81 163 86 61 185 54 78 191 200 36 15 138 190 84 46 19 54 151 118 55 140 75 168 14 142 32 71 101 168 7 122 108 94 174 184 152 51 125 26 100 181 173 101 143 37 52 174 68 192
164 4 28 185 164 147 118 50 115 161 84 74 17 78 4 87 38 193 18 161 83 159 10 11 98 33 168 26 174 105 155 31 116 60 93 177 128 30 108 41 136 68 158 52 99 65 63 185 163 46 93 18 178 89 141 99 123 167 59 34 15 198 163 153 62 112 94 160 187 44 94 107 24 43 167 5 134 139 121 59
81 12 161 122 97 60 11 45 139 174 195 135 105 32 181 92 108 192 38 35 1 32 5 182 129 105 67 52 115 109 19 125 170 146 35 172 137 60 197 140 16 104 55 115 95 96 73 173 43 143 6 16 9 119 82 102 188 101 159 189 160 59 31 105 83 192 112 72 55 67 196 102 36 180 122 114 180 128 179 105
44 3 76 155 159 37 159 180 154 52 44 14 170 69 190 176 78 159 59 139 17 198 145 175 140 184 26 197 79 141 13 124 34 127 53 83 167 5 80 130 82 187 2 145 131 54 15 58 7 106 44 66 161 108 106 56 59 185 168 22 51 71 2 145 174 153 47 23 71 82 152 7 147 160 28 143 138 148 122 150
3 96 99 140 39 54 154 73 4 15 135 187 104 6 22 133 19 154 124 152 95 91 44 59 144 30 75 69 31 22 89 167 177 125 17 58 136 81 82 111 193 72 39 191 142 56 135 138 58 118 155 92 153 10 193 47 117 152 26 85 81 60 176 181 195 179 125 77 185 4 112 95 138 173 153 163 1 16 112 16
34 192 9 79 30 68 77 93 108 71 145 176 171 73 70 21 34 54 168 100 59 147 93 43 164 195 8 104 64 184 97 38 15 105 145 54 151 110 68 182 159 135 190 84 173 200 157 112 46 124 141 83 147 73 127 74 153 24 172 48 161 129 73 58 114 11 65 34 9 171 9 200 81 79 28 71 189 104 89 48
169 165 64 82 83 74 156 57 6 4 33 15 24 138 88 183 7 99 107 103 26 93 49 96 88 182 66 167 171 141 42 148 98 199 101 186 196 161 185 88 124 28 24 61 149 117 20 69 144 119 18 26 98 115 1 72 168 27 117 163 137 66 69 48 136 156 181 143 11 121 44 175 124 162 83 141 61 175 112 9
78 12 146 140 23 178 77 145 41 114 102 86 137 59 168 184 109 133 123 39 101 57 58 166 79 166 191 183 67 185 16 9 7 84 53 167 159 141 102 161 106 2 186 30 199 45 57 74 186 42 34 139 114 122 71 58 41 94 22 59 93 155 97 184 140 163 195 132 3 191 39 162 21 6 169 176 81 159 175 63
151 148 16 8 94 55 51 166 43 30 163 5 145 40 92 42 185 99 98 39 83 71 142 43 180 88 15 185 162 39 80 140 29 88 17 103 171 147 84 97 13 55 156 91 112 18 64 47 148 57 141 86 3 67 22 103 170 113 136 95 107 186 189 82 4 32 63 110 132 183 164 82 78 150 126 152 58 189 169 3
65 174 87 127 29 95 128 53 165 65 63 64 123 142 158 58 165 123 122 127 12 125 39 176 163 166 145 31 192 161 185 197 41 109 27 8 142 157 40 47 94 18 76 168 27 156 30 17 154 155 38 81 35 192 175 135 51 3 162 180 6 118 180 191 187 76 200 76 104 45 46 186 55 179 143 38 64 85 16 123
42 44 122 24 139 51 66 175 22 175 32 150 176 93 54 82 165 129 135 184 14 64 87 140 47 157 21 135 185 85 174 75 63 177 81 156 16 79 169 64 161 177 162 102 107 72 55 85 131 145 81 110 24 24 7 104 64 160 20 53 65 7 34 110 154 150 52 73 92 138 31 111 10 32 125 49 3 59 113 181
125 194 174 30 132 33 39 139 3 99 81 178 141 85 42 28 119 96 75 187 161 123 111 56 177 100 134 35 137 60 130 66 42 123 165 37 130 168 6 19 70 102 1 103 88 1 99 191 139 76 175 32 67 124 10 191 55 197 15 54 20 5 134 10 185 104 3 199 144 72 102 145 4 178 173 111 47 120 86 12
105 102 134 109 17 110 129 141 24 58 168 75 40 53 109 144 179 50 90 161 98 80 170 140 172 178 192 186 17 156 134 38 178 82 77 194 114 152 126 131 10 108 19 181 62 72 175 155 22 60 42 180 151 165 80 154 162 16 196 86 189 43 56 83 56 40 52 163 61 158 146 176 57 156 96 141 191 55 188 110
46 80 131 29 146 125 88 4 75 27 160 181 150 57 35 54 71 99 173 190 192 99 3 37 53 63 133 25 51 54 108 16 1 49 197 147 88 134 117 184 38 96 13 126 28 141 189 5 110 138 199 83 191 168 45 19 72 183 6 176 149 89 128 180 157 133 165 145 23 150 78 194 104 26 39 21 24 35 111 143
68 157 119 160 108 181 106 60 172 107 12 37 180 18 60 91 40 170 156 172 189 200 87 124 79 77 95 114 84 169 114 168 8 123 82 34 173 21 56 42 169 141 128 148 148 29 156 181 67 58 92 13 126 140 167 88 66 174 90 145 196 99 97 125 14 85 113 125 81 96 42 101 33 168 74 193 88 99 33 9
195 163 120 174 189 100 56 2 48 164 162 156 93 47 92 107 81 16 78 68 140 97 153 124 136 6 97 109 33 55 101 90 122 194 52 91 136 188 37 113 117 185 154 105 148 17 6 77 56 193 61 184 69 140 12 72 68 72 7 142 168 156 177 91 133 64 192 9 72 84 147 102 74 156 61 137 89 88 140 144
182 178 130 29 147 126 31 89 113 57 149 121 75 119 50 118 168 131 73 160 171 120 128 142 194 188 66 50 58 182 108 75 27 124 123 56 33 67 99 111 39 100 143 118 188 78 152 83 178 46 126 8 97 7 24 53 169 137 116 161 183 136 27 4 122 191 40 15 72 125 187 137 200 53 111 126 165 39 168 115
