90 	
5	19
1	2	4	172	5	
1	3	9	823	9	
0	9	2	432	2	
1	8	8	629	5	
0	3	9	616	3	
0	3	9	590	8	
1	1	4	342	7	
0	8	1	817	5	
1	5	6	12	1	
1	2	5	611	6	
1	8	5	114	5	
0	9	8	561	9	
0	4	2	872	3	
0	4	3	601	6	
1	6	4	90	8	
0	5	1	80	9	
0	6	5	383	2	
1	4	7	41	6	
0	8	2	261	8	
1	1	1	96	1	
1	6	9	150	8	
0	1	1	556	1	
1	2	8	416	4	
1	4	2	879	1	
1	1	1	499	6	
1	6	4	646	2	
0	6	3	265	3	
1	8	2	225	6	
1	2	5	714	3	
1	9	2	207	3	
1	8	8	785	7	
1	7	1	719	6	
0	4	1	326	9	
1	6	4	671	7	
1	2	8	873	1	
0	5	2	567	6	
0	3	8	252	3	
1	9	4	509	8	
0	4	2	101	7	
0	3	5	421	9	
1	7	5	686	2	
0	1	8	566	9	
1	6	4	130	1	
1	2	7	507	2	
0	9	6	603	9	
1	4	7	168	8	
1	8	2	509	2	
1	8	9	633	9	
1	3	9	385	3	
0	6	8	781	4	
1	3	5	681	4	
1	7	9	625	7	
0	1	7	153	1	
0	9	6	323	5	
1	2	7	455	3	
1	4	4	168	1	
1	4	6	60	5	
1	1	2	566	7	
0	8	2	152	5	
1	9	8	48	1	
0	7	3	80	3	
1	7	4	392	6	
1	7	2	291	2	
1	8	6	707	1	
1	1	9	538	3	
0	1	8	879	4	
1	6	9	492	7	
1	7	1	734	4	
0	1	8	165	9	
1	2	8	670	9	
1	3	9	370	8	
0	8	9	379	4	
0	9	4	314	8	
1	9	5	861	7	
0	6	5	483	4	
0	4	6	712	1	
0	4	5	444	4	
0	4	2	621	9	
0	3	7	35	1	
0	1	8	353	7	
0	9	9	79	8	
0	9	2	118	6	
0	2	3	565	7	
0	8	3	8	8	
0	2	2	439	6	
1	2	6	123	2	
0	2	9	671	1	
1	3	4	454	6	
0	7	2	543	3	
1	6	6	637	4	
128 114 28 9 156 101 155 168 126 62 193 13 2 187 35 88 53 102 70 28 42 174 139 184 91 27 93 62 107 115 118 146 46 36 109 144 44 184 55 25 131 35 62 126 192 169 12 151 64 172 186 113 164 129 56 20 170 139 49 108 1 3 101 57 149 155 180 42 200 161 121 19 81 15 180 46 189 40 167 11 45 83 31 152 196 49 174 27 124 92
170 186 46 124 156 135 128 52 143 110 30 190 99 40 112 156 121 72 72 178 87 119 70 95 23 109 13 4 70 119 9 108 160 65 62 140 176 186 198 53 126 48 24 164 150 32 95 26 11 41 51 29 104 197 127 44 117 16 1 113 67 187 199 47 163 47 128 175 112 90 195 7 70 132 127 107 158 195 147 53 105 104 109 140 26 98 80 173 188 166
80 135 183 43 102 146 54 152 142 76 39 17 20 52 187 82 191 159 116 5 173 106 30 137 51 197 141 139 107 137 183 113 148 187 133 112 145 25 30 101 154 31 17 29 105 48 40 73 160 143 134 189 73 136 167 123 97 43 15 64 96 155 4 5 66 37 110 134 156 182 105 198 93 182 39 24 146 156 61 91 196 128 115 80 155 184 176 165 156 129
86 163 51 168 31 150 64 128 4 58 133 144 51 8 26 29 188 122 16 43 163 26 199 50 83 156 109 98 107 30 41 17 169 64 6 165 73 50 51 158 93 92 1 136 65 189 3 168 72 182 80 60 168 170 44 50 139 183 22 190 176 49 60 26 38 94 92 187 96 41 101 106 90 147 149 42 58 74 140 159 132 197 98 32 35 92 144 98 92 6
115 5 189 19 104 21 116 58 158 173 29 169 184 21 151 62 96 44 124 84 104 148 17 86 68 69 82 24 113 123 3 158 117 170 9 153 147 80 142 120 192 175 109 48 41 63 150 180 29 124 157 82 61 166 18 4 23 157 173 91 125 138 102 128 177 147 171 194 53 67 47 31 134 191 132 167 28 40 25 107 163 12 114 107 114 11 160 10 15 176
110 8 114 70 44 30 6 193 194 127 24 40 74 196 28 197 195 55 12 46 19 85 71 131 150 87 11 35 179 59 47 110 128 191 58 45 56 60 77 28 151 145 136 105 51 83 149 85 141 21 32 137 163 5 86 103 178 31 154 7 176 35 59 154 194 130 152 79 91 117 38 118 131 33 151 112 95 106 122 193 155 195 141 191 196 200 47 100 152 59
174 7 127 133 80 32 107 104 112 15 87 73 180 88 79 160 124 160 46 143 13 177 80 152 39 146 164 70 92 197 141 149 157 158 119 188 17 188 125 104 126 173 193 159 11 135 103 91 173 120 190 143 177 61 152 7 175 199 80 104 195 126 70 80 10 168 46 92 26 73 33 131 41 86 72 85 18 135 195 165 189 177 134 105 34 91 54 16 15 77
181 176 112 56 17 26 90 43 101 82 101 125 198 111 92 112 189 104 155 39 168 29 70 185 184 24 128 53 98 104 135 41 83 139 130 32 149 84 1 190 178 79 157 104 190 187 174 112 183 187 56 143 152 90 171 83 84 36 108 152 189 183 89 112 124 149 14 59 8 62 109 71 194 171 15 166 77 51 176 165 29 67 166 151 88 53 89 123 163 107
177 103 97 193 60 175 117 116 55 191 159 180 140 153 134 156 43 162 101 144 198 66 59 7 122 154 59 10 66 41 1 88 139 90 134 53 47 53 172 83 115 112 90 80 197 52 18 53 43 88 53 127 153 55 44 124 84 101 197 126 165 188 27 58 179 121 9 14 55 190 78 186 73 97 103 168 129 127 54 171 105 52 149 147 31 138 143 198 198 34
69 79 155 121 181 24 90 92 97 107 86 192 125 38 99 61 134 109 200 95 46 24 170 21 140 107 39 137 90 139 107 61 84 165 165 198 190 93 14 85 21 117 145 1 136 26 25 172 35 47 45 190 156 62 198 67 168 199 90 189 24 181 179 31 56 97 2 82 119 70 145 134 127 67 129 27 136 140 61 81 116 153 19 99 37 174 86 149 29 99
48 2 137 73 125 123 175 28 155 100 175 48 45 108 64 76 34 56 133 193 82 109 109 114 164 106 76 36 15 75 112 162 23 75 127 100 47 111 59 51 78 150 159 63 170 108 40 150 153 110 108 55 167 71 111 189 119 89 71 13 171 149 1 100 126 200 141 197 117 184 57 31 182 43 73 143 4 83 21 98 66 88 12 162 164 28 88 86 49 80
143 65 196 27 111 192 2 67 160 121 186 186 78 124 117 84 30 98 11 190 185 163 18 146 187 95 83 133 158 199 200 183 166 162 16 27 58 71 40 153 15 1 66 147 63 199 129 104 15 136 72 97 85 144 163 194 197 159 173 15 70 66 188 177 54 27 20 25 141 121 16 5 138 149 117 146 94 86 70 28 194 86 79 138 196 5 165 47 163 157
88 183 30 189 130 26 145 43 78 3 196 13 22 63 81 59 37 77 11 119 130 140 76 11 158 200 155 47 65 138 19 47 85 132 72 87 107 133 128 121 171 192 97 130 195 123 47 62 120 95 99 51 44 8 96 190 6 77 179 72 63 74 133 9 17 86 44 40 64 138 5 195 174 5 30 77 74 5 145 179 28 112 30 73 38 88 28 7 156 194
121 121 46 185 40 85 131 21 163 97 10 157 10 179 24 108 155 5 94 194 181 190 185 135 15 71 66 123 109 90 167 127 97 144 96 153 113 28 68 126 60 145 139 143 72 177 122 178 131 77 151 176 88 176 43 125 79 191 95 77 155 100 77 192 45 32 76 85 168 96 189 5 89 197 56 32 35 80 98 107 184 156 71 154 13 104 110 58 88 183
32 30 6 190 2 166 165 56 77 105 46 43 47 139 71 167 124 104 29 34 73 73 75 82 134 63 30 30 45 57 197 97 189 148 188 10 182 176 162 58 31 127 185 89 62 124 4 158 173 7 137 5 91 178 174 47 116 192 196 156 100 15 117 20 189 105 149 138 174 87 148 94 154 18 200 132 90 93 134 163 63 115 50 93 98 76 38 145 20 90
31 42 11 43 85 196 74 64 53 89 69 58 20 198 10 131 117 141 70 92 98 66 81 81 85 122 151 107 114 10 113 119 90 134 24 162 80 60 47 162 74 160 32 180 52 167 55 166 1 32 193 130 58 39 46 30 23 50 181 98 175 157 69 106 111 192 113 26 36 24 42 48 143 36 28 28 143 10 32 24 17 10 19 29 133 29 161 183 5 67
121 99 33 77 160 96 68 107 115 174 55 122 154 5 75 115 97 12 40 117 119 124 176 192 141 29 132 137 57 95 9 98 34 164 196 10 88 164 168 190 172 93 194 57 100 19 186 195 4 44 83 178 123 72 102 189 158 133 94 189 30 170 33 140 39 188 90 99 9 19 58 3 146 13 23 112 52 172 101 83 76 136 79 94 99 181 16 63 7 71
163 46 136 185 112 29 160 185 139 138 25 171 194 159 70 200 176 2 168 55 97 116 66 166 180 75 111 77 105 136 51 180 10 146 118 88 143 132 61 52 57 16 154 182 4 166 18 83 131 47 151 43 191 180 23 120 126 27 12 50 104 130 27 57 146 116 189 78 133 110 101 1 77 151 46 65 125 144 130 179 135 15 96 135 103 157 79 77 147 50
95 28 51 46 57 169 20 46 94 8 172 187 19 120 16 117 103 188 95 156 150 165 46 145 80 40 11 167 126 110 13 29 96 45 194 110 170 132 110 8 115 120 159 99 184 35 3 76 55 180 54 167 68 96 166 189 177 80 96 105 177 140 87 176 33 140 87 58 163 59 155 49 3 35 193 108 13 123 181 139 180 70 2 47 156 7 40 66 12 160
25 44 61 111 91 106 167 68 74 70 149 18 167 20 71 13 150 35 53 106 150 120 154 69 178 51 9 96 180 67 191 60 182 44 18 99 171 16 98 13 119 132 96 150 71 124 96 60 39 61 114 125 93 192 94 105 103 111 116 141 179 162 95 72 68 169 33 200 34 187 57 65 159 93 29 43 117 115 196 1 11 67 20 177 124 48 59 65 193 184
192 58 44 72 61 56 180 100 17 25 20 53 59 85 42 183 30 63 158 171 147 118 86 91 59 120 188 38 102 53 194 167 16 104 55 35 162 88 53 46 91 151 106 110 40 66 156 48 188 45 138 66 2 35 72 27 132 172 94 137 195 124 168 7 181 87 184 113 162 33 75 80 34 118 43 51 21 25 194 137 16 63 133 79 100 54 130 155 143 200
121 140 192 171 38 71 87 114 125 18 189 192 44 189 33 164 167 93 92 59 184 80 51 108 163 37 51 25 74 150 20 194 191 49 156 135 80 69 89 102 10 122 84 32 71 84 197 162 95 199 8 104 23 88 94 24 22 180 164 114 35 24 159 145 119 27 143 24 146 143 133 197 70 115 194 195 7 133 63 126 198 56 57 62 52 72 195 41 184 26
135 199 57 147 121 117 183 172 25 35 42 177 163 128 143 172 64 138 81 3 129 143 102 141 29 72 25 17 56 96 119 65 41 139 10 40 7 90 51 105 139 19 18 140 49 70 161 20 57 121 101 158 142 23 163 160 150 138 171 178 144 13 163 101 141 89 191 1 62 87 15 50 57 51 46 6 23 117 73 92 160 108 75 139 165 15 172 11 41 131
69 125 67 182 75 149 190 7 195 45 16 138 161 83 35 109 137 130 160 173 78 131 106 115 88 187 192 28 8 101 102 11 98 135 188 128 31 134 174 18 119 11 50 110 83 74 181 64 44 149 128 141 163 47 174 138 123 36 20 142 45 191 92 26 189 175 57 167 95 152 133 51 200 154 70 126 134 197 83 91 16 200 78 78 9 124 56 86 39 50
176 50 98 110 64 38 40 97 83 50 15 109 124 116 151 108 177 101 132 134 72 174 71 49 121 7 166 103 197 60 36 163 150 152 44 82 199 72 178 171 118 183 161 160 136 69 52 122 114 130 57 94 199 151 59 134 169 31 108 102 24 103 159 154 29 119 85 127 79 59 185 122 37 20 106 127 6 51 150 174 119 190 2 83 86 93 21 58 191 4
147 191 114 185 109 145 36 29 66 6 34 157 197 25 24 97 125 129 139 166 76 93 127 102 52 15 128 47 45 102 118 33 161 174 54 20 124 139 43 80 130 163 5 165 43 84 197 191 24 157 121 83 23 116 69 151 191 172 80 95 103 62 128 80 162 39 119 163 75 139 21 193 79 15 122 22 193 180 38 2 161 25 191 192 71 56 77 154 156 72
88 138 174 46 131 149 39 41 69 198 85 169 59 138 29 76 98 183 12 119 194 105 179 123 138 41 94 142 41 107 113 82 86 190 4 136 93 113 145 95 39 25 111 172 78 136 53 142 26 66 80 63 78 109 82 34 21 151 26 179 177 152 186 5 49 98 150 192 182 155 28 107 33 198 44 27 163 42 129 24 8 34 161 44 106 132 80 179 37 47
152 103 78 85 64 142 55 146 124 138 15 84 102 38 149 88 142 111 190 59 28 129 8 182 188 38 15 62 179 195 77 165 50 114 120 81 197 35 98 129 62 62 65 62 140 92 41 195 33 48 122 73 143 104 153 117 197 67 139 53 165 197 16 177 81 109 138 25 18 108 183 25 68 112 152 84 58 161 154 24 61 93 119 148 94 64 17 93 186 189
128 78 135 166 146 178 59 178 91 141 116 178 36 127 47 95 91 79 195 83 38 197 184 96 145 137 7 183 142 67 111 198 47 155 22 194 144 194 26 167 61 79 55 36 40 42 162 109 89 12 20 120 25 66 32 80 106 38 8 179 95 42 5 97 131 56 152 123 174 163 111 157 86 40 188 119 10 121 84 179 186 149 68 94 101 83 52 41 180 180
181 61 110 151 117 51 76 182 27 124 179 109 136 20 17 178 88 121 93 57 47 5 50 154 182 184 119 184 13 98 40 149 5 140 67 3 103 195 102 141 174 36 3 8 88 124 8 60 176 20 200 38 3 91 122 42 104 190 112 146 176 199 180 189 128 3 133 36 197 94 146 170 93 71 169 180 138 85 142 30 126 4 130 92 19 45 98 17 56 47
94 124 42 80 122 83 169 112 38 149 3 97 14 37 88 115 120 81 81 55 54 58 177 182 92 102 169 187 136 21 180 47 150 197 63 179 107 95 60 51 153 191 179 22 88 108 116 95 19 8 84 86 122 42 163 54 9 123 108 4 195 189 32 97 32 157 27 180 129 24 99 181 32 20 80 86 14 58 53 93 137 190 177 58 3 80 7 79 141 170
145 106 13 198 161 88 61 158 105 74 22 80 40 57 83 14 119 108 168 37 21 22 191 198 44 168 96 79 101 28 163 87 156 46 10 110 112 9 78 143 194 28 200 168 123 15 85 5 1 93 27 178 18 181 109 48 12 60 98 129 86 200 157 151 147 40 75 54 8 38 168 135 73 65 47 54 59 105 57 4 139 85 113 119 51 83 106 193 97 193
41 198 122 170 129 31 168 196 192 42 107 173 120 121 112 116 159 55 149 113 195 142 93 165 124 119 82 89 53 144 106 20 143 34 33 103 187 7 174 68 151 49 184 177 59 82 181 200 21 116 153 59 139 92 149 19 153 110 128 184 43 88 95 181 131 35 135 137 144 140 16 35 25 19 47 21 148 86 82 69 95 14 190 55 7 139 5 10 51 53
74 121 100 107 101 179 98 129 149 56 161 199 164 11 32 138 172 88 110 186 5 27 74 198 195 53 130 150 62 1 169 37 98 51 44 85 168 32 155 36 195 171 3 73 2 117 95 135 95 105 65 165 131 146 80 45 12 123 99 126 106 12 68 113 22 84 114 86 142 159 86 113 35 147 69 47 79 62 105 29 77 52 15 27 79 77 120 35 18 67
21 3 112 63 4 155 83 101 160 93 27 169 53 198 117 129 50 9 100 28 17 136 51 6 50 147 176 75 102 183 155 30 90 60 118 157 164 124 12 10 192 72 35 198 169 82 155 167 107 65 12 123 4 134 160 3 108 111 26 124 136 77 56 165 21 141 153 48 35 13 144 93 48 13 125 152 47 12 29 32 168 29 2 181 190 119 188 137 150 196
88 200 176 86 18 41 122 177 181 90 125 74 51 138 159 41 131 179 150 50 132 31 125 120 152 17 57 3 120 138 126 108 124 44 178 139 113 161 66 67 103 138 118 181 126 85 64 82 119 110 184 136 145 16 49 4 94 179 9 167 141 1 9 158 192 179 133 24 174 56 37 105 17 94 44 33 125 140 71 98 99 28 72 94 58 142 143 177 144 122
128 56 31 167 184 19 70 12 107 77 196 100 84 167 174 87 192 199 140 157 126 181 63 159 199 13 193 187 92 108 107 16 188 44 172 81 17 136 163 44 31 18 181 25 101 27 94 67 68 40 191 2 107 82 78 128 182 66 72 47 85 189 118 48 33 135 188 151 58 73 83 25 184 33 152 58 53 116 166 98 50 178 190 174 17 7 36 116 8 6
71 123 125 148 159 119 74 199 69 161 95 113 22 145 181 122 128 20 139 85 133 5 197 43 95 26 139 140 116 2 19 16 195 52 59 28 173 118 138 197 40 30 42 7 134 130 17 128 90 126 96 29 194 50 3 43 153 178 147 24 97 179 158 77 85 28 167 180 11 37 162 33 152 86 104 198 96 15 137 152 15 37 2 117 115 95 177 128 56 120
90 137 172 68 58 187 10 183 7 106 74 86 82 64 12 136 180 25 26 121 179 79 92 67 164 92 62 176 80 139 20 122 45 57 110 140 164 181 23 169 169 53 135 39 173 197 78 30 41 165 26 49 106 58 18 9 27 69 17 34 74 95 57 173 89 200 125 200 188 78 26 81 80 42 26 100 179 87 103 39 120 98 150 26 50 180 101 30 14 72
59 53 47 88 186 100 37 139 134 58 182 193 131 83 64 149 45 98 24 127 188 39 32 177 176 90 177 193 76 49 45 60 55 122 101 106 81 39 127 92 16 52 198 170 78 195 176 156 60 162 80 51 32 147 104 37 36 36 169 69 138 104 43 92 123 171 75 130 16 197 29 96 61 171 81 156 108 37 60 170 9 175 198 163 165 10 153 146 177 82
172 26 173 157 77 129 161 108 83 133 54 147 186 165 67 89 121 16 200 68 173 74 196 55 160 51 193 166 117 181 33 169 83 123 94 107 171 26 103 151 84 63 171 186 124 36 119 158 98 166 116 106 197 181 105 80 30 57 110 53 36 121 135 172 79 115 119 127 177 181 182 14 91 68 42 141 111 153 110 189 96 50 69 106 2 90 71 28 67 99
170 135 83 4 107 89 71 35 139 106 42 66 84 141 141 14 113 196 118 54 147 66 99 117 128 196 170 163 32 125 87 188 83 76 92 5 130 61 27 180 70 55 110 34 84 114 107 103 138 131 46 21 55 190 188 63 178 175 171 77 50 72 123 95 61 102 134 118 30 196 176 153 77 158 12 102 35 48 129 177 77 13 134 197 11 107 136 48 58 192
87 156 69 111 124 62 139 184 195 68 54 78 44 120 114 194 67 62 124 28 9 181 116 107 17 192 8 65 89 27 55 134 1 29 171 41 147 179 5 155 151 61 165 161 109 191 97 36 148 157 43 55 37 189 28 194 108 8 21 1 167 185 100 112 148 31 17 112 121 63 81 29 24 15 131 10 24 157 101 103 128 38 163 154 192 126 60 100 98 85
158 156 147 8 111 175 21 114 105 167 84 178 102 50 35 57 42 20 44 159 154 139 65 159 131 126 51 83 146 182 52 130 42 44 64 131 43 22 194 75 50 157 171 103 200 129 122 75 71 116 57 65 148 33 135 154 74 113 40 84 72 134 60 37 18 116 19 7 114 166 150 24 88 140 114 162 45 41 199 109 168 109 149 187 164 57 144 122 17 32
27 18 54 112 55 49 187 85 46 150 54 183 59 189 148 25 155 107 73 9 103 7 77 177 132 35 153 193 21 41 87 124 57 170 113 136 23 141 180 71 105 177 56 95 165 94 163 158 199 64 13 31 157 23 1 23 11 78 23 38 77 74 147 7 80 125 183 102 38 191 16 166 134 46 14 52 39 105 102 105 150 132 39 80 69 39 68 189 17 96
121 81 60 65 158 133 48 162 146 175 140 16 185 164 167 151 10 178 1 61 3 90 156 117 23 43 6 65 88 73 95 135 182 159 90 76 148 82 174 106 21 136 50 185 67 152 116 170 82 129 158 101 65 179 40 2 24 88 123 61 88 174 135 136 97 179 32 117 145 149 170 199 20 197 28 152 130 55 64 148 132 39 101 18 183 118 109 70 191 97
123 25 122 66 49 168 124 14 138 196 97 65 17 123 71 51 162 93 86 16 183 19 22 86 186 43 168 191 171 190 32 105 115 112 68 114 39 125 141 82 90 88 187 182 196 145 29 52 136 146 193 108 138 179 157 108 71 121 125 19 146 129 4 133 75 64 160 47 66 106 139 169 107 144 80 46 77 111 75 82 43 73 185 94 47 117 79 21 92 43
164 63 166 117 142 28 45 111 91 84 91 154 14 133 4 108 1 34 64 175 76 102 87 82 12 95 6 69 90 126 1 173 45 125 127 80 149 152 167 119 179 189 195 1 105 168 86 119 162 200 78 128 56 185 22 42 183 108 157 5 93 145 119 43 57 120 116 87 169 79 42 27 113 55 122 17 1 82 79 93 170 55 184 109 153 186 133 55 6 103
45 173 60 126 115 135 163 99 31 18 113 9 163 114 68 119 8 52 86 20 12 143 149 107 140 76 95 86 36 27 91 77 146 146 132 82 76 88 67 155 87 41 42 46 141 138 185 139 33 182 195 115 24 186 182 167 171 53 178 27 28 148 111 117 44 185 33 123 60 70 111 8 149 39 118 4 154 91 120 10 97 171 128 80 172 155 8 121 152 61
185 196 104 33 49 125 11 66 88 14 31 134 184 24 1 165 69 146 123 48 37 179 124 57 190 101 5 108 125 39 100 12 66 8 77 21 17 40 133 113 195 180 27 21 150 91 136 119 145 200 55 33 185 185 45 177 99 93 167 142 124 193 28 50 78 1 84 87 68 38 40 175 82 191 70 167 102 66 17 89 200 28 115 151 183 12 136 173 150 164
35 10 97 115 1 187 77 79 160 37 83 7 35 115 127 40 180 192 70 163 90 100 14 191 150 48 27 88 131 8 84 86 84 137 176 182 58 193 122 85 38 111 103 99 141 117 65 170 22 10 45 156 57 64 98 60 71 46 154 90 74 102 3 72 65 93 195 8 5 171 68 119 200 147 31 62 55 116 102 198 129 118 96 89 101 19 187 10 8 180
30 153 131 56 188 105 10 38 25 91 68 22 23 48 6 55 96 115 2 66 34 76 20 20 43 170 144 138 177 196 97 124 128 38 162 86 85 92 199 76 21 4 116 31 48 35 51 174 181 91 96 81 117 22 53 138 75 154 159 1 114 54 144 180 93 114 160 30 72 112 33 154 152 18 31 197 95 112 56 158 187 154 57 177 5 127 198 21 140 92
30 21 40 91 44 163 107 75 47 46 87 57 13 50 33 65 82 115 21 3 31 46 23 39 64 23 84 191 51 145 11 7 122 86 124 63 73 145 44 13 40 77 103 21 1 83 197 25 149 8 135 159 108 82 108 122 31 101 22 121 21 123 29 64 146 179 58 131 142 37 143 86 5 71 36 31 86 48 10 175 60 106 112 183 6 86 148 8 75 58
91 68 14 38 43 21 133 98 157 108 111 99 6 47 84 53 45 20 24 28 83 19 66 133 63 51 200 165 129 134 72 20 152 80 200 112 66 63 197 123 100 35 96 116 130 146 81 45 3 8 86 154 94 162 13 52 18 53 199 113 168 24 47 71 55 6 200 124 42 33 130 194 14 146 183 61 25 195 11 17 46 17 128 182 77 24 122 188 120 112
140 92 153 85 182 89 98 100 12 197 122 162 16 89 94 154 31 11 5 163 80 41 102 22 13 90 56 161 58 63 108 77 92 90 51 147 139 14 33 11 72 103 86 74 153 45 137 39 45 24 64 47 1 40 111 77 130 21 134 25 42 139 22 38 23 107 127 84 15 155 140 53 111 126 66 43 49 152 47 63 119 110 40 54 189 18 186 137 157 164
178 149 89 166 8 126 198 8 29 176 189 186 42 188 140 142 163 58 178 193 69 84 49 88 168 167 173 100 25 124 135 138 58 149 145 75 87 185 60 26 60 140 34 38 63 124 98 58 135 144 57 78 46 96 110 178 96 90 79 1 31 193 114 30 147 200 86 41 29 88 2 145 16 119 135 141 9 102 175 87 51 86 92 17 145 157 76 130 8 166
117 19 158 56 59 147 193 34 156 39 17 178 144 128 92 109 45 125 32 15 182 8 6 140 166 12 128 77 101 93 61 54 28 46 91 127 131 23 189 102 57 42 146 136 15 61 193 62 119 92 97 120 118 165 32 39 142 159 136 66 147 65 119 124 149 188 166 99 107 199 41 67 192 49 121 128 9 134 83 117 90 67 34 12 135 139 140 172 31 67
160 31 97 37 150 65 149 175 36 42 114 200 26 118 180 197 146 144 103 134 106 150 134 37 12 53 94 33 111 117 26 146 52 47 93 59 13 179 66 174 130 83 111 8 3 13 64 132 27 168 51 144 1 76 45 187 65 130 2 23 13 135 60 4 88 57 111 195 94 174 56 110 89 192 196 59 20 136 99 135 23 8 112 187 178 54 129 101 49 187
93 46 83 6 74 146 193 97 34 89 8 164 6 162 118 49 90 30 66 90 66 77 96 127 3 191 11 173 4 156 71 110 155 140 5 13 170 195 173 14 23 146 194 91 98 14 66 36 33 106 78 103 8 92 36 169 148 54 67 122 162 47 63 9 121 146 47 82 140 130 86 142 129 191 14 67 183 68 29 32 32 80 158 60 48 55 80 76 135 147
114 161 48 62 141 156 58 161 21 145 181 31 83 88 175 22 145 133 65 120 2 6 54 107 14 63 153 107 43 195 179 78 93 7 146 108 99 173 77 181 39 125 5 50 24 1 69 1 14 93 77 102 20 84 128 155 127 175 112 69 177 194 119 41 101 126 137 144 34 16 86 142 2 38 131 170 98 183 30 10 16 185 61 79 106 149 109 62 82 12
15 168 44 180 66 49 167 124 199 59 39 41 51 182 173 121 181 73 106 19 111 44 60 4 46 67 88 101 55 136 47 89 137 176 3 174 26 112 60 75 116 122 97 109 131 16 120 197 129 13 5 68 57 148 97 200 117 40 148 140 113 49 191 72 85 17 6 43 19 193 170 12 14 62 50 6 101 15 178 177 41 95 113 95 199 61 43 47 3 97
193 129 132 37 165 42 38 41 171 73 169 176 44 30 49 38 189 114 59 182 6 42 111 29 95 118 155 27 192 154 82 77 104 193 135 152 50 26 115 48 159 51 168 133 59 95 163 16 96 101 193 80 200 79 27 144 53 155 72 105 90 130 58 65 199 120 87 105 76 194 145 80 175 111 40 127 172 100 69 91 151 64 32 9 158 12 15 126 172 188
54 92 137 121 174 55 12 146 128 129 153 133 110 119 177 114 26 135 158 170 129 192 18 8 150 110 2 195 16 65 126 116 191 5 200 187 145 35 34 176 103 39 159 96 2 16 24 161 113 155 93 101 141 81 143 25 3 173 66 8 105 70 188 11 60 58 165 180 119 42 17 17 100 165 174 133 125 157 189 122 99 143 122 1 189 82 175 34 15 13
195 85 76 156 151 183 161 96 103 167 133 193 130 27 1 68 65 43 11 54 181 103 104 192 180 157 127 26 3 96 200 123 19 177 128 131 135 71 132 83 46 106 79 35 189 38 140 130 135 112 124 43 61 23 113 35 96 61 47 180 64 85 65 190 92 179 128 44 197 179 45 30 107 21 101 122 26 90 87 146 64 106 187 169 182 103 165 39 191 173
156 130 107 121 41 26 148 56 43 41 192 73 42 149 49 120 83 179 80 61 184 72 68 39 17 149 34 122 26 161 89 181 181 174 173 47 192 97 171 37 96 164 69 196 44 52 142 12 151 131 79 73 114 120 2 193 155 44 31 98 200 3 72 157 33 102 115 187 158 3 47 185 26 57 166 152 78 106 132 21 190 40 29 171 44 166 30 56 188 18
143 61 102 153 142 78 177 65 150 54 145 135 191 200 28 86 111 41 103 50 88 32 2 56 130 142 176 198 129 68 118 40 48 109 100 23 193 84 165 71 186 102 6 135 185 192 198 121 27 25 25 8 78 71 62 172 159 146 57 101 65 156 8 20 137 78 74 17 7 88 79 178 149 131 15 22 24 86 66 172 93 65 101 131 35 11 72 84 147 146
130 43 20 27 121 196 181 136 182 191 6 33 24 8 83 196 11 73 116 100 90 128 182 113 32 72 166 44 21 91 117 96 66 148 114 192 168 105 149 69 118 49 72 66 95 67 185 116 167 76 31 93 13 23 102 82 112 25 124 61 43 78 33 81 31 119 147 36 18 7 162 181 190 197 38 200 60 58 98 133 115 65 60 193 137 97 166 129 44 31
45 158 26 126 145 27 125 23 200 144 71 151 125 56 95 8 63 103 157 140 26 153 26 199 182 79 8 100 155 60 188 113 98 197 84 8 101 75 148 197 1 23 171 77 162 173 89 98 4 110 32 78 185 19 114 190 47 16 100 139 30 117 143 125 123 47 56 113 26 61 75 148 182 64 136 66 68 76 97 66 158 159 72 189 42 40 63 182 46 105
70 153 10 75 111 55 46 10 99 140 136 19 177 38 194 86 49 154 193 40 138 122 192 53 102 124 195 81 180 78 102 167 181 142 153 40 148 95 167 162 44 64 78 43 14 104 66 79 13 79 88 155 71 134 1 17 19 171 76 146 21 2 46 10 98 53 41 109 45 87 119 80 43 178 101 49 59 52 188 187 145 6 173 7 117 37 76 187 195 43
180 88 41 74 122 38 26 72 124 54 129 191 83 88 11 68 14 179 193 21 64 186 149 135 32 107 71 152 65 7 81 175 189 37 66 15 139 160 26 15 88 81 183 147 42 94 6 174 107 125 145 79 29 191 176 166 175 6 146 63 106 176 152 85 53 55 136 153 78 137 41 143 127 84 115 117 132 170 44 195 48 197 117 32 67 159 97 170 15 82
144 118 186 69 155 33 7 20 55 70 145 117 189 158 97 140 40 179 147 137 153 25 4 163 186 47 124 144 112 89 30 98 146 51 154 186 50 109 126 8 118 13 186 180 42 139 79 136 6 76 200 75 122 163 18 65 194 175 155 39 36 178 186 104 192 85 200 191 8 169 192 82 112 12 83 117 165 176 21 28 104 30 136 43 61 137 48 161 165 157
68 171 66 48 32 141 181 32 154 38 200 9 78 186 63 92 54 19 119 14 28 99 70 29 39 85 103 138 66 110 19 55 54 109 63 29 175 27 166 142 65 29 95 94 113 53 152 32 75 13 56 93 144 183 14 166 104 12 199 76 40 160 105 200 160 161 23 72 152 26 123 38 57 170 126 73 189 77 170 55 66 139 182 51 121 154 133 195 160 127
72 55 128 84 136 87 161 125 18 61 96 134 97 136 43 111 142 11 123 16 174 33 113 170 91 97 168 96 17 197 185 107 85 119 136 193 189 61 198 160 102 160 1 69 86 107 147 136 196 76 133 122 145 9 106 72 14 136 160 54 111 1 14 88 65 25 90 88 119 126 136 52 108 46 107 66 87 186 135 148 38 70 104 77 181 114 128 12 154 20
80 173 1 38 87 127 20 7 100 125 122 49 18 68 165 57 128 129 120 89 71 22 103 193 21 40 86 149 129 66 67 161 6 172 102 36 84 186 118 168 90 152 162 165 154 103 19 133 177 25 161 188 92 31 74 132 189 115 119 10 140 87 110 98 152 156 36 17 26 55 155 190 134 93 117 31 186 8 91 115 120 136 7 17 25 178 147 75 186 13
41 72 75 91 186 78 7 31 93 86 163 141 90 15 171 15 135 11 184 93 178 157 154 89 74 172 134 20 75 94 94 12 29 178 84 28 115 15 40 11 130 20 140 72 11 94 172 34 196 50 131 8 192 121 161 147 179 74 158 82 22 163 156 173 21 94 191 163 179 190 115 16 128 155 112 188 161 13 22 153 123 144 63 113 16 132 180 84 11 149
189 55 144 58 65 195 53 175 61 35 75 161 150 192 121 137 141 72 147 187 32 106 87 55 148 55 44 6 30 191 180 36 125 109 75 52 128 75 29 193 32 119 92 107 116 197 55 132 168 162 193 141 36 61 140 150 129 69 34 79 61 98 172 133 93 17 89 5 55 168 73 9 3 191 179 95 2 155 38 105 38 59 26 124 3 196 106 74 56 131
174 147 8 16 60 186 42 98 160 172 31 98 70 130 167 199 138 133 116 164 87 86 144 145 151 88 34 193 170 2 99 174 185 128 168 23 40 199 52 114 140 88 74 33 158 34 99 48 198 125 91 31 1 136 62 198 134 37 24 51 169 169 63 192 22 121 120 97 137 155 174 129 84 173 63 97 48 141 126 104 194 44 22 162 77 52 4 168 19 113
6 52 142 76 118 141 28 58 70 6 148 42 36 7 137 62 108 189 78 147 58 109 19 89 137 197 147 75 90 84 65 73 29 200 4 183 151 186 71 193 35 168 154 140 34 31 106 25 200 200 56 79 141 116 67 86 90 32 131 57 137 81 31 191 95 31 100 38 123 11 76 195 53 20 152 102 124 99 169 35 171 54 171 20 186 89 83 130 102 146
175 113 119 100 33 131 131 55 26 47 136 40 81 9 150 48 116 63 127 175 181 16 199 11 151 159 95 51 1 6 36 67 14 2 124 100 47 198 10 83 63 146 77 144 76 59 1 77 101 78 193 49 185 105 64 20 176 41 172 182 199 101 15 196 50 165 52 85 152 134 180 30 131 35 129 63 132 16 155 160 93 37 78 125 112 87 62 137 53 117
123 32 143 56 25 188 190 132 155 125 142 101 107 107 177 147 40 157 48 109 169 176 116 95 74 158 6 93 55 6 37 66 24 103 33 14 25 41 157 183 109 85 32 1 65 135 146 46 163 162 135 63 68 77 139 131 98 119 200 115 4 30 34 73 184 78 55 43 145 117 132 73 101 136 107 143 18 45 35 144 2 47 41 38 58 47 190 195 121 42
198 28 123 16 189 129 192 27 128 189 196 104 15 188 55 179 11 176 153 108 79 32 164 156 37 17 131 20 10 65 38 15 78 25 53 159 148 37 106 98 74 80 90 119 18 69 73 13 29 16 38 88 85 177 102 52 197 100 77 69 99 52 56 153 49 149 11 71 127 167 111 26 170 110 178 26 34 3 43 199 13 123 146 116 198 166 4 57 29 177
36 155 82 129 42 117 76 28 65 103 150 177 160 36 27 2 51 181 101 18 23 136 170 192 170 47 45 12 135 56 16 192 36 70 65 123 96 103 51 186 23 26 146 170 33 160 12 5 133 39 35 157 27 179 118 167 19 20 85 196 176 162 198 76 15 54 78 153 156 136 1 154 79 60 192 162 67 88 120 120 31 16 23 114 130 84 151 27 170 134
183 76 25 134 61 155 181 198 85 51 14 49 181 164 130 76 154 179 49 193 10 107 20 26 192 33 116 41 37 18 67 64 2 38 9 166 120 182 175 130 182 19 143 66 55 85 110 180 166 196 83 112 71 88 175 103 140 58 28 30 32 107 101 136 199 140 4 110 40 156 168 165 47 145 55 183 94 112 43 10 14 40 39 132 133 72 76 184 193 25
138 139 168 57 149 65 86 195 38 106 146 98 184 150 130 20 58 9 185 34 134 110 125 103 118 27 96 64 56 108 63 104 17 37 115 126 152 139 101 105 181 120 185 141 54 117 21 150 45 149 60 118 191 14 125 155 30 64 127 164 107 18 139 90 139 146 155 49 51 145 98 82 84 73 30 147 42 22 9 108 76 196 114 52 189 147 188 52 132 130
141 181 134 162 127 7 119 117 104 19 116 73 193 110 47 160 115 194 171 121 107 8 171 13 70 26 86 107 43 1 50 118 68 123 107 88 39 123 42 28 110 183 30 147 196 120 159 194 131 86 127 47 6 118 92 145 38 22 141 104 9 121 175 141 9 75 63 16 160 19 26 63 199 13 97 115 181 69 72 110 166 155 157 56 190 128 81 117 133 100
27 69 128 17 148 152 110 78 151 119 62 100 112 46 200 133 27 89 113 174 13 116 29 45 60 10 135 23 3 172 189 91 196 79 92 156 23 1 154 108 119 13 29 52 4 15 140 62 60 173 187 42 44 21 112 49 43 65 64 107 96 107 111 47 139 25 45 4 38 25 64 88 154 142 58 190 51 167 183 134 189 161 171 36 69 85 168 142 35 57
41 197 7 175 113 105 185 2 57 116 23 112 195 56 70 16 147 62 151 9 92 169 149 92 41 21 140 99 145 52 7 116 190 116 163 180 77 131 35 57 91 181 57 149 173 16 127 92 155 157 127 68 184 194 175 154 39 87 180 15 147 8 27 96 108 116 42 110 96 154 130 154 59 151 23 146 100 53 120 197 57 102 152 146 38 95 33 122 46 56
67 165 85 18 21 3 187 6 48 125 150 81 166 36 154 93 194 50 158 104 174 173 51 165 131 38 161 46 49 89 21 192 175 177 169 183 67 132 188 165 162 144 3 16 139 160 158 150 60 128 187 182 109 65 127 75 43 120 156 32 23 193 45 159 46 81 184 35 2 17 133 24 150 187 105 6 190 79 126 27 20 21 167 82 178 23 138 164 73 41
105 141 153 159 135 100 115 144 134 82 124 41 148 24 138 64 73 10 47 153 117 21 109 35 39 181 38 118 15 49 193 173 48 30 10 165 136 87 73 43 190 103 51 152 159 176 156 60 103 22 93 170 29 134 19 84 172 3 48 45 86 66 100 87 92 94 53 13 47 153 7 132 30 10 184 108 184 196 171 85 62 176 128 87 78 93 23 166 71 24
163 185 171 30 15 103 99 112 163 130 149 151 20 126 49 91 148 100 127 200 50 97 15 19 168 149 103 133 104 34 177 38 144 124 95 53 18 180 185 62 77 89 74 35 195 132 103 178 199 9 169 80 120 144 70 192 72 170 34 53 109 109 9 34 27 142 24 161 68 159 186 110 10 183 98 46 15 9 34 79 91 171 31 168 52 186 167 105 53 49
144 60 44 30 146 77 165 112 82 193 126 69 134 188 169 79 169 72 17 135 139 135 108 146 96 54 199 179 110 192 129 91 10 26 20 161 197 52 48 94 137 68 79 176 31 126 105 122 23 51 136 179 172 117 94 166 141 132 68 101 168 137 139 105 102 200 117 169 148 180 29 28 167 60 70 39 112 198 115 138 82 103 33 112 136 97 170 76 168 173
