10 	
3	15
1	8	4	14	7	
1	2	8	56	4	
1	6	5	67	1	
1	8	3	44	2	
1	4	2	74	9	
0	2	1	80	7	
1	1	9	58	8	
0	8	3	12	4	
0	7	9	24	7	
0	8	3	7	4	
15 116 43 73 166 90 198 59 170 124
161 130 66 16 118 162 169 37 3 157
83 26 5 131 45 161 197 154 147 61
76 40 12 94 40 23 18 22 192 99
41 16 46 36 188 93 32 124 93 151
155 105 131 93 38 63 193 139 81 64
70 139 53 45 28 169 61 88 61 134
159 173 110 59 149 32 95 147 44 142
192 143 47 193 179 24 189 10 180 88
8 7 195 111 95 197 2 110 107 1
41 11 53 160 163 99 95 100 3 177
