10 	
30	34
0	92	2	104	5	
0	7	1	155	9	
0	56	1	75	4	
1	81	2	200	8	
0	61	4	175	8	
0	66	5	17	4	
0	54	3	19	6	
0	44	8	305	9	
1	82	1	90	9	
0	80	5	40	2	
179 122 28 31 56 137 56 139 99 117
70 10 196 181 53 124 107 22 99 119
179 88 198 182 14 84 99 146 169 97
58 69 30 163 197 164 53 191 127 121
83 183 64 3 159 59 48 160 114 93
82 1 28 14 96 92 116 31 25 138
28 125 6 124 174 115 72 141 70 45
26 54 89 90 114 194 43 143 41 91
149 36 2 59 93 125 108 184 130 181
38 121 71 88 37 84 5 1 109 118
137 20 150 41 12 34 179 167 160 80
