50 	
58	83
1	60	1	3012	1	
0	85	7	2200	9	
0	6	8	625	2	
0	90	2	2574	7	
0	42	9	871	4	
1	87	1	2368	2	
0	41	7	2061	2	
0	58	4	1380	6	
0	71	5	1071	6	
0	11	3	1001	7	
1	17	5	987	4	
0	7	2	4078	8	
1	22	7	2399	6	
0	43	8	816	1	
1	52	4	2586	5	
0	39	8	3117	2	
0	19	3	2210	4	
0	46	2	1412	6	
0	22	8	3413	4	
0	5	1	2893	6	
0	39	4	1257	6	
0	70	5	3313	2	
1	84	2	919	1	
1	54	3	1214	1	
1	29	3	459	6	
1	37	2	3769	8	
1	30	3	1669	7	
1	17	7	4173	9	
1	53	8	850	5	
0	45	8	600	1	
1	41	4	1778	1	
0	53	3	611	2	
0	19	8	2433	3	
0	28	7	3108	3	
0	2	3	2008	8	
0	91	8	4122	9	
0	88	6	3287	5	
0	48	9	2655	2	
1	27	4	3422	5	
0	49	8	2989	3	
1	53	5	4536	3	
1	19	6	3741	2	
1	57	6	4188	9	
1	99	1	3240	6	
1	62	9	2470	4	
1	58	7	3568	3	
0	3	6	3598	3	
0	76	8	2185	7	
0	71	7	3147	1	
0	74	2	4572	5	
130 101 74 150 194 19 174 53 128 187 152 23 145 44 16 195 200 198 116 17 61 37 178 164 29 7 173 138 138 89 164 68 120 105 31 41 26 83 13 112 34 85 94 57 108 54 55 51 18 109
81 195 26 57 99 172 62 74 169 171 156 1 94 43 157 128 194 126 13 73 58 41 80 41 24 154 97 133 146 171 77 169 177 46 99 187 169 95 38 177 13 135 175 7 149 123 52 197 89 88
116 34 26 200 159 188 166 44 110 68 9 59 100 61 115 185 148 115 162 121 140 124 83 16 96 134 108 28 16 98 145 177 96 53 189 12 103 94 156 55 33 136 29 143 164 131 130 8 140 193
58 63 102 11 5 30 178 61 1 163 94 199 158 41 50 148 53 36 52 170 186 7 30 132 84 138 155 163 145 106 197 106 174 10 28 7 43 107 193 179 155 70 170 22 104 72 178 83 136 140
19 146 86 136 21 98 93 163 50 45 26 153 121 41 195 129 181 89 149 183 26 102 8 43 103 120 169 73 58 193 35 91 150 70 84 51 21 127 78 100 113 63 88 57 110 171 108 7 73 22
92 54 72 134 34 44 85 41 68 7 156 48 198 142 22 42 57 145 58 3 116 105 194 68 18 51 189 80 35 51 107 80 4 192 159 101 22 185 105 169 20 1 151 133 98 20 114 68 179 123
23 11 46 194 103 173 98 67 151 168 62 161 139 101 197 22 125 97 181 133 121 18 112 95 199 188 39 106 32 80 98 120 190 21 186 36 161 20 122 147 4 23 122 30 175 67 56 33 12 114
107 145 162 147 43 147 61 149 44 173 96 144 149 76 180 6 94 159 127 96 47 53 148 63 194 14 88 22 185 59 65 26 199 161 176 37 138 78 171 182 174 49 146 145 38 11 67 124 199 195
56 10 128 143 181 61 38 40 67 185 22 160 102 71 183 69 140 76 13 164 34 54 184 40 170 170 53 106 78 104 163 132 24 46 3 171 35 157 49 53 37 80 128 124 23 96 81 66 127 157
78 81 19 125 84 93 64 14 133 200 115 109 2 89 180 194 60 154 152 47 41 136 148 51 189 55 138 120 88 25 113 38 47 196 162 111 51 59 40 154 23 53 115 21 36 64 56 19 196 107
92 167 82 47 133 173 47 60 8 181 155 29 66 138 84 135 193 2 10 157 160 84 41 179 157 38 78 33 156 2 20 155 24 186 200 20 178 72 74 141 196 68 138 127 171 52 120 186 106 124
145 115 77 63 28 164 104 88 49 85 27 1 198 82 151 132 143 126 56 135 81 144 156 188 130 92 156 14 136 83 28 126 61 187 86 80 7 173 195 159 107 14 124 35 62 17 34 79 50 92
50 117 96 85 67 91 60 12 140 57 184 135 98 62 10 100 138 127 56 128 94 5 61 99 40 132 55 28 22 36 130 83 114 56 71 7 128 72 107 175 54 61 62 142 163 123 64 57 119 109
154 59 123 96 91 84 138 63 103 6 89 79 127 127 19 103 162 120 156 118 161 196 34 71 152 153 53 159 134 163 186 187 163 131 93 94 92 175 191 104 133 159 143 139 43 190 24 62 160 4
102 177 185 9 48 99 82 137 49 155 28 51 168 119 39 176 162 134 128 43 22 179 134 118 68 80 115 32 138 67 49 37 176 130 27 189 113 128 55 151 156 118 95 147 31 85 7 71 136 31
45 81 62 146 11 109 25 171 100 163 128 97 167 31 159 13 32 106 41 107 121 67 197 3 146 79 81 42 117 39 63 22 4 5 195 94 151 150 129 128 132 121 179 194 18 151 49 33 111 65
15 16 91 142 100 89 129 121 138 200 12 118 190 38 180 30 194 124 40 117 176 29 109 152 193 54 85 65 166 171 167 181 131 44 129 82 136 16 94 189 114 117 2 49 78 200 61 100 68 179
174 105 129 71 175 26 62 140 60 41 71 55 160 109 176 122 101 138 62 10 177 154 4 51 91 171 106 84 15 147 108 193 132 53 196 48 87 156 86 93 191 12 75 162 38 74 95 62 175 148
49 58 167 149 173 199 21 16 167 21 37 32 27 197 199 95 81 152 68 144 4 61 151 25 181 114 40 144 44 95 36 130 35 62 63 47 139 29 152 2 184 169 33 95 4 66 192 8 77 95
20 175 5 68 36 126 57 8 115 121 18 42 106 28 174 37 137 7 179 160 24 170 52 112 140 81 16 73 46 177 120 128 184 44 74 28 92 70 31 2 144 108 108 154 26 132 16 76 177 111
125 168 173 40 165 122 145 20 121 168 110 154 8 40 169 122 197 94 145 97 101 26 74 30 28 150 159 91 200 129 107 5 166 86 55 43 117 70 92 72 23 93 171 101 2 11 53 176 54 191
73 117 154 52 110 72 41 78 71 115 72 26 24 189 95 114 21 113 98 2 184 149 57 9 154 58 32 14 40 189 128 6 24 25 136 56 148 192 48 61 99 70 121 36 15 156 123 149 200 64
158 168 126 180 29 30 9 49 23 130 92 31 186 179 33 104 105 60 129 108 22 26 77 122 47 24 65 173 47 98 172 190 179 63 184 12 40 142 183 110 6 21 191 97 28 1 156 148 125 154
112 200 19 66 45 128 174 146 24 71 141 147 152 163 100 21 22 56 161 29 200 40 38 64 52 119 178 93 54 110 116 107 170 89 14 35 140 39 30 96 135 52 19 23 80 94 74 102 126 52
17 83 196 181 101 153 112 30 114 40 21 116 189 55 65 59 85 15 52 71 149 157 104 134 30 14 22 93 92 194 31 143 38 173 137 8 179 80 190 162 134 89 105 52 173 72 122 186 189 174
115 123 13 141 183 164 192 45 160 192 9 17 34 86 122 151 193 30 164 130 46 14 105 129 184 79 99 185 62 72 121 176 189 138 44 55 108 188 19 14 47 71 61 154 5 121 173 51 200 179
15 104 73 47 19 59 16 48 91 137 30 176 38 95 44 1 64 28 20 200 83 155 52 182 48 18 124 75 156 150 178 73 88 20 54 94 17 19 187 60 65 153 75 70 35 40 50 59 141 60
117 129 72 43 104 57 12 175 56 41 106 123 180 68 175 137 79 98 188 121 92 53 11 166 117 2 186 53 76 5 21 128 131 91 42 136 199 116 165 64 132 166 5 181 94 85 80 188 160 158
172 54 23 82 108 101 164 113 186 53 171 25 143 65 50 27 165 183 2 200 148 45 192 97 24 44 188 150 133 174 145 33 48 199 146 61 59 96 182 123 172 172 52 184 62 54 63 72 94 101
196 126 69 179 140 185 43 135 83 28 107 162 100 115 78 171 53 116 35 116 188 161 80 111 198 95 118 51 101 71 105 136 155 35 92 174 119 148 89 138 12 71 19 103 53 116 105 88 58 89
147 53 120 111 24 64 57 155 65 90 96 101 135 3 85 80 60 123 32 133 185 13 147 45 40 4 21 154 31 2 173 85 57 119 180 91 183 144 83 14 89 171 3 93 186 168 118 169 53 163
81 196 85 36 14 13 8 37 71 69 139 150 36 136 1 84 129 99 74 44 173 1 170 56 87 168 39 67 65 91 47 185 84 107 35 144 16 102 193 10 31 72 95 180 38 74 67 141 36 129
29 115 93 107 144 16 111 93 104 106 15 106 45 128 95 111 129 49 12 188 139 66 113 184 184 78 77 88 96 118 51 91 32 47 42 122 82 43 87 42 94 193 170 19 165 34 163 124 66 96
59 59 129 172 132 170 160 130 70 84 70 15 2 25 123 46 188 121 133 32 161 88 39 93 68 139 113 179 116 107 95 49 15 22 103 117 195 128 28 124 60 11 162 117 102 86 169 65 76 77
169 115 28 108 27 47 38 29 188 162 162 48 51 104 96 1 94 34 119 53 134 110 110 79 96 156 25 9 12 136 189 79 4 75 41 171 89 181 171 168 29 122 59 23 176 25 104 139 45 31
115 55 166 57 46 57 69 1 139 9 37 27 38 66 69 125 79 153 64 78 73 39 47 78 188 73 177 84 151 199 150 169 63 149 76 62 104 113 186 10 189 144 10 59 83 142 17 141 98 78
171 100 10 198 89 159 70 193 6 100 109 46 116 44 156 62 114 74 74 32 142 81 124 94 44 48 23 62 186 69 171 88 161 69 173 1 114 174 76 178 154 72 53 74 21 153 182 179 122 150
117 67 13 76 102 176 148 160 34 179 43 126 193 176 13 109 181 138 89 82 2 130 46 174 18 58 51 188 134 189 127 158 115 34 13 8 75 99 152 99 37 147 11 97 198 148 124 111 134 113
45 104 40 9 171 34 6 50 13 109 56 57 134 18 51 159 77 176 6 116 80 113 181 12 18 195 133 29 193 16 198 76 156 136 152 98 67 24 54 143 166 194 70 47 65 35 7 69 145 46
150 161 3 198 147 24 181 100 121 33 67 150 176 48 28 68 100 25 116 58 151 154 114 199 82 41 95 160 96 83 51 146 105 26 137 100 90 2 92 20 9 66 119 91 186 28 16 44 169 118
103 160 25 141 158 95 132 119 114 10 103 110 123 144 60 40 15 121 127 42 191 111 110 170 197 19 58 43 128 65 123 173 125 100 178 196 14 126 67 36 49 48 103 115 166 143 96 7 145 74
184 110 169 145 133 105 181 141 91 178 187 70 9 66 43 49 126 10 12 121 112 128 137 105 178 154 28 186 67 32 86 38 157 158 116 34 17 88 70 29 143 52 90 25 139 57 114 8 144 123
139 117 195 4 169 166 103 99 99 59 68 172 155 129 164 139 105 185 116 57 175 194 155 29 169 8 47 65 83 115 150 171 146 185 126 10 45 56 149 107 108 150 127 168 141 86 60 145 173 160
94 185 4 89 189 147 67 139 90 45 189 142 186 134 76 98 48 149 123 148 8 130 4 72 42 68 159 102 195 193 107 53 200 158 139 38 119 121 93 68 162 70 62 191 23 112 189 56 105 81
198 185 45 119 172 142 6 55 12 180 109 101 150 12 89 14 180 15 159 137 174 16 181 54 44 79 194 99 20 174 167 26 8 196 113 196 35 33 46 78 6 111 9 131 169 136 105 4 106 71
100 143 88 192 18 88 161 76 16 39 111 125 197 16 119 135 40 176 165 109 171 140 139 146 174 194 194 114 45 57 177 116 168 196 45 194 168 160 143 10 78 117 6 26 69 183 195 58 71 93
31 80 6 184 14 53 61 83 137 76 191 21 37 93 12 29 53 17 109 68 179 171 67 164 5 71 197 31 134 178 174 142 132 89 31 170 162 94 67 166 46 42 8 123 198 34 51 153 174 7
2 147 80 199 122 33 115 134 54 79 126 189 168 4 157 145 157 67 119 31 62 161 70 33 20 103 23 180 116 23 150 116 2 137 62 184 76 81 75 113 162 14 61 127 47 187 156 5 172 93
110 23 50 71 157 142 61 58 110 49 168 40 97 33 83 145 95 130 4 1 116 200 145 69 156 135 20 35 54 165 95 182 44 4 137 21 187 37 42 82 154 54 64 100 147 125 200 134 191 44
135 188 132 160 2 191 6 189 161 184 85 76 151 62 187 197 36 18 175 96 170 120 86 172 80 180 87 165 138 146 23 57 51 100 115 30 57 160 11 126 192 17 54 146 56 57 161 149 80 80
70 106 74 193 145 171 2 29 65 190 116 102 44 174 78 71 124 178 18 151 28 68 86 5 161 99 23 114 80 116 182 163 19 90 112 102 85 165 123 23 38 168 181 34 127 100 199 3 76 31
