30 	
1	65
1	7	7	1301	3	
0	76	6	869	1	
0	78	4	713	2	
0	43	2	656	5	
1	74	7	440	1	
1	45	1	1117	4	
0	47	9	1089	1	
1	11	5	849	9	
0	17	9	756	2	
0	48	7	886	2	
0	50	1	1265	2	
1	95	4	1199	6	
0	35	6	1383	3	
1	23	7	67	9	
0	70	8	396	4	
0	67	1	401	5	
1	92	6	1255	9	
1	23	4	701	8	
1	86	5	361	6	
0	56	8	140	4	
1	53	3	455	9	
1	29	4	685	2	
0	90	7	901	9	
0	26	2	1236	4	
0	65	8	1094	6	
1	36	9	1465	1	
1	31	5	299	9	
0	79	8	898	3	
0	26	7	1295	2	
1	88	3	840	9	
51 9 152 104 172 83 38 200 103 131 172 162 64 21 28 137 198 21 55 60 8 149 58 32 95 53 57 11 11 36
200 43 155 137 96 89 154 177 3 97 176 1 124 25 158 132 134 90 61 20 64 114 188 133 115 85 108 34 104 122
156 83 40 198 77 93 16 181 40 96 61 18 151 56 68 132 141 85 117 48 97 129 102 193 172 56 189 140 36 80
20 167 127 103 160 116 69 182 29 8 196 144 13 188 107 122 36 85 108 180 80 43 131 16 12 146 111 46 132 155
179 165 71 137 67 146 86 194 140 86 89 112 188 113 23 59 186 5 70 5 122 114 176 171 20 47 87 163 164 57
2 174 75 169 89 83 44 111 185 133 29 25 129 197 88 22 32 125 56 111 38 172 90 74 1 43 186 89 90 164
47 152 24 189 28 65 167 128 168 101 134 112 193 157 107 82 83 113 129 175 179 24 52 70 65 42 72 97 33 107
82 10 162 184 17 75 28 38 8 17 43 89 100 136 123 156 39 106 127 107 194 42 34 180 20 179 182 145 196 24
137 133 88 167 82 65 11 150 42 67 81 186 180 111 44 69 69 82 133 138 35 121 106 108 25 184 146 61 82 94
141 195 129 49 164 145 157 114 17 132 30 42 124 199 105 42 46 31 60 98 103 165 69 84 67 126 198 77 149 116
30 197 39 2 72 181 135 198 109 13 142 189 29 132 132 63 139 120 14 190 129 148 95 13 149 93 86 144 22 94
119 135 12 78 141 123 120 195 165 83 14 42 159 46 10 155 63 164 115 163 68 104 44 185 97 20 99 104 160 95
24 10 143 107 128 196 15 86 6 138 93 59 98 180 141 50 179 90 2 61 71 22 180 83 30 96 151 16 133 60
151 140 113 85 49 8 61 127 81 70 41 122 111 97 179 75 65 97 172 58 136 174 130 179 137 22 84 153 7 18
200 82 13 34 149 16 98 4 83 172 101 167 42 27 93 197 28 116 105 199 61 80 9 105 124 167 134 66 99 55
41 66 26 84 91 131 54 37 116 139 104 146 16 60 91 62 191 135 196 12 53 83 11 200 151 160 122 29 3 149
160 24 117 74 156 66 62 200 39 8 1 190 114 188 86 151 152 45 2 46 35 125 179 73 23 13 71 3 27 47
78 12 131 6 63 136 9 121 63 137 76 141 116 2 26 184 58 175 71 185 93 127 197 6 8 22 140 3 185 77
150 178 101 17 181 56 129 142 160 22 1 40 23 152 144 122 92 76 13 75 11 112 1 84 13 162 99 59 101 159
29 184 138 120 51 149 66 83 90 54 61 98 46 56 137 193 97 73 130 114 136 66 45 24 77 88 5 65 57 141
57 124 64 136 50 53 162 48 133 111 97 92 188 65 87 185 164 64 17 40 150 58 62 195 126 142 100 60 8 161
42 138 132 49 107 101 80 126 69 1 134 140 200 141 120 79 23 151 73 63 2 102 70 59 76 158 70 136 31 33
30 88 85 110 198 1 138 124 158 53 181 2 110 61 2 47 199 23 175 153 39 7 147 101 125 103 96 162 72 91
196 121 77 47 105 70 124 30 152 154 188 114 194 7 45 76 96 12 28 121 102 27 5 22 123 186 76 23 44 138
107 179 76 5 151 125 48 69 39 115 128 33 14 160 129 13 189 48 195 193 180 137 163 169 147 191 106 163 56 192
83 109 47 152 142 63 140 133 177 49 15 12 105 26 60 67 159 48 172 177 127 119 155 95 179 83 112 82 9 2
78 97 108 118 67 117 25 79 192 138 4 26 158 16 77 67 112 127 84 127 40 155 49 69 86 176 142 180 164 95
64 184 114 61 75 28 53 114 64 178 57 198 44 131 26 29 15 19 112 172 122 14 63 73 8 190 158 59 153 127
187 193 65 29 71 103 98 151 138 50 147 191 124 61 81 121 130 14 7 99 11 110 4 97 189 159 3 142 84 147
98 84 1 170 139 191 183 24 36 86 6 63 48 75 90 151 26 191 126 106 152 37 78 100 99 21 114 111 73 193
79 147 147 7 143 78 106 171 127 82 128 131 188 96 89 145 14 21 85 134 106 54 43 127 177 41 171 37 94 13
