70 	
7	11
0	47	9	2512	5	
1	82	2	1601	9	
1	80	7	4652	7	
0	73	1	6403	4	
0	98	6	522	3	
1	48	2	5725	4	
0	44	9	269	4	
1	23	2	375	7	
0	39	5	4493	3	
1	5	9	1083	2	
1	76	6	6335	5	
1	76	8	490	7	
1	44	9	1249	3	
0	63	4	802	4	
0	98	2	2192	8	
0	55	6	1944	7	
0	23	4	5097	1	
0	97	1	3948	3	
1	22	8	1759	9	
0	87	1	816	1	
0	72	8	5042	3	
1	37	5	4509	2	
1	53	6	436	1	
0	15	4	2940	6	
0	27	1	6446	8	
1	46	6	5492	6	
1	45	5	6016	9	
1	87	9	4342	6	
1	75	4	3986	6	
0	13	2	864	6	
0	19	2	4325	2	
1	22	1	5082	5	
0	48	1	4093	1	
0	18	3	6692	6	
0	51	7	1337	7	
0	97	1	3863	2	
0	47	6	1754	8	
1	5	7	4494	2	
1	45	3	6680	2	
0	63	8	3498	3	
1	2	9	4583	9	
1	19	3	2053	9	
0	89	9	1992	4	
0	5	5	3452	3	
0	39	1	4023	9	
1	55	4	3889	9	
1	24	6	545	3	
1	89	3	4938	4	
0	59	3	4405	6	
0	64	5	3631	5	
1	99	6	2556	2	
0	9	5	1974	2	
0	83	8	2299	7	
0	45	8	4565	7	
0	81	8	2874	1	
1	35	9	2300	6	
1	79	1	3281	2	
0	11	8	6451	6	
1	48	8	2553	1	
0	25	2	4264	1	
1	21	1	6025	3	
1	26	7	5435	6	
0	58	6	6083	4	
0	80	8	1366	3	
0	12	3	4843	1	
1	9	1	418	4	
1	45	1	1047	1	
0	6	7	1433	3	
0	97	4	1837	4	
1	5	4	2791	3	
142 73 173 192 48 193 99 156 19 134 75 184 53 61 35 154 136 86 150 9 72 180 197 11 120 109 117 52 169 98 160 116 149 64 145 39 63 33 165 10 63 168 90 146 24 62 185 51 168 154 134 137 184 182 130 154 185 153 148 13 109 167 95 200 151 129 6 88 171 148
127 58 152 23 155 112 103 187 155 133 139 105 111 79 187 45 98 63 161 29 160 64 64 66 66 132 108 143 181 91 138 114 27 161 135 37 71 138 54 24 87 187 120 115 1 150 86 176 164 196 138 17 178 120 196 160 144 43 3 157 199 120 48 112 42 139 185 105 121 196
161 128 76 93 23 54 185 183 100 120 84 153 30 166 96 26 157 15 199 105 160 28 116 20 186 119 162 199 131 139 145 164 155 73 186 74 31 48 86 133 157 42 141 136 107 166 149 28 147 121 46 112 94 172 80 150 30 152 80 43 82 146 138 11 12 111 166 108 166 150
199 185 67 128 3 136 112 92 181 182 188 129 168 122 161 153 124 62 149 43 85 29 138 97 36 22 40 45 23 150 191 170 44 150 172 147 22 161 183 84 165 101 108 63 191 68 109 80 151 85 148 98 88 21 187 150 156 141 108 187 80 135 16 109 10 62 45 50 25 2
175 41 57 114 139 23 199 82 63 4 131 72 7 96 151 9 97 71 94 120 123 180 183 193 15 136 111 92 67 137 129 64 167 153 96 79 136 30 190 107 18 58 28 53 27 44 179 111 133 24 74 109 169 189 169 148 86 32 88 169 4 117 52 88 148 16 149 109 126 142
149 24 191 195 32 52 21 44 88 7 41 94 13 52 24 178 120 2 13 153 4 83 185 146 17 129 115 159 51 60 64 200 3 71 163 69 68 23 83 48 172 152 148 156 127 8 77 15 109 143 109 64 111 189 149 60 192 125 166 82 108 14 164 134 67 176 194 166 9 80
100 62 49 18 103 197 12 62 39 109 196 83 47 15 54 118 22 141 32 146 67 38 163 132 78 13 43 193 142 73 115 127 164 38 32 31 128 197 87 43 160 45 98 158 40 71 165 28 187 126 19 77 86 155 187 30 137 66 34 149 129 102 75 63 21 188 95 62 156 134
97 43 38 95 48 186 77 96 26 82 179 96 31 82 155 75 188 140 53 166 161 194 113 179 40 120 19 89 8 118 111 78 52 200 74 53 126 94 151 75 121 9 134 123 34 185 97 168 155 146 62 121 132 157 77 47 3 173 198 54 101 57 116 117 54 26 188 189 90 190
72 11 56 9 40 192 7 117 194 4 34 44 173 173 16 176 174 116 45 123 188 114 9 189 156 26 147 11 185 116 9 12 98 13 123 19 55 166 65 149 78 15 91 90 194 129 65 74 59 137 163 198 16 183 199 12 89 189 40 10 106 153 189 87 42 147 1 7 144 111
179 148 157 192 4 29 90 114 34 35 10 35 116 106 55 198 67 102 115 39 75 96 66 59 70 169 104 132 15 41 145 23 128 51 171 182 48 49 172 125 67 111 68 143 64 11 152 178 199 104 75 161 175 146 46 56 199 178 78 116 18 178 167 74 44 2 43 1 36 100
56 21 64 32 94 84 181 165 55 49 56 195 40 184 10 7 9 115 25 196 14 166 168 176 126 43 1 157 97 190 24 80 82 130 147 105 108 63 200 165 9 75 109 128 67 132 198 187 155 35 145 17 124 55 115 120 94 17 113 142 188 184 127 51 189 117 139 117 174 38
107 200 142 181 100 182 112 6 185 71 20 84 112 190 163 114 83 77 29 126 40 13 95 194 186 32 198 112 47 200 188 122 11 193 185 189 16 188 1 25 168 56 5 100 184 10 121 117 94 156 73 79 7 83 8 37 197 80 181 168 117 113 183 110 98 71 103 38 82 79
134 95 199 126 143 171 84 91 73 26 68 65 154 64 41 22 122 127 135 191 190 46 162 178 98 110 58 43 120 107 90 195 13 17 136 87 63 116 28 197 155 166 150 174 108 181 45 200 36 70 94 62 2 26 24 4 79 32 185 193 87 191 24 18 103 79 45 66 92 135
66 106 61 111 3 132 200 79 21 168 118 107 92 164 174 100 103 118 19 114 178 156 173 41 90 5 62 141 157 180 30 22 33 79 62 58 37 110 110 59 23 16 12 144 128 17 197 38 81 106 138 75 67 190 50 157 86 184 87 41 180 29 15 39 53 65 77 57 92 167
48 189 48 119 129 197 23 137 191 16 28 27 57 103 57 123 161 30 139 26 89 84 125 93 6 99 139 141 94 180 196 198 138 185 26 11 163 136 179 135 134 107 65 61 73 37 161 188 86 116 138 137 9 181 125 125 107 145 12 26 69 62 77 170 194 34 171 198 75 129
136 59 78 47 69 125 127 160 20 107 21 54 12 14 4 115 163 38 126 38 19 140 20 10 25 5 133 20 101 102 143 194 122 195 20 146 171 178 30 112 158 155 113 120 181 180 92 175 28 77 184 193 41 135 127 36 26 117 20 30 58 141 23 77 163 67 24 171 114 57
158 9 156 69 64 101 13 95 164 126 123 10 121 137 35 31 160 47 148 113 156 40 84 76 21 57 16 124 200 56 90 78 15 164 42 194 138 18 12 143 133 45 179 160 150 108 157 24 6 6 167 67 127 69 157 72 46 134 169 130 192 180 196 91 5 73 94 136 16 183
131 3 55 122 72 18 167 155 116 16 130 89 64 102 59 113 27 48 176 106 14 10 44 177 198 27 166 156 143 60 71 178 70 113 184 43 84 114 104 22 39 11 190 11 120 39 15 73 172 21 159 89 182 96 28 114 141 19 60 144 12 148 128 23 9 106 147 8 145 200
33 120 41 173 25 77 64 171 96 119 137 199 162 71 103 44 191 127 29 188 145 157 67 137 72 87 66 177 173 179 160 100 87 123 144 183 35 178 141 194 46 187 12 123 159 173 103 117 182 67 198 159 82 106 48 96 175 75 47 95 163 139 179 33 135 165 166 30 189 188
89 192 165 63 2 124 192 169 121 29 172 62 35 89 63 84 36 30 175 64 166 67 143 138 33 173 127 182 141 56 55 136 117 125 26 77 40 127 10 101 46 78 145 197 57 185 13 53 25 155 161 179 13 142 124 93 57 155 74 112 121 143 192 76 80 46 53 54 61 15
190 18 153 114 89 25 124 142 37 197 7 13 39 35 163 49 139 148 125 68 103 145 194 18 179 128 176 197 18 76 68 14 15 3 69 16 132 71 65 19 183 26 82 53 149 63 97 200 109 132 155 133 101 122 6 34 37 159 62 75 184 129 123 156 106 21 149 87 46 186
7 118 114 104 172 23 187 85 14 147 93 99 42 2 144 43 13 49 51 43 15 154 148 25 40 106 13 98 168 42 63 65 45 60 70 196 191 153 130 95 67 101 151 11 63 135 150 11 117 33 191 41 85 183 25 179 167 110 155 180 37 120 167 89 30 10 120 139 133 171
188 72 100 36 140 164 81 129 188 163 48 152 6 64 11 96 13 160 5 88 154 94 140 106 168 161 69 13 137 13 114 107 199 81 185 50 100 147 72 92 103 27 72 177 91 25 75 1 155 186 115 149 70 54 180 49 169 184 102 45 12 180 36 174 112 38 26 126 148 84
75 194 20 72 128 187 107 56 151 69 74 153 57 14 95 196 12 93 64 189 24 7 112 71 198 130 75 35 158 149 112 160 2 104 29 69 31 26 188 35 186 50 46 46 174 120 122 173 146 119 75 126 101 146 46 6 177 123 128 92 152 186 91 183 122 73 60 160 89 131
39 88 133 75 86 192 165 93 189 58 173 135 161 49 60 56 46 33 26 200 53 109 179 102 189 36 11 105 44 16 19 101 189 36 145 82 64 75 169 25 163 142 26 103 156 17 173 121 93 173 164 121 65 189 48 46 80 189 108 29 118 151 66 144 25 192 117 96 140 1
149 166 62 108 9 131 176 175 97 83 177 186 103 138 187 186 155 200 178 123 156 6 143 5 96 41 111 171 100 190 61 21 184 59 126 56 133 62 128 100 108 175 1 191 31 48 106 139 56 8 16 78 86 167 46 20 29 116 121 158 10 87 84 84 75 164 13 81 118 151
9 150 127 196 20 162 74 111 124 73 73 63 111 186 163 31 32 200 174 111 86 49 52 160 200 41 30 196 88 53 118 107 61 6 161 62 127 39 85 47 118 190 172 25 36 56 11 181 52 31 118 41 175 98 74 26 47 151 44 36 25 61 46 30 7 47 15 196 44 182
115 64 28 25 79 102 36 75 79 52 51 188 170 194 185 161 99 110 75 34 52 20 25 174 189 45 98 150 50 178 52 17 77 195 87 199 68 84 88 55 100 166 145 138 82 47 9 16 73 161 112 175 133 24 29 45 96 79 146 99 89 139 30 198 193 89 148 27 102 15
16 106 180 46 94 14 62 3 143 30 66 128 197 106 118 69 8 146 65 117 102 63 160 122 183 52 59 95 165 24 164 22 175 197 173 184 67 15 77 141 3 71 157 171 100 64 136 11 8 2 74 31 143 21 39 191 62 54 103 192 65 68 157 69 163 46 156 37 135 95
57 23 57 92 60 153 162 80 146 51 162 174 117 177 151 193 79 116 120 9 7 148 163 106 3 176 94 154 149 134 94 187 177 33 75 116 43 71 181 120 10 98 113 154 187 25 147 53 160 28 107 5 95 119 25 44 93 102 89 145 15 133 10 65 95 140 172 19 157 152
79 187 106 9 147 30 44 115 131 54 15 184 16 23 65 26 166 4 107 54 194 187 176 46 181 102 137 171 1 77 12 54 152 107 5 51 84 176 51 200 171 72 24 198 104 89 59 55 131 152 53 99 9 93 45 154 101 106 58 5 33 14 16 95 63 117 148 49 66 78
124 191 108 99 60 23 63 107 108 77 132 136 52 150 60 93 123 96 127 97 95 161 121 44 8 51 65 51 148 134 189 179 86 179 61 46 22 78 119 15 32 84 122 188 25 42 168 160 165 181 30 108 89 22 172 107 44 30 57 188 73 72 164 87 196 130 39 49 134 51
191 82 35 159 133 175 51 93 39 133 124 90 190 120 184 39 89 146 83 58 154 106 190 137 153 78 36 98 111 57 189 77 158 106 59 80 85 54 31 146 37 92 3 200 194 32 144 29 125 150 81 24 149 153 52 87 14 155 158 69 126 74 1 117 179 180 58 58 36 75
149 171 173 4 152 55 78 44 40 64 152 64 48 62 123 171 186 133 48 53 177 136 6 16 93 188 56 40 157 46 147 189 197 87 174 69 141 134 83 90 194 156 106 98 73 10 88 42 138 152 188 167 67 176 38 55 29 86 108 155 68 65 76 34 96 157 132 28 45 187
172 139 124 66 194 173 21 196 116 136 152 124 117 45 4 119 176 23 101 163 137 167 60 164 156 133 33 165 181 175 93 170 45 132 12 45 110 13 6 106 48 198 20 96 5 178 125 21 23 11 15 20 151 68 13 52 84 29 148 8 14 152 194 178 113 109 181 39 145 135
96 60 12 28 129 11 75 143 30 43 29 66 138 164 144 36 93 123 115 195 130 60 170 194 88 116 41 181 1 26 165 34 52 53 43 24 111 135 160 116 122 37 68 156 104 44 77 119 75 108 163 168 112 11 191 164 21 17 186 175 169 33 18 167 74 32 27 77 119 85
42 78 59 37 141 179 32 162 62 135 178 166 105 131 59 45 192 60 75 16 131 78 29 137 73 5 113 68 141 80 151 49 11 113 82 151 97 3 24 165 16 33 70 105 181 35 92 116 118 94 66 153 114 146 80 194 57 72 200 100 138 5 15 128 18 12 93 73 37 12
10 180 40 174 91 105 190 161 30 56 91 75 176 138 93 20 170 33 86 21 57 90 90 61 178 121 91 200 178 77 13 8 184 20 102 10 193 167 75 55 100 115 132 118 92 72 15 26 133 200 114 151 50 189 167 72 186 103 15 28 169 175 58 182 102 146 3 32 132 169
177 67 180 173 32 32 111 91 16 175 92 56 17 131 169 175 37 190 131 199 74 129 125 118 23 27 186 143 31 53 78 98 156 141 46 174 8 169 181 63 166 147 40 100 36 164 96 77 121 138 60 44 200 159 71 77 182 135 110 24 146 67 165 181 9 87 163 97 130 57
4 138 39 35 148 99 90 193 140 35 191 73 26 151 16 92 126 145 148 143 121 28 53 176 176 179 50 151 132 6 132 155 147 23 60 186 8 110 133 20 184 18 84 18 86 110 55 61 167 67 51 102 195 118 124 56 12 47 110 175 68 148 131 49 105 89 144 14 176 90
182 89 74 164 93 100 72 103 110 14 170 150 18 151 158 198 127 16 198 58 66 63 74 74 9 191 143 92 115 174 173 141 25 73 68 164 150 117 25 152 53 62 58 127 186 78 43 186 75 183 138 161 16 112 94 12 25 174 133 166 151 29 174 122 193 43 14 15 77 7
118 151 66 23 99 172 152 196 13 131 143 199 200 15 31 20 7 153 39 187 108 52 143 42 9 180 11 128 72 47 125 155 43 196 91 104 40 167 113 56 183 152 154 156 40 173 181 32 18 100 75 176 81 89 44 6 68 93 105 93 82 139 192 7 148 194 188 44 63 38
162 193 99 59 16 90 69 85 60 79 162 17 167 111 160 77 79 34 62 158 92 11 113 185 59 70 52 173 108 130 144 153 124 16 152 121 124 93 50 112 6 44 10 89 99 99 26 3 80 54 56 152 137 154 154 166 61 155 57 96 22 73 39 190 107 192 58 129 82 103
44 53 129 51 39 168 20 38 98 138 19 16 115 197 193 67 51 11 175 36 54 125 167 133 198 109 137 19 96 139 16 35 190 198 160 186 184 183 72 162 80 131 108 67 28 89 66 17 11 68 51 125 52 39 78 161 74 64 51 60 139 70 193 28 165 56 152 162 166 180
119 75 90 136 199 84 69 147 62 171 38 135 105 163 40 128 172 79 12 25 116 91 30 8 124 52 72 6 88 72 151 160 38 116 189 141 170 165 57 185 29 107 115 194 138 128 94 179 114 185 45 99 61 52 111 42 112 156 10 153 34 71 14 36 63 103 156 160 168 86
46 124 132 22 5 26 168 56 147 134 7 90 88 43 95 88 21 148 187 72 198 161 133 127 100 175 131 93 16 193 160 34 148 184 79 75 22 17 195 126 108 71 98 69 159 60 146 171 31 175 83 170 119 95 52 150 166 98 67 83 178 113 66 153 171 113 75 149 144 40
33 189 171 181 77 88 37 142 157 140 168 177 148 48 94 31 49 26 37 48 168 80 43 60 54 20 133 175 133 65 80 78 119 39 119 31 119 164 93 38 34 144 29 37 75 39 165 27 188 113 62 91 9 102 83 195 19 110 30 25 186 10 129 24 89 61 128 13 105 161
140 154 14 42 60 108 102 1 19 148 170 122 74 162 107 55 159 183 132 96 172 138 67 96 123 88 103 66 33 171 105 157 19 81 126 21 121 141 167 83 162 141 146 18 134 124 196 190 142 85 62 105 131 182 39 104 156 64 185 110 55 200 51 139 186 133 120 162 14 18
118 166 96 38 73 143 106 179 171 186 94 141 182 153 177 107 117 40 115 65 178 96 86 106 139 40 46 102 191 155 166 93 80 193 115 180 161 34 112 97 100 26 34 144 116 188 117 166 133 47 54 11 75 199 194 154 112 117 38 75 29 172 2 134 157 16 15 28 184 100
186 8 161 63 6 158 21 63 182 14 182 71 88 73 42 181 42 169 177 188 64 182 154 172 121 192 125 105 19 30 108 108 105 1 189 105 115 49 100 32 67 79 168 104 63 96 103 182 88 194 140 53 62 66 24 2 90 155 158 38 44 8 68 31 143 74 41 99 141 186
30 133 10 122 47 130 96 69 45 82 73 7 61 164 84 141 159 162 8 142 166 22 181 5 101 154 198 156 84 37 77 196 165 139 82 14 69 55 148 120 198 186 176 165 23 167 124 25 145 199 138 81 2 105 122 29 26 89 184 70 177 180 43 130 23 172 170 85 101 90
86 162 138 141 47 158 148 72 19 45 24 155 98 4 67 41 126 102 106 41 199 183 129 151 134 121 3 93 56 135 170 64 2 197 6 156 196 35 127 8 110 8 179 165 163 76 54 184 74 48 34 44 164 156 101 34 85 6 125 84 127 12 103 95 126 95 167 80 4 12
98 37 32 106 99 195 74 76 182 94 160 86 40 150 34 89 41 71 134 6 89 105 128 61 15 4 3 20 193 25 92 189 43 165 57 151 66 2 131 107 195 64 183 195 150 112 76 187 196 23 80 29 141 135 83 179 187 163 9 183 54 131 23 49 175 169 78 53 5 122
69 14 80 128 26 143 149 122 98 196 15 178 30 91 1 96 199 81 114 28 86 146 145 164 136 193 77 60 18 39 70 184 140 169 70 200 45 2 106 200 137 185 96 118 87 164 85 102 155 11 119 50 159 95 50 188 33 61 44 190 196 77 74 76 44 179 67 144 148 48
28 65 54 144 22 40 198 50 179 114 150 154 109 173 130 101 86 194 138 110 61 121 189 117 152 186 186 181 54 150 23 49 109 159 102 145 85 50 168 3 129 177 125 28 15 149 60 32 62 21 175 43 36 169 67 140 114 170 2 38 170 168 197 91 48 44 128 79 108 9
24 78 106 183 8 129 47 127 113 162 108 91 146 108 1 165 106 152 118 96 127 82 161 69 167 129 138 112 74 187 149 162 165 91 25 127 43 64 34 144 30 31 136 18 157 53 103 178 192 72 74 1 177 85 94 72 27 38 81 13 197 5 21 178 138 195 131 82 62 29
15 119 71 49 24 115 65 159 20 131 157 70 53 106 177 75 158 25 56 167 112 139 119 109 18 3 118 102 71 152 82 150 16 90 113 95 176 25 199 164 103 47 71 80 141 5 63 177 19 89 44 197 35 125 192 177 40 136 25 30 190 63 180 92 183 134 101 165 175 63
161 33 166 83 131 48 11 197 101 147 148 2 40 198 26 181 52 34 154 18 182 73 196 125 163 190 56 1 150 80 59 58 185 26 9 4 148 129 82 44 158 2 121 140 130 125 37 51 28 140 57 84 10 64 173 5 163 176 35 193 182 25 171 188 180 42 80 97 172 61
88 4 60 120 32 190 32 2 177 166 101 25 166 140 41 3 25 171 87 95 187 189 131 60 108 153 3 198 183 65 153 194 176 131 37 66 12 92 86 76 140 87 65 134 81 133 122 180 1 134 188 130 58 58 157 59 154 198 152 21 107 137 116 187 59 73 131 188 134 44
147 138 87 135 124 61 145 129 14 62 193 180 5 44 144 21 159 152 177 60 88 49 45 196 86 120 66 142 26 181 31 38 162 1 32 53 90 154 120 32 132 97 89 88 168 88 185 116 92 180 147 147 39 25 183 99 169 19 52 60 49 50 33 162 58 93 184 145 179 132
45 169 147 108 128 123 20 181 66 114 47 49 117 36 180 198 80 64 139 33 110 113 33 96 108 96 53 57 67 78 68 93 171 198 72 18 194 4 140 85 172 123 52 119 159 64 117 89 55 72 121 54 13 37 137 172 100 172 5 197 75 44 70 119 105 112 174 104 19 131
154 137 95 195 83 41 200 163 170 59 180 54 161 186 72 23 191 163 22 191 160 121 128 174 86 61 116 173 193 150 105 200 102 78 69 112 106 200 148 107 68 13 136 161 162 133 111 100 133 117 97 21 50 40 73 148 4 69 136 159 117 72 50 163 149 167 164 155 16 55
77 32 44 186 135 60 149 145 105 57 41 156 20 86 49 74 155 38 123 127 18 143 70 61 178 90 199 64 106 12 192 55 146 135 25 191 96 84 182 112 154 115 148 112 188 11 63 74 195 137 10 45 95 171 190 37 6 63 19 122 126 29 61 41 25 78 166 156 184 69
146 177 29 152 200 137 59 24 4 65 144 144 181 129 8 49 189 14 105 46 89 44 176 6 10 192 47 53 119 146 116 96 160 68 16 20 82 137 172 52 149 122 12 85 109 60 191 67 167 169 25 7 198 147 31 35 178 36 62 61 72 175 193 82 55 89 162 182 22 10
13 60 93 90 15 29 35 94 124 127 26 66 145 193 87 91 116 174 81 82 200 78 36 137 24 162 144 75 2 151 22 58 151 33 192 191 112 37 165 128 128 187 84 190 66 195 31 125 38 42 69 186 181 89 5 16 141 120 160 70 102 157 44 66 100 163 6 163 48 73
133 200 120 26 133 175 120 60 43 120 137 79 172 121 175 112 149 90 76 118 9 173 43 92 147 139 97 72 102 105 69 155 160 37 164 54 59 57 98 55 139 191 159 47 42 151 184 198 118 61 61 24 151 85 136 106 99 31 16 190 137 106 102 156 65 59 179 132 163 110
196 87 39 189 22 152 78 153 73 54 52 33 141 60 5 14 25 153 168 115 60 178 44 148 49 104 36 181 17 143 152 24 64 177 46 177 178 163 134 64 70 61 80 43 35 170 132 91 155 104 49 147 97 167 166 173 1 83 60 7 5 147 64 5 82 181 110 66 185 54
128 120 166 47 62 191 181 30 126 125 180 51 86 1 171 174 57 58 70 107 29 55 42 194 69 3 142 198 41 1 65 78 3 42 200 122 75 173 71 195 33 58 47 191 90 58 111 77 24 89 45 128 22 67 146 182 127 55 80 22 159 142 142 6 102 6 37 189 82 82
113 58 17 1 135 178 147 8 96 32 89 90 155 116 40 22 181 117 96 109 68 49 184 129 112 33 107 131 181 101 74 27 106 72 52 199 111 102 95 84 47 154 96 121 32 187 82 76 48 14 58 198 23 106 4 162 188 82 142 62 126 95 131 43 17 155 10 30 197 25
191 38 72 1 34 111 145 116 73 125 82 73 79 180 188 182 100 143 183 194 38 44 162 95 74 25 26 34 193 141 86 144 189 179 41 91 89 22 144 150 129 156 74 164 126 187 37 14 159 167 99 123 11 186 165 196 36 124 74 27 15 187 193 26 10 58 33 79 8 13
110 158 169 123 6 125 134 68 139 93 173 103 8 108 82 188 187 62 152 109 19 125 98 95 174 23 4 165 198 115 50 180 14 6 17 198 163 151 152 153 8 151 78 7 14 119 41 162 105 190 148 177 92 96 122 1 47 124 196 134 183 93 195 10 138 43 38 64 196 106
