80 	
4	53
1	3	8	235	3	
0	2	1	224	4	
1	1	8	281	7	
1	1	1	337	9	
1	2	1	92	3	
1	4	4	82	4	
0	5	2	347	4	
0	6	6	117	2	
1	3	1	122	3	
1	4	9	152	9	
1	4	3	152	7	
0	9	2	93	1	
1	6	6	184	4	
0	4	3	132	9	
0	4	2	108	1	
1	9	7	105	1	
0	5	8	338	4	
0	1	3	288	1	
1	1	5	246	7	
1	9	1	85	3	
1	5	2	152	1	
0	9	5	303	3	
1	4	3	174	2	
1	3	2	181	3	
0	7	3	172	5	
1	9	7	223	7	
1	3	2	269	5	
0	1	7	47	8	
0	3	6	54	8	
1	6	3	177	4	
0	8	1	97	6	
1	4	6	102	3	
0	1	1	181	5	
0	3	9	222	5	
0	8	5	311	4	
1	1	4	335	2	
1	6	4	30	7	
0	4	6	157	9	
0	3	3	170	9	
1	8	2	309	2	
0	4	9	303	4	
1	3	4	304	9	
0	7	6	294	8	
1	6	5	338	8	
1	5	4	131	4	
0	7	5	355	5	
1	1	4	142	8	
0	3	8	351	1	
1	9	3	209	7	
0	6	1	109	1	
1	6	5	31	7	
1	3	4	272	1	
1	3	5	153	4	
0	6	8	68	8	
1	9	6	308	6	
0	5	2	130	8	
0	3	6	51	5	
1	3	7	143	3	
1	7	3	270	6	
0	2	1	367	3	
0	4	8	79	1	
1	7	1	227	2	
1	4	9	366	6	
0	7	8	355	9	
1	4	9	76	6	
1	5	2	101	6	
0	6	1	62	4	
0	8	6	314	6	
0	2	8	302	3	
1	4	3	335	6	
1	2	6	8	9	
1	9	3	119	3	
0	5	7	98	4	
1	8	5	109	3	
1	8	7	367	2	
0	1	7	56	3	
1	7	1	316	8	
1	4	3	161	2	
1	2	4	265	5	
0	4	2	368	8	
189 165 40 139 34 135 118 141 50 147 186 11 93 161 74 172 161 21 136 34 64 196 65 47 111 3 131 52 17 39 121 69 51 62 181 67 21 70 190 107 27 58 71 4 101 198 105 22 45 173 198 125 4 32 100 113 88 143 129 15 116 113 154 76 1 152 162 175 89 194 108 103 51 86 184 47 183 25 173 90
24 78 22 51 43 102 78 90 133 47 75 125 40 98 142 72 89 109 106 36 17 104 73 91 102 49 54 170 200 36 153 129 54 200 174 13 28 135 56 74 138 27 189 151 161 160 86 21 175 171 32 111 18 58 62 120 134 158 184 184 25 101 39 129 6 82 119 163 172 55 116 151 142 118 135 94 31 83 132 56
19 174 74 73 155 73 189 109 39 32 139 97 161 60 162 151 105 111 169 103 196 188 102 193 54 189 26 186 35 141 73 146 117 146 52 127 88 17 168 33 152 32 158 146 200 200 152 70 10 26 90 158 198 128 104 96 172 121 152 118 192 18 183 71 181 196 79 178 121 101 155 104 155 145 27 134 11 115 185 37
58 150 157 5 67 199 161 26 94 165 109 162 186 9 126 181 190 184 102 124 3 111 182 71 34 100 36 105 156 79 151 86 139 198 31 170 149 99 184 41 193 135 181 65 30 100 4 116 63 43 98 59 69 42 24 18 99 176 141 116 57 143 38 97 126 145 89 128 181 99 180 52 35 186 56 28 194 132 103 161
34 66 174 148 20 64 23 53 149 137 193 73 134 10 197 99 125 54 194 143 172 129 73 181 21 7 15 31 137 10 179 183 174 59 166 10 46 93 154 79 108 17 173 14 156 6 96 62 112 43 87 30 143 22 41 70 9 12 61 164 192 178 87 32 75 83 143 47 43 182 177 33 112 163 59 185 184 83 102 199
182 197 168 29 85 50 189 63 124 101 80 2 141 36 132 56 148 11 155 140 82 121 125 110 134 113 125 188 126 171 85 139 109 129 187 129 187 52 152 150 120 198 54 39 129 46 165 136 100 182 58 24 183 40 77 138 138 188 37 132 47 172 132 54 137 5 93 183 141 109 134 78 166 63 163 39 166 161 147 55
173 143 29 185 65 103 74 162 126 164 35 150 126 182 101 98 88 130 168 175 87 197 44 123 24 33 5 70 180 5 174 136 112 99 188 107 29 74 44 84 185 75 88 60 108 88 109 156 70 187 33 173 84 1 24 23 82 46 171 167 55 143 156 132 120 72 159 62 129 161 20 52 152 58 48 197 165 72 186 82
82 121 61 121 140 176 24 103 186 77 149 119 137 85 35 176 172 130 98 40 85 6 95 85 132 76 122 162 166 96 192 35 198 38 188 110 66 100 76 23 146 98 11 74 66 171 80 169 30 62 121 155 11 160 88 69 62 117 33 182 193 139 200 147 115 117 40 161 115 127 196 125 196 144 75 9 13 144 82 59
153 193 132 149 145 182 52 33 28 6 33 138 84 80 46 195 35 149 100 74 13 74 152 149 21 67 87 51 2 160 96 31 141 79 18 21 186 62 44 89 82 74 169 71 174 185 76 101 189 89 19 176 119 60 105 174 80 99 23 9 62 27 148 60 73 114 192 130 88 173 67 195 79 21 190 67 143 182 145 95
57 4 165 75 47 155 120 73 120 103 41 165 71 14 51 145 33 50 195 96 13 67 168 77 68 173 15 131 113 159 39 114 27 193 99 61 181 186 88 196 196 116 78 113 5 98 85 21 2 163 51 47 61 3 2 147 93 27 141 182 10 138 181 30 198 129 153 5 74 5 120 23 38 193 53 66 123 196 133 14
73 152 110 52 22 22 198 183 196 24 43 38 77 199 77 6 10 157 115 91 76 73 157 132 111 153 80 149 74 26 198 124 174 186 1 137 42 115 31 197 85 167 31 89 198 168 125 16 2 185 41 85 150 50 104 128 111 31 41 154 153 92 156 152 115 41 177 33 83 134 167 15 127 64 21 104 127 93 162 2
193 174 173 91 2 44 178 11 128 43 131 40 192 21 28 110 25 193 52 154 113 32 38 161 64 31 94 200 143 96 156 73 58 55 40 197 115 150 179 122 116 192 102 94 199 99 86 81 8 187 199 115 79 182 189 77 33 156 172 75 175 125 166 23 57 183 177 12 54 50 5 53 45 47 88 143 190 23 87 46
113 136 32 90 182 164 54 31 123 175 67 113 181 129 19 38 8 113 104 52 192 22 187 22 149 66 12 93 82 82 54 90 190 121 79 104 125 76 105 142 143 179 57 167 171 171 156 181 185 123 42 38 137 186 81 45 131 113 119 5 166 39 26 83 199 61 124 41 43 150 200 172 86 169 130 93 78 142 183 150
112 155 3 58 17 102 144 200 41 186 130 47 155 147 194 32 191 162 199 142 163 35 150 71 24 197 5 127 53 166 42 158 174 33 61 94 39 60 111 45 190 115 124 146 6 112 48 115 138 91 83 97 183 120 122 89 170 117 38 61 163 120 46 192 87 111 29 115 117 41 58 116 73 103 17 56 102 176 137 52
83 76 108 127 42 27 182 128 145 73 79 103 107 31 159 176 133 189 122 9 82 198 47 157 197 168 134 23 133 60 44 64 57 59 148 190 181 65 180 191 50 26 87 15 73 33 76 119 42 89 81 193 60 109 2 170 54 154 21 164 131 106 178 178 121 149 21 57 100 133 178 51 130 186 170 121 119 112 16 58
18 30 78 42 49 6 21 95 146 18 25 87 38 90 89 76 114 186 175 9 43 113 126 177 117 111 49 195 70 161 135 157 145 91 170 197 13 167 114 133 111 115 70 2 61 168 16 42 101 113 119 126 102 56 64 98 190 38 148 140 196 72 2 122 135 126 71 112 31 122 61 171 126 166 123 115 49 118 166 124
65 99 145 128 165 135 63 150 3 91 177 80 151 170 125 118 81 157 165 57 57 93 99 97 147 111 126 120 30 16 173 195 134 198 119 198 151 140 147 148 60 169 124 172 67 20 129 50 31 40 32 38 177 66 187 36 94 44 107 128 14 188 10 26 35 185 7 79 181 105 120 1 129 137 197 142 33 39 27 183
127 188 124 81 185 109 86 67 24 154 13 182 179 1 76 174 161 187 96 40 32 11 131 59 99 46 7 132 106 114 72 55 150 79 179 23 49 83 16 193 96 28 22 15 80 129 55 82 37 185 3 180 72 172 9 42 56 15 147 103 87 69 156 127 143 153 58 55 91 51 110 1 134 52 173 187 99 168 93 6
56 187 89 156 59 65 52 167 85 58 37 107 130 47 5 171 85 18 13 5 32 64 200 179 55 84 76 101 11 22 64 155 94 29 27 68 16 177 119 34 105 56 97 26 166 81 120 11 60 74 165 182 119 176 58 48 83 100 121 191 190 35 104 188 110 49 168 163 107 108 200 54 48 130 177 77 28 84 48 69
44 67 53 182 164 123 181 80 60 98 22 40 42 79 133 4 183 109 36 178 131 82 131 142 185 49 180 145 84 178 199 109 196 84 109 169 152 52 189 135 6 67 134 110 167 43 118 101 187 98 119 187 61 189 111 80 30 136 36 194 179 49 121 12 193 163 114 182 124 176 140 1 43 140 97 122 123 1 42 121
137 136 199 80 125 194 131 200 30 193 5 164 56 191 79 119 52 153 94 170 196 100 165 23 72 170 18 59 85 61 121 108 22 163 153 152 196 174 110 171 89 196 104 83 151 155 11 197 133 185 153 179 12 5 22 58 1 29 68 190 10 181 162 95 150 43 172 172 103 3 38 172 53 113 193 122 27 99 191 31
141 162 169 96 178 151 105 24 167 110 72 159 195 23 53 71 54 63 109 176 96 93 136 20 125 79 103 100 161 98 64 43 147 121 57 13 48 178 111 140 120 200 177 171 76 173 160 84 180 16 102 183 197 164 77 13 38 78 171 90 23 145 4 9 61 32 35 71 37 163 138 9 112 178 14 47 46 191 64 38
149 157 136 65 59 37 50 153 155 60 19 12 199 155 159 20 136 113 184 166 142 90 105 11 73 60 38 141 130 180 35 39 57 54 164 153 160 60 175 105 29 51 129 161 158 44 80 60 158 199 196 25 27 39 163 174 138 101 102 58 14 74 186 154 31 164 79 95 198 78 83 19 61 67 152 183 97 75 131 48
53 48 2 21 70 17 163 158 65 103 154 127 91 189 144 74 193 115 124 128 128 189 83 63 32 94 82 169 112 150 94 113 154 76 144 62 157 150 125 137 61 116 9 138 106 112 60 128 123 16 18 90 167 192 200 110 105 92 112 18 192 78 50 200 82 48 62 94 102 172 64 39 99 53 141 75 186 136 5 63
169 92 152 143 36 119 107 127 168 137 182 86 141 133 173 76 27 178 77 27 107 18 85 144 76 114 163 58 86 102 126 62 124 32 93 43 192 64 99 180 182 62 64 200 50 106 48 75 154 95 141 178 49 190 44 146 103 34 104 106 181 25 24 114 105 95 64 15 176 9 166 154 198 188 101 168 38 69 197 98
172 45 96 196 93 153 163 180 96 161 114 84 57 120 16 38 19 67 149 36 188 166 148 72 66 156 58 118 2 27 94 112 7 51 34 158 71 9 86 151 4 32 101 197 92 16 129 39 66 109 20 11 87 99 136 192 8 83 110 140 134 3 115 24 1 3 111 133 51 182 164 73 97 54 100 130 178 96 137 131
50 2 65 149 76 30 164 67 117 130 1 89 91 158 44 46 7 87 30 148 178 168 59 64 10 58 69 134 168 96 122 188 156 3 29 151 114 147 136 54 22 200 127 190 60 150 1 74 80 22 118 83 71 28 181 173 11 194 140 5 4 125 110 35 164 158 53 196 143 5 145 85 10 75 142 197 102 51 9 54
71 29 88 127 103 56 130 134 139 101 20 98 73 142 59 73 21 148 65 25 200 6 59 149 112 186 82 187 152 162 1 75 171 167 126 104 115 78 184 15 164 2 145 144 89 189 9 174 61 30 69 63 134 128 50 198 127 144 124 101 9 50 117 81 88 106 29 200 73 200 148 111 107 141 109 182 187 78 108 31
91 41 133 28 180 20 169 132 101 33 64 80 94 106 143 185 1 112 37 25 4 34 65 37 188 88 200 110 32 111 79 199 69 74 89 18 160 54 187 92 87 33 64 200 12 98 90 182 38 152 138 185 59 96 44 173 123 154 47 89 107 77 116 125 162 191 16 76 68 130 80 152 96 177 84 95 27 93 54 54
122 3 61 146 198 174 43 49 15 44 18 25 54 88 154 112 174 102 193 89 20 121 106 152 136 145 175 130 170 33 23 159 190 76 114 41 134 95 166 148 25 95 60 171 17 26 179 177 194 54 50 15 39 79 71 106 120 138 87 33 61 92 58 49 29 23 36 98 84 99 109 90 178 142 92 192 3 29 121 185
189 137 109 39 132 110 60 131 111 78 196 59 6 175 182 17 23 157 183 57 186 130 96 13 193 37 200 75 183 23 99 3 77 105 58 48 76 69 59 92 28 126 40 159 185 157 117 33 179 34 175 158 14 63 14 192 166 180 129 51 2 110 126 196 178 81 102 36 172 137 47 54 13 76 130 76 75 126 14 68
134 100 191 8 144 93 112 7 173 1 173 102 96 72 15 146 200 140 112 198 160 199 197 45 174 176 46 158 31 143 92 50 111 113 49 172 90 115 167 87 118 68 15 184 197 95 142 47 115 101 7 37 2 177 176 141 47 36 74 160 182 195 30 111 71 108 15 83 121 65 122 119 57 65 143 36 113 20 40 50
87 34 113 43 76 154 86 100 117 10 90 150 145 64 20 135 18 46 104 152 136 7 95 146 11 29 36 82 56 174 102 162 195 83 186 198 35 133 29 31 172 110 116 116 64 31 64 152 132 150 101 161 125 27 93 131 148 163 81 19 200 127 184 22 9 143 178 126 101 196 194 61 65 28 115 161 85 72 84 200
121 101 66 83 76 45 2 185 49 103 109 55 119 154 7 31 159 200 59 134 44 70 200 197 90 65 77 140 29 46 129 192 185 65 169 2 142 37 72 187 131 136 48 116 161 87 99 98 98 24 192 168 151 97 13 166 47 104 108 166 3 178 48 158 61 154 100 199 82 49 166 72 120 84 3 29 191 196 100 97
196 163 192 69 199 163 67 37 120 70 138 83 145 70 27 34 103 81 197 136 160 114 176 167 86 32 55 21 104 113 35 176 43 108 11 128 73 124 25 8 175 161 76 45 74 137 1 136 181 81 124 28 84 136 10 96 17 54 111 124 42 83 165 28 34 16 61 18 139 146 98 139 191 121 38 191 7 113 132 158
150 164 161 2 12 15 142 175 4 41 38 174 41 50 91 145 180 108 151 115 167 192 65 101 125 69 76 85 200 40 112 190 116 74 31 142 28 43 148 193 154 51 119 67 25 71 116 115 169 173 30 48 100 23 44 59 97 29 158 97 160 96 189 24 140 66 43 59 173 31 41 125 191 100 34 112 76 83 46 31
179 94 117 199 129 133 87 160 106 31 132 109 173 44 136 172 162 140 193 10 198 7 114 17 33 160 54 95 198 61 57 180 157 28 160 28 45 136 136 140 12 97 123 71 5 174 153 45 193 194 30 120 15 104 19 111 2 134 18 75 177 23 78 81 149 116 194 87 159 114 148 141 170 161 188 187 132 72 191 159
66 35 118 60 145 105 151 117 71 170 113 133 186 27 62 74 22 41 58 187 144 162 124 188 160 50 70 162 61 131 49 43 124 80 159 20 122 56 177 108 186 92 178 191 181 183 58 89 7 9 53 113 113 52 103 11 44 162 185 198 161 103 42 154 46 115 74 7 78 74 186 152 118 193 59 131 65 104 67 55
79 162 20 123 25 143 153 118 199 3 1 196 200 59 46 18 146 117 150 123 77 6 52 43 174 98 127 162 146 110 43 85 57 173 107 100 91 33 71 183 77 21 4 49 186 33 45 54 44 128 111 196 52 24 197 61 51 125 194 24 178 169 100 19 191 50 86 29 175 173 175 170 133 47 199 39 58 89 100 79
33 200 129 120 118 44 64 16 53 67 156 92 175 151 144 132 183 73 196 196 95 185 97 125 109 48 74 86 177 24 9 23 160 48 9 26 116 51 104 86 58 109 152 173 23 11 172 135 64 179 164 101 90 152 28 77 63 145 12 102 158 100 64 97 77 158 126 178 166 66 100 120 107 136 153 114 21 96 79 174
72 34 132 94 188 102 10 159 164 18 80 49 147 121 49 7 34 68 49 65 83 193 158 95 19 27 37 190 113 111 83 147 82 7 1 164 140 143 166 167 21 196 164 114 182 56 169 73 167 74 105 199 147 149 45 21 162 193 170 93 76 47 165 181 20 49 169 195 31 150 97 6 25 110 194 100 142 108 146 170
157 198 172 89 135 46 114 75 45 188 23 85 176 62 85 163 121 142 169 9 58 17 50 31 81 40 20 117 98 80 57 199 159 120 47 12 24 124 109 35 184 157 60 159 181 85 77 144 177 186 48 145 143 49 136 50 101 131 119 85 170 67 138 109 67 121 142 157 67 39 105 95 184 115 78 172 73 54 136 124
139 79 191 179 126 155 66 123 159 61 119 23 152 23 47 13 116 193 67 8 122 140 192 98 17 148 68 164 25 160 192 174 70 67 170 51 116 41 46 120 150 99 124 39 66 162 176 166 45 168 134 138 140 11 40 106 127 176 106 53 68 157 29 175 105 92 130 78 6 51 65 11 182 123 1 96 130 21 167 191
172 37 10 126 192 14 38 36 15 56 120 166 134 46 74 74 105 168 72 46 183 145 64 14 75 33 61 19 31 157 30 148 172 17 25 59 81 162 76 156 51 94 47 31 15 103 25 117 26 116 25 10 9 7 105 22 156 187 24 138 67 44 45 168 185 130 90 198 183 192 133 163 181 152 77 155 143 45 190 121
147 30 164 35 128 166 157 61 141 154 186 57 56 111 47 128 16 163 25 166 187 47 147 76 153 59 87 82 142 126 180 133 187 28 32 44 66 62 43 188 78 147 41 41 154 144 140 154 175 44 32 173 51 161 75 178 197 134 87 69 45 26 96 66 93 99 150 168 39 96 179 69 192 108 123 109 130 90 121 106
161 82 72 44 142 39 49 95 83 67 35 107 153 177 15 149 63 39 58 112 156 14 81 49 8 105 130 95 40 5 40 90 172 152 182 162 70 155 54 199 17 179 27 122 195 123 44 177 109 78 66 192 135 61 166 121 182 100 11 115 144 66 77 180 9 3 164 164 124 44 78 47 73 91 72 7 56 176 29 142
134 69 103 136 60 199 76 28 65 34 190 28 167 53 107 166 101 58 29 71 60 40 102 94 151 79 61 69 143 96 166 157 58 125 148 76 157 18 38 133 190 58 37 3 55 16 138 142 85 7 185 78 78 53 81 59 160 36 149 16 191 13 121 25 183 185 122 113 65 17 200 54 21 87 163 110 49 193 89 166
96 163 6 148 16 119 162 110 189 121 42 182 172 31 32 76 157 106 6 189 141 56 30 51 103 61 180 8 18 128 92 175 58 146 84 197 185 185 17 10 186 161 21 114 178 117 21 125 121 119 160 122 158 28 66 183 143 26 26 85 44 152 52 106 118 179 199 151 49 73 4 65 4 136 165 65 72 68 97 37
91 111 89 25 138 88 98 185 40 121 2 40 152 67 9 181 13 141 53 32 72 66 81 162 159 48 81 170 179 178 179 92 158 196 31 101 61 113 96 19 119 146 105 166 12 28 62 125 5 161 21 50 90 98 21 11 39 64 35 157 80 45 194 149 131 6 199 60 186 115 4 85 146 154 37 169 34 162 147 108
171 176 94 78 92 35 44 106 156 28 157 56 68 87 77 91 116 155 128 149 151 3 69 171 158 43 94 1 144 102 89 149 116 47 9 80 138 196 6 78 50 131 49 20 80 14 41 82 83 113 33 166 109 179 105 32 94 43 163 112 100 63 55 69 99 133 70 51 97 62 105 144 108 148 147 172 94 24 76 56
158 1 74 49 12 6 42 4 55 22 74 185 187 52 127 66 175 156 126 82 124 165 173 68 30 38 51 176 1 186 1 45 133 181 195 130 32 180 147 33 131 4 185 89 70 105 35 103 141 16 97 92 73 82 21 116 133 34 90 22 189 22 14 33 171 139 103 61 133 195 87 185 132 20 159 43 165 164 5 178
184 67 116 78 31 166 137 99 131 143 21 66 84 117 84 197 132 19 82 43 130 189 83 19 168 22 148 66 153 148 59 185 108 75 17 16 193 102 63 87 153 32 152 176 131 20 20 136 21 144 63 144 186 9 105 139 66 27 167 137 55 33 164 194 148 90 130 156 125 199 85 164 91 21 38 126 158 55 107 4
194 98 142 40 13 34 168 125 188 72 185 178 185 61 148 134 170 90 70 130 82 196 41 114 69 107 44 2 32 53 187 136 147 66 82 117 182 20 79 108 2 125 10 117 26 199 177 198 123 33 35 2 26 3 33 80 85 171 37 134 86 122 24 34 145 156 197 57 131 14 47 30 190 173 74 54 184 10 172 184
84 52 129 117 180 45 128 124 58 199 32 2 135 121 1 101 127 92 150 90 137 176 29 3 190 186 181 47 164 106 195 51 62 167 132 53 177 79 143 156 17 53 164 162 121 38 17 188 59 111 174 80 156 163 185 133 154 22 168 9 158 104 100 104 21 31 27 82 101 136 31 61 184 2 162 36 169 49 113 127
173 194 90 58 196 138 184 35 5 66 193 48 112 17 52 200 3 2 136 14 165 173 49 187 149 6 4 87 185 79 64 197 132 49 11 189 141 167 147 133 75 127 69 158 197 30 84 156 104 107 146 185 141 178 88 45 9 192 92 37 94 108 75 2 9 112 74 157 51 73 72 163 139 82 43 200 171 152 162 75
181 19 120 30 22 20 96 93 168 186 26 13 150 143 54 145 106 154 167 189 36 66 67 159 198 91 65 77 167 160 139 58 52 146 84 104 76 40 115 5 117 20 99 96 65 120 48 129 125 32 151 78 159 2 189 84 170 73 137 15 165 132 30 16 111 132 195 107 172 176 168 76 147 4 193 144 172 167 64 23
142 156 57 190 53 3 33 172 24 20 99 115 52 127 63 27 81 63 140 164 172 122 182 16 118 152 118 51 51 137 181 158 175 44 15 157 124 144 142 140 122 137 129 25 163 14 50 48 76 39 157 186 60 61 180 22 125 14 47 42 32 156 113 57 138 84 183 129 101 135 51 6 183 147 129 72 163 14 111 79
47 193 56 164 6 38 94 158 165 185 108 65 1 168 150 133 117 53 35 86 105 119 51 119 152 140 148 20 30 177 147 103 117 21 18 158 143 71 144 180 3 56 89 54 49 51 38 109 158 44 121 140 89 168 122 187 115 5 87 197 79 148 166 104 177 100 11 169 83 8 58 178 43 85 179 37 118 191 18 59
172 162 125 75 55 194 176 48 154 109 130 96 140 180 126 112 198 10 55 102 66 9 169 198 31 188 40 167 3 7 181 35 152 121 153 13 71 168 166 41 149 91 156 17 80 45 186 10 29 160 134 78 192 166 17 193 100 80 113 124 122 21 100 5 170 72 141 137 52 141 5 124 12 159 115 190 70 8 110 136
117 179 27 25 140 163 73 95 158 4 151 133 185 139 76 181 170 25 32 16 62 189 109 25 16 63 180 143 23 140 197 44 39 119 17 76 5 179 31 189 13 195 98 120 25 42 50 140 110 171 120 110 156 86 191 190 93 171 68 24 42 116 35 19 66 104 81 86 94 185 89 103 13 82 97 99 129 120 126 116
189 20 185 124 163 186 106 176 185 18 33 110 184 98 178 172 147 154 14 39 160 172 174 151 75 21 122 199 40 29 118 160 68 175 115 19 36 119 111 125 131 46 18 99 109 44 49 76 126 69 184 44 113 19 2 36 107 147 122 176 192 29 84 47 47 122 122 120 79 92 181 35 122 57 48 57 40 184 13 42
49 73 53 49 43 149 96 97 90 16 98 132 173 138 24 179 186 93 4 39 48 99 105 156 53 44 148 86 14 67 172 65 167 114 32 96 179 146 181 7 40 7 25 109 180 34 32 68 150 111 125 151 134 50 165 185 157 103 62 63 173 114 126 137 22 127 173 145 58 197 64 193 175 70 119 99 5 109 158 151
100 168 173 44 180 113 74 29 159 5 199 183 151 35 197 161 45 118 197 80 163 131 16 115 197 149 23 37 187 23 190 166 100 155 70 39 37 55 123 144 126 106 101 156 36 195 38 58 181 179 106 25 168 46 25 32 85 123 87 111 66 139 114 76 22 169 90 14 130 2 199 39 105 8 109 13 70 96 49 131
111 139 55 121 62 36 47 125 144 59 113 189 24 28 17 93 46 97 191 67 11 105 44 107 174 82 185 163 52 70 116 199 47 49 80 43 63 39 151 22 126 22 74 98 39 192 176 160 45 100 191 132 98 188 184 71 26 120 26 10 165 158 183 27 154 5 17 125 97 171 67 182 110 115 27 176 56 189 80 186
88 42 163 170 174 98 29 97 20 156 156 63 54 121 76 171 169 92 11 73 125 172 95 122 91 67 72 144 67 53 143 59 180 198 168 154 137 137 95 63 99 148 136 153 84 138 39 139 195 136 29 118 9 164 136 114 153 125 85 121 117 55 75 9 135 38 121 134 81 198 53 198 173 51 106 116 95 184 149 98
135 4 198 152 174 17 14 47 199 56 62 98 162 44 133 118 141 32 142 71 125 96 129 82 49 186 137 47 191 107 57 7 8 170 172 136 113 192 82 126 50 169 191 192 165 83 117 191 163 84 28 101 189 101 16 89 61 145 195 77 187 114 194 99 162 155 15 107 110 29 54 96 76 181 179 127 143 61 163 136
138 9 134 73 159 126 95 80 171 125 116 137 60 43 67 64 9 171 84 50 191 117 102 31 15 132 156 14 26 40 81 58 196 174 156 159 21 138 182 69 41 196 8 191 98 179 12 165 12 81 109 7 30 197 95 130 81 192 53 74 169 104 179 71 107 137 35 137 36 155 196 52 92 38 184 82 69 129 99 124
188 48 197 81 168 144 160 68 117 20 103 48 97 123 161 195 25 81 30 41 119 106 135 18 46 123 50 51 28 145 76 146 176 50 30 83 59 151 101 102 93 51 149 94 184 190 137 135 132 83 19 78 19 12 48 31 164 72 43 16 97 41 111 125 10 184 53 84 158 27 15 11 80 31 197 146 66 104 65 121
51 150 50 149 172 152 144 36 143 1 129 182 197 18 110 136 191 65 10 190 193 13 71 137 181 180 42 15 140 161 60 91 81 58 183 136 131 20 104 42 165 22 15 193 60 146 57 128 86 79 189 163 95 11 172 114 163 85 173 28 36 167 119 116 35 184 7 180 135 161 154 146 66 141 66 31 55 14 37 140
140 85 14 95 27 60 55 80 69 98 175 116 9 157 27 142 162 184 97 33 117 101 170 35 183 92 150 54 120 20 186 12 142 105 187 173 3 130 101 84 29 89 52 89 132 48 41 58 124 49 38 107 158 36 7 11 129 50 33 96 52 195 33 173 148 13 91 175 68 161 87 168 143 185 29 54 189 26 173 103
2 170 189 171 91 88 170 183 79 153 138 26 197 15 135 184 168 39 129 93 114 84 16 152 175 186 175 172 145 122 1 107 72 56 129 119 105 185 46 98 113 132 62 40 94 98 116 3 129 129 32 32 186 144 42 196 24 200 53 157 22 122 23 173 131 76 130 62 137 173 190 124 126 115 165 179 149 79 60 18
12 199 34 38 148 102 35 88 36 83 123 200 16 27 126 100 199 108 143 103 79 44 159 43 167 172 176 31 107 164 105 157 151 130 121 165 49 60 199 56 178 2 12 77 83 97 57 29 45 117 29 179 106 115 12 8 33 176 28 22 30 88 115 44 10 79 180 187 174 61 153 26 123 21 90 40 148 10 102 166
119 142 54 147 60 143 16 56 75 31 105 50 16 85 139 48 125 101 172 159 168 198 167 156 64 12 90 125 48 21 63 74 194 115 193 125 79 196 66 26 152 193 48 161 168 24 169 105 78 22 12 32 142 199 28 68 90 183 72 79 53 149 84 106 23 61 73 89 139 149 81 131 161 37 6 21 5 70 162 155
177 147 101 80 8 17 188 41 163 172 73 70 70 199 7 48 185 61 94 90 115 49 133 33 70 137 101 126 14 13 90 141 131 28 46 100 134 106 58 182 145 162 99 128 143 152 180 30 195 18 89 174 125 76 80 197 113 52 63 9 60 102 23 20 196 33 96 47 153 137 87 72 158 130 103 71 108 96 73 23
160 29 178 91 153 39 195 114 159 84 65 98 137 25 19 145 151 40 45 68 37 107 185 29 72 42 159 33 62 175 150 32 120 85 187 45 46 191 168 140 171 178 153 86 42 87 21 104 32 47 29 73 68 164 123 197 129 80 113 88 196 70 62 148 40 10 155 167 100 154 68 113 80 76 133 4 192 167 145 24
27 196 11 144 41 97 103 66 148 64 199 168 172 123 141 150 43 178 58 142 198 69 61 103 123 68 52 37 167 32 164 59 128 33 71 146 45 42 35 173 58 93 142 76 190 73 97 136 27 127 78 26 58 75 182 191 132 86 134 114 99 41 58 104 46 64 3 138 53 180 172 176 185 25 64 4 41 43 173 12
51 99 124 168 154 98 131 132 20 30 154 123 119 65 38 176 170 141 167 61 83 112 83 116 94 27 163 194 118 56 41 60 99 162 35 154 166 150 186 178 23 29 139 183 135 104 115 162 149 30 82 139 30 88 16 196 88 149 28 20 185 132 161 130 55 172 94 102 194 152 164 138 180 87 127 92 73 164 29 51
104 97 123 178 45 31 101 93 151 153 122 193 103 69 75 50 155 141 90 80 125 58 5 161 17 193 135 146 184 136 197 196 184 21 187 31 200 9 44 4 127 42 65 149 24 178 115 39 69 52 42 81 61 45 22 22 161 186 20 44 97 142 195 134 115 112 17 138 155 194 99 4 6 199 68 10 57 71 11 92
81 141 77 155 28 59 107 121 57 197 162 156 148 79 187 92 147 159 126 56 150 188 157 32 48 138 109 169 127 193 5 93 7 26 12 61 150 191 146 21 52 97 1 32 159 64 46 58 106 169 154 140 165 1 77 3 42 10 88 44 107 139 144 196 111 175 121 84 140 144 54 170 150 40 172 97 58 164 39 97
168 83 105 137 156 141 186 193 174 147 82 59 101 63 56 90 123 120 158 178 80 90 41 69 193 73 67 181 74 116 122 190 136 96 46 157 171 133 145 106 54 85 163 164 170 116 29 124 100 172 23 7 68 133 136 6 3 28 94 138 57 151 82 134 41 190 160 162 136 136 111 80 163 141 138 62 159 14 173 53
128 79 137 191 164 196 11 97 63 73 12 198 98 131 45 102 147 139 97 53 152 155 51 86 20 104 36 193 88 155 75 193 86 163 54 26 80 142 183 115 199 141 24 162 45 173 110 91 41 51 24 145 44 135 76 162 178 139 3 155 26 127 38 146 10 94 188 153 118 116 24 174 65 168 18 113 113 197 158 124
