20 	
18	56
1	2	8	63	9	
1	7	6	28	2	
1	2	2	39	4	
1	8	5	19	2	
1	1	4	83	9	
0	5	8	89	7	
0	6	5	71	4	
1	9	7	8	6	
1	4	7	57	2	
1	5	9	26	1	
1	9	6	8	8	
1	1	9	30	2	
1	4	1	75	4	
1	2	8	5	1	
1	8	4	34	4	
1	5	3	94	2	
0	4	3	2	2	
0	4	7	95	8	
0	6	5	57	7	
1	4	4	12	9	
190 180 55 55 134 55 5 139 148 195 80 184 11 79 100 41 145 120 87 115
175 117 191 161 13 25 112 93 26 94 72 101 81 130 12 87 83 26 103 56
117 124 133 181 53 53 80 17 82 125 151 63 55 178 96 76 138 51 196 110
67 3 127 117 118 123 84 15 162 166 170 15 29 99 62 89 174 68 147 76
197 84 117 6 111 146 145 70 44 24 87 103 5 96 8 107 110 15 169 4
91 103 95 83 119 197 115 25 200 37 25 106 39 65 6 104 120 200 85 91
135 33 67 119 138 26 154 103 2 174 72 69 35 72 93 179 73 163 177 154
74 24 110 116 72 186 195 70 199 186 6 44 151 107 79 32 56 170 49 136
155 110 91 84 173 53 169 131 172 30 132 100 151 178 53 131 31 139 153 158
26 122 88 182 173 112 178 121 133 149 63 187 194 193 130 44 84 121 7 77
199 96 119 44 146 21 192 179 2 181 106 178 119 40 117 20 133 23 99 182
121 120 117 62 47 77 131 164 53 45 197 131 13 59 196 11 146 152 25 44
38 105 101 48 48 152 79 96 175 38 165 73 110 1 52 190 33 93 133 166
173 72 175 42 161 148 111 73 60 123 99 53 77 126 134 199 36 158 200 79
84 181 37 194 115 103 20 198 85 134 87 65 71 16 79 188 95 134 180 47
153 141 52 53 125 141 71 122 179 31 65 179 187 108 151 153 50 142 97 27
200 52 74 2 184 118 181 185 69 49 192 145 149 73 21 105 6 90 5 27
155 94 20 11 151 146 199 7 127 50 178 20 95 183 120 42 182 44 54 96
30 109 125 197 107 141 194 70 83 179 74 31 112 154 111 197 149 66 59 72
29 136 197 159 85 54 68 150 138 82 128 156 7 71 42 177 22 62 141 5
35 133 56 139 12 101 189 79 96 84 30 139 104 33 101 153 50 90 117 134
