90 	
0	53
0	1	9	5410	7	
1	64	8	862	5	
1	53	6	6230	3	
1	15	5	6783	6	
1	91	9	4393	7	
1	98	2	1075	8	
0	62	9	1531	1	
0	87	5	2763	6	
1	93	6	5106	7	
1	82	5	6337	7	
0	79	4	4911	4	
0	79	5	3170	4	
1	94	3	6482	5	
1	17	5	4132	6	
0	92	9	3427	2	
1	47	8	2923	3	
1	26	8	5183	7	
1	29	6	1024	8	
0	63	9	2420	9	
0	89	2	1723	1	
1	99	1	673	1	
0	37	3	5562	4	
1	67	2	7590	8	
0	61	8	1970	6	
0	35	8	3672	1	
1	72	3	1246	1	
0	80	5	7070	1	
1	73	8	6603	6	
1	57	3	3834	7	
1	30	2	5819	5	
1	26	5	6741	1	
0	59	2	4549	6	
0	76	1	1189	5	
1	95	1	6797	3	
1	94	7	1308	4	
1	79	7	3568	3	
0	80	3	7571	5	
0	63	8	1812	9	
1	51	8	7664	8	
0	24	5	4112	2	
1	86	9	1164	2	
0	46	2	900	7	
1	20	5	3301	7	
0	3	8	6770	3	
0	87	4	6216	3	
1	67	9	4922	3	
0	80	1	6430	3	
1	81	1	7616	1	
1	9	7	2716	1	
0	22	1	1618	7	
1	65	9	4666	4	
1	38	6	735	5	
0	40	2	2690	7	
0	37	5	2401	4	
1	85	8	1622	8	
1	21	6	2945	8	
1	35	6	6993	2	
0	83	2	3044	8	
1	70	3	570	6	
0	68	5	1511	1	
0	61	7	7657	1	
1	74	5	5931	8	
1	61	4	771	5	
0	63	5	1550	4	
0	99	6	1478	7	
0	22	3	52	9	
1	32	7	1856	4	
0	3	7	6271	1	
0	39	7	4805	7	
0	65	3	1703	6	
1	88	3	5502	7	
0	53	3	1565	5	
1	1	3	5956	7	
1	53	2	1801	5	
1	10	8	2868	2	
0	43	3	526	8	
0	28	5	47	3	
0	93	9	161	5	
0	88	8	1057	4	
1	3	7	6534	4	
1	73	7	6395	7	
1	50	1	4062	4	
1	30	5	446	4	
0	83	2	962	8	
1	23	9	1248	2	
0	96	8	1285	6	
1	66	6	7504	9	
0	62	2	5049	2	
0	75	2	1438	6	
0	15	1	3238	1	
5 50 105 130 142 67 143 124 188 4 191 52 39 135 100 5 198 104 9 184 125 105 33 15 71 167 73 179 44 16 170 84 59 64 47 160 126 121 178 26 195 179 44 127 151 47 93 38 27 135 65 162 132 77 199 48 27 121 26 6 66 198 103 65 150 113 198 108 142 195 31 65 172 28 195 16 153 72 157 20 32 128 94 100 137 195 41 94 175 30
5 158 157 180 31 60 85 2 145 52 180 94 136 185 170 50 9 185 170 165 181 124 182 150 184 175 133 59 103 1 10 144 34 145 128 38 27 43 25 33 187 165 96 129 79 32 128 117 151 141 68 163 124 19 10 159 85 151 88 106 139 37 156 148 132 61 111 149 25 127 93 21 138 18 118 200 28 21 150 51 99 125 200 103 49 160 164 186 196 119
144 75 67 67 72 175 6 60 149 100 195 165 45 145 165 38 173 71 9 8 93 156 59 148 121 183 183 109 94 190 19 88 51 195 68 55 175 69 34 103 198 147 76 109 27 194 14 33 64 93 168 27 61 38 186 68 153 84 96 41 167 146 35 72 114 188 13 189 198 44 124 100 150 131 52 165 134 25 44 92 14 51 157 47 71 81 120 28 33 32
154 61 43 120 200 15 161 154 75 179 49 155 170 98 148 166 17 82 68 142 94 147 27 121 87 29 66 28 89 93 162 163 124 73 102 169 30 187 184 185 44 133 93 72 3 171 148 50 30 200 194 146 159 159 63 176 24 190 104 179 199 2 26 35 83 46 46 123 90 48 191 97 118 131 139 61 165 73 60 99 173 124 44 172 42 188 62 171 88 65
189 61 192 17 52 191 41 136 27 85 73 90 161 94 108 28 175 48 66 170 137 177 14 24 35 80 3 25 136 140 42 45 82 179 106 68 171 163 190 151 154 183 123 200 60 197 59 144 128 14 148 49 52 10 36 51 152 24 68 168 178 96 49 20 59 196 100 153 127 52 136 149 4 129 58 117 184 141 27 35 167 97 99 149 98 103 121 188 160 1
144 200 110 71 97 31 181 170 131 144 191 180 142 94 72 29 63 188 3 101 123 65 34 162 80 140 151 169 4 73 128 15 143 102 142 50 88 159 184 49 169 112 118 46 158 175 42 88 31 97 63 179 175 127 67 69 191 151 159 185 148 114 123 148 150 18 166 45 99 36 181 167 94 144 20 125 139 195 70 13 133 193 104 171 37 46 22 70 109 112
3 10 195 140 36 42 150 49 78 158 117 168 186 5 80 21 6 20 111 165 87 35 137 192 93 70 164 22 152 58 58 97 109 167 102 22 60 71 117 88 187 106 166 100 115 179 172 133 85 81 30 8 72 199 29 171 163 131 115 157 34 116 197 163 129 20 62 130 164 163 20 34 142 72 12 177 162 166 152 82 10 4 137 173 17 132 150 58 137 148
160 105 186 179 195 146 17 11 74 150 28 150 186 159 127 67 113 126 138 167 81 149 181 45 79 146 149 164 131 147 113 197 37 76 169 194 41 88 113 111 110 132 200 182 66 180 91 37 174 5 181 162 141 154 27 118 88 20 188 85 8 1 18 174 112 66 91 199 136 4 75 54 196 60 127 200 48 130 57 63 67 15 72 123 106 107 151 18 36 180
41 66 141 108 168 51 152 95 113 114 194 178 126 102 82 132 69 165 60 121 30 127 130 20 69 10 38 41 3 92 9 97 50 174 134 186 162 76 135 83 135 170 167 166 113 145 45 75 40 180 174 156 137 133 63 74 177 17 119 53 166 153 155 77 174 118 123 20 200 186 193 95 15 144 180 160 102 183 55 29 164 31 120 97 119 14 1 71 101 74
160 134 72 91 49 26 195 86 96 81 180 95 76 72 183 5 164 1 106 100 37 110 154 150 98 124 153 183 37 80 14 13 57 12 64 195 146 97 159 160 39 74 103 9 121 150 126 76 74 102 130 158 160 192 44 191 60 8 7 164 128 70 191 142 25 157 10 35 148 133 90 156 66 96 118 189 81 102 133 176 74 174 23 186 130 113 42 109 67 171
1 60 115 97 44 183 112 22 59 97 80 168 164 168 153 193 144 122 123 48 189 182 9 39 6 118 137 155 168 53 134 99 17 40 9 198 116 178 195 111 46 119 150 112 100 115 144 12 82 88 73 94 157 80 68 60 34 144 103 173 106 72 182 73 98 15 70 107 164 184 23 40 67 160 83 136 111 116 122 16 84 167 193 52 132 135 20 153 159 167
186 51 93 139 86 155 174 106 122 114 106 83 156 89 99 114 105 144 175 117 116 50 73 41 40 106 187 188 169 173 177 108 165 196 165 173 76 104 148 128 114 166 125 187 85 127 138 13 134 110 13 168 56 99 120 156 36 43 93 157 35 116 17 13 61 81 1 141 102 134 105 165 50 22 14 197 48 193 118 39 170 127 11 84 9 3 55 190 21 26
64 64 119 6 90 196 130 19 114 181 51 142 167 29 143 149 94 23 163 111 120 69 60 173 65 62 75 157 170 55 5 26 72 30 2 145 172 152 72 126 56 6 3 198 36 81 69 181 106 109 26 194 137 21 32 136 93 119 155 143 108 188 164 80 135 105 191 19 33 100 155 57 58 157 175 46 67 194 81 194 3 100 137 71 6 87 146 126 159 28
60 178 129 199 81 101 154 136 147 126 96 70 45 161 99 96 89 186 116 199 127 176 143 168 1 123 156 20 26 96 131 130 105 145 171 70 107 98 108 196 191 180 187 60 41 154 146 101 175 183 117 56 58 91 29 196 136 80 81 43 127 114 111 44 156 65 50 145 132 126 194 177 163 35 182 85 139 59 156 107 179 52 124 174 105 184 60 130 31 22
165 42 61 75 64 22 113 1 44 18 151 104 186 92 6 169 94 131 49 95 42 99 151 42 128 117 122 83 14 99 16 130 199 150 76 175 131 49 26 176 83 51 198 98 163 165 159 55 172 32 110 2 28 139 11 84 182 32 128 32 175 12 59 33 180 48 166 3 192 46 93 127 134 35 121 55 4 82 19 116 195 38 132 38 116 13 21 197 35 151
111 184 97 100 31 5 20 97 6 20 190 69 184 127 177 186 128 198 116 74 57 115 5 167 82 25 18 73 186 112 10 104 149 24 129 33 97 156 94 109 175 133 136 112 72 140 3 171 141 153 104 168 134 124 77 146 50 2 67 66 56 196 76 47 32 58 183 45 11 29 92 127 95 165 157 89 37 35 131 48 17 158 53 171 172 181 166 35 157 63
85 107 174 138 21 20 169 116 181 199 138 9 142 76 1 195 91 124 142 149 179 86 152 13 167 89 92 68 126 187 187 143 40 189 199 96 62 178 114 105 108 183 64 162 154 50 6 120 64 127 146 23 153 175 50 113 159 64 58 149 162 169 53 104 61 153 159 74 69 85 114 81 186 133 162 37 111 112 34 184 172 171 174 83 11 146 92 196 60 14
106 126 90 140 42 58 109 36 130 89 139 58 94 175 81 107 108 140 187 33 170 12 149 199 41 176 189 121 72 18 11 85 9 101 100 72 146 185 160 191 197 29 163 145 53 119 40 148 72 150 181 169 26 1 82 198 36 157 134 161 10 40 174 90 125 74 92 27 152 163 53 32 13 83 151 114 145 197 63 71 52 71 42 30 138 8 58 104 33 69
196 121 70 93 99 166 163 64 123 136 59 109 124 16 123 17 20 125 1 7 185 20 77 119 17 79 100 27 150 71 156 73 197 74 88 76 65 63 58 14 112 82 5 167 96 140 166 195 89 190 6 68 85 43 172 159 46 174 104 90 101 80 172 75 170 147 132 139 66 143 97 52 14 56 188 22 93 184 85 94 119 154 100 28 41 64 177 41 63 4
146 197 105 128 17 181 54 22 144 80 101 57 49 119 180 151 181 116 5 145 60 69 59 151 195 108 116 80 77 144 196 176 30 6 197 40 115 55 158 37 125 89 42 43 28 6 146 67 53 29 140 74 70 64 178 66 118 49 35 4 117 40 184 146 40 99 5 97 18 199 36 69 138 24 147 21 160 183 29 190 180 4 158 125 52 131 152 64 10 198
38 37 190 162 23 161 73 42 59 63 60 12 171 183 142 86 155 189 185 102 74 128 183 150 36 21 151 122 49 115 53 17 182 92 31 122 153 170 89 108 112 83 5 59 8 111 131 52 112 110 120 110 47 200 167 84 125 177 91 197 121 8 91 157 141 53 59 62 146 154 186 130 41 33 72 159 184 125 85 61 180 85 143 26 114 113 60 130 9 141
87 122 63 30 117 70 65 195 196 126 17 152 81 72 6 119 31 165 167 190 158 198 12 144 155 90 149 30 18 49 41 129 126 118 181 169 59 98 150 87 72 176 33 167 101 134 48 74 69 128 193 12 157 159 78 129 140 11 8 188 199 115 86 59 149 177 123 151 78 149 197 73 200 79 1 180 70 35 168 45 1 177 72 3 139 59 200 171 70 171
112 195 95 114 180 185 24 158 14 182 177 14 136 105 138 85 137 86 17 186 62 26 44 32 88 89 84 81 50 165 44 57 50 44 120 168 169 22 30 109 159 118 107 90 178 88 176 119 26 88 130 30 86 7 188 86 145 116 74 15 56 167 194 151 54 70 91 161 116 165 64 90 10 36 39 131 6 31 39 58 42 56 91 88 157 45 127 185 21 50
58 118 81 72 149 8 90 192 167 100 197 17 58 99 173 98 89 2 135 70 129 107 109 189 11 117 57 159 146 171 29 114 11 124 38 40 109 44 67 31 26 196 34 177 36 110 174 192 142 136 54 94 148 145 125 162 136 14 71 28 91 39 177 122 144 126 121 31 39 159 143 152 181 39 124 70 118 23 145 155 53 113 94 124 149 87 102 26 123 30
109 45 138 121 5 100 176 14 16 64 54 39 137 136 32 63 69 29 158 42 117 76 197 38 66 75 149 14 67 147 133 124 154 107 18 21 110 46 159 46 66 123 116 156 113 13 168 161 46 141 72 176 56 128 107 117 130 91 179 66 82 185 112 167 163 178 7 7 17 27 143 85 172 134 50 69 78 135 72 156 68 76 84 81 86 142 28 128 156 2
16 94 104 32 19 70 128 178 152 28 171 173 18 69 198 149 146 41 137 135 179 20 151 109 134 191 33 51 158 85 11 30 44 8 186 80 93 95 58 80 158 113 2 105 195 151 8 68 110 182 22 125 43 169 43 117 88 19 85 190 164 32 117 140 28 139 61 29 29 45 143 118 156 142 142 183 125 29 84 124 162 181 181 28 179 62 192 30 198 162
102 27 182 4 47 172 149 25 70 94 182 186 18 180 159 124 43 28 128 84 30 116 132 160 187 194 5 81 35 150 20 31 73 152 123 101 76 93 82 23 132 138 25 5 71 158 123 37 94 94 130 200 93 103 22 44 112 163 110 57 54 127 179 6 69 45 39 170 171 46 89 5 149 138 157 147 25 58 191 98 189 57 86 92 29 121 151 147 180 149
29 68 79 52 3 46 128 108 58 27 49 164 199 139 114 66 142 31 194 20 132 113 84 68 127 22 128 134 3 12 49 50 63 4 198 61 34 132 121 18 48 46 100 85 33 18 174 47 193 174 52 4 43 160 133 170 196 140 200 104 109 83 91 167 167 71 153 15 195 83 190 38 34 44 45 119 36 139 56 153 67 102 67 150 10 168 61 131 33 132
141 62 24 155 45 78 92 19 13 181 30 99 122 117 146 20 168 148 165 115 169 100 115 181 193 39 34 179 26 118 192 16 96 163 195 143 180 129 176 83 47 119 134 111 33 123 53 174 132 134 55 10 16 175 50 62 187 7 80 50 145 86 195 3 62 170 84 199 177 159 65 88 133 185 4 187 93 154 67 57 160 108 102 175 188 16 96 127 101 187
162 31 25 10 67 63 131 200 196 30 2 15 126 91 81 150 64 110 189 150 80 104 63 114 150 175 147 132 157 115 135 17 160 67 125 88 94 162 155 60 169 195 16 42 29 79 131 127 91 24 180 123 62 130 168 102 1 86 198 3 134 11 103 89 119 38 160 124 146 163 52 50 167 79 33 36 135 90 25 185 17 128 45 46 161 149 40 40 98 122
45 188 144 125 68 188 99 124 81 112 144 62 53 156 145 191 198 178 128 154 4 33 115 83 100 114 179 102 146 164 94 117 31 168 33 196 28 91 194 124 87 163 72 98 35 51 186 195 139 103 93 106 86 160 48 190 105 47 168 168 7 103 166 167 25 16 2 25 75 179 181 91 126 89 176 74 121 97 7 168 63 103 165 149 161 85 141 192 88 97
29 18 189 184 63 111 54 187 39 92 44 154 36 55 125 69 62 144 30 32 125 100 75 28 156 26 8 176 53 104 185 129 54 169 47 171 32 1 110 152 126 166 179 12 62 86 60 138 54 24 198 184 138 199 165 118 172 189 129 160 27 86 88 192 119 125 146 159 47 200 195 52 75 152 44 55 23 164 50 34 73 13 193 198 83 32 15 102 123 181
171 143 170 166 10 134 118 19 136 2 145 154 87 5 37 55 200 16 161 182 100 104 113 94 146 52 62 103 166 153 22 109 82 14 99 185 152 88 191 187 190 169 83 158 59 95 23 181 97 48 71 70 94 69 61 82 63 127 141 18 104 133 22 131 31 41 87 175 46 30 69 78 59 66 2 149 23 153 68 181 113 50 85 25 68 187 180 20 171 7
43 146 181 168 114 188 196 40 23 16 89 131 183 71 148 55 96 155 94 152 196 34 160 164 159 51 33 168 151 186 152 104 183 159 133 73 155 193 51 133 126 146 48 66 82 189 41 183 186 76 195 52 80 176 129 146 70 29 103 194 45 195 6 81 136 168 2 160 39 18 103 150 165 94 12 51 157 163 179 91 69 7 70 103 4 113 171 149 26 35
6 49 75 175 42 177 106 62 45 104 141 116 195 59 155 54 82 149 95 89 91 63 186 167 26 107 92 80 56 144 33 63 104 119 155 196 97 7 29 175 26 193 169 200 191 42 187 21 66 198 127 147 87 76 113 121 73 167 137 80 89 45 155 78 98 27 25 88 3 84 104 53 11 35 10 186 124 6 141 20 109 47 129 20 16 26 99 100 5 55
200 24 83 150 133 97 167 32 3 8 159 68 164 97 49 135 1 55 33 85 15 85 27 118 88 153 160 98 70 43 76 87 40 121 13 189 100 186 127 56 122 27 137 85 151 24 64 107 145 176 190 145 128 32 18 182 177 132 50 148 80 162 172 21 153 80 140 20 148 152 152 105 137 31 198 112 23 57 94 117 83 79 31 39 122 70 98 185 161 186
90 77 146 115 84 30 87 116 8 163 158 141 22 181 100 27 178 98 161 110 163 135 22 185 91 37 125 195 65 158 52 129 171 193 158 113 76 186 30 162 52 185 85 184 134 173 157 176 170 52 6 131 16 80 150 183 112 16 161 150 11 36 133 55 50 96 119 197 37 128 189 127 87 82 173 147 163 69 81 12 113 30 163 143 46 52 122 159 24 184
167 91 37 89 16 63 152 25 127 158 69 165 157 47 3 75 130 11 134 76 193 47 196 173 33 93 142 104 135 128 111 150 80 85 149 190 197 185 187 165 186 127 84 186 101 56 174 115 166 192 13 170 7 80 158 156 65 76 145 105 131 17 109 199 42 153 159 83 169 98 69 163 8 30 177 82 193 122 182 193 188 100 44 150 6 153 52 44 170 149
43 88 12 146 91 85 85 190 11 103 137 119 2 161 180 134 120 27 56 54 138 137 139 58 41 159 115 12 161 101 199 77 144 111 101 181 19 112 8 129 25 42 53 193 161 143 46 109 81 69 60 111 78 70 16 49 198 133 183 36 19 89 50 30 19 111 111 117 141 137 79 138 18 194 22 161 108 173 191 182 195 193 46 113 67 45 150 139 104 165
37 143 143 142 151 134 48 101 135 177 178 104 179 69 59 5 56 106 119 64 155 121 142 130 112 199 75 44 19 38 150 176 8 139 171 194 139 132 153 107 165 165 39 109 104 69 26 90 135 115 138 45 13 83 124 82 114 27 72 126 133 119 169 69 41 168 152 183 186 33 156 83 54 94 158 123 61 69 6 186 108 108 7 96 128 50 9 18 62 111
5 161 38 44 89 73 105 51 23 86 59 98 42 86 25 167 87 42 8 26 38 30 19 115 181 150 195 59 180 10 170 26 118 41 124 152 16 20 22 98 18 184 76 144 65 174 23 186 102 111 55 111 20 196 25 168 165 117 157 110 133 159 101 164 124 192 189 168 124 109 147 176 107 58 146 110 91 132 27 11 26 57 78 21 101 184 171 29 112 169
41 55 191 178 132 94 14 131 76 200 74 58 28 166 107 193 185 90 105 157 31 107 180 77 193 197 21 145 38 78 163 152 97 188 18 24 16 40 32 120 142 148 7 54 191 158 32 116 177 72 32 133 21 117 151 12 30 194 140 149 143 172 53 90 60 51 165 82 78 66 70 119 42 53 102 151 33 21 44 177 6 178 101 145 96 195 4 99 113 184
61 183 41 197 45 103 66 182 138 51 173 52 91 191 168 123 101 33 52 62 9 135 25 71 48 27 66 133 76 91 200 64 131 25 45 102 122 188 108 14 124 142 169 131 8 7 32 127 149 123 24 45 16 134 125 164 144 180 41 147 15 188 9 17 31 77 85 195 78 55 135 51 135 88 176 35 113 95 128 84 77 181 22 163 177 130 121 70 62 33
62 158 137 87 96 142 71 136 143 23 103 75 189 79 80 161 162 18 166 186 160 164 61 30 96 2 81 112 147 197 194 78 131 33 70 5 129 57 36 68 7 167 132 199 143 186 52 177 156 61 24 197 80 53 97 115 4 183 97 124 39 41 160 59 195 129 119 62 159 93 26 7 101 72 117 12 193 121 195 16 122 52 184 53 179 176 184 54 20 88
40 171 164 38 115 119 194 144 107 42 93 85 18 45 47 18 172 27 34 13 171 71 121 96 186 79 68 145 93 114 153 75 25 127 71 106 139 92 200 60 147 30 61 13 114 111 25 141 156 40 106 133 168 67 90 5 68 90 127 133 68 133 160 153 194 191 35 20 20 2 142 177 52 1 101 88 92 178 95 50 139 43 31 147 191 85 115 103 9 195
5 103 130 89 163 23 22 160 172 122 24 182 4 54 132 52 149 1 47 6 148 184 101 6 119 142 1 194 82 111 177 2 107 85 32 174 36 76 68 166 50 186 97 172 119 108 109 65 106 172 8 179 131 53 65 78 184 159 188 41 183 30 98 166 68 112 124 165 24 111 79 179 140 195 193 111 107 70 36 47 46 98 79 107 105 68 88 75 179 153
193 3 4 49 139 110 168 119 50 30 17 72 62 168 78 184 161 22 41 180 62 109 19 181 30 113 152 144 120 26 48 159 51 3 60 125 39 197 31 7 2 58 118 127 41 68 89 64 15 2 157 34 61 5 41 198 160 62 129 59 195 162 19 179 79 100 66 127 165 99 94 57 125 18 94 194 123 166 38 82 155 28 57 174 54 149 59 144 32 174
3 156 107 149 99 179 121 46 58 166 52 27 82 9 32 121 1 181 174 193 191 14 120 187 48 164 140 131 134 52 144 120 40 112 113 23 44 110 32 75 31 84 198 45 59 22 31 59 21 52 23 118 47 189 62 117 197 191 101 153 45 1 99 83 72 39 198 104 102 47 121 87 70 47 99 200 86 179 181 109 173 174 9 18 145 141 123 85 76 85
197 124 109 152 127 67 81 178 16 26 141 84 173 171 97 145 144 66 49 120 196 39 85 148 135 77 93 163 81 142 1 68 23 75 182 62 115 40 149 178 106 179 132 162 109 175 7 13 124 91 18 105 186 170 182 84 35 123 20 182 153 66 28 179 125 141 52 52 140 53 146 70 163 45 151 13 123 92 43 69 166 111 175 137 109 186 39 116 135 104
183 18 136 185 186 28 38 124 70 61 41 112 121 164 164 112 115 67 126 197 67 18 140 89 30 106 76 63 78 136 40 59 172 134 85 188 70 98 137 62 38 143 17 49 51 150 17 88 188 69 117 199 182 198 170 36 74 24 76 111 20 196 131 195 66 91 141 189 44 61 172 20 122 23 143 72 41 48 36 199 115 98 57 35 189 110 82 7 43 118
19 111 99 190 113 159 146 20 25 82 97 111 124 134 70 89 195 187 20 116 15 18 97 25 6 187 117 119 131 51 166 172 51 129 167 3 127 178 36 186 54 83 131 95 9 60 4 57 100 59 56 119 88 181 117 24 62 135 14 15 53 191 144 57 138 44 187 76 180 55 174 51 98 123 43 73 178 102 90 53 154 42 131 160 50 149 136 141 146 113
131 21 63 118 115 177 43 120 129 63 119 107 187 70 90 5 161 190 47 10 6 135 98 79 10 149 160 178 137 154 168 200 105 192 109 160 142 191 55 108 120 74 114 162 9 14 68 8 88 78 132 87 7 27 103 20 150 171 173 193 6 197 96 140 59 82 93 63 20 64 23 108 58 143 107 71 37 56 199 57 6 193 147 1 200 179 137 123 133 77
74 61 22 118 109 187 55 9 103 49 101 30 162 79 181 21 83 187 56 69 47 87 18 123 79 114 52 96 157 45 191 170 99 23 84 197 59 197 69 15 103 121 71 155 81 185 45 179 179 50 71 188 17 130 31 76 54 77 75 139 176 101 68 12 200 69 87 50 153 108 85 193 128 17 33 25 111 102 11 173 126 171 153 52 143 197 34 50 9 43
193 148 149 105 16 115 156 148 4 11 132 169 56 95 102 158 139 84 149 88 141 95 136 173 87 112 60 26 47 11 25 61 144 187 95 9 126 154 130 126 129 199 164 140 130 176 142 80 96 142 43 56 193 127 51 155 56 63 117 74 44 154 189 174 52 194 129 122 176 161 121 2 68 50 9 74 81 32 192 147 190 96 20 131 110 87 106 129 73 113
24 103 17 105 87 51 181 20 5 191 129 186 185 121 38 54 175 102 126 153 165 11 3 127 100 127 130 189 32 138 30 109 116 190 137 179 184 143 149 67 15 18 193 74 193 66 75 115 91 172 14 34 17 170 117 177 39 158 91 15 159 175 58 32 84 149 187 64 100 73 148 185 192 38 102 109 134 59 105 198 21 168 198 162 82 200 178 99 117 60
3 24 126 76 118 171 16 94 29 165 31 20 76 73 40 161 98 120 68 40 49 11 56 130 184 63 35 36 56 186 8 69 16 173 28 86 134 96 26 85 138 108 33 38 104 45 64 7 67 88 62 160 104 86 122 96 171 126 69 99 66 51 92 72 55 99 67 89 45 172 158 197 117 15 191 161 158 8 150 136 88 180 99 58 128 192 104 41 58 197
112 68 34 188 41 136 184 138 96 190 124 154 3 107 94 156 41 67 40 22 188 40 88 80 58 63 42 4 116 47 175 67 35 179 96 193 193 4 30 45 90 18 72 124 124 105 60 39 129 16 93 120 174 181 15 77 102 43 56 165 20 130 39 171 45 61 194 56 74 195 137 24 34 131 32 168 8 196 115 83 185 32 181 167 114 167 131 17 146 168
75 187 20 194 165 149 114 98 42 85 132 99 104 164 23 91 145 96 111 115 19 43 27 104 24 186 155 132 106 55 190 107 108 14 50 183 47 184 149 198 73 117 172 198 129 193 34 17 72 174 185 74 11 111 41 30 96 29 15 168 94 167 151 195 54 32 31 133 143 185 178 173 56 171 93 34 116 151 69 186 12 66 2 113 104 61 56 110 54 14
129 3 194 104 138 79 57 140 44 195 116 44 99 80 104 63 161 7 57 85 38 39 16 65 192 7 150 177 61 152 30 124 199 12 71 158 157 152 15 1 63 156 42 11 92 8 176 126 75 188 31 102 151 63 97 109 15 38 48 164 171 172 161 138 145 179 16 133 180 167 149 83 24 40 111 116 200 86 73 128 113 116 60 177 165 120 87 174 73 111
19 72 190 79 17 143 154 184 152 142 10 54 116 96 175 95 175 144 125 194 188 138 193 48 102 7 139 61 198 128 133 16 12 42 164 184 97 178 62 53 68 110 109 132 189 139 11 173 191 161 174 71 187 152 194 23 181 141 5 105 155 159 90 60 158 10 38 22 108 119 148 97 131 130 26 63 177 11 21 20 19 84 158 145 165 122 152 107 92 67
33 163 127 132 37 58 45 89 163 87 188 151 87 55 78 55 90 119 79 134 71 24 66 171 21 181 198 55 1 48 198 22 188 173 81 89 191 4 121 101 135 24 163 113 146 125 163 119 25 171 135 114 45 196 63 101 42 120 168 103 166 111 28 174 143 47 1 92 134 98 40 114 56 30 22 116 44 113 187 133 43 94 58 193 5 6 169 140 98 166
96 10 186 10 154 9 47 24 21 167 124 187 94 137 168 135 158 139 87 134 76 5 124 143 99 26 105 6 181 117 147 175 29 108 25 53 31 122 59 49 74 4 125 99 1 118 44 86 73 75 82 78 20 111 39 104 90 140 155 22 8 28 156 117 54 58 194 101 167 105 118 14 5 140 165 132 185 126 125 105 64 123 92 37 38 78 146 105 12 9
163 182 6 164 179 88 17 54 153 102 185 176 38 104 148 158 163 197 26 146 50 80 59 152 160 75 124 116 64 136 131 149 63 113 80 20 74 163 96 167 142 196 89 19 128 194 90 198 145 76 41 41 62 197 157 152 109 10 190 76 176 95 45 19 4 20 65 106 45 162 96 103 51 86 160 29 73 30 192 193 4 175 76 169 187 105 142 95 9 36
159 29 151 24 74 101 97 198 131 50 178 149 67 168 146 169 163 86 51 88 66 157 173 56 105 168 29 134 50 18 12 71 63 111 154 200 171 168 76 15 24 129 112 137 130 195 112 1 100 127 154 86 198 63 130 149 13 113 152 19 180 110 58 111 12 25 18 64 158 96 74 11 1 152 115 38 83 29 183 95 157 106 85 171 133 186 127 35 19 25
136 15 120 180 80 25 163 170 134 119 54 70 94 35 67 25 109 33 125 71 166 116 57 116 89 122 149 37 28 108 56 176 199 191 96 179 48 29 199 78 8 166 21 48 75 176 61 128 71 35 75 137 142 176 151 40 190 66 44 183 183 69 62 183 74 32 122 130 3 82 8 166 6 53 15 58 172 57 76 136 50 116 17 21 139 63 97 157 49 161
12 60 44 28 109 104 21 149 54 4 178 123 64 137 184 16 159 78 93 40 138 153 163 19 35 94 7 53 130 69 36 51 180 68 154 199 173 35 119 173 116 153 153 138 101 160 193 11 174 192 104 148 122 46 167 63 117 87 170 198 96 3 5 48 168 110 172 59 93 53 28 129 65 33 33 92 65 50 152 113 25 123 16 131 111 92 109 18 48 31
59 155 114 127 176 79 165 122 90 2 72 2 9 36 115 58 145 198 68 186 124 190 67 65 57 138 115 1 61 59 129 19 42 23 184 11 139 65 98 81 177 13 3 173 168 174 189 187 200 9 129 104 183 107 158 132 37 144 79 138 189 127 133 128 149 172 141 147 96 104 99 87 112 53 194 186 9 36 192 6 185 32 60 100 200 180 15 170 188 182
84 45 69 180 161 10 135 171 189 87 185 119 172 81 53 146 144 100 106 158 200 56 15 27 76 113 155 15 182 178 186 184 95 54 127 54 151 28 130 85 57 6 132 152 169 88 164 140 175 40 45 63 173 185 98 195 72 108 59 14 167 187 74 125 65 113 57 13 113 132 55 114 39 45 22 12 1 193 135 32 144 151 168 120 188 44 36 184 157 83
81 151 26 139 199 92 170 193 131 192 78 173 151 44 75 75 99 136 2 29 6 114 116 35 122 188 106 116 88 182 136 96 70 179 108 162 92 131 73 44 169 96 103 158 69 180 1 53 99 69 92 93 4 94 132 103 191 35 149 81 70 14 109 115 83 62 66 75 166 98 90 179 62 28 153 30 22 173 62 19 92 189 28 146 133 185 130 198 34 94
2 154 64 81 69 111 61 39 95 88 198 170 20 39 48 162 39 184 150 48 196 9 89 168 54 82 13 42 121 89 121 97 44 80 99 147 10 2 124 121 72 70 124 89 127 68 149 3 111 165 127 165 24 190 189 2 72 100 103 2 188 158 92 90 157 85 9 149 107 102 150 141 110 171 156 56 130 6 158 35 109 120 102 94 171 7 93 156 84 83
10 142 47 103 78 173 67 116 14 74 57 24 81 103 162 171 16 174 141 126 18 161 99 63 122 56 29 84 74 70 193 168 186 8 101 36 98 114 160 39 145 23 155 191 47 140 187 192 170 66 105 157 174 162 143 43 96 138 49 155 107 98 42 56 94 141 58 71 8 42 126 100 14 101 170 90 54 27 7 25 182 55 60 8 17 29 34 79 111 84
144 4 142 192 86 77 38 20 83 32 20 27 130 26 149 143 54 85 120 14 147 148 147 114 22 137 175 60 62 128 153 177 20 197 40 129 159 103 73 176 11 53 24 104 68 131 52 63 32 89 73 41 25 133 27 196 72 109 135 172 78 49 11 98 57 82 3 63 192 195 188 108 13 124 45 40 180 22 74 134 73 162 200 196 178 107 159 94 99 132
45 169 193 174 5 76 151 64 84 116 130 200 185 9 45 173 127 121 41 15 109 121 53 167 64 196 141 81 196 117 110 103 129 7 10 47 162 94 3 109 151 149 128 167 190 102 10 37 9 181 197 114 150 6 85 54 165 1 71 43 26 151 123 51 49 43 112 74 162 124 186 188 132 35 149 29 124 176 84 127 176 169 185 199 85 7 73 29 54 159
81 159 192 148 64 116 120 172 98 17 177 110 78 73 177 184 86 4 164 72 177 84 56 168 45 90 41 183 30 168 131 164 112 42 78 131 185 168 102 113 4 85 182 27 74 108 10 161 112 146 198 104 116 117 113 141 158 88 114 63 48 136 180 10 149 139 65 197 192 24 149 182 73 41 199 5 198 64 85 193 28 191 200 69 134 154 80 3 156 30
197 57 140 178 29 66 178 113 31 36 132 151 134 174 145 6 132 98 24 44 161 150 100 137 33 36 133 3 168 164 41 134 133 111 187 68 76 30 30 20 173 132 8 68 140 16 199 27 90 31 88 46 67 32 132 88 23 170 67 186 44 140 53 127 48 45 93 83 50 30 163 185 93 79 64 52 22 31 200 7 161 17 64 20 91 175 152 64 18 55
142 131 129 10 130 120 135 85 179 63 62 69 134 111 10 17 133 19 89 119 26 121 114 36 160 24 135 1 55 104 5 14 174 91 148 151 127 176 149 24 5 73 44 171 107 30 174 144 21 14 58 176 159 31 129 76 4 88 18 72 80 57 43 180 79 118 97 113 80 106 173 170 44 35 78 149 44 69 53 172 199 84 33 66 131 167 58 173 26 143
184 150 59 188 98 19 162 107 21 191 87 161 145 177 169 111 183 87 58 93 117 12 80 73 142 70 98 27 13 29 193 6 124 175 75 54 175 126 139 105 163 166 75 65 188 55 30 29 115 19 148 169 11 96 11 104 114 44 22 153 66 179 69 191 171 66 8 113 119 143 174 90 109 42 68 196 88 57 198 145 114 71 145 41 80 9 90 133 99 189
57 184 31 25 9 32 123 41 155 51 57 31 1 86 157 164 87 141 108 31 39 99 149 66 108 92 47 198 81 80 11 35 173 125 97 196 96 180 14 188 63 102 143 140 62 123 147 160 41 86 120 20 167 87 121 144 116 56 117 5 67 21 131 106 1 185 8 139 112 68 14 101 25 139 94 9 42 17 56 79 6 137 50 71 108 75 106 7 115 65
115 189 164 82 65 16 163 61 59 180 144 149 104 64 126 26 58 59 176 64 27 156 95 191 2 67 86 156 165 168 75 26 28 144 178 77 119 93 56 188 39 15 188 180 95 84 51 90 40 102 20 177 45 18 2 23 174 175 180 126 195 20 48 72 180 89 154 135 86 86 74 73 158 135 162 103 1 52 114 44 185 90 184 168 98 197 110 57 54 140
148 92 192 65 145 67 153 88 121 151 92 151 34 4 30 196 5 131 83 101 129 98 175 50 34 115 174 127 111 151 180 123 133 139 169 175 81 150 136 83 110 77 123 107 173 56 8 4 157 2 31 75 171 40 172 45 91 14 89 162 159 65 78 13 83 140 163 50 5 129 14 135 154 69 174 30 41 27 170 198 117 158 92 60 13 189 162 155 106 93
139 164 176 110 140 150 9 42 170 24 82 156 11 78 178 49 111 76 167 15 87 98 112 110 98 66 82 42 30 144 18 59 62 90 31 30 136 48 152 127 42 145 31 116 169 113 11 31 96 102 174 43 123 140 10 171 46 1 71 123 120 131 176 105 35 113 134 101 26 171 27 138 73 139 185 29 110 72 143 68 170 21 200 137 100 102 188 93 125 177
109 131 126 168 14 82 106 4 142 6 171 120 112 58 145 4 150 60 39 9 116 97 95 126 172 193 126 169 105 194 128 35 189 78 169 81 30 122 99 160 57 160 21 152 132 131 97 73 110 179 141 183 123 102 95 55 182 44 157 93 92 31 198 100 31 190 49 38 90 87 81 73 1 125 198 132 197 45 75 78 139 65 185 49 25 158 87 86 170 21
112 75 126 132 73 133 57 140 109 26 2 33 120 138 115 30 190 174 127 112 87 77 96 190 131 194 75 96 131 74 129 180 56 158 6 156 184 175 107 163 167 110 156 45 49 8 192 44 152 102 153 49 168 179 30 138 1 40 28 85 43 89 98 49 23 53 50 121 37 54 152 79 69 185 41 103 116 153 140 63 23 179 134 160 28 16 54 22 79 128
128 17 150 150 99 36 124 132 45 181 65 104 89 61 153 155 164 132 20 142 186 163 19 12 185 78 63 107 193 28 94 200 177 60 163 120 130 18 75 92 184 96 29 144 85 147 60 93 144 114 172 60 17 34 33 158 86 20 23 174 52 57 197 3 159 185 183 33 29 12 185 93 44 38 69 194 139 195 193 132 198 134 11 190 108 190 166 178 22 183
198 108 15 147 87 18 160 21 32 166 13 159 27 72 161 106 56 114 158 55 197 31 161 185 146 182 98 187 10 92 138 168 144 102 43 196 118 123 194 32 70 177 89 41 64 29 176 127 93 20 116 21 157 108 59 21 7 28 173 171 113 164 82 104 35 1 101 46 113 108 125 146 2 41 196 173 129 125 177 165 85 132 75 126 176 35 107 145 31 100
122 150 189 187 110 10 99 45 2 89 27 52 37 74 166 83 147 116 73 48 119 81 177 157 71 195 170 4 164 130 196 20 48 130 200 153 130 30 93 124 115 27 147 89 165 198 134 110 85 144 129 121 166 173 136 64 82 1 101 117 164 1 85 90 48 127 106 87 135 194 164 130 195 143 136 38 61 197 56 126 57 144 61 71 34 199 77 26 182 68
3 104 117 13 110 51 179 9 48 119 140 140 11 95 39 175 84 121 20 124 140 190 200 150 196 199 174 43 54 86 40 13 109 160 93 113 166 126 44 195 173 116 184 161 118 118 174 191 170 102 89 24 11 82 174 163 97 142 26 44 109 21 127 65 144 27 87 188 61 56 195 152 153 117 197 36 68 98 70 123 82 43 58 127 3 17 147 160 156 146
52 145 193 193 184 82 157 184 91 30 84 54 96 22 176 26 140 119 11 12 173 159 69 28 30 85 161 153 197 73 146 118 1 200 60 160 59 165 193 124 146 142 23 155 91 169 72 44 117 163 59 166 119 44 1 6 120 85 187 160 68 134 55 79 25 126 171 193 22 144 75 88 156 189 165 170 156 166 149 89 86 29 46 103 69 177 160 164 95 160
184 45 16 70 32 200 61 161 156 193 144 18 87 178 102 87 35 136 114 155 184 2 95 68 176 165 22 7 117 200 199 135 172 87 122 77 11 148 73 80 91 48 69 13 182 121 50 103 172 33 154 55 64 178 186 162 134 52 83 43 154 35 100 1 27 72 43 5 36 106 161 62 147 97 11 111 13 119 61 2 14 191 40 148 185 170 102 185 78 23
189 23 125 183 102 150 152 38 124 112 166 170 22 131 171 3 109 180 24 14 44 147 160 182 25 174 99 71 140 182 6 155 72 116 88 86 10 190 170 142 170 32 185 160 164 146 82 122 28 199 112 183 151 108 123 164 116 46 180 164 92 176 4 179 33 195 89 75 112 56 56 8 124 161 15 18 139 59 29 37 20 55 100 163 67 170 69 37 123 49
159 135 165 3 75 135 149 36 99 60 79 91 53 171 19 42 161 117 27 11 149 136 77 106 2 138 150 169 125 97 15 51 63 3 99 166 149 124 103 190 48 66 4 156 198 194 91 142 51 58 84 122 123 174 44 133 153 7 69 150 67 2 104 131 98 51 160 126 153 104 190 77 23 58 163 87 17 49 102 149 160 195 198 19 188 82 137 6 153 74
