100 	
7	72
0	6	3	386	5	
1	7	4	303	6	
0	8	9	73	8	
0	5	3	350	9	
0	2	8	113	8	
1	8	9	426	6	
0	1	5	139	9	
1	8	7	235	4	
0	9	3	37	8	
0	5	5	397	9	
0	6	3	341	3	
0	7	7	374	5	
1	9	7	342	7	
1	6	7	235	1	
1	5	7	333	5	
1	1	4	258	4	
0	9	6	116	1	
0	4	9	26	2	
0	4	2	28	8	
0	8	9	177	5	
1	8	5	63	4	
0	6	3	339	4	
1	9	6	234	8	
1	5	7	325	2	
1	4	2	202	5	
1	2	7	349	2	
0	7	3	331	3	
0	6	3	191	9	
0	5	3	7	7	
1	2	7	423	8	
1	8	3	320	9	
0	4	7	472	6	
0	6	1	88	5	
1	3	7	385	7	
1	2	1	178	7	
1	3	5	300	3	
1	9	9	199	5	
0	6	8	90	2	
0	1	6	376	9	
1	6	8	450	6	
1	8	1	471	5	
0	7	2	490	7	
0	6	3	476	4	
0	5	4	289	4	
1	2	8	300	8	
1	7	4	414	6	
0	2	3	350	2	
0	4	1	186	8	
0	6	4	66	5	
1	1	1	315	9	
0	6	2	315	6	
0	6	9	135	4	
0	5	4	333	8	
0	5	4	97	5	
0	1	5	25	7	
1	7	4	89	2	
0	6	4	334	7	
0	5	4	478	8	
0	4	9	489	7	
0	3	9	331	9	
1	1	4	98	7	
1	2	9	465	9	
1	7	2	261	7	
1	1	8	208	6	
0	1	4	391	4	
1	7	3	95	2	
0	9	6	376	4	
0	6	4	161	8	
1	8	3	172	1	
1	9	5	110	3	
1	3	8	451	5	
1	5	5	216	1	
1	1	7	223	3	
0	4	3	17	7	
1	5	2	439	6	
1	4	3	488	7	
0	3	6	21	1	
1	5	8	160	2	
1	2	8	435	8	
1	3	1	418	6	
1	2	9	430	3	
1	6	2	139	1	
0	7	3	274	4	
1	6	5	315	3	
1	3	9	248	8	
0	3	8	186	4	
1	5	6	315	1	
0	9	6	229	8	
1	5	2	460	5	
1	7	3	328	9	
0	1	8	394	1	
1	5	5	41	8	
1	6	7	293	8	
1	1	9	176	9	
1	3	6	151	1	
1	1	1	49	9	
1	3	9	107	1	
1	8	8	95	9	
1	9	5	344	2	
1	3	6	480	7	
72 164 199 122 5 54 122 167 180 154 126 120 165 23 54 118 61 102 94 61 126 63 154 88 199 152 49 21 170 70 7 15 157 132 70 24 184 25 171 29 32 22 22 196 47 91 21 191 153 49 118 88 119 194 194 117 119 7 162 111 38 32 128 63 172 11 125 157 146 76 169 175 50 77 40 128 90 124 84 135 49 158 158 122 141 62 47 32 157 192 191 43 16 124 118 55 82 178 118 27
149 41 91 155 199 99 19 117 95 28 66 188 109 6 51 9 187 108 62 80 59 136 125 165 36 30 99 9 46 185 184 167 173 104 8 118 52 198 63 74 106 57 186 159 156 150 53 112 75 154 36 93 33 124 180 157 155 26 14 47 167 141 2 116 74 110 156 16 21 33 32 164 30 134 160 87 128 72 169 7 117 89 100 58 146 27 50 125 57 102 8 188 89 158 165 72 3 108 142 83
24 106 36 147 54 196 115 59 4 5 92 194 33 41 109 48 130 55 132 59 172 136 19 87 120 159 124 134 113 7 7 174 159 76 51 11 183 75 175 143 181 30 160 12 109 153 168 14 12 86 139 12 35 23 172 119 139 77 54 55 144 68 42 131 124 12 10 5 134 162 91 71 164 150 80 158 106 63 161 139 48 2 116 45 16 49 18 133 129 195 154 167 57 118 20 49 26 15 87 3
38 14 122 191 108 70 72 127 165 189 168 148 13 142 162 102 5 86 93 23 169 110 185 2 189 192 2 147 43 181 126 105 104 148 195 165 124 90 71 134 112 39 191 47 65 169 80 46 138 154 132 96 150 69 168 188 19 90 46 150 103 187 129 129 112 96 95 181 175 142 8 41 94 166 161 72 54 116 97 133 147 113 43 108 44 5 19 46 15 60 120 48 88 174 193 152 156 169 123 80
85 89 103 50 25 147 76 77 168 179 57 138 112 104 115 99 50 67 54 55 20 34 59 129 133 7 26 131 116 137 59 39 29 115 106 109 126 108 65 92 33 130 168 126 65 164 18 92 157 170 145 96 3 78 163 110 86 21 25 85 167 141 184 3 141 77 52 200 118 92 31 90 50 140 67 181 157 32 12 71 96 16 126 133 137 116 84 83 19 96 52 120 103 154 21 131 96 15 124 192
103 63 137 179 146 112 30 52 148 4 11 173 85 190 170 22 97 82 86 44 148 69 26 187 26 111 113 113 196 165 99 13 135 29 102 198 24 130 156 108 27 148 165 171 60 48 179 126 20 39 7 94 73 188 27 2 150 158 184 107 160 79 132 128 4 86 169 48 43 34 16 177 143 152 128 6 121 71 71 25 196 82 135 156 155 156 164 165 58 84 41 77 137 86 163 20 145 80 107 44
5 64 121 101 150 162 130 186 175 82 121 67 147 15 197 66 170 38 156 96 1 76 167 124 90 195 69 181 65 187 35 195 148 161 38 68 98 107 53 177 6 110 59 60 32 169 123 182 117 32 197 181 76 8 121 169 134 144 173 73 85 10 60 124 136 47 155 130 12 157 195 53 19 28 86 114 74 113 133 30 59 97 141 191 87 188 17 142 21 152 63 94 105 29 67 66 36 35 8 164
106 94 31 25 60 118 120 40 107 119 94 58 176 44 108 193 38 67 101 62 129 15 31 187 11 47 13 39 1 158 49 143 81 102 194 62 40 87 139 161 38 157 177 96 86 31 166 160 183 8 147 97 48 168 60 149 166 37 52 80 141 126 131 3 38 176 154 14 62 46 63 92 90 153 161 109 2 134 54 76 181 184 175 29 98 21 194 63 135 139 104 47 166 175 2 110 55 106 150 3
105 198 102 14 147 45 146 48 176 195 199 192 5 168 45 150 4 86 111 26 16 117 148 149 130 160 38 140 89 68 136 39 141 17 194 91 142 12 119 18 4 95 130 187 12 103 123 153 48 181 99 171 123 74 139 133 190 99 199 127 42 187 103 103 100 81 130 42 104 18 200 9 4 115 133 190 128 55 58 153 61 77 46 148 181 158 77 105 51 32 137 66 20 19 17 182 44 129 43 14
74 185 50 196 22 90 7 3 11 115 20 73 12 32 108 6 145 78 101 68 200 150 52 45 27 156 37 104 25 49 197 41 15 152 3 122 71 79 18 81 132 45 86 25 82 122 92 56 54 72 93 36 63 164 15 48 106 128 114 52 176 180 18 60 182 174 176 144 94 51 77 85 3 190 135 28 110 11 171 31 17 197 162 80 176 22 128 3 115 117 24 147 123 118 149 107 182 49 98 152
81 59 12 67 155 143 115 176 24 86 7 31 178 145 173 141 180 154 109 77 147 130 74 110 78 151 192 108 160 27 89 5 152 40 50 162 149 146 75 102 13 8 134 40 94 139 188 200 128 175 168 120 99 195 135 120 1 124 18 47 76 50 166 127 154 194 100 159 18 107 39 103 8 199 92 18 71 198 60 177 158 19 157 76 183 188 110 96 164 161 62 109 50 43 150 165 13 102 33 191
41 117 22 190 174 29 23 169 19 194 152 14 24 103 19 152 6 189 130 1 105 185 188 49 90 77 52 23 46 141 194 99 66 60 28 172 42 97 37 59 45 53 44 129 103 77 47 90 71 128 67 150 129 81 179 42 22 142 11 124 4 47 154 162 125 96 114 64 194 94 165 158 42 28 101 160 71 121 112 132 152 149 80 158 144 8 44 164 171 113 177 104 147 133 166 4 116 153 112 151
94 115 23 66 92 170 138 104 66 178 137 177 21 136 22 36 97 88 63 151 142 60 34 134 41 46 66 79 6 79 166 99 106 157 64 35 174 125 77 109 184 70 71 68 110 179 164 135 31 144 161 36 179 200 149 13 199 121 188 120 38 115 189 107 106 176 33 173 123 177 98 139 74 195 90 101 106 50 90 59 196 141 14 193 150 63 136 180 147 125 165 200 115 106 184 192 45 81 85 147
145 180 173 172 17 13 117 152 157 169 176 170 150 77 8 27 85 22 10 115 41 24 24 25 119 130 184 101 91 193 75 165 35 92 111 1 28 59 17 71 198 78 168 191 24 82 173 10 105 188 187 137 192 130 154 125 125 72 34 47 114 34 104 147 32 132 94 120 199 148 104 74 19 12 68 102 18 152 49 2 70 77 126 193 126 124 50 24 112 136 133 176 32 129 63 2 124 16 18 93
99 147 189 98 92 112 86 41 190 22 95 87 172 182 77 149 147 2 154 165 151 65 199 63 14 82 68 10 42 44 189 161 73 105 133 186 48 44 194 54 14 104 41 2 149 165 3 135 85 38 178 156 64 53 128 142 79 198 100 94 35 60 105 6 63 131 187 149 41 173 140 145 55 76 134 171 155 65 19 57 7 83 185 6 165 73 94 61 72 111 34 183 112 109 77 90 109 170 61 144
47 2 186 93 26 114 20 23 187 96 21 58 142 79 140 148 167 138 105 7 172 118 32 10 140 44 150 120 187 101 189 23 177 50 1 24 15 126 81 95 66 151 123 54 116 2 59 110 174 11 64 123 29 36 70 195 72 14 19 23 115 100 54 127 172 182 58 142 19 47 44 38 43 112 36 134 58 172 23 1 64 116 19 114 25 26 174 138 64 146 85 156 186 165 198 107 70 40 125 36
184 13 69 72 108 177 69 36 182 116 35 144 147 53 154 76 94 74 71 147 63 32 142 176 72 154 165 198 80 47 199 25 5 89 122 140 63 17 79 12 64 194 85 46 97 144 164 37 175 163 124 23 64 22 26 100 110 117 156 100 6 137 4 68 55 47 123 89 131 88 108 25 170 79 146 73 70 13 190 55 141 127 74 44 9 1 186 177 95 184 102 29 187 60 174 52 76 184 109 138
173 56 125 36 197 197 5 150 180 179 120 155 54 160 41 166 110 185 150 127 141 164 15 63 198 76 81 118 178 165 48 139 61 38 24 54 113 28 148 11 59 118 140 97 7 77 101 112 132 146 75 11 82 7 198 70 126 86 135 59 164 128 35 200 1 136 32 172 44 113 18 85 104 29 163 14 113 184 114 14 176 176 96 28 147 93 198 159 44 27 45 63 71 107 51 152 114 183 63 86
58 134 17 164 123 54 106 173 141 139 181 84 51 109 62 175 7 118 28 54 3 184 21 56 127 145 31 185 88 118 151 108 181 70 97 74 38 188 121 144 102 123 109 188 190 5 42 92 34 41 175 51 140 169 43 172 120 175 132 40 191 99 139 12 83 143 52 126 138 94 174 31 36 132 92 196 89 123 141 40 101 114 66 44 120 146 51 139 162 175 181 103 169 3 110 38 194 67 2 168
42 197 71 166 182 102 92 100 92 101 101 185 148 39 8 95 22 7 181 183 97 77 155 7 56 46 14 191 39 193 34 4 22 24 58 122 125 183 40 166 26 77 144 97 161 135 112 161 65 59 79 40 82 33 31 32 14 66 77 98 113 78 172 90 135 195 48 189 169 30 70 50 99 70 145 109 191 107 113 50 5 133 160 88 110 194 130 42 94 41 16 42 149 91 112 197 117 7 63 83
86 149 167 146 171 200 17 58 104 125 7 81 185 125 164 80 156 105 189 51 81 93 1 35 13 40 84 60 109 173 198 87 145 52 22 166 52 30 166 137 25 82 148 50 134 45 181 115 37 192 158 139 58 163 122 185 111 158 157 38 157 173 186 108 138 17 18 67 167 16 177 119 38 174 158 48 13 161 103 146 158 178 132 21 144 145 55 120 184 11 199 169 62 179 117 196 185 46 58 152
31 85 66 156 167 14 159 123 153 92 131 24 176 24 48 13 50 17 22 117 45 57 176 136 176 111 15 155 90 32 168 39 27 62 3 192 39 136 183 114 178 192 96 170 171 44 114 119 119 99 154 50 159 128 27 79 158 41 28 3 78 5 154 115 151 57 100 176 175 180 37 61 44 65 64 122 100 69 3 5 177 7 15 117 169 162 185 158 159 145 121 28 141 165 146 102 60 42 53 130
169 59 199 147 38 163 191 143 39 30 59 193 160 164 17 46 90 93 102 33 61 95 175 95 62 112 161 105 28 40 68 114 126 169 123 185 85 82 165 146 103 156 172 195 42 42 169 48 178 82 73 153 199 39 167 13 188 127 42 176 174 94 116 97 9 20 198 89 123 83 168 127 133 176 73 124 48 73 189 9 99 173 75 84 13 63 197 133 47 66 4 138 99 43 39 15 95 119 89 11
167 10 70 98 62 4 189 167 85 3 172 158 50 108 32 65 127 55 167 170 133 40 174 79 9 3 27 181 75 117 80 24 116 159 58 110 4 170 196 149 186 192 39 49 31 168 17 64 158 18 74 130 75 197 64 96 150 88 28 16 36 22 166 199 128 120 157 1 35 182 180 164 36 82 94 106 173 70 133 100 200 132 94 103 197 128 111 58 14 190 143 1 159 200 135 44 174 83 93 21
195 87 91 1 133 74 145 9 89 99 182 29 80 128 198 41 31 149 57 183 111 78 4 197 70 167 178 168 4 136 48 76 130 25 25 119 140 181 82 56 31 80 174 5 177 200 171 51 155 32 198 153 125 88 88 103 92 109 156 103 164 157 39 4 92 13 115 182 29 177 67 87 133 98 112 181 151 83 45 118 142 116 97 139 24 156 162 92 180 172 23 126 53 39 45 78 153 85 195 22
162 85 157 15 68 198 46 22 11 149 198 88 15 186 64 95 145 148 190 34 124 162 87 25 75 113 83 64 131 17 76 19 117 12 25 122 17 142 3 159 117 65 170 114 4 133 193 141 48 131 29 34 82 77 116 174 136 37 109 150 36 81 156 149 137 36 164 110 101 156 77 35 85 75 71 24 192 113 100 77 74 30 190 144 128 91 147 66 8 159 93 91 97 28 76 91 40 125 115 175
45 48 98 138 71 110 188 29 120 32 66 71 94 125 131 102 174 182 179 54 69 182 150 179 143 150 85 100 22 22 126 32 101 72 18 162 182 107 81 191 164 114 123 48 140 148 116 34 75 172 20 40 140 170 154 135 182 60 167 47 110 68 30 192 34 21 187 148 59 27 82 89 42 89 161 177 38 112 145 177 154 41 134 145 173 96 150 16 109 112 165 81 140 141 128 124 125 32 89 170
60 151 137 26 163 161 36 142 98 164 14 46 99 164 13 135 6 83 161 14 25 31 153 162 68 39 54 169 162 192 47 103 48 133 55 41 137 108 197 81 18 59 98 185 20 17 153 124 16 7 65 98 154 118 119 196 8 194 37 91 79 33 93 152 70 169 34 106 46 37 94 34 93 155 31 161 76 3 91 177 124 7 33 60 4 6 27 108 103 93 141 53 164 55 159 32 183 137 114 107
42 75 179 46 154 48 104 22 185 138 22 134 68 170 91 40 166 83 132 76 146 48 46 137 3 2 27 50 46 18 72 197 54 157 104 149 124 157 36 104 50 49 98 71 3 136 67 152 30 190 159 117 168 90 118 180 103 147 23 135 121 17 6 66 98 196 107 153 54 97 185 27 116 122 23 62 98 129 33 93 153 154 14 116 133 39 13 178 134 102 115 192 112 165 166 90 170 20 96 99
60 84 148 190 114 27 48 47 200 51 127 22 31 173 135 110 183 173 69 182 180 131 64 197 39 70 165 100 49 68 180 18 98 96 76 30 6 108 159 178 189 111 174 18 55 45 51 31 21 174 123 77 73 117 163 178 127 175 191 58 38 31 118 186 156 76 88 102 170 102 196 181 130 102 193 126 151 175 24 74 59 166 190 108 102 66 35 142 43 186 36 115 140 20 14 32 61 158 2 138
140 137 141 81 89 85 194 1 194 42 33 150 90 60 41 54 108 184 72 27 146 90 119 77 13 137 168 106 188 153 99 42 1 120 156 124 122 100 111 20 177 195 200 188 168 120 120 43 104 96 116 42 186 93 70 2 199 37 115 71 121 52 33 61 85 158 97 160 71 172 19 129 179 170 2 105 130 21 109 130 69 169 166 24 17 15 163 157 77 46 165 149 37 179 109 132 48 76 80 123
125 126 4 46 128 184 121 188 41 2 199 32 17 196 47 142 150 26 5 3 18 199 124 83 99 48 5 36 141 140 64 172 182 142 183 17 19 133 52 82 36 180 18 186 168 56 29 30 104 117 88 52 4 52 177 109 157 21 31 121 50 191 122 180 2 6 11 136 93 197 192 102 117 3 117 107 164 105 54 6 113 148 5 133 195 195 148 131 95 109 177 5 200 130 136 82 150 7 129 110
145 17 8 103 160 81 83 93 70 154 107 63 105 25 8 188 188 157 191 111 94 28 37 5 173 68 46 135 149 21 43 181 192 7 141 187 63 58 11 197 73 184 41 7 156 65 21 157 84 23 48 168 13 105 74 100 161 160 84 6 16 45 189 6 20 24 193 94 26 184 105 110 86 61 103 159 76 44 139 144 42 55 148 39 193 194 164 182 171 82 66 147 98 183 195 126 122 6 137 38
194 98 41 174 35 64 46 46 174 129 154 110 168 195 68 27 143 43 128 136 52 97 19 118 180 105 11 116 67 93 161 16 74 60 67 11 98 143 195 192 148 40 81 118 176 74 28 187 144 171 28 64 118 173 13 185 49 123 179 114 40 101 192 115 31 11 175 70 3 155 127 145 19 84 64 126 106 184 86 176 109 106 190 129 181 78 79 96 5 60 4 173 178 152 120 149 14 66 47 97
144 169 118 164 40 149 70 167 12 104 145 35 182 183 141 16 142 29 73 33 78 107 128 24 192 34 21 82 143 171 5 145 122 163 140 129 8 66 133 119 48 184 47 180 33 74 102 105 115 128 99 16 48 74 198 108 118 30 107 136 56 36 134 115 177 146 127 41 30 200 121 18 69 146 110 121 139 23 148 91 59 40 111 31 15 25 124 35 184 169 92 67 25 104 46 192 143 85 154 63
66 134 61 21 2 113 170 75 104 19 122 42 12 171 177 101 156 120 5 109 133 116 85 141 182 59 43 86 85 146 191 78 92 174 191 76 176 42 3 104 161 4 143 155 2 200 39 6 112 187 175 69 99 39 60 102 153 169 190 17 56 84 4 57 143 112 160 117 135 118 81 55 180 110 117 120 105 128 38 151 8 126 93 79 191 30 173 158 95 73 81 109 20 104 192 26 94 44 31 30
191 87 7 186 139 19 41 144 131 18 55 118 148 86 90 164 21 46 128 14 31 60 3 184 101 149 179 73 77 17 120 22 39 135 149 27 152 91 120 193 31 154 197 178 62 20 172 148 68 198 9 126 2 18 141 107 25 51 152 129 20 112 73 97 173 140 133 124 158 44 32 169 161 41 194 62 102 116 31 114 10 7 168 12 193 22 69 181 46 169 70 56 164 69 60 175 69 80 34 43
118 53 103 69 88 190 181 156 88 74 17 146 4 197 32 182 51 149 54 62 200 141 37 71 138 142 176 170 149 116 76 153 7 143 178 101 194 104 60 7 31 7 87 19 121 150 44 84 60 12 183 185 35 24 39 68 54 128 9 131 113 125 84 28 174 157 31 9 72 100 125 84 124 44 68 12 14 62 175 3 129 116 89 147 26 192 147 145 4 10 23 175 196 51 148 158 81 48 178 107
167 41 179 177 200 119 138 158 74 84 99 98 195 118 146 26 53 138 24 60 84 114 8 123 68 160 48 116 93 188 29 184 101 92 187 38 200 198 142 120 153 25 171 33 14 103 96 25 178 59 34 146 28 16 58 200 19 195 72 6 96 143 178 149 163 23 28 103 141 111 65 120 34 138 166 54 20 186 100 95 133 70 134 126 73 59 78 136 111 177 17 121 138 117 33 199 67 99 184 190
64 23 25 39 59 164 138 163 173 175 140 75 36 85 24 118 97 103 4 65 161 123 26 71 63 51 173 190 108 121 69 77 181 195 133 183 187 39 122 37 78 123 117 189 89 104 141 15 49 146 184 30 53 171 117 92 90 86 119 68 49 200 194 65 184 2 141 166 178 140 169 37 138 128 111 127 112 76 180 40 50 44 149 147 30 90 104 107 192 18 15 3 17 29 17 186 118 98 41 44
114 106 163 47 112 102 24 7 169 198 114 5 198 71 198 160 7 186 164 108 31 196 171 169 85 178 162 190 30 88 45 76 35 104 70 110 143 174 37 44 91 163 49 179 165 53 133 181 88 15 155 116 160 77 163 2 172 187 82 118 65 5 200 130 82 120 98 21 71 55 102 48 88 4 114 133 67 82 139 134 88 190 97 61 181 157 103 186 71 153 126 90 104 184 17 79 96 101 96 155
3 167 27 43 150 153 162 163 29 86 134 8 83 30 43 125 137 95 123 181 153 36 163 143 173 95 99 52 167 44 46 181 45 45 123 4 93 200 167 91 170 43 67 148 11 84 40 130 76 160 125 177 171 29 19 172 53 44 85 104 67 34 122 152 72 168 78 94 11 53 153 99 21 163 68 122 58 141 94 189 108 131 128 77 138 153 101 52 24 93 176 21 183 195 73 192 77 91 88 32
22 63 161 52 134 152 58 22 69 148 177 148 4 55 117 63 60 3 195 58 144 89 50 154 190 180 143 119 83 40 38 106 7 34 168 196 118 97 84 47 20 179 5 66 56 145 37 40 166 75 131 56 148 71 96 72 113 184 195 121 132 149 175 108 142 194 93 55 2 175 82 165 61 38 149 66 186 28 36 191 40 144 132 173 113 190 200 94 76 53 151 63 12 22 116 174 20 84 85 175
115 128 55 107 28 149 14 188 186 77 164 165 185 66 197 59 51 152 138 148 22 33 50 124 3 99 20 172 136 149 21 156 145 103 120 102 34 164 82 138 48 188 121 7 159 170 85 6 142 116 3 124 126 124 31 83 140 130 117 34 14 22 74 34 115 197 59 120 150 34 52 186 18 86 96 200 176 87 178 19 158 158 129 110 23 168 21 121 19 19 57 179 108 162 174 138 130 64 176 39
119 134 13 72 15 15 51 114 32 47 8 111 19 108 141 106 143 18 128 14 16 3 95 4 104 35 55 122 86 27 14 148 111 60 1 155 139 144 120 60 59 199 101 75 139 190 151 71 150 107 41 89 59 197 52 190 135 111 137 166 30 186 99 108 191 102 165 117 36 149 154 137 106 34 193 35 15 41 23 130 80 61 177 190 17 105 114 182 34 37 107 113 143 6 187 107 50 30 126 37
88 85 68 15 179 9 94 182 140 193 195 33 33 36 114 8 178 95 42 113 28 14 42 6 31 103 198 131 191 115 169 116 183 24 137 19 73 88 37 174 190 152 5 115 32 45 16 88 73 54 59 128 141 165 125 51 154 110 173 156 66 34 102 172 5 17 2 36 10 118 89 34 59 80 152 156 167 168 83 172 81 113 56 24 23 56 100 47 155 169 29 46 103 81 61 137 137 168 92 184
24 90 143 151 40 193 123 85 177 3 59 178 94 99 11 116 173 85 3 92 40 87 90 172 98 138 98 163 29 64 181 47 146 190 161 13 165 11 186 61 15 2 67 151 4 196 106 7 65 146 116 169 197 171 136 197 153 146 141 105 179 28 86 24 97 4 133 139 116 107 155 70 59 178 1 163 151 115 8 159 70 78 129 49 51 106 58 182 166 69 26 47 17 41 77 140 97 34 196 20
165 137 122 120 26 100 186 124 90 96 142 101 3 63 73 7 56 146 36 17 4 76 119 145 93 193 72 144 198 11 91 1 50 105 176 45 41 64 26 23 166 37 157 100 81 85 114 10 161 65 139 76 47 20 86 186 108 31 165 164 43 123 194 64 149 130 91 120 126 46 66 193 142 123 91 88 85 136 95 167 171 100 65 72 60 83 127 61 186 188 35 29 78 196 26 185 106 82 56 169
163 155 18 200 131 199 67 185 55 35 186 98 51 181 22 72 7 119 61 173 184 36 77 59 38 7 49 94 76 25 115 74 121 181 196 46 100 108 193 128 194 195 158 27 197 67 46 98 185 80 127 169 144 78 186 46 54 185 132 135 14 129 156 35 113 100 118 58 89 174 40 90 88 5 103 184 13 166 114 38 180 51 83 100 152 38 187 119 80 42 29 21 157 81 67 21 184 192 198 88
65 171 137 7 160 21 34 112 32 48 98 77 188 51 188 20 24 20 70 5 24 178 39 30 143 86 68 96 199 40 179 193 186 5 145 17 48 119 167 10 152 10 71 194 80 173 124 147 144 183 200 84 82 146 186 180 170 180 133 5 195 9 122 47 171 131 165 106 157 70 87 70 42 116 6 140 150 84 196 121 2 20 97 80 93 175 123 41 36 180 167 76 100 114 114 140 5 46 168 136
104 58 162 22 35 125 117 97 131 68 179 119 42 25 177 181 68 41 190 59 130 1 143 126 35 138 55 178 78 12 120 23 150 60 159 128 89 86 122 91 18 115 49 158 192 92 84 111 100 80 38 143 24 139 50 2 171 16 119 115 195 35 70 155 83 175 166 145 151 107 165 160 69 154 14 23 120 129 133 63 180 120 171 170 100 93 62 6 87 68 58 19 173 131 150 170 110 124 1 18
85 153 56 176 56 142 110 58 158 67 122 18 102 33 152 127 74 2 79 86 153 95 41 42 149 176 57 129 3 98 95 137 74 128 172 7 149 191 193 41 46 181 59 123 60 59 146 146 91 96 125 68 108 89 93 172 140 81 32 59 21 22 52 163 199 146 178 128 154 17 19 43 191 92 193 144 150 41 81 75 90 18 126 32 134 138 186 165 52 121 11 121 181 83 193 74 140 140 130 189
29 145 24 25 87 2 110 17 196 185 116 98 14 145 138 173 13 131 165 128 99 39 189 109 110 84 66 89 127 7 139 4 23 158 114 78 176 58 17 63 186 196 129 164 129 110 49 97 14 39 104 149 92 148 85 157 105 126 37 16 150 123 190 197 155 158 133 76 51 58 69 65 75 185 2 124 171 46 117 57 49 180 109 108 39 36 60 76 194 52 74 95 94 41 185 45 89 170 25 43
188 165 159 121 4 142 87 103 26 48 11 105 103 54 67 90 153 172 199 140 177 97 23 160 124 168 126 97 125 12 58 29 182 105 73 45 27 186 161 138 42 33 180 40 72 103 35 39 195 11 107 77 53 186 44 154 42 5 73 188 133 93 178 155 57 25 74 82 26 104 156 131 97 121 38 113 109 102 23 131 171 67 136 118 74 120 72 92 88 187 7 73 14 148 24 162 25 173 28 109
10 19 77 158 105 96 23 72 109 189 188 88 146 119 104 145 178 161 3 42 14 74 155 51 141 54 30 149 200 62 46 72 188 182 46 92 112 92 15 105 188 122 164 41 66 138 146 160 127 103 157 39 175 170 89 25 184 136 1 56 141 136 14 88 21 150 131 88 70 68 87 33 148 27 130 119 147 109 155 168 22 136 66 96 148 42 102 186 93 127 183 82 181 15 59 15 68 193 152 111
40 37 189 118 88 70 83 196 182 175 32 116 70 25 71 23 120 24 36 75 70 26 171 114 189 55 10 3 125 54 155 194 147 120 63 148 24 142 159 5 137 39 8 199 87 22 159 33 169 189 200 149 192 167 189 190 8 113 77 200 87 55 61 112 4 155 180 147 26 74 191 147 140 113 194 8 47 16 27 58 110 174 49 68 124 16 191 155 161 21 159 23 8 180 123 136 117 16 114 167
88 50 2 137 187 173 139 192 77 144 64 8 177 172 142 27 53 103 172 72 85 8 4 4 38 92 88 61 159 141 170 160 182 115 92 12 132 101 117 160 180 186 187 12 68 19 3 151 76 27 78 76 41 132 179 27 14 163 45 33 191 190 21 120 163 108 181 114 13 76 172 83 186 70 145 20 25 191 105 166 118 189 192 21 115 135 145 138 34 110 69 131 150 138 54 27 2 70 134 71
130 33 74 113 65 89 113 155 54 29 23 200 17 2 89 22 1 80 166 161 26 111 17 7 128 68 157 122 186 68 186 116 118 90 4 190 64 135 185 61 143 162 46 109 1 174 179 155 54 133 48 131 86 157 136 129 20 198 78 182 47 169 56 113 102 27 40 192 149 47 167 200 152 48 98 26 100 190 88 59 123 86 101 125 60 103 176 186 15 199 196 88 161 178 92 119 82 81 81 32
53 57 141 73 68 77 9 163 24 33 178 43 134 73 12 77 185 35 51 27 160 196 179 135 40 139 59 163 2 179 24 14 181 148 178 62 24 195 23 45 166 125 87 48 85 98 170 119 75 170 64 107 128 152 78 86 85 144 92 169 29 194 175 89 68 36 77 153 168 9 36 52 168 89 66 168 105 156 68 44 65 51 182 163 164 159 197 140 54 154 175 73 200 193 86 60 86 9 61 91
167 103 25 175 134 14 155 57 200 47 68 38 148 107 82 123 64 44 26 91 115 81 132 91 93 86 169 193 199 42 46 200 73 47 6 181 198 116 7 56 66 198 161 116 25 84 26 170 116 75 16 79 16 43 12 29 88 112 9 189 179 14 149 82 141 79 180 178 54 37 195 173 157 56 27 108 113 160 170 129 170 36 131 134 50 171 148 192 151 36 101 175 64 85 180 118 143 164 169 124
105 4 173 55 56 9 127 200 169 29 172 88 33 189 14 11 163 31 55 51 22 109 196 46 38 32 120 129 115 127 12 181 167 33 173 153 29 25 103 168 146 67 167 82 95 65 39 115 92 10 170 77 62 102 132 25 169 29 80 130 61 170 191 10 30 97 47 168 59 26 136 88 134 23 60 81 89 71 16 8 125 28 72 166 135 4 104 12 157 116 128 63 160 146 162 178 118 125 59 39
134 136 161 142 148 109 183 10 21 108 59 163 3 164 97 103 187 184 186 45 164 32 17 150 114 150 22 125 125 49 150 147 22 68 126 14 68 86 146 180 189 14 182 59 194 153 152 196 130 186 22 35 46 110 22 96 17 90 123 193 48 8 66 12 52 65 99 33 85 22 117 104 74 96 64 109 14 180 8 192 99 120 89 6 179 16 107 42 87 199 180 190 116 164 69 39 26 169 129 39
75 183 4 133 176 85 6 90 133 44 108 18 116 119 85 90 66 133 172 54 21 131 52 200 47 1 133 8 53 48 135 95 132 143 125 35 58 169 96 183 116 105 6 2 82 173 44 182 33 120 121 153 13 32 115 163 11 18 145 194 119 187 97 164 196 164 1 187 34 18 186 145 158 105 22 173 8 6 7 119 126 129 152 74 162 195 35 81 87 163 74 19 162 70 83 45 83 128 110 165
109 28 65 61 3 70 180 24 115 4 170 139 183 35 187 105 101 152 171 138 10 124 2 4 66 167 10 62 76 161 166 122 11 2 162 189 2 34 200 61 37 43 62 15 155 141 108 70 5 16 141 184 23 197 49 199 115 150 19 137 134 131 171 88 129 196 182 71 192 19 193 67 3 16 186 55 43 61 5 16 36 7 87 113 108 188 17 186 54 43 83 173 9 61 65 6 16 127 53 37
81 182 64 200 138 60 116 183 30 21 120 110 120 93 32 106 44 38 170 124 20 126 66 100 63 44 160 16 62 59 106 55 13 1 33 123 147 195 102 124 139 186 100 40 62 143 4 137 35 39 88 156 136 185 192 75 89 1 166 140 64 141 2 146 72 181 152 9 47 41 61 70 94 53 9 39 86 74 157 35 101 53 99 170 149 66 169 88 95 41 88 79 90 46 168 99 24 89 135 84
57 97 109 34 98 135 158 73 25 59 115 7 114 42 193 200 172 139 169 193 194 68 45 109 115 78 15 89 181 157 143 156 193 139 11 76 54 143 72 17 123 163 97 162 96 138 12 77 76 129 186 174 177 115 193 199 170 99 157 200 32 108 183 42 22 189 50 66 182 87 60 100 115 170 78 147 20 160 120 197 19 173 30 73 36 65 22 162 27 28 111 67 179 2 40 199 17 75 182 198
184 155 183 55 17 101 169 84 113 127 66 90 33 133 80 63 161 97 72 67 12 89 104 75 161 140 127 161 77 176 61 77 14 1 12 19 100 138 79 125 34 160 152 23 82 74 111 105 94 83 33 95 3 106 64 153 160 160 143 112 137 198 125 174 142 57 177 34 63 186 28 102 116 43 14 27 64 163 25 153 11 67 199 171 199 60 125 156 195 40 104 80 136 94 46 180 164 129 102 123
68 32 147 67 109 7 175 105 186 138 52 123 64 189 164 20 62 33 53 177 171 128 166 169 78 192 36 79 43 102 196 147 174 111 55 69 132 29 141 50 189 156 41 179 17 12 200 131 8 62 38 32 179 53 27 60 167 143 80 78 83 48 62 138 191 76 49 131 194 77 97 49 121 131 186 152 69 22 48 192 17 15 15 77 23 119 67 120 82 53 154 47 188 87 172 23 51 27 157 109
15 76 9 157 62 17 35 149 96 105 150 195 38 42 185 107 175 126 115 97 19 195 79 69 34 88 137 93 83 76 69 56 20 28 141 85 108 108 171 60 19 194 164 83 164 177 75 97 24 184 103 148 179 69 32 32 145 126 143 65 117 2 164 92 166 162 33 32 69 132 45 148 69 91 58 25 7 193 71 90 29 193 169 190 169 141 94 41 150 182 99 133 44 129 167 94 134 65 6 75
114 45 77 179 25 150 51 25 153 85 9 101 47 15 197 193 4 83 197 128 179 98 44 103 54 121 133 37 86 100 90 172 197 32 148 198 100 158 150 128 73 84 119 121 84 157 193 147 115 88 18 52 194 56 89 16 116 69 38 107 96 34 174 171 108 49 10 198 200 72 115 99 165 109 45 60 135 156 59 39 141 118 151 113 121 1 197 114 153 22 188 167 26 188 39 85 13 54 40 176
6 37 9 86 188 174 83 36 66 140 94 49 196 86 61 14 62 1 87 190 179 55 103 26 46 29 189 75 43 86 184 130 106 144 10 25 110 92 27 26 60 67 32 75 133 72 46 164 4 137 49 107 87 164 124 8 196 83 32 180 110 161 195 66 167 39 42 189 153 184 136 52 92 11 168 55 8 158 165 124 74 194 40 163 83 21 2 30 106 136 104 155 72 139 171 12 42 115 84 24
86 3 115 181 171 109 88 15 110 26 65 127 165 174 98 151 190 122 158 162 133 92 83 131 63 103 94 24 52 35 122 148 1 89 159 59 122 113 27 99 183 51 110 64 10 29 62 193 122 171 70 151 100 169 9 76 49 138 174 130 53 29 131 124 171 75 106 24 168 14 150 84 69 160 104 199 181 14 85 95 88 104 157 185 2 50 193 154 80 58 37 21 125 145 144 5 196 174 134 185
72 60 59 186 117 98 6 160 98 49 200 114 53 196 2 152 88 155 100 21 111 161 92 32 197 9 27 168 154 62 80 181 7 198 90 4 90 103 96 167 142 81 110 112 175 123 100 181 105 13 97 136 108 100 190 76 178 10 21 177 27 81 176 65 47 27 43 194 84 154 23 46 64 178 103 149 127 22 129 126 102 85 56 56 144 45 49 54 50 150 66 58 105 13 141 134 15 102 85 175
185 29 161 59 159 157 98 79 171 173 32 9 90 93 132 32 23 55 74 179 36 94 131 135 115 21 154 200 186 164 9 191 108 142 112 165 193 1 25 136 36 68 169 30 165 120 66 120 58 14 72 82 138 191 91 141 155 100 127 15 173 101 152 4 7 59 115 127 120 26 166 180 80 5 19 72 102 52 32 163 94 179 93 178 176 113 146 171 108 179 147 16 39 52 165 96 183 42 4 35
22 168 36 163 71 195 181 93 85 57 174 58 91 103 129 25 136 37 121 9 9 122 154 110 180 195 80 50 112 20 126 49 58 195 81 24 181 130 125 160 14 179 5 5 8 177 30 108 29 13 62 60 58 153 183 137 16 124 173 199 44 127 13 115 175 11 2 99 112 43 155 140 47 86 6 67 35 19 169 78 18 132 57 64 7 52 89 16 49 44 145 45 71 76 144 47 140 156 106 15
29 163 91 11 58 67 152 7 125 179 179 181 110 153 169 93 50 153 129 111 68 161 96 33 91 113 106 119 102 3 76 183 50 31 25 18 6 169 110 199 168 18 23 63 172 129 178 93 66 160 66 192 49 75 133 143 71 24 44 195 17 43 157 186 183 101 199 148 16 98 40 41 118 195 62 13 8 180 117 126 148 32 135 144 9 14 69 182 136 4 24 172 61 103 43 31 123 197 54 79
13 122 48 150 25 51 166 129 177 30 189 99 159 131 20 167 24 80 9 99 158 186 85 176 182 124 181 168 36 182 123 128 30 30 177 173 24 60 92 55 53 161 154 189 131 147 105 178 8 139 64 107 72 45 3 180 32 158 14 88 150 2 168 21 166 13 161 137 149 62 119 94 136 43 118 48 8 188 50 150 109 157 159 24 105 66 126 161 48 14 150 106 124 63 15 17 193 139 181 196
155 78 180 144 14 2 119 95 185 123 129 133 36 183 157 36 24 105 117 91 195 2 67 48 167 123 33 41 7 89 31 126 147 18 101 45 182 176 139 154 200 188 131 4 119 38 163 183 105 63 58 22 16 109 123 145 103 40 35 193 57 87 158 73 50 36 157 142 10 3 57 173 3 69 7 127 140 33 91 168 2 39 183 109 194 75 88 34 196 138 69 59 121 158 143 76 77 50 166 38
96 133 192 49 61 13 36 126 10 17 186 42 38 87 182 37 105 77 185 15 86 63 119 166 87 87 130 116 46 136 163 84 66 144 6 24 46 71 128 101 172 114 171 171 134 78 55 188 82 158 74 148 176 64 2 102 143 16 180 83 191 165 168 90 148 26 37 172 198 177 5 181 116 156 121 115 108 157 167 127 14 176 49 99 173 192 177 160 193 94 103 136 151 112 168 78 138 67 55 2
189 135 5 64 98 179 53 2 150 1 44 6 145 38 121 167 113 88 95 171 71 35 33 129 9 141 56 3 184 83 186 140 140 155 80 170 112 99 91 194 18 8 46 170 151 149 166 34 95 19 47 38 65 157 184 193 142 45 120 10 141 118 50 63 73 123 43 185 185 28 182 87 100 92 6 108 159 115 179 196 37 43 6 13 98 160 119 130 173 100 127 168 185 49 34 71 108 140 21 145
15 137 17 123 66 146 181 105 62 51 69 152 14 93 127 160 53 179 167 3 59 48 25 107 112 109 158 198 193 106 168 111 143 139 159 27 60 177 61 140 41 191 141 1 92 125 79 177 115 26 186 180 140 71 38 28 71 21 195 63 178 25 18 143 59 157 5 143 109 34 127 186 7 106 100 143 7 16 33 191 75 112 140 73 37 79 187 193 109 102 13 171 128 179 87 166 53 114 62 68
138 119 138 88 4 125 100 187 28 20 74 39 15 158 134 174 188 118 2 140 115 107 118 107 98 10 167 199 144 131 44 187 35 4 135 143 99 141 81 130 151 17 153 14 20 175 42 144 25 57 15 60 24 155 121 40 189 186 150 118 154 194 95 62 171 71 23 104 130 159 111 101 164 27 51 69 75 153 163 153 136 130 131 122 81 91 142 168 67 56 21 15 4 63 109 78 66 182 95 119
29 8 21 200 151 146 17 150 114 191 25 172 185 180 87 86 135 184 85 45 164 136 77 13 16 40 110 40 142 87 47 189 12 155 177 119 89 92 98 28 47 12 154 200 69 181 154 100 158 48 148 76 64 72 91 156 49 148 170 15 187 53 75 89 128 84 178 121 61 138 165 178 25 181 196 165 86 96 156 184 158 146 59 31 80 149 84 71 99 43 161 136 74 4 108 164 76 9 43 62
35 164 116 149 12 165 35 173 33 153 75 98 189 45 54 134 141 56 140 87 195 37 3 29 171 132 7 143 137 123 147 50 39 183 46 140 163 181 154 172 155 78 94 14 179 39 137 190 195 186 102 49 97 14 165 147 197 4 142 161 114 124 198 40 95 26 119 73 169 7 200 91 130 58 62 143 43 49 89 135 37 7 133 92 38 109 182 68 196 53 27 2 190 90 83 130 195 70 23 39
17 126 145 182 141 179 186 125 98 86 160 113 89 176 159 176 164 103 121 191 51 50 165 109 176 53 39 174 183 50 20 112 64 143 21 27 58 44 34 76 133 74 22 77 136 120 184 99 194 48 48 173 200 200 38 30 129 31 163 92 157 161 98 22 39 116 134 160 11 34 70 83 122 118 117 181 73 49 83 129 121 192 34 100 167 106 96 53 18 125 80 54 183 1 163 197 79 72 43 143
39 93 148 99 57 162 18 116 86 7 130 93 147 102 14 125 98 91 8 99 169 89 132 139 156 57 87 164 53 55 199 80 20 96 82 13 10 16 10 168 118 100 182 34 159 72 146 88 74 115 129 67 27 70 74 95 73 4 108 26 91 86 156 151 82 110 165 111 170 200 120 23 153 152 186 198 154 151 70 73 104 19 115 104 26 131 96 109 176 21 58 100 145 102 10 40 99 142 23 29
71 139 66 25 5 92 200 39 119 24 97 22 58 138 146 126 34 144 45 57 200 83 58 79 8 87 59 12 79 61 57 141 5 46 15 9 175 131 111 57 66 196 55 27 4 42 30 77 156 117 13 150 145 192 66 30 10 131 65 25 100 123 155 50 58 49 5 196 49 68 23 161 32 117 21 6 51 113 122 137 117 197 61 86 63 190 90 102 165 141 102 10 6 20 113 111 44 115 8 103
91 47 3 144 131 147 52 69 49 124 75 165 45 96 104 51 198 3 84 171 43 167 86 97 99 4 155 58 131 47 151 156 60 106 172 197 38 25 104 99 153 160 86 62 104 182 48 123 199 105 185 112 114 47 58 93 168 165 166 29 112 112 112 158 24 107 36 142 35 51 117 176 27 151 145 14 60 103 117 82 135 178 172 169 19 136 36 98 24 74 56 181 135 199 192 33 94 125 16 145
190 193 185 123 12 149 21 29 191 29 79 104 117 113 5 165 70 19 96 78 44 109 76 123 93 142 72 69 127 61 141 157 166 145 26 148 37 75 86 136 22 129 120 123 200 7 9 91 29 141 52 125 40 26 106 124 176 88 12 52 157 49 97 181 114 42 38 89 91 143 186 64 26 60 118 151 164 31 35 174 142 79 67 27 94 200 58 58 66 104 192 101 84 42 186 96 180 146 140 19
116 151 98 185 140 53 21 161 187 175 69 194 163 188 167 9 117 188 147 4 101 11 193 117 103 166 186 46 3 166 14 167 104 50 180 196 61 191 64 183 108 57 144 149 26 16 40 141 188 146 62 179 48 74 108 24 130 118 27 173 15 133 46 178 70 129 62 124 40 176 169 141 25 32 116 103 134 78 191 27 55 105 21 66 128 152 122 21 53 181 144 194 30 83 176 71 156 91 158 177
161 91 194 43 73 47 135 3 180 182 96 46 153 86 84 42 154 76 1 194 129 125 101 72 61 199 12 7 52 62 118 46 161 10 176 68 50 71 114 110 88 147 166 42 109 45 165 145 96 190 23 160 25 35 88 68 190 118 194 182 144 130 199 45 42 4 135 55 117 87 112 8 32 193 37 96 192 112 175 52 169 86 170 100 32 44 2 44 133 147 50 102 163 105 81 123 69 124 91 100
85 40 75 150 165 112 197 96 78 104 52 94 150 123 45 188 78 155 10 113 22 173 80 50 51 101 26 188 172 57 111 102 194 114 165 41 111 60 14 141 200 80 58 190 130 49 35 166 60 41 179 71 49 79 193 92 3 181 156 36 65 96 188 54 20 176 35 5 55 15 47 107 189 90 28 181 190 136 192 179 64 38 87 89 63 119 58 146 55 43 75 145 114 65 148 84 183 45 98 55
171 84 8 199 97 163 62 92 186 93 179 156 36 145 149 60 41 39 76 51 153 142 57 7 113 125 44 200 83 124 112 63 17 191 57 157 100 54 90 25 1 95 47 99 196 111 14 134 103 158 95 130 15 61 163 78 48 87 27 190 96 54 51 22 99 187 101 167 40 111 80 60 112 122 36 82 185 27 191 184 27 93 155 93 41 114 138 155 148 64 23 116 65 168 96 12 14 40 68 88
102 17 43 60 119 87 69 171 100 144 137 198 129 183 141 102 108 184 137 154 127 159 57 142 100 42 198 186 84 123 182 151 195 52 11 50 6 93 54 75 131 124 178 143 191 100 3 25 135 159 97 48 11 200 176 197 107 104 160 196 83 118 30 132 118 194 35 159 95 118 57 32 7 141 36 64 19 156 54 151 92 82 170 37 34 15 179 60 71 47 185 166 15 89 190 165 3 49 92 110
6 43 149 120 64 16 13 154 137 92 122 29 56 129 77 76 59 183 175 108 74 17 182 12 123 1 96 154 73 50 138 166 92 185 134 77 82 81 86 163 77 144 3 195 185 22 140 135 117 142 7 57 123 172 88 26 51 35 153 48 46 77 107 20 54 78 19 140 56 89 106 103 91 117 37 112 101 36 34 27 37 33 66 31 168 161 29 107 14 189 4 167 14 85 111 27 123 98 90 28
26 44 68 73 67 140 143 48 127 164 34 168 116 22 139 119 76 85 1 30 40 99 95 43 42 85 111 170 24 85 77 1 21 38 67 84 191 141 110 37 121 146 104 26 50 34 82 65 142 106 165 161 66 1 84 57 134 111 172 146 170 97 79 24 141 17 145 89 88 36 105 107 153 199 13 56 173 93 6 159 47 115 169 133 84 106 119 117 81 162 174 196 27 11 184 197 26 25 58 111
14 105 172 65 89 91 11 105 18 1 154 15 146 30 109 28 10 166 199 186 80 112 73 189 85 177 24 34 195 59 180 114 131 142 18 22 107 17 116 133 123 5 13 188 94 114 102 92 122 180 187 6 166 44 145 186 136 187 181 109 44 56 65 38 141 134 138 81 126 150 120 63 140 67 171 74 71 69 99 112 67 147 65 143 4 4 158 38 42 65 192 160 55 83 80 43 138 75 3 19
29 24 147 50 7 73 172 134 76 80 152 76 134 93 180 5 109 133 46 153 2 114 152 129 45 130 37 3 40 83 129 169 46 29 150 19 117 145 75 59 178 99 192 40 28 49 176 186 156 50 100 2 125 170 166 86 148 29 55 95 103 128 66 39 26 82 159 180 129 136 98 200 137 177 31 124 135 163 167 90 110 155 51 110 74 15 184 166 53 74 160 125 3 70 165 120 114 97 156 137
180 134 128 91 135 111 56 74 148 184 47 33 56 52 57 158 198 41 113 73 127 8 46 113 109 177 47 173 49 18 18 140 118 41 196 162 4 199 68 138 137 47 146 112 184 187 76 17 16 61 129 200 182 60 77 182 14 67 196 193 88 25 150 124 131 126 23 109 120 144 20 39 156 128 51 128 52 26 171 45 170 158 53 123 80 73 7 95 157 164 197 53 58 186 187 178 144 63 53 49
83 158 44 161 57 199 3 160 100 71 54 177 41 41 62 140 130 84 188 140 182 164 175 75 76 79 159 123 200 133 118 120 67 153 155 87 62 128 192 106 47 78 110 56 127 39 160 39 10 26 42 6 132 122 119 48 96 61 70 97 68 192 164 185 199 49 118 33 184 194 25 77 92 125 38 37 24 187 25 54 91 59 164 133 53 165 146 197 103 152 173 147 108 100 2 134 65 171 178 39
132 44 129 117 41 193 125 134 67 50 149 83 37 161 124 120 155 32 111 94 149 122 168 122 179 150 63 17 123 47 99 136 170 161 119 27 71 134 189 124 77 96 177 109 47 96 100 67 176 63 40 183 53 185 55 177 138 73 85 55 165 86 137 24 134 173 107 61 27 129 129 166 182 92 95 35 155 39 12 158 21 65 8 169 158 2 35 145 19 20 117 176 152 66 58 183 4 162 35 14
