40 	
56	72
1	1	8	36	4	
1	3	8	4	5	
0	8	9	87	3	
0	6	6	84	2	
0	2	7	6	6	
1	9	7	15	9	
0	5	6	13	9	
1	6	2	12	9	
0	5	5	1	4	
0	1	4	62	5	
0	1	9	86	8	
1	1	3	76	5	
0	7	5	45	1	
1	8	4	56	4	
1	1	3	80	3	
0	7	9	79	4	
0	9	4	67	7	
0	1	1	72	7	
1	7	2	4	3	
1	8	4	59	6	
0	2	7	76	6	
1	6	2	72	8	
0	7	3	21	3	
1	3	7	62	1	
1	2	3	58	4	
1	3	9	0	9	
0	5	7	44	9	
0	7	2	85	4	
0	3	6	67	9	
1	2	3	81	7	
0	1	1	32	5	
1	2	8	64	6	
0	2	3	42	8	
1	2	1	17	4	
1	8	8	33	1	
0	7	6	9	3	
1	2	7	37	5	
0	1	8	40	6	
1	9	7	67	7	
0	9	5	47	5	
157 2 94 50 98 95 198 40 90 69 14 7 153 75 83 122 197 186 189 179 57 82 190 162 154 159 39 22 102 114 161 140 114 13 35 53 12 195 155 31
66 152 40 41 4 36 93 117 12 45 99 192 163 14 25 179 1 27 28 31 138 128 59 9 46 99 87 174 106 135 83 150 85 95 66 26 116 122 164 136
131 187 165 106 7 191 149 53 161 86 149 47 56 79 68 124 149 26 127 5 60 48 94 200 72 72 102 153 200 83 197 35 164 66 114 2 26 146 88 145
115 126 144 158 179 164 44 134 7 190 180 64 54 74 89 19 45 83 78 71 185 13 136 184 134 146 96 46 2 130 181 34 20 200 38 172 154 72 14 21
177 43 122 138 22 71 192 119 37 89 118 2 77 62 77 133 32 122 135 167 22 164 195 1 27 112 56 124 160 10 14 100 197 94 110 76 176 158 116 124
160 155 138 125 151 191 41 52 173 61 167 4 172 55 90 59 7 79 26 159 170 73 43 97 21 57 85 177 195 63 194 57 190 33 188 185 2 38 63 148
99 120 108 179 159 75 102 27 3 83 101 81 126 183 34 129 176 42 11 56 37 15 126 181 101 126 164 54 106 75 33 149 134 97 38 50 189 30 199 43
157 142 68 42 2 58 139 69 145 7 93 173 109 65 86 117 34 184 138 52 5 75 170 60 176 142 27 127 115 168 139 9 171 171 199 129 120 121 137 123
141 164 11 173 166 48 186 45 160 177 80 102 36 38 109 156 25 189 35 200 4 90 130 82 58 2 156 130 57 171 65 38 2 31 107 30 189 44 30 164
49 105 17 27 154 9 43 30 166 73 65 55 34 34 109 98 110 177 79 200 31 168 134 148 92 68 44 102 183 182 96 145 1 149 113 12 9 177 18 88
138 90 87 174 33 21 30 116 86 33 168 55 45 17 31 123 148 68 65 92 18 129 12 48 44 124 76 197 181 94 22 111 126 36 59 186 35 126 148 188
130 147 199 107 117 157 117 47 3 150 176 164 121 102 117 60 96 99 79 152 92 84 175 172 186 20 174 184 86 14 164 6 155 101 188 91 153 92 176 12
175 63 192 135 129 111 196 159 25 54 21 103 150 59 161 194 166 38 181 49 123 35 180 89 188 124 116 144 185 110 134 83 147 58 147 155 18 72 131 105
44 83 122 189 180 116 106 132 95 84 167 30 195 156 199 160 89 126 97 84 181 135 165 1 128 137 130 128 192 101 96 165 127 135 100 47 8 88 124 171
18 172 125 11 27 95 132 29 189 105 177 99 126 22 59 131 199 169 80 12 42 187 193 176 174 141 181 97 51 24 8 42 89 181 154 106 15 123 90 108
13 30 3 121 48 24 47 200 147 20 114 22 123 86 10 34 170 167 34 61 14 132 153 20 83 83 101 167 79 42 145 106 177 103 98 144 111 118 47 44
25 186 58 141 14 73 33 95 109 25 122 132 103 176 22 116 31 21 143 27 180 122 159 57 179 126 86 52 200 149 131 12 17 193 116 108 185 76 128 159
128 190 108 163 135 169 12 26 83 161 38 73 191 171 49 124 162 19 116 108 41 177 41 184 83 162 22 71 39 154 75 154 7 197 74 38 65 191 7 189
79 179 183 144 2 2 108 104 15 165 129 40 58 126 141 95 16 190 51 46 169 10 142 42 114 61 81 122 50 177 175 142 46 110 74 59 14 108 22 172
148 48 165 147 183 23 115 61 157 22 177 91 79 159 15 32 43 122 79 170 95 8 186 156 93 148 77 113 1 176 116 82 19 1 13 71 20 88 22 55
93 69 35 110 83 119 89 55 8 32 9 34 153 126 184 197 152 113 102 73 44 106 24 159 12 89 125 200 134 27 53 27 40 133 116 5 117 194 100 10
132 144 96 111 52 191 191 13 73 38 15 163 99 124 84 55 35 143 74 56 194 118 147 17 98 103 28 185 67 121 145 7 138 167 162 130 98 3 18 131
43 76 159 125 133 131 58 80 154 56 198 133 88 186 11 171 23 145 21 193 189 139 56 69 84 164 56 177 100 32 96 36 84 106 60 95 69 3 6 87
186 142 10 188 192 16 138 125 84 96 87 128 102 27 24 40 31 53 28 113 7 186 119 8 44 94 138 47 193 116 160 72 181 101 71 144 138 72 44 165
58 146 60 84 121 20 146 63 124 90 132 182 125 76 131 198 52 74 14 145 134 150 92 175 146 66 179 43 14 59 97 139 40 122 80 54 169 27 39 177
60 5 52 113 190 179 44 3 148 60 178 45 73 129 151 51 148 33 131 180 190 101 190 43 82 36 105 35 143 91 3 163 70 86 86 39 51 66 188 43
72 109 25 17 139 75 114 52 97 144 53 56 4 143 128 102 171 12 35 162 10 5 135 106 61 102 195 153 158 94 127 170 1 198 189 70 7 51 87 34
77 185 184 84 140 163 97 153 186 127 139 105 4 45 159 189 34 55 139 5 185 154 63 49 114 38 119 103 79 146 67 69 82 72 173 102 63 163 18 147
83 107 38 168 29 90 141 14 148 36 42 124 155 87 20 184 84 48 108 15 146 93 134 41 159 20 57 8 34 168 176 159 144 67 17 65 34 184 125 109
43 75 18 173 84 5 118 119 62 200 40 91 2 132 5 111 94 153 22 50 90 168 154 18 184 24 177 107 18 59 52 124 36 105 147 53 112 32 82 98
63 56 32 11 63 79 134 6 181 134 171 119 112 85 25 189 125 190 42 89 79 193 122 123 5 160 186 75 74 16 66 35 100 185 76 142 153 127 92 153
122 40 107 94 199 93 156 65 83 183 153 140 189 24 89 143 173 185 65 21 144 95 88 20 169 188 179 55 166 83 188 71 172 25 187 79 67 15 194 19
30 154 167 98 7 96 191 12 124 35 29 128 116 162 171 85 174 53 163 10 177 31 115 131 69 154 3 19 30 7 30 179 26 65 111 35 90 108 91 197
187 172 189 60 86 130 182 65 124 32 32 177 59 154 196 123 169 200 134 153 41 134 178 156 75 17 35 16 52 51 64 147 31 9 33 200 143 86 49 49
43 191 33 105 94 185 68 102 174 17 183 196 146 20 68 176 146 22 116 19 76 124 170 14 41 193 31 89 58 190 16 125 152 14 13 108 123 142 165 167
148 184 154 153 139 34 37 186 175 32 181 121 173 118 148 57 100 54 10 128 78 125 21 145 154 152 177 24 31 107 178 125 122 144 142 37 62 161 55 70
197 127 47 107 108 185 82 171 105 9 85 113 168 192 106 94 68 43 194 25 167 42 34 46 174 190 58 62 145 76 34 148 89 29 144 163 18 1 46 75
96 118 67 104 99 131 92 178 141 172 86 104 137 82 197 138 196 82 73 193 97 132 112 78 107 187 25 136 50 200 108 146 190 146 41 185 32 69 87 27
23 128 39 125 36 42 124 8 191 170 159 112 91 51 195 124 27 66 155 70 2 35 162 85 20 124 150 14 192 80 128 84 38 167 115 130 184 79 72 35
114 46 46 29 76 84 154 77 90 40 186 32 196 55 125 14 136 52 32 158 137 92 142 139 36 12 124 26 67 37 34 44 68 176 78 14 121 133 108 73
166 67 138 22 186 181 86 7 148 24 167 70 198 81 79 48 155 189 19 5 142 183 102 74 184 197 2 106 59 172 159 1 134 178 80 5 154 25 181 31
