90 	
6	10
1	88	2	1329	6	
0	44	2	4931	5	
1	16	5	4735	6	
0	38	3	1271	9	
1	50	6	5255	5	
0	73	6	6157	2	
0	1	8	5757	2	
1	22	8	3179	1	
1	93	4	4549	8	
0	89	3	237	3	
0	64	2	1920	5	
1	24	9	1839	5	
1	60	1	4397	9	
0	61	2	2043	6	
1	98	8	3352	9	
0	99	3	2454	6	
0	95	6	3523	5	
0	33	8	3725	8	
1	57	7	1626	9	
1	94	2	4295	3	
0	37	5	2777	5	
1	24	7	2806	9	
0	37	6	5413	9	
1	86	5	6344	3	
0	67	8	2623	6	
1	99	8	3069	4	
0	64	6	5385	7	
1	9	1	2378	6	
0	27	8	5004	2	
0	62	8	5366	7	
0	85	7	2551	5	
1	74	2	1877	1	
0	27	4	4589	2	
0	71	9	4799	9	
1	27	4	3563	6	
0	83	3	4384	6	
0	29	2	1210	7	
1	16	3	4732	4	
1	27	4	1023	5	
0	14	8	2818	1	
0	46	4	2869	4	
0	67	6	4361	3	
1	3	9	2863	3	
1	86	6	3684	1	
0	35	4	5737	5	
1	25	4	3639	5	
1	77	4	1336	2	
0	23	1	1084	9	
1	31	7	680	9	
1	77	9	1426	8	
1	87	1	2127	7	
0	53	7	4244	6	
0	72	1	4081	8	
1	22	1	5855	3	
0	23	6	4420	1	
0	25	4	1987	7	
1	10	2	5156	5	
0	19	2	4962	8	
1	29	3	1931	7	
0	46	9	5436	4	
1	19	6	61	6	
0	61	2	1535	8	
1	8	9	4806	6	
0	27	5	3991	1	
0	99	9	1833	8	
1	31	3	3959	3	
1	33	6	2340	2	
1	52	6	3693	5	
0	20	2	3580	2	
0	90	3	1197	9	
1	47	6	4993	9	
0	36	7	2421	5	
0	55	4	2803	5	
1	25	9	270	9	
1	45	7	127	4	
1	16	2	4661	8	
0	84	4	1157	3	
1	55	3	2306	6	
1	97	7	3904	5	
0	10	9	3937	9	
0	15	8	3293	4	
0	47	7	1154	4	
1	32	5	1377	1	
1	13	3	706	1	
1	70	3	4373	6	
1	39	7	258	3	
1	30	3	6404	3	
1	47	1	5678	6	
1	30	8	5533	2	
0	97	2	860	2	
22 130 65 68 133 66 13 160 166 14 163 128 93 56 188 38 164 54 85 56 131 200 1 100 28 123 82 26 108 120 93 151 152 199 52 131 29 151 21 200 66 160 60 138 185 88 12 179 28 54 144 159 8 129 97 48 163 87 61 123 118 78 127 77 81 164 14 127 174 156 175 126 34 4 79 44 90 97 20 56 21 89 178 188 150 94 156 116 149 52
146 157 149 60 93 150 197 195 44 150 36 126 78 92 94 132 79 82 42 150 198 200 43 98 169 80 174 51 130 38 195 9 156 176 136 145 98 27 184 64 149 33 161 40 6 133 64 132 1 120 173 122 77 95 172 144 159 33 178 51 28 136 192 105 87 168 47 60 73 135 72 98 196 119 46 62 6 156 153 47 52 152 57 70 27 118 200 131 64 67
44 33 11 137 110 142 136 126 152 123 86 161 120 17 130 107 112 10 141 122 131 197 9 30 127 70 149 51 114 193 97 55 69 121 186 137 178 49 1 103 66 29 19 63 89 174 180 89 163 79 42 170 96 155 107 87 55 30 60 25 143 52 12 57 181 6 172 98 187 196 39 11 198 54 66 177 146 98 45 49 41 74 109 176 116 62 114 153 41 112
83 185 192 135 3 179 197 57 84 28 18 39 99 10 91 45 139 31 131 182 200 101 165 105 98 79 124 122 110 90 85 187 181 26 38 50 64 92 169 85 175 145 155 31 155 53 187 136 37 186 29 71 159 170 84 72 181 55 13 183 7 70 42 23 176 9 122 118 35 75 200 128 185 16 17 50 112 111 1 127 55 155 85 158 2 157 188 47 80 20
60 141 52 63 19 23 155 130 197 137 141 158 101 166 71 130 83 106 65 69 107 30 86 147 173 82 102 47 153 122 2 153 104 5 113 24 20 142 49 117 167 99 197 175 119 76 124 47 165 108 18 136 102 134 26 71 20 145 13 137 100 13 50 18 178 132 197 157 25 108 35 40 81 116 149 167 114 143 189 71 59 46 7 11 153 77 164 122 84 82
3 170 18 94 147 24 6 80 27 157 171 102 146 129 104 140 10 117 29 23 141 67 30 168 183 128 10 171 124 149 133 177 112 181 152 77 18 168 107 24 155 119 68 199 115 91 184 159 104 143 181 149 185 10 113 163 199 61 93 6 190 189 141 115 200 175 113 67 27 38 170 18 61 161 135 149 9 132 158 120 154 143 74 48 137 160 116 2 15 178
94 46 34 151 46 10 60 110 42 175 150 77 141 87 26 137 55 110 3 69 45 42 155 49 22 95 114 91 95 188 144 123 172 57 50 157 76 83 22 98 61 154 81 19 47 12 49 30 196 53 17 73 177 45 184 135 26 173 51 75 118 59 71 136 101 4 49 28 134 129 88 17 23 109 79 106 176 116 164 144 59 50 88 31 122 63 181 68 170 126
83 152 153 36 104 79 33 163 81 173 107 88 96 11 131 156 111 76 37 170 84 109 51 193 72 70 175 75 23 20 188 9 53 61 167 23 161 173 155 168 122 8 68 147 109 161 61 174 21 77 72 181 100 164 167 167 142 128 123 55 187 35 198 197 133 10 123 60 43 129 48 91 14 192 26 41 82 76 146 196 163 167 37 198 97 103 182 25 43 71
145 146 89 15 163 181 200 63 116 133 133 121 44 96 44 144 189 139 118 99 121 102 127 25 191 195 61 175 162 31 103 138 123 80 108 169 130 178 3 10 182 133 144 102 149 195 78 70 154 14 36 166 130 63 182 130 2 6 122 153 21 86 130 168 158 23 23 64 72 47 43 117 188 94 17 99 88 177 51 88 176 48 135 10 39 34 131 66 50 141
142 143 64 92 172 132 47 109 112 179 156 74 153 173 18 103 52 62 162 135 31 16 84 42 120 5 7 6 21 81 135 90 151 30 190 34 105 113 84 16 2 63 34 57 117 138 145 14 198 199 54 148 184 170 26 188 171 165 57 56 163 66 35 57 187 141 101 160 20 113 69 64 6 197 92 68 10 28 152 123 45 153 183 3 134 172 166 4 83 75
11 124 22 150 24 120 179 131 85 109 121 20 62 58 175 188 97 44 195 77 120 30 43 191 21 123 191 99 69 120 49 143 186 167 114 115 105 150 189 58 71 1 96 17 118 59 85 195 1 167 97 78 16 55 187 21 187 161 163 58 26 127 73 196 2 5 124 192 166 180 136 40 71 89 147 89 94 160 104 197 67 46 91 146 14 58 158 1 195 109
70 73 138 7 191 128 107 195 96 119 46 137 70 76 32 35 93 112 186 120 79 143 51 79 132 27 46 115 197 76 107 172 63 86 102 101 129 56 71 200 140 25 19 113 126 66 69 199 58 69 176 185 157 43 59 130 186 65 10 56 167 7 100 117 5 30 173 65 130 106 49 164 56 53 95 131 59 67 31 53 138 38 177 179 53 90 138 56 55 194
187 167 97 92 48 87 106 76 92 157 35 149 66 20 103 3 60 75 54 148 123 39 48 148 17 65 116 48 74 169 74 133 23 187 117 166 175 3 74 44 193 70 41 58 87 198 82 89 174 14 64 144 143 148 18 21 13 14 52 187 198 9 198 80 6 144 50 153 82 44 193 78 79 68 134 84 100 12 36 75 71 73 149 51 86 86 54 176 87 125
61 43 186 93 63 150 26 135 134 180 7 122 8 187 18 194 163 128 67 22 113 92 98 153 53 22 9 200 93 82 93 106 62 29 65 194 86 109 136 146 9 158 128 18 112 23 75 107 195 110 163 1 90 109 106 51 136 1 10 188 38 151 156 40 10 34 44 85 89 167 187 193 72 5 198 184 148 19 40 68 70 54 132 131 87 187 194 106 17 133
80 147 19 78 123 83 1 109 26 58 171 133 112 56 132 88 3 110 91 22 108 140 121 19 99 82 166 152 84 41 6 194 138 153 199 150 180 81 101 55 185 40 157 69 21 90 166 16 39 8 154 42 79 100 181 94 22 118 83 197 198 40 175 4 170 101 123 142 145 58 126 98 23 86 110 151 123 200 52 148 160 10 57 21 42 176 98 195 30 57
52 103 97 52 63 2 27 14 80 21 184 35 151 44 147 116 57 165 56 18 27 138 131 106 50 150 90 167 133 124 156 108 184 171 190 197 124 121 9 20 138 154 165 31 74 37 87 190 52 18 160 198 161 153 184 133 109 130 152 116 114 54 41 68 189 197 37 16 114 126 47 74 133 165 121 68 81 101 4 91 189 111 90 81 155 13 79 116 180 180
3 186 9 106 51 192 8 159 168 86 59 23 192 88 49 195 81 74 180 196 111 45 149 152 101 144 110 46 93 160 91 137 9 167 161 142 71 63 21 169 186 37 6 31 13 160 2 92 117 12 29 194 167 68 146 28 120 70 95 77 28 198 129 88 99 24 185 10 47 157 103 52 24 162 129 141 91 70 176 85 88 34 75 9 26 110 64 134 145 29
50 158 126 16 109 137 179 152 28 141 41 84 164 138 143 98 95 136 191 192 117 18 119 60 161 195 60 93 142 135 13 45 102 139 56 183 106 139 115 114 72 127 80 143 99 31 120 121 55 94 105 86 149 66 147 181 189 154 125 83 17 17 157 70 140 63 113 30 123 12 44 115 138 181 121 88 16 149 184 139 78 135 135 108 15 29 161 48 102 27
182 2 50 174 177 77 89 153 1 40 187 1 198 13 159 85 134 93 21 127 104 124 151 180 143 160 151 116 152 103 18 17 139 114 117 169 30 95 181 65 117 109 6 198 58 169 186 36 88 54 156 137 159 84 35 59 34 154 68 168 117 53 133 18 80 138 132 148 200 152 148 186 20 104 148 146 106 166 45 39 109 141 68 181 29 90 118 107 73 126
85 185 178 106 130 146 20 76 105 93 132 175 154 64 63 181 2 172 158 198 197 81 144 33 118 30 61 150 12 175 25 187 185 42 79 14 139 110 179 148 36 92 24 21 8 11 141 166 33 196 74 197 141 18 151 133 31 33 4 142 172 150 191 191 185 156 35 118 116 112 1 135 18 62 165 112 110 67 113 2 2 187 159 67 149 122 20 143 131 54
90 99 83 126 197 53 77 113 159 53 7 67 77 1 88 149 86 46 110 48 170 56 25 155 172 90 200 124 48 87 36 129 3 75 115 70 147 188 90 128 157 162 21 160 132 76 100 95 32 94 74 175 126 96 58 71 168 61 28 116 18 93 137 102 43 173 100 172 178 57 1 111 199 18 4 139 70 122 53 123 49 89 194 137 147 87 159 107 149 98
155 61 89 10 166 63 35 73 32 137 114 56 92 135 101 36 69 74 78 171 18 28 111 186 73 27 89 71 50 161 4 97 83 108 177 153 147 81 38 115 138 2 175 178 152 159 55 77 39 17 50 55 58 72 92 157 115 163 123 183 144 155 144 153 164 65 20 143 69 115 165 113 181 28 72 120 17 68 91 145 171 76 200 150 27 146 144 127 186 100
172 84 33 147 173 116 82 185 34 23 142 60 145 123 24 180 150 154 49 117 25 116 72 191 173 81 10 178 88 156 75 88 73 196 185 59 163 98 73 188 184 68 45 145 107 186 180 122 5 48 177 95 115 158 115 189 151 179 55 101 24 165 71 100 170 61 136 112 196 82 96 109 165 66 154 43 1 8 143 8 96 82 127 125 105 50 35 43 32 83
35 56 144 141 71 80 76 110 163 78 15 77 9 114 197 52 84 88 44 177 7 45 146 148 98 134 63 81 51 92 198 19 158 30 104 140 87 173 59 132 133 17 2 141 87 85 126 75 153 51 79 110 8 118 5 110 109 150 188 56 122 172 164 135 80 182 84 125 182 1 42 78 195 138 107 128 165 172 29 54 162 189 190 28 157 40 99 38 164 175
136 83 97 65 175 1 167 62 184 84 122 173 79 161 48 141 194 54 114 118 69 78 25 197 46 16 133 144 15 21 56 83 39 111 61 184 11 192 158 111 16 13 116 102 39 84 132 174 39 4 90 4 27 144 107 138 164 124 25 79 191 39 30 28 64 101 28 193 79 44 94 4 196 50 130 13 1 105 86 85 33 56 157 65 7 187 186 171 76 87
149 151 90 92 86 84 85 134 59 4 159 138 186 198 174 145 110 185 96 51 141 114 98 38 114 37 141 120 175 127 113 164 74 89 5 42 166 104 109 15 194 135 32 135 46 109 104 105 106 32 95 129 14 182 19 122 107 167 153 133 76 90 168 77 137 192 172 179 101 71 195 43 2 20 118 66 11 87 54 64 132 46 151 65 15 150 175 132 109 22
5 134 121 33 46 158 54 87 87 76 121 28 32 124 86 80 49 35 189 114 78 42 90 73 117 39 127 78 185 16 187 47 169 33 85 134 176 76 175 3 82 125 51 175 143 197 74 119 190 129 50 20 118 177 112 188 58 131 73 146 136 11 146 163 188 21 128 28 76 19 103 14 41 30 113 153 23 167 54 74 80 100 80 162 79 171 131 5 123 61
144 167 107 26 146 161 93 173 118 52 41 4 115 9 141 125 62 141 111 21 46 18 42 24 137 66 30 60 130 163 102 82 37 98 121 165 91 136 79 80 182 49 69 52 31 69 50 99 55 124 156 102 63 200 68 103 126 186 197 83 78 81 85 190 188 170 88 106 134 6 130 28 108 3 22 38 36 134 97 41 86 68 21 131 79 145 76 41 43 184
168 147 174 198 62 170 140 6 96 120 8 11 147 42 65 43 126 137 3 136 89 3 200 35 82 127 166 14 185 150 137 106 59 74 40 189 200 197 131 157 187 187 187 19 78 56 54 28 199 6 88 178 155 141 171 34 118 83 59 35 67 94 82 141 90 11 187 19 199 114 144 78 183 23 94 48 103 22 127 29 104 168 42 151 197 43 17 150 99 92
55 80 98 83 93 109 32 15 177 164 152 126 194 11 101 185 169 159 132 198 22 153 168 64 182 195 164 156 66 78 147 70 93 123 81 1 71 137 14 170 126 132 120 192 183 135 180 166 41 165 166 88 157 17 43 196 179 192 1 145 34 1 57 78 74 127 56 188 150 7 118 42 137 197 85 49 134 77 2 89 2 17 186 103 177 155 140 85 111 171
169 1 144 119 173 54 128 176 149 35 100 92 61 91 139 132 124 3 181 64 132 185 53 166 99 82 118 130 147 79 156 63 22 84 13 25 34 177 127 94 106 63 32 128 183 2 79 187 3 83 133 121 114 108 47 103 153 199 193 153 125 84 51 141 102 124 41 43 200 43 5 188 30 128 152 131 85 5 49 152 98 139 139 20 175 148 136 103 84 69
36 196 15 131 144 122 158 79 111 184 119 141 116 46 143 92 106 126 74 66 157 43 65 19 112 185 164 127 46 190 74 78 40 111 101 122 126 62 134 51 27 186 23 79 50 128 177 76 12 46 16 104 133 90 139 144 17 9 146 148 87 83 115 72 60 200 35 193 112 147 68 28 196 176 22 186 44 76 128 88 126 9 9 183 78 156 27 87 71 105
144 167 199 184 136 176 133 27 34 13 194 98 126 185 20 13 181 158 53 106 148 13 114 21 167 79 51 103 193 167 106 69 39 142 160 152 69 115 69 79 47 145 23 136 173 131 101 52 60 90 6 30 191 26 50 31 22 118 158 152 144 170 15 114 69 37 193 31 105 186 96 9 3 171 164 3 49 98 60 107 168 3 181 166 25 191 4 50 66 63
82 27 141 1 124 50 106 33 145 138 84 68 26 155 114 131 57 120 99 128 11 106 163 42 50 69 37 20 92 107 69 51 181 92 173 186 145 37 191 53 101 157 104 155 43 134 56 152 164 174 197 4 36 70 120 154 48 172 75 197 26 168 97 59 193 199 56 102 149 19 68 125 166 186 94 78 27 184 147 36 141 44 175 187 70 169 144 46 3 60
92 161 118 68 169 84 58 68 182 183 185 85 2 101 43 193 172 95 64 178 33 196 186 80 67 34 199 103 122 112 78 33 180 99 14 38 2 147 100 62 20 197 51 116 136 132 111 189 51 66 101 17 20 112 21 86 10 101 74 114 182 114 11 48 167 73 91 171 100 130 127 142 150 160 18 39 40 197 53 151 167 132 141 139 28 16 135 181 16 93
71 36 198 135 102 68 106 125 71 18 62 200 36 24 116 3 27 13 187 185 185 116 191 178 6 152 74 108 29 112 107 34 157 184 171 158 142 176 4 166 156 155 19 18 137 194 56 74 38 3 95 162 122 110 16 50 139 1 25 183 113 114 158 155 120 198 13 142 118 90 120 79 23 58 129 102 128 151 1 41 194 103 70 156 67 160 19 171 36 14
91 181 125 1 115 86 192 70 30 116 154 13 65 23 51 65 46 92 160 70 159 96 78 153 80 198 51 112 12 130 133 102 64 189 192 175 58 37 75 179 149 90 174 111 178 29 140 6 176 48 89 104 119 86 93 131 193 180 106 13 166 30 41 96 191 16 82 51 184 57 9 88 41 132 154 103 148 1 193 11 47 177 178 137 168 53 157 80 6 128
42 43 89 171 169 91 124 124 17 150 147 189 182 66 154 20 113 10 84 61 5 190 200 110 146 10 9 143 90 154 174 134 188 75 106 83 56 111 194 96 104 63 39 1 87 99 81 145 115 165 28 125 159 44 43 14 19 84 51 99 136 40 97 175 92 79 58 193 82 121 113 38 186 26 185 161 136 145 88 71 132 176 135 74 150 121 195 86 20 66
40 78 3 12 138 185 74 50 61 200 61 141 123 107 115 164 70 12 125 2 13 193 107 182 180 48 38 104 171 6 51 92 116 28 33 142 140 199 6 80 107 86 23 124 99 140 4 82 46 63 129 11 112 48 112 88 125 152 9 140 49 87 33 102 89 191 111 125 43 6 91 72 40 172 171 17 195 61 70 52 142 144 123 199 62 98 24 45 39 25
106 123 11 171 2 39 156 121 105 105 16 171 146 148 60 76 140 132 121 161 139 49 112 83 82 112 118 136 45 79 133 7 26 160 141 96 184 144 175 174 57 188 42 94 129 73 193 101 119 64 46 195 110 16 54 148 167 1 18 162 13 122 115 147 91 133 147 109 40 4 181 131 50 49 31 190 127 144 90 35 187 154 132 58 191 60 121 118 15 75
52 67 179 89 55 53 56 175 93 186 190 8 100 129 51 97 137 152 194 169 64 77 41 58 117 105 168 159 174 14 139 89 41 127 51 197 155 177 185 116 15 106 23 92 137 74 33 111 38 12 83 38 66 48 25 158 99 79 5 112 111 53 18 59 194 68 93 161 31 52 126 19 70 25 167 116 40 169 71 187 90 117 77 130 18 61 144 76 74 136
188 7 169 105 197 190 30 152 112 115 35 190 155 37 123 114 185 96 106 72 20 141 193 95 56 92 108 174 46 19 38 13 68 111 195 149 6 101 152 180 193 181 174 125 10 46 68 187 64 111 11 44 38 157 98 19 20 158 101 149 166 172 103 200 184 9 170 18 18 140 200 143 166 70 64 160 112 189 199 68 47 89 134 78 158 189 175 150 30 190
110 188 58 15 164 108 150 134 175 197 83 19 185 106 152 2 130 16 47 90 176 72 168 51 111 77 151 127 195 145 29 165 136 41 90 179 1 14 147 98 54 25 118 18 30 139 118 47 177 89 178 78 112 75 88 41 66 84 157 179 64 165 59 131 80 19 161 125 52 92 11 5 57 70 27 185 197 192 6 55 57 141 122 92 32 128 62 130 5 51
175 180 7 177 77 90 128 5 62 151 47 127 103 128 32 46 182 117 98 100 193 104 76 82 117 29 77 10 167 137 112 175 82 56 3 111 111 30 152 34 57 37 110 47 166 61 159 8 154 112 185 183 98 188 90 177 200 127 51 28 76 150 96 111 186 42 11 166 116 75 57 26 13 176 139 183 125 88 19 48 12 59 27 155 25 177 150 75 53 196
39 67 122 152 55 26 197 104 44 9 128 134 76 123 105 24 94 9 70 41 38 81 36 130 88 25 11 20 200 150 151 104 88 26 98 77 142 152 143 26 125 76 50 127 61 96 194 91 47 119 50 176 101 67 142 173 60 3 98 98 101 83 86 159 62 159 126 192 65 185 129 78 136 50 172 7 76 4 183 138 191 54 153 168 155 194 88 23 183 48
162 59 192 96 112 199 101 27 4 16 13 172 28 83 135 143 96 183 43 64 6 51 27 24 59 38 187 143 148 135 164 163 169 10 15 106 18 153 158 19 173 120 88 162 117 57 43 143 180 44 162 127 11 152 55 196 53 35 47 105 58 151 112 2 66 197 120 99 191 58 135 92 133 63 112 80 82 112 111 130 137 19 139 94 101 66 160 74 41 51
200 17 115 50 164 197 188 73 102 30 159 168 141 76 113 108 124 68 145 148 125 165 170 35 159 60 73 41 18 77 41 148 98 60 133 159 112 178 124 93 47 122 124 89 104 144 42 199 45 78 25 104 200 9 7 134 116 4 161 21 152 19 48 10 16 178 187 51 54 95 6 158 97 89 132 91 132 163 50 139 129 91 195 156 12 102 6 150 106 80
63 109 119 21 77 82 111 36 183 166 195 109 106 173 158 91 54 200 156 55 31 104 197 144 24 147 79 59 50 191 177 57 152 63 7 135 119 157 10 19 86 191 176 145 139 105 29 151 81 26 123 195 137 131 121 125 8 99 199 92 29 4 40 162 154 49 37 111 15 56 164 125 75 55 79 147 96 183 188 115 55 2 168 89 61 12 161 135 39 44
35 24 9 70 134 25 105 79 15 1 178 116 147 121 152 135 124 25 109 24 84 154 83 87 129 65 88 81 143 196 148 60 59 192 75 76 199 36 116 188 94 158 187 185 35 98 163 103 154 31 12 21 16 88 11 48 6 196 124 51 169 78 124 84 178 39 51 151 94 17 103 128 145 194 76 194 97 159 114 94 83 82 197 66 169 1 52 181 125 64
2 11 6 47 59 185 194 148 82 57 129 187 21 166 13 72 192 118 126 31 129 127 142 15 54 44 31 120 110 139 180 41 18 64 69 26 179 130 29 92 121 61 112 35 138 178 150 198 31 80 145 156 164 165 123 45 81 68 24 72 192 90 193 55 43 138 16 143 105 200 44 2 87 105 161 36 43 184 199 123 94 155 186 155 198 33 169 123 166 118
134 102 179 173 200 159 122 70 128 98 28 153 82 124 195 119 108 87 79 73 188 5 37 120 87 187 151 64 53 120 92 37 176 83 199 172 165 198 199 10 131 61 31 41 119 35 36 70 128 131 65 165 130 114 70 146 97 182 92 92 5 143 126 199 125 181 57 153 8 84 25 22 153 100 180 166 11 138 177 72 112 145 107 22 195 190 73 84 171 16
4 18 80 133 84 83 89 9 126 157 127 164 78 48 38 47 52 167 176 75 93 105 127 180 191 60 174 45 158 20 111 169 8 166 131 7 191 121 162 47 154 176 187 68 28 92 36 93 93 25 26 114 8 169 105 86 94 14 17 125 162 195 189 148 104 120 23 180 21 105 127 131 27 75 155 130 30 39 51 44 21 87 48 120 84 147 163 125 37 169
31 57 96 93 15 100 149 112 153 54 14 18 28 163 7 111 145 33 180 175 178 101 182 86 116 79 161 53 39 107 91 87 85 116 136 31 129 56 188 178 156 137 189 81 30 198 127 12 196 153 19 26 87 117 67 60 89 194 79 43 194 40 179 145 146 133 164 133 151 137 54 171 69 157 95 101 72 21 20 21 125 15 26 127 57 45 18 25 89 90
74 171 89 25 84 127 61 53 60 180 12 115 129 143 113 70 86 166 39 42 14 194 91 62 80 40 185 4 33 123 139 110 14 55 184 5 137 119 189 89 195 133 183 160 38 20 77 113 21 115 164 150 92 101 34 77 150 71 151 158 23 93 50 59 41 135 174 57 153 137 1 89 171 136 108 121 72 24 51 33 171 128 119 199 65 57 90 90 38 152
50 137 52 60 157 68 23 147 40 104 56 168 60 146 116 117 164 10 170 49 38 142 29 160 22 78 87 193 83 95 111 97 84 17 19 1 62 41 133 162 131 78 165 88 106 45 84 13 36 78 154 64 190 103 193 200 22 63 105 145 179 97 72 75 70 137 28 73 82 155 119 11 109 157 89 119 61 10 141 53 59 171 151 8 69 180 141 65 16 98
73 38 9 92 24 150 131 95 41 73 13 101 166 118 30 39 103 105 52 69 187 147 86 151 2 150 187 27 58 160 160 17 94 116 74 168 81 101 10 129 89 81 109 41 62 51 93 66 82 91 180 85 21 31 145 159 161 182 104 66 116 133 26 86 11 126 81 133 162 176 80 58 68 194 122 27 80 150 170 162 25 89 141 57 117 88 71 102 160 150
124 171 147 126 119 9 10 91 43 84 126 128 161 107 181 67 102 4 175 191 146 71 127 157 187 187 19 33 54 159 99 180 123 8 22 43 153 164 53 49 113 70 83 103 38 26 119 9 188 104 1 18 162 200 22 55 169 113 10 60 76 119 24 79 188 189 182 37 171 110 104 44 130 147 26 116 168 194 61 28 141 109 82 24 78 61 157 93 133 113
79 183 69 134 104 62 48 66 102 176 107 162 8 161 193 178 122 21 135 179 12 122 57 34 196 141 155 61 90 141 70 109 155 179 62 31 15 192 173 75 33 191 193 169 147 196 88 76 46 60 23 84 109 118 80 169 158 62 135 111 187 68 116 53 51 189 73 10 66 120 52 200 89 97 3 87 153 18 181 6 182 61 14 153 148 167 109 35 107 125
143 69 137 72 78 75 156 4 18 18 4 188 184 141 156 117 98 167 35 64 83 161 42 47 79 91 63 146 4 47 24 102 100 103 6 7 52 2 160 193 128 100 127 8 3 38 171 84 32 109 3 65 95 151 17 25 115 77 22 149 136 62 102 30 170 19 19 57 181 26 172 116 76 22 184 68 73 51 5 20 118 101 7 185 182 19 13 106 101 112
139 113 140 167 22 189 103 160 144 98 43 113 44 23 192 74 58 199 115 160 101 128 77 160 29 79 26 160 3 34 139 165 16 94 27 170 145 147 116 28 90 48 73 56 46 194 183 60 29 85 170 124 162 60 200 37 29 142 109 126 24 179 42 161 53 197 160 199 194 153 91 31 42 130 58 200 142 94 79 156 23 66 98 188 186 61 7 64 79 142
186 8 176 159 187 70 90 182 36 125 124 139 56 189 104 79 89 25 194 81 78 140 198 77 121 106 130 51 148 59 137 57 42 95 46 114 21 180 121 107 55 186 192 98 116 145 9 82 120 158 35 95 52 103 166 122 113 64 98 88 42 154 175 49 169 190 159 37 106 13 103 58 100 157 66 68 52 173 49 150 163 24 75 149 77 92 62 98 61 48
167 99 135 85 177 196 142 129 102 200 32 129 167 157 198 76 133 52 58 91 99 83 200 119 179 128 72 96 9 129 22 157 15 47 194 182 59 148 4 176 50 102 194 145 129 184 114 79 185 33 97 159 157 156 58 132 163 82 183 144 119 19 139 21 149 171 89 113 80 22 111 105 112 190 49 34 49 20 162 27 118 184 62 188 84 81 111 137 165 109
38 137 49 73 43 148 21 164 113 195 183 145 71 190 148 191 9 90 160 173 153 29 97 55 20 148 96 88 197 55 88 142 38 186 55 23 183 4 80 189 57 87 120 90 80 152 111 3 132 75 22 193 112 191 107 143 80 105 54 175 70 91 99 101 139 7 114 54 123 135 53 28 93 93 67 140 113 18 172 93 26 153 28 196 177 119 80 99 129 117
98 156 182 191 148 35 28 148 174 70 158 5 133 162 46 82 123 62 28 177 140 33 132 116 107 46 116 164 120 51 82 16 141 59 122 108 146 200 160 48 4 125 40 57 105 165 66 9 36 48 168 30 67 35 181 154 43 46 57 69 127 160 33 107 54 131 183 108 125 120 131 143 174 23 175 155 69 17 170 145 116 176 194 199 87 179 63 3 123 3
155 40 8 162 78 14 113 118 103 116 96 20 134 85 113 40 109 138 70 110 198 175 51 15 188 81 151 161 160 33 178 160 181 33 152 193 34 46 86 25 128 156 61 36 182 18 181 131 122 177 66 123 65 58 35 192 21 132 22 22 168 131 67 8 142 44 71 192 198 182 21 59 107 61 175 77 59 52 194 132 41 130 194 60 138 76 197 13 20 8
170 131 52 118 60 15 64 81 156 146 149 84 31 130 134 66 51 117 127 14 99 22 72 38 80 118 185 91 102 31 195 193 41 103 15 44 9 42 31 16 167 148 20 166 115 195 4 15 131 31 31 35 103 190 172 32 168 89 56 147 159 103 104 140 56 136 9 117 96 110 179 57 99 135 67 65 117 4 88 149 44 118 171 197 102 49 142 165 62 130
139 63 190 25 169 132 13 135 92 4 26 100 149 98 25 98 175 187 171 109 183 56 153 186 20 95 118 189 193 58 126 16 17 88 61 42 137 141 193 112 54 4 162 195 1 34 90 115 84 47 179 25 73 6 196 153 135 33 30 138 104 71 15 84 24 53 116 181 136 16 36 190 10 86 81 46 27 2 76 132 138 103 113 175 25 62 56 187 189 20
109 37 129 194 61 160 17 156 46 25 147 23 94 124 93 38 35 196 145 151 88 114 116 67 31 42 79 166 105 177 114 95 64 121 95 76 108 72 50 166 95 162 12 83 74 173 77 94 186 138 109 95 32 35 78 159 90 101 136 35 80 23 35 86 180 133 158 18 47 177 116 176 151 142 7 68 143 122 46 166 95 4 71 68 178 157 176 89 192 74
45 112 106 4 132 191 124 189 3 187 102 106 69 53 34 174 193 170 16 59 69 57 65 167 96 161 174 148 170 183 44 196 106 116 172 75 144 84 124 195 165 93 135 3 58 48 77 190 73 44 32 126 38 11 40 75 99 199 41 186 36 161 136 73 65 14 160 119 29 152 20 116 124 162 31 183 125 2 186 38 83 180 36 102 39 49 154 86 129 11
32 46 174 117 23 24 29 174 11 15 118 54 144 159 86 89 78 136 2 87 196 26 90 88 144 15 131 143 127 96 22 193 174 42 145 41 143 156 42 70 11 27 77 120 179 160 194 16 92 182 146 5 27 146 169 197 145 193 107 68 178 148 70 131 162 43 92 67 100 74 58 123 184 164 128 40 20 20 44 43 92 180 7 194 168 85 50 192 65 172
117 180 145 69 160 178 29 85 98 6 36 190 158 98 12 15 35 175 129 188 4 66 164 167 80 169 179 133 117 121 44 199 29 152 70 187 141 62 120 195 150 44 144 22 91 113 133 162 90 153 31 21 5 8 154 13 120 88 32 171 148 110 84 12 39 172 134 100 133 96 72 51 63 37 187 187 84 200 155 62 173 80 173 147 197 160 153 10 168 56
113 59 125 135 97 130 167 131 38 163 51 183 75 39 111 84 38 89 136 53 111 166 39 44 79 12 81 162 159 56 10 110 142 157 163 66 115 48 101 163 124 119 37 130 115 26 81 150 169 29 111 101 134 55 45 135 82 119 156 159 8 102 17 150 52 68 20 84 142 14 104 40 51 189 150 121 159 149 43 140 46 29 68 101 64 39 145 162 138 106
36 80 154 170 82 37 30 42 53 93 63 29 73 49 43 23 177 135 5 132 123 158 89 22 81 194 29 160 97 65 171 126 4 99 200 193 141 157 165 124 74 93 72 53 28 149 87 134 146 138 124 106 134 176 164 23 94 74 85 18 20 48 159 158 164 97 198 69 62 36 5 195 134 91 196 11 23 83 97 7 168 42 141 135 54 4 186 37 137 45
34 43 76 167 33 106 141 126 200 136 94 155 166 46 165 28 60 62 21 75 192 187 111 118 37 63 56 137 57 136 134 81 163 24 8 159 139 129 89 141 29 30 59 39 26 53 21 95 38 156 36 10 118 124 139 42 71 114 64 58 21 23 119 189 157 168 46 143 37 56 131 129 178 191 110 102 103 180 101 192 160 6 186 14 94 156 2 185 2 94
2 78 6 145 85 25 43 57 23 61 26 33 151 175 161 128 63 60 33 115 95 17 105 137 50 165 81 90 33 111 49 119 134 21 100 136 165 109 197 101 184 107 102 75 183 176 126 33 137 150 126 156 8 142 141 123 181 169 141 14 197 74 98 101 193 161 73 11 163 3 30 58 167 78 15 191 33 31 64 103 76 190 12 97 181 14 23 20 170 15
74 129 48 26 178 69 154 69 55 160 9 141 192 179 7 90 27 54 95 177 104 105 185 73 114 36 129 88 103 128 63 84 13 200 15 191 113 36 199 159 170 94 34 197 54 181 184 21 115 168 136 31 91 178 172 101 105 84 9 87 96 49 4 183 62 172 123 83 183 14 87 38 40 119 76 81 178 3 117 179 142 19 13 74 157 187 179 31 135 96
97 42 43 197 167 5 125 5 40 147 157 9 68 151 6 177 16 140 28 156 97 98 181 8 44 168 17 3 174 155 76 29 31 10 77 69 198 118 132 88 44 19 50 8 7 17 77 123 78 144 186 86 54 103 30 199 38 16 33 181 186 140 50 68 144 71 6 122 67 138 136 1 129 138 68 82 179 78 191 116 149 67 68 183 16 23 26 103 81 71
188 170 193 82 88 2 104 148 24 149 86 169 123 190 197 23 36 116 17 71 154 2 197 193 153 88 9 155 73 6 161 23 178 149 59 146 70 88 29 102 140 190 31 60 42 183 115 13 9 12 128 104 194 187 190 135 153 101 169 35 200 136 97 53 39 55 124 148 107 76 88 9 199 7 193 135 25 178 166 53 148 4 55 132 31 42 85 170 170 187
138 155 109 194 149 118 50 80 73 30 189 101 39 114 186 83 70 55 95 128 163 178 7 75 88 20 133 70 141 135 181 117 168 154 16 24 124 112 144 96 109 134 142 118 102 194 163 138 38 17 158 145 113 35 47 167 6 132 41 28 91 96 35 185 100 64 25 81 93 49 17 50 173 140 88 25 15 19 132 60 49 43 79 161 174 127 21 169 138 99
132 114 134 99 164 86 26 8 189 67 137 26 68 67 5 91 77 116 38 70 147 10 194 181 156 63 5 80 144 78 163 100 53 86 31 181 65 50 118 169 76 92 27 171 26 165 168 118 30 112 168 75 89 198 124 138 127 147 47 175 5 174 99 4 2 165 40 67 27 10 32 90 191 101 159 59 141 193 191 54 194 40 171 80 119 88 50 42 142 9
177 83 92 89 3 67 55 184 78 25 11 140 112 120 187 73 148 49 151 190 184 86 76 62 43 160 123 120 166 19 145 189 129 96 109 22 108 199 118 157 55 156 34 80 101 139 61 106 60 51 190 115 137 118 49 104 165 184 71 124 70 85 184 75 133 79 186 19 195 186 109 21 4 31 85 52 119 74 37 107 11 100 126 161 150 176 86 103 2 113
41 194 137 32 178 51 102 65 154 175 46 44 100 58 42 48 161 193 114 191 123 183 1 118 161 112 65 170 12 196 129 177 42 180 155 68 145 136 70 173 195 8 91 196 112 193 96 2 1 178 17 102 199 82 102 182 66 162 187 149 88 76 194 175 135 113 165 108 9 190 154 175 162 150 106 40 54 175 153 51 125 2 47 50 187 59 5 194 57 141
189 148 197 3 41 116 60 21 149 179 196 150 170 38 8 117 103 68 62 72 148 125 140 96 44 188 110 146 113 166 165 84 157 172 149 123 111 146 180 31 157 20 106 187 122 186 34 160 195 129 141 66 62 93 118 115 169 64 168 55 88 113 15 10 16 14 50 62 119 137 36 92 69 32 74 16 51 191 91 117 15 61 27 95 73 23 47 104 109 97
163 156 24 84 65 133 103 196 94 160 143 196 8 152 30 58 164 143 127 90 83 168 154 37 37 182 183 107 175 35 66 38 51 102 59 53 80 11 69 178 81 70 29 11 18 75 142 7 98 101 161 140 149 34 5 137 58 110 67 181 190 11 6 55 98 185 119 99 106 156 189 21 48 131 164 158 179 120 172 134 83 129 16 158 10 95 37 109 143 88
110 166 22 92 29 186 69 5 155 88 85 115 8 177 26 155 132 110 7 167 193 91 57 155 70 198 49 145 83 15 75 32 18 33 119 58 7 59 103 137 25 166 45 120 136 107 136 79 24 177 122 183 164 157 61 55 73 24 29 133 31 91 148 85 192 67 167 93 165 79 78 132 158 139 148 11 116 63 173 185 110 167 163 149 144 170 153 33 145 43
41 78 28 146 59 140 107 23 30 197 34 44 138 26 138 63 51 60 79 150 80 76 88 69 191 129 108 2 180 137 97 57 174 96 165 100 147 44 56 92 175 24 159 62 123 64 106 55 90 48 59 20 83 18 96 134 45 65 80 6 120 26 118 122 195 53 68 196 43 34 70 171 6 99 135 33 115 105 31 190 90 177 28 100 173 153 88 40 37 162
200 32 198 115 40 53 59 26 168 139 80 1 86 37 123 106 33 119 138 173 180 150 125 162 144 24 105 4 61 97 97 97 168 50 15 140 74 24 49 200 74 152 93 11 116 65 113 120 138 180 157 51 99 189 128 138 172 33 179 141 191 112 155 107 83 144 36 160 32 90 194 2 108 158 67 186 19 19 190 17 99 24 17 191 144 98 24 61 185 124
75 96 184 15 40 101 183 159 41 158 91 87 160 9 27 62 124 1 57 68 127 52 24 84 97 50 141 136 176 186 58 189 24 2 45 141 152 140 16 200 77 90 116 20 125 88 175 4 66 61 161 197 1 176 135 158 143 123 181 93 20 48 34 45 68 42 22 61 162 86 68 152 188 1 81 186 178 158 174 107 197 120 143 23 102 96 1 85 195 176
181 183 106 95 47 50 132 19 64 4 128 178 54 3 42 144 22 197 170 52 143 29 43 106 142 191 15 195 160 185 92 158 61 139 150 181 127 139 29 53 2 200 14 3 129 88 127 117 200 111 96 33 37 165 24 96 198 141 199 174 33 183 103 25 133 88 81 162 185 111 140 88 1 68 99 191 174 114 99 91 16 112 107 120 67 51 92 56 166 2
43 193 164 110 133 102 172 19 23 139 189 2 172 172 192 110 4 118 188 84 67 111 12 17 144 79 148 173 190 53 72 36 18 95 135 150 10 142 59 148 98 175 103 66 146 77 41 106 43 2 156 63 101 56 180 84 198 133 8 107 67 2 31 84 79 32 93 187 194 28 24 79 15 71 73 141 167 43 11 128 47 29 108 88 18 148 98 178 149 186
15 164 24 18 173 51 69 87 193 73 38 140 188 11 31 162 168 179 38 104 143 8 74 143 37 136 101 190 103 70 56 199 12 52 116 76 145 48 74 122 135 160 38 38 190 165 174 134 2 139 96 26 112 154 175 28 93 61 186 192 99 71 27 87 127 55 29 144 184 128 32 170 43 124 195 16 144 38 146 65 29 13 153 76 25 56 167 106 78 75
