30 	
66	69
1	15	2	159	7	
0	20	1	337	4	
0	65	1	420	5	
0	70	2	335	2	
1	93	6	8	8	
0	41	1	438	4	
1	1	3	15	8	
1	2	7	146	3	
1	34	4	529	3	
1	71	4	84	9	
0	21	7	439	6	
0	50	2	277	9	
0	63	8	168	6	
1	58	3	242	4	
0	2	5	131	4	
1	50	2	441	8	
1	34	3	160	7	
1	60	1	339	2	
0	17	5	203	8	
0	5	2	281	1	
0	15	1	171	1	
0	60	3	543	6	
0	54	2	233	5	
0	64	2	457	4	
0	58	4	71	8	
1	43	2	575	5	
0	99	1	169	9	
1	17	6	492	7	
0	16	1	245	2	
1	74	3	497	7	
72 48 38 3 143 163 20 101 96 193 177 85 145 193 37 13 194 113 124 122 70 112 74 85 122 19 172 149 148 145
162 124 7 167 59 195 42 133 25 22 67 60 103 41 167 197 68 39 24 143 199 184 148 152 58 103 190 185 155 122
159 44 95 110 139 109 29 66 143 84 1 13 191 160 120 62 200 158 98 193 27 64 157 63 191 130 157 192 93 163
192 61 145 11 67 125 54 175 58 113 63 104 110 83 31 151 154 51 161 52 34 53 48 192 137 75 11 194 15 139
26 25 136 158 105 75 162 127 76 163 105 92 173 81 171 17 30 146 133 118 122 94 70 113 68 17 117 104 187 68
56 1 66 20 44 132 121 79 59 194 37 86 36 1 104 180 193 15 33 75 53 180 41 163 122 114 153 82 79 99
59 8 61 150 43 114 34 74 10 193 3 33 22 180 44 138 69 33 119 200 152 55 124 108 54 173 161 95 77 191
62 49 71 29 81 24 96 143 112 116 92 136 156 156 181 29 27 199 48 151 38 134 63 150 45 72 173 18 53 5
100 19 128 122 103 32 34 87 186 184 74 47 60 134 17 192 34 42 17 7 170 60 166 91 189 85 15 41 177 82
191 151 22 99 170 70 128 121 76 10 180 156 151 111 194 71 89 134 183 65 195 174 50 106 35 199 168 92 10 177
179 176 107 94 197 17 91 190 14 167 68 185 65 32 185 39 193 150 26 186 76 180 5 100 7 14 147 112 104 25
117 195 42 157 145 66 153 12 128 99 126 96 198 84 156 144 91 93 50 9 15 110 26 140 11 170 96 133 97 93
158 55 106 83 63 84 176 126 53 27 189 179 58 18 174 171 65 34 163 54 179 172 148 159 68 20 199 92 98 15
192 172 193 44 133 127 130 45 10 7 139 158 188 73 5 109 61 111 12 200 95 137 55 176 3 14 95 46 163 183
68 10 3 71 50 85 104 162 62 150 181 182 150 92 197 65 100 107 2 87 35 173 148 78 153 3 145 135 150 19
32 170 56 184 172 182 18 55 48 128 36 160 3 178 139 75 70 71 13 139 56 86 49 104 182 159 7 9 72 194
183 191 15 160 77 148 20 67 106 151 175 92 60 74 102 142 189 63 71 164 52 46 56 66 108 157 183 83 54 135
76 147 200 134 151 79 110 40 31 142 177 3 86 86 179 31 132 30 73 121 52 144 115 71 90 172 153 48 179 181
105 13 18 84 122 141 182 84 39 178 74 147 47 63 99 43 133 133 40 36 85 37 30 89 175 38 141 31 193 23
65 15 186 84 73 133 55 49 48 121 46 20 175 63 124 39 129 19 70 104 18 11 81 10 86 55 90 156 58 120
100 103 130 180 80 105 178 81 128 15 31 158 11 77 2 70 16 96 150 33 129 145 4 11 111 91 126 128 80 102
54 190 10 171 7 83 181 31 123 141 179 27 139 46 14 1 28 82 97 96 108 74 6 86 199 136 138 184 108 111
49 129 149 91 196 80 70 123 80 140 159 73 30 38 17 107 131 41 189 53 165 111 182 63 92 88 24 50 185 55
105 184 71 124 138 51 95 160 137 24 111 108 53 123 142 130 154 140 53 95 35 2 60 42 179 24 56 149 190 28
72 40 166 55 98 118 52 97 84 131 172 175 91 31 27 156 163 140 158 81 138 199 12 169 53 158 20 155 146 54
12 137 105 45 147 91 193 20 79 11 96 179 137 73 179 26 64 191 108 103 95 136 151 194 198 188 96 90 111 9
44 98 160 153 139 78 137 73 74 107 60 142 85 51 55 125 73 194 53 19 196 80 89 171 88 152 150 105 131 183
98 196 88 116 109 79 149 134 167 36 53 90 40 101 150 82 105 4 115 197 138 33 49 46 110 132 50 142 180 58
170 97 95 149 38 138 26 167 198 105 89 112 96 45 14 158 107 96 144 165 198 100 105 2 173 94 34 110 153 183
81 167 197 177 167 126 107 42 175 60 64 14 52 155 64 67 1 128 13 180 178 60 129 132 46 102 159 28 99 196
167 9 120 151 59 154 56 59 197 166 27 141 97 194 178 116 102 173 120 135 78 3 162 111 52 155 4 197 8 30
