20 	
0	18
0	8	2	20	2	
0	1	2	64	6	
1	3	2	51	9	
0	3	1	52	1	
0	4	5	108	4	
1	1	3	54	8	
0	6	9	33	2	
0	5	7	37	9	
1	7	1	68	7	
1	4	6	5	8	
1	7	2	125	1	
0	5	8	31	4	
1	6	5	98	1	
0	3	2	105	3	
1	6	5	19	1	
0	2	4	60	7	
1	1	8	118	9	
0	8	2	65	3	
1	2	7	102	2	
0	4	6	30	1	
131 38 89 85 38 166 10 19 171 168 100 90 32 4 52 198 12 174 117 51
183 156 175 199 95 95 60 77 34 195 34 164 182 93 153 124 44 130 122 48
127 109 145 112 116 82 41 109 170 69 196 140 165 142 42 105 169 190 187 126
163 154 85 4 36 181 86 21 21 180 75 157 185 178 93 68 98 189 79 71
180 158 175 175 111 72 26 181 53 132 128 80 64 180 17 155 95 11 138 52
72 126 49 48 13 65 50 87 186 148 197 183 68 119 32 62 139 118 12 163
23 69 36 149 164 45 15 51 147 188 70 33 24 40 128 139 192 120 181 57
21 33 126 71 131 56 150 199 164 112 18 182 159 30 144 190 129 40 17 177
133 45 40 116 145 22 180 163 188 62 167 199 166 11 75 12 167 182 183 148
149 150 123 24 124 197 141 35 112 161 159 172 54 30 139 13 156 101 45 25
88 85 88 145 93 129 8 116 83 180 89 162 54 132 175 74 112 64 191 40
65 86 139 124 177 45 29 111 84 100 200 180 82 49 58 63 57 53 164 85
34 69 172 136 146 134 55 49 183 54 43 113 19 21 176 70 155 124 120 94
135 158 140 52 35 103 78 14 134 109 29 70 91 155 96 141 120 82 134 40
193 164 76 28 83 184 96 63 105 159 45 78 128 49 42 140 54 43 38 32
163 72 41 169 141 179 83 131 130 34 195 29 155 43 38 101 82 48 36 126
7 26 19 121 186 61 184 89 167 16 26 105 197 92 13 37 52 96 15 12
97 172 4 48 93 3 143 39 86 38 100 87 78 143 145 76 61 108 122 145
16 112 165 197 64 148 123 44 149 95 98 152 164 66 124 35 93 90 182 63
111 76 183 130 157 73 131 130 136 166 98 9 27 122 97 140 174 68 122 148
195 77 101 115 76 110 161 139 194 22 85 8 91 149 2 169 59 184 187 174
