40 	
71	73
1	6	8	360	1	
0	8	2	137	9	
0	3	2	433	3	
1	9	6	38	6	
1	7	6	99	1	
0	7	8	104	8	
0	3	3	177	4	
1	9	5	342	6	
0	5	5	344	5	
1	5	9	252	7	
1	6	6	261	1	
0	6	6	93	5	
0	9	2	155	9	
0	9	6	389	8	
0	8	2	415	6	
0	5	4	426	2	
1	7	8	32	2	
0	9	2	155	7	
1	4	8	402	4	
1	5	1	244	4	
1	5	1	473	6	
0	9	5	75	6	
1	6	5	417	1	
0	7	4	98	1	
0	1	6	401	4	
1	6	2	38	7	
1	9	1	147	9	
1	7	3	52	8	
1	8	5	225	3	
0	8	3	405	3	
0	9	1	95	3	
0	1	1	405	7	
0	3	1	380	7	
0	7	7	53	1	
1	4	9	58	3	
1	1	3	394	2	
0	6	8	108	2	
0	2	4	113	9	
0	8	9	61	7	
0	9	9	111	5	
157 141 191 139 26 22 82 177 48 20 51 130 52 96 92 194 58 76 197 41 32 149 24 182 147 29 108 168 173 143 193 43 1 174 121 112 51 184 146 56
198 5 37 166 2 30 142 183 35 173 25 33 190 23 37 32 22 155 46 55 84 43 25 82 107 63 111 143 183 45 192 152 187 133 89 158 8 171 66 126
66 144 81 164 199 49 125 99 27 75 198 22 113 69 58 162 116 115 137 153 101 117 84 76 180 173 131 33 54 79 173 180 30 193 65 134 41 131 62 191
9 140 135 56 95 180 158 111 168 83 52 32 119 9 70 18 95 144 176 33 118 149 179 60 16 18 24 32 178 68 78 48 199 64 70 195 102 100 143 36
153 140 108 198 116 64 50 45 161 108 11 143 173 58 27 137 64 97 28 104 187 57 120 98 108 193 85 165 150 191 35 135 101 115 109 57 114 5 10 196
146 170 1 83 105 184 41 181 149 97 192 111 100 71 183 7 61 25 184 184 25 74 137 39 108 187 169 20 182 173 13 70 149 108 77 99 170 85 97 144
125 107 49 12 119 42 4 151 26 100 190 191 156 161 67 172 9 110 100 196 157 98 61 164 112 146 111 46 178 100 14 149 167 16 40 183 51 184 57 194
17 43 187 59 99 139 49 163 47 40 196 108 84 117 79 13 38 152 157 183 131 193 1 24 17 120 128 94 149 117 20 15 152 35 174 200 179 32 120 91
133 88 114 164 118 143 187 167 106 77 109 73 80 69 105 171 140 109 144 120 44 53 64 158 195 195 189 149 170 105 16 32 107 41 20 68 51 2 115 60
39 84 120 13 163 134 153 102 84 70 45 120 158 81 181 185 50 75 187 12 111 71 98 193 163 152 108 59 146 11 188 192 154 101 54 72 93 69 189 43
83 71 107 44 90 128 192 168 128 176 164 40 16 118 29 50 53 180 141 75 61 175 25 180 110 143 18 126 76 168 31 116 9 35 111 99 118 175 158 102
94 92 153 160 190 40 26 152 17 163 42 59 51 57 149 44 37 197 44 145 31 111 131 127 94 180 30 20 77 192 160 22 100 11 141 10 193 141 137 24
45 185 36 199 89 43 151 106 44 176 185 36 116 169 150 49 2 112 25 148 128 64 112 10 20 4 139 69 43 80 153 178 171 160 191 2 111 73 166 112
71 178 2 154 161 141 55 8 18 125 180 119 74 114 155 88 15 193 63 173 34 121 44 38 29 6 84 132 50 41 196 77 199 119 95 199 99 166 14 21
88 106 45 82 67 13 30 86 14 46 85 10 158 194 16 127 170 52 42 141 41 133 25 46 191 118 162 64 3 40 51 156 165 37 155 129 191 69 77 24
188 159 77 177 177 57 172 37 121 103 45 82 161 2 173 97 57 162 197 158 162 161 134 190 171 180 46 120 71 173 147 193 95 141 180 145 82 177 29 143
63 31 173 14 195 100 100 142 152 97 15 6 189 133 170 120 165 181 200 100 195 34 191 167 42 173 25 67 47 19 152 39 162 101 122 31 163 81 131 133
126 192 180 191 49 199 14 74 44 135 2 11 101 100 136 90 80 133 190 34 86 47 102 116 200 45 100 167 191 4 152 128 86 193 172 196 168 15 81 69
74 77 100 95 61 28 157 53 139 10 71 26 182 84 63 64 39 87 37 2 151 140 147 108 194 193 45 117 21 133 189 118 61 145 180 37 120 141 10 67
197 59 112 29 108 70 37 1 73 135 172 156 80 12 96 12 104 8 89 190 110 136 58 200 47 101 186 188 40 72 135 69 78 77 190 194 17 75 125 145
159 78 137 177 184 192 46 32 109 65 115 25 127 3 161 159 192 7 140 151 24 6 83 122 120 91 133 180 49 197 114 139 3 59 94 83 107 175 95 13
182 120 35 42 109 144 51 23 65 114 197 137 77 71 190 142 104 178 100 162 73 161 9 124 24 16 67 175 77 61 195 48 132 172 13 9 92 191 194 27
102 60 176 164 4 45 88 4 72 103 110 30 151 172 185 197 43 110 116 157 178 117 88 166 95 199 84 62 100 197 3 125 36 164 32 17 154 122 105 20
147 51 147 3 31 157 17 156 77 80 88 30 29 170 125 128 132 2 121 136 163 151 55 120 17 68 176 28 139 126 175 46 30 5 54 79 54 111 101 76
150 7 82 26 176 170 26 29 39 173 44 89 137 155 181 172 112 45 144 49 18 2 127 176 101 187 179 22 112 188 25 100 1 191 163 180 100 170 22 129
4 60 165 188 179 121 15 13 53 106 109 33 86 116 136 117 137 82 192 28 122 165 121 18 142 76 17 91 146 101 159 81 112 78 119 81 48 135 88 91
1 178 158 195 139 167 8 187 104 82 129 23 100 106 133 32 120 181 160 38 154 90 35 51 76 105 32 154 63 23 148 145 108 157 87 4 147 112 113 125
155 190 110 13 44 8 105 63 180 188 123 192 128 133 188 19 76 55 40 8 107 15 25 77 3 124 176 93 135 74 154 20 193 185 55 94 109 86 188 122
197 144 49 84 143 98 174 108 93 69 9 115 50 126 159 60 75 91 56 52 28 70 130 173 100 105 115 146 19 3 192 37 111 185 59 99 190 147 85 51
66 192 128 110 162 150 27 194 35 94 32 146 143 122 54 106 39 126 67 34 139 87 37 196 99 159 45 115 36 141 24 89 77 1 31 190 147 116 92 190
24 170 69 148 179 172 86 139 90 111 168 112 56 26 117 16 103 158 188 55 128 18 103 64 171 144 102 94 196 146 46 13 168 117 59 73 159 30 185 41
120 77 186 106 163 33 63 153 164 47 200 5 17 174 4 173 13 137 107 32 164 171 88 159 122 37 68 104 156 128 122 105 71 196 109 42 164 53 162 195
191 136 124 190 157 126 140 116 194 53 86 10 61 33 171 36 89 153 83 191 63 83 125 88 133 167 2 196 185 17 125 2 93 100 36 136 139 87 133 13
181 151 140 191 178 11 21 164 13 104 106 107 29 74 69 41 166 59 53 28 10 37 115 148 64 146 131 157 184 54 57 60 116 169 57 131 39 177 52 187
141 39 188 46 121 143 124 105 102 165 151 112 93 20 180 13 87 93 20 136 100 153 19 138 50 76 113 154 86 56 82 68 130 170 99 53 27 171 173 156
4 25 188 138 33 46 16 149 136 96 186 5 166 1 134 119 198 27 18 125 34 11 170 44 81 5 119 53 60 14 21 186 6 108 134 22 61 24 108 125
138 132 177 53 108 89 179 190 153 158 107 66 72 57 18 196 1 171 124 134 174 89 84 57 117 82 72 122 129 78 134 101 170 183 140 98 136 60 26 110
78 11 3 148 45 8 97 83 121 110 19 117 122 33 191 46 37 94 157 144 121 106 111 65 64 42 25 51 109 75 53 182 25 158 134 111 25 126 38 8
75 143 118 181 45 184 141 112 195 2 174 4 144 41 95 168 162 50 114 139 13 24 14 195 76 192 144 144 61 146 26 40 99 50 119 7 92 117 14 168
118 88 61 9 59 196 194 173 78 17 162 45 133 38 13 197 42 180 36 189 130 129 35 197 184 133 148 130 137 51 39 142 190 136 43 55 146 98 186 119
133 97 6 106 72 185 55 30 45 25 62 89 196 179 101 27 185 164 150 70 168 24 191 114 42 200 46 105 136 124 175 64 100 181 121 16 194 150 17 1
