60 	
2	11
1	40	1	2288	6	
0	29	6	712	8	
0	49	4	2656	1	
1	70	1	3177	5	
0	80	7	1948	6	
1	6	4	2973	3	
1	74	5	1796	9	
1	56	4	230	7	
1	33	8	608	8	
1	25	2	2499	8	
1	68	2	1437	7	
1	92	7	2391	2	
1	62	7	2657	6	
0	40	2	1359	4	
0	57	6	2311	2	
0	74	3	2062	8	
1	14	1	1295	2	
1	70	5	550	2	
0	80	3	3228	5	
1	48	7	2025	2	
1	5	4	3054	1	
0	53	1	480	7	
1	12	1	396	2	
0	85	6	2693	3	
0	78	1	1475	4	
1	16	2	555	3	
1	29	6	123	6	
1	24	1	1801	2	
1	83	9	1253	9	
0	94	2	35	1	
1	53	5	637	7	
0	61	8	2555	2	
1	71	4	332	7	
1	53	3	1453	6	
0	72	8	266	7	
0	48	4	3128	9	
1	96	1	1509	1	
1	43	7	749	5	
0	48	7	3169	9	
0	96	4	3141	5	
0	98	6	32	3	
0	68	6	1481	9	
0	13	4	811	4	
1	18	4	2510	1	
0	64	3	2753	3	
0	78	9	269	7	
1	86	7	1169	9	
0	15	9	485	5	
1	32	2	347	9	
0	51	2	1726	6	
1	96	1	2154	9	
0	67	8	1467	7	
1	37	4	847	3	
0	6	8	441	8	
0	32	5	1828	6	
0	97	5	2100	4	
0	93	1	2297	2	
1	14	8	3080	7	
0	22	4	388	8	
0	77	8	1887	2	
142 69 82 18 28 79 199 145 43 129 101 151 98 96 124 78 189 17 42 161 71 192 145 50 15 132 83 33 35 45 188 164 187 38 28 177 40 53 45 141 93 138 154 165 19 183 31 67 35 64 11 121 180 30 13 106 35 74 66 62
49 3 77 104 181 164 16 29 193 68 5 138 107 89 47 128 44 187 40 9 109 14 190 197 139 106 147 177 168 73 53 183 114 69 155 172 62 198 119 159 143 150 40 120 73 142 192 127 58 104 135 176 98 132 40 93 174 81 28 14
158 136 88 132 152 3 140 64 176 44 103 56 83 176 145 91 152 53 5 55 109 144 151 112 69 21 4 123 98 142 4 195 64 9 160 17 10 167 170 139 39 68 84 171 166 145 21 105 165 10 43 157 8 170 88 145 103 68 160 135
167 192 146 73 143 113 35 39 106 46 53 189 67 61 110 131 16 13 180 10 84 121 45 44 157 37 11 20 139 84 55 58 47 131 32 183 180 50 17 126 51 34 199 68 101 121 123 76 38 7 34 154 195 96 196 1 118 131 128 200
61 40 11 107 200 77 161 149 193 109 94 134 73 93 31 4 192 132 47 187 134 184 127 62 77 102 59 189 61 91 154 18 156 70 169 83 127 41 198 66 101 197 171 2 120 148 116 97 15 86 29 185 177 144 25 109 182 190 77 96
83 151 166 157 105 7 55 146 198 148 119 61 8 45 109 71 103 58 196 41 163 34 25 110 118 39 59 185 172 133 5 103 9 61 53 23 197 104 16 190 81 90 53 167 166 87 141 183 1 62 92 25 191 70 101 68 21 109 181 97
14 200 22 17 111 141 199 10 92 137 108 149 197 59 50 124 42 3 139 79 156 17 146 27 174 112 80 84 87 70 36 39 142 35 39 200 157 137 28 158 71 82 125 79 170 145 100 96 103 168 16 182 152 154 34 27 100 21 187 187
131 85 131 6 157 128 187 166 23 192 162 65 100 82 190 125 41 86 180 102 107 98 67 47 104 64 11 102 159 50 69 86 107 100 35 166 143 164 188 130 93 119 164 104 148 89 172 166 177 80 121 193 94 90 28 145 193 43 69 177
104 131 69 14 13 57 147 20 6 87 172 142 175 99 148 32 170 134 190 75 57 16 163 40 84 188 115 187 120 140 3 153 129 71 151 17 77 56 89 195 2 106 190 134 123 54 3 109 174 40 83 48 93 165 45 196 60 187 182 2
83 113 75 105 46 114 97 24 161 193 80 179 168 31 48 14 150 84 45 6 196 154 27 131 51 115 52 53 114 49 104 87 195 195 162 55 191 122 87 175 49 161 120 126 188 115 103 26 198 60 167 34 114 67 96 160 110 166 139 160
177 100 113 163 138 84 28 152 28 183 143 135 116 173 198 46 71 153 104 163 66 189 127 66 13 159 133 133 122 95 118 50 24 158 7 73 111 46 73 196 64 140 12 82 19 96 195 77 142 151 172 165 69 13 62 48 34 185 59 146
37 155 1 48 25 69 69 185 129 144 55 102 34 166 155 157 178 29 168 91 55 193 76 84 134 99 20 60 105 81 65 111 47 129 26 99 30 76 107 143 74 145 67 170 97 14 129 56 189 110 49 106 70 124 28 172 118 190 85 147
3 152 84 133 76 6 79 34 170 64 166 158 171 53 13 3 31 77 107 112 8 44 38 144 13 105 47 182 188 22 39 102 164 186 198 162 1 2 31 79 191 154 152 140 40 123 80 81 163 42 153 43 55 150 10 31 99 32 76 14
101 183 38 34 158 3 82 3 192 162 11 77 56 178 52 55 109 188 13 77 110 154 119 93 43 166 37 90 155 17 188 14 129 25 189 5 70 35 197 63 189 66 30 194 126 181 179 5 194 43 9 168 169 12 57 66 41 17 12 186
19 63 138 2 121 45 183 138 117 1 179 8 190 127 76 173 114 170 27 122 54 75 184 188 13 97 86 102 53 69 136 12 139 38 180 27 103 120 30 97 33 154 116 78 157 78 105 200 77 121 195 9 175 23 36 78 181 63 150 24
176 83 82 15 168 110 58 131 20 17 69 135 1 191 126 26 56 31 100 98 60 6 16 170 158 101 75 152 74 99 45 40 51 51 113 77 24 115 73 5 154 132 81 80 183 47 26 73 167 6 75 69 95 154 195 72 94 117 151 76
86 3 138 179 78 131 120 16 75 40 130 187 33 166 190 104 40 58 51 91 33 130 111 97 161 98 159 130 19 40 77 143 137 192 150 28 25 94 56 197 98 11 94 156 121 100 26 117 167 121 53 155 69 153 66 28 179 60 141 149
61 148 97 191 14 55 73 12 104 84 93 155 172 143 71 86 122 47 47 15 122 172 5 69 59 45 169 191 184 116 151 191 88 171 151 137 179 84 104 41 198 32 132 164 187 102 159 93 178 140 168 158 185 152 176 24 186 95 60 181
108 132 115 31 77 162 91 85 42 76 49 139 177 38 184 61 3 179 162 101 101 105 163 45 22 156 42 194 36 123 58 62 170 149 148 40 63 51 145 197 25 9 126 60 129 81 190 87 182 106 125 138 3 194 191 56 179 111 115 10
189 128 12 109 195 90 67 32 131 14 138 160 180 143 9 186 17 198 1 118 77 45 54 38 196 157 104 94 71 46 37 190 178 35 22 175 63 191 93 192 46 136 114 14 144 73 88 97 13 33 28 70 151 6 52 41 166 186 4 3
53 169 175 61 26 200 108 66 13 31 110 122 136 183 118 101 118 182 174 188 187 174 154 28 16 2 38 197 67 132 1 159 92 56 137 167 76 125 74 89 190 27 134 192 82 163 101 6 41 58 29 80 23 100 138 23 76 192 64 50
23 171 25 17 142 35 134 165 66 22 154 149 7 128 18 123 28 129 200 151 93 39 96 90 58 173 190 134 169 63 49 143 12 195 86 82 160 96 160 78 30 1 44 39 45 6 132 78 6 112 56 132 68 36 50 76 117 74 9 41
92 142 183 170 189 182 19 170 82 144 167 69 167 191 128 197 1 154 124 141 60 25 149 105 114 106 44 200 152 129 152 191 191 156 196 50 6 149 155 31 81 164 84 41 51 82 117 69 46 115 116 20 125 69 88 136 4 112 52 177
63 78 157 12 93 155 128 189 170 21 27 195 139 7 102 77 94 85 156 192 181 106 126 78 148 112 56 151 24 117 64 67 191 49 151 198 44 48 146 94 131 199 135 110 130 181 88 34 130 79 81 110 124 64 88 8 161 59 198 101
147 59 24 128 92 85 115 186 169 167 26 32 55 143 122 62 196 95 163 160 161 105 156 7 179 38 31 152 173 4 67 157 136 142 9 87 121 102 195 13 41 145 81 95 197 199 166 10 164 92 52 53 119 181 95 16 153 179 167 147
6 64 131 127 108 84 193 135 166 14 119 153 139 171 105 127 3 12 106 52 176 101 145 141 28 32 8 127 147 159 130 127 155 116 93 184 120 22 63 26 92 157 82 4 119 58 125 123 200 141 66 91 187 39 34 94 144 200 15 198
146 72 87 66 170 124 182 155 59 10 42 172 100 161 58 143 131 64 179 170 41 23 81 102 182 147 160 18 50 71 159 187 78 101 192 115 64 156 137 194 176 58 125 148 159 169 19 32 56 146 98 93 196 47 39 175 54 50 186 138
87 46 17 174 123 48 67 192 152 110 195 93 88 194 133 49 166 12 23 54 85 22 13 144 87 149 98 24 91 44 98 152 54 185 184 176 90 54 43 91 141 102 139 171 33 50 158 173 185 200 190 86 168 184 147 166 72 88 110 58
12 66 173 54 4 100 54 41 93 174 143 63 143 147 95 28 158 75 72 112 44 81 138 93 16 192 54 195 103 51 98 122 43 179 193 187 75 153 125 158 18 20 35 8 138 62 19 12 173 52 145 149 7 134 60 30 96 101 157 114
123 111 186 89 85 165 188 187 179 48 122 167 10 34 103 135 8 59 60 99 198 126 102 149 191 177 63 181 179 123 40 12 154 38 16 1 162 45 70 90 44 194 182 186 58 86 143 37 199 159 33 39 90 149 129 94 147 9 33 187
178 62 122 23 167 163 90 175 189 37 3 41 42 18 65 149 57 35 120 8 25 127 74 72 18 17 190 38 22 126 70 108 74 7 176 88 6 90 143 136 110 146 88 179 85 94 103 76 53 193 69 65 153 105 39 182 9 77 3 186
170 200 112 178 135 18 116 124 110 40 41 182 67 93 133 5 98 193 155 108 93 157 147 99 31 3 6 125 150 155 107 82 54 61 94 172 17 18 136 70 1 79 78 33 144 23 32 38 178 28 102 107 91 105 119 195 108 132 63 102
34 35 174 124 21 70 88 61 103 167 199 87 32 71 157 143 102 199 55 49 174 182 122 81 33 191 175 176 38 87 193 57 66 97 140 7 99 55 41 23 159 77 131 98 148 88 139 181 65 144 34 62 142 105 164 13 56 41 27 81
173 175 183 65 35 161 87 29 167 45 30 63 20 183 4 183 98 36 133 55 187 39 73 13 88 89 86 48 140 73 6 68 133 88 70 177 84 25 156 37 22 71 128 158 45 197 77 44 104 192 163 13 23 121 148 199 90 54 197 127
114 37 114 112 47 29 60 116 108 54 165 154 70 56 137 175 3 30 121 192 157 186 103 94 19 58 56 199 72 22 76 64 197 114 186 100 67 16 116 157 38 111 8 187 169 55 125 193 198 166 194 147 64 39 169 25 85 114 115 33
93 130 34 64 86 101 81 86 54 113 19 176 174 108 34 119 174 80 52 105 24 174 144 143 123 62 94 14 94 46 162 177 89 56 179 40 77 75 2 147 164 144 159 131 87 130 51 170 98 61 62 107 42 174 33 33 171 138 199 95
96 25 161 57 141 97 114 95 12 172 26 193 100 143 196 139 89 116 48 165 63 193 116 1 96 197 127 51 131 29 107 101 197 197 52 24 67 68 106 200 104 94 111 61 80 108 85 142 90 77 87 187 132 93 101 77 21 185 57 59
14 171 191 179 27 81 58 180 199 148 175 178 49 104 122 168 135 166 67 148 102 87 81 84 193 49 42 78 54 103 192 47 115 182 73 161 6 37 105 158 197 161 91 166 35 3 152 66 68 144 82 176 10 104 45 169 166 136 181 168
71 24 70 196 50 98 36 97 24 137 14 120 34 1 117 46 181 162 65 143 143 142 15 76 161 5 102 157 164 14 143 123 78 36 50 120 186 68 152 54 8 131 5 162 179 179 145 180 91 200 161 3 60 114 127 163 120 132 23 95
4 153 145 66 117 51 121 167 199 191 161 94 185 111 69 148 3 50 82 9 66 189 171 111 146 199 4 160 2 184 32 95 96 100 124 109 105 103 119 186 20 100 55 109 146 138 121 89 166 79 190 131 70 95 71 171 112 137 166 52
173 59 104 134 98 105 184 116 152 118 60 79 49 115 48 19 87 51 89 184 10 42 104 144 24 12 30 89 129 121 111 138 104 27 178 71 84 21 81 56 96 106 191 138 131 139 198 140 85 129 125 96 98 25 59 54 3 127 168 61
52 170 169 24 184 111 113 131 189 136 59 70 6 118 153 186 181 174 9 44 70 54 178 64 89 50 84 166 140 12 58 153 51 43 34 182 128 50 98 75 123 116 165 196 131 160 195 26 196 19 35 67 49 23 61 193 95 110 145 144
37 156 177 198 127 123 148 110 73 184 143 187 151 87 11 148 132 175 144 84 144 77 60 32 39 30 42 113 38 171 7 80 103 69 64 197 119 35 174 197 180 121 139 68 81 104 108 54 161 147 174 21 102 45 78 117 124 162 193 101
75 22 80 166 197 134 53 200 10 61 174 151 1 19 97 7 54 175 73 186 101 146 89 62 199 2 191 198 16 80 71 143 136 43 74 199 77 76 117 163 43 83 94 147 110 151 24 178 51 29 91 27 105 77 70 143 200 78 37 181
52 19 107 71 149 140 87 148 67 12 4 130 133 124 187 131 20 89 176 97 162 121 118 108 129 139 190 96 168 73 183 70 29 49 125 140 112 178 78 199 197 47 183 14 31 136 54 181 89 92 166 129 9 178 155 44 74 49 41 165
67 28 94 30 88 103 67 34 166 161 142 33 59 134 26 55 30 134 2 33 172 49 155 76 28 21 115 86 136 197 64 1 46 65 64 136 195 147 172 92 193 55 2 99 171 172 46 95 56 125 124 197 36 127 87 57 64 5 120 164
47 25 66 143 144 142 4 120 136 199 157 187 25 18 170 200 9 52 146 45 13 129 11 99 45 21 4 126 79 30 2 116 19 153 161 91 123 131 162 11 17 176 91 41 90 172 177 28 172 42 27 185 54 52 176 33 66 180 27 188
117 125 72 8 109 126 117 174 167 53 156 117 168 41 86 130 71 97 152 138 180 23 126 184 10 159 136 136 136 22 116 98 185 107 106 160 200 197 13 170 155 109 107 194 177 46 121 102 1 85 93 66 55 119 134 185 46 49 137 132
75 1 114 132 149 160 193 12 67 10 139 119 155 15 89 146 31 172 19 120 66 126 151 38 155 140 47 25 191 67 135 107 15 95 66 65 126 100 78 167 38 100 190 16 109 6 77 151 168 68 72 125 177 2 14 129 38 164 59 136
100 89 31 61 63 179 161 56 56 171 110 105 68 185 110 67 83 188 33 29 173 97 87 108 191 144 54 32 138 101 155 142 109 73 195 45 125 108 135 39 2 73 57 92 102 169 63 101 139 143 15 98 155 99 112 146 32 9 35 174
38 86 93 51 32 1 179 28 188 178 67 154 127 102 152 181 31 105 75 25 32 40 82 195 146 27 195 94 200 4 181 76 158 32 58 112 72 65 12 3 120 36 2 63 48 116 118 90 149 191 189 73 54 81 80 177 161 188 62 177
52 177 105 116 187 200 106 64 135 196 173 112 84 39 71 153 162 130 180 122 165 101 44 84 140 67 53 178 120 59 127 126 75 187 70 79 57 52 133 182 53 13 167 87 167 52 105 135 147 118 155 60 171 125 91 55 138 155 137 63
177 96 77 121 4 158 165 198 159 34 161 43 163 149 18 8 48 8 164 35 44 164 168 190 85 67 4 70 142 147 105 44 70 199 19 169 98 110 127 190 2 8 180 100 191 193 55 38 59 93 53 193 118 190 175 183 187 43 87 127
170 89 125 63 5 194 130 26 200 193 140 131 152 143 107 186 160 1 129 163 180 198 23 1 30 84 167 5 167 121 26 56 67 71 142 88 158 54 108 55 80 20 12 171 26 111 104 123 140 27 41 68 3 134 54 171 11 70 136 52
59 153 135 7 192 148 13 89 187 80 67 173 154 134 29 68 126 147 117 119 129 98 137 130 64 59 126 73 180 56 116 36 143 149 123 91 76 71 119 200 20 124 46 199 61 109 16 187 92 64 125 52 124 18 146 66 135 168 92 26
162 170 187 124 144 163 69 100 42 189 119 50 125 50 56 191 195 146 69 166 168 68 193 8 57 60 189 131 51 105 200 171 140 168 45 135 168 50 110 103 169 152 185 53 191 187 73 36 45 38 34 190 134 86 120 96 44 133 154 153
118 103 111 158 116 68 190 71 21 155 44 99 73 1 132 144 19 63 38 91 144 199 157 133 65 27 9 22 195 172 84 144 141 112 141 64 173 33 34 42 136 46 116 69 94 129 177 160 84 56 111 9 189 15 73 124 11 69 76 37
105 28 12 57 98 22 90 156 42 102 118 96 45 90 94 42 15 194 92 99 145 184 188 185 159 126 190 50 117 115 94 182 171 140 30 47 113 45 11 108 66 154 119 69 97 122 174 19 121 93 143 59 42 179 185 167 161 89 83 83
172 58 116 61 92 161 114 130 10 124 175 61 122 125 7 119 23 61 168 192 19 130 192 66 5 125 193 193 105 149 122 105 138 47 153 185 180 185 90 199 39 20 102 58 17 163 130 95 11 114 178 45 41 193 49 136 123 82 87 82
16 149 53 38 191 120 77 106 142 140 198 36 40 108 167 55 101 193 144 49 186 113 64 173 94 195 79 166 198 11 119 66 180 62 161 26 18 175 76 106 109 139 35 115 146 151 9 53 69 95 130 112 29 31 93 189 71 134 15 167
151 49 79 179 151 145 144 180 174 185 181 103 109 116 197 164 29 103 71 70 61 38 171 66 200 185 97 11 157 174 36 71 110 17 31 192 161 49 120 36 96 80 179 153 25 58 152 67 25 167 10 163 40 134 77 193 182 154 138 152
