30 	
11	12
0	4	9	130	7	
1	2	6	114	3	
1	1	7	134	8	
0	4	9	57	1	
1	1	9	33	5	
0	9	6	45	8	
0	1	5	41	2	
1	7	3	2	1	
1	1	3	68	9	
1	5	9	39	6	
1	2	8	104	3	
1	9	9	37	5	
0	8	2	1	4	
0	6	1	87	3	
1	8	7	86	9	
0	9	7	63	9	
1	1	9	108	7	
0	4	8	92	5	
0	2	5	103	8	
0	7	6	14	7	
1	5	4	121	5	
0	2	1	57	3	
0	9	5	25	4	
1	6	7	79	6	
0	7	4	49	3	
1	2	5	57	2	
1	3	4	26	1	
0	3	4	41	4	
0	3	9	30	3	
0	5	6	93	1	
63 116 165 89 25 66 32 160 113 121 191 181 53 45 191 2 42 4 109 29 26 73 47 59 36 161 56 128 29 37
74 149 180 196 11 165 146 100 71 194 182 187 128 114 29 118 66 79 62 8 42 46 59 46 40 148 55 188 55 128
126 182 61 159 173 103 198 125 81 153 69 126 28 162 22 117 55 2 17 48 26 163 71 14 139 168 81 95 15 180
107 19 93 22 20 51 147 145 147 87 158 92 141 119 26 194 55 130 66 192 80 125 101 165 189 53 111 118 176 111
66 116 183 53 98 4 168 11 4 8 190 199 116 62 97 38 108 30 83 169 80 110 117 94 34 156 141 65 72 90
61 15 158 105 139 26 187 188 116 184 48 139 35 155 138 141 195 103 132 47 59 96 175 94 33 178 156 144 77 31
178 48 126 144 78 123 139 104 16 138 89 76 96 2 36 67 29 3 1 188 163 74 127 60 3 168 23 27 156 71
28 108 49 31 68 31 65 90 5 11 64 197 66 27 2 142 141 93 84 102 79 99 14 8 149 128 37 92 93 183
91 117 35 81 189 125 179 84 150 78 130 107 51 150 200 86 166 13 174 198 138 131 116 46 104 130 37 195 145 159
14 180 45 34 192 167 15 167 15 73 147 108 138 176 184 33 31 117 163 10 180 168 54 181 153 75 138 183 37 10
68 109 130 26 45 143 153 200 190 64 47 88 141 160 141 141 151 142 153 76 89 137 177 150 96 175 86 115 130 115
148 125 82 59 138 110 112 142 7 36 152 174 56 156 120 163 146 41 101 4 92 14 120 187 78 88 102 39 23 131
114 199 74 85 194 3 46 133 135 61 119 57 89 16 165 93 111 13 156 97 170 158 199 139 189 100 178 140 21 146
164 53 36 65 65 125 61 64 164 2 114 171 90 42 174 44 98 176 50 55 62 82 86 145 54 153 132 153 31 31
54 198 153 39 78 199 174 196 42 55 1 84 128 50 182 150 56 122 116 199 194 120 8 129 196 27 167 74 167 136
140 101 197 44 149 36 80 87 18 47 155 160 103 167 75 48 186 101 154 156 24 193 98 69 143 63 146 130 174 90
131 143 164 179 177 10 179 165 135 127 26 70 176 121 134 131 148 176 20 58 24 117 184 9 14 146 19 110 200 192
196 162 169 41 19 148 5 105 82 187 170 166 64 114 36 57 64 96 146 161 98 138 60 151 67 152 53 38 136 113
123 25 39 49 42 172 6 133 189 176 80 25 47 47 57 27 23 104 110 20 125 170 46 98 36 105 177 126 30 145
169 72 32 127 29 59 2 20 185 52 163 79 114 46 198 125 125 65 190 37 119 167 41 133 111 119 29 40 181 33
44 136 88 85 154 45 103 184 167 69 11 97 81 76 109 164 31 34 166 93 62 157 106 114 143 98 22 177 193 30
118 80 37 113 50 130 23 191 185 128 15 119 34 111 135 65 120 42 183 41 69 107 92 90 58 160 15 158 165 170
94 118 166 46 82 76 186 12 109 98 106 31 84 124 129 193 105 28 89 53 1 64 191 55 44 83 191 150 36 42
62 85 124 146 75 159 36 10 190 136 69 6 131 44 168 194 5 68 184 178 124 116 1 136 26 8 164 192 57 186
65 125 37 175 166 126 129 106 81 131 39 39 86 122 90 15 101 71 58 17 117 164 115 74 92 24 123 20 84 109
50 168 196 81 55 75 48 58 133 2 16 93 93 181 162 136 135 107 124 74 62 159 97 145 56 3 192 107 103 29
156 98 44 63 33 154 24 96 165 132 194 88 14 53 11 8 173 186 76 167 146 174 95 197 183 81 102 77 170 84
33 104 87 130 76 134 110 103 178 158 57 4 113 116 79 8 48 155 153 130 59 25 167 65 102 141 156 25 91 12
115 112 147 54 186 66 47 126 169 30 200 37 23 175 66 137 70 173 168 70 41 183 47 82 131 191 71 136 169 41
78 92 21 9 100 189 111 81 55 38 51 37 125 180 139 125 118 28 121 132 192 16 156 141 130 78 45 188 58 187
196 189 13 99 108 111 195 126 150 83 101 172 102 35 1 83 65 96 159 88 200 147 55 11 97 173 11 69 140 115
