20 	
6	12
0	6	3	28	5	
1	7	3	14	1	
1	9	9	17	2	
1	9	6	12	8	
1	9	7	35	8	
1	6	9	22	8	
1	6	8	27	3	
0	8	1	39	9	
1	5	2	16	1	
1	4	9	31	8	
1	3	3	46	1	
0	9	4	41	7	
0	6	9	17	4	
1	7	1	52	1	
1	9	9	40	6	
0	4	8	29	5	
0	5	2	14	8	
0	3	5	21	6	
0	2	5	7	9	
1	5	2	41	2	
55 27 3 124 106 56 135 34 16 161 134 128 185 168 200 133 134 24 55 15
61 80 21 48 165 82 171 30 151 13 53 21 62 37 126 47 166 62 127 58
168 3 174 88 45 108 66 111 187 92 45 118 27 120 77 5 131 18 183 38
95 132 187 103 120 84 136 136 162 153 105 66 28 168 196 67 44 72 145 13
176 42 64 158 91 114 107 4 76 132 187 62 56 13 135 159 84 8 156 41
182 138 149 199 97 131 197 179 109 102 86 52 101 4 122 8 62 162 135 24
4 67 46 13 98 25 132 60 140 19 7 188 40 160 99 30 192 161 187 59
9 158 31 84 57 66 76 151 132 2 36 7 152 62 49 16 60 133 78 73
133 26 55 176 191 75 19 85 123 174 167 176 28 108 180 88 82 131 101 156
18 163 21 191 23 3 41 69 79 189 137 191 102 134 18 1 107 95 107 101
142 54 115 146 37 49 34 82 43 71 29 188 50 134 101 22 62 137 91 139
168 17 95 174 112 46 34 12 190 36 39 147 137 41 6 159 141 113 162 185
54 191 62 10 8 114 7 22 65 43 133 72 22 197 159 159 179 112 20 8
172 146 24 125 50 13 57 197 54 19 18 16 128 119 186 109 91 48 113 23
51 29 38 85 115 23 128 59 90 96 23 9 26 20 151 48 1 71 105 69
114 191 196 76 14 153 42 123 113 162 108 64 191 185 49 129 87 91 64 73
28 6 143 56 48 44 54 17 76 45 194 30 107 171 72 91 107 55 66 181
23 170 20 33 63 119 107 149 164 21 108 58 31 161 25 2 67 30 36 80
36 25 156 10 83 192 14 126 180 47 134 67 122 120 189 82 119 151 46 178
63 178 183 15 178 183 21 32 143 161 199 181 27 38 161 17 159 199 114 131
115 68 193 42 85 105 34 20 39 146 32 132 66 172 43 113 107 70 134 108
