30 	
64	69
0	1	8	35	8	
1	6	3	295	5	
0	6	5	115	8	
0	3	1	33	4	
0	6	6	281	2	
1	9	1	62	7	
0	2	6	178	4	
0	1	2	171	6	
0	3	4	88	5	
1	8	4	290	5	
1	3	9	153	4	
0	8	9	108	9	
1	8	8	194	8	
1	3	9	69	7	
0	2	8	281	9	
0	9	1	288	1	
1	9	8	266	9	
1	7	2	249	4	
1	7	7	208	6	
1	2	3	118	3	
1	8	9	33	7	
0	2	9	62	5	
1	7	1	43	5	
0	7	9	273	9	
0	5	5	210	7	
0	3	4	124	9	
0	5	5	41	5	
1	9	6	45	2	
0	5	5	285	3	
1	4	2	44	2	
166 172 32 139 47 16 188 199 25 14 14 72 74 177 116 146 17 99 117 63 94 192 113 110 174 109 22 199 33 39
71 145 73 35 120 94 71 109 66 142 20 107 57 116 109 142 100 191 99 12 195 21 197 152 139 194 187 190 100 81
100 65 14 39 2 169 199 146 193 175 90 6 173 153 109 9 127 132 190 117 55 132 31 14 6 137 193 39 196 31
77 79 127 17 100 35 185 126 135 137 127 20 54 161 113 81 15 92 31 89 43 54 67 154 181 25 14 109 118 127
88 34 76 152 127 176 19 71 9 56 142 43 63 17 67 155 83 59 198 123 43 17 182 19 86 111 157 64 32 118
96 64 53 7 169 83 185 133 26 166 140 57 196 125 46 123 164 66 81 118 189 22 91 16 172 170 120 105 135 110
185 91 113 52 97 148 111 11 84 118 127 108 184 54 198 105 126 12 34 127 58 67 78 25 74 141 139 84 80 142
160 174 21 116 22 143 53 170 104 146 50 23 137 10 160 78 51 21 143 46 168 26 91 21 90 142 72 139 151 27
127 51 65 66 31 68 128 8 37 186 121 148 75 183 15 85 159 29 10 129 43 33 90 115 131 169 49 183 126 86
164 127 115 90 197 1 52 186 12 150 51 4 1 113 60 188 10 193 29 143 144 31 191 4 20 50 196 74 89 187
66 81 134 27 183 50 12 36 53 71 176 119 134 20 25 113 122 1 196 81 113 176 105 62 72 127 150 87 7 198
182 173 147 47 29 7 182 113 100 139 94 175 48 62 65 95 83 43 106 99 26 39 132 166 24 134 129 165 14 36
60 148 119 64 61 163 75 4 181 169 160 196 126 34 190 33 186 126 48 62 72 160 198 73 45 42 121 92 132 155
104 86 167 153 191 179 161 9 14 162 190 127 29 56 22 20 62 90 135 104 96 44 158 103 150 129 160 64 42 3
34 7 5 196 21 110 13 176 17 197 200 187 192 164 147 156 100 111 96 181 182 13 137 63 126 163 109 116 61 19
178 30 142 91 12 178 126 61 65 144 29 115 166 189 43 177 132 160 56 164 31 165 145 137 130 8 160 106 52 122
193 91 77 83 28 99 10 87 135 122 150 169 190 178 143 117 186 193 140 169 193 13 199 1 136 114 18 156 150 191
163 151 92 24 165 174 163 92 168 19 121 132 8 117 169 179 81 157 70 109 9 179 59 186 184 186 195 190 150 149
47 67 175 198 183 149 25 113 38 31 173 197 27 85 181 156 176 116 30 105 133 112 88 100 102 99 161 77 116 54
91 124 145 17 121 51 137 175 24 114 31 190 188 176 58 14 21 176 120 78 125 105 80 27 124 172 176 196 144 97
160 154 28 31 63 99 37 123 87 182 98 184 103 151 18 153 2 159 37 152 78 78 82 35 81 114 72 2 182 37
124 169 163 176 131 19 49 74 162 126 31 45 55 118 15 151 163 194 114 185 38 113 82 90 81 34 193 46 141 99
19 148 140 94 191 137 170 53 59 172 162 111 115 127 4 175 112 98 181 108 40 111 110 122 113 186 46 25 180 103
26 117 119 54 130 183 176 149 89 10 114 38 146 3 108 46 155 188 198 149 2 166 66 89 95 13 1 103 35 132
146 6 68 24 14 110 109 66 79 143 169 51 167 190 78 41 176 60 95 63 156 34 80 78 172 144 118 188 39 46
11 9 112 53 20 26 25 150 117 9 15 110 31 56 16 116 195 135 5 117 130 2 144 22 73 176 166 98 20 153
92 153 5 113 107 184 110 21 7 60 109 86 7 82 195 52 116 172 38 143 62 25 105 66 116 56 14 195 65 185
12 156 157 5 3 176 155 172 199 95 187 69 196 146 172 4 72 56 149 190 38 102 140 127 80 44 116 113 137 81
12 129 154 184 42 158 122 109 100 100 158 80 188 51 11 84 132 5 75 197 189 91 101 133 7 56 180 183 141 15
186 43 61 23 26 170 37 108 159 192 91 84 191 139 184 47 137 145 105 53 109 94 104 144 114 108 16 38 7 18
195 52 53 76 189 80 3 55 139 161 154 49 46 124 163 156 197 9 178 42 129 145 6 185 117 148 118 74 50 19
