70 	
28	35
0	3	5	311	5	
0	3	4	454	3	
0	8	3	426	3	
1	6	2	79	1	
0	7	1	519	9	
1	3	6	123	2	
0	2	1	351	5	
1	2	5	373	5	
1	5	6	381	1	
0	6	7	500	5	
1	8	7	377	9	
1	3	8	334	2	
0	1	4	161	6	
1	8	4	41	7	
1	4	4	359	7	
1	9	3	66	7	
1	8	9	247	6	
1	3	7	132	2	
0	8	5	541	4	
1	5	3	400	7	
1	4	8	382	5	
0	2	8	322	5	
0	7	7	517	4	
0	6	8	400	4	
1	4	5	145	1	
0	5	1	303	7	
0	3	8	102	2	
1	4	4	482	7	
1	7	2	22	1	
1	2	5	15	7	
1	4	8	458	3	
0	7	3	487	7	
1	9	9	229	9	
0	7	8	66	6	
0	9	6	452	5	
0	7	7	287	8	
1	2	1	547	1	
0	5	9	231	2	
1	5	6	385	8	
0	7	7	490	9	
0	7	3	32	8	
1	5	6	436	1	
0	5	9	38	5	
1	2	4	339	4	
0	4	2	453	8	
0	4	1	365	4	
1	9	7	515	6	
0	7	1	98	9	
0	7	5	250	6	
0	8	6	507	9	
0	6	2	551	4	
0	8	6	265	1	
1	3	6	207	1	
1	1	4	423	6	
1	8	3	468	4	
0	2	3	81	9	
1	6	5	514	9	
0	7	2	64	7	
0	3	3	180	2	
0	1	3	269	5	
1	7	5	528	7	
1	4	2	64	9	
1	3	3	379	9	
0	6	2	327	4	
1	1	1	279	5	
1	9	7	126	3	
0	8	8	367	9	
0	4	9	386	2	
1	6	1	419	9	
1	9	7	40	5	
111 140 55 46 178 52 149 168 116 71 180 78 16 40 163 56 107 23 162 126 105 131 50 148 35 186 155 182 86 77 105 14 126 113 59 147 143 46 122 177 154 165 23 41 118 185 139 65 185 96 141 65 146 49 130 57 117 7 111 47 15 58 170 42 93 17 6 119 186 153
174 109 191 130 51 81 13 92 41 111 168 151 43 4 23 177 183 16 141 83 126 13 121 118 180 168 30 102 184 186 107 129 49 162 58 171 102 116 143 144 84 93 149 197 119 20 80 48 161 25 179 20 77 164 52 38 13 176 172 44 11 193 65 137 40 38 91 185 51 20
145 17 136 30 67 44 142 40 169 124 21 33 114 13 151 195 33 167 166 26 15 51 153 48 130 152 13 183 10 28 109 26 132 82 178 148 165 174 200 107 136 180 172 152 89 192 173 4 82 80 128 2 159 131 48 200 122 99 129 137 163 84 159 32 133 73 92 62 83 38
73 170 29 142 129 112 100 41 17 188 1 14 11 55 137 14 70 18 93 190 52 184 191 114 96 19 107 123 33 126 51 180 172 32 138 133 60 161 72 194 142 75 198 75 117 157 194 139 81 166 36 68 183 100 152 100 88 73 143 87 191 193 146 38 187 88 195 180 95 58
131 25 148 2 154 58 94 161 150 2 152 126 129 55 14 158 117 154 191 185 189 77 51 20 188 64 70 195 79 61 198 177 161 108 162 89 118 48 168 69 20 116 196 159 30 165 32 7 44 75 102 9 48 10 152 157 27 189 74 68 20 48 196 28 38 88 158 63 48 147
18 103 150 161 110 70 27 124 47 47 130 82 70 46 117 33 176 44 165 97 171 58 46 181 90 191 32 139 138 11 123 98 197 29 29 78 57 182 159 34 121 33 199 1 135 179 26 140 33 188 153 199 111 95 192 111 115 200 59 183 155 170 8 195 129 12 142 116 94 131
153 101 64 130 15 16 149 122 53 130 180 117 63 154 193 100 145 130 175 2 111 9 91 176 171 91 80 48 80 74 127 5 172 159 97 116 195 29 158 133 171 166 192 197 187 100 119 13 96 113 159 50 118 200 10 35 141 64 192 32 42 146 45 28 28 37 84 180 195 84
14 24 74 43 175 80 45 144 143 99 17 9 93 146 200 154 37 193 87 78 141 64 144 174 182 20 181 162 100 141 70 52 175 142 120 178 117 83 181 48 106 7 93 95 8 167 64 66 120 68 190 123 84 32 5 167 103 179 197 155 181 176 120 119 93 182 151 56 5 93
118 177 182 85 44 117 102 62 14 141 101 193 82 69 53 183 99 157 2 73 74 167 170 126 60 80 103 169 127 160 65 61 10 45 62 50 195 138 44 191 24 168 75 77 183 94 121 177 13 43 105 192 17 114 107 121 112 52 70 36 51 82 111 103 112 187 129 161 127 130
104 97 81 164 86 146 133 115 15 125 150 108 98 2 120 124 44 107 82 140 124 17 124 5 14 105 59 56 123 143 93 140 123 54 83 16 34 175 20 142 8 43 152 132 25 32 181 172 196 198 80 30 76 174 90 106 170 85 76 10 91 120 12 44 68 79 128 63 150 12
10 20 66 169 72 190 129 123 92 172 73 108 185 59 19 35 140 193 116 138 33 12 35 87 79 182 170 102 133 116 161 55 92 75 73 193 157 90 70 143 13 102 172 152 21 186 34 17 93 126 189 200 155 26 86 115 176 67 53 9 174 27 104 131 143 75 20 17 84 139
148 34 56 200 150 16 169 82 113 12 40 95 52 11 97 187 106 29 188 84 23 65 44 45 27 165 24 29 32 56 77 175 115 119 123 44 142 187 18 4 42 56 36 135 85 27 59 94 94 29 107 31 125 67 31 94 193 197 152 119 73 76 36 66 188 32 160 92 119 194
131 180 17 99 192 30 131 45 27 194 195 195 58 59 124 26 20 67 33 145 101 114 161 185 104 166 179 131 183 4 119 83 23 16 185 139 47 126 142 19 157 117 135 129 200 77 65 158 148 193 183 163 66 65 24 181 74 75 188 195 61 103 64 57 200 105 155 40 81 108
73 81 78 184 7 108 125 56 139 85 102 108 155 92 102 165 150 167 186 91 35 129 38 64 138 137 173 65 2 51 186 63 49 111 31 169 61 146 177 64 48 114 102 157 156 129 117 141 100 143 101 172 150 104 28 92 9 35 101 52 182 140 199 55 189 37 145 38 133 78
19 96 98 10 49 198 141 37 77 200 87 58 140 152 177 129 37 189 26 112 176 123 22 112 21 10 55 144 65 110 84 2 149 186 45 145 200 71 21 149 123 108 158 28 176 81 38 110 142 27 95 143 23 40 175 133 167 200 153 11 59 98 59 102 42 146 115 158 177 58
182 86 79 135 57 1 140 160 176 25 157 68 54 130 115 199 59 102 193 187 33 168 78 188 101 75 91 60 165 101 123 137 17 50 64 174 27 185 159 122 102 78 140 93 19 111 18 74 160 133 24 51 28 188 114 74 114 44 86 120 190 92 63 93 40 184 110 6 54 165
84 14 39 52 126 149 107 175 18 50 73 167 65 183 173 190 92 162 198 153 3 104 145 181 195 73 173 127 167 34 126 76 165 119 92 80 40 145 56 15 199 100 160 156 84 175 148 183 59 39 200 129 196 198 152 33 24 147 131 174 80 62 150 43 187 96 196 140 71 163
135 48 161 50 157 12 176 3 106 29 97 107 19 150 75 41 196 74 144 10 94 75 43 67 36 134 90 96 36 80 17 87 82 55 74 200 169 31 9 105 109 143 68 97 100 186 143 66 110 9 92 86 5 158 58 146 131 62 196 107 73 137 46 10 117 1 182 101 20 35
133 57 78 54 170 137 120 80 109 35 199 120 160 111 121 116 141 133 166 140 137 46 29 132 128 168 18 141 41 134 92 60 189 66 197 54 94 199 97 63 193 123 82 155 5 80 133 115 183 134 81 96 47 12 4 118 140 83 10 97 21 186 3 55 193 140 189 144 113 92
152 46 3 115 168 178 197 186 126 135 194 7 160 150 62 119 174 100 98 31 32 87 183 40 155 110 120 137 111 87 185 125 103 71 12 96 18 154 30 124 36 179 115 108 67 22 48 108 156 93 175 96 113 3 85 128 91 71 80 116 52 5 55 181 158 58 74 64 194 63
39 88 154 64 190 196 89 182 19 12 28 195 14 16 150 101 97 99 39 46 185 69 53 198 156 65 106 186 85 79 22 25 3 84 45 74 41 94 69 91 24 77 67 135 94 45 182 40 141 164 136 168 29 36 22 18 147 12 19 130 101 54 6 12 171 176 2 102 37 16
173 98 61 169 181 101 132 9 155 7 197 147 5 89 161 167 100 155 48 193 188 163 5 130 144 133 100 26 180 180 65 109 134 190 51 1 103 13 3 34 164 185 139 40 70 197 40 24 84 119 30 32 183 76 19 12 35 126 138 97 126 188 29 136 121 152 61 101 29 6
110 179 177 9 178 48 168 104 88 149 69 87 41 7 48 45 160 46 200 175 196 178 35 16 81 33 136 84 163 81 126 10 168 126 22 9 131 63 38 200 182 74 196 40 168 18 71 84 60 87 141 56 111 10 93 176 155 2 37 199 57 19 195 97 15 40 32 186 51 173
173 191 26 178 104 50 48 17 27 160 134 121 194 57 124 116 112 167 1 76 158 99 6 86 144 97 155 12 41 40 23 129 12 180 186 176 74 10 197 152 144 74 60 199 182 194 43 92 113 33 106 32 105 110 107 105 109 174 131 83 23 166 149 27 175 125 39 115 124 75
38 192 43 49 91 166 191 100 59 157 144 197 177 176 18 193 193 3 100 28 19 32 39 80 51 115 39 126 106 135 152 160 53 138 193 149 51 150 62 166 35 28 40 64 157 8 136 35 112 47 98 149 125 73 164 188 101 70 87 187 79 54 6 106 187 83 155 124 151 147
40 189 6 37 81 130 63 198 103 54 20 26 123 168 32 59 87 110 182 1 143 98 126 165 60 82 130 47 22 20 159 169 18 8 43 171 140 65 111 121 184 157 3 186 141 168 85 38 119 134 82 168 37 82 105 109 148 197 92 157 193 10 8 87 37 2 43 112 65 100
1 113 40 8 40 181 145 6 141 40 153 59 70 193 40 122 177 90 198 90 143 52 85 52 148 68 90 88 183 198 90 68 38 49 48 71 133 52 155 128 97 49 64 89 66 39 32 150 143 83 41 164 185 120 159 175 2 142 37 105 76 20 52 199 80 148 27 177 142 148
6 191 147 10 159 165 82 18 113 62 67 27 33 30 107 159 35 186 36 88 79 159 119 77 197 163 116 15 20 29 111 112 190 103 61 9 12 54 133 30 172 47 7 187 186 178 173 152 33 17 43 190 144 38 63 168 188 52 119 18 149 178 126 21 123 30 170 46 135 115
175 106 33 180 181 39 115 181 170 124 140 150 137 119 152 156 50 198 71 81 38 131 198 174 97 192 199 25 115 181 116 162 76 150 199 189 110 190 144 79 52 146 117 82 142 68 167 155 192 168 97 47 73 193 105 51 125 47 91 115 108 10 82 27 146 163 129 164 159 194
184 108 178 132 41 176 5 114 190 96 111 9 106 51 193 146 171 56 84 200 168 142 148 186 57 94 13 65 58 47 179 121 27 136 100 114 108 192 196 24 191 178 21 135 167 97 105 32 84 97 59 200 188 93 129 118 105 132 64 192 125 123 173 63 122 84 136 188 114 143
93 28 115 26 85 21 92 140 120 126 72 20 79 75 67 168 156 142 116 106 92 67 6 140 18 185 123 195 67 35 199 143 153 95 7 79 125 67 125 189 162 178 45 104 112 133 82 198 1 27 56 53 120 27 97 194 33 9 115 168 195 89 94 54 176 111 198 95 38 9
36 129 48 119 11 194 168 108 10 115 100 103 138 82 137 3 10 192 31 99 170 14 77 20 5 134 128 186 164 153 116 65 88 169 176 81 29 2 112 168 10 68 145 198 163 138 52 27 167 183 99 161 103 129 24 116 115 28 189 65 137 98 65 112 58 35 176 87 63 153
36 27 45 137 163 115 92 118 44 182 91 89 100 172 121 64 83 19 171 43 42 180 20 28 183 89 53 183 8 143 77 60 151 147 74 37 111 153 57 9 18 178 126 170 188 47 24 180 62 95 8 35 139 168 97 52 22 130 97 194 138 35 87 167 169 128 137 156 161 31
183 93 167 69 83 55 69 85 118 170 64 122 35 73 79 188 23 23 77 8 35 9 135 132 110 98 170 68 192 38 124 125 164 69 131 132 161 142 193 154 129 18 39 179 101 21 198 163 7 97 186 59 33 46 100 58 116 40 192 17 170 32 29 169 141 36 71 169 78 27
34 61 156 117 28 141 60 48 129 101 38 77 70 190 13 82 146 73 42 86 184 75 177 96 105 33 97 79 18 191 104 75 14 123 178 54 107 25 147 171 103 183 85 5 160 189 53 200 195 11 15 102 136 95 148 146 106 14 135 72 34 30 81 94 113 162 131 100 48 52
124 158 190 141 57 92 61 44 88 78 175 90 138 21 43 153 106 109 34 137 159 58 85 117 38 17 100 60 59 169 68 144 150 119 159 121 123 100 4 198 161 116 157 28 32 110 195 110 101 102 110 142 199 190 158 104 35 32 146 174 124 140 141 18 184 54 157 148 196 85
188 157 175 136 70 190 167 90 164 174 198 175 136 98 111 114 107 13 5 117 83 30 105 1 110 90 58 59 5 43 185 145 81 90 101 44 128 15 15 72 198 177 84 87 18 125 163 5 99 65 36 111 40 127 149 78 62 105 96 175 177 179 88 82 156 56 158 141 98 96
122 19 83 170 101 99 171 181 167 98 146 168 192 72 192 38 81 79 167 121 167 97 122 103 29 113 162 103 71 172 146 130 29 160 196 97 125 3 112 79 157 88 36 190 164 30 174 115 115 117 22 90 171 71 80 180 165 181 158 141 104 23 122 45 83 139 163 41 157 50
135 63 177 200 185 183 185 148 78 126 143 72 59 65 164 77 77 140 77 31 156 14 2 131 24 120 178 50 158 119 156 121 25 179 196 45 7 73 157 83 64 184 86 162 199 134 24 45 164 56 57 33 58 131 16 100 69 119 109 96 27 92 27 186 52 61 161 126 15 123
174 84 102 88 136 185 160 91 17 191 94 183 122 55 59 87 102 35 83 200 200 197 84 132 49 92 172 99 145 174 163 186 109 89 161 11 118 139 23 88 64 27 119 89 86 1 177 92 46 116 52 40 30 98 9 8 194 166 109 182 48 193 177 190 135 160 160 111 62 169
170 92 124 27 125 156 141 24 25 95 192 18 168 73 150 83 72 184 120 162 64 45 14 150 52 38 122 32 39 62 61 82 74 11 95 20 122 151 58 9 6 13 186 8 101 140 148 70 88 94 32 131 195 86 149 129 192 13 30 29 22 19 129 23 72 49 84 17 82 162
13 182 103 26 20 82 132 139 197 1 150 47 50 128 121 186 122 106 36 116 144 26 48 49 61 32 13 86 175 198 128 100 43 129 22 39 197 152 5 162 50 99 192 176 91 42 133 106 163 89 121 186 32 137 74 74 142 105 52 161 38 164 19 40 125 31 52 129 163 42
57 112 120 29 13 54 194 54 10 68 179 170 197 185 64 185 119 73 188 165 145 104 113 174 196 109 176 39 155 78 141 187 31 3 144 162 138 26 30 87 140 31 59 190 157 108 24 27 73 136 111 79 56 134 131 130 152 189 191 19 88 72 107 110 25 90 70 116 72 122
170 196 94 183 3 57 144 54 30 195 180 192 61 138 141 71 111 149 128 51 168 184 107 29 50 116 72 46 49 61 96 51 166 77 43 75 33 172 163 62 104 25 70 198 148 189 90 27 122 18 188 74 81 72 141 193 133 129 69 22 82 180 113 114 62 47 57 64 43 170
73 121 171 91 132 25 147 18 71 51 54 175 19 157 160 168 192 155 74 93 62 54 46 107 122 139 188 92 176 144 116 97 40 199 59 88 170 28 96 119 20 93 25 7 168 98 45 20 98 173 8 18 198 31 21 135 148 180 139 144 117 15 190 76 165 64 7 175 190 46
160 174 118 58 158 136 157 47 32 78 83 38 198 179 16 53 157 19 27 105 54 44 26 13 127 200 50 93 5 166 164 18 12 37 83 110 179 173 25 111 29 119 56 156 2 152 130 87 46 21 144 117 12 65 44 156 62 10 75 1 104 166 58 63 176 155 147 169 135 17
7 179 77 91 170 21 151 46 178 77 141 63 18 55 66 178 85 17 152 114 87 70 171 189 91 162 115 200 13 111 9 114 77 62 173 161 151 169 84 82 193 102 133 12 165 89 65 85 114 64 157 144 138 120 89 66 61 75 66 65 129 135 103 60 56 192 24 109 12 117
177 74 182 94 141 3 46 199 147 111 84 187 26 52 88 129 52 63 181 33 162 125 198 181 98 3 119 117 146 120 33 154 18 166 6 49 19 58 163 92 96 154 115 97 1 200 122 6 166 60 150 133 153 35 111 180 8 53 8 121 114 34 196 169 177 138 90 139 185 123
185 117 80 172 16 23 50 189 11 50 85 181 155 47 159 129 148 175 113 122 191 149 182 118 35 197 190 109 35 164 146 140 23 86 26 86 93 40 37 154 65 127 51 104 6 51 125 53 195 170 179 137 73 70 12 161 162 88 179 183 110 142 193 167 164 38 71 136 26 110
130 127 152 45 62 185 27 148 187 118 99 95 16 3 190 125 22 195 191 103 147 182 73 65 149 111 72 112 194 108 15 48 180 12 135 70 58 197 146 190 168 5 122 83 110 200 69 41 130 186 119 94 195 41 85 197 7 102 181 16 56 177 95 9 34 10 29 20 116 102
129 145 91 65 159 54 114 99 170 176 180 118 138 167 70 93 51 116 139 29 145 57 187 179 162 14 12 145 9 47 26 20 25 38 64 64 127 127 158 155 83 60 75 109 65 101 149 20 72 30 180 196 125 75 181 100 83 111 4 161 54 132 103 118 62 124 27 85 134 84
186 87 197 196 63 123 61 35 12 167 104 109 176 26 196 117 102 56 133 150 91 200 193 145 30 19 37 130 64 32 17 122 41 33 101 60 149 130 76 41 163 114 150 82 189 43 11 104 185 136 150 17 104 69 33 157 195 127 189 106 58 38 16 1 174 63 140 6 181 183
89 1 121 111 42 37 84 62 65 166 166 52 90 95 196 29 86 70 26 55 149 9 110 64 150 188 174 63 106 16 16 188 121 88 165 136 8 116 15 157 174 41 179 6 13 130 140 168 196 146 132 16 121 194 120 74 195 105 123 76 17 154 195 14 114 26 124 96 39 90
33 142 193 14 4 171 122 177 121 58 64 53 44 120 106 172 147 41 58 8 48 111 37 96 40 91 27 169 114 137 91 115 14 23 72 29 28 37 186 194 14 92 86 161 13 46 120 164 147 70 124 148 131 27 75 152 166 21 3 89 11 73 120 170 133 66 10 72 107 9
178 2 105 26 27 142 160 130 49 51 97 90 134 104 81 101 43 86 180 23 116 129 100 102 148 146 100 72 83 7 56 97 49 109 126 173 169 82 197 140 45 99 77 176 19 179 110 91 50 39 168 9 31 34 66 41 152 56 85 13 142 140 148 21 54 38 71 128 178 147
106 119 110 54 155 188 3 29 168 10 77 116 129 35 18 10 191 123 46 41 186 58 162 115 59 22 87 170 186 194 55 132 135 114 56 75 107 35 100 140 28 146 101 101 142 189 65 166 100 165 97 60 60 38 189 81 99 141 51 90 69 135 9 185 191 46 5 10 115 62
72 38 127 31 124 170 7 169 164 10 117 45 12 135 151 12 35 197 65 18 173 100 120 127 80 120 102 173 153 51 24 128 39 8 98 70 35 163 63 71 167 67 123 169 131 120 200 40 129 70 111 70 60 55 149 63 48 194 167 147 169 131 116 41 51 4 169 113 83 149
108 131 85 118 95 178 68 117 61 180 151 22 10 177 11 74 20 183 61 98 80 137 27 43 34 188 93 125 153 75 2 11 158 200 71 115 149 78 145 181 165 145 187 117 148 122 45 68 157 27 25 148 136 67 27 7 45 33 47 42 86 168 144 79 76 74 104 24 124 171
53 112 9 33 141 179 146 165 167 28 176 41 86 199 63 128 183 93 6 86 101 45 119 84 87 110 101 61 48 4 139 37 87 199 51 167 3 136 38 189 71 151 95 32 23 116 173 27 36 195 156 72 48 59 110 74 44 135 26 129 19 99 48 170 76 33 78 184 51 121
137 91 136 109 131 35 104 123 63 186 19 57 75 107 6 46 79 194 64 149 60 159 30 99 55 65 80 41 171 92 26 19 120 170 40 147 183 89 14 8 151 164 27 161 127 145 76 104 128 155 38 50 170 30 141 43 130 194 21 196 151 122 154 184 33 26 199 68 181 175
131 147 132 171 67 30 54 83 96 116 6 6 117 191 74 86 16 176 178 21 106 97 17 176 116 170 93 100 22 15 41 59 37 146 21 8 155 139 48 62 181 154 50 74 52 156 138 103 44 125 26 89 60 150 160 110 143 94 68 65 71 51 161 7 170 22 101 75 7 188
147 98 1 154 37 131 122 1 193 101 186 150 12 98 151 180 125 37 43 152 138 8 47 56 94 92 87 48 164 50 145 75 84 113 197 20 102 17 155 192 94 172 179 138 169 44 79 5 58 55 99 101 12 20 158 6 195 14 78 51 46 29 44 44 86 198 98 51 194 32
112 115 44 97 67 36 143 31 55 54 61 189 52 103 197 10 17 73 28 146 21 178 109 40 189 77 32 106 169 192 58 161 112 63 143 27 58 180 71 105 72 27 168 13 130 9 5 56 118 92 182 14 178 62 63 152 158 177 168 143 39 47 130 3 139 167 183 155 140 146
172 71 106 163 61 25 93 33 18 32 172 92 20 148 199 42 70 181 100 8 107 30 48 43 135 162 181 80 68 105 127 141 113 149 4 72 187 170 54 173 153 187 110 1 179 143 24 29 164 160 46 160 38 192 81 134 31 27 99 118 1 195 176 98 93 115 92 148 35 43
130 46 162 157 50 120 175 44 37 184 133 182 112 187 6 150 182 142 188 43 52 188 62 142 49 26 89 114 135 145 14 59 165 57 1 176 76 93 170 17 99 66 55 171 15 189 87 94 19 87 161 54 5 178 175 94 165 149 8 136 8 188 110 152 169 27 74 54 200 57
36 158 186 54 91 106 121 115 198 39 160 100 103 4 140 108 10 88 99 130 11 5 51 183 51 135 62 10 186 149 14 158 146 197 186 6 63 130 156 23 193 95 173 14 76 8 17 141 71 132 89 14 155 25 83 105 70 101 170 181 4 11 55 86 120 124 166 98 58 31
113 146 14 72 13 33 98 2 184 166 172 42 190 85 159 185 130 27 84 48 20 124 184 20 175 123 75 125 3 147 11 93 37 55 25 93 66 133 199 19 164 36 63 139 41 181 90 6 158 115 35 168 101 163 119 138 109 194 35 126 164 99 188 18 125 110 74 164 38 1
3 144 143 47 82 183 147 172 52 182 44 152 144 105 71 118 41 122 160 60 6 20 78 80 20 69 113 195 187 107 56 73 81 38 52 124 97 157 175 106 55 171 180 147 200 114 169 24 2 157 197 55 60 66 115 8 181 37 169 60 3 155 96 72 54 133 73 178 47 174
11 68 126 50 87 175 68 33 65 146 142 188 100 12 38 48 24 178 42 18 114 157 4 87 177 188 97 122 178 86 96 47 20 196 30 82 59 19 20 92 163 43 179 94 3 124 83 114 1 117 149 74 134 89 95 134 181 64 123 125 152 102 158 133 43 8 107 162 197 188
68 13 134 191 141 4 161 186 99 131 198 120 154 174 3 168 107 169 160 43 110 65 195 15 81 152 92 37 71 128 123 53 43 46 178 73 157 179 44 55 73 89 60 67 138 27 60 147 103 114 162 147 134 28 93 37 51 133 159 149 113 52 3 63 145 173 174 147 37 116
90 200 171 102 30 20 177 52 133 24 17 51 191 183 159 6 24 137 173 64 67 100 61 14 157 38 119 159 109 200 40 22 86 5 143 160 95 172 76 67 58 79 14 50 3 131 32 133 56 68 75 56 126 147 164 36 3 92 45 45 189 46 125 45 24 110 31 84 59 19
