50 	
21	46
1	7	4	68	9	
1	7	6	27	6	
0	2	3	115	6	
0	4	2	101	2	
0	2	9	68	7	
1	6	8	107	1	
1	4	1	27	6	
0	2	4	75	2	
0	4	4	94	5	
0	7	8	44	5	
0	5	3	111	7	
1	9	6	84	1	
0	2	1	113	9	
1	1	9	13	1	
0	1	2	102	9	
0	6	4	103	3	
0	5	2	122	7	
0	1	4	30	6	
1	8	3	53	1	
0	1	1	56	8	
0	8	9	110	4	
1	3	6	100	7	
1	5	9	41	2	
1	7	4	85	5	
1	7	6	22	5	
1	1	9	104	8	
1	8	7	22	5	
0	7	7	23	4	
1	8	8	48	6	
1	5	7	99	9	
1	4	6	93	3	
0	9	7	121	7	
1	8	7	38	5	
0	4	7	65	7	
1	6	2	46	1	
0	8	7	53	3	
1	2	9	40	7	
0	8	8	8	7	
1	1	4	91	4	
0	5	8	46	5	
1	9	9	85	7	
1	3	2	81	3	
0	7	6	123	9	
1	4	8	80	1	
1	5	8	104	2	
1	9	6	29	4	
1	5	9	62	9	
1	2	8	38	7	
1	4	6	122	1	
1	9	7	107	6	
66 63 175 62 69 168 155 145 129 72 169 22 189 158 145 91 6 173 154 106 60 199 134 155 57 79 118 143 21 142 155 172 106 126 85 188 108 143 127 169 69 135 11 2 170 177 111 18 178 19
145 56 57 45 107 22 89 14 114 77 48 76 85 190 26 193 26 177 83 45 152 2 93 13 56 174 116 46 24 132 85 138 132 90 189 72 31 76 105 161 128 145 122 87 6 82 149 174 109 123
7 71 69 133 83 101 83 32 153 175 66 121 110 172 149 190 55 59 147 104 84 145 177 97 8 44 48 69 29 61 116 164 118 157 96 139 185 108 34 23 22 143 19 93 109 137 29 101 169 29
160 61 149 198 45 116 23 156 86 131 153 142 8 177 55 133 15 73 70 113 117 70 117 165 84 132 129 37 61 144 62 173 102 149 128 154 139 66 19 6 59 138 58 87 89 29 144 157 18 6
108 69 109 106 114 198 188 144 134 69 185 90 8 107 159 142 2 83 33 9 77 40 141 3 72 52 157 90 128 147 68 113 147 48 172 111 154 195 17 35 38 39 191 155 99 57 163 48 105 100
92 86 152 175 36 127 69 169 19 140 165 108 154 125 53 86 72 147 199 44 190 126 186 72 136 56 196 27 6 103 119 15 25 72 196 75 92 177 103 99 157 25 98 65 11 8 118 134 143 165
143 172 168 173 135 84 100 99 22 84 125 79 103 189 73 106 139 4 116 49 73 12 191 145 81 182 119 39 65 99 192 54 79 47 101 147 87 53 168 53 20 108 77 130 84 3 195 186 52 167
130 46 126 90 143 190 17 174 184 36 26 92 74 185 138 141 142 97 129 191 105 130 147 153 2 178 176 34 55 69 36 52 178 38 4 43 118 3 198 41 37 21 188 48 153 42 164 57 31 2
139 198 191 181 169 114 199 123 11 180 34 122 15 170 77 59 19 196 39 37 88 154 54 57 2 42 92 184 118 30 120 72 34 33 157 96 182 181 128 178 112 126 53 32 157 7 37 89 125 131
86 144 108 141 1 99 198 39 43 2 11 42 13 164 19 151 33 105 114 129 73 109 67 185 20 99 42 148 88 41 72 117 179 127 128 161 193 164 193 77 139 35 116 106 7 97 17 80 26 185
43 18 178 95 9 113 160 177 37 4 19 10 100 140 141 84 198 126 62 50 31 102 200 169 92 107 77 67 44 184 111 10 83 77 42 87 40 156 199 9 173 88 19 68 125 39 142 124 17 130
100 55 167 7 111 46 114 85 139 173 59 180 66 169 109 114 140 42 94 122 17 69 104 12 161 32 199 67 146 80 6 172 29 10 93 3 69 197 93 145 190 23 170 89 14 132 165 139 151 14
45 118 199 128 59 16 51 35 126 54 64 28 75 56 18 198 60 173 79 103 7 101 83 39 148 102 159 36 54 145 129 83 135 79 117 187 103 115 50 139 120 111 114 127 161 56 182 61 131 117
37 47 165 139 159 111 76 86 51 154 121 90 131 131 180 181 149 31 138 12 114 189 84 195 1 17 110 107 131 8 47 74 82 70 124 72 63 197 128 135 138 54 167 99 5 130 105 34 142 144
66 99 98 166 3 65 142 171 92 34 43 148 71 72 34 98 20 138 90 125 141 119 3 192 141 91 163 13 99 109 96 162 38 169 157 141 197 71 38 81 132 72 49 71 71 147 29 165 50 110
92 119 134 93 9 132 53 195 90 133 142 130 113 8 69 150 140 12 30 16 37 191 131 188 175 157 43 69 94 28 55 116 64 30 33 62 38 124 21 26 115 117 77 22 1 112 95 21 173 51
10 99 42 1 112 44 17 193 95 49 32 138 127 170 50 126 194 43 168 109 197 88 44 180 179 58 14 198 147 178 4 11 194 98 124 185 61 134 18 37 6 172 151 91 146 55 22 132 22 9
28 122 18 113 136 18 122 32 85 96 106 9 115 184 3 115 164 28 68 36 126 4 132 8 153 90 60 2 89 38 94 172 51 126 105 137 15 132 8 121 18 127 159 73 157 47 113 153 124 192
92 105 81 121 145 158 195 61 94 151 98 4 169 200 123 150 54 134 25 106 90 182 42 27 56 30 41 143 106 46 56 110 25 138 148 119 171 188 128 68 80 196 82 57 179 27 11 173 124 25
98 97 197 116 32 104 73 47 158 143 199 24 139 37 66 62 96 49 133 15 46 89 121 134 62 11 86 196 62 36 164 74 185 41 168 21 71 100 72 171 153 200 185 98 162 28 104 198 167 110
75 90 49 60 96 194 176 156 117 142 178 63 104 105 71 43 130 175 119 23 188 99 112 94 95 3 6 70 112 162 23 46 140 82 185 126 9 56 177 158 78 11 154 14 152 153 190 50 143 152
97 136 107 100 178 105 62 11 162 43 127 26 196 138 134 48 92 171 175 131 155 194 18 42 44 105 134 40 73 198 49 95 176 126 177 68 176 95 31 64 18 87 8 24 68 159 141 101 38 50
31 122 163 46 89 35 44 170 33 122 49 175 190 64 104 136 8 153 87 126 174 103 74 115 34 177 115 192 56 43 166 199 192 23 23 192 59 106 151 109 61 192 157 154 139 30 51 42 22 145
31 36 116 140 100 164 182 119 92 21 15 38 153 79 116 31 19 127 153 82 20 163 65 192 30 25 21 180 142 106 179 157 37 153 70 19 2 13 80 138 158 6 131 149 2 12 176 23 61 126
52 6 45 155 40 194 92 150 199 21 3 49 34 156 116 130 188 144 43 39 94 19 74 88 65 41 69 22 89 90 34 67 142 3 20 106 161 38 118 126 20 28 158 21 46 187 182 157 18 66
186 87 77 68 3 23 19 34 100 181 170 62 40 87 187 42 126 107 148 8 15 35 97 76 69 121 192 142 192 120 37 71 152 145 144 8 99 13 113 80 131 17 123 74 5 132 164 45 158 22
134 149 179 167 69 68 38 147 50 78 157 138 100 55 115 48 6 168 119 109 119 99 137 45 45 176 146 134 124 189 97 153 138 100 86 194 2 12 9 18 92 22 47 199 8 169 88 30 178 128
178 157 147 121 68 60 88 144 39 60 96 20 195 62 3 40 73 31 99 38 167 60 57 66 112 75 52 129 154 6 162 191 130 166 197 12 85 20 162 113 132 14 171 82 171 87 163 6 83 112
130 62 2 67 87 87 101 66 66 164 105 111 197 22 197 140 81 145 15 81 69 75 111 200 130 144 171 117 173 109 128 38 116 127 129 97 166 180 13 16 174 178 112 136 6 105 115 68 178 50
125 130 111 183 43 83 140 175 19 83 124 79 10 118 1 122 120 61 110 133 31 174 15 1 89 163 110 169 110 183 47 129 136 157 193 148 83 167 80 15 10 107 127 58 139 148 115 7 127 49
99 185 170 115 95 126 103 140 51 156 32 131 124 146 113 72 69 58 18 12 141 15 142 122 54 184 25 108 156 75 76 154 115 97 79 15 189 88 127 175 66 77 14 37 172 9 146 124 184 136
2 88 174 124 73 172 194 117 10 167 136 149 25 4 68 26 25 83 118 113 189 88 84 71 151 32 4 50 198 156 128 100 34 83 98 198 128 20 197 77 174 4 74 78 108 137 37 82 38 99
106 46 142 53 3 4 1 14 31 88 113 168 138 134 41 8 157 51 59 100 175 5 98 124 68 62 42 154 182 144 141 10 26 34 12 172 134 146 27 41 166 157 43 133 141 130 162 8 140 167
196 160 101 12 81 99 58 176 48 108 168 11 140 182 21 58 62 9 46 64 189 52 144 165 124 64 23 144 103 124 178 195 22 113 141 152 111 170 65 13 98 71 176 60 149 80 45 72 103 138
28 97 65 26 123 193 104 93 59 169 48 39 54 22 21 171 96 25 50 189 16 78 129 168 3 119 40 102 41 177 143 59 104 101 134 135 102 87 66 185 102 107 123 1 146 104 174 40 25 87
11 26 109 161 95 41 168 95 51 152 29 48 121 52 47 179 34 8 137 82 77 5 49 68 57 100 200 11 129 129 143 193 154 86 154 106 13 95 173 83 153 77 43 99 160 119 69 49 56 4
177 10 81 198 137 157 66 10 1 95 77 96 102 175 187 83 14 184 193 39 9 132 44 188 116 149 122 119 85 115 172 34 57 164 158 60 193 29 61 44 91 18 136 121 81 51 138 12 27 59
179 113 125 38 71 184 36 26 18 35 85 24 130 116 7 125 107 9 86 9 195 107 108 150 123 176 99 117 169 46 143 105 47 144 98 166 187 183 98 10 45 165 114 21 26 72 123 57 104 11
160 162 174 86 91 142 7 170 103 12 5 24 126 53 83 21 28 61 199 139 198 49 100 68 13 21 170 119 33 196 179 134 144 124 147 199 3 123 149 150 79 154 129 9 122 93 54 163 72 146
62 42 154 85 197 78 28 46 7 136 121 181 104 71 61 107 10 50 70 173 46 147 90 116 153 36 25 89 155 99 119 19 165 3 54 106 193 73 51 170 188 193 115 6 181 129 9 68 96 45
163 68 164 73 106 82 132 99 75 42 113 50 52 5 197 45 43 94 27 142 27 172 127 168 195 84 182 140 177 155 18 132 179 108 45 169 177 65 2 129 97 103 167 36 152 22 33 196 36 183
8 186 101 166 153 188 30 37 91 88 68 110 89 75 57 144 155 37 6 61 105 123 172 37 29 175 16 162 127 36 133 82 35 158 94 159 47 99 93 39 52 39 92 77 43 84 4 104 26 199
175 183 96 141 168 66 146 118 162 188 47 68 135 191 92 45 189 32 76 166 143 152 113 159 116 82 20 13 158 54 137 157 52 146 71 82 184 12 162 117 44 101 173 180 136 124 179 96 111 104
3 132 13 114 27 155 30 138 34 154 21 68 194 121 156 180 120 101 141 118 95 27 148 89 26 119 165 101 161 60 98 33 41 63 38 106 64 170 106 121 115 38 154 199 131 121 199 24 200 98
165 128 56 82 78 183 11 32 136 70 92 40 21 144 106 190 120 155 88 128 146 85 88 78 60 123 11 167 158 131 104 111 57 134 42 78 57 188 198 136 197 113 78 95 194 116 186 139 25 89
100 172 110 184 200 120 155 65 198 116 188 86 58 186 114 43 140 141 41 173 67 87 111 64 94 195 144 150 140 34 178 191 163 125 118 134 57 121 132 190 92 161 21 188 129 78 199 102 78 143
152 15 159 177 43 146 173 114 43 74 155 61 117 146 132 99 108 98 46 177 109 164 38 136 158 31 162 50 70 45 88 35 25 130 170 93 134 145 200 129 107 40 183 106 192 39 198 71 19 114
7 125 115 27 167 187 145 51 28 77 35 109 97 44 98 85 59 136 142 23 126 98 175 167 132 48 47 56 30 35 66 11 14 137 167 12 91 125 167 194 79 159 51 48 85 199 108 120 21 152
6 186 127 168 87 111 119 168 79 81 49 145 37 137 3 2 104 141 14 123 54 182 116 66 76 110 25 187 158 134 159 182 35 95 84 175 67 162 112 131 71 195 113 73 47 123 4 22 194 49
55 28 160 166 72 63 121 82 189 76 10 27 7 26 162 76 37 88 15 76 104 14 150 103 157 88 189 88 128 186 17 154 170 113 105 110 27 116 24 154 48 129 52 196 190 86 164 83 85 82
118 40 129 157 47 14 197 156 105 129 98 49 57 136 138 145 122 115 81 5 148 163 100 159 46 69 13 152 95 98 137 83 134 11 82 66 99 81 10 136 72 11 44 80 169 125 170 192 184 85
