70 	
78	80
0	1	5	79	5	
0	2	1	16	7	
1	3	7	41	1	
1	3	3	134	7	
1	9	7	25	6	
0	7	2	73	1	
1	3	8	110	8	
1	2	1	159	1	
0	8	5	50	9	
0	2	4	149	9	
0	5	3	8	2	
0	9	1	104	3	
1	1	8	26	8	
0	1	2	21	1	
1	8	7	80	6	
0	7	8	95	9	
0	7	6	108	2	
1	1	6	20	8	
0	3	4	85	4	
0	4	1	156	3	
1	6	1	39	1	
0	1	5	55	9	
1	5	7	140	6	
1	2	4	133	6	
0	2	6	92	7	
1	8	5	104	3	
0	3	8	101	4	
0	1	4	75	2	
0	9	2	156	9	
0	3	5	89	9	
0	5	7	131	9	
1	6	9	118	2	
0	1	3	52	3	
1	4	1	117	1	
0	5	1	12	9	
0	1	9	33	8	
0	8	2	138	9	
0	9	3	58	5	
1	6	1	31	3	
1	2	1	78	6	
1	4	1	105	6	
1	5	7	17	7	
0	9	8	38	8	
1	6	9	153	3	
1	4	5	15	9	
1	2	3	56	7	
1	5	6	95	5	
0	7	8	74	5	
0	1	7	69	4	
0	6	1	11	9	
1	2	7	77	3	
1	6	2	140	2	
0	1	5	8	9	
0	6	3	104	1	
1	7	8	26	3	
1	4	7	11	7	
0	2	9	72	8	
1	2	7	90	2	
0	5	1	100	3	
0	7	2	66	1	
0	7	3	38	3	
1	9	9	64	2	
0	8	1	17	9	
1	8	9	130	3	
0	6	6	2	7	
0	6	7	70	6	
1	9	2	119	2	
0	3	5	149	2	
0	3	2	161	7	
1	5	3	49	8	
150 2 107 96 35 121 117 181 193 117 151 99 136 143 148 47 157 172 158 11 131 15 191 79 138 43 172 92 63 64 117 40 28 115 197 32 87 58 93 56 176 132 156 32 61 200 198 155 97 54 95 192 94 108 119 98 187 174 72 58 150 101 86 11 141 34 172 75 44 152
80 124 169 123 60 25 105 149 109 38 39 29 105 57 39 140 63 65 90 41 60 45 36 101 30 73 70 148 45 16 24 103 117 135 185 29 146 75 196 148 10 49 68 165 152 168 171 100 25 11 190 12 126 173 191 148 57 175 39 154 107 137 178 52 47 199 110 49 54 83
144 188 64 137 131 84 85 63 176 54 71 11 69 153 60 115 130 158 24 168 58 80 85 198 16 181 176 91 169 21 151 98 182 150 58 123 70 9 85 26 191 152 158 99 36 90 158 23 67 169 180 162 158 124 55 189 49 195 47 40 58 38 167 77 188 131 36 46 44 4
174 128 11 66 171 74 41 100 59 139 60 141 190 141 23 117 114 191 112 139 20 147 46 95 54 184 185 105 164 71 150 17 19 165 90 27 27 65 84 88 40 119 75 195 105 184 169 15 132 133 4 150 200 136 189 118 144 93 16 73 66 156 140 119 3 52 111 131 54 175
77 3 70 148 123 48 43 49 184 108 98 178 19 106 186 2 66 156 7 105 49 40 173 76 168 63 128 91 109 28 118 64 137 49 149 75 49 3 131 151 169 39 48 23 171 160 137 169 21 188 48 57 132 14 97 54 184 33 97 49 133 82 86 195 193 116 144 102 80 56
91 62 60 170 3 190 60 46 189 121 100 184 16 2 49 145 189 71 166 25 102 3 47 126 88 88 178 10 57 177 30 113 29 25 72 29 46 163 135 146 197 46 69 104 137 158 91 59 134 186 112 118 112 116 144 59 196 189 115 7 93 163 146 52 113 63 133 4 112 116
90 125 129 30 196 28 15 139 189 40 195 133 132 148 100 104 86 2 27 89 153 175 100 38 99 56 149 10 49 132 3 71 10 155 31 31 192 106 16 121 166 150 159 74 77 49 156 147 57 139 166 168 25 54 67 159 13 100 63 111 163 170 168 82 95 30 174 10 158 180
132 111 144 196 191 192 93 87 137 46 161 26 119 166 10 139 157 9 163 161 75 120 27 80 74 113 142 56 112 40 85 181 58 156 17 169 41 121 122 157 60 89 88 66 15 86 32 117 79 140 59 146 156 127 72 18 17 151 11 78 94 8 76 138 123 181 30 4 99 145
104 92 67 153 57 153 178 170 194 45 136 195 144 4 34 177 147 45 140 71 184 64 139 158 134 112 70 89 115 164 16 32 196 56 175 127 87 31 187 119 189 5 73 162 31 84 85 158 75 150 108 10 33 52 115 128 147 196 100 151 187 71 171 101 191 102 101 37 191 35
122 44 111 62 143 157 57 35 76 160 116 135 103 49 141 15 182 84 64 115 179 126 10 83 153 155 198 56 2 111 42 167 71 157 88 20 47 63 18 146 158 1 106 103 5 98 146 146 67 41 147 10 86 89 63 86 112 45 5 170 144 45 27 35 123 10 186 192 104 188
116 67 80 40 139 64 87 59 114 124 8 193 138 117 5 135 68 24 103 3 194 1 153 144 39 136 75 85 48 140 128 13 12 49 195 194 165 27 41 50 64 51 182 96 51 97 67 156 99 46 137 195 170 44 111 168 17 186 14 141 119 71 56 151 142 30 3 43 164 69
82 66 121 116 178 191 72 114 40 53 56 127 74 88 118 91 137 53 13 65 65 90 122 137 131 193 27 11 52 164 64 74 37 141 29 41 66 63 134 117 95 1 181 178 101 189 135 47 192 96 39 91 147 140 1 4 78 143 135 91 160 100 138 65 81 91 68 125 78 113
110 62 77 75 45 16 13 20 35 135 100 185 79 63 167 67 121 18 152 160 100 179 174 115 118 143 16 118 178 143 83 41 158 100 82 87 101 9 141 65 176 40 38 197 156 23 177 173 154 8 194 72 98 4 162 49 147 156 107 55 36 26 121 98 117 21 126 61 50 163
26 61 131 84 199 83 39 25 15 152 48 163 137 104 64 25 81 97 178 149 139 185 121 83 7 63 28 144 80 107 150 106 18 198 181 34 96 89 61 124 19 22 58 116 26 198 158 116 45 141 50 43 56 68 27 11 163 72 21 18 106 10 18 181 64 144 77 106 95 24
137 175 58 6 153 131 29 127 148 35 17 155 159 5 126 196 103 138 111 61 23 65 56 186 141 127 23 146 95 44 179 27 160 64 142 30 155 23 2 6 133 57 56 11 43 162 2 35 39 156 3 165 120 60 75 182 37 21 141 143 3 120 112 179 36 58 179 37 55 30
62 16 142 55 46 111 179 127 116 81 136 1 60 23 124 181 154 164 196 8 185 68 146 188 177 193 39 137 78 116 134 30 55 122 139 178 173 9 31 42 107 76 12 136 131 170 7 198 123 179 156 13 137 66 164 168 165 100 124 173 24 70 30 158 74 39 158 125 108 200
167 72 176 3 41 178 118 61 159 159 71 137 16 133 159 14 144 122 117 87 53 173 136 46 82 20 42 173 96 142 158 53 30 181 9 7 64 110 12 21 119 75 19 82 163 136 157 63 24 197 103 152 167 74 34 108 100 53 62 28 19 145 50 7 127 5 146 169 44 16
22 73 174 84 105 136 58 178 101 122 20 169 143 196 48 177 3 156 45 175 126 179 127 89 26 1 31 105 143 119 165 78 188 104 31 53 100 199 127 75 129 66 109 60 65 21 38 100 36 121 106 197 73 45 44 24 86 34 74 131 36 11 178 180 75 144 136 165 12 18
180 17 65 110 31 59 97 97 133 142 94 136 32 169 78 168 152 169 142 116 134 50 56 73 171 80 177 29 56 139 100 20 123 125 135 118 131 29 163 9 103 14 136 31 12 18 169 36 121 196 119 81 192 80 140 93 45 107 5 82 132 182 185 185 198 191 142 108 131 10
22 185 175 15 138 80 38 2 82 68 145 191 193 149 119 127 58 132 111 138 198 86 35 14 7 118 59 123 21 196 53 5 11 87 48 148 146 95 122 71 99 154 144 127 32 116 163 58 192 166 135 24 156 17 90 4 131 179 32 73 41 156 49 81 12 29 105 40 184 100
120 6 67 174 147 72 56 31 186 154 21 22 87 128 166 116 147 19 69 156 59 10 28 100 153 143 86 109 6 166 166 107 79 130 129 164 114 144 95 110 150 92 146 28 104 29 20 85 84 128 190 75 161 100 130 47 8 74 11 105 155 121 121 14 116 82 153 189 93 80
96 25 168 113 72 6 183 48 103 3 147 37 196 62 144 65 186 154 114 136 133 135 178 144 41 10 36 161 42 94 57 36 72 144 55 98 85 25 199 174 19 133 115 152 103 25 55 79 13 71 105 162 126 46 39 194 138 79 33 161 41 173 32 194 143 60 170 46 198 165
19 9 45 55 169 5 103 188 5 173 196 10 15 29 82 38 85 178 151 134 110 55 5 8 149 176 68 131 23 87 117 182 199 4 69 33 165 108 53 37 8 166 85 93 198 109 51 23 196 77 149 138 73 124 86 181 81 23 138 122 151 60 54 71 28 69 93 69 46 29
114 72 90 28 94 58 72 161 139 109 161 32 64 166 165 116 177 90 102 61 173 145 99 38 131 102 179 135 69 39 159 164 186 12 109 6 54 148 117 110 190 8 94 136 23 88 140 125 127 137 13 12 15 60 116 120 141 17 79 57 178 106 173 122 91 95 172 105 20 15
13 137 36 4 158 155 50 25 43 168 135 104 105 127 126 48 67 197 97 89 6 35 130 75 68 62 137 133 32 61 95 68 147 147 135 47 112 75 5 158 165 13 12 187 63 155 71 55 114 177 68 28 163 158 138 67 183 90 108 174 86 19 164 7 49 164 41 80 87 51
187 103 77 10 93 123 27 87 165 72 120 54 119 128 184 13 41 13 58 198 59 71 126 12 107 92 38 107 47 27 13 49 90 181 17 182 137 129 196 156 180 188 188 96 18 25 64 76 31 41 157 183 139 191 65 139 123 123 78 93 35 137 88 190 145 73 193 198 78 14
3 140 197 94 150 15 160 121 56 112 161 51 80 189 113 118 37 51 149 195 60 109 55 56 167 65 51 80 143 154 149 2 199 196 163 177 91 105 83 54 68 102 129 36 123 113 20 190 82 23 43 9 141 163 70 66 12 74 173 52 160 12 43 93 164 145 7 65 162 159
26 73 56 183 75 80 88 107 21 107 19 170 182 49 108 162 110 174 42 103 53 111 131 178 180 183 68 22 22 145 86 174 35 27 32 103 26 53 128 65 72 93 22 66 178 60 159 168 17 128 136 95 19 95 99 142 179 19 92 106 100 156 17 53 119 10 2 52 90 119
137 196 145 15 157 169 151 29 81 197 80 11 62 110 23 34 108 8 141 121 104 76 39 175 144 66 68 200 77 157 80 118 129 104 62 99 41 153 20 151 81 77 104 13 187 78 190 97 38 3 84 175 135 69 121 143 128 149 42 98 160 40 37 151 47 40 10 44 136 16
174 30 11 138 81 121 192 27 125 121 51 4 25 171 19 193 18 149 159 152 155 74 142 22 76 187 56 132 32 38 132 196 115 200 194 61 28 185 164 108 140 26 139 4 15 47 44 146 177 131 196 129 12 191 151 108 94 74 14 91 128 18 160 152 122 69 154 83 15 33
83 140 146 110 74 115 44 77 12 195 111 109 127 188 75 55 128 184 57 125 148 5 164 28 25 3 176 181 183 160 163 3 67 150 61 174 86 134 33 180 53 96 11 126 87 85 80 137 96 22 25 8 122 6 158 172 43 9 192 7 158 198 109 69 72 59 171 59 106 31
134 27 191 197 36 4 106 48 145 95 108 127 154 193 15 139 93 81 69 158 81 10 158 178 106 191 190 148 85 73 78 179 50 138 17 29 155 36 76 36 106 118 130 128 99 191 19 156 130 58 60 37 81 63 22 14 136 124 62 119 185 89 85 46 10 81 55 82 60 5
186 69 80 169 59 38 161 148 133 84 175 144 54 39 158 172 127 141 107 138 77 149 126 40 86 8 156 157 65 187 122 47 36 124 120 167 93 90 140 72 129 4 192 166 57 27 178 26 48 126 27 174 177 2 29 24 171 80 54 115 68 160 165 7 48 41 193 75 28 92
55 84 68 130 105 101 194 137 171 180 26 189 148 91 192 165 21 147 57 90 128 156 162 113 177 126 11 133 5 172 32 64 189 99 151 44 110 115 128 157 92 192 179 122 190 140 178 131 4 194 56 113 143 108 84 101 47 73 38 92 42 176 88 139 186 100 158 196 140 35
118 48 84 39 198 20 148 18 188 183 56 57 72 7 107 39 77 111 191 76 81 177 77 198 89 114 30 188 51 195 162 91 142 31 196 143 156 182 169 142 22 110 22 143 140 30 146 82 170 150 191 16 158 65 145 133 168 30 109 68 65 137 80 62 122 195 57 137 17 41
60 56 18 192 62 12 76 39 98 56 192 194 171 135 30 66 56 200 111 32 142 159 72 3 81 85 162 106 135 83 150 179 148 186 116 197 139 2 183 14 29 135 153 13 105 154 38 137 57 124 165 88 66 69 109 128 51 100 68 69 104 147 47 28 47 96 76 23 83 51
151 21 161 180 105 68 83 131 88 165 56 20 112 95 76 86 118 189 140 10 146 41 195 76 40 79 156 187 55 184 182 35 2 61 63 35 61 69 177 63 198 106 60 105 49 179 27 75 34 120 75 17 149 163 157 123 91 55 28 97 84 166 107 158 1 12 16 4 17 192
179 49 22 94 68 192 35 200 82 85 69 187 198 126 145 4 72 53 21 115 14 117 139 31 3 25 57 117 175 115 67 187 193 20 39 36 81 83 42 161 16 192 29 138 10 126 153 104 95 182 165 19 140 2 111 15 168 151 19 132 84 21 93 135 140 69 98 134 149 54
151 81 160 147 159 108 10 118 137 22 115 73 112 34 143 169 114 50 54 184 89 129 198 120 178 36 118 49 165 162 194 122 125 184 11 33 84 22 138 133 129 81 16 151 24 125 123 103 37 42 61 110 196 84 138 174 154 160 30 138 4 172 106 177 164 144 5 183 121 41
27 70 121 75 67 14 152 172 77 137 53 64 49 178 103 3 76 98 124 49 14 144 47 172 185 75 155 181 53 31 179 12 167 7 87 97 35 73 154 146 93 125 180 79 65 85 33 48 86 80 192 58 170 35 185 118 152 50 183 33 87 19 124 63 188 181 53 108 137 52
82 162 99 127 115 185 89 155 55 198 142 90 137 72 83 86 106 32 184 54 54 120 9 57 182 194 45 99 25 171 175 87 37 175 78 123 165 67 84 37 44 60 69 50 38 53 79 178 27 64 39 64 169 43 31 70 152 39 18 10 6 62 118 180 189 165 167 64 185 36
18 40 76 39 85 84 79 58 93 155 87 40 189 9 20 164 19 111 28 109 31 137 41 22 150 37 113 1 73 60 44 32 159 22 195 142 153 88 20 141 48 100 12 59 89 36 69 200 89 35 87 48 137 37 92 45 119 136 183 181 127 132 176 45 3 50 18 83 9 178
63 52 38 96 114 76 144 104 12 42 78 150 85 66 177 93 3 60 150 123 148 176 198 18 113 155 108 119 54 105 162 121 26 101 79 102 127 52 198 72 28 130 46 59 50 52 193 26 196 111 123 189 137 156 15 194 38 176 186 118 67 74 26 31 126 21 120 6 117 94
170 162 186 5 104 115 96 52 82 187 131 97 113 167 167 130 161 94 33 3 8 149 7 116 155 110 193 12 130 84 85 46 113 118 12 38 49 36 76 69 145 26 92 193 153 72 6 101 81 106 57 6 103 187 115 92 126 182 57 28 123 76 41 131 42 14 183 184 179 129
136 126 53 171 118 69 43 181 159 140 164 90 76 129 180 85 132 47 18 196 56 135 52 38 128 15 164 45 169 102 189 110 67 162 157 35 186 98 72 101 112 87 121 114 61 134 74 10 119 4 165 82 35 167 187 37 37 117 7 62 12 13 9 47 53 60 19 7 166 178
142 89 3 70 173 138 26 24 73 87 119 130 173 102 160 68 41 103 142 32 160 194 26 77 165 148 137 14 69 5 46 73 61 114 93 41 200 193 60 170 148 172 110 107 2 168 167 21 148 44 14 135 36 198 82 197 16 144 178 124 188 15 193 106 25 69 168 106 123 126
78 7 181 189 111 133 64 63 10 195 161 13 12 20 67 92 61 15 40 102 32 6 43 37 123 29 172 79 113 179 78 37 123 61 47 53 84 131 40 9 100 172 129 88 193 144 45 15 178 189 157 145 87 164 161 184 150 66 85 158 171 198 1 120 112 93 187 163 152 94
140 161 142 78 151 111 103 88 181 62 63 52 40 110 147 44 198 166 23 139 169 108 72 47 42 162 57 155 52 119 138 82 154 39 102 27 36 18 153 44 33 113 180 135 169 137 45 4 20 180 41 140 174 10 30 82 104 149 20 22 29 102 45 94 182 124 55 121 120 131
108 107 26 82 69 102 185 9 140 85 136 137 179 197 1 171 97 67 173 191 74 147 91 93 32 24 87 155 81 82 154 80 191 84 44 81 19 27 132 160 159 199 118 189 98 25 179 153 149 18 103 156 134 108 120 160 177 46 50 179 42 48 140 135 36 68 31 63 25 160
184 198 131 34 68 139 186 20 118 185 124 190 137 29 137 89 164 113 88 24 157 134 93 114 169 132 2 145 107 15 53 14 133 119 177 171 131 160 131 44 171 174 27 16 101 59 111 14 193 78 111 27 69 14 50 101 66 31 71 90 8 14 51 127 26 158 103 56 5 192
65 83 24 61 20 144 117 75 191 75 40 60 183 173 17 138 115 85 51 186 86 25 199 50 109 23 136 199 125 131 90 166 152 74 75 147 113 75 114 21 82 134 167 26 83 68 33 5 6 138 89 113 60 27 42 78 129 182 118 63 98 170 104 84 41 194 54 5 100 96
30 17 118 56 44 121 180 44 93 178 84 132 149 110 86 136 83 178 72 118 8 188 170 77 63 193 54 41 189 86 82 49 157 156 58 5 15 97 177 180 109 61 64 62 180 42 97 86 70 83 22 40 96 114 84 132 120 9 59 49 150 69 30 95 196 138 32 193 32 194
178 184 38 189 99 73 126 57 7 167 3 138 54 100 132 160 111 66 190 58 148 138 17 19 174 140 62 74 195 160 75 126 184 11 129 59 31 200 26 37 45 153 59 163 177 50 2 18 49 80 19 103 55 24 26 45 139 104 68 121 120 101 99 18 182 106 105 174 7 193
86 87 108 68 103 78 55 144 32 122 116 35 177 53 110 185 117 11 49 144 87 186 93 150 98 198 188 69 116 82 25 13 102 133 142 165 40 31 109 26 95 51 5 116 152 56 87 21 147 97 120 51 180 199 5 68 27 174 174 190 48 198 164 43 10 51 91 5 8 164
11 148 144 51 118 127 61 42 156 50 39 6 166 169 198 59 46 162 26 115 180 158 57 79 66 142 139 69 182 66 62 25 172 113 144 192 91 84 161 72 29 64 16 113 13 32 44 143 195 12 196 7 55 71 111 105 179 57 197 171 80 91 175 172 121 191 70 133 95 187
78 200 69 118 68 100 19 110 19 156 70 82 96 136 19 153 61 114 8 34 15 182 130 109 192 152 186 151 123 154 18 82 150 43 25 63 38 68 3 191 49 64 34 30 187 126 147 154 65 92 27 82 128 124 82 146 110 49 143 79 135 174 38 149 74 158 185 58 145 191
20 39 148 11 9 60 117 126 138 193 12 54 32 47 40 133 116 99 150 163 175 68 112 64 23 76 73 116 107 189 63 185 95 160 57 163 170 198 74 63 192 27 94 39 152 79 76 173 193 38 52 125 129 118 167 40 60 66 130 170 165 41 191 139 177 99 80 99 135 132
174 120 143 128 188 66 136 109 39 128 96 60 178 13 112 98 59 6 174 184 88 119 56 152 17 5 93 151 21 120 82 37 14 163 21 104 199 190 175 199 196 64 34 33 43 191 73 162 27 14 85 89 108 43 115 44 72 102 132 195 184 118 192 148 133 20 116 197 1 23
22 75 26 118 46 197 177 28 144 171 36 112 134 73 140 116 177 125 189 158 122 154 4 100 35 175 79 2 180 161 35 22 169 163 169 173 46 68 26 178 81 63 68 195 11 131 50 129 171 6 25 170 168 77 2 180 48 17 193 28 105 87 65 54 101 83 30 28 139 123
109 191 193 185 21 188 197 170 77 21 196 15 47 120 26 105 182 118 185 151 144 166 99 47 10 188 124 182 137 199 131 2 65 124 114 100 49 183 99 6 110 142 194 53 90 33 158 154 55 64 128 83 110 52 106 153 56 146 188 26 3 145 197 24 189 27 36 156 189 157
25 187 4 191 106 91 116 12 46 66 86 24 185 85 45 96 1 4 136 27 142 153 134 185 122 185 146 45 147 78 103 52 188 79 69 56 19 21 138 45 164 105 100 158 77 3 120 129 133 49 162 189 83 92 109 132 85 58 69 194 48 5 171 194 95 23 46 187 194 22
53 132 108 194 70 19 99 163 17 129 9 163 194 41 167 129 133 180 26 38 163 34 129 108 179 159 33 129 73 14 106 171 39 49 190 75 53 81 108 181 165 111 154 54 185 149 69 193 195 160 194 37 75 178 122 113 11 65 167 45 93 14 170 115 14 164 107 41 172 24
123 200 172 56 134 92 83 67 125 45 97 108 83 91 32 90 19 112 111 192 32 22 99 126 65 34 89 109 75 197 181 5 94 171 120 29 178 4 43 87 73 193 153 126 51 126 171 112 131 115 87 125 55 165 153 119 69 73 155 82 76 43 117 155 94 136 104 62 131 137
66 85 75 140 127 37 175 180 56 44 127 93 5 195 161 1 30 77 53 132 86 71 198 122 21 13 86 154 60 118 4 51 38 3 14 130 68 176 45 49 102 147 65 194 16 77 141 58 184 15 172 73 50 137 149 165 28 66 22 199 12 123 146 75 79 47 4 102 116 150
39 55 157 197 21 33 112 108 116 29 190 162 87 29 114 156 78 165 69 159 48 41 129 113 137 150 120 159 63 146 86 198 93 22 94 107 184 195 65 173 151 155 145 137 22 24 20 61 159 48 183 137 4 68 174 176 118 108 88 28 78 85 68 22 105 155 114 48 27 162
137 90 7 178 185 166 183 152 8 118 168 85 6 135 67 194 75 175 168 84 159 166 159 97 52 29 186 32 151 195 37 66 119 170 17 4 31 43 146 110 134 121 87 138 94 73 166 185 147 67 70 9 94 171 84 171 162 20 59 151 151 110 30 109 181 129 158 176 86 93
158 144 117 78 185 19 93 174 156 66 176 46 176 67 49 40 176 41 128 114 152 120 192 171 102 80 9 170 70 187 4 193 191 67 187 172 162 125 35 167 195 178 59 54 126 6 54 172 88 185 112 31 98 112 53 197 96 177 5 57 28 64 21 153 8 135 50 108 145 116
5 83 153 74 47 92 106 100 5 97 29 119 135 10 131 12 108 157 151 81 39 101 89 108 163 111 60 87 14 96 17 65 34 154 153 59 38 144 70 119 2 9 189 14 19 55 170 18 9 155 100 110 170 173 102 78 114 24 176 63 170 128 28 44 38 81 48 196 166 62
31 163 187 159 107 171 78 47 72 155 17 75 150 102 101 97 70 6 96 7 73 127 90 134 125 3 28 199 42 170 26 143 120 107 192 5 94 180 81 141 37 173 29 35 23 38 66 69 6 172 189 84 10 179 30 162 54 70 19 108 50 47 101 30 146 118 67 84 44 15
79 174 172 74 93 124 49 130 194 52 154 189 69 83 27 95 152 64 29 109 171 27 70 29 57 11 29 49 17 112 158 50 49 89 48 130 82 130 174 174 144 173 101 40 141 122 189 177 138 182 129 30 7 158 171 56 161 83 106 75 103 13 23 182 30 64 171 118 141 182
156 133 67 108 77 85 144 197 112 90 98 119 109 135 25 190 42 18 194 83 140 94 159 123 55 155 158 161 20 73 169 1 159 48 39 27 120 21 82 111 125 128 90 44 179 75 18 79 190 148 88 122 116 98 58 185 46 39 11 158 24 104 67 34 34 178 8 194 186 173
