90 	
21	63
0	80	3	440	5	
0	2	5	2132	3	
1	14	8	193	7	
1	31	4	1595	9	
1	32	4	267	4	
1	71	7	1262	6	
0	73	2	1951	7	
0	8	7	1533	5	
1	30	1	1772	2	
0	89	4	753	1	
1	78	9	1224	8	
0	44	4	26	8	
1	93	6	1351	4	
0	21	4	563	3	
1	97	3	1925	9	
0	79	1	1607	5	
0	96	8	1019	9	
0	11	8	759	4	
1	72	9	437	8	
1	21	3	497	4	
0	90	7	1183	4	
1	24	5	548	2	
1	75	5	1574	3	
0	83	1	1116	9	
0	75	3	258	4	
1	94	1	1579	5	
0	62	3	229	5	
0	87	3	258	9	
1	76	3	943	8	
1	26	1	189	4	
1	51	1	2152	6	
0	54	6	328	1	
1	69	8	1225	3	
0	40	5	733	2	
1	54	6	371	8	
1	35	8	1696	9	
0	47	2	1035	4	
1	32	5	1193	3	
1	23	3	1536	7	
0	43	7	2122	4	
0	51	3	1428	5	
0	8	5	1382	6	
1	97	4	730	5	
1	15	8	604	8	
0	53	4	872	5	
0	74	4	724	3	
1	43	9	11	2	
1	44	6	2300	9	
0	26	4	1194	9	
0	60	3	2200	3	
0	71	7	308	7	
1	73	2	1019	6	
1	92	5	969	7	
1	24	5	1634	8	
0	96	8	702	2	
1	33	4	44	1	
1	69	3	824	6	
0	41	8	918	9	
1	61	7	1215	3	
1	28	6	2133	8	
1	6	5	171	9	
0	28	6	694	2	
1	65	9	1047	4	
1	72	1	718	8	
1	53	5	2175	1	
0	79	3	1720	3	
1	23	9	1051	1	
0	66	3	752	9	
0	36	3	1153	7	
1	91	4	100	3	
1	98	2	1185	7	
1	23	2	536	9	
1	69	4	2298	9	
0	43	6	1137	6	
1	37	5	1501	2	
1	6	7	1931	3	
0	2	5	1953	6	
1	98	6	1968	6	
0	48	1	1723	8	
1	27	1	1156	3	
0	26	6	1777	6	
1	27	8	2216	6	
0	42	2	1503	3	
0	62	1	1900	2	
0	35	2	1300	2	
0	67	8	996	8	
0	99	3	1178	5	
1	94	3	1593	1	
0	49	7	336	4	
0	73	3	1898	8	
57 48 177 147 28 49 176 26 29 81 71 127 117 69 30 150 90 131 6 37 161 164 179 138 49 90 184 5 51 162 81 179 78 140 121 14 149 91 30 31 80 114 16 73 94 113 140 10 45 13 131 162 113 199 123 99 36 152 60 156 185 7 122 35 132 97 195 20 192 49 165 163 151 139 197 157 170 68 183 173 21 166 141 69 115 127 97 182 98 63
40 122 58 126 149 121 93 103 4 45 166 147 181 140 62 20 95 155 53 195 128 189 16 16 36 110 29 12 51 173 192 186 185 156 107 143 187 40 111 71 194 31 166 99 104 175 200 164 2 78 199 52 136 90 35 57 196 71 115 18 73 23 86 136 86 35 182 195 70 13 63 116 157 174 177 96 59 13 186 110 188 11 155 140 117 47 193 13 147 111
176 145 124 78 47 144 164 116 85 90 1 129 99 30 180 133 163 2 192 2 139 101 139 50 67 199 125 117 164 85 191 150 181 22 157 56 101 83 28 147 45 43 106 129 1 87 92 9 162 164 183 79 24 183 181 119 144 84 41 8 4 167 142 37 77 112 42 159 96 39 189 172 7 29 124 119 34 36 25 33 136 131 123 9 177 73 200 78 66 41
129 69 114 93 112 31 3 69 120 84 39 27 100 35 110 135 61 112 20 43 24 199 185 148 82 83 31 135 110 94 149 80 162 184 79 129 8 76 155 118 154 31 36 198 51 41 32 91 115 4 65 73 100 66 75 101 159 188 122 76 87 53 141 130 51 147 57 164 4 22 112 70 90 109 27 108 114 178 147 97 187 145 173 168 169 14 183 20 5 196
200 146 172 7 5 83 83 73 55 75 182 79 24 140 77 89 50 143 56 16 113 93 47 96 134 117 94 158 157 57 194 138 22 190 194 152 79 125 2 31 29 79 38 16 70 192 63 174 178 106 116 40 35 164 166 182 37 58 108 64 190 126 49 67 107 169 115 55 52 118 21 33 198 56 144 29 52 4 103 171 105 15 183 142 31 127 142 130 79 5
40 134 162 185 91 49 47 175 92 40 42 119 28 188 88 177 4 10 158 28 142 2 22 180 21 48 153 194 181 40 139 176 177 135 139 151 146 151 135 51 139 121 16 21 72 103 100 37 85 145 192 18 36 170 76 118 180 147 48 176 163 116 92 137 181 117 113 93 110 77 57 127 85 34 95 174 73 140 39 27 173 30 142 5 94 102 130 80 119 38
119 190 37 29 157 67 13 4 162 117 178 114 56 113 115 68 112 187 90 157 164 177 119 135 191 135 127 6 91 177 5 73 107 81 150 68 124 149 9 1 78 189 83 104 151 165 83 40 180 114 111 186 119 193 54 33 16 76 153 42 27 38 92 93 115 69 195 119 11 63 79 166 172 7 103 187 190 83 156 108 37 193 29 98 157 122 199 155 159 72
51 27 66 60 168 93 95 56 180 97 129 135 54 72 34 173 41 200 166 110 123 118 59 189 67 10 140 192 54 175 194 166 129 192 73 125 107 55 5 131 60 173 10 81 95 69 173 40 62 48 191 24 153 170 117 117 27 159 93 140 144 128 123 194 101 78 50 127 60 136 172 39 121 119 79 151 70 189 121 96 131 57 45 64 82 19 185 187 82 36
162 128 141 195 99 111 17 18 188 58 16 139 190 11 41 76 7 10 74 7 17 131 135 62 127 112 62 151 159 169 18 139 164 56 38 19 178 138 76 69 82 71 138 79 29 44 85 190 126 133 94 62 80 42 112 147 176 177 149 18 81 27 72 176 108 130 196 136 51 47 157 37 96 156 6 174 41 15 64 101 42 98 55 11 181 181 1 14 153 122
67 126 94 177 193 40 179 28 60 124 179 47 133 73 18 53 73 191 103 30 34 90 174 100 114 31 200 94 127 57 84 32 139 162 183 61 161 5 132 113 183 163 62 110 175 93 14 5 66 148 7 22 191 36 29 188 3 166 39 40 50 195 61 145 168 98 13 131 111 29 143 146 105 71 99 184 80 4 78 32 181 195 139 45 6 22 185 48 51 37
80 9 14 156 98 28 133 115 43 120 26 94 35 58 80 75 128 108 114 73 58 30 21 36 61 8 33 144 111 12 93 70 147 108 48 197 182 76 124 59 111 92 179 26 137 54 70 149 198 196 106 76 12 104 188 105 63 102 179 22 31 177 134 69 95 83 46 40 177 123 34 23 194 85 122 132 41 5 19 49 159 14 32 124 18 16 11 46 68 179
128 74 49 45 90 175 129 168 159 13 51 59 168 2 133 155 184 4 88 169 6 144 44 126 2 100 147 57 12 68 51 75 121 75 31 182 180 121 160 125 186 170 60 127 173 110 182 102 112 18 72 164 6 31 96 171 80 150 47 127 169 33 140 191 183 152 178 55 113 69 166 85 68 183 23 18 183 62 19 54 57 192 34 84 181 190 148 34 78 49
111 173 15 176 34 112 120 34 51 144 62 71 122 148 136 143 140 168 45 157 48 137 171 73 153 74 174 89 67 141 154 146 185 18 155 124 149 185 104 53 120 124 123 169 64 25 197 170 18 186 78 47 112 47 117 81 75 114 91 126 191 48 10 6 192 138 72 169 172 128 42 85 145 92 33 168 128 173 118 4 157 133 47 103 127 183 157 120 128 42
86 24 99 133 162 163 121 182 125 85 96 166 12 151 62 107 98 153 23 81 38 3 171 19 61 67 175 10 150 189 146 59 116 13 114 84 87 176 14 21 43 5 148 39 134 91 175 141 49 42 49 132 94 196 108 33 124 185 140 190 163 48 120 86 112 147 188 158 114 124 58 195 83 133 145 119 4 83 162 176 138 108 129 123 3 14 149 48 76 11
101 73 106 121 133 2 68 180 57 143 92 22 123 131 3 43 142 126 34 168 177 155 115 27 117 10 22 105 14 96 152 194 188 19 105 168 76 52 100 136 107 8 16 140 128 121 76 135 144 187 8 97 32 98 129 108 142 53 179 161 61 149 38 10 114 194 30 142 182 9 13 179 158 72 13 152 20 154 141 126 103 199 86 99 23 199 78 122 197 123
140 56 35 195 54 165 147 78 165 64 51 124 157 195 32 148 153 193 55 196 111 20 157 158 61 149 72 169 58 34 23 132 10 153 14 195 12 152 162 123 194 177 101 188 161 200 13 43 7 121 90 75 48 114 71 94 175 75 19 158 16 140 114 135 60 9 75 177 125 50 149 71 129 70 111 81 116 132 15 171 38 19 127 32 136 115 160 13 156 3
13 61 167 58 26 167 91 123 126 186 166 37 67 57 152 26 90 95 68 108 130 112 121 163 133 51 40 49 40 35 123 140 104 192 14 79 82 83 174 45 151 117 33 134 165 185 13 35 19 170 178 166 125 70 84 130 98 123 2 87 64 174 104 141 111 190 76 198 183 192 10 16 90 2 77 86 200 10 92 98 168 98 53 29 131 180 116 181 68 82
125 134 171 139 21 69 148 92 108 158 65 189 49 121 60 69 147 129 66 23 35 136 49 115 131 180 166 110 180 99 132 123 159 171 37 184 130 83 173 90 62 25 74 39 190 171 198 48 8 160 100 65 181 157 89 175 15 27 82 126 15 174 166 32 176 40 32 198 36 66 154 182 75 22 10 39 73 142 145 146 24 131 123 158 118 177 72 79 53 184
191 47 93 103 11 44 171 161 95 47 154 38 128 39 52 192 131 153 194 193 135 83 109 96 164 124 69 65 27 35 189 139 27 88 101 39 6 189 169 65 147 61 84 9 134 64 94 31 47 72 129 108 65 11 193 147 82 89 162 93 67 168 125 81 17 10 189 28 54 29 68 93 18 193 132 164 196 34 185 97 119 125 183 19 170 37 197 88 69 180
86 47 42 17 132 155 51 2 169 106 160 136 109 80 188 25 196 139 153 168 191 5 75 170 176 120 184 70 124 165 34 85 148 116 144 167 7 99 134 114 4 191 129 100 125 59 181 18 127 123 54 81 3 177 148 127 17 177 20 170 115 57 178 101 159 139 184 20 134 173 123 143 96 4 138 121 44 28 56 19 62 187 41 191 61 121 26 46 17 40
68 59 65 2 77 64 166 158 125 116 39 49 166 141 151 50 171 115 198 181 141 92 192 36 166 77 5 180 175 42 155 74 50 2 85 194 25 97 142 120 115 57 103 73 36 60 167 175 128 196 68 48 18 101 19 146 22 169 173 45 146 178 101 92 11 163 175 46 143 106 181 19 93 8 19 197 109 166 40 153 64 116 99 19 170 174 153 157 24 45
141 117 82 63 192 190 172 15 70 156 200 68 137 151 5 196 164 132 164 124 186 97 178 140 81 67 115 170 91 130 11 17 153 15 188 197 186 127 116 94 136 135 148 21 157 78 15 85 163 107 17 192 108 59 89 194 36 72 178 133 17 170 59 7 55 138 5 185 49 54 178 19 157 75 189 60 62 100 179 29 166 14 110 97 176 121 8 110 21 31
157 189 9 42 178 21 175 5 47 178 32 165 20 199 41 176 15 18 137 138 93 157 38 92 85 138 106 88 49 159 30 14 103 50 8 153 116 17 107 6 131 65 31 189 147 102 152 114 25 115 153 143 25 84 146 5 23 33 147 7 48 160 120 63 17 126 150 104 160 123 132 24 85 143 136 129 108 123 144 157 110 50 185 6 125 89 109 192 9 174
32 173 175 27 82 78 62 170 193 82 176 54 12 145 67 110 162 127 180 33 35 97 140 154 30 49 175 123 135 90 58 23 150 143 192 140 43 110 76 40 75 168 171 79 52 32 168 188 137 121 106 159 173 156 36 70 196 86 181 127 130 101 16 103 198 5 142 151 173 85 199 25 35 119 155 178 5 21 146 59 192 180 19 180 148 149 73 78 114 102
152 73 156 19 22 147 41 189 37 121 167 132 143 127 168 5 60 124 157 133 120 61 39 184 190 1 12 72 141 83 198 178 23 138 32 115 169 76 54 94 162 43 23 76 117 190 105 68 46 190 36 115 36 115 30 186 83 123 20 163 187 78 55 124 48 193 31 186 62 86 124 9 158 70 140 14 112 65 122 107 195 197 134 161 161 188 127 61 26 130
90 46 176 4 21 7 178 66 139 91 6 199 31 49 16 176 121 59 90 63 165 142 107 33 164 93 96 116 200 62 116 193 36 43 123 137 178 56 115 136 2 44 36 57 21 168 68 34 94 160 179 13 120 43 67 91 76 144 95 180 167 84 38 84 1 159 159 49 146 145 118 199 110 49 139 61 146 71 15 82 5 121 80 144 105 38 58 64 62 141
151 84 169 128 174 123 144 51 107 147 86 114 6 28 118 55 172 121 56 133 148 87 49 194 137 25 135 46 154 5 166 28 79 34 164 25 187 68 106 101 118 70 129 134 98 177 33 83 163 75 48 152 100 98 174 199 145 133 35 101 77 127 153 78 12 168 40 200 145 42 158 166 70 106 127 72 179 44 5 152 120 7 169 33 24 107 1 108 24 116
192 86 144 151 172 35 82 28 129 12 152 36 122 73 162 164 37 96 196 156 161 14 61 179 57 96 26 98 65 152 90 78 136 135 53 181 82 103 159 113 191 168 72 47 38 159 27 118 64 200 85 106 133 46 194 67 149 200 4 85 76 156 137 124 107 183 198 10 67 160 72 9 195 189 17 148 70 109 82 192 54 185 97 141 38 73 160 87 76 137
113 105 60 183 136 10 51 69 148 159 174 36 193 184 26 117 123 179 186 183 169 80 51 117 156 40 165 136 45 155 116 22 104 9 174 48 111 169 126 17 194 109 130 143 128 53 31 82 97 132 117 54 164 60 41 145 32 41 123 57 149 111 135 156 155 63 120 134 194 176 40 130 164 126 33 109 52 188 97 92 82 193 118 137 81 129 95 43 127 57
10 64 154 87 25 133 192 86 168 150 161 188 32 82 126 41 67 70 30 48 137 106 78 12 117 81 137 102 111 165 142 56 28 157 149 57 16 147 99 155 141 106 137 67 16 108 138 22 9 24 146 106 106 101 110 125 79 141 40 44 105 52 26 194 18 43 18 51 120 7 99 64 130 117 132 6 134 28 57 75 71 87 155 132 29 20 146 155 22 55
47 81 4 1 95 54 143 75 149 109 10 20 96 48 19 85 175 178 111 1 61 189 133 93 22 86 182 163 155 198 135 16 52 168 42 188 110 85 83 192 127 123 35 158 50 79 149 135 74 176 84 189 8 195 63 172 56 194 10 154 96 168 124 122 48 98 3 189 118 123 149 122 29 28 41 98 1 138 135 35 91 21 100 153 156 128 169 118 115 87
8 32 9 92 61 63 176 148 26 103 138 78 46 182 15 13 65 162 62 124 109 178 1 14 129 153 26 29 17 136 50 94 70 83 60 39 62 182 127 169 81 78 155 34 102 92 22 10 74 89 51 1 114 174 18 175 79 64 134 117 1 65 96 64 134 159 26 82 157 41 22 15 85 136 194 99 102 182 32 158 63 114 79 4 131 153 113 12 59 198
79 47 141 32 189 12 174 88 89 151 103 160 190 178 71 76 21 22 106 172 167 22 195 34 193 171 126 180 134 24 171 172 38 83 149 196 19 109 26 120 156 176 6 23 158 174 2 176 114 78 142 156 2 147 65 112 148 53 166 45 137 190 101 69 141 120 109 89 191 178 53 150 115 4 50 61 118 156 84 5 158 38 138 135 14 14 160 69 31 155
121 111 106 60 176 37 194 155 47 45 126 11 199 170 82 157 147 172 197 144 117 73 129 121 71 71 79 9 152 20 50 124 34 141 178 142 67 38 55 160 166 199 183 149 129 73 54 39 2 152 128 163 10 21 158 109 191 166 195 9 167 37 190 51 134 159 33 131 31 10 47 95 13 135 193 91 121 85 6 102 158 129 130 98 148 115 138 89 36 129
34 28 106 130 60 116 69 187 7 37 176 61 68 159 125 1 198 149 74 158 79 91 181 184 173 185 13 95 175 104 35 95 137 101 179 152 154 118 4 72 153 130 94 95 174 153 56 117 84 38 103 174 185 117 74 131 25 45 14 148 94 159 81 3 32 56 81 198 175 127 163 169 159 49 75 61 161 180 19 33 186 187 28 17 111 157 147 97 175 72
12 137 142 83 42 5 84 43 143 100 23 130 83 131 171 26 70 26 25 114 20 196 72 100 112 119 151 22 101 69 8 120 7 186 199 103 172 170 69 121 195 198 166 9 16 53 184 64 136 64 27 199 103 89 148 130 111 37 37 66 88 22 169 123 195 93 16 52 96 166 127 172 3 67 45 95 175 102 94 183 141 114 173 135 38 178 66 141 157 48
43 192 123 132 41 51 52 62 101 160 85 74 105 197 105 41 126 41 26 57 7 49 52 80 129 177 89 72 56 156 20 17 50 123 84 119 17 158 156 187 67 198 174 140 182 175 167 55 20 154 54 34 130 70 123 177 2 123 170 158 197 62 8 27 8 20 106 106 80 37 177 10 105 195 64 63 142 1 51 96 100 160 164 112 26 173 54 195 37 172
43 115 165 164 77 168 88 85 30 114 190 54 35 3 181 158 77 75 120 49 19 135 98 41 23 110 155 100 22 75 181 88 126 161 185 36 140 139 200 200 147 54 44 92 194 54 126 120 121 47 112 110 22 162 48 163 121 185 25 146 29 100 107 168 49 13 41 115 148 60 129 172 165 42 60 19 49 102 99 49 87 177 171 36 199 154 137 15 134 79
90 145 40 142 103 179 172 20 80 192 134 142 135 69 54 51 158 192 95 91 196 6 88 139 5 98 27 53 14 55 181 34 87 69 147 2 40 188 4 134 189 153 83 192 116 127 18 155 160 111 68 34 70 133 14 63 98 146 84 152 165 165 124 73 9 106 52 128 25 122 198 30 5 28 194 49 41 163 76 160 8 118 136 121 113 55 76 185 61 3
158 170 41 111 17 179 83 113 10 88 185 131 61 96 4 127 21 106 150 22 56 49 8 9 22 122 129 158 133 42 184 49 51 100 92 4 124 137 106 83 114 69 170 93 10 148 145 136 191 91 106 22 87 163 70 15 136 34 87 7 154 181 130 79 42 99 160 149 161 5 159 127 174 125 183 111 7 198 188 96 97 145 178 183 172 199 21 38 192 91
10 10 188 58 40 67 144 159 18 7 68 119 43 15 43 29 6 163 139 35 28 53 40 161 135 63 122 33 19 6 74 14 170 87 100 181 110 15 45 53 80 177 199 83 59 22 117 46 10 117 105 180 159 113 100 147 100 170 96 118 33 46 8 127 55 22 105 47 130 70 132 172 180 41 5 91 26 83 184 112 15 18 1 187 33 174 39 70 48 186
103 75 36 169 59 23 18 53 163 59 146 197 4 189 71 190 158 145 183 183 193 137 110 107 120 36 55 165 176 102 187 29 146 107 45 101 4 95 194 106 141 160 26 173 191 110 73 79 62 39 115 13 154 200 96 31 74 193 68 42 178 48 65 23 4 129 121 76 148 55 170 54 120 173 112 45 174 66 67 140 182 59 155 76 29 197 122 173 100 67
121 115 9 16 3 62 146 86 148 55 178 108 115 15 27 99 55 181 15 46 144 113 12 172 94 98 17 125 77 23 62 3 120 59 123 107 2 46 9 106 108 54 73 51 189 42 141 126 84 69 177 48 166 183 95 174 63 143 102 196 19 193 185 46 157 135 104 174 12 9 43 65 70 151 109 16 104 22 38 103 139 123 198 95 186 71 98 118 42 12
67 5 39 95 64 87 168 17 49 61 14 114 44 77 99 151 94 149 93 74 173 175 152 168 18 102 127 173 100 85 99 110 135 20 52 171 66 101 128 132 161 84 22 23 35 71 80 134 112 60 87 23 169 100 139 3 54 77 186 23 72 42 41 171 125 170 91 188 188 27 159 73 141 80 66 186 84 69 84 12 74 194 96 113 123 147 79 8 173 29
60 119 23 132 196 27 132 89 81 18 71 30 124 73 146 141 163 168 143 141 51 122 95 104 56 56 48 117 140 65 114 82 39 104 70 12 67 155 157 179 30 156 59 53 21 16 85 104 25 185 190 130 169 140 87 125 177 147 141 57 94 57 171 40 161 130 2 66 61 69 111 66 130 25 170 1 107 75 120 3 169 91 96 36 72 63 53 39 118 191
136 105 90 100 63 5 85 183 4 107 77 97 128 55 177 197 50 81 19 163 65 189 97 40 171 181 23 192 62 178 110 60 19 116 93 41 1 74 185 75 52 102 175 121 7 90 175 103 59 14 87 158 61 83 49 82 199 85 45 141 53 104 100 88 3 104 3 49 78 139 28 96 139 36 58 142 74 32 84 74 188 13 134 120 170 46 77 143 167 131
94 11 188 98 123 143 41 87 40 46 65 53 57 103 103 182 181 143 118 59 79 22 84 29 64 51 166 94 28 143 49 66 17 79 4 56 74 144 21 192 95 87 42 107 16 165 43 160 30 147 87 190 111 63 32 77 74 122 172 163 122 150 23 30 167 134 56 103 141 189 43 169 142 172 22 199 169 47 42 145 27 125 163 51 136 101 132 120 83 115
165 125 58 192 133 129 52 68 18 172 167 172 137 177 15 171 87 146 11 192 159 3 147 70 65 43 138 16 33 6 169 179 63 7 40 28 155 56 186 143 68 61 108 43 33 157 166 158 117 132 104 182 169 49 115 13 91 36 176 71 74 126 72 163 136 84 94 78 85 184 129 191 197 15 169 200 74 61 46 84 200 78 54 162 135 63 173 37 146 175
168 146 57 7 109 86 183 10 62 173 197 80 35 32 71 21 106 2 93 158 85 168 123 27 139 192 147 138 101 184 34 152 187 163 56 195 136 91 94 49 148 171 97 106 154 96 50 132 179 54 57 96 165 26 143 68 33 105 101 110 162 174 187 47 123 151 110 88 197 99 30 112 159 6 58 150 183 18 152 167 147 64 78 56 12 14 106 138 197 120
167 183 101 21 59 134 128 146 107 43 94 13 191 63 73 27 59 108 161 93 199 22 97 118 185 38 8 68 49 143 54 64 117 137 86 9 104 156 5 114 100 112 26 187 123 16 26 145 128 68 184 55 27 153 46 85 88 85 132 134 5 142 18 130 177 69 44 144 41 6 164 102 98 117 156 33 29 106 67 177 58 79 193 62 92 15 126 88 105 98
66 189 140 129 147 34 103 103 67 15 156 126 136 192 124 78 17 135 34 186 70 199 15 92 87 192 23 40 26 143 125 36 5 115 127 150 103 37 170 176 20 3 139 57 30 190 77 137 35 188 59 71 183 89 27 69 192 133 171 36 71 129 189 140 120 77 49 66 158 155 173 160 137 121 42 55 151 28 6 167 8 12 170 194 70 132 93 92 197 112
116 114 63 120 173 47 143 143 79 138 176 144 42 195 94 80 196 95 45 123 193 134 30 185 100 85 156 109 98 113 92 144 102 64 142 135 113 172 179 47 154 100 5 83 90 33 111 52 108 30 114 12 109 7 87 63 49 93 130 9 51 130 49 77 109 125 173 151 68 162 32 26 29 115 197 7 21 25 164 34 86 97 39 42 32 37 44 146 41 183
171 124 143 121 129 173 194 128 84 186 163 191 177 67 2 113 117 12 88 135 144 110 110 25 58 108 139 71 11 54 142 71 190 155 183 115 77 27 108 28 108 99 190 187 147 1 176 9 109 79 191 102 162 90 165 94 27 69 58 108 68 38 187 150 150 132 110 42 5 79 92 146 127 38 17 115 191 34 198 61 197 90 166 64 26 6 15 133 7 34
105 57 195 125 196 137 111 200 14 91 64 95 22 24 65 98 198 166 177 76 99 92 108 86 44 113 10 106 122 197 121 168 25 128 139 76 84 167 60 86 28 14 41 46 19 62 10 43 11 75 115 108 76 39 43 187 67 179 80 58 134 156 188 196 87 30 109 15 132 70 81 115 108 106 102 173 21 90 158 49 48 65 178 167 94 46 159 90 144 20
70 85 134 24 9 68 187 168 110 108 85 115 200 55 113 152 60 43 134 75 131 161 89 41 179 54 122 145 109 60 141 149 106 66 44 26 143 148 62 149 28 28 82 172 62 189 4 8 130 195 101 42 199 168 172 41 133 77 182 154 135 105 66 3 38 84 78 174 177 57 188 97 47 36 6 114 194 93 54 44 193 58 11 107 74 47 5 3 172 107
43 64 199 77 166 122 94 41 92 92 184 180 143 101 81 104 11 164 173 55 94 33 81 74 126 100 148 166 64 32 111 4 153 140 102 187 130 166 46 198 136 107 196 147 74 74 12 132 132 105 14 127 178 87 24 65 179 134 183 29 72 133 61 168 117 118 19 177 16 180 75 42 56 137 133 77 167 106 56 94 59 145 103 39 45 122 3 13 177 43
78 45 24 157 34 1 133 184 46 136 134 115 142 62 171 136 75 26 99 117 154 94 43 158 126 173 130 181 152 95 176 48 72 39 89 76 137 96 159 9 136 194 70 85 176 96 54 79 140 103 95 163 158 116 110 50 184 81 34 78 199 102 147 137 11 168 38 137 117 108 169 70 72 57 150 90 119 65 152 28 105 17 155 130 176 194 172 200 122 97
76 119 27 125 188 79 42 110 14 130 102 45 94 148 24 155 84 156 44 38 168 117 173 166 80 173 15 110 77 179 155 54 193 111 36 123 84 127 98 187 74 189 47 6 185 41 183 135 78 111 51 146 197 26 147 25 148 95 178 25 60 183 10 38 131 43 79 101 141 118 92 19 22 98 92 35 146 146 63 199 45 197 161 120 19 133 102 7 116 4
198 17 68 53 50 122 1 29 90 40 27 167 73 95 141 183 192 15 67 155 111 138 47 52 106 95 149 190 15 98 42 173 140 121 72 10 26 124 128 62 141 70 53 64 162 114 181 29 46 161 34 183 100 41 95 4 19 48 46 78 200 93 178 148 153 99 120 173 37 164 179 148 95 181 51 188 16 45 137 163 159 98 132 154 194 110 45 65 129 82
113 176 61 130 63 60 197 86 15 170 28 106 124 125 130 43 112 178 92 55 168 199 187 69 49 74 60 13 113 188 157 88 63 172 185 14 71 163 73 61 197 125 178 24 10 195 127 28 167 118 151 12 146 37 98 192 148 79 68 59 66 37 168 58 65 192 65 109 110 173 84 143 66 101 6 41 116 102 173 12 199 81 183 4 128 103 133 151 11 92
87 84 61 169 8 59 97 74 71 166 132 24 165 27 52 132 114 198 197 100 55 152 196 24 65 59 141 18 2 56 68 170 30 183 100 190 122 182 70 110 148 155 56 198 125 26 75 146 67 152 153 130 64 132 200 25 175 158 176 94 3 20 96 163 82 66 31 89 31 187 174 197 93 135 107 15 56 69 199 15 154 186 88 112 16 197 172 70 92 125
129 74 82 84 70 35 161 118 78 112 36 77 25 80 69 5 116 181 77 190 7 160 133 52 43 31 135 42 79 14 76 197 191 22 181 51 97 42 109 84 147 9 16 168 67 39 154 110 12 113 124 142 134 85 135 98 82 150 66 132 19 8 14 39 30 188 174 160 152 150 180 50 189 158 7 15 191 162 117 105 139 92 178 44 4 34 102 45 129 172
146 5 50 12 175 95 162 147 157 74 39 78 148 11 68 11 72 20 135 79 50 70 17 123 7 195 142 178 167 30 53 188 116 175 105 167 89 145 127 124 109 89 28 24 122 55 16 51 133 11 87 133 64 19 19 135 96 173 29 197 26 120 70 116 103 35 176 12 90 86 105 112 68 182 50 5 136 123 93 91 49 139 56 153 78 151 121 177 115 7
87 154 181 49 180 186 147 142 78 101 34 13 105 198 59 11 100 109 162 3 136 114 150 51 84 91 124 192 64 80 145 100 28 149 37 46 29 97 174 170 50 70 24 101 50 60 186 36 51 163 75 24 178 44 11 167 199 60 50 64 10 99 34 77 74 30 88 60 10 34 191 69 146 67 185 164 74 73 36 50 31 22 105 76 2 167 136 26 165 151
199 82 178 33 86 29 4 186 75 122 38 98 57 152 165 25 38 38 38 138 117 141 90 106 189 105 186 96 162 95 58 85 130 199 67 145 9 198 136 71 129 42 193 22 167 27 76 175 82 160 47 177 172 101 83 81 6 91 127 1 88 61 64 51 128 133 44 195 166 168 5 200 170 1 58 123 31 163 117 35 56 78 137 115 43 85 150 140 193 86
86 108 65 81 19 67 56 111 104 139 88 78 126 153 140 99 10 177 49 115 184 101 140 77 44 5 194 194 89 172 39 7 198 110 115 200 176 4 47 96 63 46 146 170 12 7 46 180 115 46 164 96 144 161 106 65 13 79 91 109 90 128 54 108 116 144 120 138 47 189 183 64 147 161 165 13 32 167 164 117 90 56 196 91 152 83 60 107 181 163
2 87 62 118 126 116 143 131 115 177 154 73 89 197 146 160 13 93 2 138 26 149 124 7 87 97 185 173 96 122 72 178 109 51 158 29 11 150 30 193 152 111 196 53 105 145 70 9 132 91 73 76 187 199 170 72 147 33 138 88 51 124 8 151 138 63 137 119 11 176 88 133 92 199 106 5 89 129 93 88 61 97 52 39 96 122 189 106 30 50
185 12 135 19 84 116 38 128 188 105 146 81 163 7 156 66 27 14 120 132 120 61 100 31 117 30 192 127 29 42 178 147 142 144 185 51 63 181 93 8 104 136 177 58 161 113 161 89 17 8 31 177 10 106 18 179 9 47 95 90 138 123 163 20 155 54 15 56 143 154 165 174 61 172 99 42 147 124 62 167 68 85 5 131 80 148 113 93 76 53
45 152 176 89 96 153 134 38 184 24 65 177 153 186 117 162 61 158 47 155 87 192 113 129 6 30 101 91 85 180 32 70 159 106 164 59 175 153 102 46 3 29 197 98 127 24 40 91 152 19 165 2 50 135 84 140 63 60 157 41 90 158 84 186 163 105 115 90 9 190 10 125 58 176 36 105 185 60 26 100 184 132 138 136 76 135 8 25 46 124
109 115 19 28 127 113 187 170 166 56 49 2 10 58 4 54 170 189 159 63 53 78 85 113 177 147 147 92 91 110 161 13 188 77 34 122 146 60 65 28 187 21 73 134 173 22 147 21 149 143 137 173 102 179 7 35 159 117 156 186 154 96 115 65 153 77 41 79 144 124 103 36 34 89 190 114 178 1 30 1 161 195 167 191 31 28 12 157 181 170
172 9 101 53 65 44 109 144 29 184 112 140 101 10 11 44 91 8 196 33 89 42 72 108 53 120 127 130 12 142 22 143 50 5 28 57 184 148 52 161 2 88 194 39 13 71 181 12 190 132 39 160 68 112 164 18 16 3 19 185 141 197 173 70 56 133 63 26 121 5 186 172 117 122 157 135 59 84 133 79 132 125 54 25 47 61 126 181 19 78
49 99 127 165 178 75 10 81 17 159 75 47 155 46 125 48 66 87 77 3 200 53 136 154 79 189 52 175 116 68 135 152 182 137 195 164 5 97 57 10 178 94 5 88 192 172 112 182 101 140 122 145 2 58 103 176 150 88 55 160 182 144 42 189 32 167 49 4 177 58 111 95 200 114 115 158 25 26 137 82 106 89 136 162 134 61 200 28 92 105
60 37 100 182 107 135 154 153 148 112 147 46 65 189 196 83 128 37 104 150 197 163 120 107 108 182 97 41 146 25 135 172 51 1 40 31 53 62 6 63 78 125 2 58 139 92 197 162 1 119 73 123 142 65 173 173 114 10 178 118 62 88 21 189 13 12 136 78 126 61 166 3 82 87 180 134 58 138 78 149 3 166 19 25 178 156 168 15 170 81
59 126 1 194 55 8 51 182 116 91 110 77 174 85 145 72 156 84 25 80 94 121 196 79 123 151 172 96 169 153 170 101 13 178 59 66 103 157 108 49 121 30 186 76 199 172 184 11 174 24 150 38 55 27 44 142 79 27 142 14 168 174 97 69 151 1 164 45 97 171 56 117 27 121 199 99 8 24 189 192 34 32 114 79 153 160 56 116 100 21
81 10 112 45 107 1 12 153 136 171 56 75 177 199 50 38 91 119 100 158 138 144 166 117 166 65 3 102 92 83 48 107 126 125 61 123 94 169 148 87 42 83 155 170 62 74 188 26 73 3 91 146 38 46 199 197 49 45 135 190 149 3 35 22 117 110 39 152 61 133 198 93 38 147 175 163 141 140 96 171 39 150 112 174 65 32 70 132 13 95
43 98 28 62 146 44 13 141 184 150 46 37 64 139 17 97 142 146 72 200 50 45 94 182 121 33 44 167 13 14 3 62 118 70 50 25 65 174 150 41 133 20 33 165 53 24 147 117 151 98 60 33 11 89 177 96 150 33 61 51 28 170 194 188 138 23 53 129 198 185 167 84 179 74 144 145 78 191 187 125 104 137 5 169 37 91 64 39 11 90
183 36 80 69 46 65 121 194 172 16 10 131 192 158 10 127 165 112 97 64 195 159 128 91 102 110 106 181 65 61 176 166 1 148 131 200 21 77 173 102 15 62 54 104 59 38 142 101 116 189 110 53 27 48 42 48 117 48 111 48 95 81 24 70 199 2 32 119 23 187 41 92 2 85 73 58 63 55 64 72 19 16 14 193 189 40 5 62 139 198
148 1 124 80 127 141 186 195 156 31 96 60 71 196 24 111 22 113 98 109 95 10 192 44 75 144 132 119 191 110 54 19 176 11 53 167 197 8 13 28 129 29 104 74 115 132 44 148 74 189 179 50 49 199 51 81 179 65 164 109 108 182 126 193 92 167 132 31 161 38 3 143 114 61 44 70 15 52 99 131 59 43 154 80 178 80 129 135 57 34
3 72 188 168 132 110 199 12 30 101 104 161 152 154 7 168 60 40 39 72 169 92 11 169 72 185 131 51 189 117 40 126 159 129 182 164 184 157 135 185 179 183 72 88 97 15 152 24 126 165 34 55 67 179 189 108 100 11 34 61 84 63 175 124 52 60 80 118 35 107 58 132 15 129 157 131 148 176 136 153 61 186 106 11 20 1 82 25 120 57
43 4 65 50 123 96 50 24 73 195 31 7 27 144 29 121 124 47 72 115 132 175 45 179 71 36 55 90 170 150 23 60 21 131 79 26 8 71 158 198 118 13 52 14 33 145 97 184 48 59 59 57 166 31 179 114 4 161 71 121 46 134 152 196 111 41 32 59 89 139 167 4 183 167 167 112 167 20 17 178 21 153 90 53 148 177 167 63 11 165
158 107 88 48 178 141 95 169 59 97 123 15 2 9 12 193 49 73 179 197 151 150 44 82 128 109 199 178 70 103 42 53 47 172 177 136 70 135 176 195 69 26 64 39 58 30 185 122 72 126 43 57 31 104 16 36 17 107 188 9 159 174 79 55 119 3 155 75 22 42 88 30 166 113 197 149 131 111 99 184 29 117 53 8 121 175 158 22 11 62
18 23 157 54 200 143 198 157 79 135 68 122 199 74 112 132 66 58 80 1 187 104 85 154 197 186 122 12 115 4 13 85 32 43 57 185 114 99 149 192 94 150 104 42 146 65 43 21 16 134 9 21 45 105 68 47 107 38 59 1 139 38 59 132 102 149 162 71 191 95 166 135 46 165 153 36 67 179 91 42 95 141 132 63 193 70 147 119 49 117
142 106 171 77 198 3 80 9 185 190 195 199 43 1 60 184 79 1 85 49 32 77 23 72 179 137 34 168 84 72 17 10 35 60 83 27 138 200 109 47 70 35 154 11 69 61 172 108 149 159 112 71 56 33 197 81 119 31 193 99 8 60 21 126 48 151 161 165 3 146 82 117 103 19 57 188 20 105 13 160 100 190 170 131 53 156 148 45 78 55
181 45 158 129 188 102 110 90 65 200 159 185 200 59 22 37 64 12 95 11 200 70 167 195 172 144 60 171 197 113 85 68 41 148 125 35 5 117 35 175 166 41 150 185 29 44 139 33 105 115 117 131 142 112 62 42 69 170 31 38 190 77 59 12 22 35 18 106 159 167 146 65 120 70 115 172 85 95 189 38 78 41 144 78 105 6 79 37 3 141
117 178 107 178 98 68 150 76 74 184 112 167 195 107 170 190 63 40 97 5 12 40 77 102 98 42 45 149 199 181 154 150 82 191 95 165 35 108 200 166 81 129 145 14 75 181 142 132 183 141 76 168 40 36 3 165 113 171 39 42 146 6 31 100 69 27 153 63 34 179 140 100 35 91 78 89 78 171 37 98 91 4 33 2 8 76 182 155 35 170
159 177 71 64 7 186 92 88 145 61 149 172 87 147 116 11 32 116 14 115 76 107 4 188 79 183 47 144 139 44 143 32 99 153 188 36 27 88 179 142 45 82 47 68 46 31 147 58 102 97 61 103 116 87 124 118 36 54 97 25 46 59 162 121 90 111 191 27 129 200 27 14 118 46 139 51 139 165 145 195 90 77 113 198 31 152 18 99 40 134
135 173 126 156 160 194 8 88 16 1 86 53 195 95 14 61 69 105 139 159 13 7 33 101 170 18 186 199 106 22 63 192 166 35 68 198 149 47 123 38 7 77 23 141 5 144 81 58 80 96 39 95 175 188 194 129 88 40 197 160 180 98 79 8 169 184 192 107 200 182 97 3 193 37 187 41 43 113 172 64 161 12 107 171 102 103 61 26 148 106
147 56 152 68 78 166 106 91 104 175 22 80 87 163 152 17 152 110 18 135 12 151 190 91 151 32 139 44 170 69 136 135 132 28 27 89 1 15 44 13 136 110 72 113 123 5 3 8 32 133 117 91 148 80 68 7 99 162 117 159 138 48 50 188 187 54 5 36 196 33 79 11 29 36 87 77 88 100 71 33 155 42 197 140 25 23 181 23 158 167
135 116 135 36 29 108 56 40 7 80 137 52 77 17 119 88 12 53 55 91 114 3 145 85 184 133 27 41 114 25 27 181 157 69 4 75 149 173 164 93 8 170 29 136 179 3 21 75 173 71 161 146 192 4 34 93 7 98 154 31 102 15 20 66 109 51 78 75 5 52 150 53 135 32 148 173 15 32 8 133 138 158 151 107 49 156 182 98 85 97
73 27 44 165 123 20 32 121 40 28 7 66 107 112 128 85 177 189 71 4 153 169 2 73 168 175 197 177 124 14 125 2 193 139 132 168 1 47 3 192 5 39 149 40 44 75 127 47 58 16 127 193 171 51 145 150 94 134 133 72 153 80 86 99 128 173 117 172 157 154 118 49 129 188 108 90 170 146 2 164 63 152 109 166 100 131 39 122 181 170
124 17 147 160 64 168 4 21 148 13 31 161 101 74 39 41 39 18 99 17 116 63 130 6 22 185 31 15 200 51 74 36 129 31 84 69 29 44 38 14 34 130 139 191 60 165 105 39 9 191 22 45 97 198 161 183 49 152 188 60 109 36 188 136 85 35 140 178 198 10 136 133 92 19 162 131 35 166 190 166 152 175 18 13 47 192 139 10 75 89
