90 	
61	81
0	9	3	34	2	
0	3	7	345	8	
0	5	3	457	8	
0	7	5	24	5	
0	2	3	439	7	
0	6	4	162	2	
0	4	6	307	8	
1	8	2	294	9	
0	5	5	63	6	
0	5	8	328	7	
1	1	2	204	8	
0	5	2	247	2	
0	8	9	214	1	
1	9	1	71	7	
0	7	4	361	2	
0	9	4	300	1	
1	9	5	361	3	
0	5	6	211	2	
1	9	7	348	4	
0	1	5	125	9	
0	9	2	279	3	
1	5	4	285	4	
1	8	1	95	9	
0	5	1	340	5	
0	2	3	394	4	
0	3	7	283	8	
0	5	8	348	1	
1	8	4	454	3	
0	1	4	192	4	
1	5	8	245	3	
0	8	5	415	8	
1	6	3	377	2	
0	1	2	407	1	
1	9	2	131	9	
1	8	3	334	2	
1	9	6	457	7	
0	2	7	273	6	
1	8	8	83	6	
1	2	2	204	7	
1	9	4	215	7	
1	6	9	388	1	
0	5	1	438	3	
0	2	3	205	3	
0	3	9	13	6	
0	8	7	278	6	
0	9	6	420	3	
1	2	1	369	5	
0	4	5	91	8	
1	1	6	21	3	
0	5	2	346	6	
0	4	5	427	6	
1	2	5	28	3	
0	4	6	407	2	
1	7	6	448	5	
1	7	1	208	7	
0	2	8	91	7	
0	2	5	24	5	
0	4	7	113	5	
0	2	1	72	6	
1	1	2	410	4	
0	7	5	181	7	
0	3	6	235	7	
0	3	3	256	8	
1	6	5	335	6	
1	4	5	51	6	
0	2	5	253	1	
0	4	3	315	1	
1	8	8	299	9	
0	2	7	383	5	
0	5	1	238	5	
1	2	9	134	2	
1	6	4	140	8	
0	6	2	345	1	
1	8	3	43	7	
1	1	4	19	2	
1	4	6	47	9	
1	7	1	57	6	
0	9	1	161	6	
1	7	5	445	9	
1	3	6	241	7	
1	5	2	26	5	
0	4	9	28	2	
1	7	3	127	8	
0	8	1	420	8	
1	9	3	70	3	
0	6	9	204	7	
1	4	7	52	1	
1	3	1	316	5	
1	7	6	30	8	
1	1	7	30	7	
127 99 30 150 159 136 103 136 138 140 132 20 115 114 24 159 71 141 157 149 166 1 19 81 38 182 162 28 27 15 25 109 24 130 125 165 68 105 112 109 135 14 41 142 191 200 39 48 112 162 173 124 86 57 6 170 114 52 63 53 149 46 172 69 125 147 162 97 150 137 36 26 25 76 101 178 45 161 46 6 52 137 57 163 81 107 96 133 71 134
66 199 138 20 52 186 164 91 97 89 62 94 9 18 19 166 31 177 189 110 107 30 128 119 164 167 165 93 40 110 136 133 46 191 139 187 48 1 168 91 176 147 71 60 182 113 124 157 125 101 144 160 170 176 142 162 159 178 143 193 12 2 155 61 142 93 185 150 110 65 107 71 1 120 3 136 53 23 68 70 71 166 14 154 20 153 196 145 188 48
125 82 88 73 130 80 173 127 20 64 67 138 85 154 173 95 93 25 197 57 72 149 200 130 179 23 121 20 97 70 93 119 152 83 170 183 49 172 132 162 123 80 65 40 4 81 25 186 41 170 154 57 135 128 73 48 173 62 69 193 15 25 96 23 30 56 63 150 140 5 135 42 140 181 2 15 125 92 138 27 118 22 65 85 143 65 44 12 180 10
80 102 101 61 93 80 1 132 189 83 166 53 167 42 145 149 74 89 170 52 196 185 189 91 76 21 161 116 92 179 39 154 167 126 194 66 92 167 132 7 36 125 163 164 22 141 132 137 17 104 8 59 171 32 190 169 107 111 14 142 176 84 23 160 163 89 36 34 161 36 46 9 83 43 117 30 105 99 175 21 164 50 123 187 101 157 74 95 175 155
131 122 39 147 165 13 77 58 45 111 173 133 76 61 91 87 97 149 174 133 59 59 166 175 46 29 85 25 175 172 156 121 197 121 60 125 49 108 193 158 75 190 39 6 113 76 178 111 95 136 135 87 47 7 150 128 99 186 86 170 71 120 32 83 122 48 4 10 184 170 150 77 141 127 100 167 147 45 37 36 192 12 116 35 5 64 45 93 76 136
142 192 4 118 103 80 153 87 58 99 128 180 158 197 152 3 128 58 109 11 44 155 49 74 199 198 179 165 80 199 128 186 182 108 112 87 146 180 79 158 89 36 75 130 86 76 196 36 1 84 64 59 32 194 132 50 5 173 158 171 69 167 180 64 34 151 187 176 67 163 3 95 132 42 44 189 110 45 65 184 40 33 23 169 115 65 200 118 145 96
117 131 127 9 169 5 144 114 132 16 91 174 114 30 51 178 197 12 14 120 89 196 89 196 25 91 178 59 30 135 84 100 190 87 120 163 157 44 183 143 12 189 44 41 14 186 45 88 191 65 93 128 95 98 164 61 77 90 134 1 47 63 125 197 104 104 65 124 2 166 66 132 4 88 140 197 57 127 140 126 49 58 85 62 27 16 48 57 62 189
90 90 98 181 79 111 166 26 200 121 4 115 188 165 137 46 1 108 94 96 155 122 91 181 141 118 164 110 200 90 71 115 155 189 124 144 153 107 12 187 144 111 124 86 58 21 4 140 151 26 166 123 98 139 23 91 163 75 71 38 111 176 32 140 186 93 48 46 57 135 40 3 76 179 112 29 39 77 96 26 95 116 139 18 83 68 197 42 184 122
85 179 34 51 120 9 197 130 122 54 110 149 155 163 115 47 105 8 23 189 195 196 162 117 101 17 53 4 116 183 28 148 169 195 54 133 96 81 25 85 35 27 186 191 176 152 198 81 175 2 187 6 133 17 50 25 185 102 22 71 62 199 46 179 150 17 29 31 197 135 16 41 65 149 91 188 199 80 96 169 84 30 109 68 196 106 111 173 112 112
82 86 127 108 64 165 141 192 135 174 183 68 10 5 120 20 103 186 138 130 69 23 85 66 72 194 70 102 185 73 61 57 90 83 150 43 83 163 86 67 152 160 27 71 14 4 64 58 71 167 155 37 43 45 13 36 112 41 150 37 130 50 33 43 80 69 163 37 176 175 121 169 183 79 146 153 52 89 99 103 175 74 164 80 178 116 122 34 65 134
120 83 103 71 138 173 62 105 79 105 113 114 27 57 78 80 169 110 105 134 20 55 128 9 135 144 55 192 92 38 130 145 131 98 60 46 16 140 84 30 67 167 94 15 81 194 153 177 57 36 185 62 99 71 13 95 80 50 74 169 85 24 138 7 36 81 158 173 30 115 44 50 184 100 150 33 67 75 32 32 104 91 85 144 26 166 136 135 160 165
49 86 93 88 193 173 46 56 110 39 143 134 92 182 68 140 199 1 70 23 150 13 85 102 50 86 136 193 102 74 129 160 41 23 189 24 59 116 135 143 179 66 136 69 55 63 65 166 112 147 46 117 3 164 184 74 156 42 159 171 15 112 45 38 71 37 162 169 88 90 38 48 14 176 107 163 161 39 190 119 140 177 174 108 87 95 120 98 180 20
91 53 118 45 96 110 60 90 103 52 63 127 107 98 171 121 181 155 110 150 190 84 27 22 86 137 132 175 119 160 159 167 173 183 45 80 65 136 178 174 109 159 63 134 198 64 79 20 81 192 95 97 38 16 3 190 104 100 94 98 91 42 13 179 54 92 111 178 73 27 131 91 113 53 167 2 84 101 180 68 189 42 128 159 121 126 38 18 182 118
125 96 34 172 53 44 135 197 40 165 99 177 89 192 100 57 122 2 101 31 144 54 157 158 108 33 82 96 3 116 41 24 171 181 35 80 40 178 70 168 60 58 25 67 107 17 167 73 119 144 155 84 167 162 159 63 123 195 76 171 108 38 60 184 100 108 191 2 33 25 102 86 82 35 88 162 53 28 46 143 43 39 164 92 152 78 143 52 28 6
19 176 193 77 114 39 140 181 26 44 37 89 47 172 88 21 132 68 3 159 35 25 182 34 85 99 144 58 43 1 166 189 200 175 166 117 117 19 191 99 20 177 193 123 24 200 134 7 131 73 13 72 179 79 90 94 69 9 118 50 45 58 169 28 16 48 33 120 47 191 78 75 191 29 13 185 58 52 157 128 189 144 142 105 137 57 175 137 171 4
124 156 179 47 186 82 184 59 172 6 199 174 162 90 32 75 173 160 70 175 110 195 100 156 109 170 110 61 84 25 99 128 175 193 157 82 34 120 133 22 15 175 41 106 178 42 192 147 16 122 159 133 58 120 122 5 192 158 26 1 160 88 94 99 47 138 148 9 58 156 173 18 195 186 129 19 95 107 163 148 152 178 22 90 18 44 17 117 184 184
81 66 189 170 67 155 41 18 167 9 93 192 70 175 197 173 21 72 143 59 117 56 59 32 124 126 25 158 145 103 22 32 139 193 179 36 187 78 22 107 95 78 5 105 51 191 86 163 184 120 156 140 79 45 32 68 73 52 43 118 106 81 137 61 66 136 199 88 147 83 20 91 27 164 190 127 167 199 87 96 108 143 25 83 90 18 57 128 155 1
128 164 32 20 124 188 194 96 21 158 187 185 69 60 17 14 114 32 71 44 113 154 21 20 124 125 8 41 138 199 144 41 35 10 180 43 118 55 6 185 107 169 113 51 55 131 189 12 10 42 102 185 51 151 137 124 103 2 60 73 70 62 37 44 24 97 119 196 117 133 102 51 152 166 92 148 108 48 163 1 154 148 185 67 37 159 43 138 132 54
34 102 70 175 53 1 63 177 75 62 156 88 180 10 165 169 106 157 155 6 124 107 7 148 27 139 38 105 12 191 163 100 4 118 172 38 169 163 21 42 101 140 88 92 91 29 115 167 113 112 81 142 121 95 96 34 128 47 126 52 134 84 93 83 20 50 97 85 23 98 187 136 104 11 197 68 113 27 66 112 99 149 129 199 165 83 134 137 161 122
21 189 187 67 21 151 153 60 139 22 19 107 25 60 25 178 179 46 59 124 119 71 28 166 34 17 124 113 149 188 180 59 11 168 27 123 177 83 75 140 61 118 133 115 17 116 99 92 175 126 65 105 11 104 129 61 57 6 15 176 125 94 193 164 68 88 75 115 178 161 82 118 14 32 140 21 73 51 155 13 138 34 139 76 89 54 144 176 199 142
114 192 152 17 195 3 12 128 20 191 147 81 136 166 93 138 6 113 141 73 138 171 79 113 13 81 60 168 129 64 39 137 80 95 43 14 36 126 157 173 77 131 51 57 197 113 126 26 20 125 128 22 25 154 173 26 92 68 5 48 6 158 185 197 47 64 103 132 66 195 121 61 175 134 94 114 20 187 12 100 156 181 195 56 1 69 18 22 58 192
177 162 148 167 26 138 43 162 111 170 90 189 147 134 57 134 168 170 139 183 102 121 51 11 112 22 13 132 11 172 83 157 157 173 104 109 61 181 123 10 37 24 34 57 60 71 155 53 151 150 12 99 137 129 191 68 3 45 13 199 197 24 142 27 123 137 104 52 28 165 102 83 103 174 138 19 91 93 71 62 51 7 45 195 114 166 42 160 95 176
90 111 2 21 44 193 13 85 92 38 166 5 144 24 80 65 133 34 45 14 45 24 56 48 123 43 72 150 141 59 180 141 114 139 156 24 97 155 119 196 76 100 191 161 157 158 91 97 108 172 45 188 59 139 144 51 166 70 15 21 41 145 183 24 165 166 17 26 8 161 86 63 1 107 49 138 115 16 100 73 83 26 124 114 191 30 73 133 54 183
14 84 171 92 176 127 16 128 63 96 132 45 20 128 148 113 174 131 25 113 100 97 31 177 79 146 117 121 190 132 141 95 4 65 79 14 115 101 124 57 140 200 193 32 150 99 103 83 33 44 191 61 193 144 180 92 55 131 70 21 86 125 86 19 136 112 127 118 126 185 137 150 10 189 143 107 93 13 97 31 90 35 184 83 111 15 67 167 182 4
76 42 93 182 16 80 30 14 26 1 195 190 45 30 35 167 63 98 58 51 191 80 62 90 148 183 140 38 46 78 1 41 32 170 33 22 191 198 92 44 199 128 129 116 2 17 114 122 118 138 103 33 111 1 57 158 69 17 64 149 78 76 65 53 68 159 172 112 38 11 118 38 92 126 100 41 147 107 154 14 35 44 28 109 14 150 155 134 29 43
185 81 45 51 9 83 69 179 175 188 70 108 182 132 5 67 108 26 31 70 140 39 125 145 30 24 100 198 81 196 82 172 172 43 65 74 23 37 113 83 42 10 29 45 169 89 113 97 134 194 89 154 27 34 79 182 128 136 95 23 162 4 4 165 189 64 59 15 44 117 65 152 16 21 183 135 43 81 87 194 91 195 66 32 79 33 24 34 15 180
22 178 108 113 199 96 74 38 153 34 153 197 154 43 13 146 156 102 184 6 4 26 16 195 136 74 190 70 129 30 146 8 186 193 21 66 183 64 121 153 95 173 42 186 70 39 24 183 168 110 191 108 184 130 194 185 93 46 92 48 7 24 116 112 46 142 141 192 186 170 60 43 137 13 59 101 39 165 50 6 72 43 104 116 42 7 144 10 33 124
21 92 179 12 61 68 150 189 121 186 154 177 84 50 131 95 105 126 14 134 13 138 173 17 43 171 116 13 193 198 82 43 61 187 83 30 138 193 57 152 76 37 189 183 170 23 65 44 78 109 57 182 172 180 30 141 3 179 167 25 87 59 104 65 70 18 87 74 199 103 121 115 138 189 131 149 26 54 146 173 137 58 80 119 19 123 163 154 74 51
197 110 118 69 150 64 16 112 87 93 123 159 139 121 189 27 156 6 89 76 65 192 113 84 154 99 199 80 197 171 61 148 90 58 169 28 6 68 152 16 82 73 166 140 131 116 112 165 31 13 183 89 59 4 43 99 198 15 174 173 110 156 169 186 187 10 183 171 16 139 58 137 77 51 135 122 135 65 91 200 11 46 147 75 135 77 102 147 179 195
9 174 195 184 153 69 168 110 65 7 140 116 103 199 25 117 103 126 6 71 47 150 25 198 71 7 64 22 15 49 73 137 74 121 190 120 192 15 197 168 173 24 127 177 180 66 15 9 95 130 189 136 179 115 88 117 195 148 190 20 188 41 40 32 131 173 170 181 96 184 158 78 42 143 10 144 167 144 155 109 82 87 123 113 10 45 135 36 164 93
28 166 167 21 64 25 116 133 1 14 105 95 31 4 89 95 160 189 162 114 41 165 139 138 113 130 112 156 65 4 77 8 199 179 128 146 140 187 46 85 186 20 193 177 112 58 47 170 56 161 142 178 140 48 65 134 35 149 25 7 14 99 10 89 181 116 98 34 15 16 139 126 53 37 72 70 86 9 10 109 184 135 167 69 110 34 18 141 71 183
35 109 108 29 10 144 110 58 120 105 189 59 10 13 144 200 131 91 98 98 120 147 119 13 160 68 105 151 35 176 42 9 139 41 162 128 199 190 69 25 138 14 117 56 164 93 193 134 79 190 76 111 131 41 62 56 192 178 153 34 38 139 110 149 47 110 19 190 166 195 62 41 72 33 95 104 156 73 105 1 35 73 140 127 129 57 152 26 57 107
96 36 119 126 178 190 138 52 49 22 167 46 147 10 9 83 128 165 6 95 103 68 94 105 22 151 17 44 156 102 28 56 14 117 76 169 50 185 195 198 88 63 185 71 46 130 86 39 138 102 43 114 148 27 83 178 16 174 175 194 79 178 38 7 38 74 43 136 100 57 21 59 59 57 45 28 11 62 104 80 85 152 148 195 98 13 4 132 125 67
68 136 87 103 77 85 48 26 190 49 83 51 34 46 139 50 122 61 100 98 111 125 154 175 90 194 143 98 111 121 13 87 95 106 103 32 90 124 176 29 57 100 28 70 68 95 185 56 160 106 110 13 195 125 51 1 199 187 133 158 66 181 176 140 87 198 135 33 21 82 50 194 88 45 185 78 101 7 40 19 56 39 192 181 1 138 98 111 3 112
134 117 188 114 167 68 77 83 197 89 6 199 135 172 19 24 8 118 90 141 86 24 107 58 10 14 20 16 179 55 111 96 34 100 11 125 32 165 14 77 170 65 111 35 6 25 59 59 158 70 54 81 143 78 17 2 122 3 194 175 49 151 118 168 47 82 35 56 200 48 105 120 4 101 197 57 29 44 198 53 106 131 189 3 154 195 34 141 115 31
51 178 19 11 86 98 34 190 190 71 83 161 176 154 106 22 138 7 126 24 186 123 163 122 55 171 163 132 119 154 39 109 64 105 199 102 125 39 176 191 52 127 25 195 94 21 196 100 90 192 71 17 12 1 175 140 30 162 121 199 120 28 47 6 142 49 28 91 126 35 53 98 18 183 45 93 99 35 82 76 166 195 66 103 51 132 158 194 198 80
30 53 51 54 19 90 12 117 87 119 74 94 86 181 113 199 64 192 160 101 6 105 112 126 29 109 148 53 33 179 154 163 85 50 134 182 156 116 29 95 1 175 110 80 134 159 69 134 189 53 73 61 86 1 126 168 189 144 59 90 197 181 89 97 53 121 37 85 34 150 137 105 89 23 127 56 118 9 172 169 40 136 152 127 186 179 154 60 58 76
32 148 55 165 8 11 8 157 61 191 49 79 126 17 170 109 152 50 41 63 143 151 102 66 161 109 48 173 103 28 51 142 66 105 170 107 131 110 162 141 119 40 144 134 125 100 175 86 18 172 169 38 106 99 150 161 89 25 92 193 11 187 115 140 125 81 198 117 164 65 132 93 113 177 153 194 30 64 71 43 10 113 99 79 180 197 163 181 56 40
35 77 3 188 168 24 175 81 173 78 1 89 200 107 98 132 77 143 50 6 86 186 160 58 60 24 88 169 145 24 147 68 20 84 13 92 125 196 193 195 198 174 34 71 129 134 177 66 6 149 181 2 119 92 123 196 128 38 107 58 15 141 75 175 89 21 122 120 138 180 80 70 54 102 181 101 139 89 41 189 188 116 123 113 142 91 1 43 27 87
200 33 44 190 107 18 6 144 168 62 88 118 181 4 23 70 73 34 98 27 142 20 180 40 29 174 130 117 179 149 39 118 197 147 162 85 196 37 116 76 10 32 125 25 143 34 47 131 162 8 182 29 57 111 136 11 64 61 91 12 48 49 88 66 91 114 140 190 36 32 161 64 111 2 3 43 144 38 141 9 133 185 90 177 27 83 154 17 54 39
192 68 143 36 89 145 92 136 95 148 9 63 108 14 96 27 79 141 87 190 134 130 107 40 186 37 178 140 134 160 57 31 177 63 42 34 118 83 45 198 55 10 100 109 15 68 103 164 127 5 185 55 88 14 131 148 8 80 9 165 138 164 62 173 196 52 102 3 79 168 84 132 121 184 48 121 169 7 166 109 166 106 73 154 80 32 195 197 175 162
66 57 56 33 42 35 10 181 92 141 110 134 71 169 55 13 97 84 166 60 51 50 26 132 174 106 27 173 60 170 93 24 167 6 50 61 149 122 171 87 123 71 182 7 118 134 49 181 94 141 126 94 84 95 7 102 50 40 151 157 187 91 159 81 62 16 59 112 129 180 199 77 78 21 104 139 113 37 107 129 134 44 72 41 127 139 179 49 98 101
109 147 150 27 171 17 67 14 121 58 158 155 170 135 125 66 142 88 19 17 32 89 51 5 174 34 200 61 48 197 193 197 82 20 178 88 189 188 104 7 130 114 52 93 51 169 89 32 149 48 149 162 117 186 8 122 154 93 114 46 90 144 42 162 112 7 19 82 106 73 88 120 123 187 199 152 162 71 146 106 199 20 121 90 58 24 28 152 36 136
154 29 41 78 92 55 137 25 149 199 41 126 161 67 87 85 22 102 95 104 67 160 17 24 172 157 128 159 189 119 144 177 39 67 67 66 84 158 156 146 17 43 132 69 51 92 146 185 55 6 166 135 106 92 183 48 148 85 48 49 198 100 91 130 139 195 190 89 41 169 95 18 19 103 33 64 111 125 99 165 67 64 56 79 52 4 114 35 119 190
181 115 32 190 4 21 127 36 76 180 30 111 27 104 184 87 96 180 171 88 129 81 186 79 153 140 117 150 67 95 81 76 26 167 91 117 180 178 79 37 196 67 10 160 147 159 23 64 192 142 66 31 105 177 33 102 36 37 31 7 172 30 150 175 82 35 154 175 116 159 49 168 106 38 66 43 104 4 23 188 57 56 3 129 199 155 96 137 150 5
123 54 94 61 193 13 90 175 37 129 163 96 160 38 81 6 62 36 123 65 169 193 177 71 79 10 49 98 193 41 167 192 47 18 21 64 186 98 72 45 54 60 115 87 81 185 42 95 21 27 104 80 58 133 119 200 168 25 177 66 32 120 43 139 151 174 199 161 177 130 83 7 95 166 12 8 142 23 112 147 83 5 96 19 88 107 1 114 131 160
115 107 154 108 183 15 72 3 189 191 2 79 55 121 126 190 39 198 34 179 59 192 171 80 176 38 28 120 155 6 196 125 9 75 169 60 96 112 58 50 153 44 187 189 152 142 87 63 87 87 57 190 200 5 92 100 49 166 52 143 72 93 194 147 61 187 164 70 74 170 131 54 39 161 119 85 19 55 192 56 28 36 26 196 124 25 69 121 66 119
94 120 92 2 18 146 176 39 20 140 9 54 39 52 72 168 93 165 74 106 67 174 44 199 114 93 140 197 194 152 35 176 6 93 137 148 144 2 131 121 68 80 30 119 199 55 165 157 95 75 111 27 52 192 95 80 171 185 51 42 24 96 65 134 155 86 129 66 132 116 18 121 132 2 116 85 130 96 56 71 156 137 60 167 73 182 75 166 57 3
96 144 98 64 96 9 190 4 111 103 132 27 65 19 125 179 189 46 18 154 104 182 42 87 73 138 30 152 129 28 164 120 53 86 6 71 72 96 46 183 148 24 30 13 50 188 114 73 163 151 89 52 141 140 111 179 58 136 165 52 99 34 19 88 120 150 25 38 96 158 93 2 79 112 76 186 134 47 132 155 141 16 66 49 136 64 79 17 109 119
77 29 195 179 131 149 2 130 47 196 117 157 163 143 132 103 2 136 177 3 19 69 194 82 89 110 179 26 28 93 64 65 91 161 69 3 41 45 29 82 57 96 136 152 44 137 16 90 187 41 18 119 130 116 90 140 200 178 189 190 96 101 75 31 25 138 21 147 189 121 41 97 11 151 166 95 35 164 94 156 69 6 101 44 168 73 115 30 150 179
107 199 82 167 115 6 100 94 183 187 82 38 93 86 76 129 6 32 127 74 20 138 18 143 178 1 54 200 4 8 54 89 56 98 54 51 50 64 18 98 99 35 141 105 115 54 189 184 15 25 22 35 112 123 1 73 71 57 11 85 35 10 25 96 26 189 95 183 100 106 22 33 117 88 173 122 10 28 38 153 142 58 79 161 148 173 179 136 81 142
177 13 181 80 74 1 41 143 4 10 199 74 107 130 105 37 33 101 194 168 197 66 103 82 24 153 137 129 193 81 68 93 12 139 64 61 132 46 173 76 116 125 190 182 15 45 97 8 167 30 114 118 68 129 24 14 151 153 99 20 97 175 87 133 41 153 40 125 117 82 29 137 44 101 65 104 113 99 93 107 102 14 39 161 15 81 101 135 192 28
77 102 69 2 23 40 76 160 83 4 147 88 118 86 108 198 191 192 100 98 200 115 73 129 119 42 169 106 190 119 135 70 163 116 117 134 120 63 54 81 141 127 121 7 123 160 132 68 141 24 154 46 111 131 123 38 186 85 36 88 44 154 60 57 72 82 197 12 75 18 190 73 21 30 68 30 199 181 47 73 107 28 17 88 159 63 123 3 198 127
17 42 78 53 93 40 161 174 25 158 10 49 84 45 166 31 85 4 189 191 130 86 80 130 103 106 141 121 87 23 22 11 195 79 119 94 125 192 4 120 151 196 53 116 118 68 106 107 23 193 181 153 109 53 129 33 126 31 106 48 170 90 200 54 161 37 68 138 72 92 188 101 111 183 44 48 33 61 19 45 18 70 181 77 62 2 45 56 43 107
73 140 95 9 23 67 105 110 116 188 121 13 61 54 35 160 164 143 130 169 112 52 49 79 102 117 106 88 5 82 169 112 60 123 190 42 167 189 91 48 121 116 194 24 69 66 195 130 72 7 59 40 113 165 170 80 43 117 194 129 41 166 100 61 171 180 33 57 191 121 181 118 8 199 133 86 116 140 43 104 72 139 88 90 68 160 76 180 85 22
118 70 26 34 64 69 155 167 176 163 140 54 148 154 173 200 87 24 99 42 134 117 120 141 48 179 135 181 24 161 45 181 29 44 148 77 40 197 190 17 119 151 53 100 138 150 139 27 128 73 176 21 165 195 174 45 72 142 8 156 44 62 39 103 174 174 123 53 153 142 171 86 170 144 46 36 193 111 138 169 29 55 129 10 137 92 7 76 140 155
60 150 45 178 93 75 138 112 74 102 9 186 116 178 150 168 128 172 20 32 39 182 161 73 189 127 120 140 52 63 59 57 130 61 47 75 109 30 153 23 108 108 51 70 180 152 179 181 103 113 82 90 147 98 168 38 153 121 101 95 92 1 180 56 62 190 20 31 113 101 49 194 47 79 116 138 118 13 114 152 156 5 166 17 106 134 134 71 20 55
20 30 49 42 134 172 151 130 147 19 133 37 32 181 41 133 55 30 96 106 90 73 42 83 146 167 139 58 69 162 163 153 118 35 169 134 43 56 19 37 18 13 58 153 181 69 184 136 128 111 109 11 129 187 124 2 197 121 71 110 190 111 147 161 126 176 9 87 152 106 90 1 169 146 95 9 61 178 131 26 53 102 132 35 94 4 146 73 87 57
159 173 112 178 90 62 86 30 79 43 34 153 84 108 191 24 46 200 21 166 188 66 185 46 149 88 189 132 36 143 197 123 163 31 132 92 108 191 27 106 80 25 126 117 56 58 134 8 54 45 34 181 10 86 132 170 21 127 2 148 128 143 20 155 177 19 42 61 63 148 145 48 150 115 51 160 97 127 99 62 167 149 184 168 111 8 171 56 81 130
82 55 43 109 41 47 35 121 196 128 177 192 199 76 20 184 183 70 109 77 160 27 174 85 176 48 28 185 150 12 171 178 157 35 148 124 123 98 30 53 97 151 127 24 169 179 120 171 154 196 116 98 119 170 159 162 193 129 81 124 158 104 145 158 62 192 159 194 30 10 138 81 42 39 189 6 132 109 192 149 143 198 139 52 60 71 117 83 108 169
98 168 101 28 65 5 30 92 4 85 53 42 51 45 51 119 22 73 8 98 66 83 98 110 110 8 165 183 91 98 95 61 181 140 58 102 110 14 63 112 176 197 128 2 105 68 51 41 37 182 61 163 8 139 37 53 25 40 35 34 142 95 65 60 97 110 145 182 97 12 96 65 112 100 69 100 161 100 188 167 180 161 152 153 135 110 61 118 141 40
191 41 159 124 156 119 1 79 6 125 90 192 151 53 120 28 141 93 27 159 28 115 77 62 160 200 74 186 9 181 99 120 141 19 105 28 98 131 143 123 169 145 191 38 116 183 95 113 98 150 144 25 95 94 175 26 123 102 154 8 101 59 30 198 145 74 85 87 149 104 58 135 139 92 73 170 188 80 128 145 194 95 130 132 150 182 54 177 122 85
19 120 22 158 127 178 199 80 56 1 54 112 82 1 139 22 130 74 188 121 141 82 195 102 182 85 94 100 174 169 194 162 188 97 50 95 84 123 143 94 189 173 90 30 117 87 12 111 66 89 15 177 27 150 18 76 123 120 101 168 65 92 173 165 59 133 162 54 199 121 9 75 46 41 146 170 149 89 45 65 16 154 109 128 128 77 28 7 147 26
67 152 195 175 82 24 28 32 114 151 96 192 76 30 109 59 124 82 94 132 53 82 79 32 30 13 186 40 125 3 39 181 83 191 100 60 123 51 55 71 148 114 108 167 110 184 13 125 1 101 128 126 135 148 197 113 31 199 17 38 157 54 113 33 137 51 80 4 176 127 88 132 29 129 176 133 73 29 18 185 80 34 46 84 60 195 77 156 151 113
179 90 17 40 137 80 70 24 80 82 40 6 69 24 93 83 113 107 173 2 7 89 120 114 75 10 97 40 100 99 11 183 179 19 35 184 58 121 164 187 45 55 148 26 20 89 20 36 133 179 100 126 31 54 152 142 47 98 44 51 149 140 177 75 51 157 160 77 23 157 102 83 199 4 71 198 120 33 5 14 139 12 22 191 178 9 91 147 53 124
16 195 27 132 86 48 124 81 160 56 50 128 52 129 164 41 95 165 127 27 133 199 119 196 78 84 40 122 104 82 140 56 177 82 151 196 50 41 176 28 111 28 180 44 49 54 80 74 50 128 60 182 200 180 190 65 31 181 73 86 26 143 197 52 37 58 80 120 22 120 126 126 43 101 163 39 19 125 165 41 171 58 35 194 161 175 106 197 85 45
96 125 177 166 96 14 85 168 156 20 33 187 120 108 33 85 122 172 70 53 25 100 82 120 115 192 37 14 88 114 151 137 123 136 146 182 145 162 15 172 188 144 48 105 81 156 123 93 56 29 98 31 195 5 147 32 32 191 100 126 36 51 95 22 100 108 183 163 28 157 1 106 28 185 109 155 15 87 41 197 56 54 161 32 36 198 114 155 43 134
35 82 145 81 57 42 137 171 53 43 19 56 68 108 141 179 194 74 24 23 174 121 170 159 39 168 19 127 29 69 92 189 106 96 91 91 142 109 200 73 89 110 39 86 131 176 129 55 115 119 82 113 2 11 19 84 33 138 192 101 152 49 150 187 95 27 173 183 65 97 184 45 143 85 77 14 151 199 24 178 156 181 109 62 64 188 96 74 109 45
2 190 117 147 103 149 159 78 198 173 171 92 155 124 5 193 59 174 78 39 32 162 148 65 162 116 18 65 187 56 178 69 192 42 74 34 138 80 46 145 99 107 49 140 157 178 181 60 89 24 75 102 167 70 164 148 72 177 120 7 156 15 89 195 199 85 43 32 114 19 7 5 157 152 20 14 112 7 114 150 190 45 14 140 17 197 47 137 15 39
39 144 188 124 154 91 173 40 115 143 123 198 163 156 195 134 71 77 103 191 159 56 110 137 132 163 57 104 84 136 25 125 194 111 199 43 131 52 155 62 189 127 66 168 94 167 173 160 39 194 117 198 137 16 150 42 130 27 35 89 24 2 101 17 98 172 174 95 34 116 15 131 189 197 161 53 52 132 185 97 31 111 108 28 156 38 71 25 132 110
173 11 84 169 50 191 105 25 77 156 192 60 87 82 39 146 22 23 175 124 44 38 109 99 143 37 65 19 22 26 53 9 171 120 128 31 182 163 148 87 45 36 169 190 134 200 132 87 127 88 148 64 65 133 42 190 52 88 112 119 71 143 15 87 127 165 54 122 48 29 172 166 91 193 8 82 94 124 152 92 47 158 176 39 5 18 31 159 34 179
70 153 49 35 20 158 187 118 114 147 148 79 110 152 80 11 58 48 134 21 5 117 102 154 199 50 73 72 83 122 126 17 169 119 71 23 48 101 152 58 188 129 100 151 157 102 174 10 92 115 140 51 57 156 187 166 16 62 150 152 124 62 177 1 182 152 1 199 90 109 122 198 168 104 72 18 94 171 84 88 68 115 114 17 60 129 96 103 169 161
115 122 139 27 147 165 57 74 133 172 11 108 84 101 191 106 54 141 22 70 114 89 116 4 178 162 111 47 117 164 43 38 97 183 120 43 199 173 72 118 13 59 162 26 36 69 25 23 181 46 165 68 49 127 178 45 13 10 9 138 194 85 89 132 75 83 2 23 77 41 46 52 190 169 172 97 80 182 149 66 174 153 37 192 32 41 8 44 130 61
124 136 33 141 127 94 187 51 1 2 191 83 25 71 168 107 143 105 16 59 50 138 9 184 99 118 17 181 10 122 42 109 191 89 6 194 166 94 108 137 14 145 41 51 140 189 78 67 35 69 88 156 31 127 47 17 187 76 60 58 139 76 136 92 87 1 161 96 185 16 151 77 189 195 156 137 62 132 1 145 174 52 192 170 171 104 56 88 38 185
34 91 12 11 89 85 105 53 188 106 186 17 12 161 36 110 24 12 42 16 132 15 136 123 173 74 124 38 104 24 81 170 60 153 17 80 3 26 82 144 119 70 16 200 130 126 196 196 185 193 185 197 16 65 134 166 63 30 153 123 16 62 63 48 71 42 165 123 47 196 186 112 24 48 98 121 5 62 25 100 15 141 148 86 172 17 77 118 134 151
99 166 83 108 16 43 90 171 84 170 106 77 199 78 97 163 23 180 1 50 187 174 193 169 95 195 190 193 96 84 89 48 13 93 2 91 76 117 168 196 186 111 103 71 15 148 149 92 22 112 187 139 141 32 190 141 157 167 5 51 10 82 132 197 12 98 76 173 144 33 14 10 6 182 114 32 118 44 69 199 190 110 16 2 118 157 155 194 119 23
134 163 97 69 109 55 60 109 189 146 163 90 195 27 5 196 80 28 184 24 90 178 124 31 39 23 58 71 99 67 140 63 55 158 146 151 114 117 69 115 77 46 134 116 85 155 67 128 183 134 96 133 164 109 140 191 177 40 26 87 19 40 30 179 172 181 127 144 137 67 60 20 29 126 111 181 37 140 68 42 34 87 171 107 12 100 51 108 20 17
145 55 145 74 122 98 161 180 169 41 146 151 153 130 75 55 196 152 74 164 82 76 45 144 41 125 59 189 66 9 116 125 123 195 59 17 175 16 14 89 20 141 7 107 97 6 159 29 90 152 7 156 147 188 148 194 28 55 85 176 192 32 133 133 158 95 94 117 92 27 156 28 186 74 152 120 19 43 20 69 150 107 129 147 70 152 12 83 194 3
139 12 96 45 168 104 35 138 100 135 149 111 2 13 171 181 41 18 93 49 190 109 139 188 82 67 61 62 6 137 79 42 186 65 142 31 114 115 196 196 99 125 44 126 188 25 103 132 134 85 26 77 94 61 33 108 40 83 135 179 16 119 34 66 79 149 9 156 52 53 84 148 74 126 84 153 155 41 194 45 40 181 172 146 126 88 193 16 93 132
81 104 31 35 103 133 43 91 15 39 64 100 137 109 20 4 58 129 172 130 190 126 114 94 183 87 185 105 200 142 119 94 62 106 12 185 21 113 23 73 53 148 155 86 176 156 133 126 90 81 54 4 170 39 44 86 4 49 129 52 159 162 106 164 118 114 177 185 131 29 162 90 109 195 121 16 32 169 177 200 99 8 27 79 111 161 97 128 179 104
144 108 66 153 168 11 113 160 18 87 50 4 82 182 188 98 18 32 183 5 69 120 181 176 12 40 123 48 169 94 186 51 53 144 153 149 4 56 177 13 185 45 14 89 95 180 163 130 99 17 100 154 102 188 174 4 29 4 32 131 113 38 150 160 89 48 62 16 89 36 142 8 180 91 113 22 51 19 131 13 70 138 183 124 130 78 136 24 23 139
33 15 158 47 31 193 139 76 128 40 166 199 42 94 29 70 169 154 57 91 174 62 17 8 146 7 26 113 194 62 80 4 87 48 111 190 177 108 70 116 125 60 44 13 129 137 154 60 84 76 145 130 147 147 19 79 137 141 140 109 64 133 7 131 20 82 156 84 27 5 147 104 56 51 149 52 185 33 139 136 114 28 10 93 163 133 188 139 88 83
31 162 21 188 3 81 150 66 45 10 71 147 160 45 14 91 196 86 125 148 173 185 110 142 175 65 41 133 146 104 167 112 160 140 50 170 87 186 34 141 117 9 175 89 96 9 115 16 165 62 77 171 107 126 55 156 167 87 138 130 4 69 29 64 43 120 152 42 185 43 61 72 149 126 190 21 54 25 55 14 142 57 113 39 136 130 59 138 139 125
115 130 123 16 32 163 48 87 192 160 64 132 5 159 198 129 24 191 27 102 83 184 172 78 142 155 155 47 113 129 26 36 44 163 44 7 191 162 97 89 158 18 147 103 81 158 55 21 125 82 23 200 99 118 195 27 96 54 185 69 126 106 195 168 22 128 65 31 167 60 155 133 149 41 141 183 63 116 30 113 95 12 147 173 109 140 149 24 1 80
175 154 5 43 185 103 83 19 33 185 18 139 14 89 107 172 188 35 68 67 148 192 191 136 81 168 184 121 117 69 185 151 48 41 140 187 91 162 64 127 158 111 159 162 126 184 146 76 74 125 96 141 6 183 95 198 96 72 69 141 1 102 66 102 147 19 94 55 70 173 36 105 9 145 3 89 118 162 143 182 135 85 85 168 16 65 48 49 42 14
110 141 112 41 103 54 191 50 78 63 105 169 33 177 182 136 74 23 102 112 170 101 175 189 29 134 92 15 36 40 161 120 42 192 133 139 68 110 47 8 176 122 129 125 87 63 1 199 50 75 98 19 136 79 133 93 98 93 22 62 102 167 192 131 48 121 120 160 134 19 148 88 55 168 175 56 141 85 65 159 11 97 171 43 166 12 2 106 104 154
103 23 104 100 11 173 109 93 180 53 83 110 181 146 179 196 99 197 170 111 84 136 169 27 129 147 173 18 193 175 24 67 98 190 169 107 173 28 45 149 195 71 118 126 16 88 19 105 53 120 8 121 14 79 75 137 5 26 29 79 111 18 200 126 107 192 15 92 149 9 134 59 132 185 150 85 52 105 83 8 62 157 128 112 20 53 29 77 1 105
91 12 52 73 130 97 193 84 146 105 135 51 81 192 188 63 103 34 120 94 142 87 35 89 39 131 193 42 37 184 123 172 195 140 3 35 61 107 174 52 145 30 5 28 108 197 150 97 198 32 119 7 14 138 164 158 7 31 102 108 148 124 126 119 138 120 109 62 130 108 4 54 96 166 63 66 6 24 49 150 158 85 51 94 110 49 49 60 109 180
156 32 75 122 144 186 161 87 115 100 177 103 173 71 141 150 199 187 81 43 79 182 60 174 11 162 183 134 27 117 133 140 83 170 124 60 182 111 18 2 192 176 175 182 3 162 160 62 44 63 152 17 151 21 46 133 136 32 146 151 71 148 73 90 188 151 182 126 31 69 57 134 14 62 58 50 6 169 35 22 104 145 120 42 173 38 156 96 53 8
68 145 155 17 48 17 23 154 19 45 112 114 195 13 152 94 24 176 52 100 76 140 130 129 144 82 43 69 37 114 192 27 116 38 54 172 132 170 142 64 176 116 59 79 144 130 174 174 175 32 200 137 186 46 117 10 16 22 53 34 21 124 50 105 22 194 33 21 15 35 164 198 88 110 188 95 61 154 71 24 166 118 155 50 5 135 83 94 71 129
70 55 54 173 33 154 42 170 53 164 89 174 120 35 144 181 104 82 181 180 176 88 101 90 60 146 180 133 39 124 162 125 54 112 154 64 140 34 108 51 86 160 196 191 191 24 189 6 113 98 23 194 75 101 144 3 148 66 100 19 120 191 73 28 173 181 67 189 137 178 101 38 199 128 131 49 35 67 69 7 124 73 72 181 82 31 197 118 52 35
