70 	
39	44
1	7	6	4139	3	
0	16	3	2305	1	
0	25	3	3757	7	
0	35	4	2540	2	
1	98	6	3335	6	
0	47	2	565	4	
0	61	9	1490	7	
1	75	6	5306	9	
1	12	1	382	4	
0	67	2	1117	8	
1	75	9	1509	5	
0	55	2	3508	5	
0	60	6	183	2	
0	78	8	1031	4	
0	68	8	4906	1	
0	8	7	2214	2	
0	85	2	1570	5	
0	26	8	3007	6	
1	46	6	4805	8	
0	19	8	2799	6	
1	66	7	1741	1	
1	95	4	1363	6	
0	46	5	1690	3	
0	81	9	324	8	
1	69	5	3924	4	
1	3	7	3143	7	
1	15	7	512	7	
0	87	2	1122	2	
0	52	6	1105	5	
0	18	1	5162	8	
0	58	2	5004	3	
1	39	2	5583	1	
1	23	1	3327	1	
0	37	7	1546	6	
1	94	6	5034	6	
0	99	8	2236	4	
1	67	7	4017	7	
0	15	5	1861	1	
1	53	6	1963	6	
0	55	9	2811	8	
1	58	8	3973	4	
1	99	6	818	1	
0	54	1	5535	5	
1	10	1	2176	5	
1	49	7	4262	7	
0	69	9	2037	2	
0	85	7	2529	7	
1	88	6	2979	7	
1	65	7	4537	6	
1	17	9	1585	8	
1	34	3	4790	7	
1	62	5	3440	5	
1	98	3	346	1	
0	74	2	1802	4	
0	2	8	2767	2	
0	80	3	1003	4	
0	21	3	3832	7	
0	39	9	457	3	
0	26	5	4951	3	
1	13	6	5232	3	
0	25	4	1518	7	
1	73	6	4722	1	
1	48	9	3570	6	
1	93	1	2524	8	
0	86	9	4707	4	
1	52	2	831	1	
0	71	8	4660	3	
1	77	9	4259	3	
0	92	5	4672	6	
0	34	9	4731	1	
26 153 37 3 36 48 96 41 91 82 60 92 8 172 78 75 95 125 32 60 199 184 137 38 109 146 105 78 192 57 11 117 144 64 154 88 179 90 122 45 170 165 10 129 138 56 129 199 183 157 55 185 180 96 198 64 82 91 166 136 163 8 78 45 1 159 103 177 142 85
116 96 41 112 113 18 151 97 50 161 190 12 100 75 102 86 62 96 141 63 18 104 135 181 47 124 84 115 37 8 116 27 94 98 6 80 50 105 143 155 40 94 16 83 181 7 31 66 116 142 104 79 22 30 65 135 60 2 116 44 113 176 50 74 102 118 120 93 138 3
148 43 24 197 81 40 42 33 197 61 45 43 169 102 68 8 156 3 10 82 191 96 72 199 166 79 152 145 191 189 142 150 124 136 12 191 185 21 76 136 61 119 16 52 73 93 171 84 151 199 81 176 108 145 142 12 43 20 133 97 78 123 75 189 144 114 190 48 21 190
53 151 108 16 66 168 195 12 189 132 130 95 189 31 197 51 186 157 77 61 86 161 112 115 136 85 91 27 141 174 191 51 138 107 3 141 58 181 200 192 24 95 82 48 150 127 107 1 162 3 85 139 30 23 98 109 77 84 56 93 189 115 70 87 154 39 188 96 62 42
154 141 41 52 55 44 117 36 20 148 125 197 73 113 143 85 75 150 141 27 97 35 76 152 100 78 5 191 125 115 165 175 144 90 172 176 101 42 173 168 116 168 30 156 20 156 89 74 80 108 180 79 140 108 6 194 151 22 53 118 54 26 42 168 27 84 139 55 164 54
176 51 3 19 21 22 190 172 18 8 195 63 50 49 2 146 153 161 66 176 138 197 196 124 131 5 177 73 142 30 43 166 179 174 135 15 78 127 78 40 57 107 88 173 1 188 58 181 117 85 46 116 46 75 103 130 117 156 67 166 143 111 8 126 71 86 99 157 54 31
14 60 149 194 45 87 62 78 95 123 48 6 159 20 58 23 37 15 148 5 4 20 145 52 176 64 68 175 99 197 60 163 4 101 185 62 97 14 137 60 99 69 6 47 173 24 141 78 110 28 5 119 92 117 114 158 90 177 145 179 67 50 154 174 166 125 30 181 200 119
28 26 156 199 91 187 186 51 163 199 102 160 65 9 177 50 67 189 82 77 10 112 150 200 44 39 89 84 168 182 124 79 138 57 146 146 104 101 91 91 156 186 178 176 97 72 23 56 78 174 78 103 126 35 196 116 41 188 21 93 60 81 68 86 159 116 179 142 18 90
66 192 32 52 149 45 189 31 136 183 56 36 55 142 13 162 65 113 3 104 120 163 40 3 20 105 178 19 142 31 74 167 124 152 19 128 52 188 52 120 20 132 135 190 147 22 104 136 155 179 96 170 133 166 196 105 186 110 187 57 65 46 133 198 83 146 20 64 81 8
100 120 80 164 74 79 43 56 71 25 141 5 160 183 145 70 21 159 128 147 83 37 193 137 11 34 150 113 99 169 107 104 89 15 33 1 15 136 65 164 1 45 177 154 70 91 96 94 105 178 158 120 198 151 169 10 115 132 62 50 81 42 16 17 134 74 113 120 13 100
45 39 186 41 91 137 130 134 52 178 122 19 59 178 64 193 149 49 81 146 163 85 187 98 131 84 89 80 169 56 89 33 8 114 134 124 54 3 117 165 116 66 79 193 53 70 148 190 11 180 32 149 185 190 38 89 122 14 85 139 72 144 13 81 106 58 121 185 94 97
10 89 106 83 125 22 48 78 120 91 82 16 13 19 191 183 72 120 87 112 148 65 10 17 192 2 67 173 119 199 33 84 58 199 108 38 104 13 1 41 142 41 174 47 132 39 88 40 64 132 138 57 85 87 62 4 131 125 153 199 98 185 109 187 90 12 187 130 27 38
154 122 56 51 29 104 125 77 165 121 2 9 125 195 145 165 131 181 148 19 188 189 30 69 63 42 67 198 141 188 41 69 147 188 125 149 22 194 17 58 200 174 108 26 43 53 151 170 127 177 135 162 92 67 147 183 161 103 85 25 46 174 136 64 58 6 104 178 29 61
59 100 64 87 65 113 58 140 115 164 127 188 57 170 45 161 150 54 9 16 109 189 37 173 107 70 106 25 163 71 30 194 51 173 76 158 52 16 161 65 10 186 196 182 67 14 148 100 26 115 19 129 24 147 178 161 24 89 100 37 195 121 155 5 33 20 94 109 166 64
184 52 52 149 177 3 77 51 125 75 188 86 150 86 164 1 58 179 175 23 103 44 61 31 73 82 172 107 151 108 143 151 24 77 166 23 84 82 186 12 40 95 194 68 51 167 84 122 18 101 125 178 175 152 6 170 5 22 146 143 18 150 88 87 18 142 8 81 199 151
55 83 127 43 61 35 90 129 136 185 104 159 60 61 36 95 111 128 62 61 147 128 155 3 133 160 1 75 183 100 161 85 151 170 107 167 176 35 113 68 174 135 66 16 14 185 96 186 57 81 87 64 190 47 124 115 144 108 73 97 96 49 144 49 2 109 119 176 26 84
146 3 27 169 15 5 125 176 101 41 28 32 162 136 113 188 14 57 165 50 186 133 30 181 20 110 96 37 89 91 192 191 40 123 181 27 96 17 44 76 54 103 145 69 151 178 130 199 110 39 188 171 60 75 72 184 181 142 124 42 81 135 89 65 2 75 167 112 89 131
48 199 177 108 91 30 173 83 176 38 129 65 53 90 3 146 137 19 174 76 90 197 191 25 30 13 133 94 149 200 153 37 137 124 42 80 18 61 171 67 40 108 178 112 199 130 6 105 13 98 38 150 20 42 198 150 100 56 152 60 164 171 102 149 2 19 6 40 138 18
180 38 32 60 99 149 91 53 83 182 115 184 195 194 32 176 38 152 25 37 127 184 195 130 47 119 105 90 56 98 46 107 41 148 46 199 9 31 136 115 136 47 52 113 57 195 96 117 159 153 189 124 92 147 34 109 98 49 147 166 3 156 136 172 36 173 79 179 156 127
49 38 84 13 89 151 127 109 92 178 198 110 81 180 175 42 86 130 145 168 88 117 35 128 43 83 61 180 85 116 110 116 39 41 38 15 99 28 147 5 72 149 146 18 191 156 57 76 109 111 138 46 88 32 151 48 17 51 49 193 178 147 124 53 171 186 34 32 82 39
12 103 135 198 7 152 84 97 128 56 49 111 189 158 13 93 170 143 134 55 107 158 190 147 181 76 177 191 36 56 103 185 67 172 74 147 79 199 41 172 135 57 85 74 77 66 165 90 52 110 67 163 24 180 180 117 13 80 139 101 144 13 191 107 123 85 149 55 167 98
22 197 24 61 160 44 147 75 74 131 17 162 37 150 116 145 143 11 23 60 106 132 59 104 40 130 67 59 113 38 115 101 124 166 31 190 2 17 37 14 129 182 47 43 183 135 192 165 109 2 89 121 56 77 15 174 112 65 79 119 146 46 70 56 94 31 89 66 68 141
187 79 105 87 192 75 8 63 161 109 39 148 116 195 160 195 13 36 156 41 182 38 29 42 165 50 73 28 84 177 168 89 79 187 10 116 159 123 68 12 176 144 183 152 41 20 131 148 9 135 162 172 63 125 66 143 156 182 53 148 34 8 70 53 185 106 70 188 9 32
21 193 168 24 137 22 105 50 170 90 27 54 148 190 30 151 189 58 110 56 119 185 162 42 89 39 50 6 83 88 2 69 133 60 150 1 2 179 151 63 109 126 182 134 138 169 136 134 181 16 16 88 97 110 96 193 130 110 146 81 5 59 135 8 60 155 10 129 26 195
99 33 193 6 1 5 94 85 155 155 149 10 75 196 52 161 27 131 185 181 13 149 56 152 59 186 78 50 133 123 172 131 26 26 1 58 169 19 96 176 131 5 12 149 46 139 152 73 167 193 69 25 82 97 193 34 12 81 200 197 18 15 8 119 20 100 147 93 91 112
147 97 178 160 154 114 48 117 140 161 185 190 70 16 121 57 64 10 60 24 182 110 62 30 175 33 128 32 94 121 125 2 185 182 164 155 35 188 31 17 123 192 132 72 178 84 85 167 46 168 142 19 199 154 4 165 114 143 86 3 181 169 57 88 82 76 125 164 38 2
45 108 161 142 185 46 58 189 8 54 137 112 82 102 16 71 86 64 120 117 148 80 137 185 67 200 119 78 145 144 114 133 5 107 172 147 184 22 174 75 114 147 58 90 38 16 56 156 59 66 23 71 103 2 163 69 91 88 143 182 92 73 145 42 146 43 86 68 197 45
146 128 125 10 97 145 109 175 64 105 141 136 174 78 142 20 71 29 182 99 121 126 180 16 150 163 172 32 119 82 101 104 148 190 120 16 79 68 104 193 200 158 75 118 89 126 124 19 84 120 17 19 136 188 122 27 89 127 119 75 12 157 94 133 49 112 51 66 98 63
155 18 31 91 110 192 90 152 70 51 188 83 68 131 98 97 48 157 31 56 13 74 195 186 56 154 166 24 48 122 115 137 106 67 166 7 164 126 198 21 124 149 108 188 97 68 172 13 91 75 53 39 28 84 170 141 133 198 179 171 60 27 23 106 132 84 118 169 7 122
151 168 159 26 166 52 58 194 115 162 72 111 199 11 56 67 46 110 177 152 61 88 14 167 61 25 67 73 52 137 32 166 181 2 187 190 47 166 153 149 57 96 183 18 153 185 47 59 55 74 122 54 132 36 149 103 144 21 37 182 6 95 199 168 18 64 56 123 96 29
199 23 116 147 121 18 113 191 59 58 139 160 161 2 170 13 42 28 52 172 130 52 30 194 183 29 59 63 97 191 195 27 170 111 70 134 111 161 197 149 163 34 53 140 44 16 182 171 171 179 178 71 53 59 7 24 60 29 88 105 94 71 197 176 176 40 9 53 117 194
44 80 125 50 189 36 152 64 66 103 83 198 187 42 9 153 113 107 13 130 27 127 34 39 139 167 45 47 143 171 148 17 127 161 41 125 186 72 23 58 189 75 101 84 79 173 61 152 187 7 170 87 12 136 117 58 97 167 97 17 84 105 82 9 113 91 181 113 178 137
149 127 3 40 24 196 67 5 135 101 190 92 146 91 100 64 163 151 107 49 111 64 137 24 13 108 74 159 7 185 135 136 90 147 93 68 178 21 74 145 124 171 17 18 79 121 49 167 113 187 197 76 130 34 15 12 196 162 75 119 58 137 92 30 143 112 173 84 17 123
67 47 145 164 23 178 187 67 177 91 49 105 136 94 31 19 128 5 44 133 34 80 98 131 59 80 139 101 154 73 109 94 126 125 94 196 38 107 4 80 184 64 90 188 26 41 35 47 31 135 168 101 157 87 107 43 94 45 117 112 196 163 197 177 179 195 74 190 181 121
40 83 36 99 74 123 164 44 147 131 49 146 150 68 146 187 192 93 121 154 196 197 17 56 160 111 11 90 179 184 8 195 68 21 123 77 115 73 170 133 14 77 43 53 160 126 64 102 181 196 35 135 106 28 160 93 178 40 145 23 145 129 61 26 150 127 119 110 113 145
32 38 9 5 82 180 88 115 197 92 37 155 63 78 10 72 161 113 54 150 143 115 173 151 33 60 85 106 120 148 64 53 199 91 69 131 64 183 113 2 116 19 144 148 186 5 38 78 54 99 121 50 142 128 176 200 159 54 98 2 26 65 183 161 19 187 50 142 30 107
115 106 180 199 148 129 137 137 38 137 139 17 28 38 156 113 108 167 123 129 72 142 154 95 127 60 197 148 130 151 87 150 133 4 111 45 28 76 60 43 120 22 200 1 127 106 71 193 179 132 62 115 92 62 48 198 132 41 26 37 199 82 115 113 122 32 121 40 160 95
123 38 197 120 7 112 172 119 92 111 154 162 130 197 8 69 169 21 171 158 23 180 31 125 170 117 104 106 85 162 46 88 159 112 18 124 196 127 81 143 44 160 186 65 14 74 66 163 5 63 133 100 96 52 17 99 178 104 153 151 65 53 31 12 17 53 10 132 162 20
183 159 40 4 58 130 137 167 4 9 83 54 149 140 128 142 174 145 128 125 42 71 166 108 139 50 176 141 49 63 18 199 107 144 191 105 159 53 168 83 104 143 147 168 67 136 127 139 175 89 22 114 168 159 92 133 136 82 151 199 145 97 40 97 43 198 29 126 186 48
183 42 32 15 121 63 167 26 89 176 70 3 140 72 68 119 11 38 144 95 105 96 21 160 174 75 104 38 20 39 23 160 138 41 86 65 34 47 105 157 192 29 1 2 125 136 140 138 171 115 153 29 117 42 2 51 186 149 175 28 11 134 119 33 69 159 68 9 167 153
114 148 137 196 80 154 149 119 184 117 41 90 156 11 189 129 170 171 128 161 48 57 132 75 143 152 68 185 49 106 128 191 2 44 166 77 18 190 83 8 4 105 192 53 105 95 148 115 193 13 195 147 173 129 57 73 168 86 171 36 168 176 115 74 124 172 116 73 194 6
63 182 57 135 141 102 164 147 123 81 83 11 82 123 132 189 198 94 75 47 15 56 186 110 190 68 40 78 149 45 90 157 132 107 151 148 28 95 155 37 199 82 91 84 27 91 135 135 24 181 14 150 172 66 135 62 11 16 71 188 75 22 166 88 195 61 43 12 71 187
169 146 23 135 11 64 51 37 167 65 54 24 180 10 138 139 180 43 178 100 136 46 191 62 3 114 46 111 58 36 23 127 166 176 130 134 177 171 18 150 144 188 1 65 157 31 95 178 77 172 36 176 149 80 105 150 181 152 136 144 78 51 88 170 118 61 33 139 34 170
187 124 135 55 59 140 83 150 87 157 37 56 42 109 180 15 69 16 154 33 200 125 77 191 153 24 31 83 134 73 152 169 136 115 2 170 148 7 72 121 20 129 173 187 150 114 31 112 194 13 151 134 65 56 113 118 29 9 144 92 178 11 10 33 145 57 167 163 117 197
104 10 162 104 1 140 128 167 80 171 139 134 111 123 19 37 170 189 131 137 17 177 190 60 28 72 149 169 102 104 164 175 52 178 194 9 182 173 45 124 99 28 146 27 141 121 61 28 153 191 59 5 43 76 174 82 106 101 61 131 18 151 148 80 186 10 63 106 22 29
131 51 32 13 102 166 185 27 158 24 130 193 113 175 67 121 178 11 16 65 156 176 148 69 127 87 32 110 187 79 93 100 69 181 162 119 63 142 33 143 38 57 7 18 19 177 67 57 182 20 114 193 105 4 107 29 31 73 37 151 5 184 144 117 25 187 134 1 78 59
141 61 108 81 39 157 99 33 144 122 4 146 83 197 195 25 108 117 87 190 42 118 145 67 80 129 100 102 96 6 117 50 143 44 174 101 8 101 5 70 165 95 84 19 192 156 166 69 6 173 42 188 94 129 74 166 102 143 23 151 172 94 50 94 155 15 57 193 171 193
112 16 109 53 44 145 105 196 183 76 66 55 38 63 43 70 149 152 139 17 11 101 193 163 117 19 69 167 33 156 94 121 138 21 200 161 192 157 181 131 199 144 52 146 94 162 106 176 160 130 169 154 123 169 96 62 131 180 179 128 138 56 38 127 8 133 9 6 153 53
135 10 148 136 107 149 25 73 119 106 92 153 155 80 136 52 16 22 75 167 103 169 89 25 189 111 149 57 88 99 88 13 130 31 133 6 58 42 99 190 64 39 30 162 42 156 70 175 11 105 83 92 163 181 57 47 123 34 27 31 120 117 121 100 192 158 73 30 199 8
25 77 9 16 112 10 142 168 159 157 114 67 97 95 95 108 125 160 68 159 115 143 152 32 114 195 3 185 30 175 168 36 187 174 158 24 97 65 183 100 1 192 15 104 136 154 69 8 146 93 94 38 21 78 159 71 143 74 92 173 20 126 82 52 111 115 191 124 189 23
150 72 36 2 62 196 31 36 30 148 28 145 36 124 143 74 128 75 91 88 55 122 115 122 23 68 38 73 186 5 131 151 15 67 11 138 178 101 12 193 47 102 88 61 46 64 10 1 123 116 42 191 30 179 185 170 134 37 144 106 18 72 45 73 63 197 80 159 174 159
172 69 176 111 131 173 4 44 130 50 46 19 184 30 98 64 59 137 20 130 92 52 136 54 153 49 111 180 139 110 47 54 81 120 127 82 38 157 92 171 9 15 18 28 136 195 159 164 141 77 50 91 15 89 89 148 82 143 13 66 125 120 53 184 88 35 168 73 142 155
176 176 10 26 29 93 199 180 11 119 93 47 83 95 48 165 93 165 161 127 176 156 134 122 113 172 163 200 133 149 32 90 97 166 63 4 37 180 140 112 171 108 63 20 185 27 152 170 167 16 170 197 179 8 4 69 69 177 197 94 125 191 37 55 115 78 171 98 42 171
170 69 171 112 75 116 99 108 44 37 178 14 107 171 19 13 128 72 86 82 158 14 97 158 133 24 96 25 74 95 88 150 155 179 127 186 94 132 174 33 93 196 110 156 100 33 157 62 190 130 97 1 167 47 45 16 55 24 90 136 147 89 10 126 154 167 34 166 81 68
92 83 176 158 117 84 166 142 3 103 198 22 112 41 162 83 52 102 130 124 124 114 89 44 193 22 119 140 86 17 163 182 73 48 199 85 126 27 64 76 152 91 19 16 38 197 76 83 136 108 29 29 125 87 53 114 193 44 139 54 18 172 123 122 13 27 5 117 121 100
43 173 169 102 175 99 64 81 107 122 38 40 132 132 179 105 160 116 85 129 144 18 161 45 29 17 82 7 149 177 34 142 42 31 87 88 92 57 95 143 130 88 186 70 118 192 125 112 9 162 170 137 106 192 22 158 111 106 135 26 103 190 163 125 132 94 137 191 188 130
166 107 194 31 122 80 17 50 96 6 27 63 171 200 165 64 26 129 135 162 157 53 100 177 75 79 145 195 132 43 123 73 10 163 78 112 151 200 167 182 163 142 193 54 162 147 121 24 118 58 161 128 194 151 139 68 126 136 121 116 25 189 70 32 91 12 142 156 150 162
39 176 76 193 25 114 127 44 127 200 85 30 14 70 134 8 39 188 165 3 188 46 159 140 85 105 112 174 186 91 43 37 151 139 161 70 93 3 108 81 199 15 144 1 164 35 54 190 123 30 195 108 40 97 123 183 94 4 129 129 14 14 87 65 178 71 83 5 57 50
115 11 199 68 185 91 165 162 184 152 21 15 4 184 57 140 8 138 152 137 64 34 105 43 43 194 134 85 77 196 163 29 61 111 60 173 88 84 62 58 8 6 16 155 100 178 75 193 104 90 11 81 141 114 190 135 168 102 9 171 35 114 64 18 191 151 170 199 95 13
141 114 89 111 44 194 157 135 33 15 148 53 61 194 132 25 35 38 86 141 184 159 66 44 149 68 23 44 133 27 130 165 160 69 5 197 9 119 182 104 194 153 143 4 142 24 157 135 47 176 159 98 1 54 59 2 98 136 76 164 149 160 180 149 186 162 167 60 55 187
127 27 61 35 164 17 115 166 173 153 128 26 159 164 24 43 39 127 150 27 37 105 54 113 97 139 47 57 70 159 191 134 107 133 179 156 82 156 13 104 161 143 30 164 75 149 56 70 99 3 6 122 78 31 52 146 161 71 108 4 141 79 111 196 92 145 62 53 58 101
81 176 101 59 12 192 60 43 38 146 25 64 29 199 101 159 75 157 200 164 44 197 45 60 28 142 159 132 48 102 85 86 175 45 34 30 71 131 91 100 65 104 138 57 181 107 189 79 141 15 153 87 81 109 75 19 161 61 153 65 29 29 117 159 121 60 67 168 131 137
83 87 164 152 68 177 12 44 147 184 151 70 102 171 164 2 199 45 183 151 12 39 43 83 117 199 73 130 149 140 158 121 116 63 51 116 6 103 142 183 165 137 112 168 182 28 185 114 111 80 143 177 200 155 183 100 64 103 13 194 156 159 119 169 180 26 160 175 126 21
9 126 159 107 50 162 50 147 43 157 73 165 44 102 154 142 194 17 43 48 156 95 125 138 85 45 171 85 74 155 150 142 172 180 69 182 91 58 200 126 3 3 41 156 8 42 141 171 136 112 19 140 70 81 53 8 137 169 47 42 110 50 101 120 47 139 143 92 126 26
131 52 166 158 197 153 181 103 107 196 44 49 117 187 93 71 181 66 163 82 57 1 122 87 41 82 106 55 196 143 38 32 97 188 84 153 185 56 88 45 87 137 137 77 183 120 56 63 12 189 55 36 51 164 124 21 41 169 190 169 97 162 22 118 63 199 46 16 22 150
89 152 142 16 26 160 176 47 160 183 151 20 181 50 187 182 90 82 53 118 126 125 99 135 26 37 22 188 129 99 127 116 70 134 54 83 108 23 30 61 75 23 33 33 200 98 175 78 41 72 126 104 188 187 41 149 77 14 61 183 130 10 178 83 152 184 135 83 198 40
51 98 82 58 2 168 26 108 9 83 147 197 48 90 67 120 117 136 93 113 192 12 54 144 60 188 54 180 123 83 16 146 19 38 123 4 56 188 1 186 68 116 177 175 176 6 37 13 187 133 51 24 121 110 110 108 198 82 200 146 89 171 37 38 172 53 21 41 129 27
148 153 72 152 119 121 137 192 4 92 174 162 192 12 170 67 196 69 29 92 114 172 92 96 172 53 199 174 105 170 134 70 174 196 86 13 110 7 60 109 84 191 185 17 141 62 50 189 153 168 105 98 158 77 111 173 6 133 182 134 112 137 30 180 59 60 135 33 131 177
64 8 175 62 21 95 61 73 9 112 85 62 186 196 141 93 26 19 80 131 132 53 189 195 150 43 3 69 178 3 7 3 183 160 56 70 185 47 73 75 50 92 76 13 60 77 78 16 89 108 108 32 158 143 168 85 195 86 74 174 64 137 198 183 76 142 109 105 40 131
171 157 41 46 64 70 123 189 6 39 112 6 183 132 190 86 39 86 126 46 80 53 148 40 114 62 83 27 80 34 7 61 175 123 94 88 21 41 37 123 188 137 21 139 73 45 160 182 58 56 119 177 62 126 144 113 70 39 104 134 10 76 76 15 130 147 101 116 33 103
3 73 82 30 184 120 76 67 193 123 5 39 132 76 197 114 34 89 81 85 101 155 173 47 98 156 66 70 150 177 139 123 126 10 134 54 16 29 139 107 189 92 74 73 111 178 111 96 145 168 184 14 33 188 199 164 171 7 118 200 82 181 178 71 53 147 47 11 35 194
