10 	
4	10
1	3	6	155	7	
0	83	9	154	5	
0	89	6	141	9	
1	24	5	319	8	
0	13	5	421	9	
1	64	9	139	7	
0	39	2	662	9	
0	28	8	603	6	
1	49	4	692	5	
1	3	9	262	7	
185 147 165 61 146 78 45 18 29 169
104 123 72 2 156 55 120 69 128 41
93 32 151 176 38 90 192 121 163 44
71 39 179 178 6 134 193 39 126 11
134 12 52 39 7 21 162 39 164 198
164 28 97 24 140 76 27 157 135 137
14 37 193 9 10 160 143 114 25 19
74 30 88 172 196 32 188 161 56 133
147 72 109 63 23 65 160 24 181 182
21 49 112 74 166 132 118 192 147 141
65 97 118 178 106 30 144 136 136 131
