100 	
29	50
1	79	1	3488	1	
0	65	3	4761	5	
1	61	5	1602	3	
0	74	6	587	1	
1	2	3	1962	9	
1	92	9	9456	2	
0	59	2	3166	9	
1	5	9	1081	5	
1	80	7	524	9	
0	19	6	8310	6	
1	63	5	3722	8	
0	24	5	8329	2	
1	60	8	5552	9	
0	48	5	3959	1	
0	4	2	7007	9	
1	92	1	5302	9	
1	70	1	7421	1	
0	13	8	2600	3	
0	93	7	7211	2	
0	82	8	23	3	
0	5	6	2028	7	
0	50	7	1369	6	
1	93	8	475	3	
1	31	4	8606	8	
0	44	1	4791	1	
1	94	6	2398	9	
1	36	7	2728	8	
0	2	5	6654	8	
1	58	4	1801	8	
0	90	6	3516	6	
1	53	7	4042	4	
0	47	8	5303	5	
0	17	4	3473	1	
0	26	6	8803	5	
0	80	5	2249	7	
0	15	4	3843	1	
1	38	2	5314	7	
0	78	2	802	5	
0	90	4	9335	2	
0	3	8	622	2	
0	31	6	9425	2	
0	75	7	7441	5	
1	22	7	6469	6	
1	5	9	818	6	
0	41	6	4923	7	
1	57	7	8339	8	
1	50	3	3641	4	
0	37	9	8678	7	
1	46	2	2310	5	
0	54	4	1309	4	
1	74	8	9668	9	
1	14	1	8343	7	
1	36	5	3513	1	
1	56	9	6194	9	
1	62	9	793	5	
0	37	5	2410	9	
1	10	1	934	5	
1	86	8	853	9	
0	41	5	3653	2	
0	83	4	1911	9	
0	26	3	4528	6	
0	77	3	710	4	
1	57	6	6807	7	
0	50	9	67	8	
0	28	4	6055	2	
0	22	9	154	4	
0	95	6	9492	2	
1	36	2	5851	2	
0	10	3	7541	4	
1	33	8	5861	5	
0	96	8	3100	6	
1	32	5	1765	4	
1	10	2	8478	6	
1	77	9	6442	7	
0	43	1	5436	9	
0	91	4	2069	2	
0	25	6	1897	8	
1	1	2	3948	2	
0	70	7	790	9	
0	42	4	8269	7	
1	12	2	7119	7	
0	24	3	3747	9	
1	64	4	3347	9	
1	29	7	2307	3	
0	81	1	8505	8	
0	29	7	8150	8	
1	92	3	7497	4	
1	54	5	1406	2	
0	58	1	673	4	
1	6	7	9121	3	
1	53	7	2649	1	
0	71	8	57	8	
1	81	4	9506	1	
1	81	1	164	4	
1	73	9	4940	8	
0	31	9	6852	3	
1	58	2	9450	6	
0	4	3	7979	5	
0	39	3	569	2	
0	26	6	407	6	
89 116 153 3 17 90 156 110 11 145 192 121 63 22 71 157 71 193 138 88 11 69 174 22 129 79 25 155 126 13 23 175 91 129 18 14 182 66 116 137 56 91 12 71 118 7 46 35 51 40 101 140 42 42 169 119 116 182 13 56 119 67 124 156 170 60 165 193 134 17 173 68 144 134 73 5 101 57 89 156 138 125 199 157 185 172 60 3 20 163 23 114 78 185 25 195 60 175 25 197
7 134 85 91 26 118 39 19 21 96 122 65 24 144 26 168 172 145 42 58 27 161 8 154 39 17 184 181 46 185 160 8 44 138 59 43 154 120 199 160 32 49 63 147 84 78 28 17 171 98 38 101 169 33 161 151 160 117 48 162 144 69 143 52 9 163 184 79 29 119 158 42 64 73 165 136 163 138 159 132 159 78 153 5 5 157 21 94 178 171 102 18 46 104 98 167 2 175 163 194
152 91 177 113 106 39 50 68 118 135 86 141 120 193 4 39 189 52 99 161 130 163 75 66 39 54 105 100 16 198 83 130 114 189 98 75 149 68 130 120 128 115 155 45 38 97 26 84 67 117 34 182 141 196 18 43 115 47 90 166 4 131 142 88 130 131 123 65 27 91 7 2 194 77 162 161 123 29 82 12 178 36 186 55 66 161 108 158 165 129 70 7 102 170 140 182 133 39 149 141
192 22 14 63 75 87 4 1 31 152 40 176 171 110 119 87 81 21 2 158 187 40 182 112 104 198 179 37 150 21 107 111 130 163 2 79 105 74 82 185 14 134 42 116 178 109 71 2 34 173 55 179 84 67 129 127 72 137 80 67 82 196 33 98 174 146 37 29 88 179 30 86 111 8 170 165 68 7 78 24 60 105 113 154 48 17 8 44 108 175 196 96 76 94 31 119 172 93 199 134
120 134 90 7 140 190 89 196 164 44 4 39 69 18 90 191 56 88 61 101 149 109 5 163 67 73 144 23 136 19 107 18 175 17 197 72 164 103 140 18 28 17 38 3 3 97 181 39 94 93 106 32 191 190 66 9 26 176 140 86 200 147 28 16 170 154 17 122 118 3 176 121 92 177 197 136 173 52 128 104 155 66 20 165 101 106 139 91 175 81 127 69 13 103 93 48 4 133 93 153
19 189 73 53 163 34 6 120 194 193 158 193 144 55 68 178 125 180 181 43 21 67 6 27 153 100 25 45 153 20 92 119 122 31 82 142 160 197 115 101 56 194 121 133 39 178 117 100 1 175 59 138 119 87 175 96 106 193 75 36 174 190 174 47 40 177 129 24 16 139 11 118 153 166 170 23 41 99 97 61 154 25 65 128 92 109 132 172 178 62 78 200 20 158 192 46 198 86 53 122
3 5 132 110 49 163 16 45 186 196 76 197 79 177 48 197 149 78 191 72 171 110 11 76 22 147 136 196 86 73 20 191 154 144 179 179 62 136 103 138 115 99 144 66 111 87 144 4 178 110 34 3 150 116 78 14 65 57 74 181 159 18 156 29 10 113 133 66 144 196 81 89 27 190 182 62 113 154 11 192 143 45 190 157 24 132 11 101 185 153 134 150 156 152 20 127 189 125 128 142
173 162 143 191 101 109 86 36 4 49 19 172 76 88 150 51 193 150 65 149 163 31 162 191 122 79 43 148 157 68 127 105 182 165 169 21 100 54 38 112 92 18 106 90 183 82 42 27 70 109 114 163 197 135 23 67 196 47 162 178 52 150 38 36 159 75 115 126 169 59 178 132 107 141 200 130 102 106 35 35 122 40 137 46 139 151 162 145 19 158 71 39 122 200 192 32 137 138 19 26
173 168 192 117 82 196 66 134 27 39 174 2 181 146 122 89 32 195 196 114 13 124 156 45 196 81 138 140 87 27 188 110 198 34 120 178 28 183 4 29 164 76 49 39 21 105 177 62 103 153 13 2 130 114 20 39 174 126 68 149 47 23 110 194 36 132 125 162 130 30 186 57 42 155 13 60 157 1 5 160 105 4 177 64 148 54 48 54 164 6 149 95 15 81 69 53 109 103 48 49
193 101 43 17 61 57 36 73 122 147 164 125 69 167 9 134 53 66 53 200 149 190 191 58 163 63 29 18 148 191 25 116 107 41 86 189 193 165 86 55 94 104 130 181 100 49 105 21 121 25 117 23 62 114 83 186 188 62 172 125 169 97 92 165 142 51 84 95 8 20 159 158 25 39 155 29 94 187 66 149 2 91 125 167 38 70 107 12 1 50 164 174 115 61 196 19 5 181 69 118
95 161 96 200 111 194 2 189 112 140 3 147 120 187 5 77 22 26 87 67 145 157 57 29 38 95 120 55 154 181 64 127 85 32 169 36 116 67 2 130 15 55 194 146 100 155 71 20 54 96 93 195 59 72 23 195 20 39 24 159 7 157 141 172 155 42 90 153 192 33 23 189 200 97 112 143 43 35 139 137 186 85 194 21 88 75 187 170 157 158 159 59 150 63 76 63 65 93 2 178
44 71 180 48 148 66 116 127 114 58 175 88 109 149 132 85 16 173 164 174 50 126 170 124 43 54 122 126 198 23 91 25 71 57 103 67 39 100 66 30 6 69 114 16 200 75 113 1 124 144 180 174 83 150 196 11 92 74 59 68 178 14 135 179 191 51 128 180 63 73 168 183 90 157 133 3 181 2 145 3 73 151 170 168 8 52 200 168 131 43 153 126 131 98 70 91 21 136 33 176
171 173 129 194 31 122 139 133 69 41 113 69 22 184 136 65 70 39 26 53 200 58 117 168 84 117 14 91 43 180 66 182 96 128 65 128 149 103 143 186 178 76 33 114 151 73 200 91 109 196 64 82 60 174 162 162 48 116 123 24 131 36 77 86 123 144 9 169 58 5 83 103 37 114 75 103 30 123 139 154 136 167 66 105 63 180 71 101 174 64 138 140 108 149 170 36 52 135 55 6
193 168 136 77 194 83 167 194 102 26 11 183 55 185 107 58 69 29 1 113 106 164 111 108 55 31 196 108 107 163 168 157 137 17 176 180 9 59 24 89 179 164 139 178 55 131 3 28 53 30 175 51 8 53 164 17 3 122 131 144 155 116 89 84 184 146 49 99 45 71 162 179 158 25 71 126 189 63 77 12 96 92 191 35 98 82 78 82 105 21 82 160 100 26 182 165 143 144 120 17
148 173 179 122 44 173 155 50 85 113 131 126 67 162 96 63 8 114 124 50 53 137 26 30 8 134 195 105 85 181 36 148 136 67 45 143 183 33 119 122 133 193 103 66 159 106 144 84 173 192 168 176 180 155 144 84 18 113 198 124 40 92 66 111 5 97 4 133 125 48 83 38 131 62 113 197 174 123 146 38 150 71 48 85 68 74 107 198 5 137 159 148 26 34 132 150 61 104 163 5
11 58 103 14 74 73 181 125 196 196 67 150 166 192 32 35 104 160 70 32 166 61 166 193 63 46 44 185 130 199 29 63 195 125 183 81 53 118 86 16 136 123 63 116 110 37 130 149 150 97 42 152 34 191 105 149 34 112 76 63 179 23 48 82 94 45 43 101 71 127 108 25 190 14 147 24 89 181 154 108 25 42 101 147 70 196 115 159 20 123 198 18 154 20 87 31 173 182 25 162
93 63 7 107 159 152 80 33 131 60 64 196 178 43 91 102 71 16 15 167 105 181 53 189 160 11 54 18 175 85 145 169 54 81 82 159 79 70 37 40 175 85 100 85 78 15 149 12 165 135 71 56 109 163 170 199 112 175 188 7 9 157 2 5 155 1 151 186 101 76 171 35 69 93 87 105 70 127 97 4 75 172 127 58 129 120 194 72 18 15 100 36 153 15 137 36 132 193 81 126
124 71 139 29 46 186 112 156 136 7 85 108 180 124 71 176 69 200 86 64 65 17 94 112 1 77 157 17 135 56 192 143 182 165 58 134 176 75 177 123 132 9 115 54 43 178 89 192 66 62 81 45 128 179 111 16 77 9 164 37 121 150 55 150 134 73 25 156 141 36 193 145 126 144 114 199 86 8 69 103 173 166 39 129 129 56 109 182 69 159 188 5 77 154 129 162 140 125 16 188
133 80 47 154 92 142 113 150 71 11 111 80 172 62 135 23 159 188 120 161 39 34 167 164 47 160 42 177 53 64 134 95 101 15 39 39 48 79 106 199 183 72 71 58 14 109 100 188 95 144 89 143 168 78 167 117 49 48 119 113 127 158 186 41 175 148 147 200 122 173 25 26 177 118 119 152 155 161 122 30 75 173 34 18 159 161 27 138 114 161 109 200 160 48 108 79 167 139 162 89
182 200 153 34 162 53 72 62 156 191 103 95 98 181 197 145 10 112 60 42 127 8 175 41 125 13 166 68 170 190 55 56 1 30 26 198 135 177 85 13 71 178 119 82 113 93 10 162 106 21 142 139 123 41 14 154 147 173 34 33 85 68 63 39 153 71 25 9 44 128 29 161 142 55 81 27 105 132 182 79 140 132 24 133 104 28 152 46 157 19 145 21 48 198 166 143 50 154 65 78
154 181 127 57 188 34 40 144 48 26 105 119 69 158 146 171 28 148 5 55 199 18 141 179 137 91 152 84 60 177 129 2 174 12 64 45 196 82 97 187 117 192 180 104 155 182 26 145 163 61 9 141 145 111 57 4 156 115 37 113 55 54 101 187 172 107 182 65 189 125 175 111 99 49 198 51 140 33 150 94 41 46 140 111 91 74 154 162 84 23 172 126 154 25 160 178 13 133 71 10
200 49 135 158 69 193 193 66 103 174 23 97 44 185 83 87 95 124 154 26 30 41 20 146 81 75 143 186 179 191 39 138 188 59 189 97 69 9 41 137 134 14 118 7 186 170 127 26 27 167 113 67 169 126 193 167 79 177 127 13 95 176 112 12 107 37 68 13 113 190 48 21 190 115 125 171 152 145 9 75 186 177 90 92 144 22 69 171 55 152 94 123 34 14 61 19 79 156 93 26
50 188 99 98 197 101 28 23 144 43 136 117 144 132 62 167 142 16 120 12 29 200 196 138 173 25 160 25 149 71 54 199 66 16 21 68 43 62 148 94 177 117 174 20 38 120 126 86 51 113 175 175 160 170 188 174 159 75 125 18 65 124 49 121 92 28 157 79 154 72 138 84 168 64 172 104 34 45 21 159 116 108 93 138 52 20 195 6 193 196 95 87 10 184 163 191 24 39 39 119
90 139 154 191 151 171 150 100 128 62 116 170 17 133 194 126 95 184 128 191 33 49 150 112 153 60 23 149 183 13 90 144 9 151 90 136 14 50 123 139 27 123 17 60 111 192 144 10 191 153 121 78 81 174 88 160 93 87 158 162 115 192 55 162 167 62 10 21 102 103 157 151 169 185 154 48 111 91 107 78 198 128 51 6 86 162 86 12 1 192 115 77 6 187 106 190 191 160 2 60
51 17 151 12 27 118 120 164 132 135 136 10 70 96 132 82 184 195 47 165 138 93 43 84 184 39 154 99 128 67 184 36 27 176 53 46 61 64 84 8 74 192 196 181 154 54 162 66 178 54 109 7 79 136 93 96 144 7 47 43 48 127 92 39 25 42 149 21 53 103 168 133 183 160 78 180 82 145 169 65 15 4 168 26 101 73 144 84 148 110 108 36 52 160 136 120 25 50 197 25
61 110 186 54 16 78 181 7 89 31 143 108 88 184 15 191 183 8 176 103 150 63 74 22 184 135 81 65 69 173 55 179 123 23 86 79 179 86 171 103 86 88 80 183 32 168 33 132 78 177 65 86 136 115 121 35 76 18 124 152 34 190 51 60 190 154 62 41 26 186 15 5 144 149 150 143 5 143 157 121 11 82 180 99 180 2 117 83 92 41 37 116 153 99 18 38 36 60 193 78
182 89 7 47 43 199 149 153 116 171 83 45 143 65 157 83 61 15 115 185 96 170 77 125 115 189 23 34 101 64 139 155 178 175 103 138 30 87 185 95 160 154 73 200 200 14 72 197 15 161 105 149 57 196 61 3 98 177 26 92 13 95 29 130 153 188 38 139 188 18 150 97 76 174 172 47 97 88 136 64 173 125 34 28 182 66 100 19 149 106 174 118 103 162 119 189 32 153 31 20
92 32 54 171 90 65 23 198 61 25 98 2 112 184 150 175 45 171 129 30 124 42 77 38 22 37 57 130 7 103 104 120 182 16 116 121 128 164 135 44 147 178 141 157 182 178 88 113 129 194 64 81 8 38 8 69 19 176 101 161 18 72 95 151 127 28 59 35 105 40 185 55 199 132 150 133 29 57 32 27 123 195 133 124 144 82 145 40 163 184 165 163 124 134 96 175 22 47 156 115
6 170 16 59 172 22 78 164 60 67 72 145 181 93 175 98 62 70 133 84 48 184 28 122 74 22 107 111 182 158 129 132 48 57 108 139 148 62 6 182 176 113 31 6 88 56 4 12 182 1 45 132 188 137 108 64 123 146 180 171 76 153 28 199 100 128 158 162 171 56 169 82 7 54 64 20 199 115 76 84 178 2 7 9 11 134 66 168 165 114 35 138 13 103 133 117 134 114 171 13
109 9 185 86 21 2 6 91 64 76 89 181 91 189 190 147 181 164 94 52 126 160 35 17 141 2 68 54 113 143 173 103 91 38 34 79 160 44 100 42 124 160 122 40 62 150 115 68 112 22 130 90 8 147 38 7 53 122 16 81 166 50 188 11 78 29 191 136 196 186 72 116 36 38 1 100 4 25 161 189 175 147 19 84 31 94 29 94 130 133 79 140 129 21 111 169 101 70 105 48
151 41 74 116 178 159 22 16 4 93 44 167 158 8 108 123 3 115 103 122 167 73 170 8 184 21 155 11 173 72 102 58 125 41 183 10 87 25 39 95 12 94 63 9 126 26 110 197 189 50 147 146 173 11 8 109 85 89 176 38 4 82 196 53 102 65 102 140 64 51 79 104 199 102 24 171 95 147 100 108 45 57 188 154 145 24 27 67 194 62 53 85 169 33 133 54 189 124 14 171
156 41 19 123 123 145 67 29 148 134 196 102 159 135 126 178 28 14 166 21 38 82 159 31 162 29 165 115 79 113 134 27 137 146 127 51 97 10 188 10 138 174 52 122 194 176 90 112 191 3 117 39 192 44 171 198 120 74 135 178 151 51 176 13 178 76 13 65 5 11 113 197 100 62 161 134 148 167 159 136 16 112 196 49 9 176 87 108 158 69 183 134 163 61 17 137 21 177 189 140
42 77 97 8 168 31 13 88 144 101 38 175 116 86 75 152 168 96 95 46 158 118 17 185 137 163 114 189 170 93 104 121 198 76 64 100 77 75 124 188 141 88 81 167 48 174 198 160 97 54 81 137 40 181 102 19 180 69 164 125 120 21 55 120 189 27 112 133 78 127 79 66 161 108 70 81 39 140 10 89 116 95 94 162 161 38 196 12 35 94 16 98 179 169 73 95 134 27 96 59
8 13 74 150 67 40 82 191 182 61 179 15 27 85 65 91 159 189 115 17 42 154 157 128 124 149 178 89 195 73 184 190 124 2 30 200 77 79 8 65 131 163 188 171 16 177 125 33 47 8 191 159 146 27 50 99 34 64 102 185 162 157 169 151 93 127 79 108 129 13 39 153 31 45 182 28 37 186 198 183 181 92 138 20 8 77 124 139 91 69 37 156 43 155 129 115 99 65 98 40
95 189 116 75 111 68 139 42 10 113 154 4 63 122 150 177 200 86 130 171 173 111 164 81 37 57 140 184 65 61 9 19 133 133 53 36 25 136 88 10 54 117 17 52 47 115 124 98 68 81 129 68 131 128 90 33 145 18 118 110 81 12 178 158 80 128 94 43 19 31 173 86 48 113 140 37 30 66 148 7 129 177 65 159 57 14 155 31 182 24 46 71 169 87 32 6 189 144 48 175
156 133 83 54 177 95 34 13 142 70 154 87 28 1 81 47 174 57 84 63 142 197 73 18 168 59 144 40 50 7 185 61 87 12 200 118 29 37 188 73 33 120 200 96 108 6 52 19 18 49 89 148 112 200 186 82 48 128 30 21 188 76 137 178 74 178 120 149 166 104 174 76 157 108 113 124 87 46 93 180 107 55 101 48 52 118 191 103 175 187 88 6 24 159 8 166 102 111 94 68
40 159 50 80 24 192 149 16 40 187 26 193 39 58 50 158 18 7 152 24 120 1 23 105 155 89 84 160 16 59 120 58 15 16 196 122 139 34 76 188 95 73 159 96 183 131 174 77 46 157 62 71 72 123 51 19 116 14 48 71 43 42 174 153 152 108 58 152 26 85 13 197 16 161 107 50 106 85 162 51 127 192 149 58 182 38 62 20 78 112 181 36 118 138 182 200 118 29 126 33
1 123 102 109 147 149 139 158 1 62 130 62 184 65 184 22 176 94 24 76 129 175 132 9 30 7 196 192 186 148 29 167 45 123 184 125 23 46 153 11 33 43 81 116 112 85 42 117 194 69 199 48 147 104 151 138 72 183 34 2 13 134 132 62 173 182 13 88 79 159 189 19 1 46 200 98 180 178 164 56 114 188 168 6 163 158 9 149 19 183 89 67 103 172 111 173 189 39 101 5
8 191 196 83 140 132 147 27 104 60 194 190 53 176 100 101 88 104 177 88 90 21 58 157 52 155 135 62 200 62 14 80 114 4 100 119 56 91 129 55 51 141 178 21 7 32 98 26 135 47 199 122 53 130 66 141 4 27 166 129 178 126 43 39 180 184 136 125 38 177 93 104 48 177 191 105 130 133 85 128 64 152 120 19 110 101 29 176 67 99 175 49 19 137 173 93 151 96 111 130
48 65 11 135 160 169 185 181 172 94 67 195 115 175 171 17 99 28 159 115 39 78 175 152 37 178 148 151 78 178 28 65 61 196 48 21 7 170 93 34 104 80 121 36 190 26 110 17 19 171 68 187 115 171 6 121 14 89 35 91 196 4 183 77 176 63 39 98 157 76 112 5 40 138 124 123 167 114 191 8 41 194 66 174 78 56 191 177 129 43 126 2 24 120 180 124 112 16 68 96
105 129 75 85 51 81 85 114 187 37 40 50 34 183 200 114 34 168 52 75 4 152 88 10 178 40 25 74 151 59 81 195 32 115 54 37 114 125 88 111 17 155 153 112 147 6 158 144 88 96 155 168 131 40 56 26 30 190 186 38 76 150 152 106 77 66 182 79 113 30 96 64 180 22 171 116 175 4 143 172 86 124 25 107 191 65 64 91 77 140 87 113 45 200 189 189 73 147 64 160
49 146 22 169 118 5 161 119 92 174 4 84 148 46 57 145 177 116 171 161 174 42 44 31 36 37 6 93 169 181 152 195 100 179 176 68 164 93 16 95 89 170 10 130 186 62 50 159 188 152 20 71 90 82 25 161 11 181 141 13 182 159 14 53 39 185 39 119 197 191 82 171 132 77 162 51 38 114 192 127 25 200 177 155 50 48 161 164 181 172 91 169 173 31 1 200 65 186 133 195
200 45 25 11 114 125 66 150 178 26 85 149 101 107 141 55 187 133 198 76 144 45 2 158 20 99 108 125 117 167 15 107 171 69 82 5 16 30 22 196 132 39 54 136 47 75 7 3 40 121 46 111 68 48 119 122 184 167 1 174 19 142 24 105 182 156 45 170 64 158 185 158 51 84 144 127 85 32 34 53 34 193 173 100 134 61 141 126 9 28 1 200 14 184 89 199 167 192 55 138
135 56 94 63 28 103 85 21 130 158 103 134 113 109 162 105 179 74 4 83 163 86 128 127 185 80 97 128 78 64 140 171 102 122 99 169 178 144 71 9 199 54 169 97 72 67 81 191 198 110 156 68 81 191 9 200 175 106 116 94 161 114 150 65 81 90 193 194 91 51 188 73 160 7 125 31 66 86 83 84 74 128 115 70 169 88 194 117 50 51 44 121 158 169 11 59 199 67 100 25
95 12 62 82 81 120 7 31 38 9 92 41 118 171 144 51 156 183 138 112 33 139 199 122 54 153 27 56 51 104 61 140 40 9 31 67 166 59 6 27 171 25 139 115 156 71 36 19 6 164 167 94 167 79 36 136 1 51 86 84 131 95 114 107 106 157 189 35 45 98 26 158 46 146 189 102 81 14 117 74 71 127 80 161 48 25 2 117 66 185 137 61 185 104 54 166 102 112 10 29
40 16 31 58 36 171 116 69 30 138 196 146 183 60 178 91 85 163 149 172 167 171 136 194 130 26 99 81 121 103 47 130 61 77 98 29 96 20 192 13 168 147 162 143 137 124 17 82 192 180 146 34 61 79 79 90 173 107 61 83 143 58 64 3 200 195 137 82 199 77 91 187 154 154 71 107 8 28 49 6 78 117 50 105 47 158 95 42 57 78 180 10 29 119 99 129 22 72 170 172
159 162 144 16 40 104 11 113 160 82 178 120 114 156 21 49 9 30 10 116 144 38 68 158 21 179 181 124 47 43 108 179 32 37 166 70 150 186 185 42 156 170 141 10 96 141 50 133 192 42 157 165 53 200 150 77 34 52 97 187 38 9 28 191 190 117 193 125 66 43 200 181 83 122 91 59 83 51 92 156 115 149 124 183 144 66 66 75 121 45 47 157 37 68 123 10 65 121 148 62
189 165 160 154 84 153 172 129 179 92 165 176 11 69 160 193 101 57 114 10 184 146 189 83 78 44 20 39 49 144 16 48 54 105 88 43 23 161 75 94 41 20 102 106 143 100 141 36 64 87 155 167 26 13 2 37 46 170 174 158 197 37 75 161 156 123 114 40 13 195 90 59 99 123 69 191 91 108 144 20 159 103 115 52 100 28 139 197 136 191 30 36 4 193 17 27 4 20 75 105
7 55 29 38 41 133 163 178 71 142 4 24 110 149 157 198 92 136 106 103 38 134 95 134 177 32 27 163 39 136 134 76 13 165 32 52 183 48 171 31 72 164 110 34 146 124 81 128 117 7 15 168 22 3 68 36 101 157 152 60 130 149 83 194 60 110 187 85 95 134 199 48 108 191 98 105 56 93 173 126 134 88 191 180 31 114 15 84 117 150 126 147 115 14 2 69 63 180 42 125
121 119 24 19 141 81 163 94 119 158 152 192 99 106 87 177 119 13 63 178 33 8 99 103 195 112 92 110 146 90 166 173 112 150 99 51 76 101 23 86 16 114 135 33 4 37 98 95 187 40 4 116 127 14 125 187 141 136 76 84 194 32 78 112 178 162 124 22 60 121 76 200 158 74 134 86 72 82 76 25 127 90 192 147 169 53 96 114 135 52 5 178 188 52 149 10 74 15 22 22
192 161 164 27 200 183 114 115 87 85 139 185 93 81 126 35 160 33 33 30 130 17 27 91 103 6 156 44 187 179 92 9 182 72 33 134 183 130 175 48 30 50 57 84 188 88 160 200 169 89 196 153 149 26 53 33 50 163 61 174 129 90 191 145 109 158 57 126 49 10 114 5 175 139 146 154 70 140 108 182 36 46 166 15 68 176 59 12 172 13 58 7 166 108 126 15 165 40 56 12
47 41 175 120 135 138 78 30 148 84 166 48 131 197 129 147 80 186 200 38 115 171 132 68 96 158 147 57 82 130 145 138 174 149 82 98 167 98 170 63 139 46 164 136 139 60 11 95 95 86 73 26 176 127 151 148 23 12 161 119 76 86 13 29 58 161 25 4 81 65 18 62 170 148 152 46 15 42 27 110 179 168 89 194 42 196 148 190 196 79 10 10 140 107 50 188 87 109 43 93
106 66 125 168 182 170 1 95 102 67 190 136 1 23 178 140 133 195 148 35 72 33 58 38 41 15 140 76 96 178 24 85 118 128 55 139 87 193 56 64 67 161 84 28 128 44 85 167 84 124 143 112 174 21 25 182 43 166 153 165 62 197 43 165 25 60 192 106 3 27 16 47 140 174 101 116 190 119 64 30 62 52 50 1 137 199 114 167 160 18 66 183 101 119 170 105 97 70 106 12
149 173 44 173 78 171 79 49 15 30 95 125 196 101 144 61 95 187 16 61 176 172 38 58 161 200 15 42 58 81 108 30 107 90 95 99 37 178 50 33 55 182 166 172 26 118 46 144 23 147 176 45 158 198 63 3 75 60 157 84 28 138 62 90 34 94 13 58 174 134 31 194 73 17 166 103 149 164 170 44 4 68 127 64 148 200 108 189 77 131 63 57 42 135 143 23 101 98 134 195
16 30 181 153 36 126 136 68 31 177 94 89 40 28 27 65 194 145 54 37 43 13 111 102 180 22 87 116 81 188 33 102 148 88 15 156 47 194 128 164 52 157 139 37 115 69 161 200 130 38 13 74 81 1 103 141 5 104 111 116 23 87 188 48 26 121 185 144 154 164 123 77 143 115 56 36 155 26 90 130 179 87 13 189 172 58 116 88 106 38 165 46 58 200 174 135 69 75 20 3
149 83 112 179 166 93 50 156 123 98 157 73 81 143 86 66 140 104 185 64 170 62 169 104 85 77 100 170 136 105 190 164 39 108 95 27 170 183 190 97 172 140 118 93 190 102 153 18 138 186 119 184 155 137 35 115 143 193 165 57 32 91 188 59 43 158 12 19 120 190 178 80 194 77 85 121 166 63 119 64 76 139 75 15 53 91 16 83 2 27 89 86 97 115 8 184 119 176 151 75
141 108 166 41 93 173 171 111 27 196 105 21 62 154 36 200 127 173 14 53 5 108 129 23 50 126 16 127 43 22 115 53 33 52 71 178 173 174 105 38 88 50 55 143 75 135 135 105 138 59 191 3 11 59 22 63 178 173 179 38 117 183 159 134 186 130 32 101 124 2 99 6 140 33 5 78 148 62 123 66 61 183 152 36 53 191 74 171 13 174 58 172 2 55 183 58 132 182 6 12
141 190 12 41 38 176 116 110 28 118 50 171 191 180 33 159 58 98 110 156 187 117 22 64 44 73 95 136 123 185 22 65 168 31 143 117 167 159 140 69 90 79 186 63 191 71 184 27 162 192 116 78 112 132 75 58 66 57 55 6 190 114 161 144 200 170 98 67 62 71 11 156 137 54 86 28 5 154 164 154 182 13 5 98 149 82 53 127 146 143 196 139 11 106 93 45 120 116 152 193
143 11 103 85 143 22 78 162 133 197 148 81 60 112 10 115 84 80 54 65 75 195 164 142 89 110 65 187 74 33 14 131 178 86 81 89 14 92 23 133 86 19 166 75 199 43 118 65 87 151 154 115 51 191 56 84 102 109 170 73 47 124 184 88 70 122 178 23 118 177 102 49 145 97 92 162 4 62 176 7 196 70 187 51 67 198 162 77 45 87 78 115 115 26 149 53 77 81 23 123
65 173 160 126 80 22 76 63 130 10 121 77 95 28 105 82 153 63 45 41 194 118 154 191 131 61 8 94 152 162 185 54 79 38 105 24 120 13 49 190 133 22 42 82 120 172 56 82 65 102 19 16 94 76 101 74 91 132 86 70 97 2 120 146 147 185 112 139 45 139 107 112 138 106 198 91 187 161 110 12 165 60 171 121 155 130 99 116 174 46 31 192 54 146 39 95 32 74 160 182
16 149 109 75 96 2 136 124 194 49 134 96 93 70 86 191 196 72 32 174 175 156 79 19 15 174 22 114 156 182 15 173 10 89 18 29 156 2 158 158 189 116 108 25 194 59 174 76 140 103 102 78 185 120 105 33 46 157 60 3 87 166 10 196 196 84 66 45 33 28 153 101 97 94 46 69 153 75 39 200 121 156 33 31 150 38 44 106 53 154 84 196 3 43 101 172 138 175 97 107
131 154 9 12 19 124 48 55 11 166 32 61 55 105 32 35 102 58 28 113 172 3 77 35 128 16 92 81 127 150 89 48 172 132 162 155 16 59 67 100 13 85 111 174 142 111 162 175 167 92 21 196 125 141 158 105 168 97 7 196 40 100 14 22 141 4 194 102 69 49 139 189 27 61 7 126 127 121 52 53 103 125 26 158 10 25 43 24 132 180 196 40 152 97 121 154 195 31 172 180
142 149 140 104 166 139 112 92 32 25 49 8 65 177 90 144 150 197 108 42 193 188 151 88 99 104 184 196 72 88 133 196 116 111 87 95 94 97 55 112 84 32 154 99 129 57 38 162 74 138 83 28 107 41 167 11 112 87 52 72 17 188 81 89 48 45 65 62 13 7 83 134 24 115 165 19 176 155 184 74 22 9 129 83 23 26 115 199 87 2 49 99 14 67 113 43 28 171 65 65
41 194 151 118 71 28 18 48 146 117 35 86 60 152 85 98 188 163 120 109 126 161 13 166 46 18 176 67 168 84 10 100 87 34 61 156 193 52 109 46 156 130 25 104 184 135 107 151 144 181 87 51 77 198 185 136 36 115 25 160 143 71 43 129 137 107 57 49 7 125 122 135 195 92 113 33 92 70 133 131 55 113 157 95 119 33 101 142 86 174 41 39 130 105 117 105 141 46 10 83
135 36 102 145 137 174 88 179 104 55 140 189 166 63 98 190 186 76 136 118 184 189 38 45 141 171 44 117 166 126 196 122 148 98 168 23 82 167 41 71 163 122 78 28 184 103 108 86 136 61 103 58 125 21 148 106 156 5 194 110 162 16 68 62 26 15 84 20 153 19 182 103 194 187 24 1 123 108 20 123 87 47 151 113 42 98 91 200 178 165 77 177 97 97 150 117 85 197 131 192
110 164 5 99 181 42 127 137 180 87 104 40 191 54 18 85 61 95 182 64 101 185 3 74 152 178 41 131 135 96 71 196 167 152 146 21 55 188 198 36 159 71 195 152 166 107 181 71 94 110 11 199 192 122 114 180 191 41 120 198 189 7 51 118 112 189 62 171 43 191 48 7 154 21 94 9 13 98 193 139 27 187 169 39 76 136 130 81 95 75 198 98 45 87 9 104 147 22 157 111
83 164 164 61 159 153 71 32 115 93 198 44 167 27 149 11 140 140 118 144 195 126 24 3 177 174 36 41 94 139 158 182 135 31 85 9 93 166 89 187 134 105 103 3 162 102 92 66 19 116 45 174 186 59 168 160 163 67 12 139 52 28 170 93 90 74 36 173 53 68 36 93 89 59 156 92 148 94 55 193 36 84 46 52 153 192 53 166 160 151 151 140 111 105 29 169 30 141 148 17
149 192 194 147 152 65 150 31 165 46 40 37 87 166 44 179 153 174 60 129 120 107 197 56 119 120 45 118 42 129 2 177 5 149 47 59 16 196 122 23 189 39 181 127 133 135 143 42 55 123 90 10 63 115 54 186 42 102 199 55 28 65 172 197 73 11 196 9 37 84 177 87 54 187 50 119 167 50 128 23 137 106 173 199 63 87 125 44 17 179 128 115 122 10 100 70 187 169 43 157
8 141 158 160 177 39 178 102 176 132 107 84 183 158 86 134 173 42 139 77 109 71 33 152 112 144 64 32 111 57 142 50 155 187 56 180 156 84 56 117 99 188 105 108 123 98 57 183 5 67 115 2 15 67 49 141 134 183 61 145 82 45 109 31 39 162 110 86 178 108 60 187 159 35 42 182 118 28 53 78 53 136 98 156 13 23 195 156 45 21 42 20 93 12 67 138 192 92 35 94
22 56 177 184 99 148 99 110 77 200 156 6 90 4 85 179 184 7 82 38 157 45 90 135 5 177 194 100 113 171 132 177 57 25 136 18 138 176 148 174 86 62 8 179 173 91 59 155 121 170 122 30 88 186 42 105 82 181 82 107 122 147 90 168 109 160 165 44 48 190 124 80 200 151 95 43 8 87 169 106 17 56 189 61 2 168 146 199 4 80 56 143 11 30 19 49 133 35 30 156
84 30 46 38 167 160 71 144 192 26 138 91 147 167 174 72 98 90 84 117 44 181 68 60 111 135 46 59 129 45 67 16 165 96 154 165 159 98 190 114 30 101 199 7 50 17 29 101 53 78 74 74 51 26 168 49 105 99 72 55 83 163 106 87 173 114 109 42 16 115 159 109 49 22 41 20 198 90 172 76 16 93 124 123 44 117 152 123 64 112 105 99 174 113 132 73 88 86 151 118
175 189 166 110 173 47 125 188 99 135 190 131 26 27 123 172 68 9 199 103 96 37 1 17 63 82 34 185 53 199 131 58 149 16 147 41 149 68 121 100 9 173 125 6 57 13 127 52 23 186 184 36 50 95 141 17 199 27 179 11 147 150 83 105 2 27 70 49 26 62 122 1 116 139 104 80 165 54 9 179 14 52 14 145 129 128 104 53 105 106 126 182 159 81 105 199 63 10 32 112
131 159 21 180 104 79 100 159 47 175 56 82 153 136 186 87 99 117 71 185 67 122 159 155 102 90 67 111 39 38 164 73 130 174 106 61 110 76 29 156 40 198 112 46 2 36 189 165 112 51 112 43 86 146 189 128 98 76 171 117 16 104 189 170 68 50 63 146 90 4 110 12 60 193 63 45 146 124 88 33 104 30 174 81 51 52 118 192 115 8 175 26 117 155 145 12 13 8 52 36
132 126 35 64 163 100 118 35 182 163 5 110 196 17 69 199 71 190 80 171 92 163 153 26 33 79 53 67 150 78 99 145 97 155 120 167 6 34 179 142 149 160 62 54 168 171 124 67 179 174 107 93 150 151 57 185 167 199 79 4 193 57 149 75 120 91 117 142 186 69 25 22 26 120 172 98 45 36 78 5 152 119 99 148 27 77 113 49 126 126 18 25 52 93 31 9 175 163 88 1
9 77 99 78 94 3 25 83 112 28 83 54 76 115 117 140 67 38 11 127 69 57 101 146 1 177 162 10 135 146 31 160 170 185 26 51 184 122 79 24 129 148 71 55 93 136 63 178 197 142 169 141 101 14 58 163 161 54 73 138 138 154 94 103 125 121 38 144 119 49 187 19 81 115 38 96 32 71 78 159 170 32 11 169 13 93 73 124 154 187 122 140 131 178 22 178 62 24 92 179
2 132 27 160 150 167 46 140 172 163 119 64 65 109 148 94 123 106 50 89 144 152 172 198 133 187 126 45 166 101 5 163 9 171 41 102 11 63 15 72 31 33 73 151 14 71 43 35 112 1 146 151 189 9 146 54 99 4 90 165 138 29 1 162 106 139 197 81 177 161 85 44 27 196 93 23 29 107 18 173 163 113 32 131 181 129 2 21 155 131 102 150 182 161 17 111 186 134 102 154
8 161 54 90 123 182 25 131 152 192 176 96 159 110 13 59 114 176 38 114 145 33 175 39 89 172 86 174 9 1 32 196 23 9 123 175 30 16 34 94 146 77 5 25 120 164 181 38 146 64 57 4 139 12 102 132 79 12 3 15 119 112 126 187 116 158 145 133 143 158 27 106 186 155 14 193 145 46 19 43 54 174 112 100 30 66 134 43 52 73 157 75 101 43 73 197 10 39 139 167
22 83 124 34 114 19 70 114 65 135 89 176 3 92 73 100 47 20 9 16 131 75 89 91 3 96 96 135 47 41 119 83 135 88 110 92 119 19 103 96 120 111 127 37 75 86 74 78 72 41 147 66 70 178 67 67 180 53 115 145 138 194 53 67 56 129 182 130 146 56 36 97 165 119 132 42 66 24 174 89 75 65 57 125 126 173 11 115 108 142 56 23 27 38 56 5 15 49 61 36
159 63 96 104 160 166 70 200 78 47 144 127 50 176 183 104 16 162 153 80 118 37 30 40 101 197 3 142 137 124 53 124 175 103 66 189 59 65 141 9 81 153 2 55 75 182 60 150 8 38 67 38 140 161 99 75 181 69 46 200 23 5 176 46 51 32 194 65 27 50 90 184 143 143 191 1 38 66 98 194 125 20 122 107 87 54 75 117 197 158 61 15 117 19 49 84 122 52 183 158
25 126 124 115 44 101 119 157 76 79 46 157 29 135 127 155 90 172 196 167 186 200 137 27 44 109 153 142 17 166 20 43 16 157 152 1 165 95 57 99 105 117 174 81 135 114 163 24 175 101 30 148 56 111 129 61 62 75 69 110 95 101 34 191 60 6 63 95 100 19 32 44 156 127 140 200 90 88 133 47 47 30 19 114 91 75 143 89 128 19 70 41 12 200 45 193 148 192 134 70
76 190 150 199 55 51 82 133 123 158 151 86 76 114 131 9 170 176 44 62 109 34 77 192 1 194 69 129 95 95 2 11 173 196 10 120 43 67 107 141 200 149 170 161 66 120 2 63 35 5 121 55 32 78 51 147 17 98 148 60 76 168 118 145 27 178 164 75 105 168 122 23 172 61 153 9 84 79 81 127 184 191 189 122 19 33 33 92 77 154 101 86 73 86 16 129 45 43 81 200
12 169 170 194 62 30 186 164 77 40 64 62 75 103 147 121 104 154 86 182 18 153 105 66 80 113 113 51 185 161 146 3 164 175 173 74 22 58 91 64 189 162 132 102 177 56 39 187 163 94 134 142 69 32 47 63 46 139 83 83 72 162 28 1 109 22 129 120 56 14 160 162 153 33 133 142 132 140 117 79 20 95 128 102 32 98 144 4 154 20 43 90 40 196 107 165 189 30 2 33
200 79 74 36 2 191 101 46 20 40 86 142 195 60 14 81 79 87 94 172 196 102 184 143 71 37 64 51 119 87 33 79 68 170 160 163 91 13 167 118 83 174 104 174 71 83 30 61 185 93 101 114 180 29 117 123 25 23 76 27 86 102 134 65 21 76 46 127 92 77 162 13 1 195 100 130 181 15 127 29 10 65 173 192 179 72 116 129 89 64 114 163 168 125 183 51 190 158 65 31
166 94 168 192 17 20 114 107 158 23 21 162 197 52 82 68 141 10 61 150 107 65 67 143 48 186 101 105 195 163 51 139 149 84 117 91 193 190 19 172 59 115 175 102 18 196 161 118 176 8 46 9 40 60 166 53 113 9 100 156 194 110 84 109 188 148 56 175 106 11 174 192 2 153 35 146 131 107 61 108 47 62 190 124 99 107 37 120 175 193 181 190 7 197 124 8 24 75 28 115
36 189 34 78 90 110 154 169 52 135 193 63 198 148 142 74 183 190 144 141 116 76 67 62 54 140 70 154 66 173 18 40 162 147 70 97 90 148 61 194 52 127 134 99 18 143 139 31 154 137 147 119 188 128 84 95 95 189 186 108 100 98 113 90 127 180 170 121 1 25 104 178 46 83 188 68 29 152 196 64 7 11 108 184 66 190 77 96 117 37 169 122 90 80 88 200 195 200 29 179
36 187 148 95 87 46 135 112 9 55 19 20 31 37 129 97 67 64 27 128 25 173 34 65 188 25 137 114 155 46 79 113 71 108 18 40 55 175 92 54 67 155 159 148 32 115 42 35 89 9 110 154 151 38 140 72 166 165 15 51 127 197 47 82 15 91 25 124 197 15 127 44 3 144 144 158 64 150 97 140 29 70 11 200 42 194 129 102 28 62 114 130 168 77 193 159 163 108 124 82
90 41 115 183 197 198 175 29 192 107 159 122 136 21 198 72 173 71 73 85 34 85 10 177 35 164 64 52 24 9 5 104 197 43 118 130 184 4 105 182 127 154 64 13 53 24 163 151 67 119 51 173 68 118 64 177 172 10 163 154 135 130 27 110 2 165 14 27 73 3 71 118 96 164 84 180 73 102 186 103 46 160 166 114 23 86 19 65 31 87 75 119 5 79 49 99 128 88 56 145
147 33 62 97 179 73 184 165 99 178 94 131 147 13 36 156 84 97 117 77 191 27 25 115 148 32 175 80 48 151 113 45 136 41 124 128 68 147 117 139 83 35 151 82 161 32 150 143 138 91 195 176 27 1 7 135 129 118 2 166 117 157 85 82 198 38 196 53 8 122 179 45 38 174 131 89 92 185 165 32 12 109 173 195 178 129 183 88 106 138 141 174 78 165 62 142 187 128 130 183
102 117 166 115 102 101 107 168 96 90 175 125 6 18 109 182 135 85 85 43 30 135 28 66 44 100 26 22 115 61 94 122 5 147 7 95 168 65 107 179 92 113 53 50 176 17 65 17 13 18 101 1 165 123 29 70 148 113 166 62 71 152 174 167 171 125 64 15 103 26 124 107 167 42 7 1 41 189 108 54 163 175 68 102 16 124 138 168 126 146 25 19 77 118 151 12 62 10 192 35
188 43 8 134 56 94 120 89 3 86 116 152 142 84 196 43 30 157 192 139 189 106 16 117 114 194 29 38 15 172 188 189 11 153 8 98 44 74 36 98 28 149 98 126 169 156 16 144 115 121 157 89 34 79 149 141 148 166 145 175 5 200 32 97 20 101 6 96 6 45 88 138 99 200 110 83 195 136 153 81 34 5 143 183 155 120 128 191 26 145 31 37 35 177 130 146 33 156 145 184
138 4 20 177 149 49 53 80 56 183 168 20 66 26 42 66 49 89 80 168 176 173 87 12 36 150 2 81 107 90 92 179 55 29 82 134 136 107 12 170 193 51 144 27 118 41 52 138 99 149 72 2 178 178 64 67 97 88 197 15 155 134 166 27 78 29 178 4 173 52 124 26 37 141 53 23 197 165 164 65 36 163 153 146 195 165 54 57 152 132 147 122 125 167 49 188 133 95 28 26
112 123 110 142 41 194 157 118 182 165 78 174 200 87 186 44 115 184 146 51 132 167 178 148 127 165 69 147 80 32 157 101 172 66 137 140 20 122 36 32 111 134 120 150 125 197 178 110 120 7 44 68 184 45 63 18 13 167 88 200 60 19 86 80 155 76 35 100 65 118 116 100 162 53 112 102 32 84 66 6 101 33 168 174 76 22 37 41 48 179 68 33 80 117 176 154 31 187 98 34
127 141 11 174 39 112 134 43 98 120 170 180 99 66 1 166 93 195 121 60 2 28 16 29 11 21 113 127 164 82 54 17 148 29 144 192 74 36 86 173 193 126 171 129 46 192 179 127 108 66 22 156 121 96 126 62 200 174 141 121 66 140 156 170 78 109 26 102 81 91 185 52 38 176 190 68 179 38 72 181 180 73 5 162 8 49 123 95 44 193 143 159 128 118 73 38 136 199 127 169
17 7 65 54 176 86 188 16 123 42 139 93 123 29 81 180 174 139 55 5 168 20 115 115 173 53 136 60 15 123 72 176 174 4 133 39 60 52 70 66 23 79 137 63 200 21 6 185 98 92 63 141 36 184 191 37 171 31 28 90 79 54 121 176 172 179 74 78 87 172 117 34 46 39 185 115 10 196 18 87 177 178 34 78 98 106 68 88 122 97 171 189 26 163 65 65 93 63 145 25
17 189 111 62 33 163 25 81 6 56 166 79 163 35 119 101 116 146 55 30 44 29 118 34 158 127 24 65 112 129 31 157 164 112 51 41 90 78 184 6 56 105 136 18 93 167 12 52 93 102 146 190 93 75 136 79 27 78 161 180 183 96 18 57 49 48 154 150 100 39 120 3 156 147 121 121 128 14 47 99 35 80 174 131 140 29 114 86 29 172 136 66 94 163 14 49 69 84 80 158
8 102 69 25 101 62 145 154 187 137 188 111 27 185 60 198 53 157 33 113 86 108 150 127 116 113 146 12 59 19 136 7 174 183 139 18 127 93 74 154 3 38 125 178 6 185 128 52 40 119 192 159 107 25 159 166 13 139 25 107 106 71 124 163 16 33 124 80 69 71 3 32 117 106 6 112 167 92 24 152 87 22 189 154 51 117 151 133 127 186 175 110 88 45 53 71 20 43 54 40
118 29 83 2 40 76 52 146 71 77 54 169 121 131 40 9 160 34 120 72 131 176 177 148 157 7 86 109 63 18 48 140 160 76 102 168 55 106 177 181 188 40 148 89 75 158 160 194 134 10 13 198 121 117 19 125 111 50 93 172 179 20 18 76 176 107 51 76 122 171 15 8 151 142 95 110 114 51 118 195 3 133 180 157 13 121 78 169 138 62 106 169 43 196 77 169 149 179 61 16
8 118 96 107 183 138 111 80 156 86 56 3 182 80 187 66 72 133 171 167 73 28 4 185 199 183 129 11 180 118 183 185 189 27 110 115 32 55 140 176 39 167 138 152 44 131 89 11 47 1 61 120 50 108 161 41 98 184 38 171 69 9 66 124 80 21 38 74 156 69 67 1 105 17 129 170 34 180 154 146 161 12 4 191 23 87 200 60 22 72 106 159 198 163 2 34 105 46 109 153
108 197 165 97 91 88 127 15 42 188 190 82 170 172 56 134 183 2 131 109 66 176 141 60 34 44 5 121 174 123 59 55 108 47 88 26 39 195 189 52 50 71 35 170 45 114 67 193 103 71 98 64 4 97 181 18 52 123 22 48 109 36 172 56 184 69 62 32 51 42 61 174 17 67 60 170 139 8 112 43 93 5 79 101 4 200 60 148 47 49 95 140 199 78 11 126 54 199 88 112
34 128 54 73 105 35 103 197 30 60 33 146 4 60 56 180 192 167 197 196 171 165 194 8 155 150 41 112 180 121 92 5 14 161 178 19 26 53 156 195 81 142 53 200 188 9 4 116 192 29 178 200 10 99 27 108 107 135 98 157 183 148 117 119 165 160 182 34 105 57 54 121 105 21 126 160 136 49 177 72 111 40 37 66 45 182 116 190 124 154 109 2 87 93 186 102 187 30 143 173
110 8 117 33 156 91 27 200 7 70 125 177 27 176 198 30 179 76 139 163 162 107 41 71 147 78 143 115 193 150 199 70 65 79 187 88 54 52 151 33 13 44 65 89 135 167 146 79 2 126 197 9 137 38 194 173 76 113 21 109 83 46 196 179 55 121 165 28 29 22 150 20 178 58 196 92 109 73 199 97 150 141 43 106 12 51 39 144 8 5 76 138 131 175 18 118 179 88 104 136
