10 	
2	14
0	85	2	54	4	
1	58	5	88	8	
1	29	4	281	4	
0	19	7	109	6	
1	97	6	0	8	
0	95	1	217	1	
0	11	6	57	7	
0	26	7	69	2	
1	77	5	272	3	
1	76	9	75	7	
26 139 24 53 192 181 157 79 170 17
116 183 132 34 77 73 110 118 113 127
97 34 27 54 101 80 55 28 94 3
13 43 101 180 13 194 182 147 37 68
174 177 153 133 143 54 174 192 105 62
95 12 22 145 126 30 182 39 105 75
104 127 92 83 56 154 133 10 86 6
200 142 88 79 35 71 90 184 49 77
44 168 13 154 161 160 2 190 145 124
66 62 181 170 155 98 173 141 187 31
193 106 185 65 69 163 175 195 194 72
