40 	
38	67
1	60	9	1466	8	
0	94	6	1043	8	
1	5	5	705	5	
0	31	5	1295	4	
0	58	4	920	7	
1	12	2	927	9	
1	38	2	434	9	
0	56	9	1410	6	
0	74	2	641	8	
1	51	3	196	2	
1	28	6	1428	2	
1	17	8	817	5	
0	32	4	698	1	
0	96	7	338	3	
0	40	3	982	8	
1	31	8	284	3	
1	48	8	399	1	
0	2	3	506	7	
0	32	6	710	4	
1	12	7	588	7	
1	7	2	571	1	
0	30	7	472	4	
1	43	9	677	1	
0	6	6	197	7	
0	97	4	1838	2	
1	47	1	649	1	
1	86	1	80	7	
0	84	2	264	6	
0	55	2	1772	9	
0	75	5	1704	3	
0	96	8	1760	1	
1	8	1	530	4	
1	29	5	1371	4	
1	91	4	1833	6	
0	94	7	783	9	
1	87	8	111	7	
0	19	5	1183	5	
1	78	3	227	8	
1	44	9	1137	3	
1	55	9	1321	5	
160 61 17 73 39 15 146 171 87 12 110 26 98 102 4 15 131 67 132 17 144 66 164 168 73 161 117 4 139 179 103 181 35 135 69 156 42 195 27 7
148 115 94 53 48 29 23 32 138 96 24 182 6 55 123 74 135 161 5 86 153 33 136 33 105 99 72 112 61 19 30 60 20 95 27 110 130 155 58 128
178 90 93 163 148 118 14 195 155 39 140 174 140 131 139 84 14 118 101 82 171 125 157 62 104 10 73 139 136 183 22 91 51 173 108 2 7 53 183 172
123 141 168 2 18 7 109 97 155 44 14 56 69 95 158 165 3 81 100 34 41 70 117 103 53 149 76 17 101 172 17 147 156 63 117 85 46 140 88 115
58 14 63 62 22 33 200 100 194 8 78 142 4 7 190 154 165 56 23 142 133 95 171 146 55 32 83 41 92 113 6 125 45 46 149 79 116 120 154 176
186 73 1 50 46 45 104 44 47 164 157 93 57 38 105 8 3 4 42 22 107 24 173 185 167 121 52 126 71 72 183 184 163 106 133 72 9 61 144 85
172 87 158 167 120 53 175 26 90 153 170 127 43 88 189 39 123 187 14 28 74 141 131 47 43 62 135 62 178 116 43 98 29 200 187 118 141 8 91 149
167 36 60 45 106 4 78 150 12 123 182 74 167 140 98 26 47 200 189 128 156 105 33 121 114 128 176 153 175 66 197 22 75 111 93 180 136 9 102 163
55 107 94 175 19 137 82 80 86 90 135 171 18 152 175 67 141 101 29 96 50 168 1 145 136 169 71 106 152 129 49 128 2 134 59 138 81 153 159 160
87 3 77 90 147 133 47 75 148 6 136 199 60 134 52 135 132 10 96 17 192 64 140 110 188 198 92 130 82 166 12 72 3 187 174 190 43 102 200 197
113 107 117 167 121 167 153 126 158 32 183 119 84 137 80 9 74 120 100 62 192 199 116 8 103 116 107 21 122 173 42 152 195 64 9 62 6 12 186 13
78 83 5 22 192 186 95 101 58 154 106 195 129 171 24 74 188 186 19 88 126 135 16 157 47 32 14 173 130 102 41 22 34 46 144 192 187 151 16 65
25 31 169 95 134 197 187 94 111 156 76 61 76 181 69 182 2 69 96 27 124 172 184 196 197 169 150 193 161 119 10 151 186 133 12 70 104 12 170 108
197 24 84 42 195 50 200 68 199 155 80 150 66 37 92 139 1 183 78 167 48 109 115 12 76 9 39 189 6 191 152 8 31 131 195 13 169 118 16 116
71 62 120 138 144 160 13 21 54 103 21 88 101 193 95 75 198 200 128 103 180 5 195 46 44 10 110 138 168 17 136 106 114 3 169 146 192 72 164 176
19 183 53 174 96 71 135 148 38 159 136 74 55 67 185 108 123 75 68 34 74 71 147 116 162 158 85 113 16 166 82 35 44 80 120 152 117 145 14 58
58 178 68 181 44 30 44 181 169 52 184 167 49 6 42 133 124 93 89 183 103 195 83 134 148 42 35 144 27 45 100 19 199 40 109 71 61 126 20 81
13 103 101 111 82 21 133 196 126 100 158 31 58 111 98 153 50 109 105 182 68 92 165 92 161 65 29 188 66 144 148 65 149 133 97 131 29 96 5 34
117 154 158 115 158 161 100 122 41 70 93 13 106 5 18 151 147 189 152 28 84 26 117 162 43 65 156 81 78 5 192 170 154 186 46 190 61 145 182 12
75 26 68 112 163 155 174 135 90 171 112 73 183 12 88 54 185 104 194 128 135 83 57 140 83 11 69 185 162 113 156 177 133 169 191 100 75 54 48 196
16 161 167 116 194 30 84 35 4 117 175 32 65 86 18 161 73 121 131 6 177 180 74 200 131 25 20 24 60 100 147 166 93 176 141 161 119 142 132 31
62 192 87 40 96 31 97 14 199 164 184 93 77 105 84 109 74 150 122 104 185 190 11 65 1 16 131 169 167 5 28 157 164 11 54 132 5 57 81 93
47 91 32 152 142 65 175 18 15 100 162 31 167 117 29 126 21 179 179 117 9 168 26 124 5 70 58 80 18 150 11 23 88 89 72 50 143 48 93 81
57 63 61 97 127 86 97 170 198 158 88 134 101 24 48 149 145 149 160 29 193 75 135 68 47 32 49 43 159 83 127 121 196 198 172 102 61 135 115 70
186 179 9 34 157 174 123 73 111 182 159 105 126 176 81 3 122 2 119 74 52 108 185 160 53 154 80 152 191 178 80 132 54 79 135 115 46 14 73 142
41 198 196 120 105 116 13 134 156 194 195 111 62 7 5 73 168 16 194 178 16 112 148 172 118 122 89 75 71 19 156 169 194 57 100 84 86 196 91 70
65 8 44 185 169 56 82 136 63 170 58 133 149 97 136 103 162 45 110 84 45 193 188 15 199 53 189 155 29 7 89 18 62 39 156 34 154 73 95 131
33 49 185 57 29 68 82 148 126 184 74 183 155 158 190 122 154 187 31 98 127 117 31 8 62 168 166 168 7 85 37 29 85 123 102 23 190 46 13 28
124 133 80 133 131 40 193 37 40 198 29 73 76 80 104 84 22 114 8 21 94 63 84 122 93 89 95 177 9 169 86 42 149 174 106 101 27 195 34 160
199 71 78 171 44 100 118 5 125 110 21 86 15 177 126 25 44 12 159 113 171 197 3 161 31 47 1 74 34 88 58 74 16 126 150 40 36 82 188 31
27 179 110 5 12 13 49 86 86 152 172 192 22 37 87 127 194 198 109 170 173 132 86 6 151 52 82 168 53 141 155 95 199 144 176 116 132 168 62 8
93 70 148 6 79 18 55 81 5 55 24 76 56 91 197 198 136 33 139 189 74 162 62 76 62 172 148 137 157 88 186 124 49 22 128 14 121 53 122 76
185 57 40 96 100 88 53 116 19 49 23 9 64 137 134 76 6 146 11 105 86 177 171 42 54 127 128 39 54 30 78 64 157 182 122 1 67 200 60 126
146 170 191 100 147 155 135 175 26 126 122 144 159 79 143 197 64 28 19 72 158 55 15 199 189 153 6 73 184 179 145 2 194 45 111 117 29 37 84 184
129 100 12 52 36 47 83 115 121 42 174 52 104 69 81 109 39 6 123 53 63 101 174 57 52 135 84 101 178 149 96 129 56 165 19 196 31 55 105 93
57 12 66 77 13 90 8 55 159 170 49 5 15 46 102 143 42 19 43 189 69 12 147 124 164 82 44 138 56 198 145 103 54 79 74 102 40 61 126 101
158 51 15 160 141 120 191 172 102 41 68 75 102 144 82 22 27 70 88 125 122 145 129 199 194 91 58 83 75 8 105 51 49 105 35 88 2 177 120 79
77 162 9 104 37 163 192 5 43 156 190 93 115 99 140 100 55 5 120 47 84 174 107 89 59 125 180 139 6 38 119 164 73 103 29 157 190 151 131 171
6 124 109 22 34 29 102 3 102 21 18 190 42 30 158 89 71 156 158 15 138 156 174 9 2 189 160 128 114 65 41 94 6 172 62 52 71 26 106 174
142 67 110 140 11 39 84 153 48 184 161 80 178 84 128 154 82 168 153 153 71 115 102 101 105 178 35 27 14 162 189 77 74 189 87 5 5 156 57 165
93 172 192 43 155 161 111 11 54 166 180 9 118 173 55 184 5 15 161 102 33 168 84 132 22 132 111 54 28 10 87 103 55 6 139 129 122 31 169 59
