90 	
35	62
1	9	3	193	8	
0	6	4	559	1	
0	3	9	253	4	
1	4	7	444	8	
0	1	3	498	3	
0	5	2	504	8	
1	1	7	303	5	
1	1	2	341	1	
0	1	9	433	9	
1	6	3	381	4	
1	4	6	233	4	
0	1	7	85	3	
0	1	8	548	1	
1	9	5	579	9	
0	1	2	13	5	
1	3	5	632	4	
1	8	9	100	8	
0	3	7	365	4	
0	3	3	334	7	
0	1	7	269	1	
1	6	3	200	2	
0	4	1	97	3	
0	3	2	172	1	
1	8	6	133	4	
0	7	5	406	6	
1	6	5	293	8	
0	6	8	97	4	
0	6	1	442	6	
1	8	5	333	7	
0	8	9	605	4	
0	9	3	162	5	
1	6	7	254	5	
0	4	1	566	5	
0	6	7	411	2	
1	5	7	587	1	
1	6	8	90	8	
0	8	5	441	9	
0	6	8	30	4	
0	9	3	103	2	
1	9	9	122	4	
0	1	8	160	8	
0	3	1	171	7	
0	2	6	238	1	
0	3	4	524	3	
0	8	6	536	2	
0	3	7	412	9	
1	3	4	392	5	
1	6	2	444	5	
0	4	9	255	8	
0	6	7	572	2	
0	1	7	34	7	
1	2	8	238	9	
1	4	7	528	8	
1	9	7	132	3	
1	1	9	163	3	
0	9	6	546	9	
0	6	4	27	1	
0	5	7	154	2	
1	5	4	336	1	
1	2	5	156	7	
0	6	3	511	4	
1	6	6	199	2	
1	5	6	152	9	
0	7	1	316	9	
0	6	3	575	5	
0	6	4	505	3	
0	6	9	271	2	
1	6	3	639	8	
0	1	8	189	4	
1	3	3	451	9	
1	6	3	57	6	
1	3	2	403	3	
0	3	5	121	4	
0	9	4	477	5	
1	6	1	618	7	
1	3	8	602	5	
0	7	8	30	3	
1	3	1	507	4	
1	6	6	111	9	
0	1	2	578	6	
1	2	7	628	6	
0	1	2	104	4	
1	8	2	292	5	
0	9	5	89	1	
0	2	3	561	2	
0	4	7	390	9	
0	9	3	636	1	
1	9	9	492	3	
0	3	2	573	5	
0	5	9	91	5	
113 53 139 87 7 62 59 4 135 167 57 73 189 32 164 39 160 163 84 138 31 124 151 108 110 2 18 81 78 38 6 192 154 146 131 67 160 50 170 21 13 91 141 43 75 109 57 52 51 59 91 200 65 33 158 194 37 61 5 181 167 41 29 9 5 184 41 129 200 200 189 2 9 19 158 49 43 60 50 90 183 169 169 178 42 177 52 98 137 22
105 56 129 189 137 49 119 93 67 93 19 122 10 184 89 154 196 155 177 131 34 86 167 139 192 180 186 178 18 116 23 72 40 184 127 183 124 47 55 1 148 187 72 62 172 46 165 199 126 75 44 131 171 136 89 26 127 200 121 168 137 172 195 189 22 124 127 169 180 64 158 129 138 126 111 184 29 147 120 97 50 43 174 11 197 39 14 44 153 11
2 106 19 119 47 115 62 62 20 53 29 148 27 95 113 74 150 164 106 110 113 20 1 103 128 45 143 20 54 121 34 176 3 198 151 56 16 98 71 15 196 116 145 94 191 105 200 132 11 1 84 119 13 20 39 139 11 7 152 9 144 70 169 107 131 66 50 156 186 37 53 163 21 66 179 123 110 83 134 56 42 44 157 172 132 104 169 73 29 71
130 66 110 29 15 156 158 21 148 153 168 64 4 23 90 129 40 134 177 13 63 152 189 47 93 58 199 14 72 2 63 82 139 29 11 145 153 35 193 94 158 177 133 64 31 22 181 27 182 180 72 43 184 190 113 124 41 18 125 120 155 191 65 195 116 110 141 95 74 183 75 89 142 173 30 197 116 134 59 12 14 46 143 165 74 180 138 35 40 200
169 39 53 33 148 99 65 131 178 106 174 126 164 78 117 78 103 187 114 48 7 74 6 64 87 40 109 185 180 77 176 28 102 104 64 99 133 144 35 122 105 69 191 67 48 139 50 22 29 198 65 98 45 122 18 70 65 70 194 26 106 101 80 148 120 12 118 147 66 67 19 159 173 44 191 92 133 145 196 113 36 120 106 63 184 104 79 89 56 140
193 81 19 134 11 44 49 49 169 53 26 37 106 153 121 169 97 93 21 119 11 130 5 20 110 85 59 133 14 78 123 5 7 157 67 49 52 136 145 187 105 195 150 9 175 150 38 121 24 97 51 106 149 3 52 86 111 114 108 6 179 185 98 200 153 68 132 40 124 126 46 1 56 116 68 56 30 119 84 130 77 1 64 101 73 71 30 126 147 199
77 46 181 84 33 61 111 135 65 120 92 61 120 170 180 139 183 29 145 41 89 199 65 84 56 137 59 147 7 131 84 123 134 151 81 161 78 64 186 90 171 126 24 181 102 9 142 192 148 96 51 6 34 168 142 164 99 164 200 98 164 50 176 105 144 42 137 136 76 168 41 51 132 189 46 86 166 84 68 99 139 37 166 61 112 53 12 155 45 102
124 137 63 141 117 172 30 62 80 76 49 192 7 12 16 58 190 46 50 32 147 166 153 43 68 145 64 171 13 67 152 102 99 100 22 193 192 147 70 121 64 75 102 146 108 128 106 60 141 77 171 118 185 76 14 100 68 154 131 133 160 177 175 55 1 113 140 92 153 199 69 136 187 138 92 83 121 42 87 182 98 48 37 96 41 143 148 39 103 53
56 30 179 65 82 48 54 127 114 112 100 72 64 48 48 1 196 152 174 194 118 90 86 104 176 107 79 171 94 9 137 125 7 166 123 184 194 200 99 150 81 132 190 57 117 115 1 48 104 32 176 120 150 164 112 69 106 161 195 95 59 69 160 145 146 124 119 94 131 123 78 111 123 34 35 116 87 76 95 132 99 32 120 139 29 95 66 108 112 44
177 190 77 45 108 170 12 164 199 80 56 174 153 108 178 49 26 170 40 94 199 136 92 32 6 188 170 126 88 182 103 108 85 198 96 173 3 13 66 45 173 7 154 52 128 97 107 127 57 146 4 24 94 142 141 167 165 30 154 52 56 154 77 174 18 165 177 186 196 175 30 92 11 194 102 25 22 75 117 166 196 182 168 71 39 5 83 96 190 182
188 82 120 93 101 76 20 193 13 66 11 59 70 153 119 107 82 15 96 14 64 134 97 177 108 89 88 115 138 79 109 74 63 69 164 150 139 37 171 162 125 104 152 160 31 141 4 102 129 137 58 24 113 153 153 175 137 151 193 153 152 75 136 92 159 79 97 2 159 130 55 110 105 79 151 154 116 50 145 173 142 191 73 103 36 165 139 64 154 52
151 146 52 36 123 38 131 181 106 124 169 120 84 153 111 55 147 63 156 187 7 42 161 27 144 183 21 48 59 64 88 82 54 163 189 161 195 180 58 55 63 75 122 154 105 63 24 137 162 97 195 126 139 162 98 94 29 182 95 51 12 104 25 43 67 174 104 158 75 27 143 36 24 63 43 98 56 85 105 191 4 88 101 113 124 158 2 158 159 110
164 189 161 189 51 152 144 181 184 57 70 98 35 10 17 73 28 144 184 46 8 16 157 37 119 183 48 193 104 160 181 2 101 84 176 198 192 26 94 62 10 189 105 29 167 134 107 110 199 52 167 126 146 50 95 53 89 150 28 177 132 68 37 156 87 99 20 39 5 124 108 5 136 72 152 161 129 138 101 180 135 146 143 51 188 173 140 84 184 109
134 108 49 47 96 161 82 97 109 4 145 164 17 34 106 162 94 146 99 26 122 23 89 54 184 167 121 43 13 87 36 144 11 53 20 122 181 161 108 199 64 125 164 42 146 69 121 149 45 39 161 121 37 43 106 68 58 20 31 137 48 68 109 85 164 9 158 35 172 39 104 128 59 130 100 151 173 15 36 104 70 27 194 189 189 16 128 132 11 37
22 149 134 80 8 72 43 27 141 57 136 184 99 47 54 135 99 97 16 42 134 172 72 153 21 180 163 88 84 3 188 197 28 87 195 104 149 159 177 54 133 177 144 66 57 193 3 162 16 51 168 68 46 35 163 125 164 121 81 65 194 159 116 170 91 173 141 59 157 136 63 40 47 80 18 72 165 115 15 169 190 95 166 121 26 86 186 48 52 98
10 24 7 65 193 143 27 131 59 189 34 66 115 47 186 42 57 5 55 167 96 97 184 89 84 61 44 81 2 170 95 189 60 63 73 108 102 83 72 15 142 107 193 93 142 42 139 77 61 27 129 140 26 130 172 34 119 99 20 89 142 128 90 2 108 127 146 18 177 162 113 156 156 71 63 113 52 100 8 199 197 11 132 39 144 34 93 67 94 5
118 32 126 71 28 104 71 172 2 118 101 7 68 115 147 177 135 91 27 122 128 98 195 128 19 200 131 77 2 151 91 11 133 12 145 44 14 175 65 79 7 50 3 107 40 48 60 19 40 115 67 109 133 45 67 39 105 110 22 194 70 110 92 77 1 24 85 154 123 144 70 146 150 120 179 61 18 61 79 100 119 134 186 11 94 49 42 73 98 82
115 98 155 3 199 84 15 170 151 124 20 84 125 147 164 195 172 95 160 200 105 83 85 108 162 170 57 29 108 180 74 117 162 104 95 122 13 159 160 164 137 22 54 89 112 166 11 86 13 102 68 130 187 56 7 40 79 35 200 182 81 36 128 45 61 20 14 3 66 101 29 51 22 16 78 78 150 61 119 184 114 60 169 29 62 76 197 150 199 181
105 58 168 84 133 122 145 69 62 129 6 191 31 54 189 47 118 70 112 138 56 23 16 115 194 150 158 101 75 134 149 34 80 18 73 38 34 34 70 164 199 84 131 65 188 80 198 133 149 111 25 109 148 150 75 12 184 48 188 56 127 20 66 129 125 91 93 119 91 173 57 7 175 190 87 132 150 185 193 95 77 186 161 48 92 200 61 95 119 4
177 130 151 115 164 109 122 82 188 165 192 48 125 61 82 117 68 52 95 4 141 34 86 18 171 15 109 15 125 158 198 131 95 69 179 56 13 77 5 192 59 125 57 32 66 60 149 30 47 46 117 200 58 136 86 108 142 77 22 3 146 58 24 52 123 89 161 1 23 44 195 175 181 28 52 65 95 185 65 146 129 43 138 148 26 60 80 110 101 5
85 7 189 59 159 36 42 121 107 54 80 117 12 9 155 108 167 196 198 157 2 139 82 35 117 51 115 36 12 57 89 149 135 45 118 167 131 69 195 143 190 171 177 107 83 149 192 81 123 191 41 26 163 76 101 41 152 169 22 111 151 85 74 135 196 20 80 45 61 197 96 9 94 89 64 64 111 171 186 166 128 164 92 149 110 48 196 38 42 62
15 1 66 30 4 8 158 29 85 64 133 166 175 24 5 69 143 88 31 130 100 95 123 196 10 177 47 133 154 75 49 136 193 1 57 172 174 194 188 65 51 75 200 55 67 123 101 166 120 23 4 23 181 30 127 106 189 127 126 54 84 153 27 197 41 80 53 44 44 185 128 183 122 8 108 29 95 174 110 67 126 136 131 139 17 164 149 66 115 73
35 121 9 113 198 130 177 186 194 100 192 38 143 42 120 163 2 187 169 186 168 142 124 79 13 166 147 124 63 198 101 92 115 46 27 28 69 143 75 166 68 45 82 62 115 138 47 183 157 141 71 106 59 177 150 50 28 57 159 177 144 80 76 54 77 129 45 100 42 40 73 182 9 50 171 67 126 73 200 39 46 86 154 57 70 46 191 178 58 22
160 113 119 139 167 144 165 151 157 132 71 180 123 72 99 42 192 54 13 35 147 19 140 22 15 125 136 81 31 119 190 17 66 185 20 9 8 117 144 172 200 138 146 102 104 122 176 61 149 36 177 33 35 57 5 59 134 75 52 11 79 50 135 22 133 140 200 162 33 23 70 16 26 53 145 24 2 147 131 87 188 117 24 11 197 154 74 44 142 138
112 149 168 142 143 176 194 112 121 26 69 93 103 54 173 2 96 60 192 6 136 193 177 123 183 15 77 197 53 60 70 23 80 173 25 131 69 184 150 52 17 145 158 100 65 189 111 147 191 40 199 118 58 111 123 162 137 37 189 173 186 167 155 132 106 191 116 163 155 169 147 70 102 126 178 106 69 94 56 131 176 144 109 195 78 191 26 28 116 9
96 16 61 18 62 30 31 48 5 118 187 159 147 198 96 96 144 51 41 43 166 8 43 85 39 17 107 139 159 41 177 151 2 82 37 183 121 114 71 57 188 165 51 81 63 73 65 27 100 148 85 115 169 22 115 5 15 30 183 33 115 56 28 4 87 150 165 170 171 79 8 1 66 99 182 108 125 173 130 41 51 172 118 192 76 53 69 181 135 61
73 187 143 116 89 174 98 197 192 58 96 77 200 86 160 122 193 117 19 25 9 109 14 152 14 85 130 78 144 200 142 11 128 187 125 81 169 59 60 111 21 139 148 74 25 142 144 100 182 123 169 156 11 183 134 74 144 148 106 84 91 53 97 19 183 189 128 192 163 179 59 186 111 94 13 170 145 84 179 144 147 75 51 2 174 100 39 92 1 135
79 170 80 196 177 12 173 119 156 102 88 4 183 70 200 136 198 45 197 5 24 104 77 199 197 118 97 149 53 69 181 18 177 8 152 12 123 135 9 144 61 12 84 139 28 191 63 91 23 194 165 46 139 173 51 4 3 168 196 29 114 17 2 70 156 71 7 122 56 152 156 60 33 76 142 8 92 70 158 97 27 73 39 113 66 181 87 81 153 60
145 160 116 114 148 56 59 138 168 195 53 199 77 168 67 18 157 43 178 5 32 146 48 124 181 101 31 81 198 155 3 16 40 180 76 191 40 11 120 92 185 188 92 8 141 78 113 44 153 79 97 186 48 97 74 82 129 125 11 78 27 80 135 154 61 124 55 89 71 128 11 183 142 25 169 76 180 82 63 3 104 126 151 144 115 131 136 29 6 68
30 130 4 124 9 137 181 160 168 144 11 140 152 197 87 156 111 89 70 153 125 30 116 125 79 101 152 177 46 74 151 146 164 29 25 71 191 12 29 147 34 100 133 11 140 3 147 46 161 99 97 136 11 21 67 185 110 76 58 195 47 131 176 48 73 194 75 151 172 58 188 83 108 100 126 32 149 90 145 171 175 28 93 99 169 144 57 177 194 127
87 109 54 69 66 18 3 171 36 179 152 57 181 41 175 126 115 67 90 90 170 134 197 9 36 58 75 102 42 12 104 162 58 66 77 58 99 117 131 43 76 5 6 118 10 105 51 116 121 34 185 152 3 108 76 113 194 45 180 26 106 10 116 109 72 130 62 58 54 53 105 69 87 165 115 154 10 21 137 113 146 183 22 70 140 74 70 116 177 9
42 134 16 121 181 14 47 136 128 30 60 19 132 79 114 99 44 142 185 144 160 194 158 132 156 33 62 101 172 52 126 55 86 101 114 106 92 120 87 18 74 30 68 98 113 97 128 191 83 30 99 54 64 100 197 82 149 177 103 170 6 81 92 27 183 36 125 119 99 25 126 42 94 67 126 84 15 41 25 25 55 112 120 163 174 10 24 46 144 122
175 151 154 7 147 161 94 100 111 160 21 191 10 113 14 83 26 129 158 120 93 160 43 131 99 84 5 170 132 31 177 146 189 79 42 146 88 134 60 87 49 18 78 43 87 165 97 38 83 107 106 64 77 111 153 111 180 11 65 146 184 125 168 191 61 165 52 22 127 12 164 18 52 20 195 26 15 171 68 185 28 79 81 35 49 177 142 59 160 53
45 130 49 36 48 122 61 159 13 23 132 132 58 190 43 171 40 124 6 182 48 53 37 110 199 197 75 44 92 117 72 56 40 167 32 180 1 109 167 120 102 119 16 102 83 28 31 144 126 164 126 109 80 158 53 147 10 183 139 132 136 11 58 188 11 148 76 57 64 93 92 17 160 72 88 147 119 106 109 72 53 146 198 153 178 133 147 140 10 79
189 65 80 175 22 199 91 65 14 175 196 20 121 24 137 11 33 76 57 157 47 163 136 48 84 12 200 183 66 156 60 154 6 122 138 152 197 109 131 174 107 190 75 94 110 80 43 157 92 148 117 54 110 133 80 98 148 111 169 142 132 129 193 46 157 86 170 22 196 152 62 155 50 192 73 177 134 6 66 121 181 115 33 190 30 138 126 120 171 107
67 50 130 189 53 37 136 34 97 174 94 148 107 84 145 29 173 5 21 118 61 180 27 180 15 2 111 159 111 25 24 14 46 70 100 70 12 35 73 111 199 78 162 187 176 142 99 16 126 189 118 10 8 167 55 178 47 130 176 16 16 139 41 91 183 30 66 108 126 149 120 125 51 85 185 141 16 149 60 95 14 48 144 33 180 28 37 71 31 58
197 123 117 6 62 63 22 122 83 106 141 21 192 41 25 110 124 119 56 125 80 97 149 90 2 84 134 48 190 161 127 104 96 156 66 76 80 185 68 50 195 64 31 29 182 97 170 154 133 108 13 45 112 4 183 160 164 183 9 151 92 65 49 27 174 56 176 137 9 42 122 25 158 100 63 83 68 106 19 170 187 173 106 142 28 112 196 54 38 37
77 156 199 100 128 148 47 69 66 191 176 125 109 139 107 196 87 159 152 33 98 110 60 92 30 70 107 67 4 181 96 140 62 173 45 115 62 120 50 134 81 181 191 20 114 191 52 110 165 63 107 37 54 183 167 32 187 31 43 172 68 21 173 76 58 90 25 91 71 69 35 25 51 197 141 45 158 136 1 22 121 105 144 117 171 120 139 172 20 31
37 30 119 69 157 23 67 109 98 134 69 14 49 93 135 67 120 1 145 181 45 131 120 49 141 65 94 111 147 18 94 89 135 13 5 72 138 171 60 167 91 65 100 82 30 139 2 96 128 50 24 11 159 58 181 91 127 125 93 49 122 168 74 159 198 18 34 140 56 190 25 52 150 98 23 78 16 129 10 139 169 121 102 91 56 4 32 141 195 141
7 67 178 146 124 59 186 130 55 96 117 104 89 169 127 31 54 51 149 79 59 73 67 29 114 81 123 174 54 154 75 55 53 145 198 95 150 59 4 114 4 138 24 175 197 65 18 44 188 47 47 26 75 100 100 167 28 78 123 90 192 193 79 76 162 9 155 89 79 119 186 24 25 58 141 152 71 200 55 92 15 147 150 51 3 161 42 197 159 197
128 68 89 69 110 144 50 158 56 60 68 44 60 1 166 48 122 148 133 55 84 155 60 55 67 188 17 166 144 52 112 62 151 88 173 23 181 47 75 103 156 97 44 173 175 183 32 145 149 103 198 187 52 51 126 172 186 38 13 172 162 44 172 49 193 146 90 197 135 125 60 143 25 167 174 66 96 100 9 71 177 121 169 187 151 192 190 147 64 112
166 153 3 159 111 35 50 161 110 109 110 39 150 59 132 24 156 123 177 165 60 90 129 37 156 82 98 46 118 74 20 60 48 83 104 117 155 104 55 56 122 176 17 73 111 185 18 124 23 27 97 68 196 95 134 23 178 146 78 186 54 139 114 193 75 3 23 100 54 31 192 22 196 200 40 79 42 56 129 149 31 39 4 9 136 8 101 130 144 48
163 84 36 54 92 165 23 74 145 189 139 147 11 188 176 172 169 56 174 104 187 81 95 76 24 25 160 60 83 47 166 99 117 142 31 58 24 111 92 85 149 151 85 14 34 132 74 150 192 169 195 71 130 58 193 18 19 106 42 95 140 107 131 59 134 87 111 90 148 105 135 54 193 107 181 11 56 103 53 185 155 141 133 124 95 53 11 128 70 85
184 50 23 23 169 52 150 189 74 69 77 59 154 81 62 12 78 39 31 199 181 70 139 144 106 106 12 1 134 145 137 37 52 42 112 5 64 19 132 82 92 85 44 135 129 74 179 2 145 185 175 39 194 85 75 71 39 1 75 189 153 30 47 176 45 146 49 152 48 200 92 26 132 139 133 168 170 118 114 178 132 93 107 99 79 134 35 120 164 182
186 138 141 3 72 54 8 148 63 26 88 39 154 150 145 6 86 1 45 39 37 92 119 190 84 153 104 37 22 93 127 93 172 16 71 62 193 56 116 71 109 132 77 27 87 32 98 185 41 200 138 100 10 101 199 190 28 38 5 61 21 142 189 88 13 173 141 68 152 174 79 33 123 123 196 67 29 147 90 72 166 152 137 15 72 67 157 13 172 11
84 10 14 52 109 67 159 166 36 130 6 197 190 121 177 64 180 152 6 23 67 41 153 186 33 145 116 89 103 60 180 134 111 200 169 115 145 70 132 139 124 178 187 87 140 1 47 174 192 112 181 102 97 98 188 78 29 185 55 82 193 25 113 197 179 72 196 110 68 101 108 191 92 74 91 176 172 182 47 155 56 103 3 156 38 133 133 35 119 197
92 145 132 176 26 77 39 162 62 134 154 21 62 169 81 107 135 197 77 124 42 35 193 72 20 45 52 85 64 34 44 191 134 181 185 52 149 107 178 103 87 40 102 28 185 77 48 127 130 171 159 121 102 10 13 179 47 30 165 93 147 12 2 100 186 82 38 21 46 7 103 184 116 158 85 10 194 49 99 102 136 53 123 123 114 102 72 82 37 169
104 44 5 119 193 79 92 16 53 122 50 150 178 29 27 44 112 194 194 17 200 78 22 67 99 44 174 199 19 192 97 37 57 109 88 199 177 112 102 42 154 95 18 37 30 10 124 79 56 29 78 29 196 7 167 132 6 151 98 191 158 190 53 78 163 135 163 53 187 100 2 200 138 152 28 135 34 4 112 193 118 24 193 94 161 192 146 105 164 174
10 27 54 120 161 99 183 70 11 178 160 196 147 61 93 158 25 29 187 100 65 40 81 150 174 103 82 157 99 4 193 188 193 82 177 34 2 135 95 174 171 194 72 167 57 41 73 153 45 12 13 98 198 158 189 73 116 4 135 130 166 25 189 186 101 64 127 136 98 110 136 126 157 154 140 29 86 190 17 33 16 44 112 3 200 159 120 127 118 64
116 28 91 23 86 85 148 198 58 161 24 88 163 88 119 183 116 165 109 174 112 116 20 132 84 182 160 39 170 131 52 122 106 135 92 7 54 185 145 10 17 95 109 111 134 81 50 109 35 52 131 155 75 92 41 115 16 68 132 111 166 165 47 113 57 134 143 76 14 107 39 44 172 162 164 35 93 45 77 128 112 178 136 96 11 175 147 199 101 113
177 68 115 21 93 155 54 79 156 6 84 183 178 50 137 173 31 45 171 94 108 186 182 129 41 73 18 92 98 99 111 37 50 64 82 62 93 11 111 178 196 2 189 189 72 55 94 103 110 108 123 69 68 14 86 164 21 195 134 97 131 182 167 57 173 25 65 24 37 153 182 118 38 93 80 47 138 197 13 39 103 84 154 153 22 23 175 26 31 170
160 180 24 144 123 31 177 123 153 3 186 41 110 34 183 62 71 80 65 75 79 16 17 31 11 46 151 35 42 145 199 84 83 9 127 113 157 37 179 25 55 123 62 24 168 194 74 107 114 136 63 146 25 130 176 3 176 90 187 41 63 195 153 187 81 151 81 161 183 118 59 39 99 193 108 90 50 21 146 100 166 106 103 174 171 60 108 103 19 134
153 195 184 29 167 12 9 93 129 46 53 80 174 21 160 138 77 112 101 110 108 98 163 111 130 37 95 179 186 131 144 22 148 130 16 61 53 26 26 37 167 183 7 145 91 54 133 171 9 80 152 189 66 20 134 98 160 37 158 3 117 196 19 165 45 97 187 78 177 151 187 147 21 123 93 99 159 175 83 39 34 137 23 161 76 40 6 120 74 195
78 140 111 77 45 35 74 152 110 137 24 100 123 188 4 118 171 19 9 73 16 29 57 93 136 9 159 129 80 157 6 53 38 105 198 158 141 19 27 188 192 184 121 175 36 67 91 89 35 123 20 27 100 22 106 58 153 131 70 141 11 4 53 93 69 139 188 68 181 36 200 8 184 103 179 17 108 39 104 83 13 105 5 142 28 145 33 51 103 150
129 112 140 12 136 14 8 80 193 101 28 49 163 138 119 178 49 111 102 144 96 94 18 65 3 161 29 87 176 74 151 3 39 171 168 130 171 9 55 82 47 3 160 182 32 200 4 17 26 63 175 109 11 179 20 3 72 158 164 67 182 98 182 192 47 98 54 39 199 138 88 71 25 58 13 56 186 71 99 45 167 111 67 64 64 114 182 191 125 184
2 28 17 79 180 99 25 23 30 193 11 142 41 85 172 132 130 93 129 195 137 17 25 160 71 2 193 62 13 163 33 105 186 31 186 189 107 161 88 71 112 55 132 1 173 126 161 95 123 119 121 151 63 81 79 193 171 68 136 54 28 142 130 14 189 127 20 12 49 157 48 77 120 52 191 89 16 197 137 176 21 140 68 42 195 122 171 151 168 121
102 32 36 125 157 116 51 37 57 172 133 170 121 52 162 180 40 75 167 95 80 6 45 198 65 64 200 87 159 71 161 88 70 111 8 30 13 51 76 79 92 86 47 167 144 61 146 194 79 128 81 88 55 35 92 176 191 13 174 112 66 168 178 93 35 1 116 49 81 169 153 98 106 133 89 121 141 48 162 63 23 139 76 197 152 170 198 23 32 142
193 67 118 99 33 193 144 160 192 63 2 89 80 97 179 152 126 57 8 40 113 14 80 16 183 45 198 79 63 155 102 55 7 173 124 140 127 137 87 68 19 132 35 176 122 186 8 127 27 55 6 189 15 77 111 184 31 67 129 168 103 21 151 10 29 167 37 103 185 96 132 55 144 121 82 159 142 184 66 187 29 165 4 44 153 30 30 22 113 99
49 10 188 5 196 152 133 68 89 171 104 28 9 1 150 170 129 136 5 45 41 166 32 107 64 193 77 102 177 196 5 151 156 32 168 96 199 52 3 43 198 112 123 26 153 127 178 106 10 16 13 63 174 152 38 70 101 59 172 130 114 81 51 167 139 200 136 124 74 148 79 61 163 98 105 42 117 44 12 62 114 177 185 103 72 159 108 98 57 134
71 149 120 178 173 192 178 160 163 97 156 200 87 156 73 35 103 143 120 158 113 177 36 96 126 173 146 91 144 140 64 150 106 27 19 59 88 88 4 84 131 50 148 116 47 41 102 147 9 103 178 150 32 155 16 153 70 191 35 68 167 68 43 181 14 153 123 2 38 156 129 165 101 59 103 119 142 36 117 158 61 22 168 91 182 139 152 186 87 78
169 53 64 192 82 101 70 36 73 74 78 190 102 185 181 153 125 130 15 90 30 103 33 150 139 92 67 78 80 141 79 128 182 28 97 175 170 62 84 7 140 45 18 54 177 161 84 24 134 79 68 169 186 116 22 104 107 48 44 15 174 16 25 147 153 72 195 91 5 30 167 89 161 153 140 110 137 169 39 107 155 183 190 116 168 175 10 106 145 100
148 136 33 117 111 176 178 82 93 143 193 18 110 172 123 79 187 95 74 191 97 67 159 77 122 185 119 113 14 83 124 7 33 91 43 158 35 136 57 111 168 3 29 98 59 55 95 67 142 198 163 61 185 178 72 71 26 73 6 162 110 135 6 165 117 162 108 152 136 2 27 54 83 11 45 57 115 40 132 118 111 155 78 199 157 80 2 169 43 174
94 198 178 170 139 131 111 139 19 104 125 92 192 112 48 156 96 107 79 134 198 147 119 7 48 57 19 194 2 99 97 183 118 165 180 54 13 169 130 188 32 116 98 49 35 23 107 152 135 25 22 144 120 92 11 95 12 107 159 157 48 94 4 67 191 107 100 172 52 113 43 96 38 45 126 10 21 5 75 182 185 46 130 156 161 192 185 113 75 9
31 7 105 114 7 33 41 179 84 47 39 34 141 125 170 4 44 43 74 193 13 71 87 18 194 158 115 99 31 197 134 3 113 106 181 29 56 181 150 131 64 91 95 69 30 92 140 53 20 17 134 53 12 102 90 158 29 61 172 138 114 140 101 47 187 95 182 147 122 4 4 112 12 132 153 60 146 92 25 108 52 158 200 50 75 196 40 147 114 129
86 79 172 89 112 90 143 177 129 138 37 155 86 168 67 43 15 62 178 139 49 113 36 68 70 72 196 36 120 97 144 82 175 166 22 55 144 139 52 138 134 26 80 23 31 190 114 76 63 121 171 53 169 153 181 154 128 14 15 24 10 59 147 73 76 73 81 73 76 42 199 197 8 88 81 143 64 40 166 124 84 82 59 65 100 110 129 188 73 187
158 80 158 31 39 172 41 110 142 184 19 188 122 177 23 86 154 125 36 155 130 5 13 37 98 8 114 79 102 133 55 162 78 52 36 179 49 18 193 125 190 9 158 162 124 43 185 189 39 63 84 160 41 80 85 195 168 66 179 114 35 122 165 112 110 195 25 102 24 94 142 46 94 142 11 126 134 119 38 108 105 95 81 138 62 14 190 88 36 137
53 129 51 127 188 128 191 43 114 58 112 139 137 42 89 161 66 118 184 155 34 65 170 147 147 144 33 88 9 121 99 114 169 59 127 18 164 117 152 53 133 85 62 127 190 19 104 15 115 135 173 17 120 71 170 9 23 175 1 78 96 85 60 119 179 148 27 119 182 29 30 194 46 182 190 135 72 107 100 107 94 116 154 165 41 77 173 142 128 61
113 155 136 17 68 88 96 99 42 51 118 178 109 115 164 194 76 136 185 57 118 197 163 148 75 172 83 58 37 197 2 89 42 140 144 32 47 94 15 25 195 109 57 198 189 141 72 110 113 141 165 175 68 73 122 199 130 164 114 120 159 40 111 64 149 33 83 194 77 141 168 36 148 68 81 175 164 158 23 171 139 183 195 180 199 189 140 72 133 167
32 130 119 43 183 155 40 123 103 94 13 82 25 106 133 175 118 49 78 27 177 37 141 178 123 130 27 190 43 29 21 192 133 139 60 194 179 69 143 19 42 83 33 70 26 56 139 126 32 17 131 74 164 125 127 125 46 105 30 180 46 74 1 113 67 128 142 16 190 29 58 157 9 113 25 158 119 171 47 195 177 93 112 75 89 125 178 57 30 47
108 41 28 41 180 6 183 52 72 147 65 83 87 40 139 4 99 112 113 69 79 101 110 97 104 126 69 39 182 2 182 179 105 27 122 82 106 163 138 62 149 196 53 147 117 60 33 68 138 165 75 115 127 150 47 153 130 88 131 100 148 115 120 8 39 57 174 157 177 1 150 41 149 135 166 11 183 184 9 88 48 5 166 109 152 23 51 120 33 169
131 199 187 74 94 8 170 167 155 200 111 155 3 72 49 181 30 33 119 17 124 87 163 106 18 28 133 23 29 36 61 177 195 90 59 200 91 14 37 18 70 179 180 47 63 171 107 161 57 63 146 194 75 150 192 97 31 160 165 35 68 175 41 176 1 76 50 43 88 146 126 16 93 106 101 111 94 5 23 48 2 21 56 15 145 177 41 176 20 31
169 94 42 195 76 155 117 103 54 141 192 128 95 168 75 102 141 108 191 93 112 177 38 20 25 41 190 65 87 102 81 8 47 80 129 139 114 130 84 110 178 30 2 193 31 163 68 66 95 70 188 135 73 126 159 36 129 163 116 88 160 113 85 173 68 44 200 6 6 135 3 161 105 78 65 65 164 71 33 165 30 175 9 145 2 74 161 140 104 150
91 178 177 183 33 151 174 173 59 137 38 113 161 140 41 167 3 118 81 70 92 92 68 99 166 117 15 65 138 9 165 165 92 122 25 83 184 49 199 137 43 87 17 8 21 155 72 114 151 114 11 5 121 43 37 186 106 101 191 27 156 102 198 10 21 123 69 106 32 80 138 7 99 141 79 27 76 5 181 170 108 154 80 56 43 170 199 199 51 135
40 33 18 118 84 73 16 55 61 13 105 77 142 200 141 31 131 79 189 95 127 106 95 178 186 178 157 148 147 81 22 155 43 18 44 101 60 114 138 102 192 184 4 154 27 108 17 16 132 45 81 170 49 54 172 77 88 147 174 127 20 137 162 136 51 56 39 83 149 103 115 152 119 31 195 111 82 152 61 44 147 30 30 83 121 174 2 7 87 1
151 163 163 100 186 105 119 156 34 155 141 152 135 149 73 182 46 87 27 156 79 126 121 150 163 171 147 194 22 14 8 189 56 24 52 43 110 116 107 170 180 54 153 139 95 163 161 86 127 119 100 24 10 71 9 109 83 148 93 79 122 96 54 129 41 54 57 178 8 143 170 197 6 21 198 46 41 129 115 55 133 133 112 164 184 134 179 36 200 29
104 21 98 188 44 110 83 34 199 122 179 166 53 128 83 180 70 163 23 176 38 6 70 103 158 153 83 112 80 113 166 96 195 194 17 130 107 161 10 81 43 34 96 135 29 164 140 38 182 174 35 132 175 185 154 91 101 30 74 76 141 159 58 170 184 195 74 147 56 13 171 128 85 127 28 102 46 27 43 147 55 98 118 133 179 110 80 176 13 40
186 92 100 95 131 134 71 57 52 159 108 165 91 113 71 152 61 71 166 47 140 197 156 175 98 59 173 187 82 101 115 56 122 161 4 173 90 148 84 173 153 173 57 52 82 63 104 200 96 129 65 139 35 66 54 139 88 188 191 50 164 120 72 170 61 40 48 77 73 27 138 100 6 169 67 59 194 123 148 196 6 111 186 110 83 134 191 198 88 99
168 50 114 56 161 40 71 168 97 138 39 13 99 136 37 163 172 154 172 95 148 155 128 144 197 109 196 60 7 136 34 120 77 181 117 26 16 95 1 187 72 144 13 91 195 105 32 51 40 47 104 86 27 121 22 18 154 198 108 172 142 139 187 85 153 123 102 176 107 120 67 66 183 91 146 169 61 37 89 166 162 61 93 81 12 75 86 123 93 116
196 50 11 7 160 194 6 76 138 154 95 3 8 29 92 153 77 15 191 107 48 186 35 187 181 151 11 24 106 163 21 164 9 153 176 10 167 59 47 200 54 92 19 151 105 179 73 182 3 102 35 88 59 123 115 150 35 118 24 135 184 62 97 1 164 157 45 112 149 32 177 55 105 9 160 116 49 49 116 183 176 93 176 65 167 117 193 38 200 51
6 166 6 67 176 2 55 103 149 182 43 122 71 182 41 122 49 51 10 61 33 161 31 140 47 62 176 177 137 30 96 57 159 86 63 96 81 38 31 10 77 112 80 19 121 175 190 192 81 25 196 1 177 22 180 57 94 69 87 153 91 166 141 174 159 41 163 22 7 62 126 22 63 176 35 81 173 196 122 139 174 76 27 115 46 188 97 118 13 89
182 72 98 168 26 6 20 151 104 172 8 147 159 161 159 166 126 91 170 55 86 51 38 119 89 47 177 87 66 22 101 167 27 27 132 169 55 193 53 129 88 190 82 158 111 8 1 88 101 63 88 167 35 42 166 11 24 140 45 189 123 35 110 184 85 176 192 74 41 54 90 193 92 150 59 194 1 13 60 125 141 106 108 67 68 5 183 28 168 163
45 117 178 171 72 188 57 78 126 67 151 187 152 88 160 94 45 140 145 134 68 25 179 32 101 66 101 83 183 189 133 177 129 94 15 100 11 179 189 63 54 141 16 98 190 111 8 30 24 135 159 13 110 8 140 114 171 193 42 112 170 77 68 122 4 18 196 130 180 42 100 113 178 20 93 180 23 173 138 12 104 45 90 78 47 9 14 192 32 159
123 192 175 28 158 112 162 194 61 194 3 136 141 192 128 10 48 66 190 33 151 181 188 70 27 116 110 146 62 44 84 169 84 19 1 32 78 167 61 126 149 132 149 32 189 107 154 1 125 100 75 142 173 100 188 196 38 18 62 156 11 60 7 76 159 99 196 61 23 142 86 199 55 161 26 79 189 132 45 16 46 121 77 154 69 51 139 117 149 127
171 99 121 198 71 84 123 88 34 78 90 174 62 33 128 55 9 120 132 145 49 152 36 179 76 123 26 152 1 193 23 34 117 177 169 78 70 177 176 146 67 176 147 9 189 112 149 1 192 15 33 187 137 102 188 112 25 147 68 97 52 97 105 1 98 7 190 147 196 14 68 168 56 74 11 94 186 177 34 26 37 11 143 130 149 165 15 167 23 90
40 43 86 27 108 19 83 61 102 83 29 117 134 115 36 130 150 170 2 49 175 169 152 63 107 184 139 54 164 26 24 27 194 160 69 100 195 171 80 118 101 37 111 24 48 111 123 141 144 151 59 15 15 102 38 120 50 33 197 122 107 29 128 100 2 128 7 85 32 116 132 124 160 46 11 12 127 42 52 14 59 5 170 179 192 162 79 178 84 192
115 151 91 33 104 129 192 160 134 115 174 198 149 14 8 129 72 151 147 78 127 121 37 154 152 173 16 41 56 51 93 87 107 6 59 146 179 161 53 119 192 77 164 37 191 60 159 30 102 100 164 176 192 121 101 102 158 71 124 136 123 15 41 6 52 190 155 200 35 7 56 117 142 87 64 176 44 141 120 99 34 57 157 197 85 156 146 28 36 113
113 90 167 163 37 115 36 95 111 161 2 104 153 60 75 136 17 42 175 22 91 110 103 170 196 73 120 108 151 7 46 36 28 42 49 31 162 172 115 50 175 171 39 28 20 121 198 84 99 151 70 105 36 189 197 160 10 88 107 78 2 113 188 93 196 158 107 61 35 71 10 73 115 171 168 46 18 59 128 99 125 25 3 177 182 55 172 72 136 99
85 103 143 196 59 16 60 3 46 145 74 169 3 142 157 8 48 173 81 109 73 82 6 104 142 52 59 145 181 53 96 134 4 134 83 85 79 47 85 46 185 158 16 183 70 183 189 83 64 196 160 176 38 83 139 157 200 11 142 34 58 172 12 154 153 129 110 108 141 54 184 12 138 102 168 151 158 149 199 102 68 17 171 39 183 55 149 98 101 49
138 49 193 151 183 62 106 142 2 38 138 27 70 79 191 169 2 161 53 104 61 19 105 1 162 78 103 124 90 17 34 160 87 76 145 84 197 189 80 74 91 102 68 106 151 18 160 51 155 93 73 172 186 11 178 39 76 46 148 10 166 106 98 191 16 200 95 25 130 72 86 137 5 156 40 134 133 31 145 145 194 74 20 22 157 199 111 140 20 54
63 118 166 197 183 154 48 187 83 84 131 143 45 22 154 164 144 56 23 157 110 30 121 86 98 192 114 18 132 137 153 2 112 163 24 97 80 13 110 104 196 46 175 181 66 78 63 102 113 85 178 128 145 176 44 167 67 63 168 186 188 84 163 158 43 5 130 33 76 166 198 128 137 131 37 100 189 48 30 59 92 197 79 85 99 119 159 82 57 191
9 50 73 157 49 193 174 102 2 199 148 85 107 70 60 62 32 42 189 125 25 134 33 33 162 133 174 199 133 24 198 11 132 109 141 150 84 200 84 78 153 156 133 45 44 105 171 148 146 149 44 162 92 13 11 187 190 144 108 140 197 5 14 151 54 173 153 2 175 133 29 21 166 19 142 156 22 78 181 56 108 32 72 106 74 181 179 126 145 48
