30 	
8	12
0	2	2	8	5	
0	9	5	69	5	
0	8	1	64	2	
0	9	4	63	7	
0	2	5	75	5	
0	4	1	5	4	
0	1	1	43	6	
1	9	8	11	9	
1	1	6	28	2	
0	5	3	27	1	
1	8	8	23	7	
0	6	2	20	7	
1	1	1	54	4	
0	2	6	50	1	
0	9	6	43	3	
1	1	2	5	5	
0	5	9	41	2	
1	8	6	3	5	
1	9	8	11	9	
0	1	3	42	9	
0	5	2	28	5	
1	2	2	19	4	
1	7	3	54	4	
1	2	7	27	5	
1	8	5	60	3	
1	4	6	12	5	
0	4	2	11	8	
1	9	6	42	1	
0	3	2	49	3	
1	8	6	40	4	
168 135 123 190 14 86 78 93 36 44 62 51 128 188 156 47 111 168 181 36 113 32 6 162 70 152 107 100 38 41
71 168 47 50 183 90 31 69 133 78 110 105 52 146 156 114 69 43 62 44 45 128 179 98 169 151 170 110 109 9
182 116 196 153 187 118 138 199 29 107 106 35 82 12 179 190 96 36 43 45 103 135 61 68 21 180 200 134 123 106
61 8 154 113 130 112 18 48 180 69 168 177 31 168 129 162 173 106 37 98 55 76 85 102 8 17 156 129 43 14
92 181 49 185 54 108 111 171 39 3 106 122 31 75 34 41 39 178 123 100 10 134 52 27 51 180 155 150 157 171
166 28 48 13 24 9 167 61 37 171 153 151 61 56 157 46 49 6 45 129 171 74 172 71 175 151 63 116 54 9
146 169 150 106 95 123 182 100 1 59 16 40 140 10 162 119 68 89 149 12 112 127 39 69 6 120 91 53 199 148
51 170 104 108 72 82 31 12 92 117 43 7 125 88 154 122 125 96 122 194 122 10 138 198 180 70 172 129 124 139
192 38 200 73 14 40 152 184 33 88 66 47 154 197 61 72 54 122 117 99 144 180 160 176 174 129 107 179 101 27
87 51 37 94 117 61 101 19 160 156 145 62 112 160 188 111 155 76 193 108 197 198 53 2 198 15 11 97 102 74
149 6 103 87 168 193 168 133 101 197 37 130 83 182 65 142 63 106 1 132 17 130 195 136 9 196 24 123 152 7
200 36 199 64 196 134 165 107 193 52 30 151 103 10 55 79 108 57 85 77 182 92 180 155 42 33 193 120 64 182
112 51 38 98 18 64 83 89 102 85 14 98 7 43 26 179 57 41 124 144 155 179 117 90 42 106 34 79 158 5
85 17 115 80 93 66 69 193 98 12 3 56 5 7 20 162 63 191 143 156 117 55 82 115 129 36 158 7 26 198
136 20 143 156 57 124 124 101 162 126 100 109 37 95 130 123 130 57 192 166 48 69 33 119 150 177 131 13 184 128
129 165 5 56 172 143 122 95 43 172 60 111 81 157 185 74 75 165 168 167 102 40 66 134 7 88 20 135 175 119
38 96 54 73 179 200 173 14 190 113 102 122 190 148 110 35 12 12 163 42 5 85 24 63 189 137 200 167 77 155
159 24 189 123 107 165 138 93 27 178 34 71 198 181 103 117 90 30 191 1 151 30 43 20 145 156 33 163 167 110
167 34 66 166 89 8 59 189 98 56 193 24 157 149 116 43 118 12 179 68 15 150 149 45 45 34 178 77 38 40
179 101 15 144 52 75 164 160 71 142 31 58 175 44 177 149 138 176 192 124 13 13 58 32 7 54 17 33 22 151
110 150 143 157 81 200 85 144 40 161 164 1 52 22 87 137 121 37 183 65 200 96 22 110 87 117 110 104 6 80
27 173 126 198 157 186 26 116 82 138 145 125 175 87 155 51 133 151 135 18 24 144 48 165 90 8 156 53 102 19
174 199 76 173 17 60 122 190 14 104 148 159 81 15 2 184 43 90 134 6 117 164 36 151 67 38 10 81 24 129
47 69 51 21 103 131 24 34 89 14 127 56 70 166 108 129 55 172 74 175 63 187 33 151 16 56 115 192 91 143
135 186 71 163 175 61 146 75 154 200 35 67 140 133 173 65 16 126 25 23 117 35 110 156 88 92 16 189 149 37
62 4 152 174 36 28 109 26 66 116 114 186 109 117 145 163 25 166 55 84 48 20 186 104 120 159 166 122 194 54
54 46 54 171 55 180 195 145 133 69 182 146 187 2 108 75 73 39 42 30 26 117 23 105 49 117 31 85 128 24
110 140 123 105 138 3 80 36 56 18 55 64 111 95 21 154 85 162 112 65 173 110 180 107 86 185 134 21 169 77
156 116 155 188 77 130 162 102 107 116 10 64 125 165 29 16 198 179 181 182 99 29 110 6 58 133 49 24 119 108
135 197 111 69 117 174 12 51 43 41 110 187 42 100 177 35 36 130 134 140 95 96 119 123 10 59 154 10 140 99
184 96 139 130 99 169 184 161 129 117 86 100 194 121 55 52 125 151 11 159 44 67 104 132 3 42 4 133 99 91
