40 	
8	47
1	34	6	580	1	
0	50	7	111	3	
0	49	6	564	1	
1	92	7	201	6	
1	37	6	703	1	
0	37	3	613	6	
0	5	4	452	9	
1	32	1	281	6	
1	93	5	601	9	
1	31	9	292	7	
0	70	6	728	9	
0	5	6	503	4	
1	81	9	855	1	
0	46	6	530	5	
1	80	9	589	3	
0	79	6	497	1	
1	83	8	150	7	
1	19	9	647	3	
0	49	1	682	9	
0	25	3	438	6	
1	31	7	182	8	
1	97	6	134	9	
1	64	3	895	7	
1	41	2	134	4	
0	90	7	778	2	
1	10	7	797	7	
0	64	5	912	8	
1	59	5	969	4	
1	64	5	604	4	
1	37	4	37	6	
1	37	1	398	2	
1	4	4	886	3	
0	80	7	14	7	
1	37	3	267	8	
0	4	7	464	5	
0	61	5	742	4	
0	72	5	293	9	
0	73	9	997	5	
1	39	4	653	5	
1	61	7	683	9	
184 113 185 169 12 200 149 129 103 123 48 122 16 115 132 97 44 104 51 153 2 146 61 49 141 46 102 119 198 139 2 105 35 20 71 4 18 23 135 124
91 159 112 111 115 18 5 186 96 167 4 67 128 157 137 138 14 179 52 79 45 101 57 105 48 188 91 53 109 62 179 33 102 151 21 66 171 56 130 78
65 38 60 43 173 74 48 3 168 128 79 32 179 55 107 186 12 191 41 106 35 108 95 124 22 30 183 107 62 183 82 146 24 72 19 164 144 172 119 61
36 189 69 159 64 64 129 110 86 114 100 141 84 14 23 90 121 34 136 56 198 35 86 58 137 118 192 104 15 161 108 147 139 125 170 128 163 7 59 149
112 132 11 38 114 77 8 92 182 92 51 47 37 55 113 38 150 18 174 30 83 34 55 174 110 66 63 67 123 148 90 193 97 70 129 103 148 125 52 128
185 124 30 79 127 46 75 58 5 77 127 20 129 193 109 4 35 35 187 137 155 162 124 164 156 93 123 37 138 141 184 22 157 69 146 128 43 96 138 122
190 3 196 64 38 163 92 173 95 153 154 32 104 29 3 82 194 193 93 85 38 117 100 193 154 65 136 143 131 136 23 42 77 60 104 57 79 111 96 142
16 19 29 168 39 65 121 86 96 151 143 174 176 89 173 73 61 34 17 27 193 9 21 182 28 61 95 119 117 80 136 173 172 63 32 30 4 149 34 156
79 178 171 188 91 110 95 146 49 165 41 125 64 49 114 115 63 178 185 1 24 69 137 18 135 21 9 48 145 16 50 79 17 88 103 175 179 125 64 43
4 65 162 18 93 137 91 16 147 46 34 56 146 26 162 114 150 65 142 200 168 68 88 41 195 24 198 135 174 193 193 13 104 136 116 28 141 165 14 149
58 40 122 23 115 45 107 96 145 116 184 132 47 139 11 42 119 180 177 21 149 111 100 78 80 149 63 62 87 35 56 41 120 137 64 16 109 177 167 46
71 108 172 62 26 126 28 173 158 17 141 160 51 50 90 121 69 196 169 143 139 56 139 58 154 86 197 90 160 118 173 35 129 80 180 5 73 144 134 18
146 45 64 81 73 85 130 26 49 5 85 199 170 67 8 134 151 179 129 62 41 180 200 73 85 135 120 65 157 96 111 76 50 152 95 51 77 94 13 148
90 29 7 180 126 89 172 8 11 179 11 133 12 119 106 54 192 82 135 9 137 150 4 66 98 84 78 37 92 180 91 161 6 74 200 57 55 18 173 176
89 105 153 93 8 75 92 183 181 110 67 185 162 160 190 82 182 51 22 197 37 12 167 65 114 7 128 177 18 161 176 151 6 12 172 68 146 131 51 171
182 53 77 75 129 104 30 50 183 57 132 45 111 19 112 100 200 18 55 57 150 105 154 15 132 29 125 154 26 170 185 147 51 70 63 146 14 191 18 53
65 95 5 165 183 157 69 125 132 115 195 126 147 149 36 151 21 11 33 88 160 167 114 94 179 32 27 84 142 17 197 58 46 123 129 36 185 163 7 179
10 13 200 114 146 106 32 87 6 145 162 82 166 112 162 144 181 10 82 12 56 40 187 140 171 27 28 22 67 147 86 42 55 35 97 113 52 87 110 51
52 184 26 104 24 185 21 108 12 80 194 156 62 86 109 23 147 158 77 117 173 34 137 136 141 184 6 108 115 134 19 82 53 120 24 26 59 19 125 171
74 18 48 85 134 156 21 110 53 27 6 164 113 119 99 130 149 137 126 186 52 152 136 64 48 120 129 89 172 19 76 128 185 113 21 18 182 76 192 165
102 98 117 181 57 25 50 191 108 119 72 179 29 98 105 175 148 6 189 179 16 170 67 27 128 159 42 43 123 126 165 93 78 142 9 9 177 59 104 109
188 30 137 145 177 79 97 102 141 57 184 48 187 117 110 165 101 34 68 143 10 129 71 145 134 43 146 193 162 171 104 153 107 19 142 36 19 116 111 24
57 60 11 36 40 6 192 155 164 34 16 25 8 188 5 43 197 160 64 76 70 48 185 149 101 91 149 104 13 3 54 51 41 34 113 172 75 6 70 185
109 114 32 192 133 176 171 135 64 67 93 76 120 102 45 80 162 114 183 120 31 194 46 78 31 139 108 72 194 92 143 146 90 185 27 102 195 168 2 82
183 97 184 117 33 148 15 170 2 44 189 154 73 96 75 115 12 74 120 113 10 166 86 150 15 127 137 22 16 13 77 77 121 35 141 193 171 28 109 111
102 199 174 56 63 187 11 153 149 11 155 108 76 169 62 133 120 154 171 42 52 31 69 46 131 166 113 149 28 192 23 142 97 151 25 165 35 59 193 156
53 67 162 3 48 94 170 55 102 184 8 180 112 94 27 134 135 85 97 10 152 192 15 164 58 99 141 191 163 144 111 14 93 108 160 71 167 39 37 46
135 43 149 110 10 4 108 190 58 178 64 177 114 143 192 73 42 109 199 76 169 14 67 57 164 56 118 141 197 186 183 192 27 167 66 108 16 174 104 141
14 84 93 16 197 163 69 25 115 4 11 103 129 185 25 97 111 65 99 194 37 36 169 52 181 111 55 6 118 87 166 51 138 35 118 144 169 58 71 96
134 44 154 112 159 167 72 64 31 187 22 91 143 141 18 15 111 26 68 187 69 1 143 130 97 139 142 39 195 188 80 49 83 168 94 161 69 83 137 180
88 196 53 126 44 88 184 77 43 178 92 81 35 72 12 83 3 193 140 95 140 83 70 177 109 197 88 171 112 75 43 33 92 1 107 101 88 167 35 66
123 25 50 77 130 52 95 148 69 7 186 76 119 162 58 10 17 33 19 143 123 137 10 172 135 62 198 68 165 88 57 121 116 159 39 174 178 108 64 81
40 80 96 92 115 91 180 57 139 137 72 155 91 160 4 163 37 179 36 120 122 194 166 126 45 179 65 175 198 74 198 159 43 84 114 58 6 114 5 97
147 24 128 35 18 42 93 36 123 91 98 92 41 71 157 131 105 101 40 139 82 186 110 169 150 55 17 120 156 175 84 189 147 9 183 17 110 18 180 9
95 199 95 192 195 95 127 160 113 6 144 102 111 26 172 130 159 36 126 192 77 155 196 76 165 94 152 70 45 7 42 156 139 17 70 125 190 100 91 190
64 68 121 113 57 45 145 138 61 107 26 91 194 119 87 84 175 151 193 141 126 178 35 137 18 183 170 106 120 147 77 174 65 5 112 151 194 76 150 136
150 66 85 119 129 1 171 72 186 93 157 120 3 143 85 170 85 147 107 73 89 190 166 82 115 94 64 109 85 134 113 64 149 139 131 19 24 5 183 132
44 131 155 45 74 82 114 138 87 50 164 36 72 108 51 152 133 195 162 96 172 21 73 144 122 162 174 17 109 75 128 110 54 137 38 62 179 193 147 3
2 3 47 139 42 173 38 150 19 171 151 122 41 67 33 57 87 114 167 9 159 172 20 154 53 20 32 131 153 55 102 3 166 154 13 67 86 70 60 4
5 180 66 14 92 20 42 142 9 163 68 107 87 65 133 101 175 17 66 129 168 22 192 135 43 34 27 182 69 44 163 125 170 120 80 99 188 199 31 79
159 18 3 199 170 192 172 66 134 34 142 3 153 105 108 4 104 69 134 68 63 1 182 180 12 145 181 172 155 122 33 79 180 28 83 44 130 96 84 142
