10 	
5	42
0	3	1	80	9	
1	8	9	68	2	
1	4	7	69	9	
1	8	8	43	5	
1	8	6	18	1	
1	1	2	7	6	
1	2	9	42	9	
1	6	4	23	1	
1	4	2	39	9	
0	2	4	32	1	
104 62 42 131 7 113 82 156 59 113
130 185 63 153 131 112 82 196 131 16
178 126 56 131 2 9 65 179 149 107
192 53 198 63 40 149 190 104 200 181
80 153 14 150 58 150 92 16 50 190
28 91 51 32 92 185 191 179 85 181
19 23 148 182 20 51 98 109 156 69
112 1 18 115 47 131 103 167 101 40
43 70 66 169 76 128 186 159 68 138
61 74 128 56 120 105 121 149 185 132
96 151 16 49 5 171 32 109 94 19
