40 	
17	52
0	1	3	570	2	
1	19	9	2551	9	
1	66	6	3016	4	
1	38	3	2292	8	
1	72	1	656	4	
1	96	1	887	5	
1	91	5	1426	3	
0	95	3	3223	5	
1	92	2	2106	3	
1	90	2	652	1	
1	22	9	3029	5	
1	22	7	1025	7	
0	67	6	730	9	
1	84	6	3592	2	
1	64	6	2720	1	
0	97	6	1484	9	
0	5	5	237	3	
0	33	3	772	9	
0	60	2	902	5	
0	26	2	3095	8	
1	83	6	708	7	
1	97	4	3150	9	
0	77	1	1801	6	
1	77	7	2537	2	
0	91	7	3080	3	
1	70	1	3342	7	
0	34	7	2355	6	
0	88	9	3594	7	
0	15	3	2013	5	
0	38	2	978	1	
0	75	3	2745	7	
0	36	6	2398	7	
1	18	4	720	7	
0	88	2	3004	1	
1	59	1	3626	1	
1	47	1	1811	4	
0	88	5	3599	1	
1	99	6	2807	3	
1	68	1	3542	8	
0	74	6	187	9	
98 127 42 104 123 67 96 53 134 161 122 165 137 190 195 109 28 164 33 41 91 179 125 156 12 64 80 13 137 31 133 150 134 11 109 84 7 179 189 198
25 19 48 101 157 49 78 105 86 4 76 1 142 124 77 189 21 9 26 80 48 184 158 6 163 91 78 66 103 155 98 148 16 98 46 145 112 200 60 45
14 4 23 25 159 28 87 152 41 35 10 41 80 140 38 174 96 112 36 184 109 132 28 187 95 27 141 116 11 59 143 25 104 23 69 158 98 142 91 190
136 168 137 34 48 71 146 43 85 158 178 149 24 6 166 91 80 35 114 159 161 103 119 122 18 154 90 146 141 172 6 200 155 146 164 159 79 150 94 111
9 104 161 24 99 151 55 54 126 151 20 155 86 191 110 151 192 87 149 68 164 174 66 126 46 194 72 192 94 93 2 147 191 22 123 109 185 31 17 161
48 73 162 189 61 165 134 174 117 75 146 114 84 190 74 116 14 79 39 157 190 63 28 150 146 131 128 88 184 97 37 194 66 139 95 119 156 16 6 15
138 82 17 135 122 140 88 133 114 110 81 92 104 19 23 39 161 62 171 149 14 31 161 1 77 186 163 190 136 167 114 45 24 93 96 135 198 130 1 192
177 91 4 85 146 104 191 59 24 123 181 5 163 74 180 121 7 43 122 172 53 56 145 192 183 32 55 74 7 105 96 69 155 163 31 108 138 18 33 191
186 57 118 101 147 169 122 87 94 143 26 77 18 95 133 61 131 165 68 102 194 82 51 151 40 38 134 82 28 49 18 80 139 176 136 81 90 123 93 46
102 162 121 165 44 118 93 40 115 23 49 121 122 138 141 14 33 124 163 105 79 130 197 138 74 187 199 188 127 85 130 200 157 122 174 91 19 13 92 197
59 123 177 20 65 68 15 173 44 88 84 179 139 200 118 124 45 30 169 113 185 41 181 170 156 181 180 182 174 8 146 127 153 103 116 39 87 45 66 18
176 83 154 190 167 18 32 29 179 152 13 80 185 181 40 47 85 89 10 188 17 55 34 105 34 144 52 30 10 180 38 131 135 171 66 2 170 170 57 125
47 95 74 115 111 37 163 127 108 48 83 166 107 7 36 167 113 153 159 128 112 41 150 59 153 198 22 123 31 68 149 86 35 61 144 116 72 68 135 66
110 194 137 121 86 146 170 126 128 121 114 125 167 94 154 40 173 6 67 196 185 173 93 43 7 46 96 5 82 91 191 33 50 123 23 158 104 183 114 65
93 130 154 32 168 99 184 52 65 127 145 92 16 178 173 89 135 84 11 26 198 43 84 95 135 117 179 53 97 197 12 167 120 15 160 34 45 85 11 51
42 6 177 46 156 178 176 107 9 162 186 167 11 58 49 85 90 1 89 158 187 57 155 4 64 191 98 97 44 34 133 194 131 180 29 170 158 85 92 157
22 109 127 76 194 103 191 72 33 49 67 87 179 172 195 189 1 162 2 78 196 70 186 183 98 136 69 43 171 8 118 83 12 119 3 182 84 112 143 146
41 115 58 84 195 91 58 33 63 131 35 70 148 192 160 79 3 29 81 66 6 140 164 51 59 58 41 131 8 191 70 59 93 59 175 72 145 66 38 150
194 6 190 155 1 139 64 177 141 49 119 40 41 103 155 169 66 121 149 159 17 123 148 12 125 186 160 7 181 158 18 82 155 73 177 155 37 129 4 108
68 63 51 165 124 183 49 35 117 43 128 193 38 119 71 148 183 106 144 2 63 110 110 98 68 90 153 156 174 79 85 161 137 182 55 55 89 12 81 153
80 182 68 114 11 44 147 130 65 165 37 2 100 175 82 85 108 154 183 7 170 37 49 170 114 67 194 106 193 124 196 1 30 17 164 188 129 54 174 156
179 23 111 43 39 32 60 121 198 69 169 162 21 95 36 62 180 120 198 47 67 123 44 112 174 112 167 154 53 13 180 38 109 147 173 27 74 89 182 26
113 104 157 99 16 38 102 183 156 24 66 43 149 5 182 82 113 57 160 37 132 149 41 64 91 15 31 151 115 30 70 53 193 191 116 199 25 122 89 41
149 119 128 123 167 64 52 156 192 25 97 2 95 117 78 113 177 182 161 185 111 138 162 175 179 105 58 58 177 49 37 91 104 26 38 79 80 1 143 173
193 69 102 121 120 96 137 80 8 200 143 165 136 64 106 157 102 87 141 73 98 75 12 29 21 85 13 129 114 52 163 10 94 189 99 193 172 85 164 42
149 46 14 167 11 128 141 3 101 171 4 189 104 153 75 197 95 15 38 39 159 33 68 197 147 70 164 40 91 55 26 59 24 91 30 187 175 51 21 66
154 125 131 1 166 86 91 101 124 33 105 21 174 39 34 162 79 147 12 34 150 10 42 29 110 118 123 190 43 194 186 44 2 23 69 159 148 120 195 52
136 53 135 80 74 60 75 162 153 114 83 31 5 27 85 88 53 12 44 107 187 88 158 81 195 88 7 153 38 148 7 107 187 56 106 60 97 37 2 27
196 157 111 153 9 184 10 18 2 54 146 189 19 102 91 49 52 131 164 49 85 176 109 61 107 79 122 8 123 77 69 129 54 63 61 51 36 145 163 22
185 76 44 84 74 72 168 191 32 2 162 47 26 19 19 146 68 104 72 164 90 105 40 197 176 122 192 41 119 174 23 145 14 107 96 154 181 15 113 5
97 139 16 23 4 106 81 123 177 17 38 14 68 41 93 180 22 65 161 123 164 18 193 169 31 185 156 87 74 59 187 160 180 141 96 163 110 178 3 153
70 165 9 184 48 43 166 103 167 191 64 84 157 115 116 53 35 14 51 200 124 138 47 53 35 62 34 17 183 68 153 33 113 106 156 4 139 85 62 27
15 167 91 18 98 57 124 16 11 12 52 163 108 82 89 140 48 182 194 110 98 13 119 160 37 44 117 186 57 9 43 182 162 7 97 90 85 134 44 10
153 11 134 172 184 24 177 29 51 32 41 152 168 77 60 171 117 103 108 105 52 69 140 6 58 10 190 158 5 66 101 134 151 48 21 63 106 173 103 76
45 91 143 101 38 191 102 182 200 17 195 104 162 82 180 176 193 5 123 14 82 27 58 119 192 170 20 177 181 9 79 76 79 104 36 71 137 112 8 162
97 107 139 60 30 33 131 108 123 184 153 3 101 144 148 20 148 71 93 65 194 60 112 60 44 120 197 168 118 142 157 8 84 168 62 128 165 62 13 181
38 41 34 14 180 164 134 125 66 14 39 198 2 32 103 179 174 6 175 77 43 87 120 131 157 53 2 62 42 195 57 43 145 171 19 111 125 47 139 117
66 113 84 112 31 22 168 177 94 128 138 71 130 122 127 58 157 196 95 164 90 37 71 58 89 58 77 32 68 115 173 132 180 176 158 30 17 138 90 15
162 132 58 164 6 83 116 130 48 95 180 183 71 104 123 84 189 174 190 41 160 133 189 67 107 182 197 32 177 88 7 167 17 134 197 141 97 19 159 128
52 20 120 67 101 107 80 62 74 5 64 161 192 57 30 156 120 111 172 166 72 83 60 65 132 29 12 130 125 142 123 3 110 30 71 166 44 40 45 110
11 184 118 10 41 125 132 41 25 125 54 169 17 191 109 34 173 177 197 91 170 112 97 18 24 10 32 3 21 163 184 52 65 181 139 103 132 99 34 138
