50 	
83	88
1	14	2	1380	7	
0	14	7	3514	8	
0	8	3	2771	9	
0	56	7	3064	5	
1	54	5	839	6	
0	81	7	871	5	
0	11	1	2066	8	
0	99	5	2876	8	
0	24	8	704	5	
1	69	7	778	2	
0	50	6	2723	9	
0	88	1	1349	4	
0	2	5	957	7	
1	13	9	2417	3	
1	57	1	2044	2	
0	49	4	2639	8	
1	76	2	3362	4	
0	90	6	1616	6	
0	15	6	1935	8	
0	35	7	671	7	
1	51	4	2204	6	
0	40	2	2394	1	
1	92	4	2175	9	
1	34	7	1386	2	
0	16	6	1241	3	
1	10	3	1437	1	
0	85	5	127	5	
1	5	7	2081	6	
0	10	5	1497	5	
0	64	3	634	1	
1	70	1	1528	7	
0	39	7	3233	5	
1	30	3	3190	7	
1	30	4	3088	6	
0	73	9	2426	6	
0	5	6	1262	1	
1	11	1	501	1	
1	82	2	2190	7	
1	81	1	262	1	
0	36	7	2315	3	
0	95	5	2046	3	
0	67	4	967	3	
1	78	4	3031	3	
0	66	2	1167	8	
1	63	2	915	2	
0	59	2	2498	6	
0	53	8	2311	4	
1	61	3	2195	5	
0	16	8	1518	5	
1	44	7	1726	3	
180 54 34 92 86 196 79 141 131 1 137 95 103 134 71 23 122 35 65 132 23 13 100 41 59 151 77 76 62 119 166 41 130 65 174 111 171 77 90 44 179 41 119 22 188 162 186 190 63 100
173 169 181 143 17 126 130 160 137 48 194 88 31 117 75 130 48 68 129 195 71 153 24 126 36 76 131 57 158 72 47 168 60 175 99 69 99 52 148 153 119 58 146 166 31 46 9 96 39 31
64 130 197 27 50 190 143 185 40 66 75 117 144 55 180 66 53 55 79 24 96 143 27 93 132 23 37 74 149 30 72 10 20 98 132 50 136 13 145 50 103 66 90 48 190 183 175 169 30 167
120 110 90 121 187 54 124 9 78 44 13 82 113 160 162 165 34 71 100 145 64 90 120 183 11 62 9 90 181 33 155 150 200 126 117 73 107 134 53 190 31 17 47 125 27 97 141 99 145 164
150 164 73 62 144 137 118 11 16 63 164 62 168 155 57 183 67 69 122 194 68 182 53 45 132 142 16 157 83 101 49 46 127 97 73 66 97 182 64 96 136 41 95 148 107 7 117 133 41 140
85 112 109 106 121 45 93 155 82 127 197 55 138 49 79 67 141 49 6 78 9 139 77 71 170 26 141 66 65 158 148 6 22 126 8 157 128 97 128 163 71 149 77 57 199 172 53 47 13 82
140 102 1 190 57 191 179 98 157 176 59 162 45 39 86 162 77 29 119 34 138 96 8 61 37 82 155 108 161 74 7 73 46 114 15 150 115 96 181 192 22 178 38 146 70 85 138 89 133 16
27 28 64 11 171 185 109 140 49 44 160 125 146 6 91 138 133 153 61 131 25 59 113 65 39 114 101 98 74 109 179 53 75 89 134 176 76 162 169 118 170 162 166 159 9 145 50 161 60 186
30 104 60 117 42 143 101 33 193 108 156 54 14 39 25 103 138 84 186 195 57 140 50 115 86 93 185 173 188 159 195 44 108 8 138 74 111 186 8 168 123 14 59 28 44 136 160 60 128 31
90 118 115 136 36 107 192 19 41 46 62 134 143 48 97 154 98 106 32 77 83 91 112 193 146 5 20 26 133 59 190 81 69 139 117 93 147 100 9 95 196 164 45 4 101 37 50 3 114 7
161 107 2 101 117 14 111 176 196 105 52 36 81 83 36 134 177 82 185 57 35 58 120 43 1 47 60 65 7 57 83 64 94 44 128 174 161 121 86 3 173 170 171 156 116 78 72 131 30 103
117 197 58 144 28 160 37 7 25 113 44 118 69 134 109 73 59 135 183 19 52 63 125 56 142 133 28 54 157 94 102 40 103 185 189 23 122 40 61 172 6 135 115 145 187 177 93 87 140 197
40 50 132 178 125 121 58 78 97 16 112 46 2 143 120 180 8 132 76 152 31 114 64 2 116 63 92 178 169 139 20 133 65 5 54 159 176 166 68 74 108 31 141 40 95 76 178 51 45 199
58 158 30 42 88 81 61 186 71 153 165 133 131 127 4 191 55 76 139 16 40 162 117 57 169 166 90 157 185 18 94 165 20 121 94 65 116 122 123 21 60 29 17 166 144 133 31 114 196 38
35 65 101 128 156 74 73 114 21 11 144 4 82 96 116 42 198 124 133 177 151 34 3 24 6 188 53 115 159 173 5 42 32 141 28 55 105 126 93 92 14 65 168 153 38 154 118 116 167 171
141 128 161 129 188 34 149 105 104 167 10 193 57 58 138 58 5 135 104 148 104 139 140 42 20 67 90 170 81 90 156 185 181 68 17 142 33 196 127 55 107 196 19 25 157 57 167 67 155 48
80 177 31 115 145 1 86 84 28 26 13 132 101 34 125 23 21 13 103 74 200 143 159 127 182 189 196 122 197 121 92 174 68 57 162 173 172 195 122 190 79 11 146 76 159 49 111 73 163 79
4 114 13 118 178 85 100 15 61 27 162 142 174 163 190 17 46 54 98 118 156 16 13 28 122 45 31 54 125 29 46 55 166 55 110 139 84 2 113 60 34 6 126 17 94 123 39 142 115 30
41 71 76 141 79 133 20 43 129 35 4 59 191 124 22 79 195 196 62 20 160 131 162 44 19 50 198 77 109 23 101 51 6 111 134 10 57 5 56 170 168 160 51 196 166 9 9 126 112 74
79 167 94 22 43 158 170 77 164 145 170 68 106 33 185 156 96 185 91 105 116 114 98 22 44 188 127 50 38 4 93 156 182 98 145 48 20 7 41 48 66 185 63 45 60 87 139 158 59 20
97 91 87 140 172 168 3 47 78 176 143 94 32 4 103 132 138 200 84 97 48 86 7 114 153 149 61 9 13 49 76 77 117 170 114 94 54 93 190 42 23 70 38 14 106 108 70 147 140 174
147 186 131 131 32 134 127 88 151 96 113 171 65 66 63 5 75 65 94 67 121 185 77 23 38 7 82 162 36 64 26 39 45 30 37 104 137 118 108 151 166 113 155 55 167 47 131 52 73 54
146 195 11 144 118 40 61 151 183 77 29 180 8 195 69 12 143 180 90 200 195 48 40 37 122 155 122 16 55 151 47 139 73 132 41 162 127 122 67 170 36 137 45 199 34 171 70 185 133 134
94 34 119 199 145 58 77 187 166 187 48 16 53 196 137 152 142 70 169 53 131 34 14 187 184 175 151 160 4 117 82 53 50 194 137 130 88 113 99 71 71 172 13 40 46 103 26 153 161 141
49 128 139 42 129 86 115 112 94 6 164 24 57 128 126 71 56 156 120 30 55 96 141 91 9 138 115 138 177 109 48 196 65 64 142 28 174 68 156 138 65 1 196 46 77 31 167 200 10 31
94 130 189 105 170 197 40 114 142 112 80 120 104 147 115 91 108 22 89 40 112 198 36 49 58 48 126 95 164 2 24 108 37 13 183 146 146 16 58 123 132 62 188 74 26 151 9 167 111 168
180 121 45 135 47 22 43 14 24 184 163 53 189 2 136 33 28 41 142 145 161 41 99 172 81 69 140 128 161 31 10 143 158 64 163 142 165 138 127 90 3 109 179 73 119 90 19 103 91 146
46 195 103 89 40 182 133 49 180 61 164 130 43 181 176 97 48 172 18 184 166 96 46 35 69 130 90 122 152 172 82 81 59 74 101 21 184 189 19 140 34 46 161 18 164 122 185 162 82 197
171 85 132 37 123 153 166 140 163 175 38 82 164 3 91 175 167 130 34 147 90 143 135 184 176 159 2 56 50 25 103 88 114 190 51 149 132 171 82 152 107 160 197 173 92 197 69 178 8 85
96 193 74 95 24 44 118 51 51 199 34 80 159 75 56 144 27 154 94 132 188 63 99 190 139 128 67 154 55 134 3 106 146 31 54 14 62 187 32 126 152 193 134 132 79 71 189 131 12 146
126 76 8 13 169 62 6 44 165 175 2 185 150 193 191 180 169 123 161 17 181 47 37 148 109 121 67 48 79 89 71 142 103 71 116 198 120 116 130 5 176 110 170 127 31 151 41 152 198 65
40 183 120 45 87 196 147 8 53 185 66 89 154 46 148 16 64 67 144 94 20 156 141 17 81 91 77 116 196 63 172 136 95 15 133 146 146 41 146 4 196 30 95 194 115 194 115 36 136 126
93 134 74 79 35 112 55 57 80 138 117 179 136 82 72 30 144 53 90 194 87 159 195 50 147 173 54 149 10 126 156 176 69 161 71 145 79 42 33 194 49 28 55 142 131 158 72 142 41 121
42 113 167 158 136 102 163 81 24 89 113 90 63 180 109 81 97 40 158 140 85 137 195 178 164 30 82 35 195 46 40 1 109 198 130 117 164 153 88 64 151 142 35 101 9 96 87 92 144 79
76 102 128 54 196 94 34 88 77 10 188 196 79 111 109 192 70 159 83 76 113 43 57 149 196 143 166 183 52 165 199 126 5 45 169 177 120 73 50 195 149 77 80 116 108 165 5 53 151 151
174 178 42 104 65 49 105 145 83 148 14 15 96 22 91 49 189 58 61 64 64 189 22 125 124 114 62 47 88 44 141 41 129 151 77 55 141 32 126 87 16 169 138 87 12 116 172 75 9 184
72 73 92 179 56 60 45 155 29 96 82 112 117 130 30 34 143 89 51 138 199 29 74 161 68 64 149 77 97 36 196 122 124 159 63 145 53 38 50 93 197 120 140 111 10 86 116 78 130 131
48 139 116 144 95 63 137 36 166 94 137 107 118 70 124 73 82 6 133 92 46 183 79 11 182 178 40 1 194 137 44 101 99 73 105 124 61 119 111 61 90 12 99 62 13 112 90 164 8 143
155 24 22 65 121 16 46 63 34 38 115 173 13 55 15 3 121 17 196 33 15 104 85 97 71 13 146 22 39 180 136 182 97 87 193 197 95 104 25 7 64 168 191 197 15 175 5 66 98 73
52 81 2 138 38 192 183 172 194 142 126 177 80 80 183 20 66 151 41 138 158 79 42 88 182 82 47 176 191 17 191 60 18 40 64 189 3 174 14 13 140 63 72 124 165 157 27 151 169 165
136 104 195 173 180 90 144 189 89 114 83 24 175 96 30 20 117 26 21 31 54 142 155 35 100 160 17 38 30 171 36 165 190 86 135 183 112 61 186 149 66 31 6 22 57 30 153 139 70 76
171 98 72 196 199 81 34 28 180 5 167 12 1 55 191 109 168 194 8 29 177 3 103 200 32 185 79 72 181 28 57 10 163 71 37 139 135 174 199 18 62 84 62 93 34 46 19 70 173 58
157 72 129 2 3 87 36 53 161 118 132 155 29 86 86 29 171 158 64 77 111 149 194 181 33 25 179 123 80 149 157 94 82 33 3 158 197 142 94 172 128 128 176 141 81 66 18 145 159 168
36 198 85 76 112 169 74 18 56 127 61 145 130 141 127 110 155 193 94 54 105 150 151 188 82 185 91 135 142 54 123 193 72 25 29 141 176 7 38 159 1 106 61 24 17 159 60 173 58 166
136 17 70 193 84 3 83 42 179 118 106 30 131 15 143 95 31 85 18 35 27 8 177 65 171 132 144 147 86 106 79 47 179 82 182 102 83 24 6 40 76 174 163 25 105 193 120 135 148 135
54 164 59 178 54 114 95 123 176 141 150 108 195 130 105 140 157 49 13 161 150 135 147 106 126 2 151 191 176 66 132 191 143 11 99 64 21 1 92 166 140 117 102 100 71 12 47 163 52 166
49 28 62 15 83 58 97 148 34 107 46 98 78 82 130 151 10 60 138 159 118 56 170 194 170 74 172 121 65 72 59 41 149 14 156 86 42 180 115 124 93 156 165 131 152 14 135 166 195 83
12 140 28 159 75 54 156 113 172 163 114 118 187 105 58 131 6 190 56 166 42 72 165 85 5 84 101 67 115 148 33 173 182 35 158 189 106 47 56 122 124 111 38 132 144 179 12 12 150 140
43 97 199 136 100 80 82 4 22 140 186 1 60 144 37 113 180 60 136 57 168 140 85 60 2 5 76 160 52 194 38 142 140 164 135 8 167 44 7 48 32 129 46 80 19 103 21 156 128 105
145 57 110 8 121 48 25 95 150 129 171 200 174 37 49 15 104 45 153 175 30 14 114 42 80 66 41 168 196 2 13 184 28 145 64 49 11 153 74 4 13 182 19 33 120 3 7 137 49 12
66 153 7 97 130 195 178 37 5 49 4 68 194 52 155 24 137 93 73 74 159 143 160 65 68 180 194 100 3 144 80 53 169 141 112 44 160 57 75 111 113 58 142 93 141 66 62 184 166 123
