30 	
24	76
1	1	7	20	4	
1	8	1	253	9	
1	4	7	25	1	
0	9	1	58	8	
1	3	6	111	8	
1	5	6	33	2	
0	8	9	268	9	
0	9	5	21	1	
1	3	7	8	2	
0	1	1	14	2	
0	5	8	216	6	
1	2	6	116	3	
0	4	9	37	9	
0	6	2	213	1	
0	9	8	219	5	
0	4	6	151	8	
0	4	4	186	3	
1	7	4	105	8	
1	9	8	169	6	
0	7	9	166	2	
1	2	2	90	9	
1	7	8	26	6	
1	4	4	110	4	
0	7	5	87	6	
1	4	2	242	7	
0	1	8	172	2	
0	9	2	174	4	
1	5	1	239	1	
0	9	7	250	6	
1	6	6	242	9	
184 52 15 185 160 152 188 131 10 18 25 67 23 183 163 114 100 44 159 71 6 176 191 33 87 82 196 38 130 36
179 47 176 3 147 152 18 30 190 200 144 63 60 139 121 68 75 89 74 98 92 18 15 129 198 134 147 177 165 116
7 25 10 157 12 89 110 113 134 115 7 30 48 72 91 37 27 26 177 154 92 53 144 135 91 64 165 179 51 43
173 116 109 48 186 130 100 20 81 197 14 163 116 103 60 71 28 8 27 165 177 48 134 29 52 87 43 69 69 29
57 91 128 90 10 44 63 27 56 114 131 183 143 15 155 182 187 77 129 2 185 18 83 155 162 124 134 96 78 66
35 104 75 124 153 77 71 84 97 49 80 130 146 20 163 183 118 142 190 109 13 137 95 192 9 4 196 170 111 124
95 152 25 120 153 70 159 169 136 1 161 18 3 159 40 40 79 191 59 54 174 191 85 180 14 148 38 172 100 64
49 48 74 18 33 97 119 186 147 62 182 40 24 47 80 119 188 153 80 48 112 83 55 61 134 175 124 16 134 14
16 126 172 77 13 154 118 178 96 95 110 166 42 129 133 29 58 118 114 19 24 6 156 141 4 94 177 79 158 30
139 48 9 146 10 31 45 167 43 146 185 153 1 162 123 123 132 79 110 54 140 48 159 53 139 1 192 105 88 66
40 134 165 92 85 68 108 168 23 40 78 84 8 197 104 46 64 113 15 136 56 113 107 156 26 156 132 96 55 159
86 14 195 8 158 43 113 170 104 90 44 93 101 176 24 70 169 80 87 76 81 196 173 136 104 159 40 104 65 106
42 169 74 86 58 22 66 23 9 15 26 60 142 80 116 180 158 127 9 41 118 170 79 186 181 84 176 33 27 172
7 189 132 136 7 163 194 59 15 143 177 100 19 118 147 147 56 62 179 123 80 102 71 63 53 99 149 123 97 172
97 187 153 140 33 158 167 20 50 7 171 1 73 119 139 86 16 197 29 80 46 29 82 36 31 140 83 178 161 191
111 92 58 18 168 95 158 135 11 81 186 28 54 187 166 140 93 68 194 179 157 196 56 168 82 34 146 198 42 179
66 100 13 184 179 115 162 25 9 72 43 190 114 15 5 188 104 76 55 192 76 177 34 10 177 47 136 92 40 154
6 195 45 39 149 10 28 153 58 12 195 33 61 107 188 26 126 97 47 149 73 189 91 67 103 59 111 186 36 66
70 181 19 147 25 20 121 162 24 152 30 121 125 181 154 157 115 139 192 182 194 11 135 84 55 63 62 126 156 76
38 101 127 108 174 6 90 76 158 135 82 153 45 40 111 31 51 87 37 102 156 33 136 157 31 176 141 155 126 43
153 132 124 139 140 151 81 67 144 38 165 28 20 111 128 192 118 52 193 110 158 56 57 19 45 103 94 41 85 109
30 8 163 187 166 191 186 33 79 174 114 76 130 119 100 7 60 196 144 140 39 184 186 7 53 139 183 177 99 183
191 78 40 105 78 30 30 65 143 35 154 194 23 17 125 170 85 181 168 2 26 42 46 189 61 74 199 146 11 76
80 13 142 92 17 134 163 107 11 27 144 103 122 38 141 161 39 193 112 99 166 133 154 196 145 194 145 41 36 78
123 153 121 165 143 99 30 99 64 182 172 38 195 191 181 88 151 115 74 65 158 125 60 16 130 22 21 139 54 161
58 136 20 185 19 80 198 123 76 12 121 102 147 95 188 56 158 102 24 25 124 108 161 75 146 121 72 170 99 79
109 81 109 149 92 104 9 160 138 85 59 108 113 55 81 34 85 97 17 40 185 170 122 28 187 131 14 16 68 5
55 37 81 83 99 50 163 88 126 161 125 181 102 172 80 45 148 78 191 159 54 126 37 35 110 90 2 1 59 146
73 11 106 127 95 124 52 95 29 39 105 108 8 91 56 142 51 71 125 136 76 28 24 85 57 69 160 119 160 153
118 100 132 196 96 187 7 168 148 89 169 111 161 2 18 58 149 62 28 200 128 81 88 54 194 110 38 162 77 198
62 2 25 11 198 50 174 140 167 68 98 130 48 127 15 180 102 99 58 131 2 134 122 186 50 174 181 53 194 149
