30 	
2	16
1	64	4	100	6	
0	5	8	226	1	
0	72	8	984	6	
0	58	3	472	3	
1	30	9	549	4	
0	65	7	1222	1	
1	26	4	183	6	
0	40	4	788	3	
1	87	2	1183	7	
0	92	4	394	2	
0	41	6	1234	7	
0	51	2	148	9	
0	69	1	814	2	
0	65	2	1327	6	
1	65	4	815	2	
1	18	2	1169	9	
1	23	6	119	3	
0	25	5	1298	1	
1	11	6	142	3	
1	63	2	478	1	
0	56	1	851	5	
1	39	5	185	8	
0	36	3	874	1	
1	87	5	1307	4	
1	10	2	623	3	
0	43	8	1004	8	
0	4	1	1083	7	
1	26	3	171	9	
0	37	4	562	2	
1	36	4	518	6	
137 55 179 23 121 66 113 43 40 41 61 123 11 79 79 44 155 113 61 182 146 19 119 33 30 166 151 5 7 170
4 10 31 158 9 79 127 188 158 112 24 156 88 74 86 60 100 190 138 75 75 58 184 131 145 200 95 188 25 138
87 138 178 154 102 116 57 190 48 179 112 157 121 140 91 180 24 164 87 26 12 17 127 98 157 200 176 75 83 135
19 15 11 162 49 115 137 124 117 30 133 23 3 93 36 184 101 55 195 195 93 148 38 27 7 84 77 160 38 107
25 120 159 50 111 79 193 149 84 87 129 10 79 200 194 45 190 184 185 29 130 15 1 34 8 181 17 8 143 55
152 12 2 68 144 155 121 6 55 10 189 198 70 119 148 82 89 150 162 145 190 87 200 81 99 36 157 140 107 158
117 101 75 173 25 131 155 92 14 17 11 21 178 20 172 56 30 161 19 62 8 6 20 74 44 134 61 123 42 69
176 17 62 118 158 89 72 122 89 65 170 34 52 140 15 53 109 39 100 74 63 20 117 67 26 53 198 40 85 55
135 10 158 146 179 131 34 10 137 100 102 100 146 164 111 41 21 92 109 105 173 197 69 194 181 175 159 43 29 46
126 139 125 106 161 84 127 156 149 81 135 172 39 6 144 166 105 74 182 105 172 159 23 85 191 69 187 88 118 138
157 67 61 198 55 17 48 103 140 95 13 87 35 110 66 76 28 55 18 103 148 81 44 168 132 70 24 90 67 167
30 196 191 175 185 104 42 134 84 185 194 92 41 73 144 184 38 121 75 36 101 30 21 38 29 195 116 43 76 2
76 1 143 150 122 109 10 45 196 83 58 64 181 90 165 20 8 77 20 80 90 56 1 193 122 25 190 160 105 141
113 5 88 156 47 44 112 23 12 195 82 168 192 120 35 78 146 58 44 31 157 51 95 55 78 83 6 41 115 192
17 181 85 104 194 197 26 133 82 15 102 61 154 59 160 127 172 29 3 167 171 89 109 101 65 127 41 99 57 183
100 45 55 177 18 63 152 118 62 109 137 62 128 37 109 66 74 196 84 136 114 165 34 189 139 55 120 129 123 54
66 46 156 39 12 29 116 113 33 58 90 64 88 84 10 7 160 28 192 74 8 106 43 92 6 169 39 172 183 24
169 173 188 145 196 29 145 117 43 133 68 178 199 25 111 139 125 136 148 129 33 194 185 90 88 162 124 163 119 31
172 31 191 173 117 111 53 84 106 7 144 6 168 5 64 63 95 174 196 97 42 75 41 86 57 99 19 166 94 155
60 22 167 116 56 154 127 14 160 26 52 49 79 176 66 9 159 99 189 156 184 141 26 99 40 85 148 164 61 112
109 107 129 36 49 62 27 160 135 161 15 97 86 2 113 23 111 82 162 179 67 149 49 65 170 105 83 130 25 128
178 178 92 19 81 165 127 159 199 77 101 30 129 129 87 6 97 2 46 128 183 100 27 165 29 189 194 166 169 181
136 151 147 186 69 6 49 134 119 97 100 17 76 197 46 192 118 125 47 60 39 200 34 171 69 191 23 141 50 8
83 94 8 51 121 137 192 5 177 81 186 81 85 193 132 153 163 33 103 166 12 163 21 13 89 175 112 9 79 36
114 6 63 5 77 2 155 99 45 100 176 170 167 192 151 153 175 117 145 159 124 24 155 14 95 8 190 110 90 95
180 157 49 135 68 16 167 122 34 105 174 31 168 76 85 154 196 57 73 116 48 154 35 103 129 148 189 131 133 68
17 134 170 180 182 45 131 146 23 75 9 153 137 28 38 121 57 92 48 65 176 182 30 160 118 148 66 89 155 157
3 99 35 55 74 200 135 52 68 32 62 98 184 170 102 172 187 58 100 67 84 196 120 183 68 154 68 153 5 96
19 82 127 83 87 120 151 73 117 49 127 11 1 181 162 123 65 102 108 7 84 170 148 11 103 22 25 110 84 22
65 130 95 145 47 125 190 33 186 58 93 194 52 163 76 84 18 186 44 193 71 119 34 165 52 182 102 129 12 156
6 141 123 152 9 91 2 64 109 177 119 104 52 91 71 86 139 82 103 89 100 36 14 85 97 41 18 158 30 70
