30 	
7	19
0	34	8	874	9	
0	76	6	348	9	
0	81	6	743	3	
0	18	7	181	3	
0	60	1	1234	6	
0	29	3	253	3	
0	42	8	217	1	
1	65	6	277	6	
0	2	5	42	7	
1	74	4	131	6	
1	55	6	302	7	
1	26	7	1032	7	
0	1	7	965	7	
1	79	4	1393	3	
1	81	8	1077	6	
0	61	8	177	3	
0	3	1	1275	6	
1	83	6	1019	6	
1	42	5	100	4	
1	78	4	292	6	
1	38	7	622	6	
1	85	9	141	3	
1	7	3	1465	8	
0	87	7	295	5	
1	45	5	466	9	
0	17	2	567	8	
0	90	9	623	3	
0	77	3	971	1	
1	23	6	660	7	
1	25	2	633	1	
189 97 86 79 28 92 128 76 43 33 81 123 128 187 94 40 111 174 41 29 167 15 54 23 109 178 153 154 10 83
92 23 97 115 173 105 49 62 182 116 180 134 100 142 180 185 7 130 155 200 30 115 107 76 98 146 157 131 45 128
172 188 47 192 197 50 191 74 145 80 26 136 115 19 37 17 155 81 92 55 36 57 117 66 52 39 103 34 184 118
156 3 22 143 53 110 191 48 128 47 67 2 48 198 105 83 35 96 199 107 142 64 1 94 25 8 10 143 52 199
8 82 38 63 60 112 165 4 191 94 110 43 44 200 137 190 199 115 47 30 77 174 9 30 45 51 22 182 116 119
115 38 77 19 93 83 189 50 176 139 135 95 144 39 94 165 166 134 189 56 144 86 80 198 24 169 188 164 107 136
89 105 74 63 46 177 88 52 27 61 32 95 112 166 129 74 154 58 24 24 112 40 69 183 37 95 52 187 60 64
77 165 171 180 115 17 121 111 70 178 136 31 156 177 18 48 175 38 105 114 188 193 1 20 30 188 92 91 139 185
41 186 33 192 143 140 115 44 68 8 155 163 118 7 166 131 64 108 57 50 120 132 121 187 91 64 152 35 158 157
40 52 139 180 157 154 200 41 166 83 172 196 165 100 166 21 138 106 126 61 43 135 184 197 108 162 189 195 103 21
74 130 20 8 32 40 113 150 171 142 162 197 163 153 153 148 142 38 83 79 42 29 96 181 131 156 2 171 88 129
40 102 91 36 200 1 6 193 27 161 145 179 66 127 118 7 87 65 46 193 74 91 148 191 109 127 133 72 90 147
16 66 129 188 162 32 163 96 145 94 121 173 64 2 143 199 138 151 128 107 64 1 68 135 70 70 46 157 193 193
108 1 21 93 146 43 46 23 122 126 97 117 165 200 161 71 89 3 100 127 170 87 11 83 118 58 105 92 164 56
174 75 13 92 27 112 129 31 193 169 121 64 185 113 4 31 70 122 50 134 8 144 145 116 193 63 55 106 56 38
108 53 87 119 115 141 63 200 58 160 108 80 197 33 63 115 196 115 124 180 163 100 25 153 135 115 136 57 41 70
167 179 142 192 120 120 65 180 179 186 122 63 189 148 128 52 7 45 78 91 192 54 166 121 111 67 109 80 137 99
66 173 193 90 55 98 23 131 59 117 141 17 196 151 168 46 128 166 53 65 145 79 81 52 40 157 19 183 58 96
96 96 51 144 137 122 137 76 76 110 121 129 25 24 70 116 150 55 123 165 200 191 93 148 167 167 147 97 157 132
80 39 9 43 134 169 126 4 92 18 85 136 157 40 172 188 28 58 157 44 19 65 121 65 92 123 171 57 63 166
166 11 57 92 44 125 154 163 198 102 90 82 178 185 41 163 103 57 28 99 161 100 189 86 67 115 200 131 2 146
191 191 50 32 123 51 157 156 186 176 39 93 181 145 14 77 171 181 68 48 184 196 16 25 89 109 124 40 110 93
103 75 185 197 131 40 176 116 190 117 108 197 141 19 11 138 143 143 167 50 114 5 115 18 80 78 111 59 17 182
76 46 55 90 86 141 80 168 149 3 148 85 161 62 56 144 99 123 177 97 195 54 33 121 170 199 77 76 104 17
95 115 80 174 84 101 142 16 150 104 107 162 38 200 87 62 84 79 180 41 157 53 49 53 28 38 26 2 80 74
170 189 45 159 159 125 53 82 135 55 15 59 113 14 199 53 180 100 116 63 130 129 85 44 20 176 183 105 103 191
129 185 65 25 149 151 194 5 190 180 86 48 123 83 88 6 114 190 40 196 170 64 107 152 125 71 9 10 185 110
69 108 21 114 38 68 135 160 3 112 148 197 200 124 77 43 55 107 23 146 146 103 150 126 30 30 184 90 4 185
96 83 46 49 65 183 198 78 119 114 94 83 136 193 76 112 96 175 56 38 174 152 99 65 42 34 59 64 105 93
3 114 171 62 171 27 172 67 47 64 170 5 78 30 168 100 115 71 7 180 16 72 170 30 31 20 71 82 1 186
38 30 189 23 64 69 16 125 10 28 103 28 16 151 190 198 98 128 146 171 178 167 28 190 26 176 32 41 23 75
