30 	
1	57
1	5	5	36	5	
1	7	7	31	7	
0	3	4	31	3	
1	8	9	29	3	
1	2	9	69	5	
0	2	6	28	6	
0	7	1	13	8	
1	2	3	9	9	
1	2	9	37	9	
0	8	5	8	4	
0	2	4	7	5	
0	4	1	72	3	
1	5	6	56	9	
0	8	8	41	8	
1	4	8	65	1	
0	5	4	24	8	
0	9	8	33	3	
0	6	5	42	3	
1	4	7	61	6	
1	3	3	70	1	
1	6	8	44	7	
1	3	2	18	1	
1	5	4	54	5	
1	9	8	7	2	
0	1	9	56	6	
1	6	6	11	4	
0	1	5	60	9	
0	9	7	35	3	
1	3	7	39	8	
0	7	9	49	5	
70 169 193 112 191 38 118 157 92 46 67 77 166 43 127 167 63 89 112 112 102 80 53 14 156 20 65 132 96 114
171 15 51 133 72 2 98 170 26 33 43 166 39 187 70 41 125 134 85 82 56 91 169 145 6 176 148 15 46 142
148 186 28 109 118 64 160 79 20 73 63 171 139 93 112 43 56 81 153 52 146 194 199 60 48 158 13 152 191 73
22 54 176 109 179 117 188 32 142 28 142 132 2 103 165 108 178 93 174 185 195 184 129 42 153 1 80 147 24 64
71 85 16 48 77 144 86 47 137 80 145 191 156 14 91 164 109 132 199 108 185 109 175 25 71 16 9 154 182 66
175 61 106 126 111 92 57 174 88 113 86 120 127 45 49 109 150 43 167 21 15 100 10 145 97 86 111 191 30 29
4 105 71 100 5 184 115 29 71 198 49 81 69 167 5 55 111 173 91 84 80 73 40 131 72 23 105 45 51 42
42 102 29 171 171 107 16 162 140 3 145 36 153 32 116 87 145 88 67 164 149 10 176 53 32 145 17 51 141 102
126 63 144 186 118 33 155 76 95 38 92 136 106 104 43 179 127 116 196 184 195 172 44 28 182 132 123 97 18 40
146 65 62 14 78 57 115 123 109 28 28 6 182 151 48 146 161 125 199 144 190 161 196 169 192 20 145 60 187 117
121 118 85 192 74 195 104 133 168 47 87 17 50 123 101 71 151 66 65 181 124 150 31 108 157 64 41 79 94 33
136 193 200 62 27 108 90 167 145 69 180 101 178 54 108 78 5 150 43 6 82 47 193 89 119 110 113 155 99 83
66 40 162 35 103 97 72 150 85 187 97 48 184 32 112 5 142 54 26 136 56 200 116 39 82 14 164 58 52 182
72 161 108 176 190 178 102 70 38 46 41 175 32 129 41 82 23 140 163 112 177 182 25 33 3 146 73 116 65 156
170 38 98 172 126 94 87 169 72 135 153 200 171 56 14 79 177 196 104 34 193 85 14 80 65 77 117 198 67 108
74 169 118 168 87 181 47 192 173 142 156 39 199 97 65 44 135 51 35 154 90 24 199 185 136 90 173 11 10 6
142 169 152 103 128 114 77 23 192 66 158 190 60 169 165 177 108 142 173 67 146 40 91 40 83 159 65 39 104 179
27 129 189 179 184 193 155 2 94 168 94 149 24 126 135 71 152 147 9 146 60 62 150 55 155 188 128 105 121 67
12 43 33 112 177 98 88 187 27 24 161 192 97 184 165 82 32 105 99 182 154 132 117 130 46 155 124 158 176 89
9 110 91 4 135 134 29 76 108 11 120 153 152 6 19 92 18 13 3 70 133 101 190 2 43 189 140 23 104 5
153 38 198 55 121 121 1 130 7 115 126 109 160 116 52 122 127 33 198 104 142 95 74 89 198 126 139 84 27 139
148 116 103 122 64 61 117 31 22 170 151 163 7 138 34 137 30 105 59 175 71 176 77 92 46 190 147 19 193 14
68 165 89 197 145 172 78 28 130 18 20 184 38 21 25 71 10 67 102 148 91 197 144 115 55 170 142 86 43 148
157 151 160 43 164 12 93 11 52 88 90 92 12 100 83 58 196 169 170 122 27 153 194 195 85 107 154 105 93 49
134 146 149 188 125 18 72 8 72 58 37 63 57 116 48 151 116 114 119 10 172 80 175 102 25 21 170 189 96 27
137 44 8 126 198 23 54 23 102 109 173 34 67 86 116 177 89 99 10 141 155 190 49 125 81 103 158 107 167 55
160 184 200 108 75 28 41 124 56 185 116 177 13 13 170 194 121 54 153 14 150 119 160 58 163 114 135 106 13 157
175 59 35 197 199 28 22 182 191 120 62 130 30 8 78 200 68 50 69 38 177 149 130 162 38 129 66 43 30 107
166 108 12 166 86 118 16 159 175 198 190 47 129 130 55 93 134 26 100 48 14 185 119 15 63 89 109 81 122 27
18 74 157 61 27 49 140 31 8 161 66 52 46 134 14 171 50 157 9 64 4 140 17 141 93 4 147 46 123 130
26 161 76 188 23 125 192 111 10 144 80 82 26 169 73 112 45 107 39 128 195 133 27 99 55 200 97 151 86 119
