30 	
50	52
0	82	4	1691	3	
0	73	9	254	2	
0	93	6	1739	8	
1	28	5	1435	5	
0	58	6	859	9	
0	42	4	1714	9	
0	80	5	288	1	
1	5	3	556	3	
1	37	2	1657	7	
1	26	1	992	5	
0	58	5	1368	4	
0	26	4	1337	1	
1	5	1	1046	1	
1	50	9	2145	5	
1	44	2	397	2	
1	89	4	2027	4	
1	70	1	571	9	
0	36	7	2099	4	
1	72	3	1410	9	
0	50	5	2093	7	
0	38	2	841	3	
1	25	2	1657	4	
0	1	5	528	6	
0	49	6	623	4	
0	95	7	1830	5	
0	60	3	1326	4	
0	44	1	227	9	
1	41	5	22	6	
1	41	1	1311	9	
1	27	8	327	1	
39 175 4 126 159 44 197 164 89 123 144 90 39 68 91 42 90 110 182 127 99 32 98 149 55 13 103 90 133 141
123 111 89 192 41 196 162 89 155 24 113 142 126 24 14 180 35 124 25 197 64 115 149 98 84 27 167 68 13 178
91 161 49 41 134 92 69 32 80 103 25 58 49 119 38 101 153 23 61 52 62 52 94 45 130 141 193 122 129 27
17 90 123 63 65 101 171 149 124 9 75 121 137 6 186 77 121 4 168 182 170 157 7 82 119 128 2 188 196 172
10 190 199 199 139 78 12 186 194 118 117 75 154 148 97 192 151 88 102 80 98 151 55 80 56 41 145 78 123 23
90 130 46 90 68 39 154 139 196 154 191 98 188 78 26 10 19 187 32 136 126 163 191 133 143 150 187 152 73 134
42 124 200 199 195 48 157 14 176 75 89 58 185 191 168 177 65 48 78 43 186 162 107 172 44 56 76 77 145 84
23 111 79 97 129 75 121 26 91 144 75 24 20 6 178 38 41 160 79 24 6 131 130 121 81 142 179 24 159 75
54 195 126 116 129 159 183 13 153 61 93 50 65 190 22 160 150 159 35 51 42 131 77 85 158 61 23 1 35 104
15 120 123 102 50 36 76 161 19 42 170 173 105 114 64 120 137 68 175 153 8 104 15 190 180 7 100 24 147 77
10 164 171 48 97 81 9 175 82 64 191 169 185 180 81 162 159 175 66 174 157 71 179 1 146 145 125 59 4 96
143 68 190 76 60 87 58 187 187 9 103 70 132 138 126 197 88 189 165 80 112 96 62 119 97 27 51 71 55 39
67 189 46 2 53 180 114 108 71 195 192 136 80 115 95 52 164 130 152 56 165 17 86 179 178 183 126 94 183 35
114 60 25 123 176 79 180 199 125 155 53 19 34 188 108 54 80 29 183 64 14 133 99 39 187 101 7 13 173 47
185 157 60 181 58 10 19 72 198 86 24 156 52 72 97 42 194 56 75 12 96 166 116 197 61 72 154 11 158 154
153 184 176 119 103 87 132 145 88 38 167 198 59 186 38 200 55 4 182 43 40 73 118 126 156 168 40 161 97 193
194 74 92 13 107 159 50 91 155 54 19 198 118 82 157 53 6 115 112 167 66 199 129 169 28 176 200 145 80 149
122 3 144 88 125 153 93 112 166 55 187 111 56 47 134 116 76 40 74 86 36 24 48 44 175 148 49 108 193 9
96 94 149 99 155 33 68 179 79 2 86 111 64 135 94 179 25 83 194 166 72 126 66 60 116 157 20 165 90 67
106 45 138 127 139 19 98 32 104 67 163 122 8 83 56 83 137 174 159 16 13 47 88 181 193 53 158 10 115 25
121 88 163 64 198 11 171 80 186 120 6 176 58 59 9 179 113 17 158 106 31 64 145 135 111 69 75 68 95 53
178 128 120 188 147 6 124 56 4 32 65 152 49 195 191 184 25 80 39 157 14 174 147 118 63 3 5 52 113 47
83 112 197 40 19 84 106 100 190 130 81 61 162 67 171 97 72 122 199 93 7 155 106 37 136 50 93 163 140 14
198 108 146 21 190 55 90 168 9 192 27 76 115 15 178 94 142 182 17 38 95 21 165 63 184 76 158 91 101 4
191 127 111 63 125 184 133 119 44 127 131 99 192 194 157 93 130 41 147 71 22 23 16 109 191 163 149 74 20 20
142 34 20 47 80 12 52 101 158 30 106 168 31 162 137 11 173 58 58 176 132 31 105 81 185 88 69 86 189 186
96 27 196 182 13 112 134 152 119 83 152 155 51 164 53 98 135 74 199 185 195 148 110 94 134 136 4 84 41 177
158 54 27 116 51 55 121 186 139 146 122 66 58 61 94 175 127 88 124 58 139 49 63 59 180 7 78 173 100 32
176 64 28 141 113 145 2 69 68 177 122 178 94 42 58 15 112 107 48 115 81 193 4 140 82 196 170 26 28 145
3 4 113 2 126 124 98 123 165 23 139 53 145 121 185 164 143 9 19 72 82 155 45 5 60 58 112 176 19 3
62 179 88 98 24 6 104 107 176 52 83 89 180 81 42 147 108 117 117 198 35 132 194 126 109 110 57 76 111 85
