50 	
39	46
0	2	9	21	5	
1	2	2	24	2	
0	4	1	13	4	
1	6	1	35	8	
0	2	7	210	1	
1	3	7	74	6	
1	4	3	179	7	
0	2	8	66	3	
1	1	7	197	7	
0	6	3	117	4	
0	4	7	89	8	
1	4	2	32	2	
0	7	3	51	8	
0	8	5	132	5	
0	8	8	160	5	
1	1	6	65	6	
0	6	3	170	1	
1	6	4	39	1	
0	3	4	139	3	
1	2	2	75	9	
0	3	8	211	5	
1	3	9	19	5	
1	5	4	117	1	
0	1	7	38	3	
1	3	9	203	8	
0	7	3	184	6	
0	2	9	176	5	
0	7	1	212	7	
1	5	8	138	1	
0	4	2	8	4	
1	5	3	84	4	
1	3	6	9	6	
0	6	3	75	8	
1	6	7	167	6	
0	8	6	166	1	
1	3	3	89	5	
0	7	4	106	5	
1	6	5	131	3	
1	9	3	134	4	
0	5	6	5	7	
0	8	5	130	6	
1	1	1	182	1	
1	8	2	151	9	
0	8	4	212	3	
0	4	5	43	4	
1	1	9	202	1	
0	1	5	206	1	
1	4	1	87	3	
0	2	2	126	3	
1	4	8	177	7	
154 168 175 25 91 59 11 47 170 73 93 14 154 196 149 146 96 81 172 80 76 114 32 99 3 169 51 97 59 199 138 128 88 128 172 152 99 200 20 190 69 162 50 93 180 64 146 191 11 187
100 34 46 199 41 136 86 169 193 158 170 162 198 54 8 159 56 133 14 94 41 93 153 66 142 153 90 177 24 146 4 34 178 81 187 24 74 103 146 21 188 107 10 120 77 2 147 163 94 166
149 187 176 132 165 87 128 82 19 96 10 116 103 33 191 96 148 7 122 135 109 1 30 12 105 178 63 7 17 14 113 117 188 62 200 106 175 103 159 64 129 140 93 55 144 114 189 78 102 168
34 38 100 125 164 22 174 179 124 87 74 92 196 200 94 5 126 92 176 47 191 156 145 96 132 190 22 62 78 56 38 6 109 155 173 78 39 24 39 18 180 165 151 159 134 170 200 108 59 182
18 184 141 116 152 157 173 46 175 110 31 84 188 21 74 172 54 44 11 2 56 146 94 110 189 29 101 180 105 157 11 71 68 72 31 95 185 122 161 162 189 39 2 47 108 74 29 114 191 108
130 93 140 111 170 5 184 77 37 153 49 199 19 156 89 19 47 98 136 26 35 195 93 118 99 88 155 41 17 78 52 21 90 18 43 197 34 7 129 104 113 137 58 106 130 74 130 52 9 103
136 105 35 67 40 138 126 85 129 74 172 141 82 24 184 182 41 168 1 5 194 99 196 8 88 130 3 156 101 31 26 144 191 67 180 158 66 70 133 28 79 42 133 159 152 49 162 181 173 181
157 81 125 167 174 149 112 164 17 29 9 133 83 134 74 140 184 193 71 60 161 138 73 53 89 13 188 153 6 71 67 115 85 89 196 198 40 170 180 173 196 170 39 118 168 149 108 138 69 176
39 121 46 140 181 107 30 147 156 97 41 106 194 141 174 197 102 38 68 70 56 136 198 15 99 171 186 170 40 155 174 69 158 184 76 186 109 17 143 73 15 119 168 62 12 96 39 176 104 21
173 113 176 110 22 161 103 116 2 6 197 133 111 124 13 33 27 185 188 154 125 110 139 194 45 169 174 31 148 21 40 39 78 69 33 68 164 57 98 47 76 21 132 180 75 135 76 32 74 34
18 182 13 9 118 125 156 152 122 16 33 154 155 24 171 200 128 179 20 69 83 114 128 186 82 44 60 17 122 66 45 44 188 23 21 96 40 39 163 189 110 31 14 57 38 30 130 141 163 193
126 122 94 132 90 22 94 150 175 25 192 102 155 160 19 156 71 95 93 77 18 26 109 122 101 48 45 25 128 48 166 144 18 65 132 183 54 45 8 136 63 150 152 3 28 63 196 27 46 159
16 116 21 20 48 79 117 23 193 5 179 105 113 2 81 4 1 137 17 156 19 144 174 181 13 151 197 33 15 189 135 109 41 89 106 86 123 114 36 116 192 177 19 79 169 75 153 165 198 159
76 12 43 196 73 170 174 61 71 79 57 29 106 134 156 113 73 95 26 10 117 191 9 163 95 93 1 175 125 52 25 19 48 66 58 24 189 65 36 64 33 94 84 31 191 71 171 135 38 31
177 31 183 36 196 156 59 116 180 48 65 1 95 151 194 155 142 152 56 45 156 7 29 129 91 1 103 193 150 176 57 111 64 93 34 114 75 72 185 124 193 39 48 167 114 184 53 101 177 152
92 163 45 164 85 76 143 137 196 1 4 11 200 42 5 76 148 55 107 93 21 134 102 38 156 188 104 121 151 45 89 132 51 96 86 100 13 57 113 116 198 71 86 141 146 111 178 118 178 136
112 29 39 134 188 117 163 141 95 9 194 155 198 69 46 53 41 71 92 33 139 43 88 28 109 133 51 36 62 120 27 167 126 134 38 152 106 126 140 8 40 196 175 28 161 24 82 95 131 84
25 7 114 115 119 140 64 40 53 131 174 3 163 189 168 49 115 128 175 86 163 26 173 42 90 33 14 154 62 115 26 90 154 78 130 136 78 40 15 54 175 145 150 191 103 108 119 108 63 71
79 63 38 105 86 128 126 160 171 62 158 158 94 18 188 68 6 27 2 185 70 36 23 199 107 106 136 164 49 156 35 192 156 42 38 18 166 64 96 42 144 140 152 57 21 6 77 129 74 30
61 114 135 187 191 40 59 189 98 146 83 78 46 63 165 1 76 100 51 120 156 107 46 83 123 198 166 116 175 194 155 189 180 168 32 130 67 125 57 9 140 50 11 52 18 60 67 120 120 168
105 140 192 173 12 92 56 59 180 181 102 152 184 114 5 72 89 77 74 104 200 46 63 48 127 160 171 80 100 89 167 43 196 191 60 116 97 114 6 145 189 20 125 153 148 73 10 5 103 182
92 114 197 118 114 127 174 4 80 186 78 14 169 42 132 33 51 80 53 77 137 42 169 144 55 127 137 32 80 88 128 102 200 52 88 31 153 148 96 148 53 152 146 127 168 93 163 181 24 111
96 116 199 174 9 125 46 31 73 98 178 99 81 195 26 116 112 145 200 149 61 38 113 64 83 74 16 66 99 157 113 37 47 151 114 7 156 61 147 71 135 130 57 69 63 186 32 114 100 42
66 186 54 184 117 48 139 17 188 90 40 58 175 85 159 133 93 163 157 100 31 57 127 191 28 116 79 14 189 134 49 90 164 120 86 173 111 146 160 24 2 151 23 200 181 57 115 147 139 112
15 94 135 116 83 63 72 163 70 103 34 76 35 126 196 63 12 79 129 153 191 35 190 53 15 20 126 134 131 135 92 188 188 170 9 109 83 105 190 166 37 50 181 134 110 58 175 184 120 133
145 10 7 108 37 76 7 115 198 161 70 1 190 41 22 87 189 19 188 139 150 46 104 79 114 107 10 175 103 121 19 192 65 171 200 175 99 138 49 43 169 95 196 141 132 174 113 143 116 165
15 99 95 102 191 125 161 44 168 194 162 96 127 69 88 175 10 146 194 79 104 127 89 172 141 76 162 165 182 114 153 138 93 30 90 95 48 108 56 124 122 14 25 14 6 147 81 104 129 153
160 57 64 164 81 4 176 76 80 149 155 143 120 64 188 24 150 73 112 72 68 19 139 91 106 42 169 26 68 125 6 43 22 179 4 151 10 157 58 95 71 168 126 175 74 64 88 73 91 177
149 14 157 178 81 160 86 94 154 92 26 193 121 44 56 49 2 146 88 42 173 10 81 64 116 146 126 150 194 45 25 134 12 142 31 56 35 63 128 98 177 78 4 190 15 140 96 116 122 136
3 26 107 161 186 163 109 158 146 192 147 189 55 54 125 121 112 16 17 101 42 98 130 184 163 30 158 14 182 189 41 139 146 78 125 13 134 85 145 181 86 51 164 136 132 163 21 21 174 55
135 23 110 96 119 36 141 117 31 86 102 107 26 53 65 163 110 24 30 97 8 171 91 64 183 142 31 200 29 37 180 122 87 190 171 74 99 99 187 124 166 156 45 187 98 15 44 180 177 143
122 194 128 97 48 126 163 166 60 7 154 158 138 123 76 135 57 94 62 20 94 64 4 50 184 20 23 29 199 179 61 43 122 187 61 117 197 123 98 198 71 81 24 125 135 35 132 177 155 179
30 10 197 196 180 82 114 121 138 136 153 150 173 120 122 84 28 124 65 161 110 123 17 80 117 32 26 86 90 159 19 1 28 39 57 51 160 50 170 59 124 106 9 81 33 42 135 31 185 79
13 128 97 85 189 142 1 58 84 1 104 198 182 18 131 119 199 81 127 182 126 128 119 54 89 90 11 121 170 189 13 17 17 166 152 125 75 125 87 101 47 154 67 81 140 158 108 48 105 42
136 192 141 105 75 178 53 158 148 47 44 147 188 85 96 103 33 85 155 155 136 188 134 57 193 182 99 189 117 43 195 160 34 38 139 49 187 11 64 42 113 98 47 1 147 186 55 77 181 92
45 148 137 8 125 149 13 54 192 108 32 141 152 121 101 150 170 171 9 94 61 79 64 60 84 140 29 141 97 165 172 106 48 116 32 138 43 39 167 125 104 20 13 54 158 152 196 112 163 128
118 62 110 195 153 96 37 78 82 87 34 194 8 89 198 74 165 68 38 162 77 176 137 64 29 2 55 161 78 5 188 18 79 123 183 51 109 48 66 47 44 72 130 119 82 17 171 68 61 108
155 144 173 137 117 144 110 73 173 83 14 13 6 42 10 125 143 124 9 117 120 24 119 176 170 84 103 125 77 197 69 132 141 10 167 124 50 68 21 102 26 186 12 93 127 86 182 54 18 127
173 49 108 48 1 53 67 95 30 3 135 2 5 170 186 35 179 181 178 133 109 180 108 189 31 159 186 125 55 1 151 151 176 5 72 10 143 64 63 126 47 79 51 38 107 74 173 162 42 12
120 129 121 9 186 152 98 157 150 65 119 108 178 190 43 58 141 196 141 156 6 44 26 199 91 156 82 184 27 63 10 193 25 37 49 4 127 151 114 195 197 78 197 81 55 22 193 129 117 192
91 38 96 86 127 69 97 80 173 34 69 41 135 95 137 118 65 38 105 52 159 24 104 48 115 7 150 108 21 84 189 140 81 148 52 148 138 81 1 157 55 182 199 3 28 14 98 158 167 35
197 128 4 95 193 154 155 89 33 157 137 124 119 97 197 20 122 70 38 62 8 108 179 21 193 114 200 148 176 150 167 76 2 108 191 163 90 132 106 33 116 111 117 78 180 40 66 6 166 22
88 122 195 102 35 18 67 15 196 189 15 200 93 5 189 94 77 65 135 70 135 138 78 34 71 45 110 12 162 96 195 45 178 191 43 185 63 161 103 120 101 183 78 96 118 20 162 163 116 173
38 9 187 109 23 148 67 147 32 111 143 168 9 74 140 94 61 28 36 105 173 114 74 81 1 133 39 127 161 118 64 78 44 84 11 118 156 44 58 103 170 171 195 9 118 59 118 38 36 87
12 120 22 52 41 5 7 142 200 37 117 96 66 176 173 46 47 147 2 164 154 60 54 199 46 180 101 57 73 53 171 181 92 24 48 171 23 37 148 141 58 117 123 194 61 145 94 176 26 200
140 193 86 46 59 74 166 196 70 168 139 114 127 40 139 3 118 75 37 142 159 85 57 89 65 173 28 108 129 184 90 55 33 146 190 133 139 30 111 169 17 37 138 145 109 29 153 42 95 36
5 101 182 144 122 125 146 138 88 142 119 126 59 109 18 111 70 82 6 158 14 31 80 194 18 59 193 167 5 38 27 148 9 106 8 126 23 167 32 176 140 89 159 185 33 154 17 195 106 137
113 138 100 50 183 152 197 175 1 20 115 185 70 153 144 81 2 96 199 132 195 98 26 109 161 200 182 149 141 88 136 94 1 47 59 36 57 200 124 54 50 192 61 62 64 142 140 66 55 169
40 63 6 161 135 81 199 92 39 7 5 187 16 148 96 154 149 199 51 2 93 191 14 29 68 128 41 27 29 15 147 118 190 46 169 70 73 190 199 94 4 45 165 103 14 130 101 122 94 48
145 10 109 107 34 30 45 108 50 122 35 36 48 179 177 46 200 153 153 61 8 79 180 20 157 163 187 126 114 20 168 176 69 46 118 96 187 68 187 18 143 164 68 95 47 83 96 186 118 199
102 177 184 125 147 186 103 57 105 87 118 174 159 65 12 127 44 25 176 35 171 167 20 151 23 188 65 1 54 58 9 56 175 40 89 97 193 196 144 131 42 31 122 89 138 125 178 73 52 110
