20 	
26	85
0	13	2	82	5	
1	95	4	347	9	
1	65	4	265	7	
0	73	7	125	6	
1	25	6	200	1	
0	5	1	89	1	
0	31	8	97	5	
1	6	4	391	9	
1	14	1	343	8	
1	59	4	287	1	
0	49	8	222	4	
1	46	2	360	4	
0	74	5	132	3	
1	25	2	136	8	
1	35	4	277	5	
0	68	5	276	5	
1	87	7	83	2	
1	3	3	196	2	
1	96	9	392	6	
0	54	9	361	7	
113 40 142 141 195 45 186 117 125 199 180 93 86 172 152 16 196 192 70 130
90 36 153 77 67 22 45 113 126 158 13 96 119 21 112 27 62 110 74 168
39 45 195 86 195 21 73 88 196 67 8 41 96 198 131 7 108 124 139 103
24 161 150 121 157 116 35 193 69 107 163 97 161 22 141 67 32 193 83 55
58 87 146 179 169 153 195 183 36 110 131 108 200 167 124 10 115 42 56 133
36 87 47 39 180 142 69 178 115 101 49 62 198 172 126 34 98 91 71 30
56 176 176 181 13 45 152 133 124 177 6 152 129 187 62 197 164 56 199 137
103 192 155 174 152 43 146 199 3 170 132 80 123 198 128 167 49 103 107 171
135 164 136 158 14 123 156 27 60 140 72 200 112 137 13 6 196 43 170 62
123 62 55 15 119 21 198 60 31 25 140 186 54 160 189 13 164 131 10 23
200 191 118 14 166 18 63 107 97 73 57 12 14 64 144 155 47 37 154 43
17 68 32 184 48 146 183 103 171 91 134 131 97 109 152 64 119 152 88 48
133 58 120 52 14 195 158 61 174 26 127 179 141 28 88 57 49 138 163 115
24 35 167 157 20 97 109 181 171 161 175 103 157 105 38 61 151 127 24 56
16 13 57 47 121 69 167 17 172 155 93 74 191 126 140 130 155 152 194 170
179 22 111 20 198 22 130 120 155 179 59 14 98 135 34 107 190 140 2 41
186 196 94 98 122 145 182 1 100 171 64 191 74 65 63 10 87 143 146 121
171 79 78 154 11 16 47 127 89 116 191 93 135 46 48 93 70 115 27 101
125 180 19 198 174 117 63 191 67 158 159 53 99 196 56 84 75 189 26 34
15 67 33 140 62 85 65 160 134 159 125 163 8 124 18 101 179 25 49 161
62 156 177 75 200 37 15 189 29 192 32 56 48 141 164 130 124 63 186 106
