30 	
61	68
1	85	8	608	4	
0	87	9	1024	2	
1	74	7	1300	7	
1	3	7	208	7	
0	7	8	97	1	
0	8	4	2387	6	
1	73	8	649	6	
1	2	3	741	6	
1	16	8	182	1	
0	3	2	505	8	
1	40	3	1991	5	
1	25	6	183	8	
0	42	2	676	3	
1	47	9	2293	7	
1	76	7	641	8	
1	43	1	1363	3	
1	85	4	271	1	
0	74	3	1652	9	
0	75	9	2423	6	
0	46	7	430	9	
0	26	5	646	7	
0	36	1	2400	6	
1	39	3	1524	2	
1	25	9	1608	7	
0	71	6	1919	6	
1	29	6	821	7	
0	72	4	472	9	
1	6	7	2276	4	
0	31	1	780	8	
0	94	9	112	7	
91 34 2 166 82 32 198 107 159 163 195 166 168 191 182 107 35 93 168 71 17 199 31 121 179 172 141 175 107 181
196 64 6 78 198 165 104 113 73 76 49 156 68 60 174 17 153 170 106 14 80 112 146 97 40 30 162 149 87 191
185 160 117 199 18 196 85 36 69 152 165 23 138 141 155 98 59 173 94 165 42 133 161 193 20 171 19 93 132 193
24 12 165 187 156 179 14 181 193 132 183 150 148 133 90 187 197 19 164 100 187 124 177 142 13 59 131 122 86 188
167 50 150 52 173 191 56 94 192 143 190 22 77 158 43 100 40 166 120 162 12 32 53 89 127 10 9 94 181 76
39 7 181 91 146 146 181 14 153 197 15 9 66 109 148 143 129 84 43 196 43 19 163 32 33 167 155 176 197 153
199 126 101 28 61 19 50 46 195 44 108 50 110 43 105 41 163 88 131 104 194 188 165 2 84 57 173 46 162 25
9 125 196 132 9 25 183 170 7 153 31 159 90 125 123 52 182 48 167 38 167 45 114 192 21 182 104 59 166 173
8 190 156 80 136 179 136 90 114 45 16 97 6 149 63 53 114 64 157 38 169 155 105 159 161 97 64 76 150 150
49 109 15 14 68 15 189 186 118 125 27 112 45 97 27 8 129 27 59 127 71 148 195 99 170 1 157 188 160 91
164 50 199 44 141 179 148 116 28 42 189 19 152 23 65 164 35 134 167 170 41 166 30 142 163 13 16 42 45 44
28 76 40 194 187 153 106 129 173 127 155 8 132 145 16 157 127 176 57 107 191 176 133 101 119 22 63 141 108 61
58 63 72 147 132 145 177 192 169 116 144 129 109 7 19 165 119 162 149 47 111 89 107 191 173 31 160 73 79 66
73 107 31 2 2 81 196 120 43 138 190 154 174 168 126 109 70 176 98 108 26 141 75 163 86 129 54 95 51 151
23 25 5 195 52 67 94 198 196 45 151 2 195 110 116 136 61 200 81 17 142 176 38 33 95 171 130 87 5 18
135 60 163 14 165 181 2 88 56 3 161 3 150 91 150 190 65 32 103 77 70 146 111 44 97 121 85 87 188 14
90 43 141 158 91 167 140 41 169 103 178 94 175 65 118 138 130 168 70 126 62 100 2 141 25 125 45 12 84 139
84 5 24 187 99 84 136 51 43 109 162 105 11 196 6 173 95 138 86 83 117 119 100 128 191 73 85 106 178 117
136 80 187 93 147 132 28 73 36 199 27 64 118 56 97 129 90 149 181 74 20 183 170 5 9 93 180 7 39 123
58 18 63 49 176 104 152 53 154 184 99 154 157 150 127 147 2 182 11 119 160 71 76 132 130 127 104 94 142 189
103 200 142 57 200 194 1 143 106 5 93 145 68 93 102 105 128 97 88 157 61 180 127 184 110 118 129 22 65 99
113 117 129 42 63 126 3 169 163 53 120 110 80 198 92 127 151 167 40 181 114 106 136 181 155 56 27 193 187 37
102 144 84 1 119 194 25 165 72 21 195 124 199 85 177 41 139 198 6 189 122 91 130 119 153 35 118 129 188 114
91 37 167 154 166 87 42 126 63 146 22 65 155 54 17 21 77 199 59 73 114 104 179 132 90 120 121 77 71 4
95 65 164 97 49 159 68 180 198 15 13 82 158 5 198 123 33 2 65 124 172 63 185 37 53 74 65 140 165 69
200 57 28 169 100 195 41 172 117 171 130 53 134 184 97 161 89 53 152 31 148 43 149 36 4 149 194 43 2 173
8 55 178 97 172 179 4 69 106 65 92 116 7 50 140 155 121 22 173 74 58 19 9 112 105 169 184 106 114 73
1 178 48 115 20 125 11 51 155 51 174 110 137 171 138 95 46 145 60 23 86 138 84 47 193 62 123 155 5 108
185 109 148 51 66 130 178 26 2 23 174 106 175 119 99 39 49 79 164 25 106 87 135 157 193 194 165 120 22 61
16 99 115 169 57 96 113 87 22 33 82 109 48 193 156 54 19 122 139 27 181 127 87 117 100 112 72 31 39 62
151 44 66 159 157 34 93 118 85 120 55 11 128 33 37 51 81 10 183 199 50 22 79 75 49 163 57 162 127 168
