70 	
17	19
0	9	7	2735	2	
1	73	7	1371	8	
0	70	4	807	5	
1	4	2	2265	3	
1	74	9	1574	7	
0	87	8	523	5	
0	22	5	3332	5	
1	16	9	2118	3	
0	29	3	359	6	
1	90	4	1760	6	
1	3	9	1322	9	
1	24	5	2444	1	
1	85	3	3329	6	
1	71	9	3240	3	
0	22	9	2401	7	
0	28	2	409	2	
0	18	4	865	6	
0	42	2	2896	6	
1	88	2	3007	5	
0	35	3	1283	2	
1	61	4	2541	8	
0	87	3	2307	3	
0	38	4	3	1	
0	11	5	1656	9	
0	40	4	2345	8	
0	4	9	1260	2	
1	12	6	794	7	
0	83	9	3116	5	
1	54	8	968	1	
1	88	7	2676	2	
1	72	3	746	1	
0	44	9	874	6	
1	67	3	1541	1	
0	15	7	668	1	
0	81	2	22	4	
1	36	7	2171	3	
0	10	3	3130	9	
0	41	8	1417	3	
0	33	5	3107	8	
1	90	5	1957	9	
0	68	7	1568	5	
1	7	9	759	9	
0	83	3	1529	9	
1	5	9	441	4	
1	50	9	3228	8	
1	58	7	2099	3	
0	30	5	665	9	
0	93	1	2334	1	
0	96	4	675	8	
1	47	9	107	4	
1	24	4	2360	6	
1	34	5	1897	4	
0	57	9	1895	9	
0	66	6	565	8	
1	56	9	1558	4	
1	29	5	642	9	
0	62	1	405	5	
0	35	5	2906	9	
0	63	5	697	7	
0	5	5	1965	2	
1	33	8	2389	9	
1	22	5	2486	3	
0	64	3	2941	1	
1	78	2	2337	4	
1	76	8	1466	5	
1	23	8	1355	9	
1	20	9	3070	7	
1	88	7	1539	3	
1	53	3	2810	5	
0	51	2	2868	2	
25 104 135 128 104 194 12 173 185 132 103 56 190 39 123 45 114 93 99 188 198 8 6 53 62 100 21 53 89 25 34 133 147 126 126 151 156 159 31 73 131 129 68 87 86 115 75 20 26 129 111 128 169 141 66 194 152 57 80 18 108 136 45 72 182 199 136 50 33 25
42 63 141 66 124 26 51 114 7 161 152 155 174 32 145 67 87 23 179 26 153 154 84 177 43 194 151 199 173 49 115 177 173 144 23 14 72 120 37 84 147 95 43 151 158 106 32 188 55 41 76 155 24 151 46 192 16 114 116 179 168 155 100 56 106 72 197 109 8 170
59 37 134 157 90 185 181 152 116 14 144 114 149 132 162 108 26 103 45 98 126 45 50 77 110 69 93 7 58 179 152 76 174 123 81 175 178 193 99 45 116 63 92 54 132 94 188 136 185 159 152 120 36 125 127 61 76 76 139 102 187 15 79 7 16 30 76 166 195 57
165 116 116 163 42 84 63 1 136 184 47 167 155 186 21 77 181 97 67 129 150 170 131 54 71 195 92 144 151 36 2 19 113 29 27 19 102 166 3 184 13 114 25 160 124 112 22 140 175 116 199 68 102 147 195 30 79 38 61 121 119 44 151 8 104 134 94 58 43 193
178 6 38 82 80 181 34 127 149 62 6 94 24 184 70 60 71 196 139 47 87 16 164 190 149 104 48 96 177 79 182 79 106 41 1 16 79 7 143 163 62 20 16 131 118 149 169 30 8 123 9 163 129 155 178 49 175 51 75 36 123 59 69 48 31 157 160 166 113 141
85 150 120 12 66 172 113 153 57 5 17 150 39 174 148 30 12 183 81 66 33 61 66 147 86 195 13 185 116 137 45 187 134 7 53 189 10 154 157 12 112 163 160 166 117 85 105 108 100 70 199 195 12 173 22 76 15 135 188 94 115 122 115 97 83 128 123 16 107 116
78 32 111 79 180 197 10 113 87 150 98 176 73 33 59 169 179 39 31 100 82 72 21 88 65 74 62 197 195 129 1 126 144 36 175 84 160 187 155 106 58 133 157 131 174 200 88 51 98 85 34 112 118 9 87 176 50 194 163 95 126 63 174 79 142 143 167 104 155 147
83 151 66 57 173 47 9 166 103 165 145 111 32 159 84 130 150 165 35 138 16 106 184 100 164 152 133 133 134 126 20 157 51 197 90 118 176 8 149 188 146 150 83 200 182 103 185 188 4 49 65 38 97 43 177 82 159 63 153 132 146 174 142 138 120 20 86 93 99 96
163 36 42 31 146 183 98 95 178 33 14 174 71 75 17 186 105 119 181 22 49 178 184 1 40 12 47 90 117 107 48 102 127 57 41 186 75 168 10 36 15 197 34 21 186 75 111 189 63 58 55 8 190 69 5 188 138 135 57 56 182 101 17 157 37 111 89 143 151 166
76 111 143 17 1 145 199 101 150 126 22 17 190 73 45 123 195 136 162 199 186 32 90 2 31 66 148 155 66 136 11 100 187 68 125 64 44 39 32 139 145 109 122 1 164 78 52 118 123 177 22 43 21 93 114 128 28 147 160 67 116 49 6 155 3 171 59 14 61 133
13 16 166 41 56 131 69 139 117 45 93 82 103 136 100 195 130 180 173 102 53 194 9 47 41 194 92 2 109 92 106 169 101 100 129 153 95 183 138 68 15 66 6 96 123 12 170 100 44 55 172 90 76 196 168 26 10 56 191 96 7 148 161 131 117 109 61 138 136 191
109 74 32 4 81 198 119 32 200 139 13 90 36 185 80 165 163 32 110 141 119 96 180 20 67 186 68 22 27 71 58 15 32 104 123 128 87 154 24 168 178 145 38 16 42 37 195 36 132 22 189 146 58 31 172 71 137 69 163 10 146 106 14 68 18 8 174 135 117 129
122 37 194 158 38 36 71 94 195 79 21 66 131 127 128 61 127 23 95 115 169 39 124 44 149 13 103 34 194 117 64 3 141 194 56 199 127 38 70 35 171 194 76 111 140 28 49 46 84 91 87 153 98 184 113 69 55 127 145 176 32 166 92 169 83 24 120 109 104 66
133 144 37 154 99 53 136 101 110 162 26 118 32 81 11 66 17 114 110 199 110 54 200 189 20 87 14 60 11 102 79 55 98 144 15 169 57 64 65 100 85 93 161 69 31 15 28 181 125 171 75 124 43 99 162 148 9 118 109 165 25 177 119 174 63 125 67 74 190 12
62 68 175 2 153 79 68 73 151 139 97 110 185 123 90 31 200 134 121 50 99 148 41 143 94 12 133 34 75 83 150 109 115 191 114 174 176 70 4 9 33 132 195 104 41 144 181 94 150 158 32 28 83 43 51 85 154 115 26 186 126 22 102 60 53 108 27 101 152 79
177 155 18 10 104 108 133 52 12 140 36 40 95 120 170 27 6 93 186 112 104 75 1 126 133 168 106 78 79 92 91 93 68 64 1 154 179 104 2 21 153 172 121 139 194 73 30 42 61 105 122 6 1 67 130 149 11 47 11 39 114 37 66 179 86 1 149 75 9 140
13 165 72 79 112 64 79 96 123 79 128 15 146 23 62 140 123 158 36 140 186 184 185 39 122 56 43 68 2 35 162 32 189 138 146 189 108 4 143 132 174 12 148 84 40 158 48 169 182 27 75 20 171 162 13 115 141 58 28 26 149 119 163 83 149 85 171 26 22 184
135 78 168 178 46 168 155 188 158 82 74 120 172 45 62 13 5 193 36 2 71 39 54 69 11 14 31 64 161 140 99 82 44 129 49 59 14 73 119 60 99 183 190 29 67 16 1 140 86 106 124 8 149 60 51 95 18 139 99 118 183 98 138 100 135 153 198 11 10 40
82 190 103 86 15 163 136 4 52 115 30 23 162 1 60 122 132 23 106 130 180 175 170 110 113 49 15 145 170 45 55 179 186 135 50 83 62 48 66 173 104 128 30 137 51 19 135 144 142 89 36 161 153 39 66 156 99 167 70 89 120 54 102 78 23 188 118 94 162 199
31 98 144 151 163 145 31 82 170 6 110 124 113 147 20 168 178 159 156 85 105 167 138 158 163 171 86 101 29 125 43 133 17 177 131 120 131 40 135 101 200 139 89 168 178 147 46 40 12 97 102 190 6 132 166 18 154 181 169 151 69 114 68 164 127 194 159 45 81 137
126 115 135 183 26 45 52 175 41 103 125 40 92 185 123 81 124 6 117 129 70 121 92 171 148 188 138 170 33 111 53 34 175 171 159 187 194 4 112 2 182 68 112 86 45 148 92 109 197 31 87 159 194 178 45 1 46 175 27 136 192 118 161 160 24 28 93 82 25 9
169 62 172 151 94 102 96 118 156 188 172 55 4 105 157 68 108 68 61 7 83 128 25 36 100 64 9 160 138 119 181 34 193 133 45 82 113 172 168 117 68 63 95 46 60 25 41 134 79 192 143 109 99 76 24 24 134 144 167 160 123 160 195 19 83 187 82 146 79 102
3 178 40 14 190 30 31 17 115 1 183 28 183 126 172 107 155 149 122 147 93 2 121 63 192 116 96 157 30 15 89 67 68 198 103 172 200 111 186 32 75 108 4 55 25 143 98 44 68 182 57 73 141 88 3 53 100 28 43 23 184 111 120 98 84 113 74 200 27 97
54 149 192 158 60 130 107 149 79 72 47 91 86 196 68 109 88 164 150 41 8 74 9 63 37 200 81 150 168 45 81 120 149 122 46 12 157 197 76 61 197 165 137 13 2 149 69 13 139 46 97 162 18 115 81 174 74 122 41 3 29 146 32 81 94 19 199 182 148 77
156 18 177 104 23 147 155 142 63 18 64 72 78 9 91 195 48 36 106 98 196 53 96 151 174 3 57 163 97 195 179 177 93 45 150 128 61 118 167 116 140 24 139 86 13 126 160 69 37 91 64 11 78 33 183 71 37 32 192 59 97 111 126 44 170 88 83 138 141 86
16 137 150 159 45 113 63 36 68 54 130 46 158 117 90 68 135 165 143 54 122 52 68 123 114 140 113 165 52 163 107 68 111 151 32 195 192 116 56 186 62 123 25 178 78 69 35 119 74 53 38 168 118 95 117 124 87 78 129 198 164 42 170 82 14 129 161 194 3 134
200 182 83 105 12 30 73 38 141 70 123 90 37 55 71 19 192 125 128 83 160 149 158 84 72 131 83 81 72 11 17 16 85 133 77 44 149 37 43 105 156 66 89 145 151 109 20 14 5 142 87 173 106 199 13 21 99 164 169 70 196 122 186 78 52 122 153 87 114 151
9 150 87 4 41 12 199 38 169 160 177 165 86 196 198 118 136 37 181 139 16 198 44 28 114 3 180 84 170 167 181 32 103 150 21 83 106 13 37 156 132 89 16 163 59 135 20 66 20 190 139 105 92 34 41 188 141 94 198 55 138 166 71 109 43 144 33 34 14 171
136 39 187 58 63 153 102 125 181 170 87 190 23 117 145 78 5 96 84 39 200 61 63 41 24 156 106 49 15 187 27 130 124 118 162 187 85 167 93 147 118 186 133 99 35 119 159 143 89 100 110 193 178 48 100 102 2 146 169 24 164 193 197 158 14 150 60 188 22 186
50 104 15 78 84 176 28 161 70 36 170 155 184 151 45 140 104 158 46 178 111 69 168 76 172 35 69 147 127 124 117 120 42 97 46 10 66 159 98 177 20 65 26 117 3 48 133 154 165 111 58 35 46 187 33 38 110 95 27 65 47 4 2 166 120 18 75 94 188 29
38 67 116 38 99 176 193 116 175 35 117 22 54 127 175 77 38 158 37 45 100 6 5 70 45 6 87 12 186 69 86 160 87 155 85 126 2 5 81 165 163 46 166 117 80 1 179 167 174 33 57 169 104 63 45 107 92 68 45 162 155 30 123 77 109 160 147 169 157 34
69 97 107 167 89 172 174 17 23 63 105 6 149 76 134 35 30 130 86 184 15 198 3 123 101 53 6 11 147 172 140 191 153 144 81 127 46 43 102 173 87 115 170 64 90 99 108 42 4 20 25 187 79 67 178 176 91 154 111 16 8 122 5 99 6 113 18 53 20 73
143 167 33 68 74 197 200 165 96 119 144 92 147 35 119 170 23 105 60 30 49 113 134 174 127 110 160 178 196 164 81 117 133 24 22 72 57 30 128 121 12 61 94 38 104 64 108 8 195 194 55 40 124 200 51 29 167 200 9 11 91 58 160 156 29 163 134 52 193 2
120 57 146 44 168 182 199 116 112 58 92 54 134 43 63 63 96 58 81 172 23 143 118 124 142 168 164 130 25 56 110 166 162 73 133 131 154 37 189 183 154 17 106 37 173 32 175 96 56 76 15 113 54 2 193 49 135 136 115 49 164 162 127 126 49 159 113 2 53 155
44 119 163 47 103 128 101 49 67 193 168 92 79 39 56 166 197 106 7 124 173 37 96 36 70 166 22 152 46 173 73 189 74 178 130 168 98 145 1 173 185 42 175 117 10 114 59 110 91 134 200 170 51 128 98 187 168 23 77 96 135 200 162 50 123 101 108 172 78 69
38 136 79 157 136 131 164 121 143 68 172 116 87 8 67 16 71 178 109 129 47 103 147 66 124 133 105 124 166 113 72 63 134 197 104 194 50 128 75 57 24 189 28 29 189 28 91 5 107 181 151 68 189 130 117 120 169 84 185 83 147 157 188 111 25 188 80 39 164 109
111 113 186 190 68 3 185 17 181 192 46 148 182 146 17 195 102 3 84 196 77 103 177 148 119 176 113 87 58 72 123 49 35 167 51 57 60 156 181 104 15 42 33 151 82 184 133 12 155 7 86 42 27 53 155 112 165 84 127 56 76 102 27 55 73 10 30 48 17 45
180 179 52 158 179 111 51 138 26 77 64 18 125 75 137 43 148 33 180 153 184 18 111 193 179 90 14 184 143 173 87 155 157 141 184 46 125 188 83 97 146 151 8 142 170 162 107 153 122 137 87 145 70 109 24 77 119 132 53 172 136 88 35 19 50 107 198 24 90 190
10 32 16 97 167 114 140 39 76 27 54 82 60 73 134 68 134 77 124 1 35 118 24 130 63 2 80 109 86 8 16 146 45 108 6 178 136 81 147 8 54 138 76 180 136 32 192 48 117 112 195 81 102 20 174 109 86 55 10 151 191 108 124 69 14 104 141 36 182 86
1 35 116 103 119 6 58 8 189 67 171 110 161 198 67 37 159 17 182 145 22 167 116 198 145 196 121 120 194 22 179 68 38 8 6 112 197 180 179 9 114 102 6 181 79 186 4 75 178 101 101 11 45 34 125 178 99 145 39 40 77 112 180 59 181 57 140 171 123 192
69 158 81 190 6 79 55 169 173 21 188 101 82 94 124 125 142 78 61 83 116 26 8 90 20 193 78 37 90 136 179 177 59 96 28 182 163 180 109 142 36 197 20 153 27 53 41 68 155 107 4 131 106 175 16 116 175 79 45 141 11 131 5 147 49 5 87 151 46 188
4 23 54 162 87 199 76 188 150 8 200 97 143 178 199 147 135 39 111 1 100 60 119 155 188 198 10 40 186 87 17 123 133 110 97 120 191 60 9 74 135 61 41 87 44 184 20 10 97 5 20 69 161 176 96 179 117 43 125 176 137 101 100 149 139 110 137 35 196 69
86 147 140 53 198 143 45 117 83 106 132 80 174 114 136 37 28 57 181 93 133 158 81 32 171 177 114 123 93 169 147 153 69 160 182 122 82 20 48 127 33 142 43 187 78 34 156 191 104 147 142 166 98 157 137 107 1 127 122 95 189 165 185 24 94 175 128 161 39 40
126 177 132 28 122 11 59 199 26 157 58 184 120 14 83 1 110 197 104 74 42 186 132 80 74 27 44 163 110 108 196 37 126 91 11 32 20 163 113 86 129 147 162 156 39 156 72 66 180 49 148 92 86 133 74 193 48 175 96 127 62 50 70 4 152 127 197 32 16 104
105 146 154 108 26 21 141 41 103 116 17 14 156 106 140 97 148 190 136 85 87 87 62 9 119 79 147 115 90 164 127 3 118 103 151 146 105 169 2 152 138 64 162 114 1 138 39 31 50 98 14 91 156 128 46 168 72 69 1 189 35 95 66 154 23 43 77 24 141 115
87 77 182 31 139 148 25 50 103 140 179 192 189 184 97 29 26 96 180 109 184 109 22 26 198 190 175 171 195 41 156 8 181 180 110 14 40 20 121 189 75 198 39 164 156 130 105 151 183 200 64 122 50 73 51 23 195 184 44 150 90 177 196 114 2 14 174 179 174 190
18 53 82 185 131 55 53 169 61 117 156 95 72 32 93 10 106 197 149 48 72 37 145 155 120 95 121 149 80 114 96 9 9 158 126 62 148 67 55 78 96 180 120 190 156 99 147 97 88 131 27 38 116 91 189 160 47 38 139 146 69 134 20 23 109 137 87 118 45 65
126 156 165 3 50 154 153 44 72 200 92 4 2 194 105 150 77 180 39 84 44 12 83 14 93 80 63 120 186 106 179 70 150 142 78 32 193 173 31 160 48 25 54 117 105 141 181 142 197 150 168 129 151 168 31 117 143 42 169 121 121 72 52 94 46 196 175 190 91 99
198 16 133 176 13 54 119 62 61 48 41 36 129 108 38 71 63 38 160 6 46 107 181 4 185 33 151 15 1 173 167 79 161 25 26 69 133 27 176 123 114 125 99 106 17 63 8 187 19 2 97 171 126 165 166 38 55 168 92 81 188 166 180 186 187 120 93 151 181 171
183 107 152 175 195 47 197 50 95 69 4 198 129 70 144 136 127 97 55 150 38 107 31 100 166 196 184 40 134 62 14 88 68 150 131 96 99 7 152 187 101 19 142 85 45 100 12 144 120 30 151 99 79 64 38 77 35 199 77 45 99 23 98 22 71 46 40 179 123 16
9 43 54 132 46 132 164 136 168 37 180 197 78 162 126 13 149 139 64 2 179 55 59 198 165 126 161 34 30 80 117 66 140 163 199 175 177 138 66 72 30 66 70 88 12 13 113 41 94 174 41 9 178 33 185 135 53 128 138 15 173 192 133 49 108 75 161 142 66 80
46 9 180 52 40 60 107 135 120 35 9 114 35 127 117 5 172 80 80 59 9 91 106 31 139 4 4 100 198 130 27 140 85 168 141 153 166 91 86 25 28 91 198 61 38 170 7 104 22 64 55 152 65 60 9 188 177 169 68 154 117 63 179 136 84 200 190 77 179 119
142 107 176 147 42 169 99 130 31 152 3 189 52 176 51 129 21 128 66 21 155 40 175 31 6 125 192 48 157 138 177 132 170 25 118 23 126 52 40 121 159 190 180 119 21 165 96 64 136 130 35 188 69 97 67 24 147 143 27 18 122 21 79 36 80 179 156 129 146 70
158 96 93 189 71 92 72 197 17 43 200 76 196 108 78 140 163 56 150 18 140 41 44 53 128 29 132 51 72 179 31 128 126 87 194 108 90 200 3 188 106 8 127 121 138 167 34 62 164 149 156 18 18 183 111 103 52 30 178 169 152 93 170 173 186 177 186 200 110 176
89 101 194 142 2 179 64 52 15 101 125 57 121 100 96 117 142 133 58 187 72 5 71 60 87 91 39 159 199 156 83 173 178 56 35 118 131 145 186 14 61 155 125 193 137 6 12 136 152 100 33 124 97 125 195 126 31 25 187 137 172 95 200 158 150 64 157 74 62 50
25 101 110 170 163 134 22 122 34 78 19 191 186 33 6 56 5 47 136 135 63 89 8 179 38 141 163 84 192 47 51 40 102 75 199 117 155 126 99 14 67 134 196 170 5 1 141 38 90 159 89 45 134 182 156 96 179 27 76 121 44 19 41 196 21 10 161 33 162 81
112 184 81 1 86 176 70 109 141 78 98 190 182 77 133 98 125 47 6 128 39 108 165 107 199 155 100 96 60 188 84 98 151 50 22 193 54 162 181 19 78 15 87 177 199 76 196 100 7 105 166 121 167 57 62 54 52 26 138 94 96 155 57 127 1 76 145 200 129 146
156 4 154 136 50 21 112 61 68 143 26 103 97 113 69 84 170 54 104 127 177 131 14 66 31 13 153 172 145 122 120 151 138 51 72 156 33 166 28 182 166 174 6 118 127 38 10 191 108 99 95 26 37 73 125 75 26 31 46 8 49 132 98 27 45 105 17 196 5 122
197 190 35 34 117 47 116 97 21 182 69 105 168 93 67 145 131 100 42 141 59 41 150 83 176 154 149 70 51 126 136 149 173 74 171 6 58 106 70 199 60 28 99 116 70 102 147 165 44 38 117 102 31 164 131 45 102 2 105 48 167 7 193 133 95 25 96 123 100 26
125 102 68 111 105 181 51 194 116 200 148 140 43 144 45 40 43 152 59 26 78 99 85 89 31 29 76 43 120 50 130 127 3 25 163 20 59 140 75 54 195 133 23 55 41 150 120 165 151 184 198 197 85 176 90 27 109 31 47 14 56 130 11 55 38 114 77 37 152 66
188 2 146 108 127 90 97 57 54 29 131 24 200 65 129 135 88 91 189 52 193 15 88 7 120 76 92 166 1 6 127 138 199 195 29 24 19 48 57 60 116 124 12 102 196 34 109 157 156 151 199 31 88 23 75 103 46 22 53 141 156 195 75 138 174 132 192 48 131 118
191 128 108 158 81 149 149 154 52 190 40 190 105 163 112 54 186 68 127 82 143 157 30 184 81 58 1 176 28 67 5 96 64 192 127 3 135 62 110 80 86 169 72 138 133 67 65 49 140 151 115 164 46 174 34 86 169 4 37 128 65 152 200 22 112 167 126 44 105 136
134 112 131 164 129 198 29 114 74 98 87 121 33 11 60 200 50 81 116 73 166 198 36 41 63 71 161 111 86 122 65 39 120 135 124 75 141 166 147 90 142 178 160 190 168 167 40 27 119 71 194 181 37 120 186 175 86 71 177 197 60 83 97 68 151 103 120 144 184 12
67 137 71 194 5 171 177 45 192 149 10 145 43 200 130 176 44 38 155 102 76 197 8 29 194 143 71 170 40 42 80 138 5 64 175 47 92 174 199 166 90 175 195 199 72 112 153 197 39 109 161 177 172 96 112 189 52 132 171 145 174 191 88 155 31 199 80 88 111 129
12 168 145 180 92 52 166 45 136 157 101 128 168 64 108 20 97 43 4 76 119 31 151 82 6 166 14 23 41 31 22 82 24 120 183 1 128 35 138 61 64 124 197 103 77 166 17 167 126 142 160 197 166 187 44 69 139 90 136 79 68 97 98 3 194 170 108 138 138 66
181 19 118 109 18 50 15 56 82 182 12 176 127 19 116 142 59 124 114 64 135 58 9 70 173 51 128 50 74 104 64 193 67 148 132 96 170 56 193 111 157 16 91 39 40 168 26 118 120 179 5 105 168 179 124 9 134 199 42 39 12 62 128 99 195 149 182 131 55 94
124 18 33 89 59 176 51 58 27 38 39 161 54 26 36 125 40 184 68 173 47 103 197 21 1 161 64 12 200 165 135 112 110 105 42 43 15 157 36 170 128 46 187 162 82 55 118 159 93 94 123 123 173 114 196 162 134 172 54 20 9 93 155 181 131 88 151 75 22 153
66 11 94 48 69 15 178 100 193 109 104 103 7 179 73 166 107 52 82 74 92 134 20 118 152 115 47 17 172 102 66 129 190 98 18 103 74 38 189 18 31 161 159 77 9 143 85 158 8 34 178 64 110 15 198 107 51 169 109 3 15 170 52 129 53 12 118 109 189 56
38 42 141 175 96 83 56 99 136 74 6 179 3 29 98 85 32 46 100 1 69 52 126 183 71 200 164 162 82 141 200 97 124 90 131 187 47 136 153 52 137 97 78 29 142 28 138 126 78 124 96 57 144 153 92 172 133 160 28 73 81 196 182 165 148 160 124 2 88 58
118 17 22 49 85 105 11 169 39 149 112 101 106 45 46 44 119 106 158 167 186 23 169 76 192 126 91 173 172 168 103 162 84 67 121 175 26 170 3 140 54 50 44 147 135 8 165 100 100 107 199 164 115 182 196 55 56 132 199 30 36 51 87 12 24 14 117 101 13 45
150 169 139 67 134 183 180 26 62 179 85 177 22 48 79 44 182 187 79 133 132 165 23 150 72 22 139 93 132 137 178 181 29 137 141 11 181 17 82 166 21 162 108 153 184 188 171 98 38 90 139 50 183 71 1 179 23 49 56 85 5 155 53 32 93 49 54 72 44 91
