90 	
14	30
0	71	6	4425	5	
0	30	8	4124	5	
1	93	5	2145	6	
0	95	5	4374	5	
1	10	9	2193	9	
0	50	1	6863	2	
1	24	8	5682	2	
0	19	7	7947	1	
1	25	2	5890	9	
1	92	9	1211	4	
0	11	3	394	4	
0	1	2	2385	8	
0	25	4	5161	1	
0	64	1	3096	2	
1	77	8	5773	8	
0	67	8	5275	4	
1	83	5	8462	2	
0	13	1	8334	6	
0	25	9	2997	8	
1	43	6	6099	6	
0	6	6	5575	2	
1	70	8	6305	2	
1	73	9	4783	4	
1	68	7	4705	3	
0	30	8	2235	1	
1	73	1	2797	1	
1	96	7	7062	6	
1	14	7	1644	8	
0	95	5	5581	4	
1	11	9	1859	6	
0	66	1	8335	4	
1	14	9	4356	7	
1	17	7	6696	6	
0	32	3	7686	3	
1	3	1	4204	9	
0	33	3	5740	4	
0	78	8	2520	4	
1	95	6	7602	5	
0	42	7	7907	6	
1	98	7	8252	7	
1	25	8	5631	8	
0	49	8	5610	3	
0	54	7	4451	5	
1	5	3	3656	7	
0	28	6	4458	3	
1	53	9	1493	7	
0	71	4	8294	9	
1	37	6	1212	8	
1	12	3	5032	2	
1	46	4	2794	3	
0	1	9	3883	3	
0	2	8	2063	5	
0	44	1	6403	8	
1	14	5	1392	8	
0	63	3	322	8	
0	22	5	4059	4	
0	39	4	168	2	
0	19	2	6848	3	
1	27	9	30	8	
1	89	9	3107	7	
0	88	7	384	8	
0	25	3	5739	3	
1	99	4	5921	1	
1	17	5	3014	6	
0	93	4	8021	6	
0	67	2	3174	4	
0	25	4	2889	1	
0	93	4	8706	2	
1	84	6	6906	2	
1	18	4	8720	4	
1	57	6	771	6	
1	87	3	8517	8	
0	97	3	1877	5	
0	82	2	2517	3	
1	63	4	887	3	
0	91	1	7674	5	
0	30	1	655	7	
1	1	5	5882	5	
0	19	4	1233	4	
0	65	4	6198	8	
1	4	1	7791	1	
0	55	2	686	4	
0	45	9	4954	8	
0	57	9	8222	7	
1	81	9	2037	7	
1	91	9	3215	1	
0	70	3	3084	5	
0	62	2	810	5	
1	69	3	6709	4	
1	32	9	1540	5	
101 67 172 110 178 97 77 111 34 101 33 172 68 105 121 4 25 94 191 24 13 141 171 200 152 96 172 143 159 114 52 28 198 54 34 109 135 103 81 82 152 96 8 67 32 141 109 64 22 13 189 37 196 156 64 3 75 68 13 194 6 6 181 4 9 92 173 151 143 166 129 62 72 89 114 150 30 189 171 94 168 30 51 114 88 113 52 92 40 9
24 97 82 191 51 107 127 169 17 143 182 121 190 143 19 42 14 39 114 132 67 91 89 66 56 166 125 23 195 191 158 112 59 85 16 111 6 94 198 6 143 11 113 86 83 116 190 189 190 195 178 173 53 182 82 122 111 34 35 13 157 34 179 2 112 162 193 199 93 35 67 72 5 169 1 56 13 197 17 28 119 139 71 158 16 74 142 11 180 110
51 69 72 155 59 198 34 82 106 139 179 167 192 102 155 132 6 200 188 68 3 164 180 190 142 146 85 200 86 89 187 200 172 16 164 98 89 147 74 133 93 88 45 125 187 31 38 77 52 126 46 50 160 12 177 129 32 107 168 174 25 143 176 21 40 138 136 63 154 77 157 166 129 123 39 169 128 122 96 176 85 82 137 38 73 65 155 67 60 76
76 124 42 73 147 89 16 199 18 23 142 142 65 190 111 4 109 121 52 30 116 191 16 82 29 139 198 2 81 125 173 132 105 84 88 162 162 17 193 159 96 170 68 22 46 160 166 166 125 53 147 43 68 91 190 13 13 163 145 31 141 200 131 171 162 60 54 110 34 14 132 186 90 50 56 11 151 180 104 16 64 162 188 27 188 33 149 86 49 168
173 16 167 163 184 25 31 31 165 115 196 95 51 59 56 102 69 42 52 100 46 115 197 174 34 167 69 113 41 186 80 178 5 68 146 123 74 106 109 188 179 91 185 119 101 129 84 20 199 114 153 15 35 51 140 160 186 192 176 7 6 55 93 159 181 6 146 136 17 72 167 50 100 61 160 187 88 183 80 60 163 73 89 45 13 187 128 33 107 13
148 17 76 8 30 63 134 42 162 182 64 117 151 127 74 77 141 6 130 112 28 179 149 81 155 23 192 87 3 173 16 189 118 182 153 20 118 8 13 181 123 36 1 13 20 23 154 44 163 145 155 122 150 192 92 130 148 30 74 119 197 108 130 34 74 196 18 193 68 33 103 116 10 100 92 80 140 63 14 100 71 37 101 135 94 136 140 52 172 43
79 185 178 42 110 44 172 199 67 108 59 162 106 70 181 32 40 165 59 85 179 75 107 165 124 28 64 32 147 169 125 159 109 179 170 107 80 21 179 137 2 88 86 131 197 131 175 31 54 67 17 148 62 27 141 145 10 50 159 10 96 92 152 102 96 32 157 115 74 143 11 110 44 70 159 134 159 200 190 62 185 191 139 60 25 69 62 85 16 99
188 172 127 111 51 2 181 30 148 196 121 79 80 172 7 129 80 163 8 85 119 78 58 141 67 152 109 172 64 173 129 10 191 82 187 121 67 23 8 50 1 173 100 130 200 58 137 105 141 126 200 4 150 14 156 45 2 168 76 182 119 111 98 181 154 41 94 42 87 189 58 34 73 197 116 1 27 143 27 173 138 175 17 71 188 173 192 14 6 108
95 20 86 137 159 2 23 199 107 4 185 22 107 1 37 109 18 33 64 105 126 49 76 179 62 120 52 62 73 97 42 33 163 21 113 112 157 60 63 63 198 28 165 150 159 76 11 136 129 35 97 84 82 115 92 50 51 187 108 117 28 175 173 20 158 68 90 124 135 60 136 199 7 52 100 167 191 114 114 101 1 186 48 171 25 195 120 8 161 122
78 137 37 188 6 189 124 15 32 164 153 164 91 50 18 26 143 125 36 177 49 39 10 69 162 61 33 106 162 101 33 181 4 120 76 118 128 29 42 156 173 44 118 24 138 113 111 118 49 155 111 26 49 37 157 37 66 45 5 155 142 10 194 5 99 83 119 129 180 103 128 180 55 119 109 22 160 106 64 93 31 36 25 169 186 71 53 180 159 80
95 99 95 190 110 159 62 41 8 138 185 46 156 200 158 18 6 140 136 134 68 160 72 111 6 178 167 155 169 81 182 198 124 25 31 158 34 164 97 128 39 179 99 117 107 44 4 146 125 129 6 175 155 88 167 87 25 130 71 111 143 96 136 18 65 135 79 176 152 89 73 171 164 64 76 103 182 27 131 91 187 197 103 25 96 104 191 152 87 88
136 79 95 101 75 199 121 139 77 92 73 21 159 163 168 135 102 85 131 175 199 112 165 3 101 60 15 20 155 101 133 189 64 156 130 118 185 43 96 72 124 193 63 60 164 44 179 69 92 151 169 74 140 163 161 71 93 198 64 179 4 49 143 47 8 20 141 115 7 49 12 167 64 5 124 14 164 82 85 111 35 18 143 39 83 75 176 191 139 71
86 190 158 75 59 145 160 33 172 72 150 162 138 122 123 65 85 27 28 64 40 1 195 145 180 124 80 57 200 144 23 163 180 60 191 136 151 17 106 122 133 125 69 59 65 161 184 111 11 51 90 133 38 143 6 105 169 49 181 132 154 95 12 111 114 92 197 130 19 55 43 126 109 33 59 27 73 153 75 58 156 200 101 173 194 64 108 154 115 145
57 59 170 16 32 193 12 36 98 1 80 29 93 81 135 189 146 15 196 1 69 77 130 46 194 101 58 28 120 99 51 3 140 163 13 138 162 96 117 43 47 130 171 5 180 185 173 162 135 51 48 152 162 156 136 157 87 12 3 153 127 13 176 2 138 59 36 70 13 142 196 169 74 14 60 107 38 98 79 191 109 93 3 27 14 25 77 198 17 109
138 30 7 57 152 68 15 132 154 176 182 196 191 131 28 62 52 79 4 90 193 120 53 86 148 196 171 147 176 139 123 94 14 92 15 105 20 132 199 145 112 91 139 160 113 200 16 124 151 188 11 61 166 137 82 53 18 46 158 142 68 94 105 57 44 141 93 161 78 68 48 54 4 140 172 68 98 145 24 142 16 63 24 74 149 162 130 172 55 33
95 97 98 65 117 128 98 128 163 20 142 17 111 160 187 83 54 194 55 150 192 171 89 181 24 191 131 34 187 60 186 93 17 65 141 39 5 115 32 78 31 6 199 131 141 190 104 12 183 40 102 154 147 26 148 153 44 161 183 13 149 6 153 157 144 193 68 122 110 32 39 184 21 153 49 188 23 117 146 176 177 48 8 3 150 8 137 3 133 170
17 134 113 132 2 75 177 32 51 136 199 101 126 10 62 66 120 91 28 48 36 136 160 164 190 190 146 8 51 109 95 88 110 64 18 36 150 59 99 101 124 16 36 27 120 180 185 21 173 108 1 20 133 151 173 197 186 70 115 151 178 17 74 98 100 143 107 170 28 102 180 38 178 133 66 62 139 181 85 28 86 176 149 188 29 176 89 171 94 26
80 117 151 183 118 168 36 181 145 183 95 198 30 30 96 154 114 38 153 162 91 141 37 191 108 111 80 176 190 131 123 90 77 77 86 31 145 128 91 100 110 198 6 124 44 60 4 190 165 191 160 60 74 51 162 64 53 27 152 58 96 193 84 128 156 128 19 113 106 7 60 33 24 106 24 76 199 184 70 29 35 167 170 93 34 143 186 41 56 30
60 85 88 146 112 175 136 95 12 157 155 150 25 110 135 196 16 53 22 182 129 76 20 117 159 160 167 44 2 64 169 110 30 142 200 13 170 125 62 30 185 50 189 94 38 137 180 176 15 131 188 33 133 176 66 48 20 6 45 8 173 185 124 149 72 180 29 52 55 134 59 196 127 122 20 164 144 139 122 33 72 121 112 171 24 74 103 48 99 156
164 89 100 33 177 35 178 131 192 147 40 6 42 118 125 25 91 86 58 181 147 16 58 74 29 126 185 62 170 15 108 131 139 58 167 82 116 111 64 75 200 143 112 183 127 86 43 40 146 119 182 112 96 2 45 108 101 38 3 111 105 56 139 16 47 78 25 42 59 108 143 150 140 65 159 45 115 21 24 106 106 150 174 33 162 61 147 14 102 136
194 98 130 35 164 97 29 62 185 95 157 136 14 126 163 135 157 139 32 44 9 134 52 84 18 99 23 32 198 17 56 93 200 192 98 88 193 51 112 113 83 16 16 195 125 189 1 13 200 91 194 92 12 18 126 15 1 83 26 104 111 192 34 41 73 12 11 87 159 5 117 123 42 15 181 2 92 54 181 100 149 46 139 74 55 27 12 151 198 122
197 119 124 163 87 100 60 189 5 158 91 171 28 114 1 16 104 109 118 167 1 7 158 36 18 37 27 38 81 15 77 161 170 16 123 43 199 159 35 69 65 44 11 104 172 150 81 200 73 74 56 179 122 75 24 194 150 125 13 108 157 200 3 29 64 69 119 114 170 33 112 190 48 179 194 30 135 99 116 135 49 37 74 130 167 103 49 177 9 194
62 158 174 184 135 190 62 10 194 1 80 31 137 8 108 124 63 185 53 198 139 54 197 112 136 120 158 117 188 80 87 193 34 75 64 170 27 161 200 33 122 151 59 199 73 90 169 77 194 199 118 67 13 160 86 94 91 192 139 182 179 150 96 174 70 36 110 193 38 162 41 182 97 129 77 134 90 187 117 116 129 112 183 80 107 152 65 115 56 46
72 10 84 192 137 95 115 189 9 89 86 196 35 93 98 16 44 170 49 175 115 42 100 92 45 142 171 113 148 179 26 134 35 24 93 115 89 164 143 164 84 33 22 119 200 65 185 198 64 150 16 20 132 147 154 157 79 94 176 12 53 181 153 133 175 97 111 177 90 92 107 173 20 167 134 108 118 186 133 133 50 11 187 93 112 20 15 42 36 166
41 193 167 123 102 171 157 95 106 193 9 122 139 7 2 35 80 165 159 91 43 81 126 60 6 170 96 62 132 11 10 14 110 108 144 61 106 38 178 23 141 165 168 53 24 195 21 74 166 148 58 146 173 68 45 193 132 196 182 78 174 47 55 52 57 146 87 156 109 3 166 128 27 135 72 87 132 10 77 141 196 120 126 63 89 137 195 113 169 150
153 121 146 74 109 155 170 22 172 138 102 111 34 182 65 157 137 14 5 186 173 67 172 1 115 156 80 182 131 7 170 57 104 12 176 191 71 188 10 176 30 161 11 155 44 4 117 82 64 60 120 19 59 179 71 185 185 179 168 76 144 44 124 74 1 171 152 67 25 2 108 187 78 144 38 154 162 139 148 128 15 70 98 77 1 65 3 22 145 58
58 75 162 133 7 23 31 144 171 84 132 51 79 164 136 151 4 117 170 43 185 158 30 42 78 76 56 158 65 138 35 51 39 97 49 13 98 149 105 115 9 120 51 93 82 197 53 113 70 80 84 57 59 25 163 168 160 37 86 187 126 180 16 200 82 155 133 61 120 147 114 25 83 43 109 79 21 191 102 32 126 135 191 47 57 153 152 193 42 82
144 91 156 42 118 187 157 110 136 49 90 75 45 54 14 117 71 26 5 193 7 90 50 159 1 99 135 164 151 54 100 127 94 79 163 126 92 101 87 16 61 79 136 89 48 21 4 64 171 199 122 80 57 144 144 99 172 163 190 22 162 4 185 164 121 166 147 92 151 109 5 173 50 23 57 180 179 74 178 160 166 161 64 51 144 181 144 42 165 48
177 36 62 111 185 39 75 193 164 145 55 42 63 18 138 135 87 182 68 55 59 38 148 138 92 156 78 60 23 7 4 28 76 107 79 112 174 177 95 109 117 83 8 134 131 60 31 66 52 124 64 200 21 8 9 96 95 107 176 137 15 19 164 163 181 18 10 107 18 101 12 167 90 115 22 23 73 100 50 1 41 193 69 121 105 93 28 193 60 41
182 71 87 129 44 189 187 79 171 123 92 183 47 40 159 65 174 58 167 117 142 197 175 150 21 50 107 158 35 187 60 19 8 184 24 103 132 91 94 200 99 171 108 151 53 91 172 33 77 3 45 20 73 184 28 159 181 111 92 102 52 171 196 174 68 87 87 159 89 51 173 170 157 144 167 55 118 117 83 185 164 19 144 102 132 9 55 1 93 183
71 123 176 151 142 181 94 141 150 139 126 164 7 31 39 37 33 37 156 38 149 111 130 142 89 166 140 137 147 103 147 99 11 83 145 97 168 82 38 68 144 136 129 135 180 14 91 195 191 194 93 99 142 110 135 158 168 168 172 198 9 65 165 77 56 101 96 183 128 171 152 32 45 14 131 21 113 153 60 170 147 74 107 22 106 157 125 121 72 23
49 7 74 94 169 25 15 192 105 174 60 18 141 118 83 20 38 58 50 153 127 174 108 148 35 125 125 96 129 115 101 57 111 144 7 83 10 196 140 6 76 189 162 187 59 34 85 151 24 11 162 126 104 88 66 35 59 149 7 4 96 141 109 139 66 11 156 30 183 8 36 147 37 82 6 30 6 120 45 199 61 30 26 78 14 186 64 144 47 105
6 110 169 34 109 84 182 136 151 52 184 47 41 131 108 132 68 93 162 98 148 107 154 126 103 57 9 89 67 162 145 72 24 122 110 144 60 120 183 88 140 67 58 121 76 92 90 93 88 46 160 23 98 2 76 101 198 29 72 112 165 141 20 86 105 125 143 188 162 123 73 82 193 195 173 74 92 11 177 5 106 46 163 11 25 181 88 126 128 133
46 120 8 65 191 7 168 174 67 174 140 61 177 106 147 160 117 81 87 5 186 133 111 81 162 65 32 4 180 112 16 8 4 166 149 52 22 71 76 122 119 189 44 127 50 124 14 134 132 162 46 174 8 53 19 64 143 78 17 76 116 49 17 118 35 45 151 200 96 190 198 36 6 111 174 36 174 108 22 54 150 130 166 164 59 133 190 180 91 110
57 77 187 23 95 119 85 171 86 158 167 109 154 4 127 195 1 178 156 80 6 23 91 114 2 104 23 36 35 26 142 43 159 66 87 133 137 141 92 41 122 80 55 138 5 68 97 38 48 7 85 63 25 81 142 109 43 36 88 121 48 45 158 198 168 5 92 120 103 88 55 151 161 113 23 159 5 161 97 129 52 59 16 79 130 149 11 167 122 92
5 89 23 97 65 114 45 105 81 126 139 139 175 121 105 16 89 65 57 103 8 129 95 58 162 26 99 125 116 32 193 135 16 57 121 196 10 13 43 99 106 189 54 1 106 70 25 58 2 188 19 126 93 159 200 14 183 13 33 189 122 27 84 138 69 187 79 195 76 31 113 40 24 60 141 116 192 134 101 89 109 167 64 143 192 33 63 9 74 109
66 44 143 138 78 75 198 27 195 7 81 151 115 45 155 94 105 86 182 188 25 38 151 135 1 73 15 96 170 79 158 143 15 25 46 98 7 139 151 180 58 181 37 5 139 154 25 81 187 13 125 3 168 72 93 190 112 72 67 157 17 106 113 60 30 71 158 149 83 45 168 69 107 133 107 6 23 122 161 175 107 35 34 155 69 123 23 124 163 166
90 59 69 62 193 96 134 109 100 119 88 25 125 65 197 51 26 100 7 186 133 133 58 89 62 23 143 155 101 124 102 96 191 78 70 137 175 92 53 25 149 132 16 178 134 184 79 122 7 36 95 157 45 37 121 127 163 106 193 186 81 14 189 99 48 18 19 29 73 53 71 26 193 60 120 195 65 85 147 167 177 47 37 143 94 50 22 2 175 34
117 112 75 77 193 44 116 24 191 199 141 174 84 80 1 68 157 92 162 27 50 76 115 199 136 30 165 155 137 6 18 10 101 34 170 72 102 9 48 106 140 56 79 139 89 161 34 64 29 44 131 56 67 159 196 18 14 180 25 33 70 11 139 67 7 105 103 100 108 2 85 80 158 144 163 186 171 70 107 48 166 192 144 195 56 102 126 125 72 94
85 181 145 166 128 63 33 110 176 169 5 74 46 20 150 9 124 37 187 36 188 152 177 115 173 94 123 132 14 187 66 175 115 119 73 33 145 16 35 8 25 16 152 137 192 109 119 181 43 143 48 34 157 89 61 97 65 39 82 63 103 100 188 59 53 67 31 86 159 8 63 117 191 162 157 70 75 119 62 19 176 146 179 153 195 144 88 102 53 70
89 88 96 109 69 163 38 107 97 200 111 129 133 37 86 158 39 158 51 65 82 183 146 6 8 193 54 32 180 147 190 94 67 182 131 81 167 89 154 75 105 28 176 109 87 63 6 185 23 22 22 170 143 70 18 10 14 197 150 177 87 77 26 146 22 71 34 169 179 135 13 114 97 184 165 171 39 123 125 156 33 131 64 158 29 46 181 153 149 120
4 41 126 135 160 173 18 3 162 70 139 23 145 49 102 98 61 160 151 78 113 45 175 141 141 103 145 86 115 146 189 171 114 2 63 169 131 95 27 192 37 82 18 188 11 113 177 128 143 86 160 161 161 52 39 185 176 92 179 72 50 17 186 93 73 14 167 4 194 108 57 173 1 175 63 7 132 55 170 54 61 119 59 131 197 70 116 79 135 29
188 21 135 3 164 80 37 45 172 122 114 138 63 144 75 183 175 76 179 180 167 145 20 75 116 34 53 52 51 5 45 149 72 57 170 68 10 80 4 177 23 196 106 122 170 60 193 179 103 17 29 66 72 58 65 10 168 105 12 98 45 156 187 126 119 89 177 88 194 60 176 154 74 54 93 116 188 126 169 169 168 199 131 176 28 78 169 97 133 32
182 89 169 198 195 170 121 146 171 178 170 18 1 76 111 38 149 105 30 107 6 58 49 10 177 165 173 4 91 145 92 192 156 121 89 125 104 89 79 68 111 8 68 115 86 104 157 73 7 51 120 30 136 30 16 22 85 133 197 59 17 83 28 76 144 35 46 21 85 138 184 169 138 191 76 57 168 101 162 164 172 16 81 111 127 200 84 45 94 183
188 38 171 133 143 123 104 142 137 83 200 196 19 35 67 36 93 142 52 76 71 101 24 139 118 101 40 125 75 96 142 27 44 164 36 182 115 42 6 114 89 22 81 24 94 64 128 136 112 194 93 143 3 62 11 170 84 149 128 2 11 29 121 148 112 179 185 184 15 175 125 180 7 17 85 3 97 75 190 112 167 169 124 164 200 69 109 35 195 184
25 35 141 181 154 174 88 150 82 98 129 170 122 36 23 197 189 178 3 164 126 44 23 109 117 144 135 88 4 30 49 69 177 53 194 65 144 130 194 55 91 100 11 27 38 96 172 111 46 143 158 172 37 125 116 82 21 104 80 129 18 2 180 146 70 172 131 185 18 142 155 95 40 178 169 72 1 9 140 147 12 88 122 198 82 48 96 191 97 36
61 177 138 156 9 25 199 3 55 29 43 39 133 173 184 14 59 11 53 21 157 24 24 134 142 171 151 180 23 102 1 165 122 48 117 25 48 186 145 72 19 17 181 196 38 66 41 107 102 157 82 189 56 199 107 152 2 96 105 160 169 190 139 183 174 174 78 196 2 136 166 34 175 118 94 189 183 56 158 126 20 194 65 128 42 171 110 129 55 176
16 56 38 170 66 29 134 91 168 20 7 16 163 131 196 86 23 27 155 71 148 45 128 86 145 176 121 106 144 87 45 156 175 13 86 193 55 164 120 200 59 12 21 166 107 115 35 53 60 36 177 93 142 189 7 187 48 94 21 21 37 150 118 83 87 153 119 139 23 38 31 157 177 56 123 104 3 154 192 86 166 109 85 107 193 91 70 33 33 155
199 102 196 167 80 193 3 48 147 144 90 29 60 64 164 171 184 193 86 172 85 103 131 162 60 88 75 167 110 117 175 45 167 133 3 128 143 84 118 162 149 197 35 84 10 50 80 32 192 65 95 7 57 17 100 105 84 30 121 55 60 80 2 65 32 16 81 174 97 125 175 168 10 50 129 79 152 120 143 74 188 17 136 189 100 178 125 166 198 44
94 152 179 92 21 41 89 159 21 190 112 81 119 50 40 127 32 106 176 101 193 41 22 8 153 65 41 39 189 66 8 135 35 146 18 148 64 178 18 110 40 165 163 91 74 8 33 10 144 5 170 76 113 92 167 152 135 110 150 97 170 161 175 180 169 30 119 92 11 165 49 68 129 58 27 104 36 5 200 1 77 7 175 32 167 112 89 1 24 137
78 193 130 18 161 24 27 139 111 38 161 55 15 28 197 22 144 118 191 154 114 66 170 47 119 164 99 165 111 123 61 133 112 128 82 84 145 55 162 6 98 131 52 152 169 170 69 19 129 113 156 120 23 98 34 68 45 111 42 64 60 104 131 79 136 151 40 123 21 52 174 164 13 133 184 76 1 29 123 2 138 150 18 85 129 146 172 123 94 155
159 6 127 182 49 93 181 1 28 65 177 62 84 156 19 182 159 88 182 11 52 100 63 28 198 78 130 7 59 89 124 8 173 175 48 65 104 104 114 186 172 192 35 97 74 88 107 118 186 47 91 13 133 84 43 170 148 92 90 162 69 75 141 134 178 193 56 47 131 162 14 21 132 156 185 70 91 198 122 75 181 20 162 198 141 15 178 3 26 64
164 22 186 186 130 121 99 192 170 45 154 23 114 102 134 2 17 139 130 90 64 183 7 131 104 39 49 104 145 53 36 157 10 38 116 53 63 133 156 138 199 88 61 114 114 25 158 59 192 106 184 84 11 133 145 44 168 154 159 61 90 149 119 56 67 166 88 56 91 108 131 9 59 92 154 102 43 155 9 128 74 77 54 194 25 144 63 93 108 47
128 77 169 137 76 191 4 35 183 141 11 40 154 144 41 198 81 87 154 158 62 1 86 125 53 33 3 121 74 1 71 140 89 21 136 136 196 144 27 15 190 80 60 41 11 162 73 63 17 10 177 130 190 42 143 85 19 62 102 180 197 49 110 130 21 172 173 106 88 179 110 74 193 127 38 158 28 187 141 67 39 186 109 51 191 136 146 26 200 107
89 62 186 138 40 117 198 31 91 195 73 58 110 70 137 104 12 108 194 54 69 141 33 136 147 193 164 115 134 145 153 131 188 38 108 33 172 105 37 40 179 124 81 170 189 85 9 187 193 90 117 88 66 132 125 96 24 34 127 87 136 163 64 192 153 57 193 129 132 115 142 168 47 191 128 152 143 83 100 23 99 23 84 142 151 129 194 37 133 187
50 75 129 141 52 78 47 101 166 62 21 46 179 42 57 147 96 48 186 156 18 189 125 127 26 129 64 47 27 14 92 168 92 154 1 125 122 50 128 82 3 156 102 171 200 144 147 143 127 85 147 176 90 51 64 8 33 152 164 6 133 47 99 85 125 44 149 59 142 28 197 65 199 18 190 15 159 94 58 136 182 116 108 198 70 85 96 32 103 84
183 89 75 144 138 136 26 10 66 45 82 87 64 27 86 54 130 158 147 191 169 11 97 91 152 163 59 61 89 168 171 149 55 199 156 30 49 114 169 128 161 111 83 155 69 85 69 171 196 27 141 119 120 27 192 87 21 173 117 94 13 97 31 84 21 85 111 46 147 42 193 60 31 196 26 143 119 15 79 183 175 185 9 185 112 66 176 25 78 122
146 162 123 39 133 62 81 55 73 42 165 82 5 116 37 74 77 146 126 4 106 15 36 24 19 21 4 65 10 8 65 125 16 83 46 107 147 200 126 171 200 38 50 48 9 125 192 140 187 121 180 32 167 16 62 92 7 199 157 29 40 119 45 12 135 33 109 174 134 74 195 131 167 134 143 23 179 105 162 111 87 162 20 134 16 93 118 113 43 82
121 47 99 6 38 120 110 56 84 171 45 53 98 14 197 137 29 75 147 83 63 95 72 91 40 72 84 122 118 1 82 104 137 199 100 40 129 53 157 166 150 26 141 49 83 192 32 40 51 45 156 11 124 77 60 142 6 150 3 51 133 16 186 168 52 67 45 69 171 98 174 54 98 189 105 173 53 176 114 25 134 162 135 123 15 143 171 133 24 39
89 79 150 12 52 182 66 8 174 146 141 10 151 120 35 104 181 162 55 167 46 105 157 190 145 197 10 120 194 61 34 134 160 150 37 181 126 155 91 13 146 89 133 162 92 178 141 11 66 75 110 4 149 13 9 152 157 188 41 197 162 136 54 187 59 195 35 95 54 5 1 159 60 108 41 20 49 118 170 141 191 29 95 38 148 1 96 37 200 110
150 133 121 61 37 25 90 27 157 138 92 126 179 179 170 60 95 101 138 33 128 23 45 172 53 185 197 112 65 135 11 174 59 114 18 157 81 117 84 133 166 132 12 81 71 83 111 138 194 78 16 144 197 41 78 34 56 184 43 58 51 108 167 8 161 27 162 32 161 46 129 28 123 54 66 114 162 152 188 40 191 185 180 125 20 60 145 69 194 189
134 121 161 200 143 165 41 22 177 142 192 100 38 155 151 87 74 162 103 155 24 32 131 27 199 27 153 27 109 78 128 14 164 39 124 43 124 121 24 162 13 45 66 104 181 82 39 110 155 162 51 3 76 164 32 36 199 33 145 33 36 170 69 5 142 6 175 90 101 11 163 87 35 144 189 119 90 175 32 163 47 175 138 200 61 178 51 59 23 161
32 147 111 165 136 181 15 158 89 67 33 42 89 13 15 40 118 191 172 104 4 44 163 12 115 66 63 197 7 36 16 44 112 139 60 79 150 147 92 66 140 164 109 142 126 75 55 3 48 93 56 53 30 82 9 102 71 149 4 197 30 186 116 47 176 175 102 153 82 36 190 164 50 75 141 40 70 38 88 103 109 56 144 115 109 129 187 109 145 57
128 152 47 21 117 182 110 155 56 91 42 76 163 40 98 123 188 69 73 24 104 56 17 70 134 97 152 118 101 200 37 74 150 7 18 162 40 100 198 73 163 104 143 159 34 3 113 6 29 52 169 141 29 180 30 24 111 87 2 172 51 114 96 90 51 35 61 144 157 152 8 89 28 108 60 86 190 72 102 199 94 2 180 47 162 125 68 97 95 19
140 163 87 52 2 36 56 156 35 86 172 50 28 128 14 62 165 159 173 126 118 73 21 123 187 110 78 194 11 158 85 39 25 137 90 50 106 21 93 93 170 34 147 117 15 73 33 10 199 23 133 10 132 56 58 67 81 70 35 48 27 56 18 111 149 76 32 9 62 140 67 120 103 123 70 154 62 149 3 33 27 137 14 49 130 21 21 11 169 31
143 164 1 107 4 50 174 137 143 100 60 1 47 15 163 165 115 41 83 149 157 118 117 186 89 12 117 181 156 166 93 158 175 104 43 134 86 136 3 52 154 159 189 39 186 10 35 134 87 129 136 10 98 65 200 172 113 44 79 59 66 109 60 14 108 65 35 47 126 67 78 126 132 115 121 106 68 131 126 200 106 101 111 110 56 55 175 179 158 57
97 3 1 65 32 53 12 35 48 156 170 101 179 91 169 176 188 123 143 116 63 148 145 147 193 120 3 133 47 135 137 30 157 5 166 60 60 166 58 107 118 125 169 171 25 32 84 9 103 26 57 70 123 10 162 43 46 165 13 44 153 26 158 49 158 57 54 152 183 194 186 179 96 169 73 142 116 149 141 23 65 26 77 16 25 68 152 191 186 77
65 8 127 174 152 94 181 82 183 193 112 129 126 133 96 138 74 141 191 165 110 189 134 189 180 122 105 26 184 1 152 5 21 173 92 182 196 75 142 11 80 175 48 184 82 62 38 99 52 82 123 177 109 133 143 166 172 197 117 22 115 138 51 158 65 57 147 23 144 163 67 154 198 21 62 35 11 166 40 138 133 86 198 36 170 141 117 104 144 88
11 95 184 79 68 12 182 108 193 139 76 71 18 78 111 117 142 109 170 196 77 18 169 68 9 37 22 163 49 178 113 191 165 13 27 41 164 54 106 174 177 112 37 195 138 130 49 187 141 76 174 92 103 122 118 90 55 153 122 76 97 36 99 193 29 7 146 30 198 160 2 168 90 175 54 4 181 63 8 102 13 90 71 121 138 117 79 11 53 143
104 14 177 144 136 149 200 155 42 182 184 165 153 4 126 83 52 4 193 130 25 179 7 132 130 141 95 172 110 12 119 15 18 99 14 74 103 104 185 139 193 65 94 84 95 43 180 108 71 21 139 29 132 8 66 170 30 189 143 155 72 118 6 70 71 122 106 159 114 30 69 188 53 60 100 23 94 138 112 74 11 73 167 113 120 44 155 79 89 107
4 52 152 142 125 153 165 95 94 40 75 77 100 119 7 40 141 167 140 49 78 190 99 151 72 62 50 183 66 105 31 171 30 77 39 77 182 157 2 184 163 178 171 22 117 74 111 19 43 20 94 123 100 74 69 142 68 13 103 7 128 1 22 95 43 67 112 93 47 175 194 184 101 59 185 140 71 142 82 153 57 179 140 115 69 113 194 114 170 177
177 169 113 27 4 165 15 150 150 126 156 123 135 78 159 19 30 30 117 121 161 60 198 92 190 104 81 6 80 158 173 156 98 152 160 93 182 95 83 120 176 76 148 111 108 102 25 82 145 32 99 164 109 187 110 123 127 141 55 22 163 17 137 179 169 148 165 112 176 134 101 97 21 141 93 161 19 15 117 182 105 22 9 126 72 174 88 114 84 20
108 132 85 109 108 73 42 82 7 37 20 196 178 13 164 148 94 160 100 82 124 29 136 53 152 131 159 86 10 193 120 26 50 174 84 46 5 153 184 191 193 31 125 46 48 196 51 186 163 164 11 185 97 33 147 117 176 44 118 84 195 126 103 92 191 114 172 197 126 82 75 103 49 176 98 143 10 93 132 199 58 179 2 118 88 65 199 67 17 92
66 76 175 48 183 31 149 64 17 49 193 155 136 166 106 91 122 197 36 92 143 60 87 185 40 80 30 108 21 175 192 171 140 95 198 167 16 149 40 30 44 70 2 26 77 174 148 127 97 188 62 109 62 36 142 190 117 179 162 108 196 51 35 78 24 157 90 194 65 116 56 198 39 94 155 23 15 52 25 137 178 133 129 180 141 165 145 142 90 155
121 34 26 9 56 41 111 146 187 88 144 197 60 197 115 190 163 146 72 139 123 73 26 168 182 85 14 175 52 86 23 184 63 74 168 173 168 59 199 74 191 138 41 164 88 11 94 48 163 181 163 82 18 183 170 116 139 159 119 150 192 180 20 140 121 5 19 76 69 189 113 55 95 95 184 21 189 51 54 127 30 131 36 144 33 178 128 37 63 171
45 44 152 19 88 192 129 195 126 143 167 25 192 130 61 128 5 102 61 174 141 14 120 16 126 7 102 32 181 68 3 149 66 58 174 14 12 130 39 103 107 7 95 149 43 33 157 40 107 131 130 102 121 13 124 162 53 52 148 6 22 200 197 78 75 130 123 17 17 111 160 92 119 53 112 5 46 183 60 95 91 19 4 157 196 123 164 199 155 2
161 169 100 34 19 160 37 49 19 163 90 155 59 16 130 118 11 154 50 37 29 181 96 73 20 49 127 106 140 70 37 19 36 145 91 58 126 155 102 199 139 37 181 2 156 154 59 102 94 141 181 194 83 162 81 98 71 72 143 173 159 113 3 185 1 21 47 141 79 175 136 163 38 83 70 40 48 163 99 33 154 183 177 96 126 75 141 64 46 140
199 41 17 188 12 118 37 55 133 188 154 76 24 111 185 35 177 38 2 128 51 154 1 188 167 131 103 117 63 76 108 16 58 50 44 22 192 152 114 130 164 16 72 60 107 121 109 152 193 25 49 61 130 138 77 6 41 24 109 47 150 175 50 133 148 73 1 126 195 122 186 63 177 195 185 159 56 110 79 65 107 157 132 103 2 1 195 113 55 110
91 80 193 184 145 190 167 71 60 126 187 114 119 187 1 71 160 4 109 107 159 117 167 1 85 147 186 161 49 68 25 55 139 84 8 93 153 141 197 134 74 168 116 112 196 63 110 76 161 128 18 135 194 154 63 123 136 113 19 34 80 144 99 8 132 193 21 156 43 27 47 10 137 82 144 89 164 156 181 162 32 70 134 54 29 131 175 142 194 73
79 146 78 44 10 14 35 88 60 188 43 175 198 114 32 12 47 187 39 42 120 194 51 137 14 60 30 163 30 147 129 126 125 116 111 171 71 138 5 136 62 115 9 145 6 52 74 47 41 129 126 34 118 141 87 45 186 166 19 36 116 172 142 198 36 78 103 54 99 56 40 145 128 45 151 17 11 117 158 1 38 61 79 20 84 28 154 122 68 106
54 150 153 89 112 47 129 47 108 51 146 115 91 160 48 30 131 151 169 194 34 181 190 185 140 131 54 77 42 19 20 15 110 189 124 157 181 128 185 21 96 46 109 125 38 21 148 114 159 177 171 173 37 178 154 41 117 7 164 34 198 66 167 175 125 72 199 102 164 143 157 19 161 137 37 81 134 129 110 105 131 68 19 51 102 126 158 11 80 41
110 4 83 81 104 102 179 41 172 116 15 11 111 89 15 120 28 10 196 43 92 28 55 73 29 21 37 63 144 45 72 180 58 140 80 76 71 102 124 61 135 140 32 136 172 168 152 59 118 137 97 98 21 143 57 100 181 120 48 175 153 161 126 117 151 10 186 3 65 100 173 104 99 17 71 199 19 8 120 186 92 182 130 61 45 158 86 147 76 198
134 59 14 58 47 129 134 150 21 36 57 27 122 53 147 163 77 140 140 148 78 155 128 52 108 153 103 134 55 164 18 127 70 67 64 137 126 130 13 170 23 171 22 140 173 170 19 36 87 166 77 156 169 41 63 96 157 87 35 95 105 156 96 57 95 167 52 109 106 98 161 22 63 165 72 32 42 16 110 129 65 108 178 57 130 48 67 169 68 21
3 101 20 154 66 138 154 77 68 187 1 184 100 197 152 22 185 20 3 157 122 43 125 72 111 16 177 18 15 33 75 155 73 12 114 124 113 106 103 161 88 187 17 104 74 5 109 37 139 139 75 114 90 34 2 180 34 60 185 135 195 51 109 28 118 69 193 20 63 120 156 75 13 173 84 34 91 117 105 166 131 157 133 52 195 183 33 127 191 179
122 122 110 106 168 196 19 169 26 129 106 114 135 136 94 140 156 51 159 94 152 23 68 158 189 194 99 50 117 189 133 28 100 100 30 73 168 70 37 196 149 192 170 78 197 158 38 166 31 42 179 175 40 137 190 112 40 149 152 109 190 153 54 116 72 129 188 183 143 141 22 128 98 109 132 82 72 90 61 159 129 96 163 25 146 61 10 169 193 10
135 13 86 17 77 167 125 170 88 199 37 23 30 95 16 94 67 199 10 42 157 23 49 7 44 112 6 12 41 94 70 101 124 188 54 111 78 58 138 75 190 82 64 169 26 30 146 32 101 156 142 35 36 76 172 135 182 86 160 29 8 165 30 194 121 1 176 73 126 67 127 157 40 177 109 135 168 59 89 86 139 22 185 61 140 173 15 42 200 16
145 182 35 157 154 181 80 103 64 56 106 72 66 2 24 16 144 193 169 74 30 54 36 167 186 37 5 143 57 93 44 115 112 153 73 57 78 187 147 36 23 91 86 11 13 177 155 100 41 27 145 77 67 103 198 77 88 46 172 110 16 64 177 99 45 189 119 115 173 199 120 14 20 168 15 30 171 156 123 59 147 61 78 118 37 103 151 193 188 122
162 52 35 156 14 161 49 56 39 175 48 106 136 10 125 40 162 69 18 143 117 104 151 136 151 3 81 31 134 116 168 41 100 41 104 155 183 81 169 63 101 45 156 195 156 91 101 26 167 114 59 68 185 186 55 1 47 19 128 160 108 106 110 65 17 31 70 32 122 88 130 36 112 180 70 118 182 66 85 195 174 31 193 115 127 75 35 95 19 169
161 73 126 173 52 153 174 78 41 187 188 174 93 181 143 60 194 158 28 2 77 34 18 77 129 12 46 188 87 30 115 26 31 192 121 72 170 117 126 181 125 28 33 87 60 66 133 63 98 67 166 53 101 138 24 2 50 79 102 57 17 148 39 87 183 25 47 134 175 125 161 146 27 129 107 95 141 42 173 72 200 151 10 16 155 171 169 194 193 178
82 191 188 180 160 161 21 121 40 56 149 9 152 112 186 38 67 9 56 75 120 183 92 191 52 30 109 185 182 176 104 5 120 88 47 84 19 88 19 68 14 2 22 67 165 184 144 66 192 145 54 17 177 191 38 132 188 53 153 160 23 81 132 75 200 29 71 27 143 192 119 8 80 196 126 165 48 193 103 16 34 34 21 41 145 10 165 184 26 25
176 82 144 39 120 150 73 103 172 65 166 178 42 158 14 56 146 116 150 26 110 59 94 82 157 58 101 56 103 35 54 44 17 37 17 196 117 88 99 181 148 27 170 172 159 125 197 56 63 108 130 128 150 124 154 99 134 113 145 66 104 139 168 88 174 186 10 62 46 88 174 74 80 9 120 118 137 130 168 83 160 165 45 72 63 91 114 63 8 120
