80 	
85	95
0	6	7	541	5	
1	1	7	543	2	
1	2	7	667	7	
1	5	9	503	2	
1	4	2	311	8	
0	2	8	535	6	
0	9	2	499	5	
1	9	5	20	8	
0	1	3	62	9	
0	1	7	21	2	
0	1	7	157	7	
0	3	8	311	5	
1	6	1	693	8	
0	8	2	439	7	
0	8	2	663	1	
1	1	5	528	4	
1	6	6	629	7	
1	9	9	331	9	
0	1	2	537	3	
0	4	6	449	9	
0	6	6	619	2	
1	1	8	265	1	
0	2	8	212	6	
1	4	3	647	9	
1	3	7	284	8	
0	1	1	20	1	
1	6	8	152	8	
0	2	5	562	4	
1	4	7	511	2	
1	6	2	375	6	
0	5	2	22	7	
0	2	1	675	3	
0	7	3	146	4	
0	9	1	669	9	
0	5	7	731	3	
0	2	8	758	6	
0	8	6	320	4	
0	3	7	218	9	
1	2	9	535	3	
0	9	1	448	8	
1	1	4	233	6	
1	9	1	104	2	
1	1	3	420	7	
0	1	5	443	4	
1	6	4	258	1	
1	7	6	613	2	
1	7	1	739	4	
0	7	3	495	7	
1	2	5	302	2	
1	6	4	547	9	
1	9	9	115	7	
0	5	3	443	5	
0	3	1	725	9	
1	9	6	255	3	
0	3	1	563	9	
1	4	8	532	4	
1	8	8	125	8	
0	5	3	399	9	
1	2	5	218	6	
1	8	7	509	5	
0	8	8	590	5	
0	6	3	29	7	
1	8	7	157	2	
0	6	2	624	5	
0	6	5	242	7	
0	3	3	353	7	
1	8	6	457	6	
0	6	1	564	6	
1	5	4	77	9	
1	1	8	687	5	
0	1	7	450	2	
1	9	1	536	9	
0	6	2	233	7	
1	3	5	420	2	
0	3	4	363	6	
0	6	4	86	2	
0	6	3	45	3	
1	2	1	415	1	
0	7	9	655	4	
1	3	8	19	9	
187 84 152 139 178 82 153 188 105 145 157 34 14 167 15 25 98 67 182 17 191 57 49 42 87 60 185 168 17 120 13 36 137 10 30 125 197 183 168 2 85 149 184 103 4 137 61 185 41 109 70 172 137 25 136 123 31 138 16 178 2 182 151 21 179 33 195 46 52 194 48 38 120 160 70 56 28 151 134 199
114 85 61 172 10 47 180 178 170 72 20 13 167 98 129 129 194 121 164 148 80 187 106 29 114 19 86 97 104 70 163 104 84 98 13 200 130 184 8 178 134 22 1 197 102 101 38 31 182 189 143 38 199 117 6 134 75 117 179 35 167 40 106 52 145 144 93 142 163 145 133 4 168 24 188 181 168 145 133 121
179 179 127 122 31 180 46 60 15 152 63 20 191 41 120 62 1 94 200 34 134 102 145 129 106 63 116 114 5 61 41 107 81 74 55 36 146 36 30 113 121 154 86 45 5 190 161 72 184 166 188 42 96 64 195 77 30 49 181 38 180 119 28 105 96 82 105 118 146 147 118 26 200 37 123 120 93 163 184 66
4 188 34 1 51 168 96 193 190 18 40 197 1 105 30 125 70 138 126 182 151 68 58 47 118 6 183 110 40 55 188 147 33 147 131 142 176 179 166 183 127 56 74 47 160 145 148 104 30 163 155 122 115 40 21 68 115 128 127 181 182 25 185 42 68 118 76 112 89 184 185 143 166 103 15 45 110 138 91 107
77 165 44 22 110 113 26 35 152 44 187 162 42 114 123 26 37 193 13 35 28 6 192 119 17 64 133 112 2 150 180 38 95 22 172 171 61 160 188 2 133 28 72 117 175 64 22 25 85 75 27 177 172 36 3 108 28 130 117 137 105 70 70 34 115 186 37 78 92 30 37 47 87 94 31 192 155 195 8 153
154 133 104 150 150 128 143 67 180 191 20 12 32 2 89 109 89 146 89 122 107 171 188 176 39 19 71 44 5 156 198 28 84 183 73 181 171 146 121 2 164 73 40 97 73 47 94 150 60 49 19 104 139 164 160 25 87 132 22 114 107 86 191 74 198 13 147 20 4 172 122 96 20 142 158 6 165 51 141 157
175 17 103 190 63 173 74 81 102 81 198 95 104 51 73 23 71 185 96 171 173 65 77 178 122 126 97 69 53 71 33 157 78 102 184 80 28 196 162 172 18 76 42 86 63 96 178 178 12 114 148 109 114 112 100 116 60 11 126 194 140 43 1 22 64 144 200 170 75 85 68 13 130 167 86 172 43 16 182 50
60 1 102 63 92 198 78 31 66 45 128 154 188 29 5 89 160 124 19 9 52 163 95 67 46 157 10 24 115 94 91 140 18 4 109 44 122 25 15 23 103 100 66 151 130 146 5 168 56 191 18 152 64 35 67 167 104 2 106 59 2 8 40 145 193 11 74 2 45 44 70 41 190 100 27 97 183 121 156 147
91 79 2 122 138 145 59 174 70 26 80 134 96 39 61 199 127 153 68 46 94 32 182 138 108 168 195 72 198 158 14 89 44 175 34 156 45 40 120 42 19 110 100 153 52 131 82 69 25 186 164 187 122 6 90 159 122 23 141 112 122 20 192 129 35 61 122 62 156 197 134 25 121 92 172 91 83 71 16 22
7 53 52 118 157 11 129 81 51 118 164 119 157 26 11 172 165 194 2 136 33 47 66 109 58 200 182 138 171 108 58 27 56 143 64 56 27 9 197 93 57 10 120 107 10 11 45 131 33 80 130 128 102 181 162 118 39 163 51 176 13 171 159 64 43 104 27 28 52 93 44 59 171 39 4 86 154 9 19 187
107 140 107 69 25 149 88 191 17 196 12 90 55 18 142 99 24 105 82 166 161 181 20 99 116 10 45 120 152 165 84 164 159 176 164 2 110 45 115 49 140 27 36 79 116 130 183 73 118 87 200 116 16 96 92 170 69 114 99 174 90 124 36 81 68 1 197 122 90 193 138 197 154 64 24 99 44 152 28 161
18 106 77 170 13 1 69 36 17 1 108 76 169 6 15 110 156 169 36 164 124 51 47 175 50 171 172 10 187 133 70 35 101 75 165 155 6 118 169 161 171 30 97 22 23 65 48 70 184 17 128 55 127 87 190 171 144 97 59 25 38 154 126 82 190 59 55 107 154 138 14 197 31 43 135 26 50 57 7 66
98 69 69 115 96 141 7 27 172 147 109 169 141 144 144 29 86 9 24 191 56 77 119 102 186 25 10 66 173 164 156 100 20 138 77 158 6 53 197 134 159 128 171 54 117 64 115 128 42 15 196 89 28 117 140 28 97 81 126 58 140 118 156 147 66 18 112 134 90 20 35 66 145 123 72 144 133 113 36 180
128 159 184 151 40 18 70 66 36 180 80 27 68 121 111 6 193 16 7 166 116 32 33 67 5 20 196 168 110 150 49 49 85 16 94 75 186 189 79 24 141 54 83 113 49 172 147 82 171 21 181 119 157 77 6 83 82 121 194 11 90 184 139 16 155 110 52 3 33 113 184 154 179 143 137 189 32 27 72 107
80 198 4 196 59 90 122 170 136 71 161 184 170 15 103 168 29 83 55 1 96 152 182 177 140 17 81 177 7 50 108 38 50 65 148 11 137 30 74 82 132 34 87 184 75 71 177 134 107 26 107 71 120 36 199 61 50 110 132 136 101 29 71 138 145 15 151 32 8 73 178 185 71 85 32 10 178 152 8 85
99 51 93 62 37 65 78 100 72 22 132 110 74 75 2 148 117 84 111 122 48 23 190 22 175 56 141 12 184 161 95 119 103 92 95 82 6 5 22 74 3 105 161 58 189 132 59 134 169 93 101 127 96 186 58 47 196 110 2 56 154 35 12 31 42 5 135 153 91 136 73 116 164 42 80 125 41 41 193 57
23 138 82 147 99 140 141 69 143 179 153 156 105 46 147 68 175 41 163 70 39 47 127 44 58 183 70 157 145 124 135 186 39 64 31 134 132 17 116 187 194 26 52 22 107 59 115 45 156 101 31 8 75 96 189 111 188 9 14 67 114 108 97 180 191 21 78 107 76 165 156 200 114 87 14 89 68 32 166 68
69 55 148 129 139 155 21 188 34 149 189 180 112 159 87 87 198 131 137 117 82 91 93 161 94 130 115 57 191 64 162 140 128 13 82 129 64 134 122 65 182 114 74 162 126 46 87 60 114 29 7 142 120 69 189 157 92 165 199 73 66 195 104 17 123 66 114 51 32 119 88 120 196 157 125 62 33 144 19 114
5 161 79 129 100 50 189 76 1 11 55 82 18 11 155 89 15 122 9 141 156 36 63 117 6 169 199 48 85 151 98 112 120 51 164 199 68 158 77 73 139 186 70 106 180 16 25 169 107 112 128 88 24 50 71 20 190 109 17 25 17 30 195 55 71 24 137 128 124 89 160 25 144 172 197 42 189 168 97 93
31 129 66 154 122 178 178 76 22 102 60 11 18 108 145 190 95 176 126 123 31 50 165 192 195 11 118 91 150 167 169 194 151 145 124 152 100 56 45 175 86 130 75 166 81 21 37 117 113 145 88 69 66 51 81 121 10 11 70 123 181 181 72 13 14 157 134 101 25 131 17 104 44 8 42 188 200 127 88 73
70 94 155 160 66 117 31 146 3 38 94 9 71 34 17 37 121 37 176 96 9 18 103 64 199 36 83 79 17 177 45 132 185 74 100 132 85 3 122 99 79 25 106 194 180 35 2 174 127 191 48 115 30 147 151 10 190 95 34 45 46 182 102 123 76 151 163 141 93 66 49 45 196 131 165 57 114 141 199 21
166 186 89 8 198 155 154 141 20 74 178 80 26 10 82 198 44 139 113 33 101 16 126 192 124 126 45 133 132 33 197 114 97 195 92 94 65 138 32 44 79 118 30 163 50 5 13 183 44 170 190 181 41 8 118 147 163 176 78 24 120 91 111 134 46 54 119 16 149 29 124 157 195 98 119 147 143 182 53 186
149 149 132 27 184 164 26 4 129 176 162 148 80 78 22 192 148 144 94 83 85 105 17 115 53 73 113 45 110 58 48 144 71 27 199 128 97 161 56 40 61 11 24 141 68 60 60 174 107 174 59 76 164 131 114 117 170 104 124 1 89 137 130 173 113 141 70 21 146 99 39 188 140 193 55 9 175 188 100 57
39 82 30 25 31 158 54 57 174 119 58 93 98 32 167 19 161 177 159 15 90 155 180 191 60 63 165 188 178 139 43 134 40 196 129 137 97 157 9 32 104 39 135 166 125 52 116 16 34 169 188 128 39 179 31 13 175 24 199 165 65 51 194 52 7 158 86 152 54 138 79 32 195 139 45 116 84 105 114 41
28 35 15 13 177 129 145 120 9 166 79 3 57 94 179 177 57 29 160 35 140 111 168 165 1 102 192 79 63 42 32 105 52 117 72 195 110 175 20 18 161 67 102 169 124 3 92 8 23 136 65 117 60 110 131 25 18 37 103 83 158 42 135 69 173 130 29 75 182 92 140 50 130 122 168 27 58 25 5 200
105 31 50 11 170 180 9 15 122 57 3 179 33 162 91 41 170 119 78 111 105 11 42 88 196 178 147 73 168 15 59 57 111 41 160 104 80 75 89 80 138 162 91 65 48 166 4 175 18 32 168 87 26 40 77 72 43 198 24 194 111 138 152 185 138 200 70 33 42 104 106 188 172 115 36 75 36 49 166 83
109 169 80 121 10 84 124 94 49 145 47 16 141 52 60 195 29 196 187 6 43 30 88 68 82 45 119 56 13 55 145 82 101 176 21 5 39 115 47 165 186 142 129 191 53 130 170 155 8 145 58 100 184 177 25 193 147 6 88 33 55 189 54 25 22 84 46 63 106 131 83 15 131 127 16 93 74 98 121 76
2 6 164 6 140 129 133 118 52 94 139 185 170 179 199 15 74 6 200 5 32 20 56 92 134 87 89 147 84 44 87 198 36 12 12 116 12 20 74 3 99 74 192 190 17 18 37 190 185 46 157 102 34 99 80 133 44 134 169 146 4 174 93 56 167 9 152 184 142 198 84 66 143 8 171 116 101 150 169 76
54 114 155 164 6 129 168 51 125 200 69 173 185 55 137 176 97 91 150 199 177 143 177 174 91 72 113 73 164 22 94 64 94 148 137 20 182 101 104 181 46 77 191 167 43 183 100 16 200 54 183 75 196 94 169 148 67 36 40 65 72 127 26 120 156 196 41 71 38 68 4 174 45 151 128 155 57 62 53 131
83 162 41 162 2 46 135 8 147 124 173 190 38 12 27 32 121 120 27 52 187 145 89 23 71 5 148 19 167 46 115 196 49 128 29 39 78 184 26 146 27 16 183 8 24 184 134 186 177 67 44 66 110 198 169 177 124 133 87 7 72 6 27 31 138 10 81 184 166 174 80 83 139 21 23 144 182 59 166 101
127 51 170 102 122 180 153 92 164 17 148 10 21 184 4 132 82 116 32 200 67 11 182 14 144 159 13 8 168 176 24 195 47 120 117 170 54 132 151 149 106 61 152 18 73 153 113 11 44 149 140 94 27 164 197 61 66 13 151 64 90 178 150 116 124 41 113 3 59 130 40 169 56 90 104 50 22 154 127 192
174 136 13 48 41 70 137 27 170 195 85 12 49 71 19 68 194 4 103 53 97 7 28 185 78 89 196 67 140 198 74 121 94 75 64 74 192 160 91 173 94 39 11 166 60 56 140 45 53 1 72 47 60 114 191 75 94 133 151 83 107 161 184 63 175 123 134 165 110 125 15 94 42 67 54 131 7 140 138 65
57 79 75 94 166 170 43 173 168 117 22 144 160 81 81 95 6 176 36 51 5 156 32 99 110 65 106 184 14 173 192 113 59 1 165 29 47 49 20 21 185 45 147 55 115 145 2 171 141 65 48 46 98 87 162 41 103 6 169 141 121 67 129 137 85 156 141 30 41 61 82 11 69 151 194 142 1 130 101 120
153 67 60 127 38 122 171 97 85 70 45 59 67 21 5 68 27 58 101 95 56 70 20 7 73 164 114 180 53 116 72 99 121 149 64 175 193 142 112 74 47 117 93 163 9 46 185 31 87 159 184 169 60 35 36 153 87 196 41 153 188 103 119 56 121 123 10 131 127 95 149 133 32 106 178 81 122 47 176 40
44 135 15 110 87 161 60 63 102 147 133 93 129 115 109 86 50 115 10 197 169 194 16 167 93 32 152 36 194 8 50 152 59 56 86 67 93 162 82 144 68 70 154 55 39 168 138 199 67 29 41 149 175 116 88 131 109 199 172 189 42 166 27 105 200 26 34 120 183 182 162 38 176 64 93 32 3 123 112 92
23 24 150 23 157 119 68 111 180 189 24 63 72 108 121 194 62 198 134 54 108 134 34 111 144 121 56 139 84 46 14 62 89 129 47 196 85 138 114 25 9 16 19 11 70 28 65 39 24 176 32 130 10 99 42 192 48 123 81 88 96 184 161 160 121 15 53 194 116 49 35 48 99 75 61 156 5 104 100 159
2 36 166 32 171 24 119 19 129 168 98 31 95 9 84 10 198 93 131 121 169 57 200 98 109 193 16 74 42 100 193 128 31 104 183 61 121 196 176 72 88 200 28 183 148 15 18 68 158 6 50 149 157 88 160 12 72 93 135 78 33 172 145 58 82 178 185 197 73 154 91 2 89 169 82 126 10 194 172 21
114 199 8 188 149 118 148 155 101 82 28 30 127 150 178 194 2 173 92 144 41 66 137 193 38 71 133 56 104 32 88 5 66 49 185 40 94 170 13 90 117 136 189 146 102 63 35 31 59 51 198 167 101 147 52 69 160 54 75 85 140 104 20 15 57 118 95 6 130 34 161 102 199 11 114 94 139 95 50 34
44 166 120 60 189 168 110 112 43 43 120 15 162 69 179 179 109 12 183 71 109 96 113 5 147 76 66 15 199 28 136 184 10 54 75 145 10 99 40 99 161 143 12 127 148 20 141 99 181 141 114 97 89 164 72 21 150 52 3 61 41 191 148 44 11 115 158 35 94 133 185 77 34 68 105 193 42 39 184 168
13 11 82 24 109 63 67 109 53 167 174 98 16 165 34 73 112 149 68 53 9 155 4 103 121 63 46 27 50 24 182 47 160 32 176 172 90 118 70 126 131 179 5 187 113 21 19 105 162 123 147 82 118 47 152 162 2 193 103 168 16 113 50 37 129 4 42 38 85 159 88 159 8 190 183 3 133 162 87 62
145 117 58 170 33 83 200 29 142 94 84 65 99 120 108 160 85 74 79 196 3 76 147 52 52 154 43 62 90 46 191 171 5 142 141 38 172 105 68 74 194 166 160 41 82 100 111 109 70 125 36 190 20 71 95 80 104 26 156 105 73 148 117 160 188 160 100 115 14 196 86 148 62 50 152 95 144 37 89 96
54 101 21 47 98 83 49 110 130 165 89 117 20 163 136 60 42 132 6 158 115 133 33 58 176 30 25 163 88 38 26 106 41 158 12 97 40 191 26 153 65 192 162 176 36 196 85 144 178 64 158 92 89 181 55 58 60 31 45 68 101 15 65 69 135 86 55 46 62 197 180 87 163 8 111 60 152 103 137 178
156 98 96 126 133 149 34 71 74 33 149 25 115 104 132 91 199 123 71 73 113 144 43 193 76 95 153 80 10 164 21 115 69 175 90 62 186 112 156 84 2 90 94 33 66 159 123 143 91 168 1 25 40 83 161 35 70 79 88 167 31 51 27 10 106 2 160 91 60 168 122 186 97 90 31 149 35 67 55 71
130 122 119 78 74 83 35 173 98 121 28 38 61 170 106 110 85 190 30 76 125 159 140 156 163 31 170 79 95 110 140 187 181 198 178 82 144 100 194 121 32 178 17 47 5 1 165 175 108 182 176 119 145 12 106 20 98 179 36 186 67 1 31 133 168 186 40 25 130 48 92 88 21 193 190 153 80 178 110 166
118 80 190 101 100 195 30 67 24 189 165 138 46 91 116 76 162 26 9 172 79 181 161 193 146 147 160 10 146 129 185 178 136 188 134 24 108 182 162 152 120 21 130 15 170 2 101 32 105 179 39 192 53 5 181 72 172 198 104 149 68 166 71 91 177 149 198 75 63 193 79 26 188 144 61 44 83 49 110 35
115 186 140 147 36 188 138 90 112 198 144 51 175 16 83 81 24 32 197 6 171 75 93 152 186 173 44 156 192 40 131 139 153 63 78 130 30 197 165 105 26 153 176 36 119 61 66 116 149 58 154 148 182 127 134 39 107 91 196 62 26 91 120 20 155 90 175 161 104 194 96 68 49 83 38 180 9 108 63 134
99 38 34 74 118 200 47 91 155 157 167 29 85 85 71 15 70 54 109 197 191 1 42 9 63 109 6 83 2 195 194 197 193 191 75 30 76 36 71 36 176 14 81 85 122 118 102 43 137 29 52 72 140 56 61 47 190 169 105 151 142 45 196 12 74 160 48 42 153 36 193 165 17 126 183 100 25 109 1 177
33 148 185 101 190 2 123 63 72 17 193 149 45 3 89 53 200 159 116 107 36 191 199 161 43 154 136 110 18 125 181 34 25 104 29 87 97 185 24 192 107 51 20 181 41 154 138 113 18 76 12 11 1 124 34 12 113 11 195 117 43 12 10 23 165 82 39 185 66 194 11 58 194 187 188 31 148 46 140 169
196 121 57 138 184 182 73 9 99 151 108 68 36 53 102 20 42 185 189 36 69 189 106 184 56 79 11 185 176 80 186 174 170 62 122 25 135 87 200 81 148 126 170 83 37 167 96 5 56 27 165 140 95 72 186 22 189 194 58 116 187 96 170 144 29 48 106 121 148 106 114 45 104 164 193 94 42 169 39 1
150 154 197 66 153 31 118 150 49 109 154 7 84 165 25 23 2 153 34 195 70 95 191 123 181 152 10 78 195 29 174 37 187 99 143 175 75 20 107 157 96 194 124 14 194 165 36 131 96 46 69 127 41 60 89 169 68 197 63 195 14 8 107 125 143 98 78 11 39 95 80 199 117 156 45 164 5 99 186 140
90 87 180 24 2 88 22 10 21 164 106 94 20 86 144 61 78 5 23 93 172 66 95 45 146 16 38 32 141 120 62 34 143 53 126 193 92 5 99 50 60 192 64 126 46 33 160 99 151 77 43 109 161 141 23 96 3 90 56 167 11 167 105 139 110 158 112 49 18 190 193 113 145 118 46 130 65 129 175 11
156 108 146 59 30 138 145 108 188 117 152 173 179 118 190 162 104 179 106 160 25 20 2 112 73 40 198 52 164 136 93 70 138 130 116 96 102 157 23 11 12 111 7 79 26 137 15 39 160 63 157 105 147 72 80 99 182 131 154 184 10 135 183 137 196 47 102 174 49 136 180 13 200 64 121 180 17 71 151 152
109 125 75 115 24 77 55 178 44 117 80 95 146 185 17 189 38 117 55 10 186 88 175 142 67 55 47 29 47 157 165 78 154 95 160 11 30 167 198 56 28 198 133 61 168 56 149 171 86 162 192 194 162 173 125 34 44 190 155 138 16 48 197 187 166 19 25 152 41 39 14 74 143 92 81 189 36 119 51 69
176 17 142 179 103 187 162 33 154 81 11 77 32 159 123 190 163 96 41 158 149 181 54 185 168 145 127 106 121 108 154 93 7 163 178 48 159 112 149 153 169 158 148 28 65 8 105 50 128 136 123 57 140 88 142 76 198 119 126 30 92 119 161 185 76 25 183 84 191 74 19 127 83 40 160 103 85 34 92 128
44 161 166 165 163 125 147 185 25 167 31 149 48 186 79 6 60 125 98 25 11 179 96 2 4 39 196 26 118 123 139 185 70 132 42 72 94 75 1 73 36 187 35 196 145 188 141 123 53 23 71 157 119 159 119 48 6 17 61 35 70 7 161 169 59 123 41 53 129 86 192 98 135 99 199 39 26 43 195 110
169 31 124 166 111 75 190 183 161 6 90 95 178 79 50 65 199 105 86 52 7 193 20 75 102 17 136 145 7 195 197 152 63 87 111 38 73 76 70 120 2 184 169 98 115 106 26 199 155 187 166 56 34 41 67 91 85 163 20 200 9 200 41 193 43 108 67 50 86 154 94 147 56 138 38 13 137 127 35 159
27 131 80 16 136 189 99 102 117 172 55 115 79 55 80 113 127 43 31 111 97 25 26 83 47 80 157 161 40 184 107 73 37 188 171 20 154 6 194 159 103 13 198 13 82 63 25 58 106 171 24 84 126 121 34 103 195 107 189 90 121 43 197 50 57 177 76 61 55 135 137 90 137 18 99 31 38 155 118 128
151 180 160 17 4 72 14 177 195 193 106 61 48 159 4 154 29 3 134 193 75 136 184 95 78 37 92 42 121 86 169 46 52 139 56 197 180 168 93 134 188 139 134 64 81 143 9 160 79 136 23 86 36 44 171 17 192 159 87 143 24 16 1 85 9 81 126 135 53 162 62 136 123 124 126 92 29 88 198 27
32 126 9 109 68 35 146 86 123 32 46 2 131 99 29 9 65 181 189 131 83 92 41 113 133 26 49 148 66 190 114 136 109 180 30 112 79 177 41 147 134 147 125 7 57 84 47 123 119 153 131 159 184 60 111 186 15 134 29 6 53 3 19 160 153 15 79 10 102 180 50 193 136 168 50 102 149 111 46 167
188 1 170 89 170 58 19 57 94 12 141 114 114 98 87 83 49 156 142 19 163 186 124 37 192 118 69 113 134 44 51 123 200 126 40 119 175 151 69 21 127 36 140 87 129 200 178 188 41 39 63 170 121 105 182 37 34 104 193 85 199 128 13 56 100 126 77 48 157 53 28 44 42 13 28 65 10 134 5 55
177 129 31 53 154 134 25 105 169 99 195 38 160 200 71 47 162 65 180 182 57 138 197 68 58 189 196 14 160 4 198 12 143 140 147 19 132 116 137 43 69 157 166 169 155 39 154 131 127 131 67 34 137 160 182 18 117 28 112 1 122 93 88 11 45 174 142 182 20 78 200 189 156 8 74 74 82 29 178 30
60 125 156 31 178 146 156 76 87 120 140 112 111 77 4 196 121 3 49 20 135 136 179 181 30 151 30 159 170 11 73 147 137 191 130 176 144 187 181 180 30 169 73 51 128 112 122 100 97 24 56 29 143 176 80 83 13 199 192 79 178 129 111 129 121 59 73 27 103 91 25 3 130 154 84 85 66 73 170 166
25 39 124 166 138 3 182 43 136 98 73 75 83 182 185 179 185 58 19 164 24 41 131 115 108 133 54 191 86 191 162 138 141 107 151 13 155 143 85 61 45 167 155 118 12 38 40 195 135 190 159 46 145 64 9 117 113 100 122 93 17 71 16 112 146 85 97 49 199 57 48 112 145 64 18 14 147 194 163 47
163 14 117 16 159 143 108 183 135 21 90 120 174 24 152 76 35 85 29 58 39 124 119 200 182 16 66 192 84 25 132 41 108 47 71 164 46 146 145 111 107 197 50 98 137 115 69 7 179 112 194 25 165 50 164 72 102 128 81 23 133 175 178 135 10 194 45 32 87 179 184 141 114 34 53 170 13 24 40 125
161 173 64 175 132 134 170 37 30 80 80 197 102 165 190 170 170 29 53 161 188 48 134 81 152 60 187 125 110 185 145 171 4 32 168 96 19 115 94 84 196 86 24 43 27 97 66 17 86 153 96 170 149 13 30 57 40 6 108 157 74 17 64 47 35 98 183 176 101 125 170 63 192 174 75 102 93 170 42 107
109 127 120 85 13 48 149 52 81 142 122 15 20 45 151 72 34 198 164 15 179 139 19 149 60 29 51 183 191 109 161 7 4 32 158 42 62 131 9 166 62 107 90 21 123 174 154 102 121 61 185 43 94 41 90 36 56 36 68 29 102 184 198 79 120 35 141 55 107 12 24 66 72 141 13 14 9 85 22 74
70 55 160 23 130 114 143 188 69 163 26 149 186 96 91 123 108 72 124 28 106 74 195 72 17 106 127 102 72 96 159 191 56 20 183 141 46 117 53 84 30 41 189 32 105 63 199 61 179 151 97 114 15 146 162 129 6 120 49 35 186 11 87 181 120 9 92 146 41 131 12 33 164 23 144 93 192 92 55 82
52 165 86 101 183 20 154 80 183 98 198 13 190 67 101 139 69 153 1 31 147 19 178 66 56 114 68 197 59 116 84 33 36 91 9 81 100 94 6 68 86 21 107 39 162 120 168 26 178 41 39 166 81 174 153 105 91 13 23 20 200 184 80 67 46 89 178 127 150 171 131 149 149 24 52 14 26 163 107 54
152 73 95 60 86 60 184 60 68 115 146 28 182 108 26 95 42 100 200 37 109 97 54 43 108 6 79 103 135 148 44 111 69 32 91 29 110 19 71 126 39 45 154 100 136 164 105 198 114 87 112 86 40 61 144 188 172 134 104 142 151 169 115 3 51 111 83 67 196 154 53 104 173 75 164 9 106 15 56 106
76 109 16 176 163 43 197 114 28 17 48 61 47 45 6 165 170 75 16 17 137 192 62 66 21 147 123 26 145 199 176 47 103 131 133 96 182 162 132 135 103 11 150 187 173 148 56 78 65 197 127 4 138 22 16 170 139 41 163 107 3 192 71 13 93 90 192 180 83 25 36 114 110 64 147 189 45 148 8 51
157 142 128 77 37 120 42 110 170 194 14 173 53 65 86 173 112 28 132 97 145 186 144 109 67 168 47 106 112 120 29 13 159 156 182 50 106 89 191 64 149 72 52 75 9 179 169 169 40 27 73 116 197 113 20 51 180 151 195 34 120 194 133 29 94 22 79 129 160 144 7 188 59 65 28 120 160 34 119 1
117 104 170 170 42 18 139 101 134 47 102 39 162 38 33 126 22 96 133 155 125 97 35 38 189 132 159 30 49 47 36 185 40 102 11 130 185 16 135 9 119 107 107 195 138 97 52 112 102 109 71 112 124 169 92 94 125 8 113 101 151 155 9 149 172 46 142 33 17 82 197 16 41 11 52 123 61 125 170 71
22 56 149 144 32 97 161 131 144 129 18 167 131 130 149 101 156 106 12 61 164 22 110 122 78 32 18 178 88 19 155 31 93 73 112 125 80 62 180 160 150 103 108 121 68 183 93 131 60 63 157 54 150 181 30 24 150 172 52 176 78 188 107 9 111 67 196 47 143 192 67 138 36 156 85 64 31 111 23 183
185 168 53 79 3 100 162 38 109 35 85 16 170 20 197 123 24 142 1 89 154 33 59 14 59 61 9 172 113 94 120 140 97 87 40 141 10 121 160 94 58 124 61 17 27 185 155 180 89 69 97 100 112 55 30 196 77 193 145 111 58 167 97 31 7 3 174 153 174 106 83 114 158 172 137 104 60 8 83 144
179 130 55 71 160 155 134 59 153 111 106 67 190 175 134 94 57 71 148 154 52 46 69 108 9 92 75 25 178 191 32 143 94 188 113 119 184 152 140 19 134 122 74 41 73 152 99 138 2 64 192 76 138 162 129 194 132 117 4 128 117 151 99 196 183 173 170 43 40 56 68 3 5 151 129 95 84 123 125 58
41 48 182 189 140 162 181 151 85 188 102 80 7 71 133 61 58 187 119 145 188 120 58 142 15 62 176 186 138 125 30 5 36 154 134 7 184 138 76 131 1 184 157 108 170 110 28 31 150 86 64 48 166 108 99 170 5 141 88 193 99 64 123 93 159 5 86 53 50 178 134 127 129 172 147 192 11 68 106 134
143 144 12 150 23 61 44 32 172 155 108 39 107 13 23 29 160 162 101 97 92 155 89 74 161 29 89 19 85 190 52 4 108 173 170 89 200 140 30 2 164 57 58 171 166 88 174 153 36 180 78 89 3 142 199 75 83 42 113 189 136 186 95 157 130 104 195 114 123 19 188 145 74 70 44 60 138 186 160 109
142 72 73 9 63 32 37 40 10 34 11 157 48 85 73 123 137 197 39 25 173 162 43 20 180 60 26 94 12 69 82 52 156 188 43 178 134 167 7 98 4 184 144 134 101 165 152 31 69 138 198 65 147 178 61 11 154 76 95 121 49 177 57 80 113 172 191 139 158 7 169 47 129 75 193 118 25 71 67 54
43 29 90 104 153 174 66 189 87 18 10 160 23 75 170 169 7 96 44 37 54 78 59 160 191 101 175 179 78 181 87 186 159 3 92 156 8 96 11 117 188 38 45 109 78 163 176 105 135 76 138 138 85 106 166 16 82 69 147 130 22 55 124 66 129 67 164 80 65 156 1 195 132 108 184 126 23 124 24 10
197 148 93 46 157 81 167 17 15 155 29 115 44 5 94 157 170 94 156 186 41 74 45 143 134 118 182 25 144 120 161 136 97 11 99 18 119 96 37 19 135 134 103 82 150 151 135 144 186 118 191 45 40 90 103 90 144 83 48 100 19 200 29 59 104 96 198 23 200 130 116 31 36 125 90 84 110 193 101 122
196 167 49 72 158 142 49 130 150 46 67 103 151 93 59 44 3 90 22 138 106 181 107 155 183 163 36 156 132 80 171 21 128 176 168 154 191 50 37 13 68 162 180 3 12 78 90 123 173 167 42 63 5 197 50 130 34 14 96 133 30 97 51 146 41 93 13 138 140 197 112 185 153 139 107 48 112 50 4 200
