80 	
12	16
0	9	8	808	4	
1	3	5	141	2	
0	9	3	408	8	
1	1	2	428	4	
0	8	9	695	6	
1	9	3	531	4	
0	3	1	679	4	
1	4	5	661	4	
0	4	2	766	1	
0	3	3	339	6	
0	1	8	611	8	
1	8	5	443	9	
0	9	9	495	5	
0	5	1	224	9	
0	3	8	166	5	
1	2	2	263	1	
1	3	6	500	5	
1	1	5	103	5	
1	8	6	791	2	
1	2	9	820	3	
1	8	5	455	9	
0	7	2	195	3	
0	4	8	11	3	
1	2	4	640	7	
1	1	8	173	8	
1	8	2	214	1	
1	9	8	735	6	
1	6	7	579	6	
1	9	7	264	7	
0	8	1	277	7	
1	4	9	507	3	
0	7	6	329	9	
1	4	2	273	9	
1	7	1	668	2	
1	3	3	561	8	
1	6	7	530	9	
1	2	7	65	9	
0	3	5	562	3	
1	2	6	631	1	
0	9	1	717	7	
0	6	2	606	8	
1	3	7	635	5	
1	3	2	769	8	
0	1	2	389	2	
0	9	4	458	8	
0	7	8	479	5	
0	7	3	521	7	
0	4	2	370	8	
0	7	3	464	7	
1	2	6	244	5	
0	9	1	53	7	
1	2	3	34	6	
1	7	1	519	2	
0	8	2	703	3	
1	2	1	165	9	
1	1	5	575	3	
1	8	1	780	8	
0	5	4	357	2	
0	2	8	437	5	
0	8	4	21	9	
0	9	7	46	3	
1	5	6	193	1	
0	6	5	248	8	
0	2	3	807	3	
0	4	6	352	6	
1	8	9	727	5	
1	8	1	717	3	
0	8	5	660	6	
0	4	5	161	1	
1	6	1	4	9	
1	7	1	424	7	
1	4	8	740	1	
0	9	7	147	2	
0	7	2	251	1	
1	1	4	398	2	
1	4	2	489	6	
1	4	4	83	1	
0	7	7	66	1	
0	8	9	469	5	
0	3	1	142	8	
70 141 98 129 103 132 171 167 180 52 192 8 117 120 152 193 187 108 50 30 36 46 1 56 19 53 179 124 137 111 60 36 130 77 188 64 52 88 198 77 35 18 106 184 66 24 164 166 134 29 148 131 52 121 140 185 88 158 24 146 125 89 38 92 19 40 37 143 184 102 16 13 16 73 105 119 12 17 69 134
48 178 126 133 52 168 175 165 177 50 98 199 142 159 153 134 178 189 76 33 42 77 85 97 153 5 159 178 19 188 45 183 170 151 133 101 187 182 106 129 108 111 35 45 9 74 71 148 93 44 188 194 21 3 91 32 11 119 119 120 138 172 48 107 40 78 129 195 125 117 170 153 184 107 62 75 194 182 196 115
33 114 49 74 144 59 183 172 49 111 95 84 183 149 12 104 187 105 9 48 135 84 197 74 3 43 179 167 130 65 120 112 114 182 196 63 124 161 121 12 9 5 91 15 60 2 94 129 141 80 150 97 180 112 80 72 192 17 115 27 101 121 161 78 83 47 132 52 151 59 140 196 194 194 35 33 140 193 26 75
189 198 62 188 87 182 143 36 184 184 73 84 193 69 193 99 30 57 124 60 73 29 33 110 143 21 170 71 110 126 197 195 59 133 167 34 112 149 34 196 142 98 82 25 31 109 145 18 17 140 30 120 34 92 28 9 138 123 146 189 135 112 54 153 3 73 137 120 96 73 112 11 95 39 14 4 111 117 52 33
100 198 164 123 103 3 198 2 30 14 148 142 110 198 102 184 38 132 87 40 64 16 130 45 85 122 183 86 164 15 129 164 142 61 37 83 189 39 41 114 171 65 140 1 110 198 126 29 22 37 97 40 89 168 200 88 160 38 56 23 151 62 10 112 44 183 110 44 92 125 79 13 138 21 107 6 27 134 34 186
3 175 37 102 166 103 17 182 156 13 178 59 24 197 38 64 148 159 116 190 35 181 181 118 54 11 49 40 50 196 180 91 112 11 158 48 185 164 91 47 94 153 58 107 172 136 10 116 126 150 167 135 88 111 161 144 139 59 154 62 89 36 139 32 103 96 11 108 124 174 171 108 120 71 124 83 110 23 21 88
73 180 109 99 88 196 127 136 136 27 185 15 60 95 131 148 44 44 187 121 22 30 76 151 127 163 128 70 107 117 133 167 88 104 148 88 59 104 165 179 9 170 42 24 56 93 160 21 75 27 76 185 200 56 156 124 116 195 86 141 139 28 30 31 165 140 36 190 25 26 178 86 4 2 173 77 154 116 85 55
91 48 28 189 117 39 145 76 65 12 25 15 169 68 180 168 49 26 171 182 195 1 45 161 120 81 16 93 42 49 107 140 38 108 132 160 65 150 168 194 58 8 172 138 186 38 160 104 60 99 101 73 82 74 26 91 94 42 17 113 127 22 48 130 120 103 74 48 181 151 23 84 107 179 149 98 33 145 146 96
154 95 116 85 115 88 172 156 109 155 101 43 124 171 62 84 41 151 189 104 167 130 183 39 193 145 134 96 126 150 157 185 134 69 17 98 195 33 139 62 7 135 42 176 122 75 80 51 28 160 38 123 135 86 119 75 20 167 149 105 7 75 82 147 189 38 85 182 185 53 32 116 74 30 57 163 49 176 84 64
42 91 185 127 188 56 117 109 127 119 151 63 35 174 48 105 92 110 197 157 88 67 53 175 96 186 44 38 12 145 137 15 75 68 56 138 112 23 146 162 127 125 118 99 80 139 64 125 55 81 63 135 63 16 121 155 43 51 51 176 173 183 33 16 139 104 100 131 170 157 95 197 92 58 121 193 195 52 77 18
143 38 112 173 8 21 13 124 60 118 192 12 45 169 145 130 192 143 46 183 41 89 191 97 8 2 169 133 149 139 154 36 9 126 166 146 200 118 46 6 103 106 112 112 76 176 129 152 196 165 157 74 93 128 43 130 79 21 170 90 193 136 151 182 27 148 4 113 71 37 131 119 132 38 82 102 42 107 81 140
50 25 73 62 108 122 175 56 134 43 92 2 93 50 62 67 183 76 113 155 1 23 113 129 152 121 62 187 94 96 68 195 92 90 29 11 106 41 196 182 69 40 41 133 119 145 145 96 138 161 21 29 192 94 132 13 120 54 77 48 136 6 70 163 30 16 191 5 189 50 48 84 88 9 152 7 133 192 135 1
113 46 174 166 21 82 175 42 67 173 53 1 45 28 101 28 131 6 23 146 89 37 174 96 79 87 85 63 7 20 62 30 28 170 23 24 134 126 40 113 72 72 57 198 119 116 18 189 6 101 169 109 81 10 95 27 6 113 37 66 91 186 79 82 2 5 97 45 58 4 154 64 21 110 169 91 136 10 86 120
53 157 186 9 29 15 51 178 200 48 18 55 180 157 89 58 30 116 56 135 45 127 187 169 179 128 179 158 16 24 57 82 151 195 124 199 120 17 88 115 132 87 53 137 31 135 120 7 151 178 128 118 34 132 170 180 86 18 66 6 173 175 117 9 12 104 155 116 63 146 182 96 174 9 27 131 31 26 18 16
32 89 32 172 199 91 169 44 13 176 177 172 59 46 107 165 197 154 54 54 132 83 149 134 59 160 169 176 38 6 110 71 11 18 132 189 150 168 134 79 128 185 19 154 12 177 21 7 36 87 89 118 24 5 25 83 144 14 130 182 194 78 39 178 169 81 138 93 179 128 91 128 159 48 76 29 146 130 141 29
142 12 65 9 47 23 198 185 159 134 70 89 172 83 39 68 68 170 59 91 92 138 116 188 142 66 172 11 199 39 125 166 152 136 145 79 134 119 115 65 176 171 34 111 160 60 167 52 115 163 149 3 9 42 92 197 108 169 150 1 163 34 174 55 132 98 18 71 117 17 193 30 50 17 125 78 122 66 29 18
168 36 13 194 64 7 63 169 110 72 186 2 106 138 77 24 185 192 64 61 123 4 25 65 48 171 74 103 157 142 68 92 26 121 103 154 137 122 69 180 123 108 68 32 77 184 72 125 127 180 37 72 90 49 128 12 49 51 197 97 178 116 156 159 64 111 59 71 53 149 194 118 96 163 194 56 25 100 65 42
135 11 91 183 48 125 43 172 16 116 7 145 7 40 75 103 116 74 43 23 162 140 189 87 84 158 161 195 90 35 50 136 39 171 88 170 197 164 52 155 156 176 191 69 177 185 52 118 40 84 39 43 96 22 126 152 38 58 148 88 189 107 161 179 105 189 175 93 4 68 36 4 76 5 158 132 189 71 4 102
112 198 75 176 78 33 189 135 182 148 42 9 112 2 143 28 83 124 154 104 142 152 50 109 151 158 181 125 10 155 69 198 159 130 97 57 161 142 108 185 165 183 176 159 160 163 136 168 124 168 101 158 66 196 32 137 93 108 48 182 10 124 95 60 13 86 82 138 55 178 92 46 12 54 166 83 13 97 99 135
38 136 164 76 125 54 144 120 47 156 34 78 52 159 73 106 62 54 67 31 173 63 113 95 44 166 184 39 173 57 88 193 114 68 58 37 35 113 139 170 114 53 29 185 1 8 105 77 118 168 31 39 112 69 172 101 79 6 125 186 71 168 65 9 195 30 162 142 69 39 195 151 185 158 29 124 14 182 25 64
74 187 56 7 157 42 159 187 100 45 59 4 14 14 30 124 135 191 122 182 190 176 169 102 47 91 8 121 175 25 11 100 89 47 135 135 127 54 149 14 57 48 101 66 84 6 104 70 115 97 105 169 161 140 150 111 22 90 135 17 95 4 54 148 100 29 57 31 70 82 39 153 172 176 25 38 189 193 197 91
198 137 122 126 12 79 138 33 39 141 107 92 75 171 40 182 73 26 124 142 106 72 28 134 38 164 100 185 112 117 170 96 25 183 77 179 67 198 186 28 167 103 90 60 28 134 44 155 140 138 200 5 75 8 48 84 101 139 42 32 82 114 126 68 134 73 8 14 132 189 175 42 10 71 90 123 38 153 74 181
119 190 115 67 24 78 167 187 16 72 38 87 138 159 198 116 192 31 101 17 96 185 82 154 22 157 76 123 80 114 57 60 184 163 137 21 182 157 25 77 129 118 21 144 49 184 101 89 122 84 24 80 56 159 172 109 145 80 108 113 78 35 143 66 91 137 165 42 60 97 108 159 159 72 177 34 56 79 2 104
5 168 91 123 83 83 63 70 141 151 157 51 127 45 56 142 119 24 194 94 183 131 157 153 187 64 38 103 45 124 50 159 87 109 103 141 134 42 59 182 63 200 187 144 121 61 146 102 12 14 139 20 33 166 165 169 49 159 102 55 138 102 99 78 120 45 31 43 71 126 43 36 98 21 89 116 173 110 66 135
110 54 74 156 158 46 68 72 70 149 29 29 169 111 125 45 172 80 167 21 182 16 140 7 77 149 12 79 86 10 123 170 128 100 140 154 182 3 30 45 5 119 154 47 186 4 39 103 158 141 47 168 115 23 150 73 48 117 119 10 152 193 35 91 41 121 184 17 9 62 123 86 189 136 20 97 67 86 174 133
112 91 14 33 20 188 83 41 187 74 126 190 99 59 68 10 128 51 41 98 101 70 22 17 172 46 183 13 187 108 76 38 152 71 48 53 163 151 73 159 18 12 62 47 77 144 162 109 58 103 5 115 64 63 143 181 79 119 72 126 103 32 48 163 55 2 20 51 63 85 91 67 125 127 13 114 61 153 156 188
184 154 64 159 110 92 75 102 105 160 70 194 57 78 143 115 157 193 171 146 80 6 194 159 166 128 31 14 138 74 112 115 89 187 95 34 165 93 128 110 84 127 130 81 197 8 147 143 157 85 179 183 84 12 137 58 67 116 24 67 190 193 41 150 16 24 123 50 190 31 183 16 67 176 88 168 36 76 78 58
37 42 37 190 88 128 196 29 166 95 176 194 39 30 31 17 189 57 167 143 154 121 130 111 191 142 119 183 4 46 194 57 72 30 195 8 148 120 178 5 46 41 169 41 163 124 13 198 79 178 91 11 134 37 93 37 71 47 113 170 89 176 48 56 101 11 117 63 142 60 71 100 154 175 194 124 33 42 156 80
52 199 19 87 180 186 169 146 77 77 5 40 124 15 176 2 103 41 28 166 189 162 73 47 44 82 7 60 115 164 174 185 45 162 74 133 16 169 80 102 14 143 185 3 14 15 52 141 60 175 180 48 138 145 108 176 17 181 112 4 149 18 21 114 200 79 4 37 119 156 154 165 83 194 20 10 16 61 117 24
171 35 44 130 60 195 146 14 123 53 149 107 29 78 64 10 132 115 197 89 15 3 13 5 180 142 5 141 192 26 41 23 173 34 80 118 39 128 107 43 72 149 150 102 47 103 76 177 11 49 104 160 152 57 82 103 169 33 90 26 19 157 4 105 123 51 39 104 138 59 4 8 25 65 3 126 198 158 127 117
45 195 56 26 148 34 192 200 181 46 54 141 30 17 70 121 108 85 84 172 38 160 120 54 137 170 15 6 61 125 98 130 187 184 200 160 77 195 149 85 36 185 188 3 124 158 44 150 19 76 49 110 127 182 183 40 80 74 60 9 154 121 55 53 69 15 31 159 106 123 15 68 8 155 34 140 130 139 174 59
168 75 24 58 176 21 12 173 188 140 23 113 111 89 85 164 81 45 30 174 175 155 88 190 48 47 120 86 164 89 158 153 152 86 91 25 141 57 166 10 183 33 64 183 194 71 187 164 78 77 35 5 199 82 121 27 156 135 183 9 52 1 159 60 122 125 200 150 175 163 79 168 108 71 43 20 77 80 181 57
84 59 142 170 90 100 19 193 179 13 156 28 194 77 112 96 189 108 160 99 100 101 43 35 157 147 66 104 98 4 23 36 95 38 192 30 141 67 7 144 136 107 181 62 171 144 185 163 180 17 44 179 145 74 147 70 22 11 4 101 89 148 44 155 36 70 156 52 143 132 194 93 37 14 126 96 41 61 188 108
192 73 178 40 113 121 95 50 43 24 6 29 30 119 144 73 90 27 60 142 93 41 132 114 71 182 41 14 135 37 65 174 172 81 147 157 50 116 164 90 3 136 184 61 60 147 192 97 82 71 29 40 199 195 153 70 17 122 8 75 144 114 108 151 47 4 176 10 89 103 37 12 6 52 101 77 88 127 38 80
102 192 118 129 174 98 57 112 112 32 168 129 161 15 63 197 112 165 7 78 191 144 143 55 179 41 104 116 104 118 73 170 77 101 115 81 191 157 199 149 80 189 110 187 199 97 20 39 118 51 141 44 58 29 123 87 194 66 143 146 138 192 174 58 195 67 54 22 167 178 54 95 85 59 144 151 155 68 77 13
100 35 14 178 18 177 173 147 79 84 21 9 2 145 114 28 156 25 103 123 76 48 89 17 166 32 110 165 159 90 63 103 182 15 37 169 44 96 30 5 197 47 3 154 12 177 72 114 198 154 42 195 160 115 157 54 21 129 124 24 21 25 44 134 161 154 157 66 121 122 75 3 171 5 165 151 134 78 88 143
98 186 188 34 7 166 24 143 121 158 33 180 199 138 158 86 8 128 155 179 14 119 106 139 73 187 158 109 42 142 107 56 132 174 8 189 199 193 20 117 131 78 127 39 25 13 26 91 63 178 163 57 176 8 100 94 138 79 30 73 49 150 101 105 77 131 17 14 143 133 86 147 154 6 28 18 13 59 24 156
171 109 119 47 89 185 18 81 95 197 53 110 49 190 53 95 116 174 181 119 182 13 175 68 98 84 90 71 96 46 141 91 49 173 107 116 35 165 120 47 182 193 23 125 105 106 71 75 58 3 35 58 83 95 130 141 155 20 23 23 21 8 154 167 168 31 71 149 105 75 77 14 99 177 174 157 18 24 103 199
124 61 49 49 138 156 146 104 144 149 77 81 161 186 163 154 44 150 189 129 111 41 187 195 153 27 26 119 77 182 64 147 29 18 164 187 75 27 150 18 196 116 121 41 45 124 147 179 183 182 56 53 169 175 23 138 132 11 63 78 53 193 161 106 139 57 33 156 96 64 166 30 77 84 144 16 26 25 111 96
24 54 26 107 184 105 120 198 135 104 174 2 3 41 189 9 22 72 175 46 129 100 20 80 80 76 149 198 2 146 30 138 106 2 43 76 92 177 113 105 27 182 124 140 128 12 50 126 77 138 92 198 50 163 200 19 86 136 173 146 31 134 115 128 50 143 173 5 101 10 91 166 45 92 17 23 98 140 33 176
124 117 148 3 83 54 102 68 149 14 33 97 188 55 99 153 110 137 143 68 195 135 138 117 20 148 190 152 115 14 58 44 128 182 6 59 168 41 1 70 105 116 79 90 51 133 10 25 118 58 92 72 114 5 129 27 93 74 153 178 116 133 148 118 185 13 170 161 80 155 31 63 70 35 45 173 137 42 104 198
17 35 16 6 104 4 127 146 175 170 22 16 116 69 9 20 200 76 42 93 181 63 18 41 148 99 7 26 34 173 93 142 114 194 131 3 198 35 184 42 191 52 159 171 79 12 64 90 88 177 16 104 36 76 196 175 35 29 156 82 185 49 161 189 5 22 194 86 89 108 176 57 42 81 182 24 105 67 143 54
150 91 36 19 170 4 70 32 197 162 98 87 20 54 15 142 139 134 5 161 104 71 191 94 165 176 193 157 90 163 184 87 126 111 90 7 64 56 136 67 20 55 87 134 159 105 8 50 195 118 32 83 69 24 43 182 82 37 39 62 8 197 133 179 104 101 117 131 48 120 10 132 33 191 132 45 24 76 187 1
174 145 96 25 84 3 4 147 197 32 105 51 193 82 46 178 159 7 167 153 15 8 118 140 48 192 152 171 100 80 160 6 143 25 77 181 131 79 188 19 184 27 132 120 47 101 181 130 117 53 140 15 22 66 144 39 115 200 70 62 134 108 145 120 144 179 44 37 182 3 74 43 100 164 150 3 158 148 96 11
115 183 157 90 86 86 140 181 45 33 135 11 175 80 63 56 95 27 82 128 75 150 43 1 174 19 96 23 96 69 42 16 135 4 186 78 164 30 6 18 69 5 59 117 195 129 195 134 5 69 183 39 142 96 68 190 30 162 172 194 22 151 94 53 81 181 49 82 21 193 34 69 15 127 65 193 200 161 46 132
91 180 39 169 117 97 171 144 21 30 17 185 120 184 165 59 1 129 155 129 100 76 41 105 145 160 46 50 110 155 190 156 196 132 17 113 65 147 67 139 111 140 184 46 55 76 135 81 152 185 7 155 32 186 115 10 31 26 162 92 167 111 2 103 144 111 152 193 9 140 151 20 61 81 14 88 60 93 33 182
186 17 59 113 11 171 17 177 45 147 198 68 2 21 94 48 184 63 82 84 114 3 30 128 171 126 67 123 116 196 117 159 166 90 151 74 156 101 77 101 190 96 136 70 131 160 39 150 63 105 134 149 57 99 196 55 30 125 186 75 41 171 197 54 94 64 141 118 141 80 86 2 115 154 114 49 14 149 102 84
56 148 147 146 131 194 20 30 126 72 131 166 124 86 199 130 173 40 130 91 160 189 166 20 46 63 87 48 45 14 56 61 200 156 14 170 158 69 58 72 114 90 190 129 182 196 122 37 171 104 133 38 30 174 197 162 175 68 51 105 74 144 73 187 3 171 107 187 91 90 22 32 69 103 7 10 5 73 123 63
98 92 83 77 153 28 195 29 68 144 11 126 162 43 182 157 191 39 84 170 46 155 5 163 118 31 64 27 95 118 83 99 90 94 178 190 138 117 52 154 152 8 64 38 26 125 56 64 123 181 34 193 123 48 154 3 141 33 5 92 135 28 152 62 176 105 47 47 8 6 154 186 151 3 173 190 86 136 143 4
24 107 84 112 68 181 131 168 6 40 112 9 101 3 66 195 179 173 75 56 128 149 162 63 1 124 58 183 174 188 45 30 73 58 143 140 53 37 111 191 167 55 131 142 19 146 73 38 110 130 173 68 108 88 84 128 199 136 172 70 24 141 145 171 168 45 9 172 23 138 43 116 41 6 130 176 104 135 199 47
163 72 118 2 151 183 120 23 104 159 197 115 34 76 96 107 179 163 6 69 162 121 21 67 179 142 185 116 199 151 116 144 19 180 200 147 137 100 163 132 165 86 103 151 50 125 137 169 190 138 186 173 104 181 143 87 44 134 197 79 29 153 22 189 122 1 196 42 88 33 80 120 23 163 57 20 176 18 52 77
91 192 82 60 67 123 31 120 167 55 4 109 168 179 109 186 45 23 108 95 164 86 41 187 11 102 106 121 7 13 136 106 49 14 88 42 5 106 115 52 36 157 177 142 188 27 165 182 112 62 190 17 95 95 62 33 96 122 118 10 93 103 3 19 102 10 66 96 84 23 118 62 34 99 123 75 71 117 172 170
86 27 115 120 42 156 3 56 121 103 46 183 41 56 25 120 85 103 126 184 32 61 107 83 40 9 199 135 70 170 107 162 197 37 59 44 14 100 189 162 123 57 25 109 102 136 73 136 120 191 30 179 126 33 91 69 44 195 66 197 177 111 88 146 86 138 141 81 79 43 96 46 78 113 16 43 30 155 143 120
121 62 11 46 156 58 8 63 91 105 25 20 185 121 7 51 151 91 86 156 101 169 159 46 101 48 153 193 193 158 161 116 199 95 186 5 123 165 134 102 44 11 52 103 145 79 44 124 44 85 119 83 177 158 134 100 128 185 113 40 25 3 145 99 128 150 104 51 106 105 48 41 62 174 130 197 137 173 8 122
84 14 115 194 82 13 72 33 96 176 150 93 158 193 151 191 23 160 99 158 96 172 170 166 39 2 24 75 107 165 45 91 188 94 66 147 94 120 75 154 16 110 25 179 160 67 48 131 168 65 170 94 157 69 48 37 113 97 33 131 154 81 150 36 26 35 141 41 169 82 59 187 26 29 95 5 138 106 63 35
85 102 179 40 139 123 21 40 160 75 33 144 166 151 120 169 115 151 39 116 114 30 73 191 185 124 180 154 29 93 127 157 44 86 106 140 171 165 27 62 175 181 171 78 31 188 104 169 191 122 132 71 9 60 181 130 116 69 199 118 67 182 142 161 89 166 146 173 172 146 32 178 175 68 55 149 27 112 32 119
29 194 128 195 163 66 41 29 1 142 13 95 172 109 43 163 48 65 67 63 74 112 157 46 163 117 173 46 194 128 101 168 78 180 155 43 128 110 31 152 119 186 73 186 31 35 190 31 112 110 24 199 91 178 139 197 176 141 127 70 101 50 165 133 93 127 124 141 140 151 132 170 69 107 96 25 103 43 83 52
139 163 9 172 33 72 190 35 63 197 143 95 117 144 135 6 138 189 45 112 34 122 13 48 187 88 142 45 192 72 192 29 193 85 28 82 36 31 175 144 103 180 41 68 51 52 74 13 88 88 121 141 196 101 150 137 148 43 102 133 195 175 38 156 34 12 106 113 186 128 33 29 181 194 142 175 49 142 126 124
164 88 122 38 57 41 38 200 1 36 52 108 111 124 185 106 195 182 189 143 14 165 182 85 86 9 149 100 177 34 93 198 70 43 55 195 123 138 105 67 171 68 128 183 57 130 139 152 172 44 150 116 26 37 53 137 200 174 162 94 112 29 136 188 136 20 42 53 200 172 137 149 157 168 194 188 55 24 143 67
78 67 172 39 197 55 168 109 195 97 42 29 94 92 109 94 19 90 168 102 57 119 153 31 6 175 107 162 123 33 128 45 55 41 14 47 17 180 31 117 65 142 50 73 33 184 112 200 186 192 102 87 92 183 17 109 150 189 102 179 31 150 16 34 105 86 89 152 6 73 18 129 9 174 72 10 46 59 97 25
153 71 200 54 26 162 71 38 65 177 196 77 13 116 124 196 142 82 52 82 46 102 182 36 68 14 40 144 18 146 143 28 107 17 171 111 106 197 29 91 41 29 98 118 19 30 188 137 195 192 102 102 141 90 51 67 134 164 193 132 56 112 137 15 195 80 41 47 148 114 32 24 195 134 177 135 71 86 16 15
101 179 23 59 94 198 19 111 5 77 23 39 186 77 187 29 107 190 97 146 69 177 165 62 3 166 8 25 35 38 120 116 120 100 138 176 198 16 120 135 144 181 128 197 53 139 124 86 47 33 49 79 184 23 39 74 74 140 8 40 87 164 19 197 94 118 62 104 118 124 76 39 147 8 171 181 16 104 42 18
57 18 23 136 156 138 129 106 25 157 31 121 4 75 101 55 100 94 83 16 57 15 82 146 53 43 115 199 35 116 78 81 186 154 65 104 158 107 21 5 166 139 61 68 45 72 97 116 61 62 26 132 192 96 196 84 173 141 75 133 136 65 128 177 180 21 142 7 110 130 142 58 49 21 126 97 159 21 47 139
157 195 105 79 131 31 152 100 64 63 122 4 128 153 89 97 63 91 192 12 146 184 73 176 77 109 90 64 24 169 51 78 167 109 83 158 77 41 118 129 199 164 17 168 124 34 77 128 182 58 96 109 47 7 143 9 2 134 78 136 61 162 54 44 59 52 145 142 1 170 122 37 32 149 165 157 187 80 95 31
83 170 9 90 146 198 188 125 158 58 121 46 170 13 21 65 112 44 199 62 182 8 170 114 147 50 91 62 70 70 100 139 8 45 143 149 13 141 27 155 2 127 141 45 182 112 94 120 125 168 108 1 25 164 120 5 53 171 187 63 192 60 171 166 116 12 62 94 111 161 82 121 109 28 70 84 60 191 52 165
147 175 52 14 116 185 91 130 48 197 73 47 136 75 193 157 7 115 48 64 92 182 13 113 183 91 100 182 172 184 72 140 39 22 149 180 26 188 133 132 52 167 66 92 111 20 167 160 113 173 176 193 98 117 130 175 183 98 150 69 45 19 109 83 10 74 2 188 199 11 158 163 56 173 143 105 66 51 58 183
21 149 137 146 29 187 78 53 117 136 116 30 160 55 16 200 197 78 33 18 48 94 132 198 104 64 185 133 132 11 97 156 86 163 9 119 185 5 61 41 48 105 170 178 185 69 134 157 138 96 53 169 106 86 125 63 53 165 62 178 129 87 33 82 136 54 114 9 145 78 5 33 99 175 127 169 72 82 86 15
64 87 106 148 191 95 48 81 6 139 113 34 165 134 67 162 174 139 74 16 178 21 62 28 141 63 30 80 127 166 37 199 21 46 11 146 148 112 168 54 78 184 160 1 26 126 17 54 2 97 12 86 143 166 86 102 145 47 59 26 36 148 96 23 77 129 92 69 105 33 140 191 28 118 35 135 108 37 10 4
99 33 163 41 150 46 121 43 88 133 93 154 78 126 189 27 20 41 7 101 58 51 117 63 32 120 156 134 98 68 56 154 89 2 8 31 200 65 32 89 131 186 169 16 98 32 21 193 101 64 98 174 192 147 135 32 33 16 92 162 162 88 73 29 169 41 105 138 183 35 106 175 9 101 113 6 111 101 90 75
72 109 7 177 133 1 120 98 147 154 69 63 85 33 88 49 60 173 145 38 20 10 1 80 119 68 71 68 93 169 40 50 113 74 150 177 134 49 146 49 41 145 155 45 45 195 28 23 70 30 53 150 135 5 187 76 61 163 49 109 156 113 166 57 84 71 9 81 177 137 27 175 154 135 100 181 21 11 175 22
109 71 74 15 83 83 153 177 116 24 18 188 63 193 142 52 71 87 119 23 186 66 173 13 100 170 63 134 179 55 13 43 21 44 3 72 43 106 75 90 141 10 135 139 42 111 87 188 31 11 87 108 58 178 63 26 15 165 78 36 151 102 70 55 81 124 135 153 65 200 116 29 67 34 110 188 33 131 62 21
121 100 46 19 91 39 139 157 185 1 143 44 167 128 181 149 128 119 36 25 32 151 5 66 193 11 93 101 127 78 194 135 117 157 129 196 55 20 170 165 182 200 128 48 187 81 24 52 106 117 151 189 170 62 181 49 43 145 39 107 14 76 171 135 128 89 198 103 2 42 100 84 88 37 95 78 98 49 9 71
200 142 29 170 7 116 129 104 2 167 108 151 165 42 78 121 16 69 41 40 63 128 199 126 68 94 81 182 103 189 23 89 98 137 90 139 18 116 96 30 34 82 164 70 138 183 54 168 112 98 56 25 57 199 184 31 110 122 66 11 173 58 78 103 131 143 78 139 27 147 168 155 95 20 53 3 62 140 132 81
71 157 21 33 41 118 175 141 81 122 171 84 157 199 128 154 195 153 41 35 124 139 175 4 58 79 35 58 48 47 183 71 163 83 142 90 135 35 79 128 68 80 110 60 96 8 116 43 50 165 163 9 114 161 166 7 125 62 185 185 48 99 200 153 44 13 44 184 159 67 74 102 149 10 64 139 145 116 191 36
82 154 26 112 37 142 74 158 106 42 125 193 1 28 111 54 59 83 49 139 167 157 90 102 34 21 64 61 35 139 88 52 24 26 37 12 171 166 173 112 187 59 108 151 190 165 195 169 58 61 174 137 184 193 70 3 181 123 130 27 104 58 197 181 161 34 125 99 200 28 200 179 40 32 1 112 133 195 100 36
111 40 11 170 10 194 8 23 15 7 129 140 91 97 179 93 82 30 1 102 192 24 142 106 12 88 150 57 137 156 125 41 187 68 78 64 75 70 15 7 71 48 99 106 26 100 193 137 172 114 169 3 73 45 156 36 138 12 22 162 78 8 148 13 68 1 109 134 22 96 118 182 88 96 175 54 134 122 157 145
132 110 52 186 63 200 174 79 88 96 168 73 110 36 173 120 153 169 68 133 72 60 74 193 126 173 125 82 118 107 86 84 128 190 67 170 46 24 128 47 148 135 2 91 96 101 56 40 92 117 111 85 84 72 115 105 83 48 116 173 115 135 65 68 151 185 72 69 79 189 94 86 109 98 82 126 99 176 165 171
85 116 174 193 57 146 178 95 161 108 175 94 134 93 66 33 15 179 157 138 7 161 184 87 54 88 64 103 146 159 190 180 57 29 12 26 121 15 69 122 197 26 39 77 169 56 66 26 179 65 145 18 28 56 129 133 184 87 109 189 71 157 194 120 131 164 98 91 112 23 138 18 195 45 1 180 140 108 46 50
154 167 151 163 198 149 171 5 38 133 42 48 5 165 198 90 183 118 92 39 139 81 26 84 50 78 60 180 9 134 15 104 144 163 155 21 178 146 91 100 58 53 3 112 191 47 144 90 199 181 13 66 106 26 198 53 52 70 75 181 172 117 112 29 42 181 146 8 101 117 52 65 5 184 71 88 141 115 157 123
5 56 47 175 106 42 181 165 78 160 19 110 77 127 168 37 24 190 131 15 87 36 93 49 31 91 96 77 16 156 159 138 107 94 50 68 188 147 92 198 52 54 90 94 182 108 187 54 156 36 145 53 13 137 139 29 197 79 119 41 88 82 180 154 94 3 119 140 174 111 91 132 108 51 148 9 118 148 52 156
193 130 150 150 42 71 186 171 34 31 14 167 111 38 188 145 59 112 57 25 97 174 167 46 54 81 155 137 149 145 102 157 14 188 176 149 49 120 10 114 100 114 154 130 177 172 72 144 27 76 140 146 113 51 17 29 191 197 77 61 21 81 177 11 97 189 188 172 136 197 199 194 111 12 160 147 194 153 141 131
