100 	
44	97
0	16	4	670	2	
0	96	9	1644	6	
0	88	8	8124	5	
1	46	5	7339	8	
1	13	7	3572	3	
1	26	2	5026	1	
1	98	2	1831	4	
1	21	7	9431	5	
0	55	6	1917	4	
1	47	4	3506	5	
1	30	1	378	5	
1	37	9	271	3	
0	5	7	4836	3	
0	20	7	281	6	
0	1	1	3662	9	
1	77	3	2758	7	
1	44	1	2426	1	
0	35	3	9395	8	
0	88	7	8318	6	
1	27	5	4648	1	
1	24	8	5180	3	
0	98	9	1970	6	
1	39	2	3108	3	
1	90	7	5653	3	
0	66	5	53	1	
0	66	4	336	3	
0	79	3	9406	2	
0	71	2	8605	2	
0	39	6	1566	8	
0	53	5	9297	1	
0	49	5	6314	7	
1	31	7	469	3	
1	54	5	3755	4	
1	79	2	1908	2	
1	66	8	2664	5	
1	43	3	5991	8	
0	3	1	9155	7	
0	9	2	5865	7	
0	98	6	7669	8	
0	73	1	695	1	
1	81	2	91	5	
0	88	5	8179	4	
1	16	6	5266	5	
0	6	5	642	3	
0	31	9	3141	2	
0	97	1	5619	7	
0	65	6	4109	7	
0	33	7	4466	2	
0	26	2	3529	3	
0	78	6	7360	6	
1	24	1	2555	9	
0	31	7	7284	9	
1	57	7	8253	3	
1	71	3	7463	9	
0	19	3	5968	9	
1	52	6	9401	5	
0	25	7	3621	3	
0	33	4	7671	1	
1	28	5	6477	3	
1	42	8	7457	4	
0	93	7	1082	6	
1	43	2	3892	5	
0	73	4	722	6	
1	16	9	7760	4	
1	29	9	4830	7	
0	97	7	9384	2	
0	14	9	1896	7	
1	5	6	1736	1	
0	66	5	8611	2	
0	73	1	6448	7	
0	42	7	3275	4	
0	8	4	8789	7	
1	28	4	574	5	
1	84	7	5423	8	
1	10	9	7966	8	
1	49	3	2886	4	
0	40	7	7527	4	
1	91	5	5160	2	
0	69	2	1072	6	
1	2	5	4047	7	
0	71	5	4099	8	
0	9	7	8471	3	
1	63	9	3605	5	
1	38	7	8483	7	
0	32	2	6334	5	
1	53	8	8136	9	
0	52	2	8154	2	
1	99	7	3192	1	
1	75	5	3883	9	
1	74	3	3902	7	
1	8	9	6730	2	
0	55	1	1426	3	
0	16	4	6506	5	
1	40	2	3252	1	
0	56	8	9473	2	
0	91	3	5981	7	
1	22	7	6441	9	
1	79	6	10	1	
0	17	1	3511	5	
1	54	5	20	4	
150 12 62 171 67 80 48 117 111 185 54 62 86 6 35 150 70 31 6 94 32 131 124 194 129 20 5 23 73 15 81 69 101 138 22 199 25 72 58 180 8 81 5 51 185 26 165 153 33 148 194 73 157 3 186 72 144 5 141 160 130 45 190 93 94 172 20 132 188 54 163 154 107 16 175 23 119 117 77 15 74 48 125 182 53 7 52 103 151 49 133 145 122 147 104 73 135 13 164 10
20 26 178 184 186 36 69 95 31 29 194 102 32 188 197 178 14 146 74 37 194 42 188 142 121 149 116 40 80 189 23 91 136 108 103 119 26 77 166 159 101 117 106 96 30 141 168 26 14 50 37 147 52 10 86 54 126 5 108 20 134 167 115 26 141 31 28 25 156 93 11 122 47 196 165 22 158 33 62 82 144 1 107 34 184 153 158 184 199 74 200 91 129 34 179 139 114 125 100 57
139 48 95 155 182 31 57 64 101 195 70 68 10 152 45 105 12 116 132 109 128 78 182 17 49 59 13 97 176 27 173 47 32 102 161 163 119 147 6 51 194 102 47 16 69 146 166 200 21 93 33 145 79 98 117 154 159 137 39 50 127 91 100 99 66 32 73 103 166 86 57 37 172 185 50 171 116 25 114 196 170 108 135 58 69 112 113 175 166 63 199 60 102 170 31 99 34 106 10 29
163 106 103 103 72 133 2 13 8 106 113 46 152 139 91 92 82 82 183 117 90 29 3 165 161 20 58 94 134 183 29 135 156 47 114 110 44 4 198 1 14 107 89 166 43 108 106 115 199 185 5 194 133 27 38 49 73 57 167 161 75 65 68 118 173 55 178 64 137 64 151 14 189 172 58 142 60 177 176 123 160 154 73 7 33 190 77 104 93 6 63 197 47 164 115 60 120 26 151 113
29 87 69 169 155 179 146 21 145 178 96 26 130 9 23 29 97 61 128 126 51 21 197 182 196 43 196 75 164 34 140 34 8 6 87 4 49 82 126 186 99 71 176 103 11 71 37 59 95 54 188 173 91 121 41 162 26 168 152 158 61 147 9 73 18 22 93 25 109 103 91 161 15 24 38 101 174 198 157 185 17 93 28 30 113 71 125 101 81 62 188 159 81 21 6 85 97 199 171 84
149 59 82 89 19 122 46 177 38 166 101 37 24 158 123 144 189 139 178 145 8 47 34 164 41 36 152 60 26 160 148 109 152 184 7 4 126 26 171 144 2 54 76 86 165 109 46 44 162 131 113 163 104 179 27 92 139 46 134 75 132 22 52 116 58 85 76 110 81 130 98 38 198 85 78 162 121 113 25 85 51 130 176 106 100 168 63 108 98 113 150 153 78 182 135 197 150 176 161 7
23 193 11 75 64 147 109 3 108 193 197 149 198 9 46 101 141 132 127 55 142 29 27 194 106 24 64 16 2 57 33 51 90 36 85 55 36 186 99 49 82 87 98 121 191 195 199 94 152 193 128 127 49 50 123 18 164 22 66 8 199 121 179 194 2 140 99 175 136 7 182 141 18 123 26 72 5 128 80 59 187 78 35 63 96 64 62 154 61 86 133 169 139 76 101 48 133 52 159 41
152 170 151 10 76 48 184 161 151 175 82 58 189 16 36 7 1 97 168 186 74 56 107 7 63 32 29 20 30 100 9 60 113 15 162 150 102 114 108 147 133 173 88 25 96 26 123 103 58 9 169 124 162 194 183 125 44 111 153 6 89 11 22 57 108 117 177 115 159 95 196 92 143 46 90 115 164 67 91 8 8 96 32 169 195 5 168 94 171 141 192 117 149 97 70 59 163 66 139 112
190 137 185 156 24 111 174 34 179 51 97 33 10 4 40 66 165 34 143 147 118 157 57 166 30 118 87 33 58 158 134 139 15 166 186 71 196 69 127 99 129 131 22 90 168 119 155 71 54 140 177 43 136 151 166 20 106 197 187 165 145 24 165 53 129 150 156 136 183 41 187 44 139 143 188 122 103 72 70 28 48 178 27 40 57 65 113 17 21 142 21 91 56 193 146 72 153 184 120 87
33 26 174 9 196 186 113 29 94 13 86 110 116 54 195 185 52 103 189 114 177 13 119 85 110 115 40 128 36 127 48 56 34 48 198 117 174 26 85 79 75 63 183 8 122 9 88 16 178 6 13 17 135 179 186 62 68 198 111 13 131 70 74 147 189 119 176 176 197 131 159 24 116 193 180 119 6 14 124 44 156 161 101 41 19 71 16 68 91 178 30 14 199 134 129 151 168 177 166 69
12 61 2 43 18 27 64 31 39 105 124 173 3 13 5 182 64 8 142 86 176 20 9 51 24 132 28 4 53 37 154 77 167 106 158 194 23 109 29 109 183 148 55 120 196 97 120 193 142 175 91 115 35 47 139 154 65 191 175 178 120 65 29 199 16 159 47 67 83 130 188 48 160 68 123 15 139 15 199 161 33 192 32 27 47 84 137 69 153 88 86 192 63 36 182 82 183 137 194 44
129 180 199 93 83 108 119 2 172 49 133 33 27 14 166 111 85 160 60 198 43 62 183 82 20 187 192 154 48 2 89 122 140 79 108 162 142 95 5 135 90 177 157 95 106 38 49 87 25 169 189 55 117 196 84 200 98 52 34 141 200 35 92 100 40 179 69 143 19 124 168 174 127 43 23 168 57 107 85 91 14 165 59 54 78 72 195 76 75 194 37 117 34 6 113 119 59 166 29 135
89 182 68 115 51 60 93 96 156 181 2 5 125 6 175 101 170 199 77 81 126 18 181 54 155 159 131 185 66 16 34 3 124 179 84 138 98 180 82 194 120 53 200 80 167 154 171 51 48 144 147 191 108 108 30 148 147 6 173 20 33 73 161 39 173 135 159 105 151 198 192 22 139 174 83 5 10 200 62 131 121 39 165 137 50 58 80 138 99 149 67 26 45 7 44 165 198 14 101 110
169 145 184 13 125 81 15 167 17 188 69 44 66 45 69 141 32 154 143 85 148 135 39 123 12 119 83 57 173 26 120 1 29 28 8 88 41 5 58 38 98 20 45 131 2 167 127 47 10 107 82 43 147 189 48 97 43 146 56 54 18 132 138 101 40 103 81 184 117 199 76 116 171 145 92 101 114 32 133 114 171 163 24 51 86 58 66 61 126 186 166 76 19 136 143 124 140 65 136 14
195 62 180 51 122 156 191 96 189 116 77 41 27 46 43 54 5 41 190 78 9 93 44 44 25 185 167 146 25 73 192 148 14 123 94 146 45 45 194 162 76 51 35 62 120 153 187 26 89 150 178 10 22 187 113 197 66 20 59 125 80 89 39 81 49 175 34 139 185 112 104 162 8 69 102 53 189 88 16 34 52 26 102 42 52 67 109 132 55 177 117 122 22 24 146 47 43 43 32 144
100 164 145 165 151 99 6 42 88 38 125 197 13 82 32 10 31 150 87 58 88 44 43 68 57 123 190 30 21 194 155 159 8 187 130 191 40 24 55 187 84 47 173 91 129 157 111 10 49 186 33 193 97 40 140 75 128 3 150 192 145 36 105 40 68 158 78 67 83 160 26 36 108 44 72 169 65 131 34 190 172 186 197 12 63 121 146 46 167 63 199 136 25 144 76 136 169 122 30 140
30 199 20 42 72 183 90 13 124 166 159 165 155 177 119 15 185 100 186 168 106 102 114 110 2 148 65 100 117 145 191 132 162 197 115 50 90 146 185 92 128 26 71 79 67 197 60 19 137 31 154 92 200 116 148 22 57 187 174 77 114 31 199 29 103 117 167 155 148 168 151 180 161 138 16 119 181 175 112 32 15 53 172 163 111 152 97 145 103 159 146 58 137 39 193 136 173 10 131 149
132 117 68 27 151 196 29 179 100 164 89 74 131 199 196 47 67 53 35 20 164 130 63 153 56 140 188 147 126 136 82 33 157 21 97 93 2 56 90 1 198 97 111 181 156 162 104 180 57 131 18 64 158 148 167 96 123 32 190 44 177 196 74 19 83 59 161 152 44 171 59 84 180 11 47 47 83 92 10 147 61 194 78 179 168 164 168 110 108 167 110 87 45 58 89 162 166 99 71 159
98 105 106 112 97 80 134 78 58 26 175 138 141 16 71 129 117 12 153 48 112 130 49 187 34 163 174 16 81 78 104 157 4 126 107 187 20 28 121 89 162 13 175 164 158 103 14 30 179 55 75 7 88 115 115 80 99 108 19 98 93 166 78 190 191 191 66 134 189 131 31 18 129 50 89 183 182 90 119 85 78 85 9 53 82 17 72 108 59 132 138 83 163 134 157 82 156 162 28 187
199 180 62 20 124 153 48 192 70 165 17 182 51 88 164 141 194 120 188 137 133 152 103 94 21 46 183 141 101 199 125 171 197 142 66 20 31 64 40 39 192 179 196 160 107 200 47 27 134 188 159 158 95 47 51 197 132 100 141 162 167 145 194 180 173 125 164 127 197 122 156 82 26 173 40 10 182 155 17 144 189 169 32 93 73 75 108 136 108 101 60 72 150 133 118 2 100 198 81 89
166 80 98 156 112 166 93 92 94 61 189 136 36 117 97 37 127 89 184 31 18 182 138 114 178 23 109 171 60 69 199 15 30 191 64 182 1 106 5 107 137 65 37 50 158 124 129 133 109 182 4 29 37 17 183 45 114 23 116 158 128 198 5 79 37 97 71 92 79 182 95 123 117 138 90 73 188 189 5 98 70 101 34 137 49 122 169 171 88 156 163 10 116 112 10 122 198 70 148 2
109 69 2 93 62 44 164 155 1 14 138 188 47 12 128 157 21 44 99 154 29 50 93 51 26 177 40 16 173 73 184 75 11 2 101 96 23 38 32 89 43 44 198 199 136 69 133 72 38 169 110 73 25 53 44 23 152 166 15 89 79 24 49 178 158 64 171 42 66 122 172 78 176 109 65 122 20 179 14 109 39 122 57 191 140 175 25 66 13 181 23 36 20 196 75 24 107 173 115 56
162 102 152 44 150 4 90 95 62 50 200 25 16 22 37 149 194 106 86 15 102 68 32 11 77 24 90 20 61 165 171 8 190 135 67 26 164 170 99 12 122 32 124 150 63 39 122 146 183 152 44 14 6 56 80 66 125 164 63 113 181 65 142 102 192 130 128 67 21 79 117 45 109 145 132 60 55 136 3 86 79 160 112 42 150 67 43 57 3 25 18 66 11 137 166 94 7 174 198 105
132 126 102 48 91 73 72 94 10 191 64 165 52 8 116 178 102 131 174 37 49 160 73 44 148 46 144 9 185 93 159 24 124 40 80 145 141 47 170 16 169 188 86 126 135 149 94 164 71 99 141 6 27 144 193 145 161 189 119 184 182 96 187 28 53 115 139 143 23 139 160 80 86 103 55 187 133 125 47 97 37 160 33 23 121 70 147 193 107 132 74 123 83 140 140 5 131 107 128 28
99 51 65 79 119 197 154 107 10 120 8 57 193 171 80 65 12 87 196 153 14 61 185 197 55 151 138 37 63 9 106 185 56 63 4 145 110 107 164 111 117 85 47 58 53 153 88 192 118 143 124 170 19 35 174 82 177 5 77 173 151 67 2 34 185 145 111 131 39 117 109 98 161 167 193 119 39 164 198 26 135 111 137 30 118 92 68 105 168 30 31 198 118 42 57 12 176 25 154 56
45 46 51 89 73 3 117 170 60 174 60 124 103 14 99 55 188 155 68 175 44 176 11 86 137 179 199 142 183 38 63 2 41 63 11 106 76 44 191 43 138 41 117 190 62 102 1 51 52 80 88 26 109 186 117 54 43 158 98 190 56 118 180 129 103 193 65 150 135 13 181 138 29 187 71 42 131 137 189 71 137 36 38 154 115 78 5 23 49 32 126 143 33 183 179 112 164 96 153 183
186 161 152 191 87 174 59 69 192 16 16 71 194 101 90 160 159 78 146 161 178 140 115 131 80 91 75 118 28 7 81 5 46 42 159 30 104 120 165 65 1 4 46 144 72 13 31 78 76 23 112 79 97 17 44 95 194 21 22 176 145 83 131 188 134 121 126 54 131 59 146 194 8 97 184 84 6 122 65 30 98 19 29 143 130 1 160 73 104 112 114 82 167 76 139 147 71 85 96 157
175 91 61 86 75 99 143 77 147 164 163 181 136 166 166 48 45 170 153 82 134 22 80 187 107 146 153 192 98 31 162 8 53 32 4 161 55 171 127 6 20 39 155 31 117 44 18 135 47 143 184 160 119 85 2 19 146 12 154 58 34 172 46 7 174 11 78 67 159 106 3 26 195 169 69 115 14 105 108 94 67 173 68 107 93 73 124 174 153 24 154 135 101 2 29 162 187 58 29 7
50 141 147 59 181 110 96 52 66 165 60 58 114 89 120 107 2 113 18 149 123 199 141 83 156 131 130 110 129 142 59 124 144 55 26 3 145 75 43 154 155 138 9 46 39 15 150 141 29 109 7 115 48 137 87 116 122 79 110 188 57 35 87 40 198 12 149 153 52 138 103 44 120 101 118 137 55 166 155 76 53 177 50 55 123 2 100 139 75 125 170 104 189 11 183 143 157 103 11 200
58 117 38 164 158 134 196 53 48 2 182 134 96 85 55 119 1 61 17 21 67 128 113 167 72 108 185 157 107 33 180 142 70 100 83 164 157 125 126 2 65 104 143 33 182 120 31 129 142 195 82 151 168 27 87 113 130 188 144 47 35 172 138 64 134 21 190 53 117 108 172 67 81 108 28 171 8 26 109 120 33 186 101 32 177 71 199 85 148 26 164 14 183 29 27 78 12 67 45 156
92 81 37 33 197 119 32 83 94 89 49 147 165 107 108 95 147 31 69 87 171 90 8 87 149 32 11 132 169 89 4 127 147 3 125 122 15 116 13 52 116 159 157 118 167 127 44 150 169 145 44 2 72 84 128 11 82 118 23 116 29 22 88 131 30 76 176 47 175 155 147 77 12 121 4 107 116 112 48 27 25 147 158 12 3 59 30 14 85 145 141 22 138 110 147 3 81 128 114 124
149 198 22 44 147 184 6 46 16 149 43 12 148 126 1 144 11 100 46 164 190 61 131 67 128 199 22 194 20 129 116 167 2 88 30 45 13 84 134 38 188 127 32 73 27 23 198 178 175 76 161 78 19 126 41 147 173 176 146 92 188 92 3 149 102 74 186 69 194 169 165 148 129 23 129 6 27 74 152 115 60 58 168 58 152 96 160 164 144 136 9 104 87 108 186 47 189 95 27 169
161 39 200 125 125 26 121 10 80 177 34 182 200 149 193 3 127 139 158 136 200 62 133 155 200 63 180 29 36 56 30 111 198 79 153 107 18 128 32 80 93 97 179 118 183 199 32 169 172 3 71 20 97 25 25 99 33 40 126 181 107 130 158 45 174 145 6 180 87 159 48 113 3 65 171 186 104 159 24 42 17 51 95 9 5 119 11 66 22 32 85 15 78 153 28 55 167 152 148 165
97 169 80 106 95 1 71 65 101 81 23 153 30 194 57 159 75 155 129 165 64 70 7 19 34 135 84 38 164 156 11 51 101 61 32 138 113 88 154 105 145 125 126 23 17 140 118 115 123 115 2 155 5 61 165 120 62 133 175 92 84 137 7 74 182 92 114 170 120 200 58 64 40 166 142 157 103 68 176 15 68 181 8 75 157 111 158 12 20 56 135 147 192 162 21 19 132 21 100 47
12 47 39 49 98 101 105 62 102 169 160 167 86 182 8 61 109 127 106 107 121 26 152 121 6 12 133 100 199 164 122 137 10 88 175 26 87 148 188 179 76 35 164 19 36 52 62 67 151 171 123 57 37 106 191 53 47 169 47 136 137 113 160 32 184 34 7 29 75 77 130 79 63 164 70 60 145 10 79 182 17 129 157 33 103 97 138 43 116 137 120 49 174 67 142 6 28 32 147 153
58 154 27 198 146 39 65 166 160 156 31 191 162 8 153 146 2 51 116 135 36 114 173 163 60 117 81 50 193 69 118 164 175 40 168 135 149 2 61 109 189 152 193 193 68 85 28 19 21 25 74 153 154 153 69 97 11 162 152 42 62 48 139 95 180 85 200 91 139 84 174 91 71 40 33 23 56 161 36 184 8 68 148 31 100 157 125 188 187 3 195 53 79 179 128 18 90 52 124 140
11 169 182 139 159 37 44 155 103 110 136 2 111 44 156 23 141 8 7 30 175 90 12 9 25 124 142 192 30 8 45 55 191 182 80 180 59 144 158 43 87 88 159 131 177 144 164 178 52 200 168 179 26 151 156 169 106 1 113 48 99 160 175 195 92 194 57 197 171 179 196 74 154 141 129 127 118 58 174 19 35 75 148 182 145 92 42 13 120 70 198 2 41 136 174 198 197 105 67 137
175 82 187 171 131 18 76 108 90 168 62 60 107 66 70 161 24 186 181 92 94 192 171 100 169 122 19 57 199 193 120 51 30 137 183 32 125 192 77 26 149 142 16 98 199 194 19 133 19 189 36 19 9 110 70 52 109 105 172 84 103 116 65 102 72 196 80 70 35 36 116 165 196 27 116 8 36 113 63 163 180 170 133 30 168 73 59 20 61 186 110 98 119 108 174 24 64 138 155 62
105 1 127 173 13 79 83 121 57 169 33 193 89 113 92 127 143 141 107 74 179 65 92 169 135 13 43 5 181 87 26 118 49 91 71 13 144 120 174 147 186 184 42 15 180 138 2 138 67 9 68 23 127 128 61 107 162 159 98 153 149 165 196 97 44 73 177 130 198 127 39 192 98 157 191 68 93 107 135 26 65 190 59 181 198 57 186 50 77 179 98 132 74 126 34 110 133 2 22 37
103 7 130 56 192 147 32 36 167 66 184 52 24 55 83 60 66 105 181 44 188 190 176 10 95 27 175 139 58 106 18 75 123 32 98 127 191 24 42 31 109 76 168 151 28 109 93 51 33 58 5 183 185 83 99 97 76 76 72 164 138 82 136 158 187 24 190 97 126 173 168 166 142 117 190 54 26 69 32 30 149 3 178 156 9 18 175 15 107 192 124 192 100 19 73 189 162 15 132 7
92 173 39 46 99 56 61 125 11 33 194 65 76 84 144 179 62 115 62 73 87 67 25 170 192 197 12 160 23 70 2 182 30 151 26 109 98 151 19 65 32 146 188 70 108 27 113 105 150 168 172 129 39 27 99 33 59 166 102 175 35 26 131 138 193 44 81 161 43 39 192 51 51 75 174 22 199 108 10 154 6 79 185 76 140 198 173 154 196 72 180 138 178 20 192 109 1 10 58 52
117 198 27 44 171 173 200 172 196 92 19 25 193 3 7 164 105 101 118 197 40 95 119 145 76 52 32 176 76 158 188 116 79 183 160 168 90 169 134 15 68 11 92 119 68 79 16 84 13 140 126 60 187 138 26 39 138 110 48 107 21 90 8 25 97 191 55 124 66 33 194 61 8 142 30 82 62 187 42 138 183 119 30 28 155 34 169 7 97 182 3 77 128 43 66 156 60 174 93 119
154 109 164 14 46 177 92 48 163 171 48 75 112 61 24 150 85 6 140 51 1 57 97 2 91 12 79 199 107 69 44 2 73 1 165 16 120 46 40 13 35 114 155 96 56 105 53 189 157 75 134 149 86 189 68 175 64 5 159 124 191 71 63 61 188 96 109 85 12 61 87 183 90 147 196 130 97 143 173 70 78 56 26 45 137 198 168 72 120 172 108 50 186 156 183 48 181 65 123 163
161 78 165 34 69 29 30 73 162 113 115 48 163 68 12 121 156 43 11 106 19 98 188 187 20 104 48 106 176 55 198 184 179 94 95 53 196 74 64 47 95 22 184 84 165 100 82 165 77 92 135 174 199 141 160 57 56 70 35 47 73 136 16 12 68 169 153 198 71 125 126 117 29 56 88 102 30 46 51 195 31 172 103 132 174 171 113 39 108 97 199 111 117 31 183 166 95 66 65 118
127 177 93 71 101 197 95 135 177 128 110 73 151 167 75 45 124 111 88 29 186 37 10 38 127 147 6 187 185 22 3 10 161 31 46 116 112 40 142 48 113 187 80 45 170 38 152 101 153 134 6 58 95 170 147 139 74 80 56 151 183 185 18 44 42 190 19 24 105 51 104 176 32 99 12 116 127 69 50 31 127 76 177 42 38 89 25 36 60 38 97 119 185 43 177 67 73 21 165 88
44 35 7 48 42 121 112 67 165 188 145 24 193 134 38 7 82 144 100 143 197 187 137 52 196 153 192 15 28 3 26 88 138 125 154 154 6 137 194 69 58 197 169 146 74 169 56 26 141 176 95 19 58 65 53 68 9 65 76 100 154 19 29 21 76 17 41 198 198 103 141 156 173 180 79 22 106 32 21 9 155 53 126 107 121 7 20 158 109 8 118 24 74 73 87 91 170 171 13 67
81 111 128 43 27 186 185 144 143 22 87 122 39 101 112 148 113 117 25 2 197 113 176 19 4 193 101 163 116 61 199 170 156 154 158 124 180 93 52 128 123 165 39 158 88 137 36 165 40 176 23 151 194 22 163 149 118 31 196 157 83 91 41 119 47 103 51 11 97 84 100 165 80 42 198 15 112 109 77 99 130 185 124 45 56 131 192 127 139 35 171 130 74 86 165 51 164 144 92 53
7 25 177 90 70 133 188 151 40 21 142 22 198 13 109 10 159 177 122 23 168 104 76 188 127 41 144 59 165 83 163 51 190 128 74 30 150 3 27 94 102 170 172 80 191 90 111 79 2 24 129 91 7 30 25 186 99 1 82 115 11 91 30 184 70 22 92 93 112 164 120 65 87 65 177 130 76 177 90 54 124 74 9 114 69 78 6 7 21 68 102 189 181 136 95 26 62 93 160 118
118 165 77 6 72 63 126 176 55 175 135 69 174 16 69 61 2 108 163 163 187 96 84 146 192 182 63 61 93 13 99 65 51 35 108 132 43 1 73 181 197 6 190 112 134 39 62 93 54 199 57 108 78 119 50 48 89 143 137 102 67 183 197 10 195 160 145 78 102 49 96 103 158 54 121 48 7 88 140 133 6 108 75 161 175 95 179 98 48 16 186 156 44 40 94 188 5 165 12 156
97 119 163 148 100 56 84 93 80 115 195 146 38 150 48 120 29 146 77 28 81 40 110 126 105 89 105 3 39 112 146 111 33 91 149 162 60 191 65 128 81 83 70 118 95 41 33 134 88 157 59 9 117 44 115 72 111 76 158 77 149 55 165 26 172 94 90 13 145 146 59 90 142 181 174 116 11 22 164 125 152 76 199 195 26 189 1 80 122 194 168 175 177 6 79 88 172 84 12 14
31 93 151 83 121 42 56 97 176 135 140 1 116 43 122 174 190 31 9 43 109 48 92 16 197 188 177 16 36 57 85 175 39 103 156 28 133 73 50 135 160 49 13 143 84 60 125 191 86 15 39 151 171 175 27 39 109 87 47 101 163 152 10 54 74 115 139 19 45 81 18 98 90 104 86 120 141 31 181 50 31 54 126 63 64 50 35 188 5 155 124 80 189 47 157 134 115 131 135 167
129 79 189 91 112 135 117 44 101 188 102 145 126 107 133 81 152 89 180 100 72 150 9 48 107 40 33 3 169 158 108 124 155 63 142 174 115 160 198 31 43 98 194 107 195 66 39 62 139 91 193 108 138 9 119 89 163 193 178 186 165 63 178 115 1 168 152 19 184 64 169 122 114 180 103 195 85 74 1 8 69 199 123 100 116 74 14 100 38 64 158 53 53 153 44 129 143 157 118 100
151 121 153 109 107 181 51 184 184 68 19 16 74 94 82 186 19 2 56 81 22 62 64 183 9 171 191 120 28 94 127 98 142 14 140 110 130 94 22 194 41 16 37 62 145 8 147 98 10 15 135 171 161 179 20 111 140 119 173 37 74 77 36 40 126 98 175 18 50 10 7 35 176 45 105 11 26 94 39 59 14 106 8 101 33 182 143 56 85 54 72 113 198 74 182 87 194 63 80 61
79 73 2 121 167 158 11 161 67 15 123 181 191 108 86 179 154 93 64 154 90 139 192 120 100 14 178 72 123 92 158 105 44 52 100 128 36 141 106 14 72 83 65 65 152 62 71 119 11 156 88 29 96 3 158 105 17 35 174 179 36 96 54 99 153 77 178 177 133 126 153 130 171 79 64 188 116 145 195 67 59 49 191 105 13 32 52 170 94 84 10 28 190 90 146 98 28 104 185 122
16 159 88 39 157 97 194 113 21 96 24 44 176 121 35 127 33 42 200 121 19 168 83 158 101 69 13 129 118 37 195 79 180 200 148 121 181 179 147 128 10 93 84 82 171 98 141 2 182 197 148 121 4 164 121 36 74 174 80 56 186 151 119 97 19 4 134 18 199 159 64 128 78 122 111 30 38 184 82 104 186 151 10 131 58 129 189 122 160 58 68 134 90 49 190 95 104 138 109 197
192 60 159 125 126 65 60 147 170 135 171 55 5 181 102 70 94 18 78 98 100 162 82 41 7 120 80 32 199 135 133 98 194 90 67 145 197 33 151 74 40 45 167 165 94 186 18 164 112 10 17 28 58 139 2 156 35 192 51 123 143 159 191 75 47 86 97 69 111 194 149 106 139 142 98 17 63 100 166 2 55 92 144 171 16 14 112 125 144 126 173 156 8 7 116 58 104 53 110 148
142 132 53 8 77 34 167 103 10 4 147 88 65 119 24 83 196 125 130 2 65 176 106 132 184 111 118 38 192 173 36 123 159 124 14 120 180 77 7 131 54 51 175 41 66 181 1 106 85 45 115 168 58 83 68 129 125 164 27 72 183 173 189 118 94 116 128 151 113 163 160 12 199 69 99 102 179 199 85 11 121 193 19 19 134 196 60 55 68 38 55 168 95 195 33 143 162 91 150 197
80 122 30 102 123 40 127 81 66 1 119 143 64 121 71 76 90 130 175 27 176 132 97 115 194 193 172 31 52 130 197 187 118 8 19 24 162 46 193 60 67 198 116 141 179 9 29 176 53 39 159 15 114 79 37 68 10 2 191 153 15 173 154 88 40 136 141 62 191 146 123 74 37 162 185 25 190 163 82 48 67 25 108 68 185 151 65 124 47 10 62 26 30 36 104 56 35 82 114 112
95 150 7 124 117 23 28 185 131 147 145 48 114 140 15 120 170 9 5 71 177 4 91 128 197 94 29 87 54 178 123 57 96 3 8 146 132 109 118 199 39 49 182 190 46 69 6 114 132 69 98 195 47 172 54 155 34 162 10 150 187 118 44 50 83 120 111 199 180 2 81 152 78 67 47 49 20 176 117 162 138 102 150 124 149 54 95 99 9 64 154 110 140 127 196 57 174 104 186 20
14 9 63 111 134 86 126 158 89 139 163 198 185 29 68 132 5 32 60 43 90 160 12 101 5 141 39 147 109 170 155 8 103 33 120 74 188 73 158 174 79 145 16 129 3 171 95 21 187 63 65 39 56 86 7 153 97 160 78 195 71 43 36 67 22 38 40 40 43 171 43 122 142 50 21 154 68 159 26 32 96 134 54 42 35 165 105 66 84 136 143 185 81 87 194 29 106 179 122 179
150 163 199 25 89 165 173 121 9 34 85 19 94 107 81 29 45 184 34 176 26 193 37 146 74 104 23 58 82 117 33 183 172 26 100 77 90 108 84 198 58 159 198 65 133 85 69 171 60 103 151 185 185 113 102 146 76 190 138 128 47 192 183 60 110 133 113 3 26 117 172 19 187 98 133 197 41 4 50 131 181 155 183 90 125 53 5 96 25 149 132 185 115 89 157 54 10 199 164 121
177 165 110 181 120 80 56 142 79 176 71 160 135 39 102 135 125 16 77 28 55 143 131 6 72 16 55 25 142 161 194 186 82 20 148 81 90 189 197 115 73 110 158 171 122 48 73 11 88 83 115 166 174 141 11 31 151 129 124 158 136 132 36 110 153 105 190 86 43 11 192 70 7 34 58 32 15 51 96 88 123 43 165 174 49 101 65 38 177 20 48 94 72 78 114 197 198 96 189 140
2 112 187 67 187 150 47 194 56 128 66 155 144 198 104 145 176 21 52 72 195 128 130 26 134 8 162 3 110 166 92 56 161 29 7 193 94 58 123 3 117 164 165 28 116 185 74 99 98 34 59 78 156 39 105 22 37 141 23 165 25 47 92 41 50 56 20 34 1 169 90 100 68 11 123 52 150 175 155 98 190 151 52 142 122 187 151 66 133 8 17 168 179 25 87 68 111 44 18 30
56 7 5 93 74 55 177 36 148 134 125 154 72 87 66 57 87 187 131 17 194 72 113 123 29 52 192 173 87 9 51 129 14 107 31 134 90 146 181 55 160 112 61 31 101 70 69 41 144 6 124 159 194 77 76 28 23 94 170 139 56 200 73 27 8 116 29 8 102 155 152 78 53 35 183 66 84 64 63 148 186 167 110 26 80 16 87 148 35 107 94 56 117 19 153 103 181 167 172 178
87 186 80 136 104 117 108 43 85 116 148 77 166 167 109 77 150 104 62 61 6 65 33 45 76 196 51 149 28 39 115 199 7 187 130 48 123 18 111 10 138 131 109 114 102 111 21 72 161 95 186 28 90 105 73 186 122 173 33 66 57 95 186 190 89 119 88 99 132 121 158 13 22 50 13 90 135 139 19 167 168 117 113 111 100 169 131 108 98 137 19 171 125 164 138 58 152 72 32 189
66 182 191 138 139 42 45 191 24 164 31 161 87 160 161 21 184 197 108 141 184 83 25 92 88 166 176 95 80 72 67 75 188 182 188 189 74 35 10 12 159 92 84 195 24 79 31 119 72 110 97 128 90 122 41 184 35 69 167 132 146 6 162 199 27 156 21 126 58 186 35 187 37 14 47 29 73 117 171 15 82 186 11 22 105 89 98 166 95 115 93 186 144 115 123 106 113 31 90 158
86 18 87 183 63 108 5 45 26 96 104 131 53 141 68 180 180 65 13 73 174 26 51 80 130 195 45 179 129 42 141 18 193 159 130 75 60 20 170 150 8 161 192 91 82 104 172 95 60 83 15 147 103 126 160 34 25 12 62 121 146 22 76 93 21 57 191 143 3 108 58 11 73 44 199 138 157 40 31 101 167 31 96 181 26 113 58 181 137 40 90 174 194 105 134 109 183 174 144 85
111 100 8 29 62 123 100 183 111 107 186 110 66 68 142 36 115 37 133 170 126 14 200 199 181 42 148 62 188 164 175 199 144 83 42 95 156 81 86 33 103 13 40 180 71 54 83 146 134 50 169 54 115 155 57 51 165 15 171 160 47 199 2 189 115 30 188 19 45 173 83 15 192 109 107 163 73 188 127 150 126 124 50 53 58 148 121 78 16 157 11 132 106 187 126 63 147 57 86 46
1 110 60 132 183 5 122 50 6 88 138 33 37 173 104 134 10 38 154 104 11 134 90 198 190 40 40 94 134 189 126 153 13 45 69 191 87 197 148 80 66 16 181 74 95 194 1 187 144 57 192 31 14 24 183 53 87 31 43 14 49 113 98 140 42 128 17 23 141 17 112 77 186 50 143 199 37 59 151 12 174 109 17 83 152 145 181 170 38 170 80 15 70 16 79 90 30 13 156 98
157 67 37 18 131 6 109 32 120 15 182 132 183 24 89 176 192 189 9 104 72 140 151 164 25 92 37 118 23 166 49 159 94 53 72 59 170 140 118 4 104 197 27 32 135 137 174 4 23 105 35 167 7 178 29 155 114 42 67 56 182 137 33 124 1 180 128 120 72 126 49 152 29 144 130 13 57 144 180 197 79 56 74 178 132 118 11 100 191 193 13 48 157 8 68 126 196 147 17 86
49 159 127 107 67 182 120 29 139 75 174 96 187 175 107 93 191 114 10 127 106 90 189 183 16 142 122 151 9 103 21 40 17 101 131 74 86 199 178 102 65 104 85 93 108 192 168 65 184 134 30 118 126 16 9 167 9 52 18 38 181 21 96 167 85 91 109 85 45 154 11 82 81 165 96 35 163 60 149 169 190 144 59 110 200 58 116 132 151 175 77 160 7 3 27 117 183 141 42 41
180 15 145 128 53 164 15 44 77 120 58 134 178 114 138 72 181 155 172 161 199 199 103 121 37 164 62 18 50 155 101 13 171 192 19 18 9 151 109 15 188 174 126 25 114 166 88 134 80 99 151 45 115 163 148 51 63 138 7 192 56 63 32 166 40 111 171 57 1 88 102 177 124 107 159 8 4 126 193 81 63 121 133 110 176 136 123 108 20 73 86 94 179 99 124 152 77 90 86 100
160 107 126 181 67 8 6 149 143 21 11 115 20 118 135 115 48 125 80 122 84 74 14 162 54 181 49 142 33 54 29 7 7 139 21 164 123 26 30 43 84 135 50 79 9 149 44 12 46 33 80 60 106 28 99 154 23 113 109 42 143 113 66 77 110 155 129 195 155 68 114 122 37 177 180 84 156 81 199 66 173 14 135 163 177 114 69 46 73 199 133 119 193 184 42 12 146 115 158 55
126 185 29 122 91 187 42 146 35 123 54 176 119 1 16 40 98 75 184 196 126 135 44 31 106 130 165 38 59 21 147 58 116 105 116 95 183 152 195 12 24 133 27 158 37 173 139 12 5 165 53 163 12 178 160 28 147 106 88 99 41 48 96 87 155 96 22 80 53 124 173 73 131 97 16 140 69 131 121 61 108 136 169 57 129 166 65 170 55 7 63 22 200 27 180 35 134 184 181 111
115 5 100 146 14 7 115 73 156 163 83 170 51 114 172 17 11 181 79 34 68 77 112 62 7 50 194 197 161 1 123 66 67 113 178 92 112 166 16 83 134 122 64 119 117 60 155 45 33 41 176 172 57 106 165 189 36 43 148 54 28 134 58 146 45 149 136 25 83 39 32 86 131 51 61 27 72 49 33 137 85 10 200 48 111 58 143 2 13 40 136 110 107 65 152 4 191 50 99 27
127 157 53 164 2 51 15 4 13 31 127 99 142 65 143 157 56 100 19 72 168 84 11 103 196 22 76 174 100 117 187 61 168 149 109 12 159 176 151 153 113 80 1 96 98 108 174 130 72 145 94 169 4 32 18 139 20 118 142 166 64 29 45 177 143 183 200 182 108 30 186 101 109 184 190 22 41 110 132 196 122 147 178 48 65 56 16 183 183 107 67 91 178 75 190 112 10 160 192 196
74 1 79 106 112 175 132 182 198 112 3 52 65 113 12 30 45 183 75 105 24 7 126 134 200 167 166 123 154 28 133 85 169 37 75 86 91 92 182 63 168 84 92 175 110 108 188 189 67 103 32 77 107 112 21 68 45 96 160 197 83 62 110 19 28 191 170 156 68 178 88 70 35 138 104 180 143 137 25 134 3 48 86 159 119 82 126 20 71 62 60 172 145 166 175 52 96 98 97 122
75 170 151 150 7 86 69 164 56 91 127 173 74 165 170 84 172 59 104 157 61 107 75 90 71 189 145 156 118 62 39 101 120 77 148 144 53 76 192 10 196 125 131 84 10 119 20 171 173 134 100 106 45 190 45 123 114 132 198 27 177 24 118 147 178 151 31 41 62 89 30 58 23 70 165 62 6 32 117 156 54 46 37 85 102 93 29 2 85 155 142 137 19 187 94 144 12 8 40 139
101 163 32 133 82 93 195 25 189 127 35 180 176 151 79 117 134 20 100 47 91 169 109 115 52 22 169 79 64 99 1 16 133 70 59 4 50 30 138 23 68 141 7 96 92 60 4 163 64 48 172 188 170 103 163 28 53 157 129 195 84 115 8 73 106 11 157 118 2 165 18 13 125 173 16 153 112 156 119 40 92 183 133 66 40 153 145 132 118 162 117 129 35 196 198 47 68 115 60 130
8 135 12 185 51 126 74 14 55 24 111 5 83 8 51 64 13 58 37 175 98 116 53 161 97 164 134 158 21 8 120 154 143 110 163 107 50 71 31 18 156 112 45 80 124 5 40 190 40 125 131 5 190 34 45 194 177 112 188 110 131 152 150 101 39 121 125 127 162 99 169 112 154 154 75 119 2 8 95 73 49 70 134 135 107 61 196 18 1 167 69 64 199 61 123 168 186 173 138 91
137 124 161 35 100 147 93 76 29 16 30 188 113 167 116 198 31 184 13 196 195 98 6 135 137 32 102 47 163 33 112 30 3 73 148 154 36 79 81 59 165 67 152 46 107 150 132 49 103 38 73 184 88 19 186 134 170 101 13 100 42 71 183 152 46 52 74 69 81 47 184 24 175 57 79 66 31 174 142 170 167 188 121 114 64 45 97 87 185 52 153 134 143 104 164 18 69 181 131 154
107 52 200 174 159 148 9 148 14 153 136 175 133 138 136 199 133 18 105 184 164 69 138 35 60 16 111 123 99 77 169 89 141 138 157 165 44 171 127 97 103 59 149 18 167 4 140 66 92 124 148 79 50 51 139 19 6 180 9 40 186 183 55 155 125 170 35 11 23 21 122 138 12 60 18 81 134 85 86 107 59 3 123 153 72 189 170 69 71 31 160 62 200 96 81 157 2 171 137 74
85 140 54 71 156 102 25 129 43 189 76 97 75 93 28 198 5 43 169 115 37 140 39 34 2 100 9 189 131 71 156 48 85 46 64 167 158 151 8 193 9 188 155 136 21 40 15 155 54 76 95 168 86 149 162 100 36 152 112 116 142 15 17 101 200 36 69 144 141 138 28 48 6 200 194 121 90 41 75 25 38 178 155 180 146 127 169 178 118 159 34 13 200 72 73 99 77 73 28 18
25 86 92 77 80 180 139 44 73 134 10 179 88 64 81 60 164 146 90 53 145 131 107 149 3 137 43 165 198 29 136 20 144 101 135 144 104 72 196 18 147 75 156 129 196 174 84 9 191 159 157 163 13 196 152 111 186 61 183 93 193 18 25 125 105 78 96 178 165 172 46 7 30 54 93 5 31 149 139 90 115 75 38 3 138 165 156 17 158 71 41 92 170 14 183 166 77 171 57 39
155 179 154 103 75 23 194 76 104 192 38 83 147 177 24 31 75 191 93 41 72 56 61 118 121 148 141 98 83 197 122 79 40 134 186 106 186 126 150 60 143 66 109 115 19 8 92 138 187 50 135 141 134 153 47 2 20 70 86 75 41 117 47 83 170 144 1 96 85 65 156 156 151 143 66 166 127 156 179 105 73 87 163 102 197 133 4 16 95 92 48 135 104 92 41 134 3 138 143 36
19 131 120 90 79 24 149 158 166 74 58 148 183 106 87 200 87 8 96 72 91 146 131 101 65 137 67 92 98 193 43 10 168 47 198 55 6 188 26 18 72 28 64 37 157 155 168 13 61 178 92 128 162 100 85 53 70 22 140 154 72 199 141 199 9 175 50 199 69 18 102 47 180 95 105 122 152 183 150 82 54 65 186 195 19 126 194 114 42 94 140 91 69 94 163 117 126 187 38 8
63 95 131 70 175 112 155 145 150 133 142 51 29 123 62 26 19 53 122 6 177 179 38 187 22 84 45 52 42 12 158 7 25 68 139 66 129 82 164 52 41 91 132 2 184 65 79 59 173 115 2 110 96 62 199 17 79 67 5 98 174 11 115 90 111 196 38 184 6 4 57 56 80 105 186 163 10 194 158 74 3 48 91 95 45 188 35 37 33 67 142 78 165 102 26 6 65 46 84 27
17 114 60 40 39 173 76 136 187 79 182 25 186 67 99 181 167 16 50 75 95 162 33 167 40 75 76 141 140 38 90 177 173 4 5 43 110 109 154 63 150 57 198 155 14 66 88 196 24 21 10 140 19 116 117 197 86 92 16 174 20 46 53 138 73 36 91 34 97 196 114 50 63 120 9 84 40 115 73 155 45 75 58 22 122 85 135 197 128 142 184 81 41 162 84 150 165 190 145 82
100 71 121 107 91 23 8 28 130 134 146 147 5 13 60 126 136 79 63 139 80 67 89 55 152 7 137 149 162 133 21 88 136 157 13 134 25 179 91 82 62 178 74 122 179 183 137 128 26 19 116 7 95 124 8 192 160 136 167 47 55 46 182 44 156 34 157 135 87 65 23 3 146 130 198 74 85 26 66 114 108 12 21 32 143 191 105 53 69 131 180 175 134 73 199 138 34 139 175 34
176 88 72 163 159 24 75 74 127 87 9 157 176 192 140 16 81 7 54 182 82 97 148 91 51 192 123 36 48 96 188 65 98 135 115 10 183 191 167 134 8 85 18 14 174 120 128 94 34 3 33 121 82 6 101 8 67 159 44 191 8 42 105 1 124 49 19 66 33 36 6 198 114 83 103 39 125 176 53 64 8 171 179 76 11 99 173 168 198 144 31 185 2 69 86 54 172 69 95 94
173 1 59 175 159 117 38 141 171 20 186 19 2 154 116 64 53 42 76 192 36 153 40 128 30 34 152 200 175 61 143 186 117 156 115 45 130 156 39 123 104 65 37 56 14 88 106 36 35 16 134 55 118 52 82 149 93 144 98 17 24 13 84 90 11 49 181 159 182 113 69 31 79 148 121 55 98 131 112 69 55 60 157 49 12 46 97 163 31 58 43 157 35 150 128 124 19 37 99 200
31 25 5 140 52 191 4 159 61 92 101 119 17 43 186 5 7 87 108 138 171 122 21 189 182 65 151 195 113 68 165 84 151 194 85 177 43 43 136 95 15 91 66 27 190 109 4 65 137 79 28 92 94 60 102 163 39 66 174 11 94 122 97 154 58 86 39 111 198 15 188 2 10 77 135 154 49 31 18 174 11 157 73 181 124 109 131 93 183 191 80 5 13 103 113 16 93 173 144 62
67 90 56 21 57 143 14 61 25 175 63 137 142 34 131 88 13 164 86 191 33 68 3 29 55 11 42 94 198 58 70 2 41 71 36 118 200 160 138 150 38 143 123 79 148 113 128 121 130 33 106 155 131 26 100 7 17 89 95 96 6 12 4 96 8 21 87 100 157 193 112 31 133 5 92 196 129 169 88 162 174 162 37 107 107 101 44 117 56 192 30 93 38 99 195 105 113 123 160 148
16 125 41 52 65 177 51 178 189 78 72 115 125 86 101 190 160 35 191 177 86 87 131 24 33 35 191 116 55 198 178 133 120 26 127 67 8 164 129 21 120 36 10 158 128 58 181 55 124 25 183 190 83 92 26 92 181 141 32 43 90 60 24 75 172 4 125 30 72 74 168 158 16 144 26 195 38 133 152 86 22 105 30 166 155 182 10 126 3 119 131 64 51 6 78 122 165 24 190 104
176 140 29 157 64 162 108 29 83 174 158 70 124 134 196 15 15 70 36 132 67 123 69 33 96 178 82 43 65 143 179 158 147 53 33 76 174 143 178 73 102 154 82 88 27 171 51 164 31 3 138 117 24 99 14 192 82 41 101 77 100 59 161 39 122 73 190 180 164 99 142 183 104 94 53 11 70 26 35 131 102 184 28 19 24 77 168 197 172 180 185 93 85 199 171 51 168 22 76 152
122 136 57 57 185 110 10 120 195 166 69 7 38 103 132 118 7 30 62 173 8 128 91 157 153 136 18 57 74 8 63 7 196 179 110 179 33 58 91 67 55 182 21 29 143 141 82 130 124 190 116 59 192 149 170 138 87 62 78 111 47 53 119 177 129 84 54 108 180 125 148 21 196 145 57 106 3 186 145 173 26 141 198 117 119 99 25 145 119 78 134 61 173 142 168 57 30 163 101 62
27 164 77 71 3 126 62 196 174 151 111 27 46 40 14 102 182 137 73 173 43 92 24 45 51 36 43 151 164 23 180 197 158 188 141 196 120 96 190 49 63 172 199 7 2 38 28 21 69 43 45 98 115 180 119 7 26 178 115 129 198 64 24 166 165 171 132 157 152 153 23 171 195 34 3 4 28 130 54 189 99 86 177 3 1 76 186 115 102 9 78 181 87 74 169 168 23 104 70 38
6 42 136 47 130 114 12 191 102 157 30 88 46 154 167 20 192 67 70 49 72 103 186 183 102 67 110 111 112 73 183 80 113 53 53 116 93 152 65 15 108 142 194 21 63 62 26 37 96 88 174 156 78 3 182 60 122 40 34 81 134 86 101 188 175 159 75 143 41 171 29 154 155 56 122 106 85 90 68 27 197 11 177 199 21 151 83 18 103 196 79 198 91 182 179 17 136 88 70 179
80 37 87 20 114 159 67 160 192 25 96 140 31 102 148 186 10 83 54 118 124 113 127 38 173 18 78 175 155 89 187 148 118 117 35 10 157 33 31 84 13 43 130 1 27 90 102 176 64 78 11 37 30 25 163 140 52 65 192 74 156 138 39 121 127 145 153 9 168 49 175 28 15 58 175 23 177 9 65 131 135 189 81 48 29 133 195 51 3 34 173 129 109 89 4 188 42 191 95 153
8 33 39 111 101 130 181 43 144 187 134 165 27 163 41 198 87 35 133 43 174 33 63 4 42 12 101 66 166 78 107 26 184 102 93 147 69 30 51 101 120 183 196 71 151 58 148 160 169 76 172 145 65 17 115 82 156 122 81 73 82 113 96 32 69 124 199 10 10 135 114 154 106 136 65 2 106 70 177 178 47 60 68 123 99 37 47 6 184 78 131 75 48 95 57 77 99 95 36 89
107 132 30 142 93 106 109 179 123 13 135 1 105 18 150 148 3 52 166 71 125 64 196 7 191 18 194 199 68 113 127 153 20 135 198 195 41 34 138 65 183 127 156 27 46 162 29 15 182 60 113 25 136 33 181 81 22 173 38 59 161 84 51 175 164 176 120 72 197 65 186 40 184 85 61 76 173 166 137 36 197 158 157 135 50 94 169 128 70 115 165 162 149 98 33 30 161 140 163 77
