50 	
2	12
0	19	8	537	2	
0	86	9	2911	1	
0	33	4	2032	4	
1	42	6	2559	1	
1	11	9	561	3	
0	31	5	578	1	
1	18	2	1449	8	
0	83	4	1542	5	
0	61	2	2271	6	
0	4	8	1539	3	
1	81	8	2186	7	
0	74	5	2350	2	
0	25	2	1884	8	
0	6	8	1880	5	
1	73	2	2205	9	
1	73	1	3069	2	
1	6	7	460	4	
1	52	4	202	8	
1	17	5	3183	3	
0	51	1	2317	4	
0	94	6	1258	8	
1	96	7	2562	9	
0	18	9	988	9	
1	29	4	3660	6	
0	56	3	1338	7	
0	11	1	1829	8	
1	28	5	3180	9	
1	25	7	249	6	
0	77	2	754	4	
1	67	5	2336	8	
1	54	1	1729	4	
0	55	8	1651	5	
0	36	8	2744	8	
1	86	2	1600	5	
0	49	2	3708	6	
1	7	9	67	5	
1	98	1	1305	4	
0	64	1	3687	4	
1	71	9	1579	2	
0	92	9	2654	5	
0	9	6	3484	9	
0	62	3	296	3	
1	39	2	1836	2	
1	27	3	1598	8	
0	66	3	1380	5	
1	78	5	2879	4	
0	68	8	558	1	
1	41	2	1580	6	
0	80	8	121	3	
1	65	5	2139	2	
65 106 98 69 131 137 26 200 153 62 172 168 153 51 41 197 168 194 45 41 60 23 2 41 39 99 103 73 126 154 118 149 85 83 71 73 19 49 153 28 22 104 46 144 163 124 124 199 168 141
6 27 128 139 115 25 39 9 136 32 121 75 148 199 134 80 67 47 120 141 29 92 23 156 170 71 82 51 124 139 96 54 81 27 120 89 73 84 83 86 57 33 10 176 178 47 192 138 5 43
180 167 14 65 72 7 2 78 48 191 85 193 81 39 34 186 114 1 153 148 194 89 40 145 38 120 164 14 131 108 83 141 191 92 71 75 1 151 25 92 162 85 55 138 53 8 35 175 70 193
74 57 120 12 142 21 93 168 80 6 40 48 2 190 121 188 10 145 128 54 24 84 136 129 183 132 55 198 71 46 22 136 174 42 60 89 35 71 114 144 55 42 29 177 189 127 97 98 120 65
159 165 8 114 156 41 92 100 193 51 60 20 35 162 72 171 5 100 75 86 22 15 40 45 2 33 39 129 66 145 75 38 75 109 65 125 60 55 50 51 23 173 74 68 149 176 137 10 155 52
174 198 160 98 153 136 22 55 124 99 59 25 66 91 125 23 146 73 107 18 197 26 119 116 92 28 61 61 121 119 180 130 183 66 12 19 75 136 197 34 190 5 97 9 129 61 173 131 75 104
44 93 14 155 43 30 22 188 164 137 5 161 124 73 190 80 35 167 166 111 86 27 108 144 175 39 175 165 71 187 16 158 149 7 45 188 1 173 161 82 153 123 55 51 122 178 159 37 90 126
115 187 180 65 59 58 83 101 17 142 61 161 62 48 174 22 97 116 129 16 55 35 147 38 104 18 37 85 134 156 75 56 36 23 198 157 41 7 41 97 193 3 141 25 102 148 28 102 94 6
169 78 132 66 107 127 60 61 134 11 68 153 99 58 94 73 81 171 178 58 29 140 4 180 143 175 34 123 73 171 189 91 97 96 14 49 160 24 87 83 198 127 61 143 104 46 1 200 41 42
121 86 98 80 87 74 166 108 148 137 132 76 105 71 27 137 100 52 51 116 6 85 111 162 53 144 11 91 110 144 89 39 76 119 28 41 161 71 131 171 162 131 106 154 110 128 113 152 175 170
117 84 114 173 114 99 18 161 162 176 148 80 35 133 174 133 62 157 26 148 196 13 61 105 154 190 83 63 182 25 174 54 77 79 173 99 42 14 91 46 96 72 150 34 186 71 190 102 69 113
107 177 159 148 13 12 34 95 162 199 99 29 169 92 178 113 25 22 159 162 182 23 194 155 11 85 88 187 43 78 5 165 79 116 8 170 178 107 16 81 190 70 117 138 174 19 200 118 170 103
121 107 41 108 84 66 67 6 23 34 146 154 71 192 103 73 28 48 41 173 37 70 97 30 6 59 157 24 66 163 86 117 21 94 200 167 43 158 80 32 33 54 71 122 157 63 125 55 174 54
123 96 150 4 163 56 31 116 145 86 62 49 125 114 7 87 63 163 162 13 140 47 154 19 89 65 2 139 73 148 137 59 55 144 69 61 164 1 161 181 168 4 94 85 73 180 19 101 139 131
53 23 90 62 131 51 149 49 98 104 146 153 174 3 176 136 63 141 144 172 1 99 99 2 135 118 108 28 89 90 61 33 60 171 173 61 133 32 102 40 19 106 159 46 148 24 134 78 7 13
138 33 1 78 155 142 159 116 67 37 181 111 135 120 94 13 82 170 78 60 123 31 73 170 155 21 43 196 180 45 150 129 175 168 130 167 129 110 14 122 49 141 170 26 91 181 164 179 28 163
170 139 1 147 66 10 119 5 130 35 75 190 108 51 75 106 95 13 174 200 66 27 194 98 137 176 68 146 143 144 94 101 95 10 123 74 182 185 88 1 173 173 44 72 24 5 58 123 49 193
9 52 124 112 170 31 44 25 20 191 53 51 37 102 185 119 15 156 21 34 71 124 7 85 76 60 98 103 173 22 5 54 34 32 161 122 10 131 181 197 106 180 71 98 116 75 125 101 126 94
60 95 15 127 190 162 30 96 87 47 98 45 150 175 66 8 137 108 64 14 24 90 62 74 193 136 153 9 132 26 164 17 11 167 119 91 195 98 101 113 181 98 158 179 185 65 84 13 175 166
157 32 94 143 172 15 62 170 105 141 151 111 29 106 152 50 115 157 40 93 7 198 185 89 178 95 67 35 71 44 164 119 97 17 152 98 47 178 2 176 152 140 169 132 11 197 41 64 130 124
181 73 164 33 182 45 133 133 137 25 86 170 28 6 126 3 137 79 70 31 133 103 96 182 61 61 151 88 169 178 70 155 23 54 100 10 134 53 32 44 134 53 79 179 144 191 60 168 43 45
91 15 57 101 138 86 73 134 92 105 61 112 142 120 188 134 27 175 20 77 160 127 82 34 163 117 46 76 46 128 42 192 162 49 118 38 197 55 125 138 65 32 117 19 10 76 143 104 11 116
114 185 118 35 15 199 29 114 60 65 150 147 37 22 41 92 175 31 149 98 32 175 94 68 103 40 78 54 23 84 139 128 119 24 57 97 51 69 65 84 95 147 175 30 86 190 117 185 48 35
169 48 2 101 43 105 84 128 88 85 72 193 29 178 170 70 60 47 180 181 107 113 52 19 168 115 102 155 138 23 20 123 16 145 69 98 121 87 150 136 27 197 149 147 11 27 53 93 10 84
12 54 188 97 48 85 34 164 14 25 27 126 69 36 196 64 122 132 81 134 87 186 180 148 147 199 188 88 32 158 11 81 61 77 11 173 103 143 38 77 135 156 199 197 127 181 42 19 9 151
45 142 98 55 90 80 43 14 114 118 178 5 48 38 150 137 171 26 159 58 56 76 31 105 84 24 139 190 42 52 191 85 104 109 196 31 181 112 91 174 187 111 179 26 144 44 64 54 174 189
171 26 92 75 124 33 33 123 66 52 74 135 181 196 18 109 51 35 106 148 9 33 132 158 32 178 82 31 68 160 58 117 154 32 166 61 56 140 85 2 20 151 136 23 38 99 9 25 123 196
30 13 45 107 162 11 95 9 182 2 21 23 40 119 142 91 185 181 66 146 157 183 2 147 106 104 18 85 65 184 114 156 102 76 148 83 43 81 38 30 104 147 116 38 127 183 92 3 163 33
7 194 9 48 124 144 35 55 32 7 54 93 99 69 45 19 86 166 138 88 15 54 133 132 133 74 81 116 48 130 114 147 109 91 155 88 13 123 98 9 139 47 82 198 114 56 134 199 174 70
107 95 174 16 64 112 180 124 156 60 41 75 46 49 77 175 36 146 122 41 89 91 67 11 142 100 98 127 180 185 114 19 118 137 121 80 85 176 74 116 151 164 187 132 122 53 22 87 79 4
179 185 163 170 177 28 168 167 71 40 195 126 166 11 172 80 93 116 78 199 196 14 164 91 92 195 141 65 184 130 18 9 128 39 99 142 166 183 34 28 136 33 142 88 137 136 77 196 19 141
82 171 167 14 10 157 26 78 131 127 185 11 175 100 151 2 126 83 163 78 98 111 166 136 111 23 90 64 197 99 131 11 79 53 112 134 10 32 166 100 101 126 169 26 150 159 168 180 161 141
196 150 140 156 44 122 101 119 158 167 63 196 36 181 108 5 62 111 28 131 41 87 51 195 132 127 137 177 92 72 161 90 154 182 59 192 70 145 10 93 178 119 171 22 39 111 155 35 90 83
10 130 27 22 166 40 51 6 60 16 190 87 165 22 196 100 184 58 110 97 93 151 108 59 173 28 158 48 87 26 13 44 119 77 143 78 10 155 187 15 185 115 192 29 125 119 2 151 63 35
71 63 9 98 178 35 57 178 119 22 190 22 145 108 181 126 51 75 58 153 24 125 3 140 105 161 137 18 27 154 177 171 46 47 94 139 86 91 57 24 63 61 73 6 81 63 42 171 34 80
117 121 80 114 199 2 59 72 21 55 62 89 57 198 76 124 67 168 186 51 44 36 71 96 64 171 89 138 186 103 60 2 112 91 62 53 90 12 76 79 135 29 173 159 160 86 160 23 107 77
40 142 36 168 193 68 34 70 50 116 80 157 70 179 67 35 103 180 56 76 134 71 191 86 43 191 141 160 31 3 109 192 17 60 159 35 180 5 14 123 16 194 121 128 171 45 72 35 58 115
69 172 159 115 194 57 51 115 108 89 107 145 125 193 118 118 103 162 116 180 105 97 141 147 196 96 162 87 66 91 85 151 167 74 197 181 87 127 37 111 106 96 26 11 34 9 3 17 5 161
26 199 105 64 51 157 160 176 147 137 150 61 191 188 140 155 81 32 21 143 98 53 43 190 6 122 180 135 142 37 127 193 130 65 90 129 74 108 97 157 48 68 176 131 60 17 106 121 53 36
74 139 7 51 185 156 152 6 142 40 175 96 97 105 173 89 188 115 67 146 14 197 168 199 167 57 164 78 95 18 39 31 96 166 119 105 69 188 80 110 150 154 179 154 107 5 54 109 46 126
6 184 102 174 40 154 189 3 183 146 136 104 16 147 179 37 47 3 114 116 187 128 199 116 44 76 103 61 56 187 193 59 91 174 106 114 27 54 111 20 37 200 93 108 122 136 112 50 185 133
148 64 74 78 147 77 56 141 126 61 172 104 123 56 64 157 105 171 198 121 177 40 158 144 113 69 51 142 91 185 78 189 142 98 79 195 86 101 98 88 149 22 156 23 71 100 7 152 134 52
186 73 1 181 47 112 92 27 35 16 190 195 183 128 66 141 110 35 5 81 119 103 11 174 131 42 112 61 115 156 134 159 200 191 105 134 33 143 172 12 101 155 103 173 90 26 158 47 60 21
108 45 157 9 69 143 169 128 41 59 200 171 44 89 14 27 200 36 29 29 193 155 173 26 156 168 153 152 187 13 124 48 152 137 178 103 192 94 35 57 78 183 191 73 54 134 39 189 183 11
165 107 180 38 198 89 139 4 144 107 95 101 152 69 195 101 37 104 146 84 60 46 153 55 139 30 57 40 192 74 111 56 93 139 39 151 151 109 22 2 179 91 103 106 31 82 189 51 196 160
92 116 192 125 95 128 37 55 147 73 86 87 32 156 88 5 182 167 74 16 64 173 69 92 168 166 151 140 59 155 59 77 101 109 68 20 134 43 120 40 129 43 30 87 126 102 42 194 1 115
120 86 191 34 175 157 168 6 88 111 52 85 133 181 28 10 149 39 167 7 105 180 135 35 84 95 119 66 117 103 184 82 171 35 28 32 119 23 91 30 180 61 95 19 60 69 30 121 194 112
106 78 186 36 148 147 188 169 29 99 174 15 110 112 114 83 188 194 97 158 5 126 187 122 47 182 181 37 67 21 51 81 45 74 56 56 40 119 129 195 33 130 153 139 111 8 149 174 46 142
198 55 64 52 102 71 174 160 144 88 176 133 151 172 177 146 67 78 177 54 47 154 161 31 50 144 48 32 158 163 120 100 137 108 31 162 67 171 164 106 3 101 181 88 59 102 72 105 108 60
30 186 177 84 58 97 103 143 149 46 13 169 173 64 5 157 65 119 40 20 194 13 52 166 32 44 73 123 92 18 67 53 66 105 143 57 2 76 18 98 196 91 57 63 70 199 112 179 129 72
62 93 88 101 158 128 66 101 72 8 53 145 108 77 40 53 75 162 156 124 85 134 83 43 54 194 88 159 180 192 56 27 76 148 115 156 54 26 174 56 39 103 137 44 140 192 92 143 125 145
