20 	
28	82
1	5	7	50	9	
1	7	7	66	7	
0	8	8	98	8	
1	1	9	53	4	
1	5	2	86	1	
1	3	2	109	2	
1	8	7	32	4	
0	8	2	110	8	
1	5	8	12	1	
1	8	9	41	3	
0	4	3	40	3	
1	1	8	84	4	
1	5	9	6	4	
0	6	8	25	3	
1	1	5	25	5	
1	3	9	25	3	
0	6	2	90	7	
1	9	9	38	2	
0	9	5	107	8	
1	9	8	74	3	
114 65 108 137 160 196 6 124 21 100 132 50 127 109 106 150 153 175 163 101
43 52 152 157 179 169 69 32 143 178 144 153 80 65 73 200 106 146 97 134
42 181 1 143 75 58 58 189 144 145 181 122 49 93 135 6 167 14 169 93
74 186 56 35 23 132 50 169 83 121 79 22 33 151 43 83 109 2 107 125
165 38 41 96 164 49 72 39 3 99 185 112 134 14 101 99 141 162 46 197
168 107 41 69 4 132 166 198 8 6 156 25 110 163 92 17 35 55 102 128
103 187 157 123 27 85 105 118 112 104 189 9 95 155 90 111 165 32 61 35
43 182 172 20 54 194 170 23 82 93 89 151 164 145 130 182 108 41 25 103
182 117 57 120 44 194 64 167 49 155 178 31 15 172 108 37 58 165 122 66
109 157 38 139 16 46 189 153 128 104 14 5 77 102 64 91 178 95 5 99
198 48 6 108 179 71 161 15 167 58 82 139 84 101 50 76 26 124 170 35
142 37 193 68 193 140 178 49 64 193 140 144 193 193 120 73 131 161 73 123
77 190 157 61 150 111 35 106 98 89 29 24 157 120 27 29 139 95 38 174
45 33 193 48 143 138 158 106 93 24 87 151 171 58 137 181 15 49 32 61
136 136 67 167 17 39 112 88 12 101 100 189 5 133 160 84 43 135 133 97
142 46 58 191 184 66 152 99 20 162 37 188 134 118 175 77 69 178 141 53
190 61 18 10 118 32 161 112 124 155 166 149 133 126 164 72 51 36 74 165
109 111 88 58 6 96 44 70 165 17 39 95 68 38 50 124 76 165 85 191
141 49 155 138 140 133 15 148 159 34 194 147 76 122 169 32 60 174 143 176
118 43 40 157 82 37 154 72 124 100 170 175 11 90 161 132 121 132 54 160
184 180 40 117 73 147 106 55 99 199 10 16 11 62 2 81 69 93 173 106
