30 	
7	67
1	62	2	1667	6	
1	18	5	1872	7	
0	26	5	1993	4	
1	56	7	1596	5	
0	25	4	582	8	
1	47	8	393	1	
1	14	7	1942	7	
1	78	7	1545	6	
1	53	5	161	9	
1	94	4	341	5	
1	5	8	990	8	
0	36	7	1122	6	
0	21	2	1915	9	
0	78	8	1162	3	
0	60	5	1525	8	
0	28	4	343	7	
0	26	8	506	6	
0	70	6	1172	6	
1	38	4	495	8	
0	25	4	1742	6	
1	64	9	205	6	
0	92	5	138	4	
0	72	7	1264	7	
1	71	9	669	8	
1	18	6	1795	2	
1	14	5	1416	6	
0	77	6	81	5	
0	9	3	1737	9	
0	66	4	1881	7	
1	34	1	1995	8	
105 162 144 27 124 110 127 50 103 11 166 47 69 52 182 145 165 3 62 99 193 142 135 28 13 148 38 99 29 48
85 190 2 157 6 142 39 185 199 100 190 38 55 94 79 20 117 104 21 173 160 142 13 79 32 103 191 86 171 79
57 28 13 20 42 71 25 111 61 6 87 65 23 161 10 153 69 10 100 151 177 60 107 134 152 21 75 128 72 101
87 30 57 14 93 17 90 70 107 139 32 171 117 126 155 51 10 46 190 113 91 22 48 5 53 177 93 185 88 162
2 128 159 40 108 184 3 22 176 102 41 80 49 22 123 172 116 29 39 44 126 63 200 179 26 48 70 50 91 128
167 101 70 82 141 13 111 67 143 176 168 101 138 126 39 128 30 130 191 90 7 135 155 41 37 180 9 67 151 78
190 42 155 185 169 160 132 42 24 103 119 199 43 7 79 59 133 110 115 174 161 153 173 130 51 144 56 109 140 156
43 8 86 49 139 92 184 109 44 99 27 118 124 182 61 123 1 60 103 82 52 58 77 195 147 59 91 101 41 197
184 36 79 78 153 87 200 37 34 176 27 154 148 141 106 11 136 75 42 133 146 39 104 96 128 181 166 108 135 195
169 140 200 63 93 136 134 87 170 148 166 194 101 177 182 196 50 61 94 65 174 97 194 17 23 37 20 49 91 9
7 192 157 70 181 69 119 71 166 103 90 14 48 95 162 133 55 164 146 80 17 59 172 181 79 110 148 196 174 128
91 170 169 36 23 45 67 71 98 180 22 145 76 131 90 198 53 88 61 64 190 176 30 39 67 77 148 141 150 13
113 4 75 10 12 177 2 162 176 28 38 153 53 190 184 49 138 194 46 179 79 32 125 44 176 145 89 131 196 6
135 190 199 160 183 130 127 40 54 39 42 39 27 132 22 87 167 154 60 167 24 102 113 142 17 181 22 88 30 163
105 60 6 113 171 148 111 100 146 188 154 161 191 186 88 50 194 161 196 138 178 26 3 78 10 97 78 40 127 8
134 168 102 158 123 137 76 129 179 150 120 48 33 33 93 16 158 99 105 59 120 132 75 131 83 33 1 158 62 63
69 125 13 40 51 31 39 65 121 145 169 184 37 74 114 173 20 175 16 84 136 96 127 146 15 108 39 30 124 144
32 81 120 44 94 95 169 186 163 112 181 130 68 25 7 89 132 110 31 159 130 101 150 116 193 77 191 141 188 34
132 153 11 25 172 97 38 140 156 38 194 138 180 54 41 131 135 172 1 135 149 27 85 77 195 27 172 83 106 81
18 144 200 89 155 81 122 13 29 68 9 80 128 70 168 110 130 24 143 163 182 149 24 39 49 5 171 118 191 40
135 37 143 105 99 98 27 75 192 83 161 42 127 183 69 150 20 53 35 165 78 119 140 50 154 133 185 59 71 29
79 47 196 197 180 149 61 149 54 181 199 108 164 193 112 46 90 40 160 143 179 49 79 54 138 179 132 147 21 101
142 35 112 198 1 113 169 33 138 176 8 139 45 18 64 113 61 115 119 115 16 144 62 35 144 44 29 13 87 147
6 74 144 196 107 75 36 41 24 62 89 118 23 149 102 127 127 92 141 20 106 178 188 78 13 44 2 35 87 72
172 66 134 200 189 170 69 114 17 61 78 116 186 37 170 96 7 2 53 193 32 48 189 66 196 88 91 97 45 157
53 83 75 177 152 108 149 6 88 77 187 68 184 195 145 180 132 157 195 98 155 39 117 179 135 110 70 114 26 84
93 8 51 157 181 3 126 175 179 87 135 112 23 64 99 153 81 107 61 45 157 154 199 64 133 69 32 128 175 29
128 189 16 70 27 181 116 69 68 111 119 104 61 96 71 1 12 173 26 147 64 101 31 20 54 93 184 146 121 176
102 54 137 6 150 31 137 60 124 118 54 195 162 81 200 22 102 127 38 123 4 190 85 33 86 196 34 183 86 104
34 147 15 173 124 58 110 73 194 88 30 113 181 69 171 76 47 169 120 176 2 187 177 187 140 102 25 197 35 172
71 46 65 199 143 31 179 93 141 135 68 171 114 3 29 122 51 52 4 164 97 48 61 174 181 55 87 70 52 190
