20 	
3	51
0	1	5	12	9	
1	1	2	105	5	
1	6	4	19	6	
0	2	7	103	3	
1	9	4	43	2	
1	5	1	1	9	
1	8	3	92	7	
1	6	4	51	9	
1	3	5	116	7	
0	1	4	158	2	
1	5	8	154	9	
0	2	3	39	6	
1	3	5	144	2	
1	6	5	186	8	
1	8	3	31	2	
0	2	4	29	9	
0	9	3	64	9	
1	3	6	84	6	
0	7	7	42	4	
1	8	3	3	9	
101 175 155 61 199 102 142 10 148 37 61 197 69 59 17 92 14 89 167 11
96 71 124 185 165 151 57 184 68 132 200 176 67 122 35 120 31 150 76 54
99 150 93 161 80 98 39 120 61 80 13 78 55 86 192 40 176 114 100 181
197 56 108 32 95 110 144 68 133 100 131 199 71 79 124 35 192 38 100 15
1 136 137 49 3 49 5 158 88 150 141 88 163 53 49 174 3 22 120 97
158 4 58 52 164 156 11 31 174 196 103 90 136 68 169 37 170 27 195 32
40 93 139 49 104 94 53 109 143 109 8 24 50 14 197 26 36 199 138 104
100 48 111 49 109 135 74 136 113 138 80 47 84 189 106 91 107 69 90 165
92 147 20 57 31 145 176 134 130 171 59 199 123 110 9 49 5 164 35 10
67 34 41 4 68 195 164 175 198 6 50 98 53 1 78 18 65 108 141 101
179 148 59 167 64 67 135 92 68 182 46 92 42 182 118 85 48 145 65 5
153 8 32 54 12 51 24 18 63 11 64 190 84 16 71 87 102 170 146 98
115 138 135 32 194 14 17 185 114 139 40 118 156 13 149 35 24 2 108 149
141 151 31 84 48 128 130 24 123 170 102 18 37 114 44 89 160 179 56 161
39 195 2 169 68 185 79 130 5 126 66 46 74 64 63 85 44 162 59 49
198 14 191 193 146 136 149 110 69 38 161 7 57 89 139 3 71 52 168 161
116 61 85 137 60 187 61 180 138 70 4 71 69 11 163 182 68 49 190 200
149 104 127 93 140 129 43 105 81 169 7 51 162 109 47 199 167 153 125 101
133 116 11 166 107 163 154 196 133 20 45 12 27 123 8 64 42 34 86 28
89 104 179 144 98 75 79 4 45 176 58 188 149 147 180 156 182 14 66 92
123 198 1 199 104 20 49 183 110 138 95 62 163 177 164 134 70 88 94 176
