60 	
11	16
0	4	3	6	9	
1	6	3	134	1	
1	9	7	91	1	
1	3	5	45	3	
0	5	2	28	3	
0	2	7	86	6	
1	7	6	150	6	
0	3	5	41	2	
1	3	7	75	1	
0	3	9	11	3	
0	9	7	91	8	
1	9	2	79	7	
1	9	3	145	4	
1	6	6	73	6	
1	4	6	107	3	
0	4	1	40	3	
1	5	1	81	1	
0	7	6	86	5	
0	8	3	44	4	
0	8	4	148	2	
1	6	6	112	5	
0	1	3	58	3	
0	1	7	4	7	
0	1	3	136	8	
1	8	8	136	6	
1	7	8	79	5	
1	4	7	140	6	
0	5	2	136	8	
1	4	7	142	3	
1	5	9	126	2	
0	6	1	149	2	
1	2	5	134	7	
0	4	3	8	7	
1	8	5	95	3	
1	4	2	25	2	
0	1	7	133	4	
1	3	4	142	5	
0	9	4	6	4	
0	3	8	126	8	
1	7	2	129	9	
1	5	2	137	6	
1	1	3	123	9	
0	5	4	24	8	
1	1	5	106	6	
1	4	9	109	1	
1	6	7	4	6	
0	6	5	71	7	
0	6	9	25	2	
1	9	4	42	1	
1	7	9	150	5	
1	9	5	33	9	
0	5	9	37	9	
0	2	2	17	5	
0	7	9	150	9	
0	1	6	62	5	
1	5	7	139	8	
0	2	9	132	1	
1	9	1	145	7	
0	6	2	26	4	
1	3	9	84	5	
133 178 47 183 137 134 103 156 113 14 65 61 23 123 155 9 130 16 195 193 104 89 30 74 183 154 86 184 149 127 117 150 116 51 82 117 117 60 168 167 115 133 6 165 132 66 101 165 80 129 92 45 144 43 25 121 30 92 184 71
113 91 200 165 55 151 140 190 147 39 110 46 78 107 169 126 153 200 115 46 47 21 28 195 77 43 125 168 29 174 122 45 160 95 6 126 21 99 58 149 132 107 86 71 98 159 55 92 92 184 153 119 121 3 44 177 15 19 68 20
75 38 55 65 60 139 150 74 22 59 140 85 107 192 127 61 53 179 35 120 11 79 127 13 9 60 108 9 42 59 25 107 6 7 174 72 104 26 61 84 176 138 147 69 171 190 158 4 161 100 53 182 35 28 93 151 27 74 25 137
18 129 171 76 139 68 98 28 3 47 69 173 78 138 23 183 132 98 186 189 196 114 134 82 71 45 133 26 174 69 127 19 135 46 170 20 81 15 71 124 199 79 26 170 137 104 102 183 191 62 126 120 8 68 73 23 12 94 48 43
23 91 125 62 50 56 165 39 123 44 36 91 7 80 52 116 7 50 55 198 182 9 109 45 193 167 57 93 26 41 154 26 151 77 105 82 60 149 107 8 2 78 137 120 6 91 137 132 112 28 118 121 34 123 30 2 49 1 56 87
42 74 148 49 138 21 161 63 116 191 136 190 82 90 46 96 174 65 12 92 27 72 34 110 5 3 196 29 119 163 40 165 9 148 156 3 94 5 84 4 13 56 47 154 111 11 1 77 94 141 161 93 178 66 25 183 52 108 97 160
148 161 164 11 52 50 45 136 139 74 26 15 20 87 49 82 8 17 77 144 187 162 31 50 1 170 31 154 57 159 31 59 196 28 152 200 94 66 93 22 21 85 141 22 98 149 47 174 10 155 93 139 42 83 143 129 130 49 144 130
81 33 56 146 59 122 5 18 13 157 191 166 110 150 45 188 125 105 42 99 171 112 64 160 116 114 2 141 25 128 72 69 138 33 62 87 175 155 38 129 131 191 43 83 40 19 26 11 43 179 120 2 52 30 26 169 159 70 149 17
128 15 6 197 93 113 186 26 126 17 173 85 179 16 109 87 5 151 114 180 59 185 90 158 34 47 191 4 20 83 43 31 183 50 47 70 136 132 41 67 144 96 191 76 38 199 34 23 84 9 164 50 166 151 40 46 97 25 33 119
70 181 53 34 188 100 153 113 11 82 18 62 113 187 8 60 130 2 186 19 115 176 24 40 198 24 63 21 101 73 122 94 67 194 124 85 110 43 108 60 170 139 166 14 116 39 181 45 178 17 180 155 122 102 44 149 124 141 91 84
53 144 171 44 141 3 70 180 162 68 45 111 122 73 194 152 155 105 41 1 44 138 83 112 3 155 103 162 77 62 64 39 166 134 18 197 78 10 29 80 172 50 99 32 79 7 33 103 194 115 185 169 52 92 143 91 71 22 56 65
126 28 131 151 117 196 65 69 7 58 165 148 191 2 110 47 6 3 160 142 105 25 132 11 31 176 178 150 102 39 86 200 122 187 90 94 110 94 28 161 191 31 87 159 83 32 47 166 128 100 15 186 143 66 8 56 101 144 38 8
42 121 34 178 30 130 90 4 18 67 82 16 100 20 162 98 160 71 27 173 159 3 40 73 116 24 2 162 118 74 78 105 162 143 194 8 35 149 144 88 121 93 63 162 96 174 24 86 74 199 19 32 103 159 104 140 57 104 179 166
141 22 136 85 32 70 115 82 123 187 74 81 168 53 87 47 151 39 41 46 150 100 99 192 18 7 160 34 73 29 196 118 140 50 138 122 164 33 33 95 177 20 147 4 76 161 81 81 106 57 66 173 102 194 79 171 199 179 176 54
100 22 74 87 129 36 64 69 6 122 111 196 118 134 176 90 76 49 11 15 159 112 141 3 64 113 8 183 150 86 86 1 191 95 114 197 103 92 99 62 191 49 46 172 148 152 64 15 38 198 17 73 105 150 144 104 142 198 14 60
63 150 117 6 119 68 21 100 64 68 116 160 21 11 89 156 119 30 58 56 51 65 111 26 37 5 73 186 159 39 122 39 127 189 12 51 21 29 143 12 74 194 130 56 97 40 90 96 64 13 120 6 86 89 57 123 189 110 166 170
20 72 55 57 194 162 105 30 81 184 147 136 143 19 89 126 51 128 106 163 126 18 4 7 129 50 149 175 152 130 33 161 139 147 172 54 82 64 28 64 112 38 132 174 25 91 193 192 41 149 27 197 84 141 39 158 4 93 199 165
106 3 25 155 45 59 120 41 42 25 175 162 145 1 2 173 134 50 124 78 39 24 175 171 129 200 7 149 200 94 62 85 76 93 33 114 106 28 79 61 121 3 86 124 74 189 112 133 18 40 191 47 187 167 91 116 11 34 142 199
101 181 125 84 21 101 65 71 60 113 194 1 116 89 168 169 3 129 78 145 171 192 144 129 155 182 5 68 153 88 33 151 190 117 3 134 92 32 108 151 103 157 61 120 174 170 125 66 160 134 118 173 51 136 52 146 81 126 49 199
124 159 36 177 11 71 189 67 170 155 59 68 150 53 77 106 51 151 136 151 183 119 74 108 89 164 70 84 67 65 64 197 25 149 184 131 55 72 50 23 200 152 112 167 60 127 26 15 195 35 23 13 60 46 57 63 110 153 195 35
179 110 4 100 87 22 127 162 131 18 71 16 69 162 168 79 123 89 9 160 75 50 85 92 26 132 168 71 46 49 32 112 61 42 78 196 159 199 36 122 81 175 153 99 96 17 164 19 75 186 76 72 75 54 132 149 197 165 65 50
182 103 185 161 119 85 6 126 130 175 138 89 50 26 154 187 123 164 91 118 29 94 137 16 115 37 178 20 137 11 113 150 89 171 163 172 108 14 171 49 22 179 68 23 183 8 1 1 87 7 81 98 177 173 34 100 61 45 179 92
37 3 89 137 144 159 81 148 63 159 30 128 28 185 157 77 181 100 79 30 107 181 71 23 174 154 86 192 146 69 137 63 149 1 93 26 69 15 113 94 166 180 36 57 63 117 171 118 123 191 174 197 153 153 126 157 183 144 72 154
149 27 189 133 26 116 196 13 18 52 145 88 41 163 106 92 108 34 177 143 43 114 78 170 69 73 103 86 99 16 18 12 189 51 18 148 177 118 19 118 143 26 42 180 152 197 100 183 144 185 109 28 56 128 51 29 186 161 147 11
116 136 136 110 89 122 170 158 123 78 101 48 187 111 134 122 95 50 11 34 95 102 48 184 18 1 25 90 61 83 123 82 168 126 84 16 167 118 14 39 21 47 27 149 62 59 146 70 157 27 125 183 56 129 198 20 115 163 162 104
30 68 131 160 199 152 56 54 64 175 152 142 196 125 143 133 133 138 146 168 161 129 86 175 9 78 137 138 93 89 92 160 60 13 78 14 124 74 45 193 124 64 60 171 85 187 157 149 193 165 127 117 6 75 165 112 83 2 60 95
117 24 85 29 13 9 78 102 143 179 72 41 149 198 11 39 7 199 174 181 199 160 99 186 180 22 115 89 98 184 185 124 150 120 77 158 128 186 168 29 30 43 169 45 76 116 174 105 173 36 153 13 140 196 190 126 105 32 43 196
177 32 31 101 162 29 189 135 200 68 123 105 195 110 194 198 182 85 62 128 129 95 6 115 90 77 187 40 85 157 73 132 105 59 116 108 137 40 22 41 120 55 72 121 53 64 65 132 159 1 23 56 3 16 64 193 7 118 109 39
80 191 100 197 128 11 37 19 156 197 4 123 147 10 76 95 27 30 188 186 150 2 29 57 63 20 60 125 194 86 167 41 21 186 79 126 159 65 185 34 121 144 69 45 23 124 66 77 185 69 85 90 3 56 32 125 106 156 45 38
189 76 169 192 42 126 175 93 37 76 6 72 60 176 9 14 179 115 115 72 18 180 123 42 13 171 86 38 104 54 27 102 76 143 119 95 113 69 95 83 14 147 144 21 80 179 23 101 183 150 103 32 148 20 58 158 175 11 59 74
115 30 25 146 79 172 102 192 84 199 61 171 174 95 53 104 101 21 198 123 38 174 24 185 52 26 21 47 20 123 161 31 113 45 89 24 39 184 139 64 129 154 141 17 8 116 173 105 116 12 63 104 181 34 26 72 196 35 5 27
4 97 164 149 29 175 52 74 32 32 192 168 139 125 43 192 159 76 25 35 188 98 22 88 56 80 142 74 173 130 147 113 131 124 106 69 196 141 146 175 144 93 170 97 79 49 103 20 139 168 179 50 109 83 139 97 103 15 38 177
97 143 17 8 10 32 186 29 167 198 58 182 98 139 150 191 151 197 32 70 174 171 3 110 97 49 145 95 145 98 118 51 75 47 131 43 149 158 46 30 196 140 118 176 93 193 168 65 61 121 23 43 70 99 159 170 69 165 134 61
54 53 148 13 159 66 30 185 189 14 49 65 156 152 114 158 83 199 49 100 48 94 146 89 24 6 135 38 179 126 7 113 126 36 125 139 76 1 158 96 60 78 6 74 81 53 2 54 170 108 163 20 83 166 101 110 138 136 153 87
7 86 148 76 81 90 33 168 10 108 104 132 143 57 69 65 63 27 94 71 160 119 23 170 48 11 1 124 9 144 62 44 176 40 188 25 74 181 91 76 145 154 95 134 103 82 90 5 23 162 39 26 45 35 138 161 74 75 17 178
132 107 103 34 63 1 121 45 23 174 103 105 174 26 25 122 171 128 181 158 51 106 146 13 64 7 191 195 119 130 73 140 131 25 138 147 131 135 8 77 12 67 119 163 122 29 195 162 38 99 81 27 14 188 193 18 136 50 170 150
83 176 151 182 189 151 127 138 27 76 114 12 184 61 163 134 174 166 148 71 167 153 53 11 108 86 163 169 195 49 47 110 14 155 79 45 6 14 149 30 54 143 40 98 160 77 100 87 125 148 170 174 179 149 115 163 173 29 181 3
61 15 13 95 28 79 19 80 44 45 173 120 90 155 78 24 121 25 178 159 191 40 23 143 2 37 159 196 46 20 179 40 166 34 141 167 66 173 18 130 86 109 14 78 63 85 173 51 69 186 64 196 11 61 24 71 93 113 102 49
164 184 186 7 43 137 14 49 92 148 185 147 30 60 30 42 193 3 168 27 27 111 34 68 143 156 196 51 123 36 174 121 83 80 16 17 175 116 54 122 166 134 80 25 3 99 116 133 104 75 187 195 25 75 105 24 179 194 20 121
27 73 25 140 167 51 118 4 110 56 62 186 148 188 192 101 149 185 12 192 12 157 123 47 158 119 185 148 13 81 116 44 86 134 146 154 140 19 111 126 44 104 89 98 42 42 57 33 183 48 61 15 176 12 181 115 189 79 115 78
98 116 190 95 133 70 32 120 25 124 67 124 37 151 165 151 113 15 72 146 89 141 37 122 117 198 164 37 99 131 156 37 178 70 142 5 80 34 4 90 30 146 123 191 56 7 104 170 42 45 31 27 62 172 153 81 77 70 77 62
158 142 178 14 73 90 162 173 55 47 90 89 55 33 196 30 54 151 87 111 61 87 6 64 135 191 75 127 123 107 32 99 194 60 184 194 198 79 191 47 115 24 99 107 133 172 5 72 28 125 148 40 58 140 75 134 180 195 44 49
173 86 9 156 107 81 101 144 106 63 130 27 146 108 133 52 17 99 137 108 85 156 68 40 172 70 31 109 17 75 171 100 122 56 192 112 28 59 123 68 19 19 67 179 156 81 34 81 83 50 100 100 47 34 1 160 52 39 110 50
101 120 170 158 63 150 120 68 67 156 55 7 5 144 183 92 158 115 140 37 129 135 113 190 153 157 33 19 119 138 195 153 183 46 4 15 11 191 89 141 53 153 31 174 31 5 198 26 149 10 42 103 40 102 37 113 132 172 94 120
96 135 14 120 135 44 108 125 143 17 116 187 184 179 22 187 49 27 72 165 99 75 26 173 124 104 69 60 16 196 158 105 166 169 54 165 166 162 156 31 148 17 37 32 77 67 75 20 3 145 179 129 20 86 160 98 85 167 47 175
141 168 159 200 51 173 139 53 109 133 51 177 111 192 141 54 105 46 73 90 189 81 12 69 173 123 144 30 76 92 192 166 162 37 89 180 178 197 159 15 94 10 113 124 181 3 150 89 7 98 10 114 151 33 109 154 28 24 147 144
142 44 59 19 76 193 1 131 99 63 72 28 113 139 31 190 149 28 33 45 86 199 68 66 91 1 21 49 154 43 95 189 123 110 50 197 199 171 107 144 48 186 91 163 99 79 52 104 182 163 94 146 144 172 111 56 158 82 191 41
111 139 18 188 3 104 83 126 16 12 75 62 77 22 82 113 78 85 135 98 182 89 43 24 99 126 56 191 95 105 143 96 191 197 69 74 5 115 149 84 112 69 87 194 193 40 31 16 46 199 162 61 136 53 174 29 77 183 132 76
181 131 108 18 29 2 89 27 94 71 159 106 130 100 152 39 80 77 49 90 194 171 181 148 18 52 21 182 102 41 173 34 52 97 185 56 34 21 35 7 99 165 92 162 74 98 83 116 146 98 182 12 99 84 140 137 83 187 177 3
183 145 73 83 18 10 195 5 108 188 81 96 73 139 131 23 48 170 103 67 147 193 127 24 92 29 20 26 159 158 134 139 55 76 117 18 56 58 111 24 62 198 16 144 94 25 75 75 107 175 63 92 23 62 35 148 85 31 187 53
51 76 24 42 54 120 9 79 174 146 62 32 115 26 106 151 82 59 86 168 120 136 187 152 105 42 61 51 39 77 200 168 157 158 56 85 153 53 146 159 11 144 110 175 123 1 50 197 72 7 35 200 157 126 132 50 149 155 176 62
149 66 20 90 162 147 94 57 109 34 156 54 16 164 14 91 187 10 22 99 39 6 32 147 44 156 169 56 140 19 104 63 97 194 134 175 35 37 16 42 100 199 87 154 171 15 40 154 6 187 189 82 102 42 153 71 173 142 106 173
185 54 45 73 47 65 7 39 170 69 105 27 138 65 112 47 143 84 150 88 47 177 154 125 68 75 183 89 136 134 196 57 162 112 102 191 164 160 131 151 46 165 181 114 152 132 21 86 159 60 132 83 29 97 189 197 81 69 81 38
17 63 188 181 74 157 41 127 91 108 175 81 127 110 192 115 85 157 177 151 197 142 146 145 27 40 87 39 166 131 190 166 23 79 178 166 114 180 102 77 38 173 134 4 27 92 190 58 124 166 127 34 147 8 137 93 123 196 65 59
59 77 135 126 49 88 94 164 110 64 182 6 43 88 96 149 183 153 41 10 138 164 56 26 109 43 132 123 55 159 20 109 29 88 130 196 155 65 53 78 113 51 40 31 167 45 24 173 137 98 194 128 69 122 102 124 137 7 101 155
5 14 154 169 129 175 61 92 171 167 46 118 119 152 95 95 23 79 181 12 154 169 38 149 89 63 163 187 188 156 28 166 84 126 160 19 142 136 188 86 32 53 195 109 174 104 47 16 200 52 136 127 3 176 166 22 118 155 43 141
184 152 82 93 46 150 80 131 197 110 143 16 18 157 62 173 172 112 42 59 50 165 153 32 32 176 29 30 162 106 167 114 39 57 92 173 143 23 59 129 62 89 105 60 7 142 74 188 60 200 157 102 33 151 96 72 71 128 48 147
158 155 31 30 43 129 137 157 78 58 192 30 37 16 24 58 100 94 72 96 47 117 183 67 134 107 22 176 84 31 157 178 166 185 7 143 153 159 20 175 184 144 42 181 82 90 60 146 149 111 196 153 81 181 162 10 142 199 52 192
191 197 21 17 92 158 38 140 113 12 172 33 125 162 172 137 16 4 30 36 117 195 72 62 30 84 40 146 181 12 37 185 139 20 185 69 195 137 62 103 147 49 67 161 31 109 152 165 157 30 36 194 25 144 70 141 41 119 130 18
184 95 21 127 146 40 86 91 165 157 156 197 45 97 56 93 137 62 169 139 144 113 108 180 74 70 163 57 136 198 115 30 111 36 143 27 66 119 147 174 109 19 15 53 85 176 45 47 166 89 200 142 161 67 187 72 177 27 3 87
187 98 142 103 34 164 151 160 9 94 151 103 137 68 171 120 17 173 63 178 168 162 158 21 88 192 60 100 105 161 98 91 26 140 152 127 14 31 99 170 100 179 156 23 106 18 22 44 111 194 39 182 84 199 177 150 119 50 170 173
