80 	
14	58
1	2	3	4	3	
1	2	7	551	3	
1	2	8	67	9	
0	4	4	566	6	
0	1	5	215	8	
1	6	5	739	5	
0	2	9	366	4	
1	2	8	5	1	
0	3	6	18	7	
1	4	3	567	4	
0	5	1	577	4	
0	7	8	245	2	
0	8	9	689	2	
0	7	1	250	5	
0	2	7	651	9	
1	1	6	329	5	
1	7	3	475	2	
0	4	7	447	6	
0	5	2	38	2	
1	7	5	548	6	
1	9	7	555	4	
1	9	6	168	4	
0	5	6	690	9	
1	1	8	505	4	
0	7	2	407	5	
0	3	4	760	5	
0	9	7	226	9	
0	7	2	640	6	
1	2	4	113	7	
0	8	4	206	5	
0	2	7	352	5	
1	7	8	637	6	
1	4	1	457	4	
1	9	9	318	4	
0	6	9	18	2	
0	4	8	451	8	
1	5	5	90	5	
1	2	3	495	2	
1	1	3	380	7	
0	5	1	412	3	
1	4	8	180	8	
1	6	7	385	6	
1	2	2	680	7	
1	8	1	363	6	
1	7	8	437	7	
0	4	5	637	1	
0	5	5	588	1	
0	6	3	146	8	
1	3	2	743	3	
0	1	6	564	6	
0	2	2	147	4	
0	3	6	529	6	
0	8	9	138	2	
1	1	1	636	1	
0	2	6	771	1	
1	9	5	183	7	
1	8	8	466	3	
1	1	6	121	3	
1	6	7	741	8	
0	7	8	691	5	
1	4	6	762	5	
0	5	2	766	4	
1	9	4	61	6	
1	2	4	177	7	
0	6	5	222	3	
1	5	3	610	7	
0	6	3	667	3	
0	8	1	398	8	
1	5	8	491	7	
0	2	2	138	5	
0	4	2	715	6	
1	7	4	514	2	
1	5	8	53	6	
0	5	7	471	7	
0	5	6	581	6	
1	7	9	497	1	
0	2	9	453	2	
0	9	4	389	6	
1	8	3	728	4	
0	3	6	4	7	
44 132 95 113 87 99 97 137 134 112 139 71 76 3 50 135 192 21 159 102 71 89 177 88 190 12 61 132 171 11 32 13 164 60 130 131 94 83 116 160 155 21 118 78 106 149 184 115 66 176 19 118 7 84 20 179 192 9 64 49 144 192 138 29 78 110 67 167 24 135 198 2 195 99 41 44 86 74 63 99
140 190 125 90 129 191 126 35 142 138 143 104 168 60 169 164 154 164 110 145 57 111 61 182 1 60 1 197 56 127 45 169 92 196 41 198 95 105 22 82 195 37 38 24 111 13 113 105 187 157 18 194 105 26 88 36 16 104 2 120 60 191 56 97 143 42 154 112 113 93 163 42 191 123 22 80 76 14 186 109
75 123 155 158 194 168 129 18 94 193 147 160 158 98 98 24 125 174 114 160 119 122 90 121 182 145 52 114 133 83 176 2 42 75 20 11 189 166 138 111 102 119 50 12 175 129 130 50 129 183 148 118 47 135 8 21 129 118 124 64 200 96 5 62 150 149 196 43 1 129 166 20 184 91 121 53 116 29 49 157
110 12 94 56 97 135 31 145 141 136 108 199 20 195 112 166 32 173 6 69 198 150 75 156 104 181 139 158 194 46 25 149 114 29 119 149 99 43 96 132 13 125 93 53 195 65 87 113 51 105 107 121 35 89 166 65 66 78 24 31 123 67 47 164 138 177 153 126 31 68 172 42 187 110 61 9 183 58 81 169
54 8 36 46 191 80 87 156 143 110 33 117 87 160 55 121 122 181 56 161 31 126 55 123 94 61 79 137 54 195 176 108 102 176 41 92 22 143 45 93 101 116 82 20 9 39 152 27 190 141 54 113 179 45 28 42 114 130 199 5 156 44 77 21 55 24 111 177 63 9 93 97 69 24 111 171 99 123 46 57
118 191 95 173 147 149 124 63 52 47 191 120 49 83 2 57 200 193 4 44 26 114 109 114 66 57 150 50 84 4 31 180 14 101 195 38 176 137 123 64 177 64 120 158 183 181 179 33 187 71 194 139 74 18 75 195 91 72 107 90 171 122 197 137 131 162 105 88 128 150 195 28 19 200 93 61 136 55 47 198
101 164 38 150 1 195 148 76 120 69 18 55 60 102 74 149 42 183 173 88 165 24 133 21 165 72 104 47 51 59 175 16 90 8 74 191 144 121 35 32 2 180 136 11 46 79 55 90 66 179 192 92 53 79 116 131 38 47 50 126 109 200 14 191 196 44 171 163 55 19 47 57 89 64 56 87 182 14 72 101
74 119 33 168 19 138 95 178 170 177 69 130 1 34 38 73 26 130 9 60 10 25 87 198 138 54 52 156 141 38 190 166 53 50 47 17 79 175 97 17 89 56 20 44 103 13 145 89 57 134 199 7 152 179 120 199 186 68 21 156 136 178 140 65 154 41 47 158 24 165 75 6 130 66 22 15 134 79 26 93
104 36 114 200 42 95 192 155 171 86 128 179 171 183 2 57 101 149 173 180 32 153 110 103 123 61 171 198 157 155 132 70 187 25 128 6 31 104 124 93 172 126 57 183 186 89 84 112 160 190 194 140 79 113 70 158 130 80 133 92 168 3 144 152 198 62 110 63 116 32 147 23 50 145 163 176 113 125 113 18
44 38 179 115 28 165 191 143 133 145 46 174 126 104 93 186 12 8 92 73 80 15 59 127 110 68 168 24 117 135 152 152 48 35 179 198 157 59 11 86 27 74 100 104 171 117 19 108 126 107 117 190 184 138 76 150 172 97 45 148 49 175 161 31 43 171 140 97 95 55 164 69 112 179 87 20 113 145 153 49
185 87 12 161 60 182 73 27 166 174 114 24 102 26 145 24 24 69 157 72 17 21 13 155 53 127 160 130 126 73 196 60 21 103 67 112 126 168 184 61 14 172 7 46 66 125 66 104 10 183 135 52 57 91 27 132 177 5 142 181 15 7 199 18 20 13 144 152 23 131 49 116 89 88 41 20 158 133 82 80
151 69 68 139 34 71 5 1 97 72 136 150 91 165 178 194 190 194 159 96 20 6 190 181 9 186 117 161 18 88 109 197 36 30 160 101 76 133 164 88 153 54 69 189 5 142 193 61 86 9 49 74 194 157 161 71 150 98 60 21 187 16 66 61 192 151 188 62 20 44 63 168 156 194 186 13 4 39 36 114
86 129 10 184 116 69 24 117 72 86 10 139 184 98 190 83 19 123 32 100 35 175 103 192 56 18 126 29 164 52 121 19 178 19 30 7 129 18 171 105 162 181 196 197 45 3 159 80 152 161 19 21 16 38 198 90 93 70 194 198 173 160 20 109 160 161 76 192 137 16 112 42 79 126 138 106 184 135 156 129
67 134 112 12 41 183 180 191 29 53 158 28 93 27 37 9 189 3 92 185 125 178 47 32 165 163 188 158 50 43 94 193 6 129 14 67 89 129 126 7 189 1 118 11 46 46 187 34 18 177 110 40 152 143 187 160 126 9 91 21 4 2 63 154 95 158 31 29 40 104 151 96 83 53 39 113 39 188 117 5
152 177 129 6 41 1 119 144 80 49 101 25 82 5 27 127 43 143 127 3 42 161 55 144 194 109 25 71 79 173 87 61 43 38 26 1 25 46 63 156 149 69 27 63 123 156 63 62 33 129 199 175 90 3 147 81 115 162 156 157 33 85 69 5 104 68 100 196 83 109 139 52 137 55 143 159 107 131 64 105
52 102 171 61 177 60 82 126 58 178 104 129 198 52 99 136 2 102 164 33 26 64 42 16 42 61 2 43 73 169 132 135 128 65 125 8 197 95 36 40 77 180 182 186 64 198 142 138 160 106 6 17 109 64 102 184 153 7 111 87 183 194 136 36 192 186 94 146 134 98 89 172 129 146 196 19 174 61 107 33
126 146 163 163 92 155 189 153 137 131 186 44 62 148 61 68 54 126 98 179 92 21 175 106 143 146 136 18 24 58 165 138 61 134 189 103 181 86 20 136 108 187 173 56 143 102 59 71 116 10 179 37 128 129 79 10 30 141 175 192 20 16 151 10 180 85 192 6 107 71 200 127 28 163 173 18 110 148 89 199
18 124 20 65 124 107 87 187 45 134 129 116 21 16 17 66 196 110 62 60 63 35 120 115 199 65 99 72 66 178 139 181 101 70 100 57 73 61 18 66 128 130 54 189 73 15 148 56 159 50 49 166 69 195 171 3 177 69 171 84 23 85 21 58 47 122 110 58 126 59 83 157 177 117 194 156 152 38 61 150
17 117 74 180 163 51 139 91 108 81 87 136 163 89 164 124 32 87 120 138 173 183 123 47 50 2 99 57 150 189 139 178 127 174 57 109 21 126 25 183 159 9 76 77 148 6 70 24 141 168 69 105 87 185 13 54 116 108 121 91 93 178 188 35 42 41 41 147 95 98 138 113 96 44 78 198 183 126 133 64
68 63 52 128 86 26 69 28 8 4 114 132 178 199 159 49 55 57 142 95 97 15 143 100 91 149 190 129 185 88 142 30 136 71 51 121 136 182 133 30 133 62 171 51 37 53 57 22 178 172 150 17 117 157 174 158 137 81 141 1 8 139 96 104 141 77 38 45 55 195 140 12 72 140 112 7 152 198 193 186
77 52 30 138 26 126 57 29 90 67 68 161 189 41 95 19 29 85 86 161 172 193 8 45 69 159 109 2 9 30 178 161 169 89 177 4 169 185 152 131 32 118 70 76 57 115 79 95 100 171 154 20 150 104 185 91 179 188 133 40 108 96 79 47 197 77 36 116 120 67 104 69 183 32 114 64 199 34 22 110
17 134 30 161 100 121 181 108 96 39 128 168 174 44 175 168 108 5 86 120 97 108 184 92 165 169 104 195 99 13 168 126 156 28 5 47 67 138 13 74 72 52 156 6 84 198 173 69 91 120 198 118 172 183 114 32 16 52 92 35 153 157 40 106 56 128 45 22 65 108 174 11 40 195 42 73 128 61 9 178
135 149 130 142 62 168 72 33 161 15 104 184 59 11 155 18 114 87 106 193 109 69 30 142 109 37 20 55 157 117 38 12 106 22 76 70 65 58 51 51 170 116 172 83 137 171 99 30 57 136 199 28 103 191 71 189 144 84 15 173 99 29 182 56 43 110 150 78 192 84 71 51 196 54 88 59 8 6 9 35
106 174 142 17 64 58 163 141 179 101 61 99 32 154 8 172 180 15 133 197 114 149 52 101 29 114 104 168 154 66 133 194 52 125 177 149 39 89 181 3 89 6 12 95 182 128 177 3 57 194 34 52 111 94 31 75 44 12 169 165 51 168 155 32 188 173 117 167 1 151 76 116 37 51 92 63 91 49 187 161
159 103 54 28 23 73 96 195 157 157 145 55 13 95 34 8 179 16 87 133 167 115 81 113 105 165 70 149 17 86 84 85 151 150 122 91 77 64 149 178 126 75 191 198 122 69 195 177 158 132 78 161 163 145 168 184 187 59 107 20 153 64 90 180 40 7 72 50 24 81 200 156 61 87 1 160 46 26 133 118
154 191 188 33 65 134 183 78 59 124 119 155 168 160 54 16 111 120 110 107 166 172 110 152 181 197 184 176 169 108 176 183 4 158 187 142 126 92 112 180 71 136 147 129 95 20 85 57 15 83 163 27 181 133 187 113 155 9 75 103 199 6 87 1 47 145 137 138 150 115 51 35 44 183 20 35 68 36 191 62
91 118 179 114 97 66 83 194 41 26 63 176 115 98 124 9 87 165 90 42 130 141 78 22 46 132 85 86 151 104 166 46 26 156 55 25 27 3 158 122 40 23 189 39 118 38 37 181 155 42 154 72 125 173 178 49 133 33 20 156 194 44 11 195 73 44 38 131 76 154 146 156 155 155 155 51 28 173 58 180
43 153 64 148 151 47 91 45 59 34 59 27 23 19 88 60 73 165 74 123 100 165 43 125 10 133 121 103 10 73 108 72 106 6 90 79 21 11 62 160 85 19 118 153 92 81 195 152 5 33 139 66 86 188 127 94 1 134 145 185 80 18 1 57 99 101 143 75 188 176 100 66 44 165 176 42 148 110 79 175
184 160 80 160 103 178 58 101 58 160 76 125 188 26 36 138 176 42 96 135 188 30 23 191 159 119 74 169 143 177 146 179 152 144 106 120 130 15 154 185 17 169 30 17 190 107 50 159 19 15 177 108 47 146 177 30 200 168 45 82 130 173 112 49 166 153 5 59 13 4 140 146 74 35 40 85 66 77 137 163
29 25 168 6 53 96 30 46 153 154 123 158 51 189 148 133 200 108 156 67 28 95 163 126 128 148 124 98 147 194 140 47 154 51 180 182 146 95 116 62 143 125 7 159 75 119 77 121 154 104 2 58 135 192 148 94 3 97 72 164 168 96 193 142 27 105 63 66 123 112 43 9 132 172 135 156 150 47 52 191
78 182 18 75 92 169 22 88 109 65 69 93 14 59 147 92 125 120 112 11 148 141 63 117 175 116 16 71 97 152 172 170 14 187 150 20 88 97 89 53 64 175 190 129 158 108 121 35 42 149 151 44 61 5 141 3 133 192 48 190 170 116 167 158 2 91 108 92 43 90 7 192 190 146 61 44 134 31 80 95
20 104 86 49 103 32 124 89 163 63 191 103 126 11 93 103 19 75 187 109 18 117 95 101 159 69 101 115 11 92 95 164 167 158 23 127 104 6 168 74 166 46 7 5 199 181 179 100 199 105 117 118 35 7 54 78 154 2 51 7 49 173 29 129 116 189 135 7 95 199 40 50 192 20 200 158 107 180 121 79
189 196 46 9 156 35 46 28 107 103 102 63 77 62 173 119 46 76 26 152 54 118 80 105 114 24 77 35 10 191 165 2 90 113 96 185 197 179 183 150 97 164 50 65 67 134 73 11 9 182 161 136 54 136 88 164 65 151 48 48 144 194 81 178 103 188 9 130 167 150 50 121 198 117 53 164 42 185 133 193
63 149 114 100 21 64 169 123 12 103 174 97 69 12 129 96 63 60 119 140 131 76 174 44 91 138 79 187 104 62 40 31 128 110 161 175 72 159 41 58 105 25 25 105 56 98 75 78 130 97 185 157 9 190 159 1 46 63 117 48 191 117 174 27 2 189 15 198 143 9 89 48 172 30 74 44 81 39 187 7
141 22 59 76 55 86 140 126 113 159 101 17 55 157 186 82 74 73 112 158 66 69 178 126 120 41 131 84 140 49 122 110 181 184 110 163 139 133 1 183 111 30 130 79 32 142 108 126 158 86 78 74 135 10 92 106 170 146 30 16 133 139 78 31 74 107 175 86 77 144 141 23 181 110 191 77 194 191 183 63
167 157 52 155 127 167 170 158 142 51 169 4 83 5 29 113 91 17 27 77 9 141 90 156 38 72 20 197 164 16 123 78 147 194 87 187 90 189 25 15 192 156 156 126 191 113 143 43 109 170 89 67 101 108 150 157 128 104 196 50 114 181 120 99 164 129 45 155 96 158 41 175 151 41 104 156 198 186 6 19
112 20 105 20 172 128 159 163 170 122 13 90 41 167 151 124 151 82 124 58 40 153 67 48 172 143 80 27 145 3 160 100 169 128 34 92 27 51 13 183 146 105 139 98 73 48 199 115 157 188 45 30 21 182 114 173 106 29 144 162 54 71 18 51 55 173 185 195 87 3 23 146 161 84 94 72 183 186 21 59
91 69 166 82 171 109 15 189 34 4 81 154 146 166 48 138 17 25 84 162 187 192 166 76 135 108 186 99 47 189 77 106 193 48 24 155 194 69 165 21 167 57 166 68 90 182 54 151 44 5 93 50 182 74 29 96 45 73 194 31 72 101 121 153 195 93 141 71 188 124 92 138 197 113 47 86 190 18 176 195
137 132 193 87 156 82 29 89 78 4 55 3 31 116 18 27 82 80 154 106 115 67 55 43 59 21 135 184 162 43 70 51 18 151 20 174 76 167 148 72 139 131 115 181 51 72 40 149 153 38 156 188 189 193 103 19 198 44 60 16 62 168 178 134 198 143 154 182 4 98 172 137 8 177 164 74 194 147 88 144
95 128 25 176 125 72 3 156 185 150 145 81 97 8 146 120 158 189 72 32 197 97 9 128 164 23 27 4 64 181 187 75 44 145 169 30 160 63 122 112 40 5 111 26 26 45 35 122 168 23 119 15 186 115 120 10 87 151 26 191 50 73 9 23 197 64 38 46 72 189 120 3 118 128 48 79 190 33 55 1
128 199 85 159 112 48 172 109 73 70 40 1 137 69 73 112 37 200 48 150 196 81 163 126 109 117 14 62 171 107 195 91 74 108 190 139 39 146 179 106 169 9 135 74 102 97 128 11 140 24 95 86 159 63 86 13 194 54 40 85 53 9 166 83 189 8 122 87 23 143 55 1 82 72 149 94 181 153 37 129
166 136 112 171 114 80 122 176 50 80 38 107 40 152 56 93 194 113 197 145 187 198 133 47 14 162 115 74 200 178 16 40 56 101 192 185 125 92 15 92 51 148 128 19 70 115 10 86 18 54 28 20 142 4 137 87 96 84 94 148 5 43 43 93 86 6 6 97 163 71 63 162 51 82 155 155 118 4 151 198
157 180 99 84 178 161 59 143 74 127 179 159 145 113 72 170 68 103 196 111 153 169 166 85 51 88 86 109 76 172 184 14 14 14 12 33 161 95 33 22 149 126 169 15 159 40 161 135 124 132 29 19 97 150 16 85 88 80 18 113 63 177 120 144 41 43 139 35 45 93 90 175 41 93 199 4 162 125 6 109
19 164 160 171 100 160 39 98 27 76 13 58 40 142 52 143 182 125 111 187 137 129 37 101 33 109 125 144 197 128 196 140 115 22 135 6 114 5 116 146 166 18 55 196 156 93 123 138 114 131 76 7 12 7 39 123 28 197 178 106 165 150 99 134 50 71 135 10 173 5 6 58 36 102 38 13 88 124 181 53
166 93 96 42 90 94 88 86 180 40 130 22 57 99 61 42 167 98 184 64 57 83 167 40 94 71 118 27 23 192 56 63 140 24 17 120 49 42 158 135 11 128 180 4 77 75 120 97 141 35 190 199 89 5 161 90 157 55 28 145 133 45 104 37 60 61 97 120 37 172 138 158 74 101 156 192 45 34 95 172
13 60 75 174 146 145 132 32 94 175 133 111 43 142 176 166 110 50 146 132 46 146 70 57 24 4 21 27 60 50 128 189 182 166 117 152 89 112 158 182 185 147 134 129 136 22 186 123 169 30 6 51 98 184 16 58 45 18 115 193 171 66 128 80 174 121 120 140 73 44 196 79 12 187 138 13 187 151 177 104
200 144 173 14 8 156 152 91 179 170 129 200 38 52 162 96 173 150 45 38 94 101 126 165 96 79 90 37 74 95 70 143 42 3 149 129 153 60 56 140 51 3 114 69 153 197 114 20 143 41 64 36 186 45 12 187 119 85 105 187 1 122 136 65 187 61 100 119 200 15 2 185 186 101 72 172 109 41 137 96
127 180 181 117 143 156 79 66 129 9 152 151 147 143 94 71 31 112 42 98 69 84 66 108 4 16 23 88 179 78 195 107 1 141 88 6 144 190 148 159 156 169 50 139 107 42 24 107 83 139 91 133 79 17 190 181 120 100 81 156 192 198 141 183 54 63 141 182 55 52 150 43 3 109 165 66 192 44 147 96
56 13 62 102 47 159 161 9 82 199 21 98 64 91 156 147 67 172 151 176 2 189 146 28 136 98 155 51 27 77 33 129 81 87 31 187 148 100 199 60 100 8 115 68 189 46 86 97 119 126 187 138 191 185 62 12 155 88 57 148 98 84 191 183 27 189 43 142 6 170 44 82 191 16 148 118 186 147 76 80
161 194 126 185 29 195 67 109 149 114 89 43 61 182 173 137 22 35 143 56 35 199 43 148 137 129 140 56 135 126 128 134 43 75 111 185 54 83 145 58 100 79 100 73 109 158 172 30 154 194 152 44 107 52 164 184 48 33 168 196 73 155 6 95 144 48 162 196 55 149 62 191 82 84 136 57 34 87 66 156
23 17 56 94 184 125 58 161 5 119 92 147 184 178 187 134 103 176 143 91 76 16 86 185 48 18 141 61 88 152 59 187 180 5 131 129 8 6 86 90 138 96 34 183 161 47 51 21 126 113 73 14 84 39 184 32 84 183 11 128 72 167 165 34 69 149 149 114 102 179 12 129 130 108 105 165 6 18 90 78
25 161 162 113 87 57 60 194 98 181 83 135 77 103 6 136 188 168 11 76 84 8 13 33 190 165 25 82 24 179 119 121 147 64 74 125 92 66 122 141 45 133 62 199 119 140 107 159 67 196 27 95 125 82 152 73 44 79 189 159 121 76 76 178 163 70 140 94 51 129 32 126 149 21 200 195 10 37 26 87
184 148 63 79 169 103 173 30 23 177 88 86 32 18 83 127 11 44 48 47 140 89 106 35 185 80 28 56 52 47 127 100 158 85 67 182 150 199 7 174 22 137 162 49 62 156 71 200 115 56 182 1 127 91 129 172 87 185 24 157 177 76 81 107 200 38 33 94 15 54 116 103 160 101 59 14 191 144 48 184
71 195 109 182 183 139 114 67 78 76 179 113 151 61 60 142 33 118 130 139 175 65 142 189 191 180 98 91 174 183 52 142 199 47 109 124 53 195 126 187 28 187 166 65 24 83 100 158 154 111 91 113 160 7 137 165 92 18 189 70 104 164 96 154 11 86 34 52 8 188 91 35 91 97 135 171 10 55 197 50
36 36 163 177 172 162 122 196 37 193 193 104 16 52 12 140 42 62 106 165 187 51 9 9 34 53 56 101 179 161 172 188 166 195 119 21 198 43 134 90 88 102 184 93 174 172 33 152 5 29 46 19 159 46 109 106 170 83 61 40 137 84 44 143 91 132 100 151 28 36 130 127 195 123 112 54 135 150 107 60
112 191 64 161 184 195 153 55 176 199 68 48 119 115 47 139 177 108 18 120 74 112 144 18 50 91 103 33 128 29 45 175 136 42 43 172 162 45 163 77 132 197 143 28 198 67 9 104 74 154 6 130 105 13 111 153 155 109 139 92 101 107 53 150 190 89 14 165 88 9 128 20 89 3 127 105 75 38 193 116
194 64 77 35 164 11 2 110 163 136 16 168 199 171 74 86 119 133 24 191 164 59 172 160 30 92 86 115 136 159 164 95 41 137 161 50 34 107 56 22 123 109 144 195 126 171 162 91 156 151 4 97 54 127 60 75 60 21 87 20 196 87 158 54 159 70 66 169 127 45 76 91 15 192 107 95 23 135 166 131
149 38 162 26 23 14 157 50 94 38 152 27 94 12 101 44 40 32 31 37 8 188 195 125 175 86 143 49 162 63 181 170 107 171 43 70 141 52 173 200 68 9 42 171 23 120 190 141 91 31 125 86 39 136 130 119 116 113 142 133 74 104 54 106 158 133 23 99 188 100 79 45 15 101 161 103 118 17 113 8
151 38 92 190 70 4 62 60 188 181 49 110 52 30 30 11 200 199 155 150 50 147 134 71 169 66 49 2 161 2 53 52 3 49 75 139 25 46 46 109 17 110 59 103 200 181 2 34 92 9 90 171 48 48 39 168 150 184 168 98 111 144 100 59 64 21 192 31 42 162 157 197 78 46 192 10 6 173 99 146
162 92 105 144 17 2 178 97 114 195 94 157 38 11 51 1 5 23 59 67 31 94 103 43 82 184 74 54 8 136 131 63 97 46 2 61 18 128 188 90 135 141 13 6 180 88 95 94 106 50 157 111 184 80 10 125 35 64 142 121 197 32 199 81 78 132 187 153 88 109 98 81 122 42 176 71 183 167 78 141
177 50 187 178 106 6 192 47 97 12 82 8 108 57 15 71 112 68 48 21 31 156 154 34 103 108 187 101 72 146 131 115 149 135 90 37 79 43 187 1 113 42 92 51 170 12 21 4 55 46 152 171 122 198 132 197 164 72 24 87 180 159 62 116 92 38 197 64 59 123 163 89 32 153 37 169 106 114 28 96
93 73 51 94 123 139 148 148 16 85 49 194 191 22 120 99 189 186 165 47 150 63 16 85 95 172 86 99 87 162 5 178 38 17 131 87 160 113 59 55 143 11 196 142 106 83 153 154 140 94 80 78 108 124 23 188 138 76 197 172 61 25 109 154 87 56 128 175 30 102 62 2 28 69 89 56 130 73 116 9
54 18 105 89 157 171 171 139 195 4 183 142 11 111 135 1 70 146 184 36 121 27 173 71 176 96 155 129 8 166 57 183 175 39 200 74 179 43 91 101 157 85 121 175 111 34 106 155 185 157 93 33 22 35 16 137 129 34 77 89 101 200 26 143 91 141 183 44 99 15 194 176 123 113 44 194 24 15 57 41
28 41 91 155 91 142 13 93 47 29 29 127 80 180 111 86 111 63 143 36 174 109 159 103 69 195 162 161 137 145 42 5 105 109 46 4 171 143 144 4 12 136 142 31 177 166 10 184 110 99 61 110 185 148 16 151 187 91 43 69 157 61 109 114 197 126 15 145 72 93 82 180 53 200 39 147 45 72 111 85
93 73 135 158 78 35 108 148 57 69 131 22 16 21 1 139 127 120 53 54 80 60 41 21 26 64 195 81 160 140 93 131 179 74 39 151 148 137 59 57 159 91 129 196 126 199 198 75 126 146 122 143 41 42 141 53 64 105 184 44 107 139 89 77 140 39 101 7 95 90 96 79 15 20 32 144 74 161 200 195
95 98 154 19 84 3 68 93 6 174 94 99 67 192 31 156 37 30 155 146 126 159 183 46 53 135 3 148 104 169 135 188 34 22 59 72 100 94 184 122 26 199 19 68 45 168 59 71 137 71 143 44 76 75 143 133 193 185 178 32 117 56 87 126 135 172 97 48 154 154 155 22 164 66 129 190 178 187 77 66
128 97 23 129 159 65 125 33 165 90 71 75 32 83 49 110 173 28 41 18 49 72 136 191 81 125 149 92 35 74 87 79 51 124 92 190 83 138 141 54 197 59 177 116 168 130 14 3 140 52 108 110 80 56 15 68 142 145 167 161 163 133 124 65 27 168 109 49 57 140 124 168 36 74 14 63 106 79 104 155
105 14 130 62 88 190 75 80 187 18 58 163 48 20 153 5 37 111 49 103 151 176 59 52 64 59 37 146 80 194 145 145 1 94 190 32 197 39 47 46 113 44 123 185 60 98 193 49 96 141 77 152 163 92 29 73 173 78 54 50 84 105 21 92 101 118 59 112 55 196 78 114 186 44 43 105 168 150 53 35
43 128 126 42 118 91 65 197 144 174 79 180 77 190 176 144 122 1 187 151 162 44 55 5 42 121 117 62 198 96 117 55 200 182 57 135 87 54 62 173 166 96 198 111 27 167 94 73 121 77 26 96 175 167 96 117 178 180 174 175 165 184 90 163 149 54 92 20 29 66 48 117 29 181 70 32 91 146 144 21
109 16 158 182 169 116 198 200 177 99 95 106 60 64 187 177 144 27 56 111 72 136 36 142 3 117 132 80 46 161 70 191 33 142 121 43 183 41 12 31 134 7 196 51 27 120 3 105 66 26 100 174 49 32 60 102 169 127 84 83 34 184 66 186 143 175 175 66 154 183 127 52 63 90 50 113 167 21 15 98
19 13 186 111 93 169 164 26 115 20 13 136 42 85 34 71 107 191 161 12 131 124 89 169 153 137 103 168 36 76 130 150 172 121 149 154 8 8 69 172 172 140 179 157 57 128 127 57 79 95 174 75 41 57 196 179 72 36 22 114 91 151 185 88 128 3 76 124 53 191 94 35 33 69 191 72 134 48 131 153
63 136 102 141 139 190 181 121 125 160 76 50 140 158 187 147 36 186 96 30 101 164 90 7 191 197 1 36 105 26 184 44 43 58 79 99 14 116 153 90 154 53 76 74 43 158 79 55 11 55 173 40 99 66 83 47 68 151 120 42 61 113 77 25 97 79 164 67 174 113 184 153 157 83 198 64 81 120 135 27
9 123 118 1 90 76 61 142 82 144 126 181 64 132 4 142 82 28 170 86 113 10 48 10 122 113 20 97 189 179 46 62 42 42 99 82 110 119 20 19 65 79 154 165 176 136 162 154 58 198 40 175 169 168 98 117 69 198 34 112 166 197 191 138 95 117 62 172 4 28 91 112 7 16 164 44 178 101 174 99
191 155 148 178 198 53 29 15 70 81 39 170 177 165 140 173 122 48 176 57 9 113 165 120 20 102 48 76 200 71 32 166 65 156 107 2 142 69 91 122 194 123 195 73 86 189 145 77 160 136 68 150 29 191 60 191 199 137 121 69 182 7 129 22 144 101 148 180 191 72 177 141 1 63 102 102 169 75 2 91
40 181 79 115 42 117 109 28 8 101 129 173 46 69 141 66 50 108 200 52 52 187 156 103 72 78 151 33 125 47 98 21 145 200 166 89 41 159 38 148 10 199 34 98 93 182 31 16 111 54 37 99 57 97 138 33 190 14 135 15 137 24 10 55 26 119 48 192 90 132 36 51 94 73 11 184 16 90 29 78
193 104 82 38 130 149 153 56 175 164 33 168 162 71 172 137 141 6 103 60 60 43 109 42 19 190 133 52 26 92 104 155 136 104 109 64 10 145 38 111 37 134 114 65 39 42 101 125 108 33 153 163 42 91 80 5 67 59 176 135 158 114 169 11 8 10 166 39 114 165 38 164 83 163 138 16 146 81 5 109
14 87 191 125 8 85 163 13 73 6 152 4 158 80 158 181 162 126 136 124 98 145 130 104 146 62 21 189 20 28 183 46 153 63 43 51 56 52 35 143 102 38 99 126 52 199 116 84 93 23 140 161 25 64 52 179 75 90 190 179 82 183 189 41 84 197 104 66 121 114 134 95 18 93 85 2 69 35 3 92
67 39 78 88 45 186 18 16 111 159 50 30 70 128 38 34 79 6 115 101 181 80 165 115 84 103 72 111 3 59 111 1 175 199 31 1 96 87 162 144 195 75 7 88 67 180 85 148 162 152 146 30 135 177 145 130 91 106 49 181 44 133 41 100 40 84 155 113 91 122 78 2 32 19 42 37 143 77 149 37
127 156 101 168 91 80 40 40 141 159 169 44 108 137 21 112 89 140 28 150 44 5 52 72 105 42 50 42 26 10 125 68 119 19 25 84 137 4 186 194 135 131 141 174 183 107 126 3 102 145 64 148 7 151 160 108 179 72 111 73 183 41 107 33 158 125 15 98 101 42 186 143 158 117 141 186 97 129 172 49
118 181 32 33 78 152 166 23 48 30 100 144 59 145 110 141 101 134 50 95 132 74 31 135 199 64 162 90 100 68 176 8 10 196 101 197 102 46 187 190 156 21 9 132 197 167 41 42 159 45 156 181 92 30 149 29 144 63 33 19 2 26 63 6 1 152 101 38 192 120 14 89 31 115 152 198 68 61 52 144
197 161 32 99 74 97 155 62 81 13 75 163 109 23 134 1 163 108 114 42 57 127 94 190 125 54 37 162 125 49 176 5 1 38 50 161 26 155 151 68 134 90 157 181 70 105 145 28 178 75 22 191 146 5 145 172 4 106 34 39 193 47 114 49 70 39 56 102 90 55 170 157 4 25 158 186 183 71 109 32
