60 	
4	36
0	6	8	111	8	
0	7	7	142	4	
1	6	5	135	7	
0	4	8	76	7	
0	4	2	94	7	
1	8	9	87	4	
1	5	5	42	6	
1	8	7	74	3	
1	7	4	81	3	
0	7	2	91	5	
0	5	9	140	7	
0	1	6	24	5	
0	2	4	75	7	
1	8	8	93	7	
1	2	5	150	8	
1	2	8	10	6	
1	8	9	37	6	
1	8	8	37	5	
1	2	4	128	2	
0	6	2	9	2	
0	9	9	77	4	
0	8	2	53	6	
0	3	2	82	5	
1	8	8	78	5	
0	9	2	15	3	
1	8	8	62	7	
0	8	7	106	8	
1	7	6	143	2	
1	2	7	84	4	
1	4	1	51	5	
1	5	6	29	9	
0	7	6	121	5	
1	6	1	9	6	
0	4	6	126	9	
1	5	4	65	6	
0	4	6	32	6	
0	3	5	65	5	
1	1	5	19	2	
1	7	8	74	9	
0	4	6	146	2	
1	5	1	157	2	
1	3	5	66	4	
0	2	4	51	2	
0	9	6	114	3	
0	5	7	11	8	
0	3	9	48	2	
1	5	8	0	8	
0	7	7	132	6	
1	2	8	13	2	
1	9	9	8	7	
1	3	5	34	2	
1	7	7	132	9	
0	8	1	60	6	
0	4	5	109	1	
0	6	9	123	2	
1	5	4	60	9	
0	3	1	12	3	
1	4	6	52	2	
1	9	3	3	6	
0	3	3	117	3	
58 92 12 164 81 181 137 126 73 189 126 169 12 191 5 108 67 93 113 192 50 168 196 108 61 191 127 75 156 133 6 159 9 89 97 20 172 10 177 115 128 131 134 119 49 27 60 18 88 151 136 36 144 132 165 59 109 186 181 43
188 16 108 102 113 38 60 63 169 110 122 12 136 114 35 91 141 37 89 126 111 188 82 43 175 95 143 4 77 31 158 67 191 143 126 180 69 90 4 183 34 175 14 12 193 172 81 20 180 94 107 136 139 128 167 53 100 35 131 11
100 50 169 194 10 29 167 42 140 63 155 143 124 146 154 156 67 101 62 29 178 40 57 107 173 161 1 57 148 18 83 200 69 26 184 135 61 106 12 113 61 199 157 15 56 54 107 71 13 190 79 152 20 81 119 33 26 152 107 165
6 105 97 85 192 69 90 9 16 76 35 73 25 44 138 60 198 104 56 64 5 83 84 111 197 53 156 128 82 11 9 105 163 60 16 198 125 35 145 145 66 79 102 186 122 139 47 27 128 33 80 98 114 13 16 84 24 192 106 100
86 120 26 134 179 122 6 7 69 92 42 129 44 46 30 70 121 23 70 152 34 24 147 50 4 190 39 185 79 143 44 128 30 18 18 179 142 169 145 170 171 94 146 161 72 165 199 193 18 59 186 184 85 51 146 11 12 99 4 115
130 17 37 118 141 128 16 91 14 42 170 47 194 68 172 181 92 181 124 60 150 42 100 178 90 144 102 186 187 142 69 99 105 18 55 110 167 26 132 63 24 28 68 24 39 42 1 45 62 185 57 116 185 24 12 54 90 126 55 199
33 32 23 155 61 13 69 10 58 196 139 33 76 151 151 126 185 22 177 71 191 124 11 92 41 50 31 141 76 79 161 11 59 135 97 91 159 75 137 24 72 174 137 43 92 195 194 170 169 144 143 78 6 110 188 64 40 196 75 73
12 72 170 28 116 50 179 126 83 37 98 31 76 24 91 28 24 112 26 58 74 182 60 40 50 29 21 66 49 198 95 113 117 125 193 66 73 167 47 110 36 64 192 186 145 129 148 103 18 186 12 139 118 78 140 181 7 166 89 46
80 67 112 138 13 103 116 83 18 118 181 6 68 166 77 53 40 113 178 26 185 24 180 184 45 174 116 25 91 123 114 52 96 175 171 121 53 198 190 22 33 37 140 2 16 172 139 112 45 33 21 85 17 100 9 156 193 185 10 86
125 132 83 174 1 25 152 185 132 26 23 138 158 14 162 159 75 5 63 70 61 171 190 25 29 12 76 111 143 34 44 49 143 102 7 73 190 117 65 19 63 169 162 145 126 45 197 97 16 6 101 15 111 34 125 184 187 47 137 187
114 116 111 153 101 132 45 129 64 115 144 33 1 116 20 125 25 85 101 150 44 108 48 193 166 72 1 128 198 124 12 86 45 193 152 173 118 55 192 127 2 94 92 111 76 53 15 69 186 69 196 190 82 140 189 169 118 130 158 76
162 152 107 68 2 40 174 191 96 97 51 187 112 143 82 15 122 88 13 17 128 87 162 121 173 80 99 111 182 107 173 74 60 41 48 165 11 48 173 19 129 173 63 16 46 67 109 177 27 117 13 63 49 3 11 23 101 119 61 28
24 73 113 179 129 26 144 45 4 194 50 155 62 110 50 95 22 76 73 185 113 92 117 192 72 190 65 144 10 185 52 162 33 44 122 69 72 67 68 184 178 74 37 197 156 124 107 146 65 137 69 34 142 182 44 41 25 181 186 100
46 57 30 199 84 199 148 128 9 158 117 132 172 5 26 102 65 34 77 30 139 111 50 97 98 47 110 48 17 8 51 58 73 136 53 86 136 21 23 12 184 102 94 40 133 133 25 28 34 57 33 87 176 139 74 132 23 109 162 49
118 87 32 116 7 19 7 183 157 16 157 6 175 69 182 41 142 89 36 51 123 39 66 134 47 148 20 92 29 126 26 182 125 102 47 134 32 86 43 65 24 92 136 7 48 137 53 33 78 110 190 100 25 20 47 139 99 115 103 3
101 15 45 155 11 160 79 177 123 97 58 51 102 37 157 38 92 52 24 131 198 65 148 39 184 68 168 179 44 178 82 140 148 156 17 154 17 124 193 95 10 128 9 113 98 124 136 139 189 42 118 87 72 86 181 32 17 183 58 17
87 115 69 91 16 96 184 175 168 119 108 93 55 42 74 43 176 72 22 69 197 5 166 146 112 98 105 51 8 22 89 17 61 42 93 174 149 80 189 51 67 171 80 129 160 35 181 130 40 124 123 149 162 104 183 78 145 103 95 74
187 2 4 156 64 118 183 84 21 136 49 16 104 58 87 39 197 9 157 2 31 102 188 136 64 159 4 187 6 148 140 66 37 149 155 16 129 103 168 57 36 22 189 134 134 9 53 151 141 157 13 125 107 116 172 182 66 49 121 166
182 64 197 153 15 137 45 131 186 91 42 172 75 31 102 77 31 98 159 1 23 162 115 90 30 93 124 40 189 169 191 66 142 131 123 6 37 118 147 129 131 145 59 101 30 13 162 128 81 58 172 163 17 114 89 53 190 91 70 44
32 122 29 182 95 21 26 147 42 171 6 51 183 46 121 5 105 30 87 121 50 30 196 3 30 22 120 106 5 82 188 136 197 109 2 20 117 60 165 194 182 176 140 49 186 89 51 38 59 166 60 151 40 182 29 98 69 97 74 35
55 180 134 45 27 75 39 52 23 112 71 170 173 140 148 42 164 108 78 52 153 58 21 69 15 102 99 26 193 130 169 125 185 167 46 28 115 38 191 143 17 86 48 197 27 195 91 50 15 178 164 165 147 175 10 121 52 159 161 132
199 54 32 6 107 108 25 32 29 184 171 7 122 180 102 52 30 32 118 129 82 159 55 122 113 109 103 128 183 99 93 134 39 32 192 121 18 11 155 165 69 9 113 58 153 143 195 88 135 153 112 92 1 153 153 35 199 132 85 76
78 147 67 150 98 91 67 101 45 140 3 88 78 50 193 159 165 27 182 162 89 32 183 7 164 95 27 90 78 71 168 5 4 97 159 69 190 81 79 18 121 153 76 150 171 81 64 142 20 169 2 65 192 175 178 169 52 127 10 170
75 26 167 89 170 150 13 199 64 81 188 61 171 22 65 34 138 80 175 199 179 168 198 4 190 198 73 29 200 4 44 56 60 61 110 188 159 41 136 136 170 194 59 108 197 133 196 36 173 169 197 35 25 18 185 121 94 168 13 26
5 175 57 136 104 68 9 130 168 183 50 65 62 150 185 177 129 173 43 157 38 153 88 132 128 113 112 63 195 69 41 3 141 159 199 177 157 110 86 11 128 91 95 160 102 56 61 61 87 137 63 120 172 18 117 12 50 21 173 170
35 149 108 171 157 11 16 180 193 83 162 177 154 74 76 73 169 60 90 37 175 17 86 111 115 158 123 24 73 105 189 8 48 61 20 124 93 73 123 193 50 27 26 110 35 66 45 24 153 107 61 72 151 133 92 2 1 30 41 88
43 46 172 24 75 48 146 62 23 60 100 98 64 81 97 13 110 98 178 112 57 126 33 71 124 75 94 89 103 198 2 32 149 169 163 198 113 18 21 48 61 97 179 135 32 188 143 36 142 56 166 31 128 192 159 70 55 73 176 24
114 21 149 182 144 169 25 136 44 20 53 113 20 191 144 160 60 176 55 132 14 170 95 74 20 144 79 190 48 35 10 77 83 187 100 67 66 151 73 165 33 122 160 44 175 168 84 92 122 77 21 40 162 173 16 53 82 140 79 43
19 55 188 122 31 129 59 111 83 96 86 194 164 97 31 100 45 170 51 121 180 30 175 185 121 70 62 176 65 199 59 168 20 72 45 169 22 12 14 191 159 40 143 19 113 102 50 3 27 34 35 186 168 187 71 89 20 158 194 162
187 81 121 9 62 11 61 11 180 197 118 69 169 18 121 96 138 139 92 200 76 90 121 52 94 190 108 178 25 67 188 65 200 47 82 194 12 120 168 95 47 9 39 177 32 188 104 171 140 9 71 58 45 194 133 47 142 86 138 98
26 72 186 67 82 71 51 65 200 97 131 189 1 186 118 175 154 44 1 47 149 31 161 113 133 166 174 160 187 134 35 50 103 193 118 160 187 179 71 150 63 169 144 135 73 194 168 167 123 182 125 17 92 108 100 130 147 135 160 50
138 35 52 31 40 185 96 74 39 115 31 135 48 37 5 142 184 105 103 66 193 26 24 60 3 132 19 131 54 62 97 70 133 136 113 143 41 93 142 32 8 119 91 193 182 182 200 199 132 136 133 126 43 73 110 20 115 97 163 54
86 53 152 184 197 100 116 65 143 119 174 113 199 130 99 200 151 55 42 156 107 45 87 178 42 40 22 163 42 20 123 192 25 78 127 124 174 45 16 153 157 102 141 198 89 134 6 37 194 50 153 13 167 163 57 85 95 11 105 179
10 191 111 137 93 150 22 124 37 128 23 185 146 91 24 146 165 28 170 180 131 72 169 130 121 3 89 36 92 126 118 24 14 46 143 61 164 17 130 51 132 18 95 107 162 41 132 160 43 49 176 154 49 154 35 88 83 71 77 196
45 4 18 11 15 200 140 162 77 44 148 141 5 65 114 178 40 177 130 70 38 46 70 24 131 57 15 135 150 123 9 51 110 118 155 179 168 176 33 58 92 167 104 126 18 98 37 163 23 188 188 61 75 109 118 172 59 47 20 112
94 55 108 76 36 129 166 74 132 156 161 190 39 55 186 199 14 188 185 5 134 34 12 174 93 27 29 141 173 147 72 105 191 144 33 16 192 163 185 37 100 160 97 40 178 84 153 41 173 104 80 196 141 176 50 80 51 8 52 183
114 128 105 47 151 57 119 18 106 113 112 153 174 64 5 155 80 162 7 200 100 103 35 67 19 95 168 120 116 111 132 170 97 138 47 107 56 147 88 182 129 26 48 25 175 34 32 79 129 152 56 93 99 191 45 177 135 33 13 130
122 164 100 64 13 199 112 117 198 131 175 165 197 148 121 115 19 131 54 105 191 19 30 135 108 196 182 89 183 155 57 122 173 140 7 79 48 105 125 125 199 110 152 162 140 58 145 199 67 74 158 20 133 41 26 70 129 62 159 138
99 135 135 110 173 81 197 195 14 30 192 200 193 104 91 198 93 77 134 108 62 19 181 114 135 118 16 98 120 31 127 190 53 105 168 147 13 24 54 191 51 179 163 126 62 2 105 123 151 146 3 63 110 177 183 52 48 131 33 62
69 173 40 181 118 73 68 95 193 58 37 153 102 72 11 87 34 100 45 164 97 27 176 72 29 109 134 140 31 194 109 6 99 154 166 66 56 68 147 12 19 150 71 79 134 188 120 100 52 187 99 142 155 167 127 38 52 49 144 41
197 64 51 64 10 103 90 127 60 36 169 110 188 166 185 106 17 143 101 4 48 11 30 16 94 115 62 121 180 117 30 52 125 119 175 165 69 110 144 93 57 147 56 4 196 115 39 18 28 5 39 14 188 34 53 92 91 160 172 156
11 139 191 43 198 29 115 125 190 128 118 171 171 120 184 157 57 123 41 39 123 5 93 173 181 152 169 170 33 62 146 76 68 95 44 77 29 29 109 134 109 138 158 91 20 198 130 66 23 64 21 55 15 58 4 15 127 92 86 15
39 175 13 159 142 178 82 195 79 177 188 32 194 29 88 117 86 74 184 120 197 67 6 26 193 45 97 60 105 172 45 113 171 80 44 178 191 166 166 194 73 15 13 119 174 172 143 2 154 196 103 85 33 165 110 146 118 144 2 161
91 88 170 178 192 186 174 27 133 43 117 100 178 54 14 4 73 10 157 27 45 114 7 53 60 138 198 32 61 177 9 70 139 160 112 174 68 57 10 78 112 22 171 42 37 18 42 30 115 25 19 70 178 170 7 161 28 115 154 68
92 150 97 195 197 51 169 145 144 39 142 150 45 170 174 169 4 75 172 74 177 75 177 20 20 88 76 48 63 162 9 178 192 199 59 142 153 23 174 93 170 110 126 22 114 104 49 142 184 65 186 172 35 59 125 120 120 49 148 154
178 58 138 41 66 176 77 132 8 71 112 154 67 69 151 142 7 115 105 16 87 65 175 183 83 185 97 98 144 68 133 132 70 151 25 69 193 138 190 117 72 133 46 176 192 6 16 10 132 163 17 168 19 44 78 80 168 199 28 182
98 7 94 38 133 10 38 139 30 187 22 98 131 134 44 53 131 25 173 13 153 81 188 193 166 196 180 155 61 76 106 6 18 188 77 160 96 77 17 46 169 58 46 122 189 84 200 75 112 178 54 100 54 71 135 149 113 149 172 70
75 69 89 103 26 112 157 14 140 12 58 7 139 127 174 164 161 173 132 118 67 169 42 137 13 105 41 78 179 175 179 179 132 178 91 7 100 130 171 56 54 1 22 54 146 181 104 195 1 19 162 10 70 3 44 144 30 153 60 9
15 84 23 15 65 113 160 136 160 126 31 65 49 37 140 74 200 175 194 189 77 82 67 173 165 13 185 193 28 174 184 106 29 42 77 53 156 133 112 148 131 7 196 129 129 163 74 20 161 9 157 77 138 54 50 1 120 123 71 91
45 41 8 27 30 89 51 138 90 130 150 185 88 192 113 75 137 57 167 84 134 91 19 24 148 182 110 19 176 154 156 163 155 177 183 83 60 48 42 151 59 57 110 84 23 34 159 169 34 182 141 184 84 118 97 150 26 64 1 5
171 24 143 62 168 137 110 127 31 191 123 38 163 98 8 11 92 187 134 194 143 94 62 47 101 9 184 67 139 149 122 9 25 1 36 1 14 61 128 89 98 86 141 54 109 109 136 180 127 38 61 175 11 162 183 178 41 20 115 167
187 154 96 189 13 158 33 193 125 121 189 191 157 63 180 54 129 82 123 142 104 3 15 138 130 165 195 18 135 40 199 164 165 76 178 41 118 58 103 134 55 63 60 117 78 15 196 72 10 197 108 34 14 183 177 196 92 113 103 195
67 17 59 163 170 179 50 101 111 43 13 14 110 96 8 184 23 39 31 176 37 98 179 37 137 8 69 87 176 157 94 64 132 24 170 173 46 197 176 108 103 185 44 102 100 83 187 96 93 138 137 66 51 14 132 3 110 174 150 168
91 112 172 21 102 190 200 144 29 116 112 167 187 179 191 59 30 176 61 56 86 69 47 144 5 103 60 163 197 101 34 152 136 16 129 88 51 132 175 65 61 104 181 173 87 143 6 144 118 15 85 136 74 1 82 113 37 168 157 53
113 5 51 75 79 6 116 63 179 59 162 28 75 98 35 106 122 101 31 120 37 44 99 146 74 14 49 148 126 110 194 41 85 61 78 160 162 185 175 176 50 10 4 196 139 103 96 183 9 94 133 21 167 121 97 187 136 88 129 107
200 103 146 53 117 12 15 24 91 165 84 86 155 46 77 106 118 162 23 22 48 71 111 52 10 121 42 107 98 181 31 146 20 134 28 190 64 38 143 112 2 74 21 130 133 93 72 158 113 43 48 174 106 22 45 180 140 168 183 26
51 31 92 121 108 95 30 96 37 91 183 175 17 24 182 66 149 85 190 117 180 152 68 35 72 130 68 23 181 54 195 8 110 199 32 43 45 64 128 127 156 88 133 152 26 25 198 115 87 26 132 114 3 158 118 30 144 66 12 145
25 75 160 78 44 149 62 74 185 72 155 41 41 102 76 111 164 144 80 192 130 104 127 189 131 137 60 159 14 130 165 41 1 144 64 80 114 156 167 152 105 126 194 146 48 165 18 29 103 93 89 112 158 69 163 34 166 143 170 48
21 151 197 160 17 90 114 164 105 195 4 60 162 141 9 147 137 158 122 130 73 172 97 66 163 62 125 134 132 117 136 94 183 150 100 174 111 41 20 62 11 185 62 40 162 154 161 111 148 31 15 98 87 92 162 18 96 130 129 30
193 10 48 105 11 54 134 5 157 29 3 116 161 34 105 49 158 116 59 73 196 174 144 39 141 34 129 22 69 45 70 192 63 199 66 117 110 1 6 124 189 38 103 68 112 196 16 108 193 101 19 133 115 45 4 168 130 10 144 169
33 38 97 144 109 4 8 39 195 171 81 124 73 77 147 119 176 192 52 112 45 61 99 49 173 113 159 192 100 174 147 20 165 195 27 39 7 37 174 7 8 179 163 177 95 74 151 148 17 97 196 55 119 162 133 73 99 41 163 73
