70 	
69	72
0	7	9	82	7	
0	9	4	717	2	
1	4	5	306	5	
1	2	8	404	9	
0	1	4	236	6	
0	9	7	157	8	
1	8	2	114	2	
0	8	9	72	4	
1	7	9	21	9	
0	6	1	720	8	
0	7	3	391	4	
1	9	4	538	6	
1	7	8	143	3	
1	8	5	504	6	
0	7	9	688	8	
1	1	4	60	3	
1	9	7	624	1	
0	8	1	223	3	
0	4	6	638	4	
0	1	1	173	1	
1	7	4	171	7	
0	4	1	541	4	
0	9	8	501	9	
0	6	5	110	9	
0	5	6	369	1	
1	8	6	15	5	
0	4	9	213	3	
1	1	9	210	7	
0	1	6	600	9	
0	9	9	644	5	
0	2	3	570	9	
0	3	9	629	3	
1	7	4	187	4	
0	6	6	633	1	
0	8	1	225	2	
0	1	8	143	9	
1	3	5	610	9	
1	7	5	711	8	
1	4	8	13	6	
1	3	2	392	1	
0	4	2	131	6	
0	7	8	59	9	
1	1	7	232	2	
1	2	1	558	2	
1	1	3	457	2	
1	3	9	615	7	
0	8	7	45	4	
0	4	6	164	7	
1	5	7	148	7	
1	3	7	440	1	
1	2	2	294	4	
0	9	5	190	2	
0	2	9	225	1	
0	4	8	136	9	
1	7	3	177	3	
0	4	9	138	9	
1	5	1	108	9	
0	8	1	372	4	
0	2	8	457	6	
1	9	9	689	8	
0	1	2	339	5	
0	4	8	272	7	
1	9	7	162	3	
0	3	6	31	2	
1	7	7	732	5	
0	3	5	185	9	
0	8	3	436	3	
0	8	9	542	3	
0	7	9	346	9	
1	8	4	331	3	
169 46 164 135 187 120 173 114 74 26 92 130 22 97 43 150 12 155 109 159 75 156 131 116 177 60 28 91 143 172 142 64 125 79 26 50 53 14 139 74 83 154 198 28 120 44 112 165 37 59 25 78 165 118 58 114 195 97 71 117 95 82 123 158 131 144 47 36 153 132
8 147 64 21 21 188 2 51 66 49 175 117 97 188 198 194 132 11 166 51 90 176 45 75 2 19 48 168 12 68 191 186 120 167 36 44 101 191 87 67 118 176 132 115 65 4 17 88 92 186 95 46 137 143 135 43 34 163 106 50 97 107 191 198 173 79 174 155 92 25
56 169 191 105 55 128 132 161 29 171 5 106 160 17 48 5 82 190 45 140 16 188 58 165 76 71 139 42 8 39 30 160 52 146 100 6 155 86 127 115 143 102 78 116 136 110 150 131 18 148 50 102 26 105 98 200 54 25 17 188 117 176 117 115 156 199 112 111 15 50
194 74 50 195 74 45 53 187 45 137 42 56 195 188 46 197 57 80 177 43 195 32 60 168 169 90 159 23 197 99 89 81 46 171 196 85 11 14 106 159 164 12 1 106 162 125 22 197 162 129 62 28 83 137 131 46 200 179 24 163 184 187 7 159 175 153 148 168 22 178
89 10 4 158 188 67 97 104 105 8 178 86 57 60 175 166 129 65 95 122 165 62 65 174 109 119 107 57 80 66 38 133 8 174 158 70 68 15 114 50 135 79 112 59 42 150 99 155 11 5 108 200 75 148 98 104 44 79 123 197 164 195 24 137 193 17 73 137 27 118
168 156 73 145 164 94 138 16 84 111 33 66 164 72 97 125 131 153 11 71 96 188 104 8 138 157 95 127 122 163 34 70 84 127 169 18 81 105 41 71 47 72 25 11 146 96 134 40 17 17 38 38 95 82 173 49 50 149 105 183 22 193 45 13 120 121 72 75 80 182
142 115 193 128 102 182 171 50 38 200 195 44 54 150 26 155 91 189 95 107 51 144 19 6 55 32 179 155 130 107 160 127 101 54 7 126 88 16 47 193 72 109 162 164 145 15 27 116 34 41 125 157 74 199 173 166 91 198 146 192 157 56 159 24 177 184 12 102 128 120
91 125 103 128 4 54 105 151 182 14 88 37 124 77 116 124 150 137 199 138 28 14 29 74 60 149 43 186 60 49 79 8 44 10 151 127 90 31 74 152 198 4 27 24 138 30 199 73 143 4 184 158 110 147 13 159 156 189 168 141 150 37 128 73 139 128 16 154 56 66
9 72 173 189 2 185 121 142 1 174 160 8 88 77 186 149 67 187 65 8 169 127 199 175 189 133 23 183 73 123 168 196 119 113 55 125 169 110 68 123 72 97 84 165 30 166 89 189 25 191 20 9 123 64 75 5 155 22 109 173 47 139 189 117 48 34 129 128 165 147
94 99 72 42 25 37 110 5 64 26 54 153 110 128 152 70 31 40 75 7 63 143 147 101 32 94 56 30 168 156 66 197 113 96 180 200 107 149 93 188 161 53 169 47 12 157 47 111 78 188 2 101 102 2 43 107 79 83 119 113 28 67 162 92 69 90 55 26 63 160
156 45 174 52 30 9 192 194 75 152 196 101 78 28 4 150 96 30 197 57 35 71 158 65 200 58 56 128 153 37 113 188 144 11 197 54 135 49 197 88 141 47 87 130 14 34 123 178 1 16 132 60 191 38 194 14 99 86 180 163 21 190 77 141 121 164 175 170 196 168
162 22 43 8 52 149 7 59 93 8 135 157 45 96 187 122 166 178 7 107 137 40 1 143 19 75 155 133 100 149 62 64 165 70 145 115 116 59 110 90 178 9 147 81 109 21 96 49 33 51 130 151 132 101 61 191 59 109 10 117 132 141 11 194 72 74 155 52 170 2
11 75 13 13 20 188 17 196 136 6 157 107 159 100 116 98 174 2 19 123 105 163 191 60 23 194 65 123 4 4 193 84 101 13 93 159 50 191 181 52 103 178 69 179 46 1 182 14 155 24 20 88 75 173 64 146 188 104 173 78 190 37 122 41 187 5 174 61 36 38
49 14 35 39 169 145 125 102 84 171 6 118 8 24 129 165 62 198 144 128 164 113 14 2 189 47 86 110 77 41 18 128 109 82 91 144 51 96 148 55 178 137 149 162 1 172 49 29 169 158 176 131 51 86 30 26 135 142 12 158 11 180 156 125 159 160 131 200 77 89
191 52 107 89 158 184 118 136 93 35 199 86 142 161 42 109 163 86 170 146 124 170 141 177 159 20 150 12 179 14 111 34 27 155 198 199 35 111 54 78 37 75 36 199 144 17 48 63 185 138 6 158 123 159 153 123 110 107 189 62 75 8 118 47 192 140 11 28 45 174
14 135 149 68 147 170 41 103 141 186 191 121 111 110 114 161 174 114 10 42 40 12 174 104 166 77 148 198 20 150 97 24 77 142 200 148 97 124 197 100 22 112 194 162 110 147 140 112 63 57 38 61 174 131 88 188 29 21 16 87 184 126 131 92 193 147 47 198 56 194
130 144 68 24 185 26 118 108 121 29 156 109 123 27 49 183 62 176 92 10 174 115 174 164 38 105 157 170 91 180 80 28 14 181 71 51 116 125 50 13 119 106 169 54 3 75 39 89 96 118 70 90 35 189 147 50 170 79 158 199 177 69 30 126 32 136 111 33 135 54
54 199 166 36 132 78 195 57 184 53 88 24 150 27 142 140 178 58 93 98 172 188 58 146 12 99 122 103 103 9 7 143 154 128 68 105 10 114 30 115 6 60 78 182 17 56 33 154 193 51 43 96 4 138 184 38 16 33 10 2 123 82 29 52 167 63 38 98 131 135
121 139 101 71 140 122 160 25 158 124 172 28 34 136 154 7 1 92 22 49 150 127 68 187 47 183 125 170 59 47 155 26 161 96 141 182 172 185 118 103 105 14 158 195 158 14 67 73 17 155 185 36 58 135 139 2 86 182 171 126 40 127 183 157 86 18 28 71 141 71
43 103 116 83 178 125 83 189 100 23 49 84 28 143 144 181 2 100 72 53 142 200 98 101 156 86 143 77 45 30 111 122 159 67 28 117 43 55 125 13 94 93 131 158 56 189 33 9 79 189 95 76 26 59 170 167 115 9 4 38 120 123 13 22 108 150 181 129 191 123
140 61 8 151 148 24 50 169 199 78 164 137 88 193 28 48 123 172 41 73 185 82 147 83 75 144 4 37 3 13 163 76 115 123 110 168 179 189 28 37 133 32 89 169 35 103 189 111 24 28 24 42 12 123 165 152 99 154 101 193 1 41 173 138 171 111 164 91 40 31
49 117 107 193 110 188 122 127 150 5 114 90 192 151 27 92 170 84 10 49 51 143 81 129 39 189 120 56 110 181 104 21 74 124 95 171 101 63 37 196 16 98 197 164 199 109 2 19 125 199 130 155 149 168 163 171 162 5 55 14 116 53 142 6 55 104 63 76 55 50
164 33 61 115 149 95 195 176 112 21 91 138 10 127 60 1 172 189 44 18 195 103 39 72 114 102 69 126 44 158 37 95 1 25 43 194 148 135 103 107 48 61 67 184 170 59 183 116 101 93 112 11 182 60 3 120 83 129 77 160 146 10 88 72 167 140 134 59 36 46
65 120 54 13 135 52 100 91 124 36 53 40 76 158 74 146 23 152 189 166 87 105 97 131 176 104 87 132 19 55 11 30 54 67 99 130 8 162 39 166 76 176 170 159 166 126 93 60 197 70 195 153 101 51 146 29 129 119 30 38 4 54 128 179 126 104 52 16 113 73
133 51 196 34 188 101 55 158 185 164 91 74 21 141 92 133 130 136 9 79 103 3 137 26 67 155 74 21 191 140 199 77 165 74 31 53 140 82 161 163 48 155 121 162 25 169 187 97 12 147 54 13 64 31 158 187 143 177 83 189 76 33 58 145 191 14 200 41 67 105
45 156 154 153 80 120 139 56 111 32 36 123 66 180 88 128 17 175 76 23 26 175 112 77 174 49 130 28 94 33 80 132 110 19 194 146 167 128 106 75 157 186 80 28 34 158 147 66 76 51 61 74 3 22 174 67 60 96 110 27 50 10 18 27 72 20 60 69 106 87
129 125 85 94 151 179 176 118 152 200 81 81 37 7 11 96 29 94 30 15 103 8 155 160 87 196 29 27 51 130 122 113 126 148 83 38 20 183 5 161 42 157 30 87 11 183 190 59 162 189 183 109 199 8 87 46 152 63 193 87 196 85 125 6 90 91 99 155 106 89
25 69 190 160 63 66 109 140 114 58 176 65 64 137 62 95 186 77 98 143 129 15 134 9 41 29 138 59 47 120 178 181 164 34 3 171 49 33 49 162 110 113 125 45 183 124 132 139 164 193 98 191 13 126 183 156 164 145 162 88 126 18 12 127 19 3 74 95 32 28
143 163 93 166 186 101 165 57 94 105 110 143 54 30 27 51 174 1 68 86 125 62 56 125 46 43 115 12 140 17 145 119 167 47 128 141 197 189 47 120 166 16 93 155 39 161 116 117 166 77 53 145 113 36 100 43 192 151 184 151 87 145 18 111 185 114 5 199 98 138
115 115 78 123 26 41 97 79 156 103 34 30 55 191 147 179 120 35 66 183 126 34 174 185 150 175 42 76 104 39 98 96 198 37 58 167 79 23 181 111 6 146 68 34 43 68 40 11 42 93 34 97 37 178 4 117 196 144 176 165 195 135 16 33 104 113 23 79 54 31
50 163 130 17 155 192 136 82 11 154 51 164 163 185 160 94 83 86 153 160 44 22 177 87 105 81 90 12 152 137 196 18 141 169 143 1 160 139 171 113 94 185 56 102 82 36 147 72 180 153 144 195 115 135 104 80 162 156 132 22 180 15 92 106 16 167 187 102 62 126
71 160 174 123 25 80 84 98 123 98 86 30 44 162 111 151 154 17 190 118 101 23 116 78 181 59 42 167 10 175 137 138 95 52 24 115 150 123 171 151 132 159 122 94 98 156 198 172 151 9 24 121 8 5 137 120 65 41 152 67 61 138 168 27 11 33 158 43 122 108
193 82 180 176 97 148 127 128 22 134 4 42 194 176 95 170 187 28 75 46 90 84 27 154 127 7 175 92 199 102 93 77 58 189 79 30 76 68 82 85 196 74 133 10 26 162 45 27 115 34 172 124 74 61 69 187 147 61 130 150 4 121 1 116 185 55 140 132 154 144
72 142 19 142 161 79 84 60 40 117 138 133 53 171 34 86 24 86 49 189 119 114 160 185 140 27 83 117 167 182 158 131 157 26 88 107 74 73 99 167 117 152 123 19 62 169 161 75 26 97 83 151 194 121 91 89 30 188 3 62 190 6 106 14 71 147 148 101 88 164
134 25 171 6 102 144 86 163 56 77 109 99 103 24 103 129 126 180 31 187 53 105 19 160 134 176 80 184 137 100 90 62 62 15 18 27 153 57 167 172 78 163 95 81 35 98 62 41 75 185 140 144 161 83 181 53 41 87 108 172 74 104 14 133 187 105 95 34 77 5
135 172 1 145 25 125 162 1 181 32 99 189 124 30 73 158 43 73 80 56 35 170 57 158 154 154 77 50 182 137 132 2 13 38 126 122 120 43 47 43 3 128 112 118 193 75 148 175 126 27 162 46 65 41 64 22 71 169 42 11 188 105 75 43 121 3 114 148 150 184
167 154 148 160 199 6 152 52 138 194 40 136 147 113 69 63 26 52 92 127 130 81 166 77 75 184 57 107 187 83 126 48 175 26 77 42 146 139 123 8 157 22 129 10 94 23 163 146 149 77 188 98 104 102 152 180 140 41 167 37 52 19 13 87 76 12 17 160 170 86
58 168 143 166 23 68 187 31 189 136 109 123 91 138 100 114 125 165 132 51 123 132 17 138 62 41 117 154 29 84 113 119 175 33 166 155 91 11 9 21 197 151 115 11 190 178 126 52 187 189 6 113 170 38 18 121 188 78 57 158 185 21 153 191 186 117 120 148 109 159
38 32 135 25 161 187 112 39 161 163 197 196 51 14 144 126 51 98 196 17 67 43 138 104 179 92 54 186 142 83 77 197 32 129 165 104 189 59 199 100 64 90 118 153 61 98 72 79 59 159 37 26 38 115 125 147 160 105 80 28 154 145 140 43 86 9 199 92 98 142
94 121 158 181 116 14 92 158 8 198 104 70 6 100 178 37 191 130 102 193 126 79 79 86 25 72 116 57 158 40 50 181 170 180 10 88 99 26 149 48 16 152 50 61 164 54 194 173 49 141 105 29 93 45 119 176 50 191 30 20 178 23 73 155 37 65 119 134 28 185
21 5 134 190 63 20 173 179 41 196 181 39 123 118 12 72 119 179 86 22 4 81 158 40 93 51 166 80 113 77 117 54 20 190 157 71 124 1 112 28 177 8 83 131 65 172 159 16 74 194 52 175 79 15 57 113 21 42 194 120 57 4 190 171 9 36 155 191 78 161
39 166 65 97 95 176 30 150 117 168 74 134 59 43 193 92 43 193 57 76 47 139 18 101 8 145 84 43 175 137 186 196 18 115 75 102 73 171 104 154 144 137 21 174 188 56 119 115 144 153 122 181 196 29 8 169 30 108 103 68 1 105 107 62 89 10 103 173 51 146
144 36 186 109 152 58 120 152 152 180 5 52 145 157 154 14 159 111 163 36 157 182 56 25 105 93 90 15 188 187 175 82 186 117 99 93 157 33 60 31 167 173 37 75 138 185 165 82 163 156 48 61 35 198 36 21 80 143 181 74 163 158 188 97 127 178 20 87 193 64
198 84 127 33 185 69 193 183 97 91 93 188 199 171 83 49 165 58 170 51 2 196 190 89 186 44 61 9 52 90 98 112 197 68 72 90 142 139 33 90 89 98 190 40 182 73 31 172 141 106 49 132 28 64 20 137 132 110 10 145 58 189 85 129 12 161 151 190 75 11
75 178 182 141 174 47 140 17 78 197 196 46 30 31 85 16 17 9 193 122 185 111 41 61 14 144 62 156 71 158 26 44 121 173 159 186 143 107 57 35 189 8 86 118 64 103 42 111 90 29 57 61 39 169 196 53 114 120 181 20 180 171 63 44 87 73 3 187 177 180
3 136 129 147 168 114 106 4 154 130 129 67 152 160 105 190 6 53 199 105 117 25 65 131 185 27 53 41 187 163 127 97 115 97 195 162 187 142 122 130 73 133 135 35 106 180 147 25 88 124 108 83 138 98 140 189 91 94 24 3 114 68 145 119 156 183 125 158 44 181
104 169 76 107 124 136 162 177 182 94 76 169 164 7 153 44 153 112 117 5 181 104 157 13 90 184 34 73 155 148 152 108 138 74 71 185 141 187 117 167 32 185 84 95 31 50 8 31 39 45 146 188 94 136 78 24 154 180 27 27 43 127 9 166 2 19 109 74 184 135
52 190 122 89 153 123 172 190 104 139 189 9 180 137 129 61 165 48 71 117 125 155 64 6 149 192 140 168 54 29 184 105 172 153 182 76 94 191 39 198 115 133 168 104 24 104 182 195 8 78 182 162 199 68 91 137 9 152 62 181 53 53 154 157 55 122 152 60 30 66
44 194 153 158 14 195 14 75 17 181 79 164 155 2 110 40 134 172 61 175 78 41 188 135 43 174 49 124 148 23 147 55 145 88 115 64 3 195 172 137 151 155 136 13 6 160 84 56 40 71 159 96 41 150 118 3 197 141 90 197 86 189 183 152 21 61 133 135 131 125
60 103 122 182 12 166 107 141 51 131 193 68 55 161 26 145 194 121 17 46 148 121 197 12 77 163 185 193 102 40 125 8 43 94 66 175 34 176 57 128 194 48 68 128 16 85 45 140 189 149 148 198 107 19 113 91 119 31 93 15 7 145 80 147 82 170 162 113 48 4
11 162 46 197 193 176 39 124 92 57 131 161 35 31 22 2 150 196 79 97 19 77 195 132 82 89 102 108 186 165 38 58 50 57 4 24 181 9 41 94 158 25 138 17 152 40 126 179 159 193 195 60 102 178 9 34 193 101 25 179 187 124 95 43 142 189 46 70 174 1
6 194 191 6 146 191 41 112 184 196 94 162 110 3 72 69 31 127 163 121 7 138 119 179 100 20 146 192 103 57 176 64 3 19 150 132 120 151 97 7 170 56 148 6 131 84 78 193 170 79 159 164 102 18 187 11 58 150 31 149 101 187 187 66 117 5 152 50 55 177
90 4 45 73 69 192 125 130 141 96 78 51 174 170 53 16 90 187 122 154 92 13 69 143 131 98 199 166 180 12 192 133 130 29 197 32 95 162 10 104 5 5 186 92 17 140 32 86 145 83 171 158 69 173 57 191 191 119 23 18 96 113 59 133 17 24 137 59 129 81
48 20 71 118 4 165 109 160 31 173 162 98 181 189 135 111 31 95 54 87 98 98 11 6 159 32 65 46 4 77 19 43 163 86 199 149 198 36 24 158 140 79 158 89 53 148 152 69 122 163 119 3 40 100 118 116 104 93 191 154 115 194 136 130 16 26 186 126 165 8
196 2 177 191 15 153 45 133 169 150 72 7 119 167 153 46 198 16 168 169 197 97 52 150 156 24 156 4 194 57 69 173 5 10 199 136 137 34 20 188 129 102 148 77 34 109 149 64 72 74 161 159 130 82 74 95 43 87 179 69 10 72 172 15 186 97 187 85 118 170
180 144 116 103 188 170 9 117 161 149 13 46 45 109 48 58 96 159 67 119 54 161 136 152 39 171 4 189 131 38 69 96 56 70 99 10 50 82 71 118 132 20 185 27 123 186 155 83 142 60 154 22 158 67 71 97 71 19 81 135 163 116 18 163 25 200 4 128 106 101
162 41 81 3 117 181 177 124 194 163 163 132 34 88 82 24 57 100 68 31 200 195 78 118 149 92 160 82 31 12 1 156 182 197 27 49 117 3 58 130 41 43 66 134 82 136 10 137 65 100 8 45 184 31 142 124 127 131 27 151 63 81 66 191 66 193 192 181 51 182
55 60 37 195 113 15 87 52 171 103 115 81 192 133 154 90 57 194 148 136 92 10 160 65 90 10 172 50 189 12 115 167 124 139 56 103 63 184 60 9 12 177 170 70 129 106 180 167 112 165 125 8 162 29 4 156 38 8 3 95 41 53 183 89 152 21 44 162 114 56
59 16 56 87 57 72 127 3 184 6 6 200 69 138 148 131 2 133 103 120 101 96 182 186 138 64 99 177 14 60 26 99 191 178 128 85 106 154 74 178 51 100 25 141 169 132 20 187 128 47 152 141 52 31 25 178 56 80 5 4 137 93 80 166 118 35 84 129 1 197
91 111 139 62 114 118 104 165 133 38 102 187 189 53 76 107 125 52 80 92 134 93 20 176 74 117 9 97 135 163 153 193 198 55 200 199 106 52 127 69 135 10 18 77 49 190 127 68 174 179 169 198 57 151 36 7 156 190 29 185 19 52 119 8 125 68 150 10 133 92
15 79 48 57 178 112 145 198 38 105 178 31 35 60 129 145 90 187 141 36 2 85 177 136 10 7 141 6 102 178 7 88 10 103 83 74 104 200 61 128 118 46 197 32 63 4 13 76 134 195 99 169 62 77 162 10 63 160 75 129 172 154 50 147 159 139 145 64 57 148
122 106 95 161 198 78 140 137 186 129 31 38 7 76 35 81 19 69 100 161 100 12 126 89 101 126 189 166 29 128 152 31 4 143 138 172 72 111 148 150 157 182 197 126 57 161 41 157 13 124 115 22 105 69 187 83 14 90 136 20 174 61 110 67 102 54 136 29 89 33
66 31 83 167 165 17 97 169 168 147 91 162 90 20 77 120 193 193 108 70 122 31 144 16 47 134 101 104 59 164 69 160 82 29 13 54 126 15 198 172 60 175 69 119 174 94 114 141 100 18 41 77 63 38 26 122 143 78 139 40 66 159 79 27 112 81 33 74 90 85
190 97 53 4 181 60 167 192 130 118 175 71 75 155 66 50 90 192 153 149 32 143 1 181 28 185 115 118 156 107 17 75 15 105 198 70 18 140 130 138 129 24 177 53 81 65 49 21 28 85 194 155 136 29 83 127 139 134 38 144 60 7 109 91 186 12 167 178 155 106
59 19 152 122 136 119 36 148 197 120 113 63 89 56 102 23 159 85 118 161 131 25 66 118 140 36 98 26 102 137 101 56 73 109 175 159 186 66 157 157 93 151 53 119 92 94 84 123 160 51 167 136 169 119 79 35 4 106 98 98 194 59 166 111 80 149 52 74 42 114
92 200 130 192 161 153 87 113 159 127 157 111 185 2 131 168 119 69 105 130 144 72 39 100 15 64 29 71 46 110 112 188 196 192 72 82 15 190 175 124 102 134 149 176 43 154 128 10 31 8 125 132 195 140 120 172 33 22 70 162 12 184 77 42 48 109 185 189 12 158
43 145 144 186 43 43 106 139 48 40 143 80 101 127 126 116 106 14 38 39 159 91 192 126 94 117 170 182 30 147 88 123 86 85 19 38 18 140 132 18 119 70 1 67 70 183 104 154 196 19 19 172 67 183 93 14 200 111 128 27 91 115 52 63 195 123 50 175 110 23
43 145 175 9 110 131 76 190 86 26 124 129 187 22 82 198 68 100 93 114 121 28 114 19 7 122 75 167 105 137 129 191 23 1 143 64 128 186 90 120 62 81 148 135 152 65 110 130 173 6 58 185 181 148 61 30 105 118 11 46 199 120 72 122 9 182 104 30 57 59
67 3 106 139 77 127 112 2 21 121 102 81 36 200 46 1 6 5 34 81 140 142 124 75 103 94 114 66 182 200 125 28 166 172 106 151 142 1 140 97 139 124 147 8 182 116 132 183 121 83 10 112 176 145 124 79 95 65 63 64 7 93 57 28 67 136 174 9 192 81
73 114 148 145 131 77 151 154 71 53 127 112 39 48 60 190 70 182 33 145 183 25 106 68 115 85 165 62 153 85 99 109 66 147 99 195 34 10 35 42 73 180 132 133 66 20 121 16 182 196 194 195 73 122 168 184 17 113 167 60 173 45 193 36 133 109 29 89 41 129
77 18 65 109 76 9 125 105 130 190 146 155 196 109 12 154 21 97 89 197 195 162 22 140 187 69 196 195 135 6 125 70 100 198 23 83 163 63 9 180 125 88 181 195 111 51 196 121 93 53 134 149 1 91 46 132 161 38 160 136 113 149 82 18 16 86 160 69 24 18
