20 	
12	18
0	1	9	52	2	
0	1	8	6	4	
1	2	2	44	2	
0	8	1	62	7	
0	3	3	54	7	
0	4	1	86	9	
0	5	5	79	8	
0	4	4	49	7	
1	8	5	43	9	
1	6	8	90	7	
0	1	4	20	2	
0	3	4	74	3	
1	3	3	21	9	
0	5	9	50	6	
1	9	8	52	9	
1	1	7	83	5	
1	8	5	1	6	
0	9	5	62	4	
1	6	7	66	6	
1	5	5	58	8	
180 26 146 36 52 173 106 165 94 124 171 51 196 88 47 41 56 24 81 182
155 102 161 115 71 197 138 100 24 116 46 138 155 115 131 65 128 189 26 157
32 12 56 143 79 18 78 15 136 18 137 175 72 63 111 78 113 67 101 16
171 72 159 66 151 124 78 150 175 93 120 188 199 157 192 163 192 134 70 199
145 185 145 174 50 35 10 25 139 119 48 80 39 179 155 156 30 191 144 54
23 55 120 72 6 78 66 62 169 92 38 99 101 176 76 69 14 59 89 194
170 55 197 109 145 130 131 124 160 37 169 173 179 192 33 100 121 96 155 140
45 96 200 59 2 128 89 167 158 131 113 18 70 54 23 3 174 154 64 169
32 81 48 53 194 33 176 180 25 131 192 171 24 93 157 137 107 194 173 200
13 36 175 41 5 148 80 67 130 20 152 181 75 24 150 178 137 80 127 52
149 182 170 91 188 199 166 2 40 196 24 82 49 11 12 61 198 122 193 10
137 168 87 47 112 1 82 150 153 46 148 19 13 195 88 141 109 109 57 171
104 132 101 157 112 168 182 131 53 16 135 49 59 106 82 106 100 67 46 158
198 155 148 8 113 104 37 114 143 197 81 115 37 70 24 20 90 49 8 175
35 189 28 119 12 108 142 37 92 187 183 43 73 143 97 144 150 110 147 163
72 195 109 16 165 193 85 6 185 199 175 196 70 72 171 13 51 49 21 188
194 26 167 180 168 173 123 139 165 137 145 146 23 133 96 23 156 20 125 99
144 161 23 108 91 184 123 173 114 150 125 93 89 159 11 6 36 61 152 200
109 115 8 185 186 123 159 95 161 156 159 144 146 199 175 124 100 128 87 10
54 193 63 34 19 133 197 75 167 143 48 20 31 62 130 194 73 92 165 15
189 13 112 86 180 55 2 115 98 146 112 146 144 87 200 83 11 75 45 2
