60 	
16	67
0	71	8	864	2	
0	24	1	1304	5	
1	21	8	2907	7	
1	3	4	1333	2	
1	77	4	219	2	
1	29	8	558	9	
1	67	4	1714	1	
0	80	3	328	9	
1	84	7	1863	1	
0	89	8	676	5	
0	45	4	1221	6	
0	50	9	20	8	
1	24	3	2206	9	
1	89	9	2281	6	
1	26	5	2857	2	
1	93	2	432	8	
0	86	8	451	3	
0	91	8	2929	2	
1	42	6	922	3	
1	70	2	2215	3	
1	63	1	11	7	
1	68	8	1924	7	
1	18	9	1689	5	
1	68	2	1653	4	
0	81	3	1448	1	
0	8	8	12	8	
0	5	2	2656	5	
0	14	5	2906	5	
1	61	9	2057	5	
1	4	6	2223	9	
1	22	4	1812	4	
1	97	7	1790	1	
1	34	9	2062	8	
1	25	2	995	1	
0	31	2	2722	8	
1	96	4	1813	6	
0	43	3	889	4	
1	49	6	617	9	
0	14	3	312	6	
0	60	6	836	2	
1	86	5	697	8	
0	80	7	1663	5	
0	12	4	1539	8	
0	48	7	2401	7	
1	4	6	2334	9	
1	25	7	1581	6	
1	92	5	773	2	
1	51	9	1644	3	
1	70	9	2537	6	
0	38	8	727	3	
1	90	5	1511	9	
0	25	5	347	7	
1	13	3	1534	8	
0	23	5	273	7	
0	94	6	184	5	
0	50	2	535	6	
0	96	6	1091	2	
0	5	7	1911	7	
1	23	3	2667	2	
1	41	6	2495	1	
181 84 24 166 165 129 122 104 14 134 105 39 26 179 31 24 9 155 167 5 72 29 137 18 78 154 84 165 148 119 93 6 97 187 104 35 194 68 152 184 90 158 130 198 30 53 33 126 118 54 142 35 132 179 50 160 103 174 126 35
183 167 46 85 88 175 57 101 89 64 179 129 88 114 125 104 131 189 60 68 48 109 64 39 125 135 28 46 162 26 112 172 146 164 77 124 192 196 9 177 80 163 61 85 22 97 19 164 95 182 32 161 7 26 199 112 156 83 65 195
11 110 57 59 167 185 75 181 135 67 57 102 132 179 125 15 96 149 96 79 4 87 156 148 137 106 24 108 69 86 199 6 145 24 110 155 127 169 171 58 79 97 94 86 28 182 191 44 123 44 200 45 132 23 46 95 112 33 122 153
65 168 144 151 181 48 80 35 1 144 30 44 68 122 182 111 35 58 185 76 191 120 168 142 27 4 41 100 103 146 91 28 143 164 68 46 105 112 111 123 8 86 1 75 139 15 72 101 123 122 44 102 67 116 120 113 96 198 1 174
24 157 138 116 95 188 15 136 119 155 89 71 156 59 61 55 59 66 71 64 12 45 126 53 98 65 5 178 20 24 53 70 129 139 132 99 189 60 172 61 65 3 196 74 148 113 61 31 137 84 170 120 163 142 117 49 35 90 84 188
95 112 132 10 53 79 43 156 73 114 91 107 193 59 76 166 89 14 120 90 158 62 55 36 42 81 159 128 17 5 121 148 143 66 42 129 1 53 196 136 49 78 130 72 53 131 69 14 58 41 7 168 4 37 157 76 102 153 165 5
84 189 176 166 13 157 69 106 104 97 61 117 16 149 131 147 191 127 47 6 158 137 184 153 9 37 126 162 9 59 63 8 36 200 76 109 105 58 9 121 38 107 15 63 10 69 174 29 75 33 62 109 179 32 136 7 117 31 162 115
179 121 116 135 30 113 35 107 122 122 51 44 95 174 12 88 147 19 198 139 158 2 111 110 36 61 167 149 72 53 148 133 91 66 35 20 25 120 158 188 51 71 194 88 145 122 131 195 58 2 133 14 23 107 60 116 96 169 14 154
157 55 29 198 2 97 143 145 12 198 97 55 35 4 31 180 31 6 35 134 52 9 70 88 47 155 59 124 33 188 196 58 127 173 120 163 55 60 1 73 199 21 194 184 200 170 123 54 102 146 44 138 36 140 192 87 185 142 4 76
111 200 51 114 192 148 50 51 161 91 58 63 185 135 117 57 159 20 4 176 140 135 45 163 175 188 43 64 134 117 134 180 169 144 116 34 138 100 6 100 48 16 99 134 80 69 143 168 168 169 67 1 77 191 177 100 7 78 32 149
189 174 72 141 159 89 151 124 162 147 182 174 85 111 25 157 63 133 28 145 165 87 139 86 156 87 74 148 177 62 104 69 62 31 28 168 94 191 56 83 161 131 191 144 119 83 108 83 151 87 29 15 120 62 62 70 188 89 153 60
60 71 78 161 125 46 123 150 111 26 193 41 40 165 140 39 139 176 24 93 93 90 144 31 9 192 181 33 119 87 56 106 60 145 116 124 56 114 103 100 109 85 173 189 156 179 96 182 12 66 138 53 134 153 161 87 170 191 200 8
15 108 192 193 126 128 112 147 28 142 13 177 16 105 200 13 115 8 77 118 163 140 101 161 69 51 67 156 120 193 59 79 83 150 161 125 15 121 138 189 173 137 19 150 171 28 86 140 144 88 96 34 70 178 169 145 114 50 6 15
171 146 64 182 128 73 125 64 9 120 190 24 16 1 92 149 67 3 134 79 147 183 122 129 46 162 17 111 47 28 183 75 55 173 64 29 11 130 16 70 81 13 26 197 28 53 10 54 41 11 158 6 187 133 149 127 181 173 190 152
176 27 46 102 148 133 195 46 76 7 20 68 50 74 61 110 79 135 22 195 139 8 39 124 2 192 193 117 108 162 77 194 97 162 55 181 108 176 176 25 46 58 200 45 173 182 176 103 55 182 21 13 68 37 118 14 145 79 149 38
119 199 123 152 150 133 178 140 127 93 183 56 130 24 79 7 14 193 12 66 13 193 95 196 142 164 59 188 193 186 184 81 57 81 58 83 92 185 57 111 71 107 144 164 9 87 130 65 32 170 70 149 72 45 24 171 78 150 124 104
126 13 59 177 40 95 108 41 107 78 165 62 151 28 183 29 112 124 156 108 50 111 16 75 7 7 85 99 6 68 5 132 86 158 73 55 190 177 167 196 91 195 170 112 32 53 150 90 110 37 170 108 113 64 178 141 71 141 24 80
78 124 74 174 37 195 37 112 191 76 132 176 149 184 120 105 51 101 180 17 71 95 92 179 146 138 80 167 116 174 74 59 16 147 69 152 71 107 61 31 29 64 135 159 100 73 179 182 54 96 75 9 160 128 70 140 184 118 104 128
52 182 190 84 2 165 134 122 180 25 167 189 53 195 10 37 146 123 128 187 12 22 120 68 50 158 78 18 129 148 126 48 181 149 50 13 126 35 3 96 73 24 73 8 105 194 3 134 63 50 172 72 73 121 59 97 119 178 97 104
87 129 153 164 132 189 57 94 158 119 29 197 179 139 90 41 107 116 94 160 4 17 187 139 44 110 4 83 22 199 184 21 183 94 176 4 95 149 25 66 122 166 63 194 40 89 167 9 168 57 28 29 51 29 135 182 110 143 147 54
22 19 108 134 124 1 135 157 81 148 21 110 35 192 104 153 31 187 192 170 175 48 82 72 58 60 199 97 161 117 189 103 196 48 23 169 127 34 16 5 121 83 87 50 138 66 21 8 25 60 88 1 70 26 34 98 142 8 199 177
10 124 38 80 39 153 197 98 179 8 75 199 51 137 27 174 54 153 38 114 189 22 129 95 62 53 31 160 185 128 87 68 82 180 199 59 152 157 157 17 132 23 91 28 146 58 182 3 22 173 106 38 99 76 43 99 157 101 86 62
22 150 120 54 195 144 79 33 91 23 116 15 168 188 36 11 29 194 156 62 52 121 144 93 11 16 35 117 71 138 24 52 194 176 136 136 113 191 157 122 87 86 128 138 90 104 195 81 68 53 181 191 85 82 138 38 67 133 195 50
10 41 127 174 77 134 98 191 25 115 163 105 62 145 87 71 32 39 190 156 139 148 10 7 3 30 143 173 93 137 47 110 61 25 73 174 140 181 181 15 77 37 82 180 190 173 54 46 21 120 43 42 147 50 142 82 78 145 122 94
142 152 127 11 79 101 98 127 62 134 123 45 132 124 164 177 197 28 51 123 156 156 12 117 45 187 39 160 181 99 49 42 148 95 168 173 20 18 72 101 115 86 107 45 185 93 67 3 50 147 127 191 73 84 16 96 68 32 196 4
165 55 162 133 89 105 191 143 10 31 94 46 170 31 79 164 153 52 172 82 115 33 121 140 46 57 64 47 188 135 101 185 46 186 27 1 131 195 97 20 63 12 108 186 193 40 160 79 72 118 58 110 189 73 89 125 113 199 57 151
200 90 181 169 116 34 125 158 131 80 153 176 52 48 64 102 55 76 63 5 84 179 148 118 165 95 60 89 14 39 136 22 119 133 136 106 198 156 31 44 189 79 170 128 87 158 83 61 195 115 2 7 20 142 17 110 17 98 198 79
21 162 153 146 170 144 34 16 130 91 64 113 27 13 128 173 49 60 50 193 180 196 29 175 144 179 100 199 113 46 40 3 72 35 107 107 162 43 2 167 68 85 51 66 65 69 122 73 168 72 180 187 178 14 82 42 195 68 140 137
95 117 57 11 28 192 149 92 162 128 77 126 167 186 102 142 49 58 105 81 67 13 109 27 138 15 3 136 147 65 35 17 105 139 3 2 175 148 198 198 121 13 99 127 76 105 76 195 69 97 61 12 47 132 36 118 40 2 29 67
123 51 118 55 101 70 97 79 1 66 65 124 90 175 121 172 162 175 146 82 186 190 118 72 78 140 14 62 123 16 103 189 57 188 55 95 153 177 18 21 186 59 125 110 165 118 67 70 185 186 153 198 163 142 28 65 16 92 165 39
68 52 159 11 66 88 124 45 34 12 1 29 127 98 70 91 164 99 12 65 44 7 40 170 189 162 153 76 178 192 37 151 103 100 109 72 11 69 102 68 194 160 27 14 132 7 113 64 95 55 184 167 50 184 135 189 196 106 130 11
48 188 119 47 153 134 147 52 120 173 124 23 101 28 159 18 109 45 105 137 153 3 142 61 85 12 54 137 111 139 102 157 117 182 126 102 195 173 66 183 155 107 27 56 66 149 102 193 171 175 197 160 49 116 92 94 192 115 56 52
76 35 113 93 67 153 182 168 126 10 49 152 71 101 31 61 147 66 1 35 162 179 200 87 98 189 189 46 2 182 94 22 90 139 156 39 118 38 97 119 26 108 43 185 5 88 57 125 96 46 173 109 89 62 104 199 44 120 67 158
96 145 61 18 1 87 124 128 122 124 98 2 96 171 133 181 12 161 154 124 41 54 64 27 174 76 143 35 68 189 125 41 90 122 159 53 81 102 68 109 115 117 74 26 188 103 95 33 81 64 35 197 120 115 2 58 51 58 106 144
61 95 149 85 189 152 65 187 129 7 156 90 20 171 79 160 76 166 166 78 177 131 162 70 63 77 196 191 141 103 75 39 123 23 46 179 44 24 66 90 156 87 180 82 105 175 86 179 31 140 159 94 14 186 193 65 145 40 12 153
41 173 23 131 102 108 46 159 180 172 91 85 134 168 44 111 98 103 192 154 187 87 76 10 2 33 144 173 11 19 159 125 182 200 40 185 43 65 5 74 113 93 128 85 89 181 117 34 54 157 175 79 9 58 71 140 137 5 67 22
194 111 74 139 93 70 145 156 128 56 10 190 148 80 154 99 187 50 127 56 35 36 67 189 154 20 63 149 99 73 104 89 158 156 171 44 167 140 22 59 129 59 60 141 49 186 180 10 79 105 180 115 121 181 97 98 135 17 134 184
106 54 62 141 147 105 197 58 81 105 89 188 17 166 31 13 114 198 177 167 70 68 105 148 34 12 64 58 89 138 10 90 121 123 122 4 144 57 112 91 80 173 103 166 184 176 72 102 27 123 154 6 70 126 51 23 63 10 72 44
124 96 191 22 44 196 127 186 16 52 153 194 194 133 155 147 177 37 16 4 34 127 94 123 139 114 63 42 103 152 181 196 117 65 101 47 188 122 163 165 181 113 54 48 100 28 189 1 181 65 64 158 118 89 107 146 53 3 180 48
158 56 60 99 14 26 51 57 186 38 52 196 90 129 73 82 15 110 131 156 23 176 157 28 124 20 191 66 82 53 192 183 64 173 19 147 77 143 34 118 32 155 154 159 173 103 28 170 62 100 72 133 151 133 123 22 195 66 189 138
185 25 105 165 32 73 136 82 60 103 137 88 4 145 1 85 124 164 31 44 94 137 46 50 147 81 129 193 75 15 31 22 187 154 115 143 36 191 196 107 52 170 60 60 120 36 147 116 162 72 98 30 54 14 64 146 139 137 136 156
47 188 99 136 22 44 147 148 195 11 107 107 74 14 169 42 175 154 150 100 146 17 102 61 48 62 22 150 27 183 140 138 105 119 29 25 199 20 14 52 4 180 30 174 85 139 62 132 156 65 147 21 13 172 74 91 64 53 44 69
76 12 49 74 120 142 51 35 69 80 115 91 126 128 48 48 98 40 40 128 49 123 96 53 194 26 7 5 180 190 76 84 3 117 20 180 64 48 82 129 199 71 64 23 116 137 149 122 116 197 82 104 47 177 187 190 163 190 146 86
115 130 117 169 169 84 160 150 12 19 157 25 14 110 42 166 5 87 51 160 17 155 108 4 71 180 51 92 111 156 187 75 46 110 167 139 75 85 151 82 36 132 76 1 128 64 146 49 82 161 190 125 147 126 59 200 22 42 17 128
108 126 119 196 95 43 188 50 30 80 144 96 2 188 134 61 193 118 49 129 107 129 180 82 38 185 195 184 37 75 141 31 94 1 189 153 70 44 173 122 55 153 36 116 32 45 36 195 115 191 15 26 110 66 34 60 27 128 87 9
146 14 139 176 134 162 143 131 4 196 135 12 175 81 166 72 169 171 162 18 49 33 130 113 43 65 78 197 97 35 177 175 121 132 192 5 182 19 90 25 200 127 85 66 59 60 130 128 195 199 142 143 145 62 128 9 15 90 165 144
85 96 159 143 112 40 26 115 26 51 125 49 146 90 115 112 187 31 143 66 81 85 22 153 155 90 3 133 126 193 117 40 95 121 159 198 153 13 42 83 27 149 148 24 120 141 109 110 89 37 144 19 116 36 86 141 22 176 144 124
31 113 29 65 34 170 103 2 75 6 195 49 154 80 50 194 16 37 131 75 125 130 196 105 83 6 156 184 186 179 111 1 49 73 114 109 64 146 104 62 98 179 68 174 171 34 92 1 53 65 29 175 67 119 69 121 165 27 36 131
153 65 189 144 1 86 153 82 8 190 77 26 124 177 190 110 79 100 33 60 137 82 127 43 147 61 60 118 102 66 75 17 102 69 5 145 96 90 191 148 23 27 53 136 43 128 70 169 90 91 34 1 196 155 53 62 79 154 192 24
147 70 122 149 142 98 45 98 113 87 42 192 163 56 99 93 61 3 136 137 108 20 4 146 43 126 9 64 105 48 150 114 143 54 44 24 161 93 19 99 151 6 58 183 47 85 101 127 77 115 123 73 145 136 141 90 63 90 4 113
17 163 147 29 135 150 2 85 101 68 148 198 155 78 190 67 99 177 23 55 58 170 64 183 125 52 67 58 179 168 58 138 35 118 145 31 155 51 94 127 193 62 27 10 108 125 155 38 169 105 192 44 189 39 6 79 26 182 88 108
153 62 193 158 156 171 87 97 130 59 186 101 54 27 171 181 164 138 89 84 91 77 189 23 127 142 89 57 12 187 47 10 188 46 7 93 154 66 37 62 88 21 198 49 76 138 172 82 23 29 110 115 16 191 193 40 110 174 32 57
186 121 76 28 114 109 196 27 24 49 53 126 83 151 82 123 150 81 176 136 20 171 11 149 106 138 165 80 43 32 185 198 66 92 46 60 169 128 9 103 33 46 110 108 79 134 136 151 21 168 134 83 158 7 112 8 55 29 21 163
57 10 43 14 88 22 175 86 92 147 48 157 9 63 16 78 126 22 117 86 88 56 184 19 168 113 43 99 84 169 91 164 192 103 124 35 97 6 139 73 197 174 14 109 58 150 136 53 141 16 183 84 142 62 61 22 169 143 112 173
107 174 129 181 109 50 133 95 131 11 181 2 47 126 200 93 87 4 1 21 100 78 199 83 147 44 18 73 101 159 64 71 79 79 148 73 36 142 136 75 46 32 2 185 58 30 84 50 14 78 185 97 5 33 167 3 108 176 4 129
53 184 186 136 130 184 50 169 105 135 176 55 149 149 102 143 176 92 190 51 45 30 193 26 111 186 147 37 90 78 66 71 64 153 180 165 90 116 88 140 11 72 48 37 56 150 195 92 58 172 47 197 147 20 64 124 10 41 97 28
37 65 37 197 13 10 23 163 49 177 136 1 114 170 194 92 49 43 88 146 107 16 53 150 71 102 197 78 156 166 91 195 55 162 199 109 164 164 77 5 85 43 75 29 67 87 7 54 42 190 187 24 76 137 186 63 46 137 55 121
86 190 3 178 159 62 79 54 157 142 126 38 72 150 128 110 131 21 101 160 17 121 156 121 54 121 96 24 43 84 160 146 65 134 135 149 145 142 200 158 196 119 95 183 39 17 49 49 102 194 151 12 152 100 157 22 122 139 84 50
125 191 136 29 200 161 14 17 22 123 50 50 6 87 193 13 194 187 174 169 98 18 175 126 131 14 100 200 26 181 53 57 31 35 8 29 47 30 44 97 28 9 97 56 107 133 90 121 7 1 114 81 141 155 122 164 30 82 11 148
28 109 51 125 186 185 87 66 110 81 197 8 177 21 90 123 162 84 118 147 94 75 43 190 131 30 57 177 183 173 53 199 168 20 116 187 175 59 189 52 129 140 9 142 186 171 196 43 33 148 101 181 26 59 70 140 187 140 128 107
5 123 91 133 99 107 133 46 98 115 183 39 102 197 87 61 99 56 55 6 91 78 130 5 25 4 67 132 75 65 23 50 112 113 57 3 72 74 116 175 200 104 63 122 141 12 125 112 117 81 149 146 110 50 87 9 173 105 123 35
