60 	
37	63
0	2	1	173	2	
0	7	5	27	6	
1	7	1	400	2	
0	6	8	105	9	
1	3	7	166	2	
0	5	4	391	7	
0	3	2	264	1	
0	7	3	71	7	
0	6	4	311	4	
1	2	7	207	5	
0	8	3	64	9	
1	9	8	177	2	
1	4	1	382	6	
1	6	6	299	8	
0	2	6	91	8	
1	6	8	82	8	
0	1	8	265	8	
1	9	1	189	7	
1	7	6	199	6	
1	8	2	236	9	
1	4	7	353	8	
0	1	3	62	9	
1	9	3	100	9	
1	4	3	304	9	
0	3	3	392	2	
0	3	1	249	7	
0	7	7	232	9	
0	7	1	11	5	
0	9	4	256	2	
1	2	9	119	7	
0	7	6	386	3	
1	3	2	66	6	
1	4	4	140	5	
0	5	1	314	7	
1	2	3	445	5	
0	9	9	193	9	
1	1	8	59	9	
1	4	2	174	1	
0	2	1	424	4	
1	5	9	176	4	
1	2	2	225	7	
0	8	8	220	6	
0	7	6	308	1	
0	9	1	264	9	
1	4	1	104	9	
0	8	1	97	5	
1	7	5	221	3	
1	7	3	229	6	
0	1	3	8	2	
0	3	3	414	9	
0	5	2	12	4	
0	4	8	92	5	
1	4	3	402	1	
1	5	6	178	6	
0	9	9	124	6	
1	3	9	206	5	
0	4	6	51	3	
0	1	4	229	3	
0	4	2	412	7	
0	5	7	253	5	
105 44 107 170 130 37 168 101 18 169 59 192 167 14 6 88 82 53 24 194 183 180 154 134 98 37 123 56 133 184 130 132 65 9 173 190 124 24 75 28 32 76 167 144 132 138 154 80 148 191 186 133 195 2 188 95 67 181 140 40
188 28 30 146 72 177 46 5 152 158 101 142 68 98 180 74 60 172 135 19 94 116 36 107 6 111 163 184 32 45 109 7 196 69 13 74 162 109 43 13 152 116 158 32 159 154 113 136 5 40 178 133 105 177 114 58 188 70 104 27
153 121 148 73 75 20 79 107 179 48 171 184 45 37 63 87 178 29 5 87 44 146 139 150 23 197 48 16 30 109 115 170 54 98 43 46 114 128 5 186 155 133 104 194 95 184 61 154 169 160 144 25 165 63 56 186 39 179 42 193
140 21 124 178 166 181 177 180 83 45 169 9 129 66 126 101 35 105 198 66 48 167 109 163 16 180 63 115 107 47 179 183 105 81 137 130 19 143 35 13 53 156 47 84 198 35 26 41 2 17 174 48 199 136 108 118 144 198 36 187
110 138 193 150 22 30 160 124 26 35 151 169 57 21 89 187 54 84 57 68 78 27 61 96 183 138 196 28 132 194 182 152 179 108 155 7 28 180 78 53 184 157 41 177 171 19 122 145 148 95 26 130 161 71 45 11 139 144 183 67
24 188 114 117 110 66 65 148 132 128 117 154 177 120 198 181 114 167 115 186 83 170 169 4 43 112 151 184 13 200 191 44 194 141 165 102 135 111 41 24 9 32 47 48 183 55 171 9 157 66 188 53 96 43 187 37 127 156 28 113
27 58 14 31 176 57 43 172 69 83 118 161 91 8 118 171 52 193 14 167 110 7 154 71 79 193 160 128 140 105 91 198 109 184 159 54 13 67 48 46 102 170 4 170 18 43 175 79 129 168 27 48 172 109 59 99 138 78 92 196
103 78 43 106 92 53 128 30 160 76 200 19 13 26 163 22 172 26 63 142 34 185 141 137 126 106 81 193 61 156 63 81 40 180 165 23 83 198 100 121 184 197 53 49 116 200 152 199 167 12 195 114 126 53 116 153 196 190 146 62
190 31 1 187 26 178 90 157 165 163 130 77 75 98 10 112 21 75 42 89 155 80 152 196 100 67 36 27 51 33 179 119 135 3 181 46 29 173 140 112 113 44 137 189 38 193 139 46 177 199 91 16 185 89 139 59 83 117 86 67
160 21 121 66 22 45 123 182 34 38 72 187 29 29 75 166 76 36 85 70 106 173 51 157 62 175 100 37 12 200 93 20 83 13 82 105 171 37 83 28 136 102 50 144 27 31 151 44 91 11 54 68 98 81 60 45 195 123 83 79
119 166 104 113 115 16 184 130 158 190 141 141 157 195 189 55 139 147 10 128 62 140 18 112 118 40 183 56 152 137 98 167 168 28 31 45 40 33 21 59 116 123 196 68 115 92 29 193 187 134 180 57 190 36 99 129 11 6 15 127
195 125 88 63 164 74 76 178 14 8 143 188 60 120 3 172 195 174 146 27 112 195 71 192 10 29 3 33 170 49 129 129 51 187 84 13 7 13 3 23 90 45 134 18 87 76 110 142 112 58 190 56 33 79 63 71 38 120 73 121
18 57 49 55 98 22 200 54 196 114 145 5 30 1 88 129 97 165 154 191 144 130 87 134 93 165 37 118 147 167 164 60 80 100 31 137 124 20 159 22 147 65 19 178 79 85 190 72 52 83 5 193 185 163 105 125 139 64 11 108
164 182 169 136 72 9 106 29 173 189 181 47 4 95 162 106 14 110 56 144 149 39 148 98 73 15 29 100 130 195 76 122 57 164 183 127 36 77 45 5 82 146 52 43 159 26 9 73 120 161 111 4 53 32 35 102 111 48 96 55
12 109 135 150 134 22 140 91 57 137 143 97 94 122 199 26 72 64 192 199 199 44 196 11 93 47 50 71 182 25 50 25 185 148 5 148 175 35 22 148 45 52 143 66 129 139 82 52 177 200 22 55 171 38 166 24 125 66 80 136
182 117 182 48 14 123 47 143 92 99 152 155 147 177 111 58 42 178 18 43 43 42 155 127 135 121 74 178 94 14 112 103 127 157 197 122 59 200 113 27 132 145 52 61 116 193 109 15 72 149 193 33 185 32 155 44 123 69 35 105
86 11 169 168 19 148 137 103 82 118 119 22 2 48 15 87 71 103 189 157 15 100 190 102 191 152 68 173 92 93 139 130 95 15 113 95 159 1 86 132 118 53 195 124 123 44 166 172 31 15 61 160 199 138 197 199 86 159 56 195
45 111 56 114 97 5 186 175 164 107 18 140 82 90 164 13 188 19 78 130 190 96 46 149 153 159 71 179 36 112 4 54 175 184 168 52 2 192 174 70 21 111 180 181 99 62 101 118 115 23 89 113 29 82 99 64 134 81 197 25
65 137 102 138 177 21 135 77 77 194 141 26 11 29 25 102 110 71 114 86 72 121 76 107 117 64 82 25 98 124 174 29 14 83 83 62 177 188 184 196 135 174 110 177 112 153 25 185 173 50 35 32 24 165 17 159 61 66 91 178
12 54 194 20 182 4 107 54 68 127 90 159 113 10 13 163 136 83 24 125 116 56 175 27 114 191 169 166 184 91 25 163 97 123 40 68 51 191 73 183 28 20 148 120 118 8 72 87 120 179 41 134 88 56 25 196 175 90 8 81
152 90 89 26 113 108 25 147 135 142 115 165 193 160 101 93 64 120 37 19 107 80 43 74 24 104 176 113 144 14 189 153 173 141 57 149 121 126 30 61 23 92 11 122 124 35 10 4 146 84 166 99 158 185 166 158 55 44 34 1
99 49 122 198 10 178 121 78 52 51 49 84 99 79 193 41 164 189 17 16 81 24 71 144 136 97 154 23 12 53 176 187 149 29 18 65 138 148 9 186 158 170 20 199 152 151 187 176 10 70 67 196 80 14 107 85 105 154 62 37
34 163 111 190 128 146 11 95 103 38 48 146 128 177 158 103 151 18 10 200 195 103 121 168 142 161 189 37 105 86 48 54 162 168 25 180 2 194 195 98 45 20 62 92 149 39 13 50 85 178 199 3 42 181 76 77 166 194 31 141
95 97 7 104 77 96 61 152 105 169 123 93 124 104 85 32 73 119 102 80 89 84 91 58 195 67 145 72 147 114 2 28 142 33 41 7 50 34 185 31 20 87 173 60 59 68 19 148 53 155 137 35 200 174 179 15 185 8 13 57
81 6 86 80 152 91 17 49 79 139 41 150 142 15 106 49 151 189 86 158 118 148 196 19 12 144 112 12 65 76 196 50 56 196 14 199 162 22 111 29 199 23 99 36 5 135 33 149 127 193 4 189 15 68 199 170 159 20 29 80
80 178 89 107 63 170 43 125 116 192 125 196 165 190 27 88 83 191 103 82 42 114 119 27 98 172 158 110 5 54 105 65 142 2 157 100 69 68 101 32 180 105 144 124 45 120 146 131 82 60 30 162 200 46 110 187 123 191 153 53
105 29 174 4 77 46 31 183 74 38 197 126 167 40 95 126 134 151 126 145 55 56 32 86 86 84 37 50 176 70 66 52 106 28 69 154 52 170 104 136 169 197 102 138 13 65 85 70 90 129 110 166 159 142 177 39 189 30 142 92
120 43 177 175 26 68 170 165 45 106 134 129 114 150 41 125 184 112 111 141 102 136 101 191 51 86 139 125 110 155 4 194 35 104 165 39 117 110 2 128 156 114 35 90 146 2 179 46 70 55 15 88 101 140 1 111 60 80 124 10
145 23 184 149 66 149 24 54 156 126 6 48 37 156 130 123 90 59 14 73 199 154 120 114 80 103 196 150 47 2 82 47 64 161 162 11 161 37 2 21 77 167 183 62 59 120 77 172 12 166 118 80 190 73 93 149 158 168 68 125
198 170 199 28 91 121 105 1 135 85 156 76 107 125 116 61 97 74 118 50 184 124 34 162 14 160 182 8 69 101 184 135 73 194 151 93 115 52 80 48 137 53 181 121 71 148 72 85 134 46 190 150 99 3 35 173 121 151 71 114
55 166 189 169 189 84 99 58 167 63 166 29 98 125 44 70 67 102 192 22 97 74 151 87 24 34 2 11 181 180 79 163 177 107 131 172 42 84 114 106 30 89 140 131 72 129 20 14 60 125 79 184 72 43 181 51 74 6 116 19
113 31 42 174 104 146 66 139 76 73 173 143 102 54 69 144 131 108 185 171 113 78 83 95 187 22 149 47 75 185 136 110 7 7 124 52 155 3 8 121 172 121 162 169 146 48 95 191 64 13 111 22 24 71 197 45 48 40 32 84
173 80 72 125 25 120 5 184 62 52 158 156 87 76 109 136 52 193 57 43 128 86 191 40 120 162 63 125 62 14 78 93 40 92 199 8 126 79 97 135 59 47 18 7 29 100 85 82 72 175 92 159 46 32 99 167 47 109 36 35
194 16 46 165 69 170 131 105 173 77 129 190 191 35 45 146 145 145 123 157 172 88 64 160 5 63 120 92 183 138 85 177 198 106 104 138 81 53 197 2 184 112 152 30 98 129 33 56 182 100 47 52 17 20 45 94 193 177 125 37
114 31 80 90 31 23 116 113 127 40 52 82 21 57 170 41 39 162 116 20 138 53 151 188 94 99 87 175 155 133 66 75 100 117 22 122 84 38 157 57 186 173 135 87 87 67 94 128 44 118 185 40 109 178 23 81 171 160 191 152
158 170 36 74 170 167 65 137 40 44 98 135 4 147 198 87 38 125 133 179 94 119 70 93 11 64 12 5 91 19 145 41 116 125 140 170 26 164 29 139 135 97 156 86 12 167 22 25 167 57 156 99 180 124 65 151 30 194 84 150
87 121 190 48 155 52 118 152 73 196 100 91 60 114 23 171 1 124 83 25 23 117 150 127 49 28 100 28 27 193 126 80 102 29 32 13 180 17 123 55 45 108 15 72 156 178 123 93 42 9 98 10 14 109 55 35 44 155 1 46
160 83 118 165 188 120 8 127 8 181 33 116 43 55 46 115 52 130 94 118 79 108 42 119 61 93 22 170 102 95 191 39 30 18 101 114 88 119 4 148 52 56 115 122 65 14 75 169 191 144 33 192 165 111 95 140 57 117 48 30
43 73 90 116 45 86 54 163 33 128 113 29 115 105 157 1 189 12 66 65 44 139 147 61 10 189 37 74 159 177 132 23 189 105 100 28 108 169 131 83 163 84 20 152 115 105 139 196 195 194 115 8 185 152 18 5 102 76 152 109
189 122 165 155 26 6 11 117 38 130 75 63 112 188 104 3 148 121 67 155 64 74 6 78 78 43 40 63 197 11 5 200 200 28 36 2 84 101 115 150 37 27 6 137 102 36 67 110 192 121 53 154 76 117 102 109 64 15 160 135
32 77 84 102 20 11 22 135 103 47 160 179 183 131 15 97 36 165 36 122 4 27 40 75 91 43 115 174 168 137 178 200 141 198 38 54 44 106 148 102 15 58 186 4 157 105 79 88 69 34 127 50 31 167 93 100 15 120 180 194
39 181 128 114 157 47 170 200 155 192 33 3 200 85 163 47 148 181 85 153 51 197 81 5 48 160 50 37 108 88 184 191 149 36 67 132 126 121 197 105 171 157 172 6 120 45 89 73 197 176 192 97 164 91 50 3 80 17 160 168
124 78 96 147 188 87 89 6 135 1 155 159 68 175 4 47 180 130 79 44 48 87 121 87 195 163 170 171 3 136 185 161 142 21 159 119 111 108 170 62 121 192 148 89 84 85 183 53 181 38 4 131 123 118 1 116 61 176 27 31
20 4 167 194 99 129 91 160 38 2 139 66 190 9 65 88 152 1 163 143 77 45 133 22 182 8 95 104 141 23 110 52 170 77 36 62 102 177 156 188 77 112 145 28 191 129 106 18 171 147 1 62 142 183 36 115 114 12 69 106
39 83 150 153 63 122 192 47 15 67 91 29 153 7 39 176 66 50 107 63 143 37 52 140 49 56 17 122 174 146 63 92 64 184 110 168 117 126 177 10 36 121 126 44 122 62 189 125 186 160 141 42 96 32 37 44 55 13 199 194
178 200 5 114 29 148 105 120 63 186 126 17 66 111 159 99 162 31 104 118 100 195 63 163 172 4 76 193 24 37 29 140 6 121 198 182 61 184 23 130 51 182 60 17 138 49 27 61 140 186 71 120 88 158 38 169 181 122 38 70
154 119 48 152 191 187 154 199 94 6 78 198 29 183 8 65 124 51 81 29 120 80 132 185 31 81 183 47 116 141 148 31 95 188 181 35 178 103 15 15 134 166 47 194 15 166 146 71 84 131 12 182 31 81 53 177 54 181 3 63
90 161 107 23 188 92 196 192 193 65 199 184 38 128 122 145 13 157 105 46 11 57 82 88 30 53 118 157 63 160 23 105 66 121 16 146 140 18 82 74 41 81 119 15 109 22 135 177 179 170 153 102 60 175 78 86 82 43 61 33
169 89 1 168 49 178 116 138 172 4 171 140 153 76 138 32 165 97 139 29 186 124 147 92 29 186 30 111 101 161 103 31 195 125 63 34 101 199 15 167 177 57 47 27 63 58 37 148 29 171 193 84 160 13 43 163 125 57 150 199
184 193 199 16 143 95 102 152 168 27 144 43 87 197 147 49 145 147 139 130 167 169 44 123 44 35 1 102 146 190 47 149 9 100 132 141 94 5 100 58 2 12 198 38 159 198 41 18 88 177 84 157 64 111 112 86 191 19 165 59
140 175 50 104 169 31 105 27 17 23 130 87 73 106 104 103 193 22 123 167 180 12 113 189 91 8 154 137 125 82 40 104 169 110 17 94 25 49 146 69 54 163 140 39 136 42 63 159 161 27 110 48 168 104 120 49 7 130 31 68
97 158 116 143 91 77 3 16 157 23 198 147 63 158 58 57 15 97 100 181 138 26 176 129 116 85 71 177 184 199 33 181 170 92 108 4 31 105 169 48 78 145 122 54 39 123 149 83 189 129 143 67 95 43 110 176 138 136 170 110
194 161 100 51 45 188 44 25 119 27 54 4 195 129 128 29 150 104 125 42 101 69 16 157 80 23 193 125 186 108 163 52 193 183 186 103 60 44 162 44 57 42 31 139 153 38 91 160 82 67 177 118 120 127 151 142 47 61 13 38
127 65 152 17 13 45 186 181 98 21 52 26 69 92 27 35 22 21 5 51 71 139 26 182 178 8 116 22 65 53 191 140 28 37 163 31 120 129 168 88 136 198 66 143 140 65 52 82 30 141 53 191 181 49 30 99 15 128 85 11
2 90 193 98 86 153 139 13 17 121 159 74 186 200 180 73 151 86 65 135 40 117 8 41 19 119 104 156 138 137 109 100 32 137 44 28 116 24 109 185 138 119 105 110 108 139 70 148 152 120 170 84 65 62 95 128 79 26 115 139
153 178 132 124 123 140 182 111 141 87 164 72 105 90 52 108 26 16 3 70 41 134 187 83 6 129 82 160 157 188 197 23 101 135 50 105 91 46 117 144 159 168 163 1 2 35 92 136 82 144 146 161 50 48 55 67 10 145 135 71
93 101 28 39 18 196 124 120 187 141 78 120 150 89 31 6 50 12 14 63 186 173 83 111 200 12 144 139 99 162 148 121 89 198 197 70 105 194 115 25 118 173 84 194 29 19 75 153 98 148 87 130 184 138 72 60 56 59 79 140
70 123 128 61 5 106 189 186 1 37 141 192 12 161 118 31 98 129 145 169 160 93 53 116 21 3 66 94 154 24 42 117 143 46 164 18 58 163 178 92 138 112 25 184 151 169 121 54 75 81 131 188 153 114 24 62 84 28 59 153
42 6 125 149 44 19 17 173 153 169 114 19 141 140 109 69 10 69 136 102 162 118 30 155 120 156 171 91 134 198 20 25 58 185 22 171 92 87 90 167 149 29 182 95 111 116 24 168 154 141 47 9 104 176 176 140 43 144 121 169
105 133 200 51 143 79 183 19 85 74 153 77 29 49 139 145 116 149 82 25 147 4 164 184 62 96 192 26 13 91 197 104 76 165 171 195 8 92 147 157 180 116 73 73 94 168 197 64 93 89 19 77 5 152 158 11 43 164 40 101
164 24 194 49 40 44 82 199 146 30 188 44 155 109 62 120 100 95 32 38 182 19 28 120 139 134 160 115 158 131 9 43 70 136 51 63 17 43 53 188 129 56 108 32 24 125 54 166 48 193 126 185 36 107 133 100 104 114 17 123
