70 	
46	51
1	96	7	653	4	
1	81	8	1560	7	
0	17	2	889	6	
0	3	2	1240	6	
1	26	1	1133	5	
1	89	4	1407	8	
1	35	5	551	4	
0	51	7	1572	8	
0	15	9	1549	3	
1	36	8	1218	8	
1	24	3	162	4	
0	70	6	1724	5	
1	40	8	1117	3	
0	52	3	612	3	
0	65	4	500	9	
0	75	4	33	3	
0	71	4	1502	3	
1	49	8	927	1	
1	23	6	1695	3	
0	7	6	1589	9	
1	98	3	1381	7	
1	61	2	712	9	
1	14	6	649	4	
1	6	3	295	7	
0	4	3	1600	8	
0	85	7	495	6	
1	87	5	451	2	
1	78	2	1326	1	
0	50	7	1106	3	
1	36	8	550	8	
0	15	8	300	4	
0	75	1	92	4	
0	29	3	1423	1	
1	59	8	1318	2	
0	82	2	1185	2	
0	62	3	1277	9	
0	42	5	1064	7	
0	96	1	529	3	
0	38	8	1086	9	
1	91	1	72	7	
1	70	7	1068	2	
0	47	5	918	8	
1	26	5	1611	1	
0	60	7	677	9	
0	87	5	731	1	
0	42	3	902	2	
1	45	8	348	9	
1	66	2	1440	2	
0	79	1	805	4	
0	35	7	849	1	
0	46	3	726	9	
1	42	7	725	3	
0	32	4	1735	5	
1	72	2	704	6	
1	41	5	1543	3	
0	81	5	541	7	
1	38	8	862	1	
1	7	1	672	1	
0	13	6	700	8	
0	34	7	1375	5	
0	98	1	272	2	
1	42	3	658	2	
1	1	2	605	4	
0	90	4	1054	3	
0	49	7	1014	6	
1	67	8	572	9	
1	66	2	564	2	
1	31	9	843	7	
0	18	8	1694	5	
0	55	6	365	5	
182 6 178 184 96 134 129 142 103 114 74 4 115 144 94 73 50 123 45 6 164 118 149 51 192 145 27 103 53 144 159 24 200 159 136 159 19 118 50 61 176 165 183 135 82 92 60 8 25 193 196 98 191 34 84 97 112 150 79 54 54 4 188 29 162 169 22 76 17 140
150 46 28 108 39 37 175 83 41 15 16 176 154 37 128 182 136 182 86 28 148 129 73 41 110 178 4 157 36 121 92 198 107 67 172 172 3 169 80 106 103 137 174 119 32 57 15 43 195 29 180 181 83 16 39 87 185 4 56 173 30 30 185 10 32 11 41 43 3 68
164 72 99 193 67 150 55 10 83 81 71 135 78 192 158 41 11 49 190 72 104 116 135 106 13 39 135 20 56 115 177 155 105 118 27 159 14 164 179 141 25 54 5 144 67 189 54 175 54 179 197 5 14 131 191 111 11 136 8 43 158 134 145 181 112 73 155 1 161 6
150 184 195 142 74 120 11 3 109 94 110 171 155 8 120 4 4 110 100 157 75 98 33 98 173 57 86 170 182 140 33 19 28 125 94 33 101 63 131 140 186 2 150 16 147 106 150 186 158 121 20 196 177 196 157 42 141 140 74 76 167 91 130 58 196 43 106 26 181 149
179 189 169 138 134 169 17 48 85 13 184 110 123 26 57 153 126 35 103 132 131 200 116 23 76 52 179 10 6 25 101 94 134 3 9 3 25 73 97 163 89 160 62 146 192 5 168 113 173 98 180 118 22 178 41 134 27 114 194 196 174 20 200 29 162 79 184 45 52 156
109 31 158 104 145 63 99 122 167 29 170 99 181 114 31 102 40 100 107 150 115 89 151 168 10 1 145 196 198 113 14 120 59 63 110 57 159 44 135 81 99 50 42 115 112 106 93 75 75 161 60 92 49 156 170 15 78 12 155 112 77 126 21 35 48 100 190 200 108 54
62 19 19 58 160 171 49 176 131 6 43 90 118 172 191 127 67 80 76 160 190 182 179 174 168 49 99 134 20 42 69 158 123 47 7 159 107 153 43 10 116 122 50 110 189 26 21 96 186 6 119 89 192 129 30 66 138 137 75 182 64 113 129 45 5 187 192 168 139 171
139 2 57 30 134 182 128 166 118 34 171 99 12 13 199 56 181 174 83 86 143 171 95 123 22 18 28 52 117 40 29 2 71 88 24 32 77 75 188 137 88 164 89 116 123 10 75 170 101 175 57 116 174 32 131 161 140 152 57 90 175 147 112 66 46 179 117 5 174 50
91 199 27 156 195 184 90 161 15 47 192 96 156 189 165 41 168 76 140 75 11 82 153 112 124 91 170 104 26 75 151 193 11 17 79 188 67 19 173 9 93 152 115 47 151 186 19 55 2 118 92 7 86 161 90 120 32 24 100 12 111 199 58 55 35 126 11 174 91 198
122 94 184 193 148 62 189 174 34 36 94 16 28 121 72 81 1 183 32 22 164 193 3 18 166 146 83 101 7 95 51 159 119 27 1 8 122 64 80 150 49 167 21 139 94 159 127 75 179 136 26 108 190 156 131 141 31 95 87 183 21 82 30 144 132 31 149 30 197 177
154 143 53 125 47 133 30 163 58 192 32 63 121 111 105 131 162 97 90 35 100 195 161 80 23 194 89 199 89 137 30 198 93 39 56 188 188 29 37 68 167 14 90 63 192 158 113 88 31 128 129 164 189 18 101 105 156 7 117 143 161 69 1 133 15 159 64 198 188 165
134 89 81 9 197 76 36 7 24 156 72 22 19 12 13 121 136 69 122 55 62 72 105 120 131 108 101 179 64 136 124 19 66 200 164 72 182 173 145 79 161 145 33 108 97 152 137 82 27 148 163 25 97 162 10 104 191 124 198 161 50 90 191 72 198 74 38 88 93 16
126 53 84 115 24 137 106 20 165 58 115 17 88 182 162 191 162 17 27 21 174 137 93 41 40 94 136 169 133 116 189 139 93 116 189 11 164 134 37 65 76 181 73 70 129 128 21 67 93 172 193 118 121 78 150 149 156 156 110 76 86 111 8 16 162 112 150 62 146 169
68 194 17 84 65 191 76 21 177 179 117 160 132 126 39 17 117 126 185 40 24 158 128 187 55 7 62 33 72 106 175 17 128 165 151 148 199 20 134 1 23 98 50 17 112 150 40 88 185 171 59 7 193 162 46 85 105 132 95 186 20 196 34 57 153 32 158 92 92 141
149 200 166 113 125 156 93 2 121 106 98 93 22 200 188 127 2 124 170 77 59 89 182 191 44 156 88 96 100 105 96 63 31 165 198 124 144 181 148 40 22 73 163 91 39 99 80 33 31 87 22 134 6 122 107 48 157 181 151 154 132 130 81 165 3 50 37 145 126 156
108 65 76 54 16 169 81 8 112 171 153 34 6 57 71 148 188 49 57 115 103 134 3 164 128 114 169 19 155 105 189 52 163 193 74 10 18 163 175 39 73 158 183 29 98 99 92 117 98 68 72 121 122 111 74 98 136 141 199 94 19 22 61 42 67 62 156 78 13 123
114 68 139 117 107 150 63 6 97 102 80 81 161 109 190 72 162 52 197 7 56 22 116 164 155 183 120 100 33 195 95 127 175 168 102 171 174 12 38 129 152 84 45 49 164 167 68 89 15 129 127 174 168 51 140 101 13 174 110 64 51 8 72 111 77 91 40 18 174 36
45 16 195 185 88 32 9 88 177 19 188 56 172 58 120 92 85 76 13 54 124 7 3 72 110 139 76 80 95 129 174 74 131 200 174 154 28 38 30 24 5 195 102 88 37 146 43 79 198 148 142 52 95 34 189 108 26 116 180 86 63 45 13 164 39 157 91 178 71 198
183 168 79 80 129 9 118 167 86 102 43 5 106 12 11 124 182 82 98 82 63 82 153 169 167 19 32 60 25 60 52 84 166 158 102 178 68 61 100 98 181 26 30 81 162 181 168 122 61 150 48 128 196 163 189 20 18 153 153 172 181 77 189 45 36 200 44 39 56 25
72 114 14 63 33 158 90 200 15 65 165 1 93 7 187 106 2 91 195 176 180 117 142 29 145 129 141 164 35 166 92 8 71 159 69 24 114 87 94 101 193 118 2 178 58 93 187 50 114 184 21 62 83 163 190 106 76 164 169 126 76 96 144 3 46 40 100 65 165 105
160 54 15 183 12 188 171 122 105 18 15 1 159 132 161 126 149 135 82 159 185 138 4 18 165 192 101 13 200 135 72 137 51 9 14 21 11 71 86 192 82 63 26 189 172 158 199 35 66 177 93 54 64 150 109 112 51 47 55 135 189 178 2 102 76 138 75 33 13 140
28 166 5 159 190 163 173 120 74 91 103 30 199 200 23 95 19 71 72 53 150 112 12 124 19 90 63 78 52 40 60 170 54 153 20 35 161 155 37 90 8 77 156 149 69 138 176 36 192 114 162 137 9 139 69 40 104 181 44 1 60 57 156 70 163 64 24 130 9 186
171 174 117 162 194 186 96 150 148 105 16 108 147 14 21 109 71 2 174 197 11 62 165 150 123 180 140 139 32 81 191 107 132 94 118 19 59 182 5 130 125 45 154 179 92 120 125 45 171 68 25 17 32 13 199 6 69 80 29 38 179 148 193 104 132 74 92 170 104 91
47 199 88 117 94 115 43 94 106 153 86 24 35 166 26 81 63 11 134 1 148 104 132 155 51 156 152 123 98 9 178 189 175 160 133 43 100 122 8 34 65 143 3 189 169 68 83 103 134 52 189 77 33 61 98 161 178 76 28 177 26 77 129 165 194 170 46 98 39 155
48 191 80 142 170 64 135 71 167 160 186 42 107 94 91 65 35 97 79 73 64 199 62 47 93 76 93 124 151 161 161 111 56 41 194 200 176 20 96 159 200 106 114 19 45 171 14 24 181 60 143 78 84 172 196 46 20 41 60 191 25 28 90 46 126 5 153 27 140 152
54 144 26 90 189 9 83 137 56 3 187 127 192 15 192 160 129 23 176 101 30 53 100 66 109 130 50 194 3 174 73 73 106 111 22 155 71 94 67 24 79 148 159 129 26 188 93 135 163 132 150 32 156 15 38 51 108 100 108 84 172 162 93 94 148 147 29 75 63 155
17 87 98 155 69 159 172 40 12 14 53 80 94 76 12 131 54 114 68 48 200 153 18 69 196 26 106 73 197 36 78 26 41 185 137 196 179 128 82 16 88 158 110 91 145 198 108 179 200 119 132 34 145 27 53 15 188 1 78 39 102 198 163 126 30 79 45 27 61 128
91 195 111 30 15 15 89 142 115 31 174 19 195 41 39 36 173 183 19 193 159 145 166 170 51 65 85 22 62 123 80 177 47 149 73 90 121 101 3 170 110 1 174 144 12 16 114 133 155 97 40 7 183 82 164 126 61 25 79 53 112 30 118 103 64 77 90 23 145 171
169 134 22 40 164 49 152 150 160 24 24 108 67 178 185 112 50 63 104 84 120 87 179 111 55 9 105 109 86 48 24 97 140 142 40 107 18 31 90 40 185 3 4 3 126 85 81 56 37 94 103 174 137 50 72 150 120 3 69 29 184 191 80 105 121 189 80 16 171 58
144 10 166 170 110 163 183 16 166 57 34 128 18 103 199 150 54 157 134 130 24 69 39 172 123 176 117 152 179 133 63 41 150 76 40 9 48 119 86 7 74 65 190 77 200 46 97 134 112 112 45 42 6 127 124 32 115 35 3 16 41 129 177 137 134 108 75 189 172 56
117 188 7 109 49 83 146 34 143 158 140 113 66 165 25 104 101 6 120 156 102 124 21 185 186 125 107 49 16 127 63 25 3 57 46 79 160 69 28 90 132 42 99 159 157 196 34 197 119 94 87 120 11 65 131 199 52 162 97 37 141 200 188 59 61 72 200 127 48 189
87 30 99 155 164 16 144 129 13 126 166 73 124 62 62 151 88 73 168 182 1 117 59 31 18 167 188 100 37 45 75 181 136 35 196 40 113 35 170 157 97 2 98 21 68 150 147 69 136 83 193 52 10 174 181 87 88 92 62 80 98 169 73 68 133 196 194 90 193 58
160 85 166 102 33 82 35 131 87 67 13 93 178 183 4 89 7 117 131 111 191 7 123 81 146 161 158 61 70 160 126 183 196 68 104 23 144 5 156 85 155 5 188 184 158 30 36 96 51 42 111 196 38 192 60 24 19 93 70 11 92 28 74 100 173 191 80 96 1 35
136 128 55 165 77 180 109 172 173 21 117 125 109 117 161 192 42 166 176 161 112 137 141 187 117 25 90 129 168 20 97 38 23 116 79 66 195 20 133 66 39 26 163 155 25 169 39 187 3 84 147 75 144 160 129 17 58 195 40 140 10 153 2 85 156 99 135 50 92 164
34 6 39 104 180 190 54 170 161 49 118 65 85 145 32 47 46 133 164 124 74 161 179 5 172 32 153 194 155 170 150 160 120 195 74 2 102 33 46 97 46 11 199 138 199 127 124 135 44 159 199 67 187 7 14 74 4 83 193 180 123 49 70 33 108 29 152 180 171 55
113 50 88 68 25 112 200 182 47 115 27 122 155 184 161 32 98 49 188 124 200 96 152 97 177 124 68 134 198 94 147 71 44 189 45 114 34 168 43 93 59 52 133 165 4 5 103 73 177 132 88 117 79 13 151 123 198 18 136 138 105 1 157 72 182 170 156 124 116 95
93 186 151 81 46 65 121 165 106 90 130 46 164 195 130 24 60 22 147 192 147 13 175 140 53 109 190 108 48 47 180 196 171 81 163 49 18 68 193 131 163 179 172 5 45 55 185 30 197 33 47 158 71 143 38 83 117 112 138 56 36 106 16 43 115 148 133 81 138 170
85 142 68 178 113 114 176 149 189 138 94 121 200 147 106 94 150 38 174 41 107 51 165 54 197 150 165 167 9 124 27 119 20 103 158 12 123 197 24 176 2 27 174 179 18 33 105 147 82 136 96 64 174 136 67 124 58 82 126 146 111 187 85 48 144 18 25 164 156 150
150 108 154 20 164 161 100 78 100 68 185 109 156 40 100 83 38 119 108 130 5 10 49 30 15 62 173 45 134 156 162 139 176 116 153 40 112 120 166 197 89 66 44 83 23 145 153 4 58 77 153 100 13 161 7 194 15 37 184 131 38 65 104 190 137 102 16 151 148 44
21 162 101 161 76 42 163 120 133 181 99 113 146 145 29 165 14 129 19 171 56 113 17 137 53 111 24 74 12 49 89 168 166 98 139 176 135 142 182 170 130 92 70 140 97 186 102 116 16 12 41 5 135 57 177 174 142 175 24 36 59 25 11 177 26 116 69 163 156 102
120 157 44 22 28 33 83 119 175 64 48 113 126 9 54 9 20 51 11 129 66 132 147 61 74 65 108 179 184 165 164 47 102 110 107 167 15 30 66 81 189 23 19 71 18 178 188 166 68 146 198 156 184 34 122 74 21 49 102 75 48 170 62 189 37 87 14 168 55 100
157 182 4 17 78 64 121 112 187 3 125 24 163 111 22 113 175 23 115 96 93 165 18 120 5 94 84 72 8 43 73 16 151 166 21 101 90 198 64 81 184 139 56 71 127 44 4 123 190 57 136 67 99 195 160 83 142 113 135 138 185 158 118 41 164 29 20 6 119 137
174 120 59 114 41 97 173 39 55 46 85 50 152 129 112 101 99 58 176 79 147 63 51 127 71 113 113 50 56 162 105 46 55 6 68 14 58 37 89 132 136 74 97 99 163 45 94 155 17 28 167 48 141 36 99 98 19 24 176 87 83 25 61 160 111 104 63 168 85 49
138 93 99 37 25 169 27 108 160 3 8 128 194 80 142 123 68 20 139 39 197 113 11 168 153 3 98 147 86 132 102 39 106 199 40 37 156 97 84 192 66 24 107 141 48 15 153 120 14 26 53 87 155 173 140 71 11 48 35 6 182 90 53 102 34 111 106 108 178 139
70 14 110 86 93 67 83 96 78 149 77 191 182 172 104 79 67 54 101 34 132 13 41 47 164 90 82 54 177 171 200 131 169 174 44 183 110 84 36 9 194 175 26 164 70 126 78 83 22 162 24 61 50 88 189 135 126 56 3 109 91 51 31 111 25 192 10 58 51 32
144 38 172 65 27 187 196 144 180 97 198 75 131 200 175 110 65 84 56 47 81 126 74 170 196 196 28 20 16 124 118 194 89 37 133 176 115 73 168 101 126 16 157 200 154 80 167 167 149 8 26 189 57 182 79 105 30 158 27 21 160 125 7 8 32 77 94 127 45 4
80 167 98 13 90 158 120 135 105 21 88 149 48 119 160 168 12 127 96 133 145 74 189 110 102 99 106 189 189 35 118 100 41 115 85 136 37 134 162 185 66 66 59 192 100 170 43 41 5 150 153 157 72 52 114 158 121 30 200 172 59 175 167 18 199 19 172 149 41 153
29 193 35 120 24 8 83 94 78 157 173 98 159 182 193 35 182 15 26 79 164 49 136 43 68 88 161 69 18 73 80 84 55 154 63 157 151 28 156 125 197 97 14 90 167 89 42 43 149 195 146 72 97 18 122 153 82 45 179 38 198 188 127 4 181 109 155 92 74 66
144 36 180 14 110 106 40 142 136 119 137 22 116 157 16 85 126 12 30 111 18 150 140 161 146 73 35 165 34 125 53 14 96 11 119 71 95 171 115 138 123 51 60 159 131 97 22 129 39 182 49 50 157 185 122 82 51 75 11 111 192 119 71 15 199 134 155 11 145 113
18 185 179 187 14 184 54 24 3 74 173 138 141 194 158 4 41 200 125 15 142 134 48 48 10 131 108 12 157 41 57 152 6 43 179 59 185 38 162 182 200 142 121 116 61 26 5 55 40 172 28 15 155 112 82 56 190 12 94 199 57 38 103 85 119 1 180 50 75 145
141 106 31 37 191 108 149 78 59 18 34 92 111 129 121 161 26 144 123 161 198 148 94 167 25 6 73 40 143 186 168 163 115 70 10 63 65 174 6 109 103 151 51 110 21 96 196 32 129 175 126 59 74 89 57 165 164 188 155 94 18 34 175 119 24 167 126 190 193 14
103 52 40 52 122 71 142 92 35 199 10 32 45 163 47 124 55 181 181 123 48 28 154 143 119 152 146 135 104 141 185 199 69 117 25 186 200 161 100 19 26 135 130 4 192 85 91 68 67 137 12 34 34 163 85 130 3 21 3 125 15 166 114 4 179 18 134 175 72 149
40 9 94 154 175 5 18 166 120 168 13 165 51 150 192 146 188 114 185 114 86 80 119 74 100 80 181 164 159 97 82 178 156 189 41 133 23 56 41 125 27 66 128 59 135 19 41 126 81 20 169 186 58 161 158 101 161 64 128 10 115 95 199 53 81 192 137 36 146 127
114 66 111 28 40 24 186 189 100 9 193 70 190 180 46 158 200 89 57 165 174 135 17 114 184 117 114 7 189 117 65 82 160 105 171 64 169 150 121 93 173 113 85 30 122 8 13 111 104 51 164 167 168 117 161 194 41 90 110 26 82 198 173 102 188 53 107 75 54 189
25 106 93 36 125 116 117 142 180 64 157 55 127 126 163 170 195 136 104 199 124 80 69 85 106 55 131 131 81 155 24 113 60 115 92 59 119 156 134 78 30 117 49 182 163 87 169 182 13 172 17 12 114 147 16 46 80 35 93 172 150 109 60 129 151 62 6 184 139 195
93 49 28 21 21 14 75 34 64 76 121 169 75 142 124 121 145 115 199 95 103 120 66 150 137 16 61 137 17 149 38 183 130 109 8 18 150 120 23 148 198 99 200 28 76 61 165 61 130 182 145 150 64 42 191 61 59 51 138 92 191 178 18 146 54 177 172 117 38 186
20 151 186 137 65 65 66 41 163 78 100 61 11 85 27 106 161 114 168 49 24 121 88 142 118 80 111 162 126 66 162 162 98 17 125 99 22 134 123 1 83 3 37 18 76 112 108 170 59 6 19 19 84 140 169 17 54 22 151 147 88 125 193 124 81 130 86 177 23 100
200 49 193 156 153 108 8 43 15 124 50 70 62 188 115 149 126 77 198 39 45 166 67 133 44 173 27 161 184 109 85 74 191 23 82 11 168 134 34 154 38 75 47 200 1 106 70 180 132 195 68 23 141 142 121 59 153 58 132 190 123 7 155 92 40 119 57 85 77 87
133 19 126 148 9 146 122 147 132 132 141 157 89 169 53 26 105 98 195 94 48 165 42 162 123 23 10 8 54 161 118 168 41 105 122 16 71 88 173 41 178 170 22 8 65 177 157 141 185 178 2 192 48 4 29 188 39 32 116 35 69 184 50 64 68 135 52 127 58 138
31 30 68 27 175 71 184 98 182 154 184 182 6 64 168 39 88 146 198 155 126 23 147 143 133 22 78 180 174 182 57 26 11 166 44 171 122 58 3 9 83 171 93 36 99 161 127 84 32 100 166 185 88 145 120 53 143 154 184 161 119 193 124 171 43 34 64 86 66 184
80 131 72 101 193 46 30 114 185 74 134 95 36 38 82 196 166 133 46 97 179 76 164 37 3 26 60 181 61 73 28 65 29 58 81 103 116 171 149 128 20 143 42 173 74 79 98 146 19 189 57 131 175 110 192 2 84 131 190 14 200 149 178 153 50 179 152 136 154 146
187 157 15 30 88 136 185 170 132 110 124 153 120 173 196 119 132 193 53 79 162 105 136 75 80 103 90 134 124 100 144 45 198 35 7 69 129 180 101 56 49 68 75 163 106 37 83 83 167 77 84 126 85 200 12 104 176 49 28 43 52 36 162 193 189 143 136 56 148 187
109 114 29 134 95 38 59 20 73 174 164 169 80 15 123 164 140 50 49 92 153 190 181 186 100 72 53 46 20 174 94 197 15 18 34 46 192 41 142 27 178 15 178 158 23 103 58 107 179 86 1 19 194 169 140 78 154 152 63 41 195 140 96 8 139 192 50 141 123 138
54 39 37 68 136 142 25 16 87 57 183 149 109 132 47 75 182 159 27 194 187 187 15 41 51 146 47 126 146 176 25 196 117 93 199 112 134 88 62 4 200 51 121 121 104 117 88 167 151 49 196 147 138 57 134 164 29 178 35 149 107 136 159 41 26 40 167 105 185 125
119 162 154 191 39 193 132 83 6 123 169 84 121 66 39 71 63 193 142 140 91 97 143 16 54 19 81 107 199 14 13 68 43 1 186 82 153 194 105 142 14 52 19 183 1 36 144 118 65 143 199 192 138 126 182 78 125 74 13 143 125 111 86 94 83 169 130 22 69 46
134 159 51 174 18 106 11 94 156 51 33 20 88 57 30 5 154 119 101 64 2 151 186 91 68 137 22 23 137 118 9 166 20 16 55 9 112 32 180 73 27 178 74 146 153 172 29 156 36 111 182 148 58 46 17 8 182 186 68 185 101 154 89 163 191 117 152 179 24 140
104 18 82 55 161 1 85 160 155 31 79 104 126 153 127 149 47 93 154 23 93 50 198 47 59 152 131 200 71 102 143 193 121 60 178 57 49 184 184 8 194 20 116 124 168 12 15 19 1 98 157 101 107 31 76 135 142 31 18 56 84 63 166 189 10 8 8 130 108 35
76 180 22 199 148 58 30 40 96 17 114 40 117 192 59 34 106 123 89 162 50 101 50 107 39 69 102 78 70 95 144 179 188 17 154 130 24 27 28 55 81 196 9 158 1 96 97 142 54 47 180 5 80 16 19 168 175 48 194 35 198 166 71 182 60 84 25 169 4 102
168 155 162 33 181 21 191 137 168 145 193 189 122 168 172 154 96 172 4 198 57 155 142 114 138 32 197 121 146 54 85 174 16 56 89 140 110 122 9 176 169 4 196 75 57 167 143 137 71 152 178 190 83 23 61 112 189 73 125 30 50 153 56 154 37 24 147 125 122 43
17 119 96 34 140 11 39 36 160 106 189 139 63 109 121 35 92 125 35 47 104 8 175 28 154 83 133 73 5 165 133 164 149 116 97 49 20 126 72 145 20 60 14 194 14 58 189 119 103 81 159 138 58 189 165 38 79 14 192 108 62 111 12 87 167 90 177 164 101 29
19 9 73 186 107 163 147 119 106 12 17 76 114 36 56 132 60 179 6 151 22 14 54 55 117 86 152 192 187 33 116 132 137 4 105 26 12 172 103 57 10 161 36 87 19 81 173 147 184 93 29 195 123 73 191 104 133 9 33 82 93 191 169 33 192 120 53 42 137 7
