30 	
9	11
1	22	4	1035	8	
0	19	6	1012	9	
1	56	5	290	7	
0	53	9	355	1	
0	91	1	98	2	
1	69	5	158	9	
1	62	8	1549	2	
0	51	1	537	3	
0	98	4	291	8	
0	22	2	1780	1	
1	73	1	1595	8	
0	59	3	1318	5	
0	11	3	489	5	
1	82	3	628	1	
0	76	9	41	1	
1	48	2	987	9	
1	95	6	1137	4	
0	73	1	445	5	
1	4	3	339	2	
1	87	7	882	1	
0	67	4	17	6	
0	8	1	198	4	
0	70	3	586	1	
0	96	1	691	9	
0	41	4	120	8	
0	87	9	1468	9	
0	98	9	1408	3	
1	91	6	1613	8	
1	65	4	965	8	
1	28	2	1057	4	
165 195 9 19 199 152 55 49 196 85 178 72 53 134 9 107 30 161 146 128 23 50 118 72 158 107 200 118 155 81
27 12 151 192 199 196 22 132 128 41 5 110 75 127 39 122 184 70 109 10 177 80 166 160 123 120 138 181 82 140
47 28 66 77 148 148 32 48 25 30 116 171 68 199 32 158 192 44 140 56 180 141 1 186 122 3 63 86 82 6
112 137 112 44 32 104 134 200 149 195 89 30 110 185 195 197 46 122 3 29 66 114 105 177 79 159 13 40 80 181
172 171 101 60 26 31 95 9 1 50 100 50 187 16 73 51 182 172 97 85 177 14 2 102 156 148 200 194 166 35
32 82 40 148 186 111 100 119 180 131 141 66 165 146 115 141 183 124 177 59 121 185 111 60 60 99 161 27 29 191
50 181 23 32 142 130 8 192 170 49 190 79 197 65 175 124 41 83 186 143 173 33 46 101 82 77 33 36 195 124
154 77 196 87 168 60 121 6 162 20 110 120 148 166 110 95 116 60 21 36 59 56 183 146 43 191 69 35 100 166
43 111 3 43 188 121 152 94 130 40 163 109 15 3 82 88 174 43 169 178 6 5 200 180 126 192 130 173 30 152
146 129 64 181 143 58 109 33 108 13 110 120 175 24 109 24 198 47 156 125 58 193 82 17 171 42 16 187 156 191
129 154 119 33 162 113 76 184 58 123 98 110 104 159 144 171 46 165 47 130 52 10 12 36 70 82 146 33 182 97
108 173 8 189 55 82 71 200 116 138 8 151 75 37 146 179 104 189 179 170 196 178 92 123 126 92 62 21 53 2
91 19 88 108 192 22 2 173 66 109 180 186 10 15 144 144 101 183 31 189 109 88 112 126 68 23 172 139 48 80
160 7 27 107 22 164 137 186 32 131 129 129 140 158 194 189 183 163 11 186 54 146 162 35 119 76 138 177 141 21
166 101 83 7 83 8 184 32 185 164 170 17 184 172 170 105 147 80 43 92 51 52 178 152 187 151 183 22 74 192
137 6 8 11 38 10 132 147 91 48 151 57 195 167 31 176 93 56 107 20 161 143 91 121 82 40 94 139 183 62
107 84 189 126 156 143 169 111 14 108 39 141 53 25 200 108 134 159 29 9 81 49 144 36 181 44 71 74 171 93
54 163 126 146 23 90 183 158 100 143 110 67 67 80 11 10 190 111 72 94 16 162 29 111 81 156 137 58 165 122
192 139 133 196 17 47 33 99 87 20 102 150 152 61 148 80 189 75 96 33 45 120 86 200 132 12 44 128 70 157
151 36 53 20 167 82 19 122 69 41 199 192 74 121 90 5 89 41 159 122 4 145 131 150 115 5 78 146 34 124
77 39 101 27 161 97 139 49 118 142 100 31 90 138 141 53 126 134 13 175 16 10 193 173 130 163 89 147 15 115
193 62 130 76 43 19 28 180 13 84 144 10 178 127 175 121 192 25 120 117 52 144 64 68 90 84 20 98 102 27
27 56 146 134 112 72 143 192 146 7 141 82 179 59 142 80 110 10 167 33 151 155 129 114 163 114 131 145 199 46
171 68 131 16 97 108 199 12 13 31 61 200 123 164 17 74 111 6 20 34 91 151 88 73 126 127 166 28 142 24
29 91 124 195 64 112 37 28 157 186 173 39 49 40 38 89 44 197 117 93 147 113 69 67 46 109 158 152 145 194
70 151 10 136 81 34 195 57 151 66 81 31 101 135 23 170 122 34 162 170 132 72 13 15 158 117 47 166 171 11
115 118 37 7 176 48 117 1 8 187 33 161 80 10 115 24 90 159 75 37 77 135 95 76 167 173 5 108 75 152
28 189 46 87 177 133 49 154 33 180 102 74 66 105 125 56 33 29 3 163 104 84 129 200 120 63 118 105 29 41
84 55 19 3 87 166 152 53 45 140 78 151 49 82 58 94 132 168 112 157 59 56 103 82 69 22 107 57 34 162
60 146 52 63 166 85 78 116 140 117 184 131 93 11 171 181 177 134 147 155 156 40 156 55 104 59 122 63 18 53
29 179 58 151 181 163 118 6 3 10 133 50 58 176 40 113 194 49 38 96 97 79 129 20 172 125 17 192 129 85
