30 	
39	54
1	8	5	207	4	
1	92	2	676	6	
0	14	4	1393	8	
1	37	6	530	9	
1	29	6	1333	8	
1	38	4	424	6	
0	82	8	479	2	
0	97	5	613	2	
0	53	9	1167	9	
1	5	2	966	9	
1	5	3	44	7	
0	75	8	1006	3	
0	74	2	547	9	
0	10	6	1044	4	
1	52	7	590	9	
1	14	4	94	7	
1	33	4	839	9	
0	91	5	550	9	
1	12	1	1348	3	
1	97	3	1095	4	
0	79	4	247	5	
0	26	1	721	4	
1	11	8	1236	2	
0	14	8	1214	7	
1	83	1	537	3	
1	49	2	940	8	
0	54	9	923	7	
0	90	9	1066	2	
0	13	8	309	7	
0	65	5	1331	4	
98 190 57 72 160 182 79 195 111 41 37 198 182 136 132 176 59 24 122 70 71 34 66 120 50 200 146 196 85 145
60 148 94 90 59 110 159 84 67 106 143 60 132 120 39 192 7 72 153 100 68 6 152 43 184 174 9 47 177 179
55 188 105 144 188 31 16 62 89 35 15 157 61 61 190 134 189 172 86 78 190 60 189 175 44 187 50 61 123 3
6 89 134 77 3 162 77 86 177 27 44 96 7 113 84 62 42 185 90 70 48 101 42 69 34 12 65 25 37 14
159 180 94 140 120 52 131 148 190 101 138 120 119 59 198 1 109 163 175 19 172 192 174 138 9 195 84 92 14 8
106 143 104 152 67 140 86 35 139 16 186 87 173 11 118 131 35 71 31 149 20 73 86 6 8 165 76 150 132 188
159 103 8 126 114 143 58 152 122 145 140 46 92 129 12 48 175 54 171 142 182 170 19 159 200 133 52 145 55 109
147 89 115 68 119 102 79 47 42 32 59 125 197 50 19 28 158 35 45 62 135 4 113 53 72 12 120 74 199 64
138 169 32 145 68 142 117 102 9 81 48 144 67 153 84 129 173 121 168 128 35 159 26 126 138 144 59 42 166 194
11 115 141 182 67 104 40 2 30 167 191 104 150 168 112 66 60 31 124 198 170 28 141 14 74 122 114 167 49 86
141 18 193 5 127 200 74 71 187 103 103 45 101 162 31 38 35 73 176 154 112 20 91 164 187 80 61 166 81 189
58 153 185 164 130 86 157 30 11 52 86 54 19 64 51 70 197 77 45 168 99 173 19 35 194 86 44 122 150 26
71 71 132 125 190 75 79 142 17 27 148 3 18 122 182 9 171 48 146 136 33 187 116 33 29 183 141 54 28 114
3 82 129 194 123 139 150 195 149 126 139 165 79 21 26 156 16 27 138 173 81 147 164 35 1 126 103 147 18 188
52 24 130 60 132 33 128 154 55 64 40 123 85 111 129 106 191 48 92 95 85 131 89 146 31 105 112 74 179 164
151 123 51 112 120 47 25 166 59 6 129 183 11 42 45 141 3 118 3 109 109 122 172 129 99 158 193 138 34 44
79 148 45 10 117 73 157 115 96 145 74 27 12 14 194 143 120 33 35 157 177 45 78 8 95 181 2 167 122 149
46 107 161 58 53 22 178 148 87 12 97 183 77 189 152 110 75 123 94 114 55 132 151 104 130 159 31 186 11 54
4 166 200 42 89 49 11 2 72 151 177 176 169 144 178 154 20 161 181 54 100 28 27 43 11 1 6 85 101 130
69 64 132 49 137 42 99 84 161 121 189 159 194 130 192 197 125 58 47 134 167 28 125 98 165 189 52 181 91 159
61 160 137 43 59 115 75 195 85 126 177 151 157 165 20 200 133 173 10 75 44 198 79 24 2 131 124 102 171 83
66 128 103 39 40 146 132 29 180 7 40 30 186 113 118 95 119 87 156 78 18 40 144 93 64 130 140 44 14 98
17 119 17 94 138 140 118 121 111 100 82 161 27 130 44 103 11 1 102 155 190 153 116 58 94 64 167 84 76 168
114 175 157 96 17 37 48 195 67 54 138 46 151 36 86 184 92 155 173 157 179 153 26 97 115 167 104 149 80 35
182 53 111 84 134 136 5 160 25 33 159 133 125 89 133 112 61 177 30 7 111 168 143 14 70 199 30 177 40 122
182 139 110 75 54 31 138 3 176 106 154 69 128 155 169 128 121 13 7 122 71 182 87 71 40 23 166 138 46 80
164 174 182 123 11 131 135 115 83 108 173 135 189 70 184 184 82 53 116 102 26 64 135 146 31 65 178 135 136 43
114 145 193 84 132 135 161 198 195 154 177 95 192 8 80 133 107 168 140 48 144 52 161 170 168 158 108 58 99 1
61 12 66 13 177 144 150 115 197 109 149 153 20 59 116 128 65 95 146 5 196 189 119 191 171 15 114 51 31 73
128 41 16 171 26 80 74 31 159 29 165 58 176 128 65 171 53 143 138 118 81 129 162 145 7 41 71 3 44 156
186 35 188 42 42 189 91 169 177 96 48 27 147 113 16 163 20 190 16 68 7 144 192 108 139 178 84 99 8 179
