70 	
24	42
1	7	6	19	4	
0	2	9	659	5	
1	4	1	343	2	
1	1	7	542	7	
0	8	8	125	1	
0	1	7	249	8	
1	9	3	687	3	
1	3	9	356	6	
0	7	3	187	3	
0	4	1	31	3	
1	7	9	293	2	
0	8	6	366	8	
0	1	8	133	5	
1	7	1	688	8	
1	2	5	259	8	
0	1	7	318	9	
1	1	8	38	3	
0	4	3	542	4	
0	9	4	485	8	
0	8	9	510	5	
1	4	9	296	8	
1	4	2	396	4	
1	3	8	85	6	
0	8	7	58	1	
0	6	7	462	1	
0	2	2	500	6	
0	1	2	672	2	
1	8	5	231	5	
1	3	3	610	8	
0	1	8	517	3	
0	8	8	114	5	
1	5	3	5	2	
1	1	3	71	4	
0	4	8	127	6	
0	9	8	689	5	
1	3	2	91	6	
1	4	1	314	3	
1	4	8	397	6	
0	8	8	211	6	
0	7	5	650	4	
0	7	8	318	4	
0	5	4	466	7	
1	2	4	271	2	
1	7	4	642	6	
0	6	4	327	2	
1	7	9	136	2	
0	8	9	410	5	
0	3	4	317	2	
0	7	1	357	2	
1	4	5	318	1	
0	1	4	428	6	
1	4	8	17	2	
1	6	4	15	7	
0	2	2	217	7	
0	7	1	190	3	
0	8	5	7	7	
1	7	3	232	6	
0	6	3	658	3	
0	4	2	403	4	
1	1	2	181	6	
1	5	4	685	6	
1	6	2	8	7	
1	8	6	481	1	
0	3	8	680	3	
1	7	5	360	6	
0	8	4	583	1	
1	9	1	102	6	
1	7	9	224	1	
0	2	7	43	6	
1	5	7	455	2	
138 25 197 80 32 176 110 13 170 176 200 85 5 133 137 12 82 62 76 63 4 154 130 8 143 26 75 34 196 179 168 124 39 85 63 148 88 133 153 68 188 190 139 71 197 88 106 130 48 116 169 160 15 21 40 75 195 41 146 66 198 130 90 71 27 78 182 119 15 62
135 53 168 95 37 86 131 161 127 54 140 109 107 174 93 69 35 190 136 181 183 61 97 133 171 87 52 109 24 59 29 69 49 36 61 46 138 12 113 155 150 34 66 148 81 108 6 111 19 38 186 147 95 86 130 107 36 43 55 19 157 22 55 26 80 177 120 103 157 112
60 124 178 123 33 193 59 143 141 66 7 61 30 135 127 157 79 136 14 4 173 16 5 115 5 127 132 34 136 81 183 126 86 131 119 61 129 76 176 148 90 148 148 181 118 61 156 162 42 33 194 98 164 145 69 79 188 7 189 52 79 141 79 44 160 51 15 85 146 113
18 84 192 193 10 160 27 116 5 9 160 165 49 11 37 126 143 158 180 56 37 58 133 12 180 182 101 5 95 68 25 7 40 166 118 182 136 99 128 183 31 172 134 168 186 64 81 104 92 197 168 198 135 171 97 93 93 12 53 137 165 26 92 130 130 16 151 191 115 7
125 180 74 45 126 12 135 23 25 184 132 92 90 161 155 170 20 71 44 163 70 61 169 3 200 72 32 149 25 130 134 143 102 84 89 176 22 53 59 151 115 6 88 172 132 53 198 90 112 128 151 140 48 111 68 138 96 192 85 152 1 3 128 79 61 151 68 125 114 16
179 200 158 154 161 52 19 194 112 100 85 148 12 138 191 121 107 99 139 156 135 113 178 9 75 193 185 73 3 70 87 4 79 155 81 36 10 175 172 180 45 175 117 159 80 127 75 89 108 150 168 110 142 34 140 7 129 15 164 70 173 157 88 64 37 69 186 32 40 128
82 2 154 105 39 102 194 84 100 165 115 60 200 103 37 176 81 45 175 123 99 196 99 196 166 67 70 165 123 124 133 85 175 87 153 112 7 120 69 149 100 2 174 169 102 35 50 119 47 185 152 68 1 94 121 50 42 79 4 86 10 128 145 108 124 77 31 91 174 163
21 2 49 121 129 120 15 49 141 84 88 113 45 29 61 16 10 154 161 9 115 95 84 40 19 50 147 124 177 25 155 64 6 117 14 112 14 82 146 45 135 191 46 123 50 173 189 198 13 194 85 36 188 60 119 173 70 146 36 103 64 15 89 79 135 47 44 164 27 80
93 53 164 38 93 104 53 19 105 71 100 137 21 71 178 34 47 106 67 99 41 115 31 173 189 117 21 33 184 175 124 129 99 192 13 128 25 182 102 81 38 9 101 99 47 47 160 44 35 169 148 167 154 176 97 113 9 72 153 186 64 81 102 136 23 42 83 50 62 20
179 122 38 72 101 118 28 151 23 185 78 4 71 157 164 189 149 168 138 47 188 183 59 142 135 76 162 174 108 103 101 191 50 98 94 110 135 162 16 36 51 110 184 26 85 62 89 181 36 39 120 110 104 53 150 80 1 79 180 52 58 166 104 153 181 18 190 54 77 135
131 80 18 140 198 106 49 62 153 92 70 10 8 21 54 126 51 38 133 91 11 152 35 29 107 162 101 192 98 154 18 165 129 52 186 112 16 69 186 117 180 45 8 95 163 172 103 47 61 44 109 116 22 73 84 156 63 44 53 142 49 35 95 76 90 100 141 96 177 189
31 118 28 32 70 65 120 42 55 14 16 26 157 124 28 118 172 86 177 193 191 6 12 157 108 29 164 43 98 63 93 172 114 81 182 184 153 37 62 23 35 155 146 65 123 167 197 126 14 99 153 24 8 158 62 36 68 9 36 159 139 134 120 108 184 86 49 159 118 114
57 32 14 178 32 88 134 148 69 173 32 46 73 152 140 172 183 151 143 4 115 47 135 164 6 156 120 157 75 106 126 135 12 33 45 125 82 85 109 188 195 154 162 174 58 102 60 188 37 67 149 151 3 167 2 106 129 186 157 61 114 184 34 154 113 114 2 148 115 142
47 154 17 193 110 61 92 164 128 189 167 100 168 19 189 96 28 114 173 148 92 23 126 150 182 49 21 93 133 52 170 113 32 182 32 48 119 198 159 94 67 194 128 121 78 55 161 68 70 134 129 183 121 25 173 35 96 169 74 158 191 190 126 150 66 42 168 119 150 47
200 191 28 99 135 20 120 120 18 86 181 128 146 104 132 33 23 123 92 86 91 95 43 20 160 69 71 148 44 146 70 16 171 199 162 170 107 102 13 126 165 23 94 169 20 148 88 22 192 123 176 21 178 80 64 46 77 22 113 177 160 150 36 197 71 142 83 1 30 29
13 92 49 177 50 147 168 162 87 44 42 53 174 103 13 117 197 48 58 156 42 160 75 112 179 24 89 108 160 154 58 108 160 182 2 134 135 151 141 16 200 27 130 171 12 190 141 99 21 166 152 139 8 10 67 199 10 53 170 182 3 123 69 84 93 194 23 185 158 141
30 105 121 29 96 27 109 82 50 89 130 198 159 104 181 110 191 160 13 179 140 135 186 180 137 6 172 139 135 23 192 65 9 57 159 82 57 189 97 74 164 57 165 94 72 167 143 198 101 33 163 46 123 32 183 45 165 49 58 164 81 125 115 11 14 171 150 35 171 154
59 65 85 196 154 74 30 63 82 47 7 156 153 121 12 75 158 22 148 15 1 172 72 186 29 101 169 177 78 4 70 34 56 151 79 22 131 157 172 174 68 74 107 183 156 167 108 158 122 70 111 47 11 123 146 167 124 37 2 73 157 181 159 144 22 119 72 181 105 78
74 69 128 97 122 20 150 197 35 52 142 173 172 29 113 120 113 9 40 87 12 95 147 70 19 165 127 6 27 38 199 81 192 186 9 152 11 192 188 130 153 74 175 138 131 89 2 19 52 113 140 131 117 118 93 42 113 53 86 85 120 180 143 125 153 75 125 80 167 5
97 67 15 32 101 44 160 80 116 102 27 23 20 77 199 38 89 150 23 89 120 173 181 141 10 22 23 171 80 34 102 120 105 71 63 196 1 50 104 116 69 33 6 143 143 36 128 53 53 26 119 194 8 20 194 128 123 135 26 138 50 66 42 4 108 31 162 151 84 66
176 24 164 128 165 25 140 176 16 18 160 66 140 69 111 96 81 186 63 133 19 167 116 60 106 152 68 61 186 15 8 35 155 96 177 112 75 66 167 140 2 68 129 34 163 154 123 18 22 173 139 125 44 153 184 40 107 19 125 131 141 182 71 51 190 92 16 109 86 179
82 49 61 71 150 47 116 13 99 99 167 92 136 161 170 71 44 143 13 37 97 119 59 56 115 124 99 31 133 88 41 30 4 50 83 172 51 4 92 73 148 180 188 168 10 193 90 171 164 162 79 73 22 103 181 153 96 70 126 125 142 137 152 2 112 196 130 2 111 11
32 142 98 87 193 135 185 37 75 75 35 161 37 74 65 120 119 79 69 24 142 70 63 186 69 18 187 132 15 79 28 68 186 73 134 2 197 177 169 144 186 20 54 149 22 102 36 50 104 74 13 122 65 99 126 141 96 21 149 42 28 35 56 127 180 122 172 131 200 76
169 155 24 2 143 155 161 19 5 124 185 22 161 32 22 6 84 124 142 22 53 129 56 102 17 169 150 151 31 39 181 106 143 139 168 169 183 36 90 58 135 167 31 170 189 82 15 61 176 42 118 168 69 68 96 102 51 41 15 8 124 146 84 9 148 12 76 76 188 124
84 80 174 134 196 200 151 86 195 41 116 122 58 104 46 76 71 113 155 141 90 30 8 63 133 122 94 31 96 197 133 189 167 33 60 7 84 193 102 32 179 97 161 41 184 187 199 21 110 139 95 121 168 126 187 91 171 148 75 89 20 164 17 55 171 193 145 145 126 182
11 27 59 141 48 100 12 34 21 94 158 92 121 13 131 130 200 76 49 90 132 6 152 120 187 111 154 132 20 20 181 82 111 181 81 57 93 196 74 199 70 126 120 114 192 10 144 18 155 33 194 200 193 165 74 180 140 198 47 125 135 66 44 139 124 72 4 147 67 144
5 18 22 94 21 157 169 114 175 55 177 195 122 38 29 78 106 127 3 140 110 111 74 2 99 54 48 52 158 43 149 129 118 120 160 91 79 166 152 168 70 104 180 28 89 96 28 49 118 197 98 1 43 31 141 157 95 46 44 173 98 20 71 124 42 178 139 112 56 80
146 145 113 170 150 198 146 181 5 63 131 102 95 120 123 197 163 69 200 103 160 115 99 10 80 191 103 84 114 55 30 133 47 112 9 129 35 25 101 95 113 123 154 37 175 10 44 48 121 39 155 129 50 113 12 42 27 127 32 189 125 112 147 114 102 199 146 139 24 117
151 77 21 146 186 154 187 16 138 138 30 34 194 151 198 121 57 58 78 12 118 148 64 106 181 122 63 149 97 181 13 22 70 162 3 70 74 30 111 6 64 148 182 143 194 71 185 51 102 101 161 197 146 6 148 161 26 99 197 20 152 70 109 136 188 189 195 38 177 135
188 183 115 195 88 35 53 97 84 151 62 177 23 173 5 66 94 167 131 6 154 115 76 99 184 194 66 112 56 147 171 32 165 24 143 142 25 184 49 69 83 11 12 149 192 73 13 88 188 58 15 139 86 34 60 55 171 174 5 197 60 153 10 93 43 21 109 28 16 97
58 190 99 189 19 94 177 29 83 13 107 113 3 21 182 129 75 199 18 80 76 46 73 75 30 181 196 74 25 85 76 21 99 34 80 182 25 184 189 32 120 184 125 90 56 199 76 17 67 124 20 187 118 115 78 182 72 147 49 98 132 132 89 95 200 127 161 150 18 128
180 36 103 185 167 81 87 87 61 13 166 157 189 16 168 104 113 133 186 42 185 75 30 147 116 112 100 65 60 96 150 105 54 124 92 76 196 107 195 149 48 46 3 143 96 124 49 82 22 120 61 195 32 76 108 38 87 95 44 77 139 157 138 106 126 179 166 92 103 82
75 139 94 12 147 51 6 134 12 80 123 7 14 131 196 47 48 71 184 32 56 172 146 16 172 180 168 116 180 83 191 8 57 67 173 101 197 89 145 151 111 48 130 175 78 137 125 125 197 160 54 19 128 133 47 136 109 59 161 197 40 142 66 158 139 193 42 149 68 101
136 82 85 189 29 118 126 66 127 176 184 53 153 24 26 65 73 118 137 121 107 134 62 88 61 15 93 82 5 76 25 143 162 153 179 131 199 113 188 18 91 45 82 85 1 25 63 27 45 33 131 51 48 197 135 14 8 63 124 29 139 94 80 161 168 179 189 75 156 91
160 93 37 104 114 4 42 135 44 36 153 104 159 44 167 89 37 171 167 29 190 170 64 106 44 13 91 30 145 185 124 34 61 196 162 118 27 68 90 194 14 45 125 8 110 47 176 161 89 195 187 108 91 107 29 161 187 179 42 68 81 188 101 43 59 132 5 59 54 52
8 145 44 126 57 31 32 181 76 164 17 198 186 51 147 179 81 33 38 38 135 44 66 161 149 123 131 43 72 116 108 160 152 145 73 200 105 66 185 83 148 138 171 71 105 73 56 42 132 102 198 136 71 175 54 139 195 52 112 57 195 163 165 127 162 145 70 76 149 54
155 41 4 119 115 34 155 28 143 152 69 12 107 162 58 128 80 153 184 37 76 29 14 3 186 196 128 168 103 184 88 45 117 110 24 91 57 193 65 126 147 143 115 23 80 72 53 54 59 191 102 39 34 47 173 6 189 19 89 72 10 64 153 136 21 142 152 166 124 171
149 16 187 166 48 90 200 73 121 36 22 82 46 121 103 185 169 182 64 148 169 32 122 83 73 149 200 162 149 103 53 9 119 66 157 195 41 178 139 98 59 104 98 26 63 72 109 184 189 127 87 176 122 87 111 63 15 48 8 66 124 77 183 94 44 27 109 17 87 58
165 16 192 7 139 5 181 40 56 115 186 67 10 179 138 92 48 103 44 165 182 90 123 50 127 83 1 47 140 41 78 117 52 82 67 163 18 136 59 187 106 10 103 23 189 83 183 174 83 41 43 126 26 26 144 33 129 180 16 45 147 74 166 95 155 18 128 4 58 47
110 77 63 41 112 53 47 33 105 13 9 197 88 34 153 163 122 82 58 97 61 52 26 13 45 185 186 115 140 104 166 157 181 41 192 26 7 146 10 123 75 179 196 59 24 158 64 197 137 124 102 30 190 43 152 174 87 149 15 100 84 116 110 84 118 33 45 19 147 200
53 29 145 123 113 137 139 113 92 129 104 13 121 122 190 115 55 99 145 5 159 200 7 134 34 53 107 182 143 53 65 112 176 10 185 147 198 180 107 187 119 109 98 175 10 151 189 114 157 36 40 98 131 103 11 81 49 19 11 88 144 2 45 69 64 53 186 30 129 189
36 164 145 93 126 176 69 192 11 142 112 11 144 146 78 170 37 87 170 31 105 120 140 35 13 135 112 171 10 169 94 78 128 3 52 47 93 161 80 16 187 59 47 189 85 54 169 63 104 199 62 57 56 143 13 52 100 88 141 165 146 53 193 173 172 70 177 145 194 56
41 97 4 152 116 174 189 157 59 123 194 85 92 80 161 23 132 118 124 164 91 90 58 93 199 52 12 71 185 55 149 6 147 28 199 114 21 19 127 162 188 191 24 67 195 135 179 185 116 182 133 193 4 95 76 99 136 26 186 46 21 69 83 152 73 35 59 97 163 155
95 24 179 197 179 33 116 119 89 190 11 101 30 102 197 39 8 23 33 113 177 145 42 195 169 98 165 65 163 37 21 42 61 40 58 200 186 117 168 50 60 184 161 184 194 103 192 39 95 66 45 72 105 117 130 163 190 55 156 122 47 20 155 22 83 113 95 70 103 103
145 73 172 200 86 55 37 26 15 155 186 69 172 122 56 113 67 164 57 188 35 24 83 47 14 135 52 137 119 29 144 200 46 24 159 1 139 162 1 59 112 129 162 44 80 186 135 47 83 96 2 30 156 178 1 152 131 109 62 161 81 94 144 7 150 129 52 183 127 157
106 35 93 141 25 68 55 79 179 8 136 74 112 2 106 106 2 33 157 72 32 97 182 12 78 45 28 186 143 108 28 76 140 64 155 146 64 66 158 111 54 101 3 121 95 96 90 134 42 108 70 47 130 197 193 60 116 178 128 122 39 180 197 157 48 89 127 75 67 150
175 25 21 101 37 127 125 69 5 111 80 181 21 46 58 8 61 83 113 128 193 30 18 15 104 117 5 156 14 173 99 200 36 5 173 192 20 107 59 91 54 71 16 81 30 34 92 181 134 44 105 192 41 8 8 95 37 94 91 198 140 18 63 159 80 162 176 90 99 172
142 127 58 137 160 83 161 14 38 179 65 56 114 61 63 62 78 160 193 15 72 194 153 46 196 165 197 61 153 55 38 125 197 15 76 87 174 150 180 165 121 31 188 117 129 79 186 46 33 88 111 15 144 5 87 154 24 52 31 168 199 159 120 96 11 182 41 83 72 81
78 42 112 38 3 12 10 136 107 22 91 41 97 59 107 40 107 174 153 44 139 48 172 58 160 166 103 47 16 177 113 171 61 90 38 164 136 123 116 146 57 47 180 90 140 14 90 101 138 52 156 24 161 200 78 20 97 96 86 50 9 179 132 128 114 152 134 36 62 160
100 38 38 142 129 55 33 65 190 99 31 188 111 113 34 90 87 54 81 143 13 138 25 60 119 72 188 22 160 61 200 121 165 191 146 81 129 8 151 128 31 166 155 85 72 134 87 120 143 39 109 164 93 121 110 83 155 162 150 188 142 38 39 99 53 10 129 64 177 62
112 171 155 114 93 132 85 166 139 70 63 15 43 49 95 102 158 190 124 164 30 15 81 35 120 43 50 164 160 48 167 43 112 158 163 57 52 119 6 183 38 81 86 80 53 198 22 51 10 102 50 175 98 69 28 174 39 113 134 130 179 109 167 174 121 4 170 155 118 147
58 140 58 52 39 3 162 90 136 84 132 132 20 155 22 108 1 31 147 5 13 61 180 56 149 13 130 9 198 100 132 68 88 82 49 198 39 105 107 77 191 170 167 188 80 150 56 146 114 144 35 80 129 69 43 19 80 197 133 116 3 114 170 95 7 65 58 129 160 78
61 109 127 85 67 179 137 143 96 31 39 159 192 77 125 191 147 185 137 15 83 141 92 138 155 28 90 72 41 1 96 74 144 150 179 89 69 160 67 130 82 113 124 160 180 30 115 54 104 106 155 58 147 63 5 135 70 69 91 117 47 7 43 115 167 39 78 159 119 151
41 196 183 107 55 55 24 87 57 165 89 198 38 37 129 57 185 61 196 21 8 51 134 2 140 49 175 110 43 29 70 53 111 12 145 35 16 164 39 173 13 109 136 195 17 81 181 53 66 65 171 176 183 189 43 32 198 3 23 6 168 63 107 158 63 126 108 41 81 171
46 28 91 154 50 149 32 185 154 112 60 80 127 103 183 154 152 115 47 127 4 46 24 83 91 113 63 192 31 161 90 183 115 97 87 81 20 186 136 72 147 67 169 170 22 115 8 196 93 118 167 90 93 14 69 183 102 45 20 96 168 92 134 194 31 3 148 152 176 148
172 198 116 12 165 110 26 39 114 48 122 175 137 139 110 68 189 148 53 94 52 129 30 143 200 22 186 11 37 167 138 67 126 142 113 63 194 52 93 58 130 173 77 136 26 102 182 194 43 8 17 15 67 166 72 121 22 175 41 38 107 37 166 36 139 24 121 195 167 45
118 93 41 134 50 105 95 73 154 66 156 171 74 135 52 1 184 19 134 122 161 28 25 129 194 188 58 60 153 41 119 122 9 66 8 145 195 84 169 96 110 31 102 61 118 87 81 10 21 126 18 88 181 194 13 164 85 99 192 123 21 155 161 155 28 115 180 194 1 45
143 35 199 119 115 49 26 190 136 68 59 54 126 38 67 92 91 183 11 81 2 72 66 8 39 109 15 113 191 185 38 46 139 123 2 57 84 125 161 175 154 113 2 152 120 161 137 99 119 146 90 142 7 92 65 148 139 146 18 128 29 173 141 72 40 115 83 152 196 176
93 18 147 187 154 42 99 131 164 33 107 122 161 122 74 68 80 58 90 119 160 51 53 90 43 171 128 179 127 51 65 110 30 123 102 95 21 36 81 15 161 86 166 39 46 167 193 147 44 140 53 61 198 142 113 56 155 161 122 186 18 131 39 193 81 20 43 74 50 182
2 2 49 125 14 57 57 119 196 137 15 57 69 44 33 116 155 179 121 151 83 164 30 63 134 67 23 156 74 193 60 95 104 73 49 90 163 87 77 91 14 144 150 110 64 100 176 200 145 135 158 155 123 111 11 157 158 77 25 144 172 162 4 73 45 166 62 170 164 148
92 17 118 193 106 39 76 174 69 138 92 177 70 188 123 112 67 178 60 77 93 160 48 15 27 191 113 121 18 125 152 118 144 124 194 1 195 125 87 118 160 154 18 65 88 15 96 112 67 68 184 91 197 42 123 32 156 63 183 112 199 115 7 59 136 52 139 60 4 133
129 182 130 153 119 142 169 194 182 179 97 37 186 105 85 37 178 127 39 147 55 15 195 54 164 63 125 99 122 76 88 145 18 114 141 103 97 109 36 163 126 182 19 182 144 60 24 91 149 184 85 191 49 116 73 147 100 41 101 28 26 16 130 111 7 82 112 126 163 94
108 8 110 20 159 189 166 122 92 98 160 150 112 23 166 73 99 40 72 12 85 92 179 18 70 67 118 109 83 114 49 69 122 130 147 65 105 1 4 180 14 42 55 3 174 97 42 130 84 146 138 179 183 194 33 140 62 51 163 117 143 197 9 35 136 74 149 49 132 197
166 42 152 120 151 152 12 133 95 168 91 187 72 137 168 83 122 87 158 197 93 139 132 105 54 112 16 198 38 17 14 65 109 146 107 15 40 177 60 16 33 127 110 48 163 50 134 65 49 38 163 103 109 9 4 140 104 92 60 32 95 167 39 7 15 40 64 160 28 166
9 77 108 89 132 54 174 25 77 128 193 5 63 156 59 104 37 149 197 20 160 94 43 52 148 16 183 98 192 14 41 41 20 97 54 185 87 132 62 48 154 108 16 15 89 137 65 50 142 146 148 33 149 98 198 21 117 49 30 122 46 181 16 184 151 78 80 106 117 146
150 9 2 39 184 184 24 196 116 180 176 129 153 149 57 156 157 157 88 182 79 159 67 100 18 149 38 40 82 5 8 86 68 69 118 135 135 68 88 14 129 29 111 168 175 135 170 160 188 144 166 190 35 179 165 190 187 198 125 33 64 61 28 131 155 36 62 109 67 51
34 186 38 200 98 195 95 200 161 110 186 6 100 16 134 111 6 70 116 69 40 89 15 4 189 145 67 73 8 163 83 191 126 108 66 116 179 140 91 47 198 19 123 38 79 183 48 148 140 158 70 81 7 139 153 30 137 21 186 92 159 200 187 141 107 191 189 148 88 176
48 108 17 60 191 22 129 62 130 179 22 174 60 97 82 129 103 73 34 100 83 114 154 188 158 37 40 135 130 138 38 173 18 100 96 180 24 60 48 1 154 170 49 197 3 76 69 43 70 122 174 189 92 101 179 24 29 44 64 88 23 167 189 155 60 66 119 108 92 196
48 8 48 193 177 32 158 47 155 150 72 115 50 95 76 124 98 112 140 27 44 79 29 171 121 102 161 107 131 187 172 98 75 184 46 155 178 36 42 101 68 16 21 114 157 145 47 184 141 21 25 47 35 96 60 161 72 92 143 59 75 196 59 162 123 62 9 20 196 142
16 85 135 196 179 113 24 39 115 41 192 179 98 187 193 87 180 15 97 83 128 39 199 39 85 65 54 180 119 86 116 73 7 98 39 177 75 53 7 188 41 62 196 91 101 194 121 36 88 100 97 17 88 143 137 10 186 44 164 200 144 150 192 62 166 77 33 176 5 114
114 58 176 20 130 151 176 101 128 142 15 21 166 160 44 124 185 85 78 98 37 7 114 148 66 150 88 165 137 114 109 170 115 91 185 63 184 130 54 167 16 139 159 15 162 7 90 78 136 42 81 129 147 195 123 71 43 22 4 157 35 5 141 11 149 143 8 29 35 110
