20 	
39	42
0	9	9	4	9	
1	5	5	146	4	
0	1	7	137	4	
0	2	5	8	1	
0	4	5	144	8	
1	1	4	105	9	
0	5	4	78	3	
0	7	2	22	3	
1	5	7	40	1	
0	7	8	91	7	
1	3	8	136	1	
0	7	9	62	6	
0	6	4	10	2	
0	6	3	48	5	
1	6	8	148	2	
1	4	8	57	1	
0	9	4	16	3	
1	6	9	69	9	
0	4	8	72	3	
0	5	1	90	1	
156 79 104 195 26 181 129 199 141 93 155 20 25 85 9 19 100 60 55 103
122 52 25 133 163 70 168 106 33 101 156 11 163 178 96 101 6 160 93 65
74 88 89 147 15 194 134 20 142 27 12 73 94 186 7 151 28 199 75 12
71 44 120 119 80 82 135 100 155 90 95 127 139 70 141 99 184 179 23 75
82 19 153 75 189 189 87 109 152 146 17 127 121 121 70 197 101 133 165 125
114 179 95 176 57 27 172 51 146 151 153 65 36 6 43 81 176 103 16 31
181 77 102 105 174 169 112 197 75 34 130 67 104 197 8 50 94 42 140 58
78 14 106 81 200 158 166 29 18 173 192 132 68 109 54 198 144 117 121 74
1 149 96 143 7 111 185 34 49 53 161 155 200 73 90 83 198 39 191 147
159 142 77 76 174 32 26 198 121 166 155 131 55 56 135 94 79 48 45 194
80 97 91 88 39 33 73 96 45 35 16 122 98 152 81 137 172 160 193 187
34 45 132 24 28 42 196 187 91 169 195 81 150 122 44 61 173 193 26 6
42 151 123 10 132 136 41 113 23 132 158 87 14 89 185 135 195 148 73 31
142 103 84 165 191 198 58 155 161 164 91 8 125 44 177 48 33 133 82 104
45 109 27 197 96 175 166 98 103 6 96 100 183 57 39 74 91 105 58 128
175 73 118 193 16 33 67 187 12 159 18 192 169 152 98 77 15 170 2 18
68 117 115 10 11 90 121 167 1 22 82 108 15 171 198 29 187 169 126 162
82 147 151 199 126 77 94 24 60 198 143 27 57 19 23 9 153 131 31 76
90 114 161 154 18 10 50 83 103 188 140 50 32 101 184 187 131 187 21 85
56 136 90 51 195 54 117 106 152 156 81 187 82 85 35 167 154 151 64 121
97 121 146 181 151 41 195 148 69 2 68 75 45 161 11 95 46 140 185 48
