20 	
8	45
1	91	5	130	5	
1	11	1	1067	7	
1	92	9	244	9	
0	69	5	301	7	
1	90	6	511	7	
0	61	3	940	1	
0	47	8	52	3	
1	47	6	90	2	
1	71	6	931	8	
1	97	5	27	7	
0	39	7	893	9	
1	32	5	925	7	
0	25	4	383	6	
1	13	2	1018	2	
0	60	5	946	9	
1	97	6	541	1	
0	64	6	645	1	
1	16	6	177	2	
0	73	8	343	8	
1	26	3	394	5	
114 41 40 198 109 177 8 182 7 31 200 2 99 200 122 9 177 105 177 160
126 5 95 85 165 94 115 81 137 94 151 10 168 21 143 183 191 191 6 139
37 15 185 155 187 164 140 72 72 61 82 153 48 126 28 129 37 7 182 168
62 4 142 10 159 200 156 95 147 143 138 123 74 142 66 18 38 30 10 106
78 77 13 175 26 35 122 160 34 165 179 101 69 29 105 186 95 180 137 62
57 146 20 166 12 173 72 105 140 97 161 22 143 120 194 181 159 43 8 9
113 35 198 182 108 155 175 181 104 178 38 175 15 28 97 169 186 85 200 137
118 76 144 126 127 158 200 51 115 192 160 7 5 40 5 170 8 109 92 146
130 103 97 75 157 140 185 119 170 106 119 68 112 140 117 154 103 103 34 90
173 182 192 189 13 62 149 97 110 133 63 192 89 57 59 150 50 114 95 163
165 120 67 140 144 71 121 109 131 150 187 114 79 65 76 83 74 110 173 142
146 43 144 187 1 152 142 122 8 99 75 38 51 63 119 178 40 73 53 129
66 181 110 47 111 2 174 165 109 143 162 43 156 19 116 90 181 170 20 140
77 141 117 109 126 21 154 173 96 187 4 74 119 70 85 32 57 115 55 114
43 10 101 112 25 134 85 25 180 140 166 21 146 155 67 18 160 171 174 48
163 39 170 197 103 93 77 172 67 155 15 151 5 80 29 133 14 171 161 31
121 173 151 2 80 12 154 193 124 129 15 3 30 81 178 197 56 171 36 87
10 134 164 112 3 23 138 129 135 122 3 105 195 188 161 5 108 198 168 105
184 59 46 20 191 72 64 150 4 5 176 149 177 117 152 92 30 132 36 152
131 187 22 103 140 21 156 66 181 52 130 52 23 10 190 171 59 48 21 114
29 145 194 23 11 45 129 45 136 152 80 44 169 136 192 133 173 129 108 6
