20 	
26	44
1	7	4	90	1	
1	8	1	97	1	
0	3	3	70	4	
0	7	9	18	3	
1	2	9	17	4	
0	1	7	60	1	
1	6	6	70	1	
0	9	4	54	7	
0	1	1	60	2	
0	1	8	85	5	
0	2	7	78	1	
0	9	4	97	3	
0	4	3	49	2	
1	9	5	72	3	
0	2	7	135	7	
1	9	4	55	8	
1	6	9	128	9	
1	1	4	108	2	
1	3	5	122	7	
1	3	3	114	6	
80 15 122 173 92 23 103 77 80 145 181 27 38 155 50 97 96 127 161 200
167 164 81 191 3 47 134 160 7 74 54 184 131 191 199 11 85 38 108 149
192 103 39 113 64 180 136 181 194 54 44 78 117 181 101 145 5 37 120 188
151 132 142 123 83 167 108 112 39 22 38 48 98 57 36 182 200 21 107 173
119 174 95 80 100 95 179 3 7 2 75 47 192 83 153 14 75 161 115 75
87 184 35 54 27 9 19 145 29 174 198 67 67 65 5 198 73 71 26 108
59 194 137 138 7 67 159 68 136 35 129 15 13 29 10 112 96 190 111 153
73 14 85 28 69 47 72 173 72 36 185 124 65 44 8 67 37 141 96 23
200 154 77 24 86 71 187 183 58 70 186 57 130 87 181 112 146 96 102 4
119 61 63 195 67 77 17 76 118 16 48 162 86 82 137 136 200 173 197 14
60 63 31 8 68 83 148 78 147 117 93 50 103 146 1 150 63 168 88 97
57 75 196 116 115 13 153 188 97 71 36 151 36 74 62 11 128 27 76 123
67 149 156 169 34 147 74 196 5 198 24 186 42 65 68 162 9 66 179 186
15 182 50 53 42 22 106 178 65 41 97 123 155 53 50 81 93 37 48 123
187 47 86 99 155 122 113 177 21 194 49 43 182 180 63 170 199 170 83 17
100 142 30 191 130 32 133 175 160 198 33 90 84 34 152 164 16 86 34 11
160 59 26 98 172 62 171 5 200 21 157 130 123 71 191 117 64 192 1 39
92 65 97 136 20 79 6 156 30 135 196 162 115 161 79 143 142 184 143 158
54 65 185 72 165 181 197 111 20 76 34 148 99 121 3 134 82 194 43 125
88 32 57 180 1 27 39 66 192 95 194 164 88 141 104 39 186 123 194 133
177 49 66 186 117 70 103 170 162 68 187 45 50 90 16 179 27 106 15 71
