90 	
82	92
1	4	4	2	2	
0	1	3	57	1	
1	5	4	127	2	
0	6	5	95	7	
1	4	9	126	6	
0	8	2	36	6	
0	3	7	73	4	
0	2	1	30	2	
0	4	3	59	5	
0	4	1	14	8	
0	8	2	167	8	
0	3	6	188	7	
1	7	2	11	7	
1	5	4	117	4	
0	1	6	176	3	
1	4	6	122	2	
0	3	5	155	7	
1	9	6	68	8	
0	1	3	207	9	
1	7	4	206	8	
0	3	6	206	7	
0	9	9	190	2	
0	7	2	105	7	
0	6	8	178	2	
0	8	1	61	4	
1	8	1	35	1	
0	2	3	96	5	
0	5	9	88	7	
0	1	7	38	8	
1	3	5	100	4	
0	4	8	48	7	
1	7	7	142	8	
0	6	7	171	5	
0	7	5	201	6	
1	5	7	137	2	
1	1	8	201	9	
1	5	1	63	5	
1	2	8	187	9	
0	2	1	15	3	
1	8	5	128	8	
1	3	7	143	4	
0	8	3	173	9	
0	8	9	164	2	
1	1	8	110	2	
1	6	1	85	1	
1	8	9	9	3	
0	6	1	175	8	
1	8	5	50	5	
0	2	7	96	4	
1	2	4	96	5	
0	3	2	11	3	
0	5	7	123	5	
0	3	5	135	8	
1	7	6	134	9	
0	2	5	92	3	
1	9	1	62	4	
1	7	1	3	8	
1	4	4	59	7	
0	1	2	182	3	
0	3	1	53	7	
1	2	6	39	1	
1	6	2	82	3	
0	8	7	160	8	
0	9	7	42	2	
1	9	8	97	5	
1	3	9	204	8	
1	1	7	6	7	
0	2	6	36	8	
1	3	7	151	4	
0	6	9	128	8	
0	6	4	55	6	
0	7	5	154	3	
1	1	1	170	5	
0	2	5	56	9	
0	9	5	5	5	
0	9	5	192	2	
0	5	1	132	7	
1	1	6	139	5	
0	3	6	205	2	
0	2	9	14	4	
0	8	9	78	2	
1	4	3	151	8	
0	2	5	187	4	
1	6	2	115	8	
1	8	6	123	6	
0	3	4	177	4	
1	3	8	114	9	
1	4	6	3	5	
1	1	8	204	8	
1	2	8	122	3	
68 40 15 7 156 47 195 126 6 21 173 83 49 122 112 88 28 106 63 145 83 128 44 69 45 146 19 68 41 79 197 86 133 196 130 159 183 127 65 77 134 183 105 165 9 39 122 188 130 112 139 68 163 156 130 177 116 199 91 169 97 62 50 116 53 182 181 61 170 2 47 41 17 131 52 161 126 198 128 27 56 40 139 168 163 14 37 77 1 59
70 91 40 130 1 19 165 59 73 189 76 125 68 160 10 105 45 18 100 184 57 88 59 167 189 92 144 125 21 116 130 142 25 106 200 132 192 96 165 114 34 88 152 109 89 198 171 68 142 169 192 147 58 60 154 162 1 31 39 120 41 155 58 119 59 30 107 76 154 109 125 184 62 154 113 125 101 156 191 168 138 175 135 180 131 158 28 27 16 128
74 159 176 2 52 92 8 33 7 166 167 183 193 108 45 145 109 157 31 200 123 152 29 71 63 193 170 89 152 21 39 109 97 178 54 74 23 39 97 132 43 7 192 137 166 178 105 92 69 75 134 78 164 189 6 126 181 39 94 81 25 26 161 135 173 75 27 37 185 108 120 9 105 73 134 148 9 8 159 79 85 27 98 155 27 156 128 46 32 28
168 108 26 173 121 186 141 149 131 154 69 73 132 76 83 199 91 95 23 8 192 100 163 60 131 160 49 190 51 159 160 76 76 139 98 30 58 196 170 177 170 51 158 101 38 47 33 10 109 167 177 94 30 29 92 174 112 194 199 168 90 102 114 20 81 5 173 121 31 175 47 120 90 1 130 43 139 185 150 184 167 23 156 137 198 1 180 73 68 144
48 93 141 73 166 126 186 102 163 76 17 77 89 31 184 197 109 5 175 139 192 136 198 155 175 123 30 158 31 13 119 118 169 61 81 63 188 62 149 142 43 185 113 196 23 113 180 121 152 77 101 109 46 112 30 8 158 37 148 71 18 87 31 126 137 141 17 80 156 114 193 184 43 7 116 151 128 27 13 21 127 34 106 69 28 96 200 66 114 96
102 48 9 170 8 132 104 138 118 13 81 47 188 71 97 175 136 48 160 49 17 32 101 163 138 147 15 171 163 4 128 36 26 125 6 200 141 7 117 31 15 175 68 72 19 46 99 171 1 163 64 50 166 3 148 163 62 150 71 195 159 125 135 123 26 163 191 153 159 63 117 88 76 35 91 120 4 3 190 164 130 24 129 114 25 17 60 11 79 92
148 3 55 179 161 153 36 20 6 12 59 46 2 40 83 148 43 126 80 63 27 76 199 198 105 12 4 108 138 53 1 38 167 199 152 140 5 113 166 48 172 182 152 40 18 172 63 48 153 36 14 148 102 90 155 110 150 179 47 127 54 65 29 80 98 25 57 161 18 127 178 80 128 180 200 56 133 169 13 5 43 184 35 128 162 78 18 5 162 76
48 131 105 32 190 154 58 39 2 122 25 7 121 81 117 42 151 167 194 70 96 2 65 37 22 173 122 188 153 31 65 129 64 10 7 95 112 25 5 185 48 7 192 134 13 6 102 87 110 162 183 87 194 127 61 121 165 186 117 40 13 116 93 7 11 1 71 50 146 162 106 127 15 69 7 100 55 86 189 159 58 49 19 15 56 189 132 112 181 77
8 180 95 85 116 35 46 81 88 108 194 174 55 100 109 199 112 86 37 119 90 132 63 192 30 14 30 144 20 123 90 78 63 60 113 45 76 79 73 157 61 26 110 35 125 86 190 3 95 116 135 111 17 169 39 194 5 35 76 5 26 158 2 64 61 159 48 8 105 93 28 50 118 132 27 181 17 118 80 148 25 71 136 83 110 23 148 102 116 78
156 101 22 162 67 30 153 67 90 71 107 88 76 187 70 150 198 137 99 105 71 146 179 23 123 189 105 196 1 83 158 32 124 138 74 129 78 103 192 131 25 143 65 178 45 78 123 146 80 194 157 92 194 190 139 33 191 32 195 175 150 134 80 173 85 141 15 63 40 52 4 172 46 20 34 28 29 79 18 27 75 40 112 53 138 87 55 14 48 30
19 192 177 169 128 59 177 148 143 122 161 36 14 199 157 113 141 56 176 131 96 134 192 174 185 116 120 129 41 68 109 53 149 93 142 167 16 166 5 142 131 26 14 44 39 194 25 146 194 1 81 194 53 110 14 99 42 66 84 13 93 29 129 45 122 45 25 24 128 167 165 18 164 139 86 199 161 40 138 78 31 134 23 15 21 16 165 155 125 32
25 111 91 51 132 15 146 85 60 95 59 175 14 67 163 189 184 9 119 138 130 178 163 20 62 116 194 179 124 3 3 171 40 78 77 23 9 20 66 60 45 110 181 94 165 113 104 48 146 190 73 194 14 82 80 166 11 31 28 92 70 132 136 148 69 128 67 98 200 191 101 154 142 65 46 157 193 109 16 187 151 51 97 128 25 74 64 44 42 134
168 178 133 89 36 157 92 118 15 194 56 131 121 17 151 81 125 179 51 36 162 49 81 117 195 146 152 195 92 126 159 101 45 18 69 23 150 179 98 57 168 85 49 131 102 30 125 156 91 86 96 130 109 33 185 119 135 33 172 129 85 4 126 136 159 191 28 127 130 182 64 25 176 42 90 170 128 3 2 136 174 1 108 132 65 6 47 74 57 75
85 153 7 199 123 64 62 198 58 90 79 80 127 184 166 38 186 119 181 129 102 67 27 19 146 169 2 116 119 84 85 63 99 35 129 56 71 156 87 75 67 74 113 106 119 124 68 69 30 125 172 141 39 165 50 75 95 133 150 76 144 137 79 123 59 107 122 189 98 185 117 35 5 112 15 107 156 76 53 56 196 104 134 110 12 94 161 167 68 117
144 78 154 171 177 103 55 109 66 126 69 38 77 2 107 163 97 116 169 97 35 64 106 102 32 75 55 144 176 45 64 151 53 190 83 6 20 183 48 50 196 111 157 193 8 109 40 189 75 124 20 93 162 50 9 194 38 24 200 172 123 184 47 112 143 58 47 19 36 121 43 114 137 88 200 193 73 1 190 56 170 79 53 83 109 114 30 185 37 120
23 144 143 185 56 118 122 141 152 4 132 7 167 43 37 1 4 89 10 199 176 1 111 171 18 121 98 103 91 131 51 174 10 140 44 70 29 84 17 124 87 60 135 32 65 9 60 155 175 130 54 52 75 42 62 13 155 166 159 183 126 151 10 77 127 200 47 116 194 27 94 168 85 138 5 172 70 121 162 38 128 176 194 150 79 47 178 7 153 4
42 62 116 73 160 170 59 165 113 83 164 181 126 52 1 122 150 38 171 84 65 178 161 22 200 170 11 41 40 58 151 151 53 141 163 184 21 136 162 171 40 83 115 166 107 150 188 119 90 60 197 164 82 14 7 21 112 18 154 118 95 82 153 76 40 188 63 143 5 108 19 37 180 17 1 80 158 122 36 44 58 45 140 6 69 79 117 183 99 20
145 64 60 167 43 114 60 142 59 144 106 97 181 189 176 178 111 89 78 64 57 127 35 41 2 195 56 73 29 14 74 108 56 181 37 54 191 143 155 8 59 96 42 33 140 61 106 113 190 86 101 135 9 175 38 43 134 72 49 143 143 200 113 172 91 134 146 98 148 165 167 175 37 170 178 93 141 33 160 142 104 179 98 118 159 160 73 131 57 150
95 25 196 63 174 193 81 75 39 151 176 143 116 156 80 61 29 28 148 137 64 18 84 173 163 111 183 189 29 122 55 184 27 159 107 130 180 24 146 14 161 28 17 58 75 147 197 49 73 90 28 37 153 80 10 199 103 131 151 151 141 169 148 152 4 34 43 157 66 143 95 29 49 166 94 40 120 30 134 165 91 28 38 106 159 27 90 141 90 185
25 53 28 63 57 115 93 96 197 147 163 138 7 137 64 153 108 91 138 72 50 75 44 83 148 124 71 186 105 84 161 67 175 94 102 53 64 62 96 166 58 198 161 194 109 60 53 40 53 35 199 95 66 17 174 196 192 105 89 82 5 122 190 142 56 100 154 70 12 94 16 6 123 41 32 89 18 85 77 51 122 91 98 104 105 33 198 160 48 149
125 144 91 38 143 100 144 142 87 46 7 82 111 152 60 70 142 89 86 159 54 20 165 103 77 189 51 13 5 104 74 129 132 126 95 76 27 165 85 171 91 24 196 187 131 94 127 44 170 138 77 17 167 28 135 147 174 36 144 7 102 135 106 58 165 112 191 48 191 161 169 150 119 193 28 102 73 85 17 147 21 66 200 108 165 129 146 59 120 89
117 125 35 100 147 45 198 52 112 172 142 183 12 111 20 57 43 72 38 162 73 110 81 47 15 134 199 178 151 69 80 121 198 18 143 5 170 61 80 123 22 55 87 87 32 110 150 80 111 31 179 85 139 45 173 92 129 163 11 169 20 179 71 67 154 81 63 17 107 133 134 164 8 102 192 43 151 52 162 27 190 157 162 91 170 53 53 188 64 54
198 87 96 95 29 132 134 82 54 113 12 144 17 75 170 196 61 187 156 132 3 164 157 20 101 61 78 112 170 3 116 59 23 178 46 169 193 20 160 115 67 73 158 87 142 160 72 65 92 10 45 102 8 161 126 84 147 22 183 55 159 150 156 122 141 137 168 67 140 163 56 103 50 49 155 100 16 23 86 195 27 77 78 139 196 47 57 139 167 72
47 73 171 151 24 48 18 117 107 106 5 11 184 123 20 26 191 196 87 158 29 43 182 130 69 1 143 120 5 143 84 37 12 92 5 109 141 105 143 136 142 188 37 44 82 179 36 117 174 198 71 6 17 138 179 165 39 147 49 138 138 142 61 180 196 111 145 8 136 108 101 117 83 154 176 134 162 89 121 156 147 106 73 108 149 69 30 178 143 190
185 154 157 144 189 13 195 149 150 69 41 116 59 30 105 32 28 111 67 148 199 54 184 65 29 148 115 33 87 196 41 160 60 120 169 67 184 160 59 193 165 108 2 18 144 75 102 189 86 84 90 116 137 195 86 198 124 109 175 103 79 3 86 58 8 182 30 3 6 61 30 170 5 59 71 90 126 39 139 74 74 118 185 3 14 166 11 85 177 193
44 73 38 174 80 178 146 134 170 187 5 59 80 22 196 129 6 36 74 150 69 118 37 108 168 4 105 167 74 196 58 87 186 105 173 155 41 119 125 181 199 62 22 65 141 184 71 8 31 45 109 63 50 42 11 138 26 79 138 3 189 121 82 184 14 119 112 182 105 72 91 179 90 86 106 40 8 146 36 87 108 169 116 172 154 195 170 16 52 11
162 67 68 64 10 131 126 150 110 25 106 89 151 178 89 172 154 191 187 21 189 97 63 48 81 34 79 160 182 177 168 184 190 186 36 56 31 176 24 188 42 124 186 159 5 35 28 181 125 172 61 99 26 34 2 66 185 197 52 166 102 32 181 180 196 161 163 167 78 46 146 110 72 199 169 37 10 98 38 188 83 40 133 81 16 108 165 155 72 98
4 1 155 119 48 93 69 152 162 188 28 155 48 25 190 83 150 99 42 96 122 193 181 122 89 155 178 174 98 127 21 168 193 36 162 166 63 26 79 161 65 180 155 169 93 63 125 142 129 91 108 72 64 153 30 54 93 86 99 101 113 105 76 50 45 120 53 185 1 95 195 181 168 26 43 78 68 150 189 114 191 71 197 30 148 190 109 142 199 183
130 134 25 146 133 124 8 14 113 52 127 132 128 178 35 7 169 58 104 86 63 12 152 128 133 157 18 10 188 167 94 16 143 180 106 143 93 92 133 92 105 76 1 66 72 15 106 40 6 82 2 111 186 164 98 105 95 177 73 12 44 2 124 140 170 195 194 43 33 41 130 141 61 179 166 141 51 72 139 112 61 109 66 36 198 107 45 49 68 156
190 51 9 170 41 145 58 141 35 91 188 192 78 41 181 25 142 45 147 37 10 132 171 92 96 5 28 120 141 66 79 122 41 135 41 141 3 193 200 83 106 172 163 117 130 70 159 56 97 79 76 146 153 16 192 173 154 133 188 50 30 165 150 42 95 188 175 198 170 142 62 81 109 95 1 30 174 112 83 46 29 133 80 131 15 134 81 130 98 166
63 18 25 122 75 111 184 25 134 136 49 189 196 5 53 42 103 53 28 56 72 160 81 76 66 158 43 189 70 50 120 62 128 58 133 97 57 195 169 95 64 151 76 147 190 179 98 25 189 62 156 142 104 113 170 74 87 168 11 174 55 29 21 148 72 75 74 11 87 169 64 125 66 1 125 194 81 200 171 59 108 41 83 152 147 29 179 43 103 19
122 24 183 160 200 21 165 119 190 4 146 96 55 6 9 72 77 99 12 94 89 154 117 189 155 33 44 91 197 103 73 192 4 157 154 10 180 136 200 51 140 51 86 184 36 187 17 5 117 100 121 1 175 30 25 28 22 153 164 156 32 5 173 107 4 101 165 187 119 51 18 40 71 60 19 194 167 116 48 162 159 94 28 69 109 61 2 168 17 102
115 129 1 87 46 156 101 7 168 31 9 190 46 1 36 166 91 105 106 102 92 124 15 122 116 129 88 71 61 150 128 123 131 52 19 125 172 131 124 192 75 107 185 50 48 39 24 150 147 176 100 35 158 158 34 32 71 79 63 170 161 101 118 171 98 118 42 60 108 161 72 148 48 68 52 149 16 137 23 51 142 165 46 155 41 148 120 144 171 3
15 103 82 37 137 91 26 96 87 10 126 73 109 65 93 10 2 160 171 197 99 91 126 173 27 23 170 122 120 82 55 26 84 10 95 66 140 194 15 10 16 152 77 157 152 81 199 195 74 87 111 85 176 26 193 101 64 175 30 169 94 177 37 70 155 39 13 159 155 60 152 148 176 189 181 88 114 194 186 33 195 87 109 109 70 120 27 168 125 31
144 29 55 136 84 15 188 28 106 117 73 182 18 190 189 160 30 110 51 88 45 116 136 186 91 134 9 200 120 102 142 57 177 141 85 143 185 137 169 80 29 189 182 191 89 122 119 30 167 88 125 5 43 24 180 57 40 179 164 21 185 146 132 124 189 18 191 126 150 46 144 57 1 170 159 132 131 198 23 151 53 186 196 86 193 4 126 194 87 177
17 111 56 131 127 62 88 177 120 152 182 134 82 153 8 141 46 119 46 189 91 51 46 118 99 55 136 178 173 2 98 51 45 184 17 125 30 125 4 141 41 19 182 140 48 140 41 38 70 88 60 73 32 135 127 6 134 148 62 42 85 40 8 54 62 200 60 163 37 111 35 109 29 124 181 120 119 136 154 8 185 72 146 64 109 100 106 50 13 110
83 37 116 87 144 50 113 52 7 151 111 174 7 46 78 106 98 107 142 55 40 196 59 132 102 53 14 160 53 36 2 30 22 170 181 108 184 126 35 62 22 6 35 15 22 147 104 164 152 8 59 150 195 43 146 72 128 168 48 88 37 32 26 52 15 132 196 177 162 170 1 45 141 184 197 134 61 18 43 42 47 32 39 101 196 10 183 134 1 2
147 7 104 164 73 134 31 90 153 174 2 123 128 178 178 152 156 119 111 53 117 46 86 5 138 123 14 79 143 88 63 48 193 34 95 119 122 80 56 28 121 181 21 99 144 182 170 13 27 118 25 64 197 103 163 139 3 137 155 74 12 149 134 59 158 53 11 114 155 37 67 90 151 18 52 4 146 16 165 38 152 178 69 199 66 11 131 130 132 131
193 59 188 140 37 113 117 57 82 67 198 126 136 87 188 77 95 87 63 61 171 109 142 50 88 134 41 85 53 25 130 65 16 95 181 175 164 31 144 58 159 120 36 80 24 196 65 179 91 177 170 105 115 96 197 30 73 182 53 89 25 141 31 17 95 22 98 139 108 43 132 158 159 163 53 19 43 46 104 130 108 114 182 79 45 199 195 77 113 49
60 144 156 37 125 35 195 131 59 4 173 31 70 44 155 88 198 34 101 91 115 120 188 7 85 93 94 168 6 11 5 82 197 52 197 155 62 188 108 40 15 34 140 163 108 75 129 118 3 163 51 185 161 45 89 161 54 50 91 114 95 79 146 69 64 137 35 156 28 10 191 77 56 24 18 130 40 193 38 66 186 175 197 90 170 164 177 109 162 69
78 26 96 119 39 76 19 46 34 169 118 13 85 67 191 155 123 160 171 82 91 184 198 192 135 59 21 170 37 151 27 9 187 116 72 130 145 145 71 125 8 72 193 12 131 89 148 15 25 111 198 193 86 63 96 121 115 5 119 89 91 38 149 92 31 177 148 122 139 27 19 149 17 141 181 23 82 135 94 90 5 40 113 7 87 96 151 125 105 70
183 117 89 73 7 58 42 111 180 23 34 68 190 76 49 16 171 57 136 81 135 198 62 33 72 153 89 159 183 88 114 65 36 127 21 141 100 124 15 189 136 42 133 157 196 3 188 191 47 44 108 6 94 14 104 51 30 39 128 88 166 107 185 28 63 114 67 132 86 35 100 127 69 96 136 69 57 66 135 162 105 190 82 140 84 187 8 194 178 110
33 168 130 89 133 159 60 155 82 114 183 52 172 108 44 25 196 64 79 124 13 94 189 32 24 195 136 173 141 167 163 40 27 72 153 105 67 24 57 172 104 107 139 50 85 18 163 4 7 168 156 64 66 150 21 98 136 26 22 63 97 89 54 40 43 154 129 61 40 41 167 120 49 83 8 110 150 107 34 99 171 20 74 185 109 199 146 145 64 55
105 19 13 200 94 146 11 124 102 137 17 32 68 50 179 139 77 174 97 198 40 188 104 88 162 16 166 129 148 128 198 16 88 134 100 132 173 51 150 80 20 131 141 161 194 34 82 182 40 36 117 5 90 37 137 169 176 174 27 18 39 114 49 105 12 30 25 45 115 29 124 16 29 193 78 55 20 50 175 197 25 30 85 66 39 28 19 48 9 7
139 116 196 89 194 149 70 90 122 113 140 53 131 1 115 124 161 149 108 123 54 101 112 174 79 23 169 64 6 6 62 81 164 110 33 86 29 170 183 72 144 168 155 192 76 135 29 12 183 74 75 114 65 144 179 66 65 159 14 111 21 148 199 127 106 95 35 147 46 189 187 46 51 177 168 62 188 152 93 200 158 136 19 112 128 90 63 108 68 183
29 2 169 77 48 189 110 140 105 74 75 156 142 107 58 173 3 64 95 174 61 138 100 11 59 77 99 56 78 126 94 114 169 64 129 44 68 130 76 153 14 17 27 199 119 96 170 12 118 190 84 105 101 122 85 136 46 177 85 66 193 114 22 41 69 153 89 66 115 62 174 55 128 98 52 144 74 79 37 86 88 46 161 12 86 178 30 40 115 80
130 16 127 172 51 57 164 112 78 72 97 114 139 166 91 70 143 131 127 19 29 145 78 38 193 151 4 129 155 52 128 167 10 179 168 18 165 69 121 111 183 122 191 199 1 63 61 95 149 11 137 159 183 129 139 60 108 126 146 132 69 136 170 36 184 163 134 195 188 18 31 53 150 114 132 71 8 121 3 75 5 144 82 43 178 129 26 59 133 152
75 135 51 135 20 57 59 30 136 133 32 11 101 170 80 198 181 188 113 199 196 63 96 65 34 13 9 142 10 21 84 168 156 30 116 93 49 106 107 60 156 87 16 17 193 59 20 11 53 113 47 21 49 140 102 165 59 54 180 11 61 146 88 85 134 58 94 94 194 190 136 106 151 159 187 20 94 182 150 35 116 149 16 141 3 145 114 22 36 116
67 64 134 18 7 200 136 95 3 66 120 58 80 168 155 58 177 86 57 100 78 156 123 12 172 12 122 146 19 52 11 6 22 50 76 144 177 41 194 42 69 137 117 199 27 103 62 39 83 130 103 116 119 184 189 3 19 41 171 159 142 169 65 126 63 186 179 144 169 200 177 196 138 78 151 69 119 104 15 173 44 115 104 17 146 108 90 200 54 181
66 164 89 108 93 99 109 12 10 186 123 72 137 4 82 171 183 69 4 100 138 179 149 118 175 50 137 115 31 31 163 28 99 175 84 161 173 113 165 126 128 191 145 162 160 14 52 148 68 29 173 91 39 62 144 111 183 172 162 58 60 33 186 17 26 4 30 154 78 17 32 78 135 8 101 29 12 21 72 166 87 117 135 192 111 19 129 83 8 188
50 31 178 102 62 115 78 93 54 82 141 112 67 171 65 41 61 190 106 13 70 189 12 178 99 166 10 138 81 46 65 174 13 189 122 127 67 72 84 170 66 82 28 172 49 50 25 2 74 30 7 11 149 29 71 74 146 198 20 153 200 139 111 67 79 6 200 160 153 89 175 146 153 17 125 62 56 102 79 109 14 7 26 131 110 119 37 136 68 71
118 176 38 51 145 149 154 195 163 97 50 154 39 193 90 123 70 178 85 125 93 187 35 124 147 175 109 176 70 68 127 15 183 101 123 177 167 100 126 85 160 51 46 169 89 2 179 3 13 128 162 58 22 57 58 113 43 100 8 181 96 117 85 154 8 6 198 108 18 140 152 98 182 25 137 90 64 77 65 129 12 99 71 102 112 70 189 180 46 127
13 3 165 106 121 53 178 74 160 52 58 119 64 129 61 161 34 42 24 2 64 26 165 39 104 189 27 141 31 16 147 71 86 40 3 38 71 17 3 12 48 65 13 72 32 185 149 140 192 10 12 171 128 18 107 89 103 150 84 107 193 131 190 124 16 63 78 19 16 121 48 140 68 184 171 163 24 123 121 144 140 80 50 91 180 35 69 95 93 103
19 14 24 52 191 111 42 140 86 68 109 46 27 21 111 148 151 177 126 15 157 44 120 177 50 169 133 156 131 91 142 126 135 81 66 197 60 150 148 88 51 98 112 145 54 200 187 151 140 18 108 173 168 109 4 38 160 120 109 8 125 64 3 4 195 112 92 163 102 198 189 53 157 109 88 78 14 54 11 177 158 195 173 11 192 184 162 71 127 65
34 36 112 114 32 97 45 113 78 167 114 16 125 193 3 167 86 49 184 42 162 45 100 129 170 92 38 184 166 54 22 77 18 145 199 170 193 90 119 181 88 20 3 199 160 8 21 21 151 170 59 80 166 21 191 176 77 70 98 30 48 65 132 7 82 79 58 25 167 48 47 167 88 37 40 146 196 146 26 195 35 25 148 96 32 7 45 175 110 123
104 194 145 52 33 37 48 12 174 180 17 127 104 158 73 97 164 140 128 73 48 96 85 128 55 22 139 172 168 75 78 157 158 43 128 152 167 164 117 151 8 67 194 81 170 4 128 41 64 186 162 92 47 159 100 195 179 188 2 14 31 166 191 5 105 181 110 74 189 67 96 47 176 67 177 75 71 189 172 51 43 8 10 62 177 168 191 70 10 167
126 29 150 145 88 186 169 178 10 189 191 157 159 25 112 114 82 115 40 185 127 96 91 184 67 173 167 98 100 36 143 174 20 8 5 147 103 13 130 15 138 65 112 68 84 42 48 54 167 165 30 85 173 24 44 136 81 90 176 33 70 191 108 82 154 50 47 81 152 118 160 173 41 153 125 50 100 179 137 100 158 123 21 172 52 103 95 63 22 63
11 74 79 190 113 57 97 39 130 121 127 20 64 26 62 54 2 152 51 192 136 102 31 181 170 12 108 200 136 169 65 126 75 58 184 69 10 62 6 32 129 28 53 12 58 109 183 38 152 181 95 133 43 168 112 167 6 70 51 193 19 23 147 116 196 47 23 124 181 145 82 93 3 129 138 86 156 152 184 12 55 159 82 55 115 74 97 42 111 185
114 4 25 74 180 124 194 92 110 96 8 30 197 59 52 70 134 76 74 38 52 32 64 61 22 30 117 133 90 154 153 59 80 93 13 14 115 195 194 115 176 53 131 60 155 1 53 196 152 12 141 128 12 135 144 47 148 132 24 184 101 37 182 146 42 63 96 172 125 77 85 80 179 140 92 110 117 61 115 75 190 51 135 61 11 101 164 72 68 195
93 135 16 100 89 178 65 168 104 54 81 55 158 138 42 47 68 31 19 70 129 77 6 177 200 183 108 39 134 94 49 22 74 121 141 180 109 34 68 53 131 178 154 151 48 55 42 126 83 131 64 176 129 93 10 30 103 34 84 35 182 169 112 119 21 124 99 181 9 184 78 97 89 77 100 139 119 18 48 196 132 119 107 3 96 7 119 83 142 31
55 103 51 128 181 116 48 76 1 181 184 112 152 161 34 20 151 87 142 11 147 174 160 113 45 82 19 23 36 28 42 183 136 161 57 10 16 95 121 164 31 13 177 56 182 44 185 194 93 75 64 146 57 123 77 54 183 73 148 165 73 44 40 136 94 46 197 104 193 73 115 163 124 196 52 187 7 29 142 174 93 166 72 76 18 166 62 86 62 180
101 163 50 26 43 5 133 172 127 9 179 33 88 83 133 80 37 161 194 79 138 190 66 75 48 171 148 80 11 60 124 18 162 144 112 18 40 83 135 100 70 64 188 148 160 155 142 63 76 178 129 26 86 11 106 118 159 177 190 18 16 141 61 26 13 16 104 28 35 147 164 35 139 83 36 77 136 80 26 108 30 24 99 127 59 66 48 8 140 196
125 143 137 138 28 82 8 38 13 30 180 115 184 178 110 100 38 142 28 10 57 188 75 131 187 134 49 52 46 27 197 63 192 155 184 157 179 163 117 163 191 84 127 98 181 101 33 52 141 35 33 151 156 64 161 158 162 184 150 150 2 83 151 152 188 163 72 90 43 79 88 183 167 151 134 59 146 1 86 2 130 42 36 136 44 37 165 84 195 67
145 153 33 33 42 85 31 148 178 133 114 176 105 19 72 57 11 39 49 67 24 20 50 198 5 29 52 186 121 80 34 189 185 33 125 103 104 18 17 97 60 171 77 49 56 153 71 45 18 77 148 193 71 107 133 25 99 45 48 148 119 3 137 80 117 87 195 76 136 129 106 137 115 90 35 129 24 130 35 99 73 179 57 5 68 96 111 131 85 186
86 121 35 86 173 111 44 190 80 151 51 97 6 72 10 167 187 64 52 64 170 46 98 108 23 191 136 75 140 16 97 96 148 41 167 108 68 52 121 160 62 31 115 180 169 168 161 90 128 12 36 148 85 16 53 2 76 157 46 166 173 66 182 176 81 193 96 44 74 30 183 77 26 90 160 78 66 13 128 167 72 69 158 174 186 63 78 92 101 63
6 143 68 105 189 2 41 194 165 194 11 12 176 118 106 133 86 15 148 173 73 106 112 78 109 60 97 64 154 88 200 47 120 17 87 118 25 61 107 31 17 27 3 3 190 118 95 61 122 78 122 124 173 75 68 72 170 18 188 28 159 70 144 168 44 56 40 114 146 111 183 43 162 88 34 10 106 165 128 192 78 160 164 81 37 151 70 66 11 36
11 143 17 119 19 106 143 24 163 84 58 200 159 116 48 90 9 78 119 188 73 46 79 48 176 73 167 20 59 151 44 175 173 131 69 189 23 102 82 82 28 141 74 156 172 191 80 125 153 136 33 69 104 126 9 117 45 104 182 55 124 146 193 200 174 129 164 25 54 133 43 168 19 69 152 169 54 1 193 170 181 34 95 126 116 118 151 188 92 101
138 22 16 3 186 170 157 15 189 152 75 29 23 171 21 179 172 138 2 62 120 192 122 113 152 56 113 90 109 24 44 85 156 7 123 2 149 182 79 111 133 75 60 71 99 193 74 116 61 73 199 57 108 61 66 82 23 94 21 52 163 173 105 75 148 65 97 146 162 13 92 182 152 7 14 167 131 194 68 46 121 157 132 58 67 128 157 121 151 192
43 27 186 18 89 178 85 2 110 130 154 48 4 115 5 186 110 100 91 69 42 26 189 42 193 157 89 34 170 74 55 50 195 85 162 20 141 18 124 11 33 197 72 18 18 179 63 44 55 189 48 133 100 44 32 119 49 57 130 64 191 42 186 157 178 4 33 14 197 38 42 97 192 66 26 181 7 178 186 23 121 161 117 68 14 196 107 197 88 8
71 159 174 158 186 128 102 1 165 165 72 191 13 14 100 77 165 98 168 3 62 116 138 196 174 71 109 78 93 2 18 174 60 181 143 182 90 142 69 178 18 188 68 137 119 99 47 182 29 41 114 162 104 53 41 29 69 35 165 176 171 169 30 129 21 91 5 141 98 174 24 183 34 142 9 162 124 155 178 75 71 179 22 115 157 58 10 176 189 86
160 155 59 76 152 144 172 80 1 22 54 105 152 61 132 166 199 131 196 139 34 121 179 190 48 76 98 78 62 166 149 146 21 87 70 153 31 103 20 176 29 7 90 5 40 167 66 70 170 163 49 151 120 33 93 187 158 167 187 133 179 96 102 29 151 121 70 58 181 81 163 131 91 36 126 26 138 156 119 131 97 74 96 140 24 119 16 50 80 90
24 17 89 95 61 64 116 162 189 2 121 88 83 4 138 178 153 27 24 16 14 68 31 11 121 36 47 42 42 105 44 45 17 17 146 90 102 157 132 49 193 129 31 184 74 133 103 134 44 11 62 76 30 179 100 7 146 154 42 55 32 5 62 31 171 71 159 170 133 15 94 89 194 150 179 124 196 74 180 136 172 14 81 28 13 153 97 118 118 25
197 44 105 65 111 167 155 156 22 110 4 17 134 63 130 59 84 68 52 149 115 1 105 43 72 142 108 127 26 143 89 197 31 19 113 114 55 102 167 63 32 142 104 105 197 40 172 67 49 23 59 170 83 185 19 152 180 23 74 159 176 11 128 166 90 170 124 47 173 146 152 200 173 64 192 150 141 105 101 75 84 41 87 87 19 108 189 185 90 128
135 175 126 1 106 31 94 143 117 61 109 168 157 158 31 29 154 112 120 164 69 49 27 128 46 72 41 12 90 21 41 126 117 72 172 3 17 39 27 184 180 63 179 45 196 20 46 23 99 53 91 147 119 103 141 115 87 26 111 38 171 118 130 17 173 178 143 141 195 159 115 5 48 175 200 107 63 147 181 60 144 113 186 73 46 196 178 79 54 15
114 119 89 136 4 161 177 118 93 189 5 146 130 195 48 57 52 108 155 89 101 172 67 130 7 121 157 23 149 161 111 111 11 171 31 147 200 136 54 52 31 11 100 84 133 81 193 26 133 119 79 67 180 176 43 145 97 86 182 97 68 140 19 148 184 73 159 200 88 114 90 150 101 195 83 135 189 129 53 127 187 152 150 188 18 73 10 76 188 180
85 38 133 13 2 149 91 96 49 152 13 20 27 22 175 127 105 25 132 52 47 48 199 69 194 190 195 142 112 100 15 161 194 187 162 53 85 35 59 19 18 162 67 140 19 14 23 32 56 164 49 9 130 145 84 165 196 77 146 55 181 106 112 64 113 160 158 182 85 45 121 59 123 25 26 118 104 107 51 35 8 59 153 133 34 50 189 142 186 53
134 146 82 30 153 153 91 109 192 42 63 62 32 24 175 48 12 11 64 150 189 150 64 56 156 85 23 164 20 102 13 91 16 154 171 18 149 162 112 170 25 89 43 57 73 76 95 29 145 79 147 152 91 96 188 134 86 145 127 168 169 178 190 39 155 76 191 172 37 18 150 92 103 50 86 75 34 22 105 117 181 153 22 136 90 172 73 70 122 196
69 148 124 23 102 169 53 96 166 49 119 108 54 39 174 29 16 140 195 152 109 100 114 69 9 176 76 34 107 178 175 179 43 59 47 47 1 44 175 78 106 30 37 67 131 179 167 130 27 18 174 148 174 126 130 41 139 19 22 160 17 148 50 45 98 139 76 166 72 131 19 123 191 95 109 199 34 6 158 24 105 194 43 78 88 175 151 142 70 163
2 15 35 83 149 44 66 28 183 91 63 148 88 122 102 7 117 166 3 46 195 76 132 130 151 103 116 52 104 140 62 78 133 98 149 169 179 25 158 157 189 10 85 28 86 155 115 116 188 46 126 80 48 144 49 154 78 18 155 190 71 87 76 71 107 140 151 63 185 55 196 78 119 175 73 136 58 33 116 56 61 1 77 81 115 128 62 79 84 31
190 42 19 73 5 145 156 13 119 195 168 82 84 38 4 57 36 50 49 151 46 1 165 139 162 2 148 174 91 75 11 160 35 54 180 11 91 181 155 181 22 12 27 103 185 142 174 9 7 33 188 162 53 181 39 13 59 153 25 99 176 160 4 181 17 96 193 57 102 128 75 129 14 160 72 140 33 32 70 66 49 117 106 191 106 199 81 60 16 68
77 102 150 41 138 182 116 64 70 166 90 179 28 107 72 137 93 110 77 189 4 79 23 156 175 197 34 199 51 76 139 168 87 131 36 21 61 191 70 53 120 87 185 154 111 150 160 78 44 153 96 49 150 141 138 94 27 140 43 181 90 99 116 30 148 132 42 82 28 165 45 59 134 53 163 160 101 152 1 66 55 150 130 85 31 137 145 175 65 73
31 95 137 30 5 59 30 178 83 106 73 7 133 160 157 16 116 72 56 40 189 46 98 100 75 7 154 21 54 50 141 45 48 38 73 172 137 133 110 70 37 109 41 108 106 102 142 111 93 69 157 155 146 127 8 89 116 190 65 124 120 153 153 38 73 35 99 176 191 34 4 79 80 188 2 40 147 184 146 62 90 97 66 178 150 97 48 113 18 147
198 108 83 120 197 153 69 65 176 175 28 44 185 171 36 13 111 146 46 75 119 55 4 15 199 92 87 25 128 28 78 132 139 150 102 79 195 102 166 31 94 163 155 48 132 34 66 137 48 61 21 50 69 129 160 151 27 183 176 47 152 163 23 179 67 70 42 185 7 196 139 74 93 12 55 8 102 114 49 21 21 147 132 151 61 30 38 189 13 193
29 98 56 64 159 72 122 156 136 2 19 162 138 146 40 95 26 47 16 128 172 150 73 75 120 157 8 75 67 194 46 3 94 156 50 174 7 108 145 74 15 41 121 147 39 31 154 154 7 97 177 162 149 98 188 67 38 3 96 65 174 77 139 118 64 80 132 141 200 6 190 5 13 136 25 62 75 60 124 166 153 168 121 188 127 39 59 123 179 14
69 196 49 44 86 13 121 137 31 14 163 48 59 88 85 36 52 139 38 125 187 26 73 65 14 54 87 63 143 54 50 156 140 133 137 20 191 97 158 174 199 174 174 84 23 98 69 34 34 166 159 144 176 106 153 50 69 31 126 64 161 44 88 137 98 50 158 75 106 2 90 107 169 148 40 48 50 185 87 45 120 57 121 177 110 24 196 173 195 46
74 57 19 150 163 195 114 189 5 132 20 68 157 89 183 77 169 74 166 31 150 176 111 157 14 175 190 192 191 89 48 120 33 141 126 34 141 142 46 29 178 110 181 27 56 130 176 80 96 27 136 78 67 110 96 98 185 80 154 67 183 6 168 130 37 28 12 134 143 26 64 125 140 151 167 14 71 45 173 145 30 16 61 54 50 95 159 192 163 82
82 71 153 170 165 137 29 142 184 120 182 114 8 75 134 35 60 21 121 82 29 22 90 48 161 128 37 51 4 67 115 176 134 75 197 70 80 80 82 114 89 119 184 186 9 189 142 121 186 99 20 9 145 31 7 174 50 75 150 142 55 98 47 190 138 192 181 94 105 184 61 131 44 23 47 59 6 97 135 118 19 46 76 125 136 6 147 169 121 104
5 112 15 191 174 108 122 117 93 188 181 111 167 172 192 66 37 76 146 54 84 25 97 46 97 183 39 124 16 112 191 77 44 1 183 108 60 108 73 181 56 117 86 152 144 138 104 83 108 89 133 16 20 62 61 117 170 93 191 134 189 61 117 84 118 7 169 72 131 141 80 176 112 24 98 43 128 107 39 116 171 13 61 146 40 116 146 174 54 146
123 46 133 91 27 37 195 139 117 67 130 88 179 42 165 103 104 151 172 145 174 173 50 129 194 36 171 102 198 23 62 190 6 29 45 185 181 121 131 107 129 138 90 51 98 2 108 119 101 171 144 3 148 143 10 69 26 89 197 129 60 78 19 194 158 127 34 182 47 22 22 126 127 135 100 83 114 72 151 184 174 164 193 64 97 16 3 170 192 196
169 69 181 17 150 6 178 133 29 99 15 199 47 35 162 86 138 43 155 199 14 197 116 127 79 19 150 116 144 48 24 155 91 24 187 13 123 19 21 107 63 181 41 44 61 193 96 67 85 138 189 43 172 63 35 17 94 172 86 83 67 171 148 21 133 2 29 162 34 129 82 151 175 130 58 161 29 95 126 65 28 129 134 36 25 9 14 177 145 94
150 79 92 133 186 171 122 112 58 18 16 38 10 125 65 56 190 46 196 78 9 39 43 137 100 43 77 97 41 44 49 192 174 37 121 121 160 53 116 192 143 28 113 89 111 74 81 185 161 91 200 101 168 83 132 23 5 181 111 20 13 191 5 179 196 137 51 45 176 31 82 2 157 13 17 54 178 133 8 138 33 26 27 139 169 194 164 55 194 142
